// NLCS Game 4, Cardinals at Astros
"V",1,0,1,0
"V",1,0,2,0
"V",1,2,1,0
"H",1,0,1,0
"H",1,1,1,0
"H",1,2,1,0
"V",2,0,1,0
"V",2,1,1,0
"V",2,2,1,0
"H",2,0,1,0
"H",2,0,2,0
"H",2,1,2,0
"H",2,1,4,0
"H",2,2,4,0
"V",3,0,1,0
"V",3,1,1,0
"V",3,2,1,0
"H",3,0,1,0
"H",3,1,1,0
"H",3,2,1,0
"H",3,2,2,0
"H",3,2,4,0
"V",4,0,1,0
"V",4,0,2,0
"V",4,0,7,0
"V",4,1,3,1
"V",4,1,4,1
"V",4,2,4,1
"H",4,0,1,-1
"H",4,1,1,-1
"H",4,1,1,0
"H",4,2,1,0
"V",5,0,1,0
"V",5,1,1,0
"V",5,2,1,0
"H",5,0,1,0
"H",5,1,1,0
"H",5,1,2,0
"H",5,2,2,0
"V",6,0,1,0
"V",6,1,1,0
"V",6,2,1,0
"V",6,2,2,0
"H",6,0,1,0
"H",6,0,2,0
"H",6,1,2,0
"H",6,1,4,0
"H",6,2,4,0
"V",7,0,1,0
"V",7,1,1,0
"V",7,2,1,0
"H",7,0,1,0
"H",7,0,2,0
"H",7,0,4,0
"H",7,1,4,0
"H",7,1,8,0
"H",7,2,4,1
"V",8,0,1,-1
"V",8,0,2,-1
"V",8,1,2,-1
"V",8,2,2,-1
"H",8,0,1,1
"H",8,1,1,1
"H",8,2,1,1
"H",8,2,2,1
"H",8,2,4,1
"V",9,0,1,-1
"V",9,0,2,-1
"V",9,0,6,-1
"V",9,1,6,-1
"H",9,0,1,1
