// NLCS Game 6, Astros at Cardinals
"V",1,0,1,0
"V",1,1,1,0
"V",1,2,1,0
"H",1,0,1,0
"H",1,1,1,0
"H",1,1,2,0
"H",1,2,2,0
"V",2,0,1,0
"V",2,1,1,0
"V",2,2,1,0
"H",2,0,1,0
"H",2,1,1,0
"H",2,2,1,0
"V",3,0,1,0
"V",3,0,2,0
"V",3,0,4,0
"V",3,1,7,0
"V",3,1,5,1
"V",3,1,2,2
"V",3,2,2,2
"H",3,0,1,-2
"H",3,1,1,-2
"H",3,2,1,-2
"H",3,2,2,-2
"V",4,0,1,2
"V",4,1,1,2
"V",4,1,1,3
"V",4,2,1,3
"V",4,2,2,3
"H",4,0,1,-3
"H",4,1,1,-3
"H",4,2,1,-3
"V",5,0,1,3
"V",5,1,1,3
"V",5,2,1,3
"V",5,2,2,3
"V",5,2,3,3
"H",5,0,1,-3
"H",5,0,2,-3
"H",5,0,4,-3
"H",5,1,6,-3
"H",5,2,2,-2
"V",6,0,1,2
"V",6,1,1,2
"V",6,1,2,2
"V",6,1,6,2
"V",6,2,3,3
"H",6,0,1,-3
"H",6,1,1,-3
"H",6,2,1,-3
"H",6,2,3,-3
"V",7,0,1,3
"V",7,0,2,3
"V",7,1,3,3
"V",7,2,3,3
"V",7,2,3,4
"V",7,2,5,4
"H",7,0,1,-4
"H",7,1,1,-4
"H",7,2,1,-4
"H",7,2,2,-4
"V",8,0,1,4
"V",8,1,1,4
"V",8,2,1,4
"H",8,0,1,-4
"H",8,1,1,-4
"H",8,2,1,-4
"V",9,0,1,4
"V",9,1,1,4
"V",9,2,1,4
"V",9,2,2,4
"H",9,0,1,-4
"H",9,1,1,-4
"H",9,2,1,-4
"H",9,2,2,-4
"V",10,0,1,4
