// NLDS game 4, Braves at Astros
"V",1,0,1,0
"V",1,1,1,0
"V",1,2,1,0
"H",1,0,1,0
"H",1,1,1,0
"H",1,2,1,0
"V",2,0,1,0
"V",2,0,3,0
"V",2,1,3,0
"V",2,2,3,0
"V",2,2,4,0
"H",2,0,1,0
"H",2,1,1,0
"H",2,1,2,0
"H",2,2,2,0
"V",3,0,1,0
"V",3,1,1,0
"V",3,1,2,0
"V",3,2,2,0
"V",3,2,4,0
"V",3,2,8,0
"V",3,2,1,4
"H",3,0,1,-4
"H",3,1,1,-4
"H",3,2,1,-4
"V",4,0,1,4
"V",4,1,1,4
"V",4,2,1,4
"V",4,2,2,4
"V",4,2,3,4
"H",4,0,1,-4
"H",4,1,1,-4
"H",4,2,1,-4
"V",5,0,1,4
"V",5,0,2,4
"V",5,0,7,4
"V",5,1,5,5
"V",5,2,5,5
"V",5,2,6,5
"V",5,2,8,5
"H",5,0,1,-5
"H",5,0,2,-5
"H",5,1,2,-5
"H",5,1,4,-5
"H",5,1,8,-5
"H",5,2,6,-4
"V",6,0,1,4
"V",6,0,3,4
"V",6,1,5,4
"V",6,1,6,4
"H",6,0,1,-4
"H",6,1,1,-4
"H",6,2,1,-4
"V",7,0,1,4
"V",7,1,1,4
"V",7,1,2,4
"V",7,2,3,4
"H",7,0,1,-4
"H",7,1,1,-4
"H",7,1,2,-4
"V",8,0,1,4
"V",8,0,1,5
"V",8,1,1,5
"V",8,2,1,5
"H",8,0,1,-5
"H",8,0,2,-5
"H",8,0,4,-5
"H",8,1,4,-5
"H",8,1,7,-5
"H",8,1,8,-5
"H",8,1,1,-1
"H",8,2,1,-1
"V",9,0,1,1
"V",9,0,2,1
"V",9,2,1,1
"H",9,0,1,-1
"H",9,1,1,-1
"H",9,2,1,-1
"H",9,2,1,0
"V",10,0,1,0
"V",10,1,1,0
"V",10,1,3,0
"V",10,2,3,0
"H",10,0,1,0
"H",10,1,1,0
"H",10,2,1,0
"H",10,2,3,0
"H",10,2,4,0
"V",11,0,1,0
"V",11,0,2,0
"V",11,1,2,0
"V",11,1,3,0
"V",11,1,4,0
"V",11,2,4,0
"V",11,2,6,0
"V",11,2,7,0
"H",11,0,1,0
"H",11,1,1,0
"H",11,2,1,0
"V",12,0,1,0
"V",12,1,1,0
"V",12,1,2,0
"V",12,2,2,0
"V",12,2,3,0
"H",12,0,1,0
"H",12,1,1,0
"H",12,2,1,0
"V",13,0,1,0
"V",13,1,1,0
"V",13,2,1,0
"H",13,0,1,0
"H",13,1,1,0
"H",13,2,1,0
"H",13,2,2,0
"V",14,0,1,0
"V",14,0,2,0
"V",14,0,4,0
"V",14,1,7,0
"V",14,1,8,0
"V",14,2,8,0
"H",14,0,1,0
"H",14,1,1,0
"H",14,2,1,0
"V",15,0,1,0
"V",15,1,1,0
"V",15,1,2,0
"V",15,2,2,0
"H",15,0,1,0
"H",15,0,2,0
"H",15,1,3,0
"H",15,1,4,0
"V",16,0,1,0
"V",16,1,1,0
"V",16,2,1,0
"H",16,0,1,0
"H",16,1,1,0
"H",16,2,1,0
"V",17,0,1,0
"V",17,1,1,0
"V",17,1,3,0
"V",17,2,5,0
"H",17,0,1,0
"H",17,1,1,0
"H",17,2,1,0
"V",18,0,1,0
"V",18,1,1,0
"V",18,1,2,0
"V",18,2,2,0
"H",18,0,1,0
"H",18,1,1,0
"H",18,1,1,1
