// World Series game 2, Astros at White Sox
"V",1,0,1,0
"V",1,1,1,0
"V",1,2,1,0
"H",1,0,1,0
"H",1,1,1,0
"H",1,2,1,0
"H",1,2,2,0
"V",2,0,1,0
"V",2,0,1,1
"V",2,1,1,1
"V",2,1,2,1
"V",2,2,2,1
"V",2,2,3,1
"V",2,2,6,1
"H",2,0,1,-1
"H",2,1,1,-1
"H",2,1,2,-1
"H",2,1,4,-1
"H",2,1,6,0
"H",2,2,2,1
"H",2,2,2,1
"H",2,2,2,1
"H",2,2,3,1
"V",3,0,1,-1
"V",3,1,1,-1
"V",3,1,5,-1
"V",3,2,1,0
"H",3,0,1,0
"H",3,0,2,0
"H",3,1,3,0
"H",3,2,5,0
"V",4,0,1,0
"V",4,1,1,0
"V",4,2,1,0
"H",4,0,1,0
"H",4,1,1,0
"H",4,2,1,0
"V",5,0,1,0
"V",5,0,3,0
"V",5,1,3,0
"V",5,2,3,0
"V",5,2,6,0
"V",5,2,3,2
"H",5,0,1,-2
"H",5,0,3,-2
"H",5,1,3,-2
"H",5,2,2,-2
"V",6,0,1,2
"V",6,1,1,2
"V",6,2,1,2
"H",6,0,1,-2
"H",6,1,1,-2
"H",6,2,1,-2
"H",6,2,2,-2
"H",6,2,6,-2
"V",7,0,1,2
"V",7,1,1,2
"V",7,2,1,2
"H",7,0,1,-2
"H",7,1,1,-2
"H",7,1,3,-2
"H",7,2,3,-2
"H",7,2,4,-2
"H",7,2,8,-2
"H",7,2,1,2
"H",7,2,2,2
"V",8,0,1,-2
"V",8,1,1,-2
"V",8,2,1,-2
"H",8,0,1,2
"H",8,1,1,2
"H",8,2,1,2
"V",9,0,1,-2
"V",9,0,2,-2
"V",9,1,2,-2
"V",9,1,4,-2
"V",9,2,7,-2
"V",9,2,3,0
"H",9,0,1,0
"H",9,1,1,0
"H",9,1,1,1
