// World Series game 1, Astros at White Sox
"V",1,0,1,0
"V",1,1,1,0
"V",1,2,1,0
"H",1,0,1,0
"H",1,1,1,0
"H",1,2,1,0
"H",1,2,1,1
"V",2,0,1,-1
"V",2,1,1,-1
"V",2,1,1,0
"V",2,1,2,0
"H",2,0,1,0
"H",2,0,2,0
"H",2,0,6,0
"H",2,1,2,1
"H",2,2,3,1
"H",2,2,3,2
"H",2,2,3,2
"V",3,0,1,-2
"V",3,0,2,-2
"V",3,1,2,-2
"V",3,1,4,-2
"V",3,2,7,-2
"V",3,2,3,0
"H",3,0,1,0
"H",3,1,1,0
"H",3,1,2,0
"H",3,1,4,0
"H",3,2,4,0
"V",4,0,1,0
"V",4,1,1,0
"V",4,2,1,0
"H",4,0,1,0
"H",4,1,1,0
"H",4,1,1,1
"H",4,1,2,1
"H",4,1,4,1
"V",5,0,1,-1
"V",5,1,1,-1
"V",5,2,1,-1
"H",5,0,1,1
"H",5,0,2,1
"H",5,0,4,1
"H",5,1,7,1
"H",5,1,8,1
"V",6,0,1,-1
"V",6,0,3,-1
"V",6,1,5,-1
"V",6,2,5,-1
"H",6,0,1,1
"H",6,1,1,1
"H",6,1,2,1
"H",6,2,2,1
"H",6,2,3,1
"V",7,0,1,-1
"V",7,0,2,-1
"V",7,1,2,-1
"V",7,1,4,-1
"V",7,2,6,-1
"H",7,0,1,1
"H",7,0,2,1
"H",7,1,2,1
"H",7,2,2,1
"V",8,0,1,-1
"V",8,0,3,-1
"V",8,0,6,-1
"V",8,1,6,-1
"V",8,2,6,-1
"V",8,2,7,-1
"H",8,0,1,1
"H",8,0,2,1
"H",8,1,2,1
"H",8,2,2,1
"H",8,2,3,1
"H",8,2,5,2
"V",9,0,1,-2
"V",9,1,1,-2
"V",9,2,1,-2
"H",9,0,1,2
