//World Series game 3, White Sox at Astros
"V",1,0,1,0
"V",1,1,1,0
"V",1,1,2,0
"H",1,0,1,0
"H",1,0,3,0
"H",1,1,3,0
"H",1,1,2,1
"V",2,0,1,-1
"V",2,0,3,-1
"V",2,0,4,-1
"V",2,2,2,-1
"V",2,2,4,-1
"V",2,2,4,-1
"V",2,2,4,-1
"H",2,0,1,1
"H",2,1,1,1
"H",2,1,2,1
"V",3,0,1,-1
"V",3,1,1,-1
"V",3,2,1,-1
"H",3,0,1,1
"H",3,0,2,1
"H",3,1,3,1
"H",3,1,2,2
"H",3,2,2,2
"H",3,2,6,2
"H",3,2,4,3
"V",4,0,1,-3
"V",4,1,1,-3
"V",4,2,1,-3
"V",4,2,2,-3
"H",4,0,1,3
"H",4,0,1,4
"H",4,1,1,4
"H",4,2,1,4
"V",5,0,1,-4
"V",5,0,1,-3
"V",5,0,2,-3
"V",5,1,2,-3
"V",5,1,4,-3
"V",5,1,4,-2
"V",5,1,4,-1
"V",5,2,4,-1
"V",5,2,3,1
"V",5,2,4,1
"V",5,2,8,1
"H",5,0,1,-1
"H",5,1,1,-1
"H",5,2,1,-1
"V",6,0,1,1
"V",6,1,1,1
"V",6,2,1,1
"V",6,2,2,1
"H",6,0,1,-1
"H",6,1,1,-1
"H",6,2,1,-1
"V",7,0,1,1
"V",7,0,2,1
"V",7,1,2,1
"V",7,2,2,1
"H",7,0,1,-1
"H",7,0,2,-1
"H",7,1,3,-1
"H",7,2,3,-1
"V",8,0,1,1
"V",8,1,1,1
"V",8,1,2,1
"V",8,1,3,1
"V",8,2,3,1
"H",8,0,1,-1
"H",8,1,1,-1
"H",8,2,1,-1
"H",8,2,2,-1
"H",8,2,4,-1
"H",8,2,7,0
"V",9,0,1,0
"V",9,1,1,0
"V",9,1,2,0
"V",9,2,3,0
"H",9,0,1,0
"H",9,1,1,0
"H",9,1,2,0
"H",9,1,3,0
"H",9,1,5,0
"H",9,1,6,0
"H",9,2,6,0
"H",9,2,8,0
"V",10,0,1,0
"V",10,1,1,0
"V",10,2,1,0
"H",10,0,1,0
"H",10,0,2,0
"H",10,1,2,0
"H",10,2,2,0
"H",10,2,4,0
"V",11,0,1,0
"V",11,0,2,0
"V",11,0,3,0
"V",11,1,3,0
"V",11,2,3,0
"V",11,2,4,0
"H",11,0,1,0
"H",11,1,1,0
"H",11,1,2,0
"H",11,1,4,0
"H",11,2,4,0
"V",12,0,1,0
"V",12,1,1,0
"V",12,2,1,0
"H",12,0,1,0
"H",12,1,1,0
"H",12,2,1,0
"V",13,0,1,0
"V",13,0,2,0
"V",13,2,1,0
"H",13,0,1,0
"H",13,0,2,0
"H",13,1,2,0
"H",13,2,2,0
"V",14,0,1,0
"V",14,0,2,0
"V",14,2,1,0
"V",14,2,1,1
"V",14,2,2,1
"V",14,2,4,1
"V",14,2,8,1
"V",14,2,8,2
"H",14,0,1,-2
"H",14,1,1,-2
"H",14,1,2,-2
"H",14,2,2,-2
"H",14,2,3,-2
"H",14,2,6,-2
"V",15,0,1,2
