(0, (0, 0, 0), (0, 0)): [2359804, 484479, 222934, 102250, 45960, 19675, 8196, 3324, 1346, 590, 257, 124, 42, 23, 6, 1, 1, 1]
(0, (0, 0, 0), (0, 1)): [517260, 99998, 45581, 21092, 9360, 3995, 1633, 604, 268, 112, 55, 23, 7, 5, 1, 1]
(0, (0, 0, 0), (0, 2)): [203046, 34746, 15562, 7033, 3067, 1281, 524, 186, 87, 35, 10, 4, 4, 1, 1]
(0, (0, 0, 0), (1, 0)): [412865, 92902, 44068, 20605, 9614, 4095, 1784, 736, 277, 114, 57, 23, 6, 6, 2, 0, 1]
(0, (0, 0, 0), (1, 1)): [423117, 85967, 40060, 18646, 8382, 3587, 1484, 584, 246, 93, 53, 22, 4, 6, 0, 1, 1]
(0, (0, 0, 0), (1, 2)): [300778, 53327, 24453, 10981, 4874, 2032, 870, 333, 146, 49, 20, 8, 5, 2, 1]
(0, (0, 0, 0), (2, 0)): [131173, 32628, 16603, 7855, 3842, 1580, 707, 304, 107, 52, 25, 10, 2, 3, 1]
(0, (0, 0, 0), (2, 1)): [213034, 47648, 23345, 10888, 5103, 2176, 872, 386, 147, 63, 33, 15, 3, 4, 0, 0, 1]
(0, (0, 0, 0), (2, 2)): [236935, 45917, 21791, 10013, 4484, 1854, 782, 296, 145, 48, 24, 6, 5, 2, 1, 0, 1]
(0, (0, 0, 0), (3, 0)): [37469, 10474, 6225, 3126, 1551, 635, 285, 124, 46, 27, 12, 4, 0, 2, 1]
(0, (0, 0, 0), (3, 1)): [80349, 20890, 11325, 5554, 2694, 1179, 462, 227, 90, 39, 12, 12, 2, 4, 1]
(0, (0, 0, 0), (3, 2)): [124071, 28010, 14790, 6919, 3256, 1379, 559, 242, 108, 43, 16, 12, 4, 2, 1, 0, 1]
(0, (0, 0, 1), (0, 0)): [8110, 25538, 6994, 3445, 1664, 719, 318, 125, 55, 33, 18, 4, 3, 3]
(0, (0, 0, 1), (0, 1)): [1309, 4007, 1097, 518, 245, 111, 42, 16, 10, 6, 4, 1, 0, 1]
(0, (0, 0, 1), (0, 2)): [604, 1506, 385, 181, 80, 43, 17, 6, 7, 0, 1]
(0, (0, 0, 1), (1, 0)): [1210, 4255, 1212, 669, 340, 146, 67, 24, 10, 6, 6]
(0, (0, 0, 1), (1, 1)): [1145, 3651, 990, 506, 265, 115, 43, 15, 6, 10, 2, 1, 0, 1]
(0, (0, 0, 1), (1, 2)): [941, 2365, 616, 305, 137, 67, 24, 10, 5, 4, 1]
(0, (0, 0, 1), (2, 0)): [454, 1563, 482, 294, 136, 61, 29, 13, 5, 2, 5]
(0, (0, 0, 1), (2, 1)): [608, 2084, 605, 348, 175, 75, 35, 12, 6, 7, 2, 1]
(0, (0, 0, 1), (2, 2)): [835, 2158, 590, 294, 154, 67, 23, 9, 4, 4, 1]
(0, (0, 0, 1), (3, 0)): [152, 524, 151, 121, 49, 25, 12, 3, 1, 0, 3]
(0, (0, 0, 1), (3, 1)): [253, 900, 265, 211, 93, 38, 23, 4, 3, 5, 0, 1]
(0, (0, 0, 1), (3, 2)): [461, 1325, 364, 252, 132, 51, 20, 4, 3, 3]
(0, (0, 1, 0), (0, 0)): [88257, 82036, 32637, 16274, 7691, 3377, 1457, 605, 249, 130, 45, 19, 9, 6, 3, 0, 1]
(0, (0, 1, 0), (0, 1)): [18764, 16212, 6521, 3159, 1457, 627, 288, 114, 43, 25, 9, 4, 3, 1, 1]
(0, (0, 1, 0), (0, 2)): [7805, 5730, 2306, 1071, 499, 220, 105, 39, 16, 6, 0, 1, 2]
(0, (0, 1, 0), (1, 0)): [17343, 16297, 6937, 3721, 1748, 820, 335, 140, 60, 23, 11, 5, 2, 2, 1, 0, 1]
(0, (0, 1, 0), (1, 1)): [15948, 13797, 5732, 2933, 1366, 594, 258, 107, 35, 26, 11, 4, 1, 2, 1]
(0, (0, 1, 0), (1, 2)): [11448, 8661, 3594, 1778, 782, 346, 142, 72, 21, 9, 3, 3, 2, 0, 1]
(0, (0, 1, 0), (2, 0)): [6301, 5808, 2662, 1508, 710, 367, 138, 65, 26, 7, 3, 4, 2, 1, 0, 0, 1]
(0, (0, 1, 0), (2, 1)): [8607, 7660, 3335, 1734, 868, 401, 181, 60, 25, 19, 6, 3, 1, 1, 0, 0, 1]
(0, (0, 1, 0), (2, 2)): [9586, 7414, 3211, 1563, 740, 327, 148, 57, 23, 11, 5, 3, 1, 0, 1, 0, 1]
(0, (0, 1, 0), (3, 0)): [2159, 1728, 914, 627, 282, 159, 62, 35, 12, 2, 0, 1, 1]
(0, (0, 1, 0), (3, 1)): [3797, 3146, 1527, 1001, 475, 230, 87, 42, 9, 6, 2, 2, 0, 1]
(0, (0, 1, 0), (3, 2)): [5670, 4283, 2021, 1142, 560, 267, 128, 45, 11, 11, 3, 1, 0, 0, 1, 0, 1]
(0, (0, 1, 1), (0, 0)): [6946, 12246, 14394, 6755, 3568, 1722, 741, 324, 161, 69, 23, 16, 4, 4, 2, 0, 1, 1]
(0, (0, 1, 1), (0, 1)): [1460, 2419, 2687, 1224, 654, 307, 137, 56, 25, 13, 4, 4, 1, 0, 0, 0, 1]
(0, (0, 1, 1), (0, 2)): [699, 938, 999, 454, 245, 115, 51, 25, 7, 4, 1, 2]
(0, (0, 1, 1), (1, 0)): [1338, 2505, 2957, 1484, 780, 412, 166, 70, 40, 12, 8, 6, 1, 1, 1]
(0, (0, 1, 1), (1, 1)): [1178, 2101, 2389, 1097, 586, 270, 120, 41, 20, 9, 6, 3, 2, 0, 0, 0, 1]
(0, (0, 1, 1), (1, 2)): [989, 1382, 1494, 656, 388, 174, 72, 30, 16, 3, 2, 3, 1, 0, 0, 0, 1]
(0, (0, 1, 1), (2, 0)): [543, 1067, 1110, 618, 362, 212, 76, 34, 25, 7, 4, 2, 0, 1, 1]
(0, (0, 1, 1), (2, 1)): [597, 1152, 1313, 646, 303, 168, 66, 32, 13, 9, 6, 1, 1, 0, 1]
(0, (0, 1, 1), (2, 2)): [780, 1202, 1285, 599, 320, 149, 55, 26, 14, 8, 2, 3, 1, 0, 0, 0, 1]
(0, (0, 1, 1), (3, 0)): [283, 497, 470, 301, 205, 106, 40, 12, 16, 1, 1, 2, 0, 1]
(0, (0, 1, 1), (3, 1)): [243, 468, 530, 288, 178, 99, 39, 16, 12, 4, 2, 1, 0, 0, 1]
(0, (0, 1, 1), (3, 2)): [439, 675, 724, 399, 198, 112, 46, 22, 13, 5, 3, 0, 1, 0, 0, 0, 1]
(0, (1, 0, 0), (0, 0)): [488595, 159843, 105736, 52785, 25418, 11340, 4755, 2038, 852, 375, 178, 74, 26, 17, 4, 1, 1, 1]
(0, (1, 0, 0), (0, 1)): [96168, 27867, 19427, 9583, 4561, 1995, 840, 328, 159, 63, 30, 13, 1, 3]
(0, (1, 0, 0), (0, 2)): [37868, 9508, 6719, 3150, 1449, 637, 281, 113, 49, 24, 11, 4]
(0, (1, 0, 0), (1, 0)): [79928, 27602, 19746, 10360, 5139, 2273, 949, 423, 161, 79, 45, 13, 3, 6, 2, 0, 1]
(0, (1, 0, 0), (1, 1)): [72336, 22287, 15766, 8064, 3815, 1732, 720, 298, 128, 52, 27, 10, 1, 4, 1]
(0, (1, 0, 0), (1, 2)): [49337, 13140, 9290, 4618, 2111, 929, 406, 166, 77, 28, 9, 6, 0, 0, 1]
(0, (1, 0, 0), (2, 0)): [24725, 9397, 7057, 3891, 2010, 894, 360, 159, 53, 42, 22, 5, 3, 3, 0, 0, 1]
(0, (1, 0, 0), (2, 1)): [34627, 11630, 8432, 4459, 2222, 1011, 406, 184, 76, 42, 22, 6, 0, 6, 0, 0, 1]
(0, (1, 0, 0), (2, 2)): [35765, 10366, 7400, 3687, 1769, 755, 369, 146, 68, 29, 13, 5, 0, 3]
(0, (1, 0, 0), (3, 0)): [6344, 2972, 2295, 1523, 782, 349, 149, 53, 24, 18, 8, 2, 2]
(0, (1, 0, 0), (3, 1)): [12360, 5004, 3716, 2281, 1146, 556, 218, 99, 38, 19, 12, 3, 2, 2]
(0, (1, 0, 0), (3, 2)): [16891, 6151, 4327, 2473, 1219, 516, 258, 112, 50, 20, 10, 6, 0, 1]
(0, (1, 0, 1), (0, 0)): [11388, 34889, 14019, 10225, 5324, 2492, 1174, 484, 234, 100, 52, 19, 11, 3, 2, 0, 0, 1]
(0, (1, 0, 1), (0, 1)): [2258, 5893, 2407, 1808, 897, 426, 196, 75, 39, 15, 9, 1, 4, 1]
(0, (1, 0, 1), (0, 2)): [1078, 2157, 868, 638, 302, 144, 64, 26, 13, 1, 3, 1, 2, 1]
(0, (1, 0, 1), (1, 0)): [1838, 6006, 2425, 1870, 995, 495, 214, 93, 50, 26, 15, 2, 1, 1, 1]
(0, (1, 0, 1), (1, 1)): [1733, 4675, 1965, 1431, 731, 331, 153, 67, 41, 18, 8, 1, 1]
(0, (1, 0, 1), (1, 2)): [1427, 2867, 1209, 835, 429, 192, 85, 39, 23, 5, 2, 1, 2]
(0, (1, 0, 1), (2, 0)): [595, 2032, 814, 676, 371, 206, 82, 37, 18, 13, 5, 1]
(0, (1, 0, 1), (2, 1)): [802, 2371, 1004, 761, 394, 215, 89, 35, 22, 16, 6]
(0, (1, 0, 1), (2, 2)): [1042, 2192, 950, 688, 340, 173, 82, 39, 13, 10, 3]
(0, (1, 0, 1), (3, 0)): [196, 611, 280, 198, 140, 84, 29, 14, 8, 3, 1, 1]
(0, (1, 0, 1), (3, 1)): [312, 826, 426, 328, 207, 105, 41, 20, 15, 9, 3]
(0, (1, 0, 1), (3, 2)): [511, 1114, 576, 389, 246, 124, 54, 26, 15, 11, 5]
(0, (1, 1, 0), (0, 0)): [70693, 44191, 32303, 23980, 12795, 5976, 2570, 1179, 495, 222, 102, 45, 13, 6, 1, 0, 1]
(0, (1, 1, 0), (0, 1)): [15363, 8311, 5675, 4402, 2413, 1043, 493, 207, 82, 30, 17, 10, 1, 1, 1, 0, 1]
(0, (1, 1, 0), (0, 2)): [6477, 3031, 1980, 1561, 836, 363, 156, 83, 32, 13, 6, 2]
(0, (1, 1, 0), (1, 0)): [11852, 7646, 5633, 4528, 2405, 1163, 490, 224, 94, 41, 22, 8, 3, 3]
(0, (1, 1, 0), (1, 1)): [11292, 6406, 4574, 3635, 1900, 859, 391, 164, 51, 25, 19, 4, 2, 2, 1, 0, 1]
(0, (1, 1, 0), (1, 2)): [8410, 3993, 2770, 2250, 1153, 496, 220, 97, 36, 21, 5, 3, 0, 1, 0, 0, 1]
(0, (1, 1, 0), (2, 0)): [3466, 2564, 1913, 1554, 926, 469, 200, 94, 43, 14, 7, 6, 0, 1]
(0, (1, 1, 0), (2, 1)): [5216, 3267, 2395, 1928, 1082, 485, 225, 97, 43, 13, 13, 6, 2, 0, 1]
(0, (1, 1, 0), (2, 2)): [5981, 3146, 2227, 1779, 965, 420, 190, 95, 32, 18, 7, 2, 0, 0, 0, 0, 1]
(0, (1, 1, 0), (3, 0)): [783, 818, 664, 513, 359, 186, 79, 36, 15, 6, 3, 2, 0, 1]
(0, (1, 1, 0), (3, 1)): [1785, 1370, 1061, 874, 589, 296, 128, 53, 23, 9, 7, 3, 2, 0, 1]
(0, (1, 1, 0), (3, 2)): [2789, 1776, 1364, 1098, 678, 320, 136, 76, 22, 11, 7, 0, 0, 0, 0, 0, 1]
(0, (1, 1, 1), (0, 0)): [6748, 13300, 10586, 7615, 6335, 3148, 1470, 688, 330, 134, 68, 26, 7, 4, 1, 0, 1]
(0, (1, 1, 1), (0, 1)): [1635, 2762, 2123, 1436, 1254, 613, 261, 134, 69, 23, 11, 5, 3, 1]
(0, (1, 1, 1), (0, 2)): [867, 1096, 779, 538, 459, 214, 87, 48, 23, 7, 8, 2, 1]
(0, (1, 1, 1), (1, 0)): [1061, 2426, 1946, 1377, 1174, 630, 288, 111, 62, 31, 13, 5, 0, 1, 0, 0, 1]
(0, (1, 1, 1), (1, 1)): [1098, 2150, 1661, 1113, 985, 529, 237, 114, 57, 22, 7, 4, 1, 1, 0, 0, 1]
(0, (1, 1, 1), (1, 2)): [1023, 1476, 1095, 722, 638, 296, 127, 66, 31, 13, 6, 4, 0, 1, 0, 0, 1]
(0, (1, 1, 1), (2, 0)): [300, 713, 656, 501, 433, 233, 93, 41, 18, 14, 5, 3, 0, 1]
(0, (1, 1, 1), (2, 1)): [496, 996, 852, 591, 497, 293, 124, 61, 37, 13, 4, 0, 1]
(0, (1, 1, 1), (2, 2)): [665, 1096, 853, 578, 487, 257, 111, 61, 30, 14, 4, 2, 1]
(0, (1, 1, 1), (3, 0)): [55, 185, 173, 179, 131, 85, 41, 19, 5, 6, 3, 2, 0, 1]
(0, (1, 1, 1), (3, 1)): [139, 351, 339, 254, 220, 131, 66, 26, 12, 7, 2, 2, 0, 1]
(0, (1, 1, 1), (3, 2)): [250, 527, 471, 339, 312, 161, 94, 36, 20, 8, 3, 2, 1, 1]
(1, (0, 0, 0), (0, 0)): [1935867, 218362, 89136, 35517, 13891, 5289, 2053, 729, 263, 106, 37, 23, 8, 3, 0, 1]
(1, (0, 0, 0), (0, 1)): [426420, 44698, 18006, 7140, 2808, 1055, 396, 146, 47, 16, 5, 5, 1, 1]
(1, (0, 0, 0), (0, 2)): [169371, 14914, 6033, 2227, 889, 330, 108, 39, 7, 5, 1, 3]
(1, (0, 0, 0), (1, 0)): [353387, 45174, 18871, 7660, 3080, 1175, 448, 144, 60, 23, 6, 3, 0, 0, 0, 1]
(1, (0, 0, 0), (1, 1)): [356134, 40261, 16397, 6560, 2613, 939, 402, 138, 48, 14, 7, 2, 1, 1]
(1, (0, 0, 0), (1, 2)): [251621, 23794, 9563, 3699, 1485, 532, 204, 62, 22, 8, 2, 2, 1]
(1, (0, 0, 0), (2, 0)): [116617, 16744, 7523, 3199, 1281, 502, 187, 59, 28, 13, 2, 2, 0, 0, 0, 1]
(1, (0, 0, 0), (2, 1)): [184237, 23364, 10012, 4043, 1668, 624, 220, 88, 22, 16, 6, 2]
(1, (0, 0, 0), (2, 2)): [203622, 21453, 9021, 3633, 1417, 521, 188, 72, 26, 8, 2, 1]
(1, (0, 0, 0), (3, 0)): [34088, 5457, 3024, 1356, 515, 218, 96, 25, 19, 6, 1, 1, 0, 0, 0, 1]
(1, (0, 0, 0), (3, 1)): [72584, 10841, 5405, 2317, 961, 374, 125, 48, 16, 6, 3]
(1, (0, 0, 0), (3, 2)): [110527, 13875, 6788, 2758, 1148, 420, 147, 62, 19, 8, 4]
(1, (0, 0, 1), (0, 0)): [50579, 72306, 14575, 6446, 2614, 1082, 416, 151, 72, 22, 15, 9, 3, 2]
(1, (0, 0, 1), (0, 1)): [9801, 11947, 2444, 1034, 367, 158, 82, 23, 4, 1, 3, 1]
(1, (0, 0, 1), (0, 2)): [4381, 4008, 795, 318, 120, 50, 23, 3, 3, 0, 1, 1]
(1, (0, 0, 1), (1, 0)): [9939, 14613, 3107, 1560, 634, 277, 92, 36, 24, 5, 2, 1]
(1, (0, 0, 1), (1, 1)): [8809, 11177, 2323, 1056, 396, 157, 71, 24, 7, 3, 1, 1]
(1, (0, 0, 1), (1, 2)): [6777, 6384, 1333, 568, 216, 87, 44, 8, 5, 1, 1, 2]
(1, (0, 0, 1), (2, 0)): [4120, 5925, 1364, 791, 327, 149, 53, 22, 14, 3, 1]
(1, (0, 0, 1), (2, 1)): [4984, 6577, 1424, 732, 282, 117, 39, 23, 7, 2, 1]
(1, (0, 0, 1), (2, 2)): [5899, 5843, 1279, 597, 209, 80, 44, 13, 3, 1, 2, 2]
(1, (0, 0, 1), (3, 0)): [1928, 2384, 623, 437, 182, 90, 30, 10, 6, 1, 1]
(1, (0, 0, 1), (3, 1)): [2217, 2865, 727, 402, 172, 82, 25, 15, 4, 2]
(1, (0, 0, 1), (3, 2)): [3544, 3605, 886, 479, 182, 82, 41, 12, 3, 0, 1]
(1, (0, 1, 0), (0, 0)): [257006, 109987, 41319, 17998, 7326, 2933, 1048, 449, 132, 71, 35, 10, 10, 2, 1]
(1, (0, 1, 0), (0, 1)): [50917, 19535, 7496, 3070, 1264, 523, 184, 81, 18, 13, 7, 1, 1]
(1, (0, 1, 0), (0, 2)): [20530, 6920, 2560, 964, 409, 174, 57, 24, 7, 4, 1, 1, 1]
(1, (0, 1, 0), (1, 0)): [52049, 21805, 8803, 4381, 1768, 724, 271, 105, 43, 19, 9, 0, 0, 1]
(1, (0, 1, 0), (1, 1)): [45210, 17619, 6949, 3123, 1249, 497, 194, 69, 21, 7, 6, 0, 0, 1]
(1, (0, 1, 0), (1, 2)): [31361, 10806, 4043, 1684, 657, 263, 96, 46, 13, 7, 1, 1]
(1, (0, 1, 0), (2, 0)): [21421, 8712, 3795, 2189, 931, 376, 133, 60, 23, 12, 6]
(1, (0, 1, 0), (2, 1)): [25864, 10174, 4330, 2101, 900, 348, 139, 47, 16, 7, 5, 0, 0, 1]
(1, (0, 1, 0), (2, 2)): [27027, 9406, 3795, 1682, 681, 277, 98, 37, 11, 6, 3]
(1, (0, 1, 0), (3, 0)): [9390, 3491, 1632, 1195, 517, 212, 74, 32, 11, 7, 2]
(1, (0, 1, 0), (3, 1)): [11945, 4438, 2134, 1311, 561, 208, 93, 42, 16, 6, 3, 0, 0, 1]
(1, (0, 1, 0), (3, 2)): [16542, 5777, 2627, 1396, 613, 212, 94, 35, 9, 7, 3, 0, 0, 1]
(1, (0, 1, 1), (0, 0)): [39779, 33662, 28588, 11751, 6137, 2445, 997, 400, 166, 54, 22, 9, 3, 2, 0, 1]
(1, (0, 1, 1), (0, 1)): [7119, 5359, 4529, 1818, 843, 312, 146, 69, 16, 3, 5, 1]
(1, (0, 1, 1), (0, 2)): [3415, 1717, 1635, 648, 297, 100, 54, 27, 3, 0, 4]
(1, (0, 1, 1), (1, 0)): [8524, 7731, 5855, 2660, 1585, 662, 270, 99, 36, 17, 5, 2, 1]
(1, (0, 1, 1), (1, 1)): [6028, 4843, 3996, 1643, 815, 295, 121, 53, 17, 8, 0, 2]
(1, (0, 1, 1), (1, 2)): [5000, 2792, 2508, 971, 489, 170, 75, 34, 7, 4, 3, 1]
(1, (0, 1, 1), (2, 0)): [4617, 4029, 2882, 1445, 1014, 450, 186, 67, 26, 10, 5, 1]
(1, (0, 1, 1), (2, 1)): [3236, 2734, 2255, 1005, 504, 206, 87, 25, 10, 3, 1]
(1, (0, 1, 1), (2, 2)): [4140, 2438, 2177, 899, 444, 156, 66, 21, 6, 1, 3, 1]
(1, (0, 1, 1), (3, 0)): [3262, 2623, 1710, 969, 822, 357, 142, 58, 22, 7, 4, 1]
(1, (0, 1, 1), (3, 1)): [1368, 1235, 968, 467, 281, 145, 52, 23, 9, 3]
(1, (0, 1, 1), (3, 2)): [2311, 1570, 1242, 607, 365, 130, 50, 20, 7, 2, 2, 1]
(1, (1, 0, 0), (0, 0)): [714255, 124197, 83815, 35816, 14574, 5804, 2298, 839, 327, 140, 52, 31, 7, 3, 0, 2]
(1, (1, 0, 0), (0, 1)): [141209, 21695, 15200, 6509, 2563, 1017, 400, 159, 47, 19, 9, 4, 1]
(1, (1, 0, 0), (0, 2)): [55065, 7292, 4946, 2068, 794, 355, 136, 47, 11, 6, 4]
(1, (1, 0, 0), (1, 0)): [125723, 23276, 16802, 7555, 3115, 1260, 516, 186, 62, 30, 12, 4, 2, 0, 0, 1]
(1, (1, 0, 0), (1, 1)): [111849, 18351, 13083, 5780, 2272, 875, 368, 138, 46, 20, 8, 6, 1, 0, 0, 1]
(1, (1, 0, 0), (1, 2)): [75327, 10684, 7427, 3178, 1212, 475, 196, 73, 23, 8, 6, 1]
(1, (1, 0, 0), (2, 0)): [40843, 8284, 6180, 3053, 1294, 524, 220, 74, 31, 10, 5, 0, 1]
(1, (1, 0, 0), (2, 1)): [55544, 9995, 7229, 3527, 1381, 564, 232, 80, 27, 10, 6, 4, 1, 0, 0, 1]
(1, (1, 0, 0), (2, 2)): [56651, 8787, 6079, 2820, 1112, 440, 176, 66, 19, 8, 3, 1, 1]
(1, (1, 0, 0), (3, 0)): [11440, 2716, 1975, 1185, 534, 210, 95, 26, 13, 5, 1, 0, 1]
(1, (1, 0, 0), (3, 1)): [21271, 4588, 3241, 1903, 763, 295, 143, 36, 19, 5, 4, 1, 0, 0, 0, 1]
(1, (1, 0, 0), (3, 2)): [28402, 5551, 3682, 2013, 782, 314, 141, 43, 21, 9, 4, 2, 1, 0, 0, 1]
(1, (1, 0, 1), (0, 0)): [58148, 65243, 20809, 14490, 6250, 2614, 1031, 405, 144, 79, 23, 10, 2, 1]
(1, (1, 0, 1), (0, 1)): [11984, 10802, 3439, 2459, 1036, 435, 161, 60, 28, 11, 4, 1, 2]
(1, (1, 0, 1), (0, 2)): [5375, 3617, 1193, 865, 361, 140, 70, 26, 9, 5, 3, 0, 1]
(1, (1, 0, 1), (1, 0)): [10198, 11303, 3794, 2807, 1301, 552, 211, 89, 32, 19, 1, 3]
(1, (1, 0, 1), (1, 1)): [9194, 8774, 2891, 2084, 860, 389, 133, 42, 19, 8, 1, 3, 1]
(1, (1, 0, 1), (1, 2)): [6892, 5018, 1726, 1225, 487, 206, 85, 37, 12, 5, 3]
(1, (1, 0, 1), (2, 0)): [3472, 3756, 1351, 1025, 529, 224, 88, 42, 12, 8, 0, 1]
(1, (1, 0, 1), (2, 1)): [4582, 4427, 1503, 1121, 547, 218, 80, 24, 14, 8, 0, 3]
(1, (1, 0, 1), (2, 2)): [5090, 3837, 1400, 990, 456, 168, 74, 23, 13, 5, 1]
(1, (1, 0, 1), (3, 0)): [1145, 1210, 471, 356, 215, 107, 35, 13, 1, 4]
(1, (1, 0, 1), (3, 1)): [1697, 1708, 679, 511, 281, 128, 38, 17, 3, 5, 0, 2]
(1, (1, 0, 1), (3, 2)): [2526, 2163, 879, 603, 353, 128, 51, 17, 11, 4, 0, 2]
(1, (1, 1, 0), (0, 0)): [202003, 60401, 40014, 29801, 12536, 5232, 2038, 812, 314, 131, 48, 26, 10, 5, 1]
(1, (1, 1, 0), (0, 1)): [42798, 11077, 7059, 5532, 2304, 967, 348, 148, 64, 23, 10, 4, 1]
(1, (1, 1, 0), (0, 2)): [17677, 4042, 2416, 1937, 783, 307, 98, 47, 18, 4, 3]
(1, (1, 1, 0), (1, 0)): [35679, 11405, 7627, 5976, 2618, 1077, 475, 169, 47, 29, 13, 4, 2, 1]
(1, (1, 1, 0), (1, 1)): [33405, 9290, 6246, 4807, 2032, 850, 320, 137, 50, 25, 11, 4, 1]
(1, (1, 1, 0), (1, 2)): [24033, 5764, 3631, 2809, 1167, 439, 157, 78, 30, 7, 7, 2, 1]
(1, (1, 1, 0), (2, 0)): [11425, 4252, 2657, 2139, 1083, 463, 214, 70, 21, 14, 7, 2, 2, 1]
(1, (1, 1, 0), (2, 1)): [16459, 5157, 3479, 2690, 1249, 546, 223, 73, 32, 15, 7, 2, 1]
(1, (1, 1, 0), (2, 2)): [18165, 4791, 3076, 2355, 1088, 452, 164, 69, 30, 9, 3, 2, 1]
(1, (1, 1, 0), (3, 0)): [2928, 1523, 961, 664, 442, 185, 84, 34, 5, 6, 1, 2, 1]
(1, (1, 1, 0), (3, 1)): [5976, 2527, 1691, 1263, 694, 311, 122, 40, 16, 10, 4, 2, 1]
(1, (1, 1, 0), (3, 2)): [9018, 3052, 2053, 1521, 807, 325, 111, 46, 24, 10, 2, 1, 1]
(1, (1, 1, 1), (0, 0)): [41428, 33089, 20541, 13252, 10390, 4429, 1797, 667, 278, 104, 36, 22, 9, 4, 1, 1]
(1, (1, 1, 1), (0, 1)): [9466, 6347, 3808, 2437, 1987, 801, 326, 117, 57, 20, 7, 1, 0, 1]
(1, (1, 1, 1), (0, 2)): [4596, 2256, 1385, 899, 698, 264, 109, 30, 11, 10, 4, 0, 0, 1]
(1, (1, 1, 1), (1, 0)): [6751, 6158, 3717, 2397, 2094, 932, 414, 143, 55, 18, 8, 7, 2]
(1, (1, 1, 1), (1, 1)): [6815, 5135, 3142, 2008, 1635, 692, 312, 112, 49, 13, 4, 3]
(1, (1, 1, 1), (1, 2)): [5639, 3081, 1987, 1248, 981, 421, 174, 58, 25, 10, 4, 3, 0, 1]
(1, (1, 1, 1), (2, 0)): [1770, 2085, 1303, 816, 767, 378, 169, 61, 21, 9, 3, 3, 1]
(1, (1, 1, 1), (2, 1)): [2942, 2746, 1646, 1047, 889, 407, 182, 61, 31, 10, 3, 2]
(1, (1, 1, 1), (2, 2)): [3808, 2510, 1603, 1006, 835, 364, 162, 53, 26, 12, 3, 3, 0, 1]
(1, (1, 1, 1), (3, 0)): [295, 648, 466, 278, 228, 140, 64, 26, 6, 3, 0, 1, 1]
(1, (1, 1, 1), (3, 1)): [763, 1180, 769, 477, 400, 213, 83, 34, 18, 4, 2, 1, 1]
(1, (1, 1, 1), (3, 2)): [1462, 1487, 981, 612, 503, 260, 106, 38, 18, 6, 4, 1, 0, 1]
(2, (0, 0, 0), (0, 0)): [1693214, 81487, 26942, 8647, 2899, 902, 306, 103, 20, 9, 4, 0, 1]
(2, (0, 0, 0), (0, 1)): [369196, 15440, 5123, 1648, 593, 168, 55, 18, 4, 1]
(2, (0, 0, 0), (0, 2)): [145242, 4258, 1474, 468, 173, 44, 4, 8, 1]
(2, (0, 0, 0), (1, 0)): [320759, 18844, 6370, 2026, 694, 190, 76, 20, 7, 0, 0, 0, 1]
(2, (0, 0, 0), (1, 1)): [316397, 15124, 5130, 1607, 588, 177, 69, 14, 5]
(2, (0, 0, 0), (1, 2)): [218679, 7434, 2579, 855, 294, 88, 27, 8, 1]
(2, (0, 0, 0), (2, 0)): [111254, 7363, 2959, 907, 313, 82, 30, 7, 3, 0, 0, 0, 1]
(2, (0, 0, 0), (2, 1)): [170937, 9542, 3656, 1059, 383, 113, 46, 10, 5]
(2, (0, 0, 0), (2, 2)): [184199, 7536, 2848, 884, 300, 91, 31, 7, 1]
(2, (0, 0, 0), (3, 0)): [34390, 2471, 1320, 421, 143, 38, 12, 4, 0, 0, 0, 0, 1]
(2, (0, 0, 0), (3, 1)): [71017, 4763, 2288, 716, 225, 66, 21, 7, 3]
(2, (0, 0, 0), (3, 2)): [106404, 5597, 2634, 793, 267, 88, 28, 7, 2]
(2, (0, 0, 1), (0, 0)): [156200, 44504, 9715, 3346, 1186, 417, 116, 41, 9, 7, 1, 2]
(2, (0, 0, 1), (0, 1)): [31442, 7351, 1629, 540, 181, 76, 16, 5, 1, 3]
(2, (0, 0, 1), (0, 2)): [12885, 2251, 485, 161, 55, 22, 5, 0, 0, 1]
(2, (0, 0, 1), (1, 0)): [34087, 9193, 2351, 928, 340, 105, 39, 16, 3, 2, 1, 1]
(2, (0, 0, 1), (1, 1)): [28956, 7074, 1603, 613, 201, 75, 18, 8, 1, 3]
(2, (0, 0, 1), (1, 2)): [20339, 3778, 818, 287, 111, 37, 8, 4, 0, 3]
(2, (0, 0, 1), (2, 0)): [14762, 3819, 1143, 519, 201, 58, 21, 9, 2, 1, 1, 1]
(2, (0, 0, 1), (2, 1)): [17237, 4380, 1160, 478, 166, 46, 18, 8, 0, 2]
(2, (0, 0, 1), (2, 2)): [18465, 3728, 916, 341, 124, 41, 8, 4, 0, 1]
(2, (0, 0, 1), (3, 0)): [6998, 1540, 561, 327, 114, 39, 13, 2, 2, 0, 1, 1]
(2, (0, 0, 1), (3, 1)): [8099, 2037, 652, 348, 111, 31, 14, 4, 0, 1, 1]
(2, (0, 0, 1), (3, 2)): [11691, 2574, 742, 347, 124, 33, 12, 3, 0, 2]
(2, (0, 1, 0), (0, 0)): [413238, 84040, 24139, 8649, 2937, 938, 295, 85, 21, 14, 7, 0, 1]
(2, (0, 1, 0), (0, 1)): [82355, 14127, 4025, 1290, 490, 137, 44, 10, 6, 4, 1]
(2, (0, 1, 0), (0, 2)): [33600, 4274, 1219, 361, 125, 28, 11, 2, 3, 1]
(2, (0, 1, 0), (1, 0)): [89305, 17434, 5923, 2501, 802, 246, 93, 30, 1, 2, 0, 0, 1]
(2, (0, 1, 0), (1, 1)): [74821, 13398, 4093, 1433, 524, 139, 60, 14, 3, 3, 1]
(2, (0, 1, 0), (1, 2)): [52474, 7170, 2067, 713, 244, 55, 30, 7, 1, 1]
(2, (0, 1, 0), (2, 0)): [39653, 7342, 2794, 1485, 487, 153, 49, 19, 1, 2, 0, 0, 1]
(2, (0, 1, 0), (2, 1)): [43874, 8179, 2736, 1080, 381, 106, 35, 7, 2, 3, 1, 0, 1]
(2, (0, 1, 0), (2, 2)): [46661, 6869, 2135, 823, 291, 75, 34, 9, 0, 2]
(2, (0, 1, 0), (3, 0)): [19914, 3130, 1389, 986, 311, 101, 36, 17, 1, 2]
(2, (0, 1, 0), (3, 1)): [20228, 3803, 1477, 770, 272, 76, 28, 6, 2, 2, 1, 0, 1]
(2, (0, 1, 0), (3, 2)): [29178, 4587, 1653, 862, 287, 74, 43, 8, 0, 1, 0, 0, 1]
(2, (0, 1, 1), (0, 0)): [96173, 7913, 19619, 5842, 2305, 769, 258, 79, 26, 7, 5, 1, 0, 1]
(2, (0, 1, 1), (0, 1)): [19701, 1249, 3273, 978, 340, 126, 37, 11, 1, 2]
(2, (0, 1, 1), (0, 2)): [8549, 426, 1028, 308, 116, 35, 13, 2, 0, 2]
(2, (0, 1, 1), (1, 0)): [21676, 2022, 4108, 1519, 682, 241, 76, 23, 6, 0, 3]
(2, (0, 1, 1), (1, 1)): [17502, 1213, 3083, 984, 368, 144, 36, 13, 4, 0, 1]
(2, (0, 1, 1), (1, 2)): [13339, 727, 1769, 516, 204, 68, 17, 4, 1, 2, 1]
(2, (0, 1, 1), (2, 0)): [10330, 1134, 1855, 786, 444, 146, 48, 16, 2, 0, 2]
(2, (0, 1, 1), (2, 1)): [10247, 788, 1881, 649, 298, 98, 27, 9, 3, 0, 1]
(2, (0, 1, 1), (2, 2)): [11921, 763, 1667, 569, 220, 82, 17, 5, 3, 1]
(2, (0, 1, 1), (3, 0)): [5922, 765, 939, 456, 303, 117, 32, 13, 1, 0, 1]
(2, (0, 1, 1), (3, 1)): [4738, 447, 873, 341, 199, 68, 23, 8, 1, 0, 1]
(2, (0, 1, 1), (3, 2)): [7428, 600, 1141, 430, 205, 85, 17, 8, 4, 1]
(2, (1, 0, 0), (0, 0)): [864113, 62133, 42914, 13721, 4532, 1424, 540, 158, 39, 16, 6, 1, 1]
(2, (1, 0, 0), (0, 1)): [170237, 10347, 7192, 2317, 766, 255, 95, 35, 10, 2, 0, 1]
(2, (1, 0, 0), (0, 2)): [66165, 2895, 1959, 653, 201, 60, 26, 9, 4]
(2, (1, 0, 0), (1, 0)): [155442, 12815, 9275, 3211, 1092, 311, 124, 34, 9, 2, 0, 0, 1]
(2, (1, 0, 0), (1, 1)): [138439, 9335, 6612, 2257, 746, 225, 90, 25, 7, 2]
(2, (1, 0, 0), (1, 2)): [92878, 4650, 3079, 1124, 347, 97, 36, 11, 4, 1]
(2, (1, 0, 0), (2, 0)): [52014, 4925, 3464, 1405, 491, 143, 55, 21, 7, 2, 0, 0, 1]
(2, (1, 0, 0), (2, 1)): [71409, 5528, 4000, 1499, 505, 154, 58, 14, 6, 0, 0, 0, 1]
(2, (1, 0, 0), (2, 2)): [72228, 4390, 2870, 1105, 367, 107, 44, 10, 4, 1]
(2, (1, 0, 0), (3, 0)): [15288, 1865, 1086, 624, 209, 62, 23, 12, 3, 2]
(2, (1, 0, 0), (3, 1)): [28610, 2931, 1924, 968, 284, 89, 33, 9, 4, 1, 0, 0, 1]
(2, (1, 0, 0), (3, 2)): [38358, 3278, 2011, 976, 317, 100, 33, 13, 1, 1, 0, 0, 1]
(2, (1, 0, 1), (0, 0)): [153418, 35071, 13819, 9106, 3021, 979, 335, 103, 34, 12, 2, 4, 2]
(2, (1, 0, 1), (0, 1)): [31988, 6025, 2224, 1556, 525, 174, 63, 17, 6, 2, 1, 1, 1]
(2, (1, 0, 1), (0, 2)): [13180, 1803, 668, 429, 157, 46, 14, 6, 1, 1]
(2, (1, 0, 1), (1, 0)): [29566, 6489, 2980, 2087, 775, 220, 78, 20, 3, 2, 0, 1]
(2, (1, 0, 1), (1, 1)): [26329, 5130, 2168, 1505, 550, 171, 60, 17, 5, 2, 1, 2, 1]
(2, (1, 0, 1), (1, 2)): [18501, 2705, 1122, 717, 275, 88, 33, 7, 4, 1, 0, 1]
(2, (1, 0, 1), (2, 0)): [10553, 2241, 1214, 813, 336, 99, 34, 11, 3]
(2, (1, 0, 1), (2, 1)): [13959, 2749, 1356, 889, 383, 115, 37, 14, 0, 1, 0, 1]
(2, (1, 0, 1), (2, 2)): [14451, 2162, 1059, 666, 258, 97, 38, 8, 4, 0, 0, 1]
(2, (1, 0, 1), (3, 0)): [3550, 689, 499, 296, 143, 45, 19, 3, 3]
(2, (1, 0, 1), (3, 1)): [5942, 1114, 695, 448, 246, 53, 28, 6, 3, 1]
(2, (1, 0, 1), (3, 2)): [8034, 1156, 818, 480, 237, 76, 24, 8, 5]
(2, (1, 1, 0), (0, 0)): [342830, 51063, 25727, 18586, 6065, 1912, 649, 217, 66, 31, 9, 3, 2, 1]
(2, (1, 1, 0), (0, 1)): [71222, 8758, 4292, 3254, 1011, 300, 108, 37, 6, 6, 2, 1, 1]
(2, (1, 1, 0), (0, 2)): [29879, 2610, 1280, 945, 304, 87, 32, 14, 2, 3]
(2, (1, 1, 0), (1, 0)): [62131, 9410, 5256, 4035, 1450, 423, 155, 48, 18, 6, 1, 1]
(2, (1, 1, 0), (1, 1)): [58536, 7703, 4042, 3051, 960, 311, 93, 35, 9, 6, 2, 2, 1]
(2, (1, 1, 0), (1, 2)): [42609, 4091, 2139, 1540, 488, 155, 38, 19, 6, 1, 1, 1]
(2, (1, 1, 0), (2, 0)): [21244, 3312, 2106, 1554, 730, 195, 78, 23, 9, 3]
(2, (1, 1, 0), (2, 1)): [30547, 4211, 2494, 1877, 726, 195, 76, 25, 6, 5, 0, 0, 1]
(2, (1, 1, 0), (2, 2)): [33811, 3559, 2077, 1472, 549, 148, 51, 21, 10, 1, 1, 1]
(2, (1, 1, 0), (3, 0)): [6694, 1025, 855, 502, 351, 103, 34, 11, 6, 2]
(2, (1, 1, 0), (3, 1)): [12762, 1820, 1395, 936, 500, 129, 50, 11, 5, 2, 0, 0, 1]
(2, (1, 1, 0), (3, 2)): [18604, 2179, 1690, 1061, 543, 120, 49, 18, 8, 1, 1]
(2, (1, 1, 1), (0, 0)): [102033, 14779, 16811, 8375, 6504, 2015, 680, 233, 79, 18, 9, 4, 1, 1]
(2, (1, 1, 1), (0, 1)): [23666, 2456, 3033, 1500, 1189, 371, 131, 40, 20, 4, 3, 0, 1]
(2, (1, 1, 1), (0, 2)): [10614, 788, 923, 459, 334, 98, 44, 8, 4, 1, 2]
(2, (1, 1, 1), (1, 0)): [17508, 3888, 3293, 1793, 1483, 469, 156, 60, 17, 5, 1, 2]
(2, (1, 1, 1), (1, 1)): [18312, 2601, 2708, 1434, 1126, 361, 123, 40, 17, 5, 1, 0, 1]
(2, (1, 1, 1), (1, 2)): [14476, 1378, 1471, 725, 555, 197, 68, 17, 5, 3, 2]
(2, (1, 1, 1), (2, 0)): [4913, 2200, 1150, 723, 596, 200, 63, 27, 7, 3, 0, 2]
(2, (1, 1, 1), (2, 1)): [8261, 2098, 1513, 934, 718, 251, 78, 24, 10, 2, 0, 0, 1]
(2, (1, 1, 1), (2, 2)): [10314, 1599, 1303, 744, 563, 212, 72, 18, 6, 4, 2]
(2, (1, 1, 1), (3, 0)): [838, 1336, 334, 301, 181, 94, 33, 16, 4, 3, 0, 1]
(2, (1, 1, 1), (3, 1)): [2369, 1746, 611, 518, 375, 140, 52, 13, 5, 3, 0, 1]
(2, (1, 1, 1), (3, 2)): [4385, 1791, 792, 659, 422, 180, 60, 16, 5, 3, 2]
