(0, (0, 0, 0)): [1718251, 344039, 157709, 72061, 32173, 13630, 5667, 2226, 911, 375, 164, 80, 22, 16, 3, 0, 1]
(0, (0, 0, 1)): [5789, 16856, 4561, 2308, 1078, 465, 197, 60, 27, 19, 14, 3, 1, 2]
(0, (0, 1, 0)): [67883, 60140, 24039, 12131, 5634, 2418, 1056, 426, 176, 83, 29, 14, 7, 5, 2, 0, 1]
(0, (0, 1, 1)): [5313, 8668, 10077, 4766, 2466, 1214, 515, 219, 109, 51, 15, 10, 4, 2, 1, 0, 1]
(0, (1, 0, 0)): [350809, 109173, 73606, 36622, 17495, 7757, 3214, 1353, 575, 238, 112, 45, 13, 13, 2, 0, 1]
(0, (1, 0, 1)): [8783, 24002, 9662, 7120, 3665, 1712, 784, 318, 158, 66, 37, 10, 7, 3, 1]
(0, (1, 1, 0)): [52184, 30451, 22017, 16576, 8690, 4063, 1718, 768, 331, 147, 63, 29, 7, 5, 1, 0, 1]
(0, (1, 1, 1)): [5585, 8880, 7346, 5100, 4265, 2152, 987, 447, 227, 93, 38, 15, 6, 3, 0, 0, 1]
(1, (0, 0, 0)): [1415475, 156870, 63831, 25321, 9865, 3709, 1457, 485, 170, 67, 23, 13, 3, 1]
(1, (0, 0, 1)): [36969, 49947, 10054, 4547, 1787, 740, 276, 81, 40, 14, 9, 5, 1, 1]
(1, (0, 1, 0)): [189725, 75004, 29116, 12768, 5156, 2048, 720, 300, 98, 40, 22, 3, 4]
(1, (0, 1, 1)): [28724, 22889, 18843, 7817, 4105, 1623, 665, 267, 95, 37, 11, 6, 2]
(1, (1, 0, 0)): [508573, 84495, 58557, 24752, 10135, 3962, 1587, 565, 201, 84, 29, 16, 4, 1]
(1, (1, 0, 1)): [43283, 44008, 14000, 9956, 4320, 1760, 708, 269, 89, 38, 10, 7, 2]
(1, (1, 1, 0)): [147430, 40780, 27131, 20696, 8531, 3513, 1365, 543, 207, 79, 30, 15, 5, 1]
(1, (1, 1, 1)): [31515, 21932, 14106, 9015, 7089, 3030, 1229, 464, 179, 65, 19, 11, 4, 2]
(2, (0, 0, 0)): [1242207, 59857, 19613, 6301, 2052, 621, 212, 67, 13, 6, 3]
(2, (0, 0, 1)): [112733, 30338, 6880, 2390, 828, 282, 71, 29, 8, 4, 0, 1]
(2, (0, 1, 0)): [300350, 57623, 17298, 6202, 2127, 657, 202, 63, 16, 12, 6]
(2, (0, 1, 1)): [68838, 5135, 13163, 4037, 1597, 538, 168, 48, 14, 3, 3]
(2, (1, 0, 0)): [610007, 42192, 30433, 9712, 3166, 1003, 374, 108, 24, 9, 4, 1]
(2, (1, 0, 1)): [112154, 23865, 9275, 6386, 2156, 683, 225, 62, 20, 8, 2, 2, 1]
(2, (1, 1, 0)): [245785, 34448, 17483, 13145, 4248, 1322, 465, 159, 42, 19, 5, 3]
(2, (1, 1, 1)): [73853, 9593, 11720, 5742, 4545, 1392, 484, 161, 49, 12, 5, 4]
