(0, (0, 0, 0), (0, 0)): [238001, 48559, 22680, 10460, 4742, 2083, 873, 366, 135, 67, 33, 11, 7, 3, 2]
(0, (0, 0, 0), (0, 1)): [779, 143, 55, 24, 11, 2, 1, 1, 0, 1]
(0, (0, 0, 0), (0, 2)): [318, 62, 18, 8, 3, 0, 1, 1]
(0, (0, 0, 0), (1, 0)): [691, 146, 61, 23, 13, 11, 3, 1, 0, 1]
(0, (0, 0, 0), (1, 1)): [572, 109, 39, 14, 9, 2, 0, 1]
(0, (0, 0, 0), (1, 2)): [373, 61, 17, 10, 3, 0, 0, 1]
(0, (0, 0, 0), (2, 0)): [286, 66, 35, 15, 8, 8, 1, 0, 0, 1]
(0, (0, 0, 0), (2, 1)): [323, 66, 20, 8, 5, 3]
(0, (0, 0, 0), (2, 2)): [312, 56, 9, 6, 5, 2]
(0, (0, 0, 0), (3, 0)): [142, 36, 26, 12, 7, 7, 1]
(0, (0, 0, 0), (3, 1)): [145, 33, 19, 5, 2, 0, 1]
(0, (0, 0, 0), (3, 2)): [182, 36, 19, 8, 6, 1, 1]
(0, (0, 0, 1), (0, 0)): [1222, 3907, 1124, 536, 264, 105, 54, 30, 7, 4, 1, 1, 3]
(0, (0, 0, 1), (1, 0)): [2, 11, 2, 2, 1]
(0, (0, 0, 1), (2, 0)): [0, 6, 1, 2]
(0, (0, 0, 1), (2, 1)): [0, 3, 2, 1]
(0, (0, 0, 1), (3, 1)): [0, 1, 1]
(0, (0, 0, 1), (3, 2)): [0, 1]
(0, (0, 1, 0), (0, 0)): [7596, 8012, 3064, 1396, 733, 332, 122, 60, 25, 17, 6, 1]
(0, (0, 1, 0), (0, 1)): [18, 24, 2, 2, 0, 1]
(0, (0, 1, 0), (0, 2)): [4, 6, 0, 2, 0, 1]
(0, (0, 1, 0), (1, 0)): [30, 21, 1, 3, 1]
(0, (0, 1, 0), (1, 1)): [20, 12, 1]
(0, (0, 1, 0), (2, 0)): [11, 13, 0, 3]
(0, (0, 1, 0), (2, 1)): [7, 5, 0, 2]
(0, (0, 1, 0), (3, 1)): [5, 0, 0, 1]
(0, (0, 1, 1), (0, 0)): [659, 1251, 1691, 799, 411, 200, 75, 39, 16, 7, 2, 1, 0, 1, 1]
(0, (0, 1, 1), (0, 1)): [4, 4, 6, 1, 3, 0, 0, 0, 1]
(0, (0, 1, 1), (1, 0)): [2, 2, 5, 2, 1, 1, 2]
(0, (0, 1, 1), (1, 1)): [2, 2, 5, 1, 2, 0, 0, 0, 1]
(0, (0, 1, 1), (1, 2)): [1, 0, 3, 1, 3]
(0, (0, 1, 1), (2, 1)): [0, 2, 1, 1, 0, 0, 0, 0, 1]
(0, (0, 1, 1), (2, 2)): [0, 0, 1, 1, 2]
(0, (0, 1, 1), (3, 1)): [0, 2, 2, 2, 0, 0, 0, 0, 1]
(0, (0, 1, 1), (3, 2)): [0, 1, 2, 2, 1, 0, 0, 0, 1]
(0, (1, 0, 0), (0, 0)): [53673, 19305, 11691, 5927, 2766, 1243, 540, 226, 84, 42, 25, 9, 5, 3, 2]
(0, (1, 0, 0), (0, 1)): [143, 26, 28, 7, 5, 3, 2, 1]
(0, (1, 0, 0), (0, 2)): [49, 8, 13, 2, 1, 2, 1, 1]
(0, (1, 0, 0), (1, 0)): [122, 49, 29, 10, 3, 2, 0, 0, 1]
(0, (1, 0, 0), (1, 1)): [91, 26, 18, 6, 3, 1]
(0, (1, 0, 0), (1, 2)): [44, 8, 13, 1, 2, 2]
(0, (1, 0, 0), (2, 0)): [41, 23, 9, 6, 2, 0, 0, 0, 1]
(0, (1, 0, 0), (2, 1)): [45, 19, 7, 5, 1, 0, 0, 0, 1]
(0, (1, 0, 0), (2, 2)): [44, 8, 7, 2, 1, 1, 0, 0, 1]
(0, (1, 0, 0), (3, 0)): [21, 11, 4, 3, 1]
(0, (1, 0, 0), (3, 1)): [18, 7, 1, 1]
(0, (1, 0, 0), (3, 2)): [18, 5, 3, 1]
(0, (1, 0, 1), (0, 0)): [1259, 3811, 1754, 1162, 676, 291, 154, 56, 28, 14, 5, 5, 2, 0, 1]
(0, (1, 0, 1), (0, 1)): [4, 5, 0, 4, 0, 0, 3]
(0, (1, 0, 1), (0, 2)): [2, 4, 0, 2, 0, 0, 2]
(0, (1, 0, 1), (1, 0)): [5, 14, 3, 0, 2]
(0, (1, 0, 1), (1, 2)): [1, 4, 0, 1]
(0, (1, 0, 1), (2, 2)): [1, 4, 0, 0, 1]
(0, (1, 1, 0), (0, 0)): [6952, 4682, 3871, 2630, 1413, 663, 294, 145, 56, 27, 20, 4, 1, 1]
(0, (1, 1, 0), (0, 1)): [23, 11, 8, 5, 1, 2]
(0, (1, 1, 0), (1, 0)): [10, 8, 9, 12, 4, 2, 2, 1]
(0, (1, 1, 0), (1, 1)): [7, 8, 3, 5, 1, 2]
(0, (1, 1, 0), (1, 2)): [7, 4, 2, 3]
(0, (1, 1, 0), (2, 1)): [4, 4, 3, 1, 4, 2, 1]
(0, (1, 1, 0), (2, 2)): [4, 4, 0, 1, 1, 1, 1]
(0, (1, 1, 1), (0, 0)): [741, 1284, 1099, 959, 777, 373, 173, 87, 37, 19, 11, 3, 0, 1, 1]
(0, (1, 1, 1), (0, 1)): [0, 1, 5, 2, 3, 0, 0, 0, 1]
(0, (1, 1, 1), (1, 1)): [1, 1, 2, 1, 4, 1]
(1, (0, 0, 0), (0, 0)): [187516, 20263, 8370, 3278, 1339, 565, 213, 80, 26, 12, 3, 1]
(1, (0, 0, 0), (0, 1)): [599, 64, 21, 7, 3]
(1, (0, 0, 0), (0, 2)): [250, 17, 9, 4]
(1, (0, 0, 0), (1, 0)): [548, 58, 27, 5, 3, 3, 0, 1]
(1, (0, 0, 0), (1, 1)): [448, 49, 18, 6, 2, 1]
(1, (0, 0, 0), (1, 2)): [276, 29, 9, 5, 0, 1]
(1, (0, 0, 0), (2, 0)): [199, 23, 14, 2, 2, 1]
(1, (0, 0, 0), (2, 1)): [228, 26, 16, 4, 2]
(1, (0, 0, 0), (2, 2)): [212, 22, 10, 6, 0, 1]
(1, (0, 0, 0), (3, 0)): [90, 8, 5, 0, 1, 1]
(1, (0, 0, 0), (3, 1)): [103, 17, 11, 0, 1]
(1, (0, 0, 0), (3, 2)): [123, 18, 14, 3, 0, 1]
(1, (0, 0, 1), (0, 0)): [6607, 10404, 2047, 824, 361, 149, 56, 27, 10, 2, 4, 2, 1]
(1, (0, 0, 1), (0, 1)): [20, 26, 3, 0, 1]
(1, (0, 0, 1), (0, 2)): [8, 12]
(1, (0, 0, 1), (1, 0)): [17, 28, 7, 2, 2]
(1, (0, 0, 1), (1, 1)): [18, 18, 5, 1, 2]
(1, (0, 0, 1), (1, 2)): [10, 10, 3, 1]
(1, (0, 0, 1), (2, 1)): [5, 10, 0, 0, 1]
(1, (0, 0, 1), (2, 2)): [9, 9, 1]
(1, (0, 0, 1), (3, 1)): [4, 5, 0, 0, 1]
(1, (0, 1, 0), (0, 0)): [28500, 14199, 4766, 1945, 775, 321, 130, 51, 12, 8, 1, 2, 2]
(1, (0, 1, 0), (0, 1)): [80, 33, 9, 4, 0, 1, 1]
(1, (0, 1, 0), (0, 2)): [31, 14, 1, 0, 0, 1, 1]
(1, (0, 1, 0), (1, 0)): [91, 47, 11, 8, 4, 2]
(1, (0, 1, 0), (1, 1)): [72, 31, 8, 7, 1, 1]
(1, (0, 1, 0), (1, 2)): [49, 18, 6, 1, 1]
(1, (0, 1, 0), (2, 0)): [39, 16, 6, 3, 3, 1]
(1, (0, 1, 0), (2, 1)): [37, 16, 1, 6, 0, 2]
(1, (0, 1, 0), (2, 2)): [37, 13, 6, 5, 1, 1]
(1, (0, 1, 0), (3, 1)): [22, 5, 1, 2, 1, 1]
(1, (0, 1, 0), (3, 2)): [33, 1, 5, 5, 0, 1]
(1, (0, 1, 1), (0, 0)): [4786, 4222, 4445, 1705, 735, 304, 113, 44, 17, 7, 5, 3, 0, 1]
(1, (0, 1, 1), (0, 1)): [15, 5, 12, 3, 0, 0, 0, 1]
(1, (0, 1, 1), (0, 2)): [9, 1, 3, 1]
(1, (0, 1, 1), (1, 0)): [19, 4, 7, 5, 4, 1]
(1, (0, 1, 1), (1, 1)): [9, 2, 11, 4]
(1, (0, 1, 1), (1, 2)): [8, 0, 5, 1]
(1, (0, 1, 1), (2, 0)): [12, 4, 1, 1, 2, 1]
(1, (0, 1, 1), (2, 1)): [5, 2, 6, 2]
(1, (0, 1, 1), (2, 2)): [6, 1, 2, 2]
(1, (0, 1, 1), (3, 0)): [9, 3, 1, 0, 2, 1]
(1, (0, 1, 1), (3, 1)): [3, 1, 2, 1]
(1, (0, 1, 1), (3, 2)): [4, 1, 3]
(1, (1, 0, 0), (0, 0)): [77633, 14875, 8796, 3847, 1535, 671, 235, 86, 32, 18, 5, 6, 1, 2]
(1, (1, 0, 0), (0, 1)): [244, 34, 25, 9, 3, 3, 1]
(1, (1, 0, 0), (0, 2)): [102, 17, 10, 4]
(1, (1, 0, 0), (1, 0)): [201, 43, 34, 11, 2, 3, 0, 1]
(1, (1, 0, 0), (1, 1)): [164, 23, 18, 6, 1, 3, 0, 1]
(1, (1, 0, 0), (1, 2)): [123, 13, 11, 2, 1]
(1, (1, 0, 0), (2, 0)): [77, 18, 18, 6, 2, 1]
(1, (1, 0, 0), (2, 1)): [78, 13, 14, 4, 0, 3, 0, 1]
(1, (1, 0, 0), (2, 2)): [80, 11, 11, 3, 0, 1]
(1, (1, 0, 0), (3, 0)): [28, 11, 7, 3, 2]
(1, (1, 0, 0), (3, 1)): [30, 6, 5, 4, 0, 1, 0, 1]
(1, (1, 0, 0), (3, 2)): [41, 6, 8, 4, 0, 1]
(1, (1, 0, 1), (0, 0)): [6208, 7919, 2836, 1707, 745, 321, 118, 47, 14, 14, 5, 2]
(1, (1, 0, 1), (0, 1)): [17, 12, 6, 4, 1, 1]
(1, (1, 0, 1), (0, 2)): [14, 4, 3, 3, 0, 1]
(1, (1, 0, 1), (1, 0)): [16, 22, 2, 6, 2, 2]
(1, (1, 0, 1), (1, 1)): [7, 12, 2, 4, 1]
(1, (1, 0, 1), (1, 2)): [8, 5, 4, 4, 1]
(1, (1, 0, 1), (2, 0)): [8, 8, 1, 2, 2, 1]
(1, (1, 0, 1), (2, 1)): [3, 6, 0, 2]
(1, (1, 0, 1), (3, 1)): [3, 1, 0, 1, 1]
(1, (1, 1, 0), (0, 0)): [19566, 6324, 4484, 3059, 1292, 590, 206, 80, 34, 17, 5, 3, 0, 3]
(1, (1, 1, 0), (0, 1)): [54, 10, 9, 7, 3, 1]
(1, (1, 1, 0), (0, 2)): [20, 5, 2, 3, 2]
(1, (1, 1, 0), (1, 0)): [47, 13, 13, 12, 7, 1]
(1, (1, 1, 0), (1, 1)): [49, 9, 5, 4, 1]
(1, (1, 1, 0), (1, 2)): [29, 2, 3, 3, 2]
(1, (1, 1, 0), (2, 2)): [24, 2, 2, 2, 2]
(1, (1, 1, 1), (0, 0)): [3730, 3094, 1991, 1514, 1029, 463, 167, 78, 27, 10, 4, 1, 0, 1]
(1, (1, 1, 1), (0, 1)): [13, 9, 5, 3, 0, 1]
(1, (1, 1, 1), (1, 0)): [9, 8, 12, 5, 8, 2, 1, 1]
(1, (1, 1, 1), (1, 1)): [11, 5, 5, 5, 3]
(1, (1, 1, 1), (2, 1)): [4, 4, 4, 2, 3, 0, 1]
(1, (1, 1, 1), (2, 2)): [2, 2, 2, 1, 1, 1, 1]
(1, (1, 1, 1), (3, 2)): [3, 0, 1, 4, 2, 2]
(2, (0, 0, 0), (0, 0)): [160937, 6783, 2245, 719, 245, 93, 34, 14, 2, 1, 1]
(2, (0, 0, 0), (0, 1)): [535, 24, 6, 2]
(2, (0, 0, 0), (0, 2)): [212, 9, 2, 1]
(2, (0, 0, 0), (1, 0)): [565, 34, 12, 4, 2]
(2, (0, 0, 0), (1, 1)): [452, 22, 10, 1]
(2, (0, 0, 0), (1, 2)): [266, 10, 8, 1]
(2, (0, 0, 0), (2, 0)): [227, 11, 4, 3, 1]
(2, (0, 0, 0), (2, 1)): [287, 15, 3, 1]
(2, (0, 0, 0), (2, 2)): [241, 11, 7, 2]
(2, (0, 0, 0), (3, 0)): [94, 5, 4, 2, 1]
(2, (0, 0, 0), (3, 1)): [131, 7, 1]
(2, (0, 0, 0), (3, 2)): [173, 11, 5, 1]
(2, (0, 0, 1), (0, 0)): [20539, 6930, 1222, 386, 132, 53, 19, 4]
(2, (0, 0, 1), (0, 1)): [50, 20, 3]
(2, (0, 0, 1), (0, 2)): [24, 10, 3]
(2, (0, 0, 1), (1, 0)): [57, 24, 4, 0, 0, 1]
(2, (0, 0, 1), (1, 1)): [37, 13, 1]
(2, (0, 0, 1), (1, 2)): [28, 12, 2]
(2, (0, 0, 1), (2, 0)): [31, 7, 3, 0, 0, 1]
(2, (0, 0, 1), (2, 1)): [22, 7, 1]
(2, (0, 0, 1), (2, 2)): [20, 7, 2]
(2, (0, 0, 1), (3, 0)): [18, 3, 2, 0, 0, 1]
(2, (0, 0, 1), (3, 1)): [17, 3, 1]
(2, (0, 0, 1), (3, 2)): [20, 4, 2]
(2, (0, 1, 0), (0, 0)): [46557, 10806, 2642, 859, 282, 108, 35, 9, 2, 1]
(2, (0, 1, 0), (0, 1)): [114, 21, 3, 1, 2]
(2, (0, 1, 0), (0, 2)): [46, 4, 1, 0, 1]
(2, (0, 1, 0), (1, 0)): [161, 30, 12, 2, 1, 1]
(2, (0, 1, 0), (1, 1)): [107, 22, 3, 0, 1]
(2, (0, 1, 0), (1, 2)): [63, 8, 1, 0, 2]
(2, (0, 1, 0), (2, 0)): [79, 15, 8, 2, 1, 1]
(2, (0, 1, 0), (2, 1)): [76, 15, 3, 0, 0, 1]
(2, (0, 1, 0), (2, 2)): [67, 4, 1, 0, 1]
(2, (0, 1, 0), (3, 0)): [41, 10, 5, 1, 1]
(2, (0, 1, 0), (3, 1)): [41, 10, 1, 0, 1, 1]
(2, (0, 1, 0), (3, 2)): [52, 7, 2, 0, 1, 1]
(2, (0, 1, 1), (0, 0)): [12175, 1104, 2903, 777, 272, 87, 32, 7, 4, 1, 1]
(2, (0, 1, 1), (0, 1)): [37, 3, 7, 1, 1]
(2, (0, 1, 1), (0, 2)): [16, 0, 2, 1, 1]
(2, (0, 1, 1), (1, 0)): [44, 2, 17, 3, 1, 1]
(2, (0, 1, 1), (1, 1)): [27, 2, 11, 1]
(2, (0, 1, 1), (1, 2)): [18, 1, 5, 2, 1]
(2, (0, 1, 1), (2, 0)): [27, 1, 8, 2, 0, 1]
(2, (0, 1, 1), (2, 2)): [15, 1, 4]
(2, (0, 1, 1), (3, 0)): [22, 0, 6, 1, 0, 1]
(2, (0, 1, 1), (3, 1)): [8, 0, 4]
(2, (1, 0, 0), (0, 0)): [94968, 7482, 3921, 1288, 421, 136, 57, 20, 5, 1, 1]
(2, (1, 0, 0), (0, 1)): [252, 7, 8, 1]
(2, (1, 0, 0), (0, 2)): [80, 2, 3]
(2, (1, 0, 0), (1, 0)): [253, 12, 10, 4, 1, 1]
(2, (1, 0, 0), (1, 1)): [190, 7, 6, 2, 1]
(2, (1, 0, 0), (1, 2)): [99, 3, 4, 2]
(2, (1, 0, 0), (2, 0)): [95, 6, 3, 3]
(2, (1, 0, 0), (2, 1)): [95, 4, 1, 0, 1]
(2, (1, 0, 0), (2, 2)): [75, 4, 3, 1]
(2, (1, 0, 0), (3, 0)): [35, 3, 1, 3]
(2, (1, 0, 0), (3, 1)): [42, 1, 1]
(2, (1, 0, 0), (3, 2)): [38, 1, 0, 1]
(2, (1, 0, 1), (0, 0)): [16507, 4586, 2012, 958, 301, 116, 39, 17, 5, 0, 0, 1]
(2, (1, 0, 1), (0, 1)): [30, 6, 4, 4, 0, 1]
(2, (1, 0, 1), (0, 2)): [15, 2, 2, 2]
(2, (1, 0, 1), (1, 0)): [36, 5, 6, 5, 0, 1]
(2, (1, 0, 1), (1, 1)): [12, 3, 0, 2]
(2, (1, 0, 1), (1, 2)): [6, 2, 0, 2]
(2, (1, 0, 1), (2, 0)): [19, 3, 4, 3]
(2, (1, 0, 1), (2, 1)): [5, 0, 1, 2]
(2, (1, 0, 1), (2, 2)): [7, 1, 0, 1]
(2, (1, 0, 1), (3, 0)): [13, 1, 2, 1]
(2, (1, 0, 1), (3, 1)): [7, 0, 2, 1]
(2, (1, 0, 1), (3, 2)): [5, 0, 2]
(2, (1, 1, 0), (0, 0)): [30845, 4882, 2707, 1579, 509, 179, 53, 14, 6, 4, 2, 0, 0, 1]
(2, (1, 1, 0), (0, 1)): [94, 9, 4, 3, 1]
(2, (1, 1, 0), (0, 2)): [41, 4, 2, 1]
(2, (1, 1, 0), (1, 0)): [72, 8, 9, 8, 2, 2, 0, 1]
(2, (1, 1, 0), (1, 1)): [47, 5, 2, 2, 1]
(2, (1, 1, 0), (1, 2)): [34, 3, 0, 1]
(2, (1, 1, 0), (2, 0)): [36, 4, 4, 4, 1, 1, 0, 1]
(2, (1, 1, 0), (2, 1)): [32, 4, 2, 1, 1]
(2, (1, 1, 0), (2, 2)): [26, 3, 1, 1, 1]
(2, (1, 1, 0), (3, 1)): [14, 0, 3, 2]
(2, (1, 1, 1), (0, 0)): [9237, 1433, 1541, 872, 557, 181, 64, 22, 10, 2, 2, 0, 0, 1]
(2, (1, 1, 1), (0, 1)): [30, 2, 5, 2, 2, 1]
(2, (1, 1, 1), (0, 2)): [18, 2, 1, 0, 0, 1]
(2, (1, 1, 1), (1, 0)): [25, 9, 3, 7, 0, 1]
(2, (1, 1, 1), (1, 1)): [15, 0, 5, 3]
