(0, (0, 0, 0)): [405201, 83755, 39587, 18456, 8410, 3761, 1552, 672, 279, 149, 54, 24, 15, 4, 2]
(0, (0, 0, 1)): [1710, 6039, 1672, 812, 416, 168, 81, 47, 22, 9, 2, 1, 2]
(0, (0, 1, 0)): [13159, 13743, 5329, 2535, 1297, 604, 248, 120, 51, 30, 9, 4, 2]
(0, (0, 1, 1)): [1174, 2205, 2861, 1283, 700, 345, 147, 66, 33, 12, 5, 3, 0, 1, 1]
(0, (1, 0, 0)): [89824, 31902, 20075, 10140, 4917, 2262, 963, 417, 177, 101, 37, 15, 10, 3, 2]
(0, (1, 0, 1)): [2090, 7077, 2989, 2081, 1111, 530, 277, 113, 54, 25, 9, 7, 3, 0, 1]
(0, (1, 1, 0)): [11952, 8091, 6651, 4578, 2489, 1165, 532, 256, 105, 52, 26, 8, 4, 1]
(0, (1, 1, 1)): [1197, 2298, 1999, 1606, 1263, 638, 294, 146, 67, 29, 18, 5, 0, 1, 1]
(1, (0, 0, 0)): [321547, 35735, 14899, 6043, 2392, 968, 373, 153, 60, 22, 9, 6, 2, 1]
(1, (0, 0, 1)): [9606, 15506, 3070, 1288, 555, 227, 93, 49, 23, 6, 6, 4, 2, 1]
(1, (0, 1, 0)): [45466, 22808, 7820, 3253, 1385, 575, 209, 97, 25, 23, 6, 5, 4]
(1, (0, 1, 1)): [7794, 6906, 6780, 2676, 1312, 536, 213, 92, 49, 12, 6, 3, 1, 1]
(1, (1, 0, 0)): [132250, 25233, 15387, 6862, 2704, 1159, 436, 172, 77, 35, 14, 10, 2, 2]
(1, (1, 0, 1)): [10516, 13841, 4658, 3011, 1248, 577, 215, 81, 29, 24, 9, 2]
(1, (1, 1, 0)): [34951, 11325, 8202, 5457, 2391, 1045, 418, 162, 63, 31, 9, 6, 2, 3]
(1, (1, 1, 1)): [7032, 5914, 3881, 2696, 1844, 842, 351, 132, 58, 23, 10, 6, 2, 1]
(2, (0, 0, 0)): [275054, 12102, 4228, 1318, 485, 187, 60, 25, 6, 2, 1]
(2, (0, 0, 1)): [30105, 9937, 1874, 631, 220, 96, 31, 8, 1, 2, 0, 1]
(2, (0, 1, 0)): [73966, 17587, 4309, 1474, 503, 186, 53, 14, 5, 1]
(2, (0, 1, 1)): [18432, 1592, 4454, 1208, 448, 157, 57, 20, 10, 3, 1]
(2, (1, 0, 0)): [162375, 12751, 7307, 2419, 838, 267, 103, 37, 11, 3, 2]
(2, (1, 0, 1)): [27795, 7393, 3175, 1729, 533, 215, 69, 28, 11, 2, 0, 1]
(2, (1, 1, 0)): [59541, 9638, 5152, 3096, 1051, 367, 105, 37, 16, 6, 3, 0, 0, 1]
(2, (1, 1, 1)): [17442, 2629, 3116, 1627, 1093, 377, 116, 45, 21, 4, 3, 0, 0, 1]
