(0, (0, 0, 0)): [623162, 126982, 60181, 27725, 12657, 5600, 2331, 990, 415, 200, 81, 42, 20, 6, 3, 1, 0, 1]
(0, (0, 0, 1)): [2561, 8383, 2356, 1104, 541, 253, 108, 65, 28, 14, 4, 1, 2, 1]
(0, (0, 1, 0)): [20209, 19874, 7857, 3746, 1871, 862, 356, 158, 69, 39, 13, 5, 2, 0, 1]
(0, (0, 1, 1)): [1813, 3210, 4054, 1845, 1021, 474, 207, 95, 47, 19, 7, 5, 0, 2, 1, 0, 0, 1]
(0, (1, 0, 0)): [137494, 46838, 30056, 14983, 7344, 3367, 1452, 625, 274, 130, 55, 26, 13, 4, 2, 1, 0, 1]
(0, (1, 0, 1)): [3051, 10346, 4226, 2925, 1565, 743, 367, 159, 74, 32, 13, 9, 4, 0, 1, 0, 0, 1]
(0, (1, 1, 0)): [18914, 12425, 9790, 6847, 3774, 1801, 800, 385, 163, 71, 35, 15, 6, 1]
(0, (1, 1, 1)): [1944, 3615, 3046, 2376, 1887, 941, 447, 229, 101, 41, 26, 10, 1, 1, 1]
(1, (0, 0, 0)): [497623, 55163, 23092, 9296, 3707, 1440, 548, 219, 82, 36, 15, 10, 5, 2, 0, 1]
(1, (0, 0, 1)): [13793, 21189, 4209, 1777, 749, 327, 128, 59, 30, 8, 6, 4, 2, 1]
(1, (0, 1, 0)): [67231, 32107, 11370, 4841, 2005, 821, 289, 138, 35, 26, 11, 7, 5, 1, 1]
(1, (0, 1, 1)): [11465, 9777, 9276, 3683, 1905, 774, 315, 132, 70, 15, 7, 3, 1, 2, 0, 1]
(1, (1, 0, 0)): [200468, 36788, 23283, 10188, 4145, 1707, 666, 251, 113, 53, 21, 14, 3, 2, 0, 2]
(1, (1, 0, 1)): [15556, 19867, 6472, 4227, 1797, 783, 293, 122, 49, 36, 12, 3, 0, 1]
(1, (1, 1, 0)): [54821, 17423, 12260, 8410, 3684, 1609, 627, 255, 97, 50, 17, 9, 5, 4, 1]
(1, (1, 1, 1)): [11412, 9279, 6037, 4064, 2965, 1298, 538, 203, 90, 35, 14, 10, 5, 2, 1, 1]
(2, (0, 0, 0)): [427634, 19294, 6725, 2133, 772, 264, 93, 33, 7, 2, 2, 0, 1]
(2, (0, 0, 1)): [41679, 13528, 2606, 887, 321, 131, 38, 10, 1, 2, 0, 1]
(2, (0, 1, 0)): [108576, 24821, 6352, 2234, 741, 259, 81, 17, 5, 1, 2, 0, 1]
(2, (0, 1, 1)): [26147, 2309, 6151, 1644, 635, 214, 82, 29, 11, 4, 2, 1, 0, 1]
(2, (1, 0, 0)): [245264, 18573, 11481, 3679, 1268, 388, 157, 48, 12, 7, 3, 0, 1]
(2, (1, 0, 1)): [40139, 10385, 4290, 2466, 777, 277, 99, 31, 13, 3, 0, 2, 1]
(2, (1, 1, 0)): [95290, 15256, 7849, 4989, 1665, 558, 166, 58, 23, 10, 4, 0, 2, 1]
(2, (1, 1, 1)): [27808, 4181, 4779, 2481, 1708, 580, 178, 64, 29, 5, 4, 0, 1, 1]
