(0, (0, 0, 0), (0, 0)): [33769, 6750, 3093, 1351, 623, 246, 110, 33, 22, 11, 3, 1, 1]
(0, (0, 0, 0), (0, 1)): [18082, 3631, 1697, 744, 348, 131, 53, 14, 13, 6, 0, 1]
(0, (0, 0, 0), (0, 2)): [8562, 1778, 766, 361, 180, 69, 27, 6, 7, 4, 0, 1]
(0, (0, 0, 0), (1, 0)): [12606, 2520, 1099, 503, 220, 96, 40, 15, 6, 2, 3, 0, 1]
(0, (0, 0, 0), (1, 1)): [13404, 2677, 1267, 548, 236, 97, 40, 14, 7, 1, 1]
(0, (0, 0, 0), (1, 2)): [11376, 2292, 1045, 482, 234, 89, 33, 11, 6, 2, 1, 1]
(0, (0, 0, 0), (2, 0)): [3846, 755, 332, 150, 65, 29, 11, 7, 2, 1, 1, 0, 1]
(0, (0, 0, 0), (2, 1)): [6255, 1234, 569, 248, 102, 44, 17, 5, 1, 0, 0, 0, 1]
(0, (0, 0, 0), (2, 2)): [7805, 1605, 698, 341, 155, 59, 24, 12, 2, 2, 0, 1]
(0, (0, 0, 0), (3, 0)): [723, 144, 70, 36, 13, 5, 1, 2, 1]
(0, (0, 0, 0), (3, 1)): [1882, 378, 177, 79, 26, 14, 4, 2, 1, 0, 0, 0, 1]
(0, (0, 0, 0), (3, 2)): [3425, 728, 335, 143, 71, 35, 12, 6, 2, 1, 0, 1]
(0, (0, 0, 1), (0, 0)): [109, 314, 78, 42, 17, 12, 4, 0, 0, 1, 1, 1]
(0, (0, 0, 1), (0, 1)): [54, 167, 40, 17, 7, 5, 3, 0, 0, 0, 0, 1]
(0, (0, 0, 1), (0, 2)): [29, 77, 20, 6, 3, 4, 3, 0, 0, 0, 0, 1]
(0, (0, 0, 1), (1, 0)): [45, 127, 28, 21, 7, 5, 1, 0, 0, 0, 1]
(0, (0, 0, 1), (1, 1)): [44, 134, 28, 17, 10, 3, 1, 0, 0, 0, 1]
(0, (0, 0, 1), (1, 2)): [33, 107, 22, 12, 7, 4, 2, 0, 0, 0, 1, 1]
(0, (0, 0, 1), (2, 0)): [12, 32, 11, 10, 1, 1]
(0, (0, 0, 1), (2, 1)): [23, 63, 16, 13, 4, 1]
(0, (0, 0, 1), (2, 2)): [30, 72, 14, 12, 5, 2, 1, 0, 0, 0, 0, 1]
(0, (0, 0, 1), (3, 0)): [3, 8, 2, 2]
(0, (0, 0, 1), (3, 1)): [6, 25, 7, 3]
(0, (0, 0, 1), (3, 2)): [11, 37, 9, 6, 2, 0, 0, 0, 0, 0, 0, 1]
(0, (0, 1, 0), (0, 0)): [1372, 1231, 480, 231, 131, 39, 24, 9, 8, 3, 1]
(0, (0, 1, 0), (0, 1)): [755, 665, 251, 124, 68, 25, 13, 6, 5, 1]
(0, (0, 1, 0), (0, 2)): [363, 349, 117, 73, 35, 13, 6, 3, 2, 1]
(0, (0, 1, 0), (1, 0)): [499, 466, 193, 88, 50, 13, 10, 2, 1, 1, 1]
(0, (0, 1, 0), (1, 1)): [531, 479, 207, 84, 52, 15, 10, 3, 3, 1, 1]
(0, (0, 1, 0), (1, 2)): [464, 411, 174, 84, 45, 14, 9, 3, 2, 1, 1]
(0, (0, 1, 0), (2, 0)): [161, 145, 54, 29, 16, 3, 2, 2, 1]
(0, (0, 1, 0), (2, 1)): [276, 238, 94, 39, 24, 5, 4, 2, 1]
(0, (0, 1, 0), (2, 2)): [331, 295, 105, 65, 28, 6, 6, 2]
(0, (0, 1, 0), (3, 0)): [28, 31, 14, 8, 4]
(0, (0, 1, 0), (3, 1)): [82, 80, 36, 13, 6, 1, 1]
(0, (0, 1, 0), (3, 2)): [143, 145, 63, 30, 16, 4, 4, 1]
(0, (0, 1, 1), (0, 0)): [100, 166, 186, 92, 45, 25, 7, 6, 1]
(0, (0, 1, 1), (0, 1)): [57, 93, 93, 56, 24, 12, 5, 2]
(0, (0, 1, 1), (0, 2)): [26, 63, 47, 28, 10, 6, 2, 1]
(0, (0, 1, 1), (1, 0)): [32, 58, 73, 28, 19, 10, 2, 3]
(0, (0, 1, 1), (1, 1)): [36, 59, 82, 34, 17, 11, 3, 3]
(0, (0, 1, 1), (1, 2)): [36, 60, 70, 38, 19, 14, 5, 2]
(0, (0, 1, 1), (2, 0)): [8, 12, 20, 9, 5, 3, 1, 1]
(0, (0, 1, 1), (2, 1)): [17, 34, 38, 13, 4, 2, 1, 1]
(0, (0, 1, 1), (2, 2)): [27, 47, 53, 22, 12, 4, 3, 2]
(0, (0, 1, 1), (3, 0)): [1, 0, 4, 3, 1, 1]
(0, (0, 1, 1), (3, 1)): [3, 6, 8, 5, 1, 3]
(0, (0, 1, 1), (3, 2)): [8, 17, 24, 7, 4, 3, 1, 1]
(0, (1, 0, 0), (0, 0)): [6544, 1932, 1436, 654, 298, 132, 58, 15, 15, 6, 1, 1, 1]
(0, (1, 0, 0), (0, 1)): [3522, 1016, 779, 349, 168, 67, 27, 5, 9, 4, 0, 1]
(0, (1, 0, 0), (0, 2)): [1723, 490, 356, 165, 93, 34, 14, 3, 5, 2, 0, 1]
(0, (1, 0, 0), (1, 0)): [2421, 744, 521, 258, 109, 54, 20, 9, 5, 1, 1, 0, 1]
(0, (1, 0, 0), (1, 1)): [2589, 785, 584, 285, 107, 54, 21, 5, 5, 1]
(0, (1, 0, 0), (1, 2)): [2236, 668, 484, 246, 111, 47, 17, 5, 4, 2, 0, 1]
(0, (1, 0, 0), (2, 0)): [699, 223, 156, 69, 30, 17, 7, 4, 1, 0, 0, 0, 1]
(0, (1, 0, 0), (2, 1)): [1151, 355, 267, 130, 46, 28, 9, 3, 0, 0, 0, 0, 1]
(0, (1, 0, 0), (2, 2)): [1519, 477, 320, 176, 75, 33, 11, 6, 2, 2, 0, 1]
(0, (1, 0, 0), (3, 0)): [138, 47, 33, 11, 6, 3, 0, 1, 1]
(0, (1, 0, 0), (3, 1)): [361, 104, 78, 34, 11, 8, 1, 1, 1, 0, 0, 0, 1]
(0, (1, 0, 0), (3, 2)): [696, 211, 144, 73, 29, 22, 4, 4, 2, 1, 0, 1]
(0, (1, 0, 1), (0, 0)): [153, 411, 176, 119, 60, 25, 10, 4, 2, 3, 1, 1]
(0, (1, 0, 1), (0, 1)): [79, 208, 92, 66, 35, 16, 9, 2, 1, 1, 0, 1]
(0, (1, 0, 1), (0, 2)): [30, 111, 40, 34, 16, 8, 5, 1, 0, 0, 0, 1]
(0, (1, 0, 1), (1, 0)): [61, 171, 61, 41, 20, 6, 0, 2, 1, 1, 1]
(0, (1, 0, 1), (1, 1)): [62, 177, 71, 41, 26, 7, 3, 1, 1, 2]
(0, (1, 0, 1), (1, 2)): [52, 147, 52, 45, 24, 8, 2, 2, 1, 2, 0, 1]
(0, (1, 0, 1), (2, 0)): [18, 47, 21, 17, 4, 3, 0, 1, 1]
(0, (1, 0, 1), (2, 1)): [29, 84, 37, 20, 12, 4]
(0, (1, 0, 1), (2, 2)): [33, 98, 32, 28, 13, 6, 1, 1, 0, 1, 0, 1]
(0, (1, 0, 1), (3, 0)): [5, 11, 7, 2, 0, 0, 0, 0, 1]
(0, (1, 0, 1), (3, 1)): [12, 30, 13, 4, 5, 1, 0, 0, 1]
(0, (1, 0, 1), (3, 2)): [18, 32, 16, 11, 8, 4, 0, 1, 1, 0, 0, 1]
(0, (1, 1, 0), (0, 0)): [1023, 563, 378, 292, 145, 69, 31, 9, 11, 3, 1]
(0, (1, 1, 0), (0, 1)): [532, 306, 218, 158, 80, 40, 11, 4, 8, 1, 1]
(0, (1, 1, 0), (0, 2)): [268, 138, 99, 75, 46, 22, 5, 2, 4, 1, 1]
(0, (1, 1, 0), (1, 0)): [388, 196, 125, 113, 49, 27, 14, 5, 2, 1]
(0, (1, 1, 0), (1, 1)): [412, 231, 159, 132, 42, 31, 8, 2, 3]
(0, (1, 1, 0), (1, 2)): [348, 188, 132, 115, 44, 32, 11, 3, 5, 0, 1]
(0, (1, 1, 0), (2, 0)): [110, 58, 33, 29, 16, 8, 7, 3]
(0, (1, 1, 0), (2, 1)): [190, 105, 71, 54, 19, 11, 4, 2]
(0, (1, 1, 0), (2, 2)): [237, 139, 91, 81, 30, 21, 10, 4, 3, 0, 1]
(0, (1, 1, 0), (3, 0)): [19, 10, 7, 5, 5, 2, 0, 1]
(0, (1, 1, 0), (3, 1)): [55, 24, 23, 15, 3, 4, 0, 1]
(0, (1, 1, 0), (3, 2)): [120, 70, 37, 38, 13, 13, 4, 3, 1, 0, 1]
(0, (1, 1, 1), (0, 0)): [104, 191, 135, 87, 75, 40, 14, 4, 3, 1]
(0, (1, 1, 1), (0, 1)): [51, 86, 73, 49, 44, 27, 4, 2, 1]
(0, (1, 1, 1), (0, 2)): [23, 42, 37, 25, 23, 13, 2, 2]
(0, (1, 1, 1), (1, 0)): [40, 80, 47, 33, 28, 11, 8, 1, 1]
(0, (1, 1, 1), (1, 1)): [44, 78, 57, 37, 31, 21, 4, 0, 1]
(0, (1, 1, 1), (1, 2)): [28, 53, 48, 33, 30, 24, 5, 2, 1]
(0, (1, 1, 1), (2, 0)): [13, 29, 12, 9, 8, 4, 3, 1, 1]
(0, (1, 1, 1), (2, 1)): [20, 40, 26, 15, 13, 6, 2, 1]
(0, (1, 1, 1), (2, 2)): [21, 42, 34, 25, 20, 10, 4, 1]
(0, (1, 1, 1), (3, 0)): [4, 5, 5, 2, 1, 1, 0, 0, 1]
(0, (1, 1, 1), (3, 1)): [9, 11, 12, 5, 2, 2, 0, 0, 1]
(0, (1, 1, 1), (3, 2)): [13, 27, 17, 11, 9, 6, 4, 1, 1]
(1, (0, 0, 0), (0, 0)): [28137, 3074, 1267, 480, 209, 75, 20, 11, 1, 1]
(1, (0, 0, 0), (0, 1)): [15042, 1686, 692, 275, 119, 39, 8, 4, 1]
(1, (0, 0, 0), (0, 2)): [7066, 802, 306, 130, 61, 24, 5, 1, 1]
(1, (0, 0, 0), (1, 0)): [10552, 1109, 451, 173, 68, 28, 10, 4]
(1, (0, 0, 0), (1, 1)): [11198, 1225, 510, 191, 77, 27, 7, 6]
(1, (0, 0, 0), (1, 2)): [9474, 1022, 427, 169, 75, 23, 4, 4]
(1, (0, 0, 0), (2, 0)): [3246, 320, 140, 53, 18, 8, 3, 1]
(1, (0, 0, 0), (2, 1)): [5242, 551, 224, 79, 31, 13, 4]
(1, (0, 0, 0), (2, 2)): [6488, 705, 289, 112, 49, 18, 6, 4]
(1, (0, 0, 0), (3, 0)): [602, 58, 30, 14, 3, 1, 1, 1]
(1, (0, 0, 0), (3, 1)): [1564, 167, 77, 30, 7, 5, 2, 1]
(1, (0, 0, 0), (3, 2)): [2842, 313, 143, 45, 24, 9, 5, 1]
(1, (0, 0, 1), (0, 0)): [727, 961, 188, 81, 48, 10, 11, 3, 2, 1]
(1, (0, 0, 1), (0, 1)): [403, 501, 105, 47, 24, 7, 3, 3]
(1, (0, 0, 1), (0, 2)): [214, 259, 52, 25, 14, 4, 1, 1]
(1, (0, 0, 1), (1, 0)): [266, 375, 65, 26, 21, 2, 8, 0, 2, 1]
(1, (0, 0, 1), (1, 1)): [270, 377, 73, 32, 21, 2, 8, 2]
(1, (0, 0, 1), (1, 2)): [243, 340, 70, 29, 18, 4, 4, 2]
(1, (0, 0, 1), (2, 0)): [74, 122, 19, 9, 5, 1, 1, 0, 1, 1]
(1, (0, 0, 1), (2, 1)): [122, 192, 29, 14, 7, 1, 3, 1, 0, 1]
(1, (0, 0, 1), (2, 2)): [168, 231, 41, 16, 8, 3, 3]
(1, (0, 0, 1), (3, 0)): [14, 22, 2, 4, 2]
(1, (0, 0, 1), (3, 1)): [42, 56, 9, 7, 2, 0, 0, 0, 0, 1]
(1, (0, 0, 1), (3, 2)): [75, 108, 21, 7, 4, 0, 1]
(1, (0, 1, 0), (0, 0)): [3628, 1378, 559, 224, 117, 32, 12, 6, 4, 1]
(1, (0, 1, 0), (0, 1)): [1919, 752, 291, 116, 68, 17, 5, 1, 3]
(1, (0, 1, 0), (0, 2)): [905, 375, 136, 56, 31, 7, 4, 0, 1]
(1, (0, 1, 0), (1, 0)): [1373, 498, 217, 88, 35, 11, 6, 3, 1, 1]
(1, (0, 1, 0), (1, 1)): [1438, 521, 217, 88, 52, 14, 4, 2, 3]
(1, (0, 1, 0), (1, 2)): [1210, 469, 183, 80, 45, 8, 2, 1, 1]
(1, (0, 1, 0), (2, 0)): [436, 152, 67, 23, 7, 3, 1, 1]
(1, (0, 1, 0), (2, 1)): [722, 238, 111, 37, 12, 6, 3, 0, 1]
(1, (0, 1, 0), (2, 2)): [849, 313, 123, 62, 22, 6, 4, 1]
(1, (0, 1, 0), (3, 0)): [83, 39, 13, 7, 3, 0, 0, 1]
(1, (0, 1, 0), (3, 1)): [249, 83, 42, 12, 6, 1, 0, 1]
(1, (0, 1, 0), (3, 2)): [379, 145, 70, 29, 11, 3, 3]
(1, (0, 1, 1), (0, 0)): [550, 415, 340, 146, 68, 32, 9, 1, 4, 1, 0, 0, 1]
(1, (0, 1, 1), (0, 1)): [302, 245, 193, 82, 43, 14, 3, 0, 1, 1]
(1, (0, 1, 1), (0, 2)): [162, 128, 92, 48, 25, 7, 3, 0, 1]
(1, (0, 1, 1), (1, 0)): [197, 134, 126, 51, 19, 12, 4, 1, 2, 0, 0, 0, 1]
(1, (0, 1, 1), (1, 1)): [190, 153, 139, 51, 24, 12, 4, 0, 1]
(1, (0, 1, 1), (1, 2)): [183, 134, 123, 59, 22, 10, 5, 0, 1]
(1, (0, 1, 1), (2, 0)): [47, 35, 42, 20, 7, 5, 0, 1, 1, 0, 0, 0, 1]
(1, (0, 1, 1), (2, 1)): [93, 72, 61, 22, 12, 7, 0, 0, 1, 0, 0, 0, 1]
(1, (0, 1, 1), (2, 2)): [112, 90, 86, 33, 18, 9, 3]
(1, (0, 1, 1), (3, 0)): [4, 6, 10, 6, 2, 1, 0, 1]
(1, (0, 1, 1), (3, 1)): [24, 23, 21, 11, 1, 2, 0, 1, 1, 0, 0, 0, 1]
(1, (0, 1, 1), (3, 2)): [56, 43, 44, 16, 7, 6, 1, 1]
(1, (1, 0, 0), (0, 0)): [9610, 1539, 1154, 437, 205, 72, 29, 12, 2, 2, 0, 0, 1]
(1, (1, 0, 0), (0, 1)): [5136, 821, 643, 252, 118, 35, 14, 5, 2, 1]
(1, (1, 0, 0), (0, 2)): [2368, 388, 288, 114, 63, 20, 8, 1, 2]
(1, (1, 0, 0), (1, 0)): [3600, 575, 414, 151, 67, 29, 12, 4, 0, 0, 0, 0, 1]
(1, (1, 0, 0), (1, 1)): [3930, 601, 465, 179, 76, 25, 11, 6]
(1, (1, 0, 0), (1, 2)): [3279, 497, 400, 144, 73, 18, 8, 4]
(1, (1, 0, 0), (2, 0)): [1046, 172, 128, 48, 20, 10, 3, 0, 0, 0, 0, 0, 1]
(1, (1, 0, 0), (2, 1)): [1762, 278, 210, 85, 38, 17, 4, 0, 0, 0, 0, 0, 1]
(1, (1, 0, 0), (2, 2)): [2265, 332, 267, 107, 54, 16, 5, 4]
(1, (1, 0, 0), (3, 0)): [204, 36, 20, 9, 2, 1, 2]
(1, (1, 0, 0), (3, 1)): [527, 100, 57, 20, 8, 4, 2, 0, 0, 0, 0, 0, 1]
(1, (1, 0, 0), (3, 2)): [958, 164, 135, 43, 23, 10, 2, 1]
(1, (1, 0, 1), (0, 0)): [836, 765, 254, 175, 74, 23, 16, 3, 2, 2, 0, 1]
(1, (1, 0, 1), (0, 1)): [452, 430, 137, 97, 43, 16, 7, 1, 1]
(1, (1, 0, 1), (0, 2)): [216, 216, 60, 51, 21, 8, 4, 0, 1]
(1, (1, 0, 1), (1, 0)): [308, 266, 91, 63, 25, 5, 5, 2, 1, 2, 0, 1]
(1, (1, 0, 1), (1, 1)): [318, 291, 102, 70, 32, 7, 3, 2, 1, 1]
(1, (1, 0, 1), (1, 2)): [283, 269, 79, 66, 27, 7, 3, 2, 0, 1]
(1, (1, 0, 1), (2, 0)): [99, 86, 35, 16, 7, 2, 3, 0, 0, 1, 0, 1]
(1, (1, 0, 1), (2, 1)): [152, 151, 46, 28, 11, 4, 2, 0, 0, 1, 0, 1]
(1, (1, 0, 1), (2, 2)): [177, 190, 55, 46, 18, 5, 3, 1]
(1, (1, 0, 1), (3, 0)): [25, 15, 5, 3, 2, 0, 1]
(1, (1, 0, 1), (3, 1)): [56, 40, 13, 8, 3, 2, 1, 0, 0, 1, 0, 1]
(1, (1, 0, 1), (3, 2)): [93, 85, 25, 21, 5, 1, 4]
(1, (1, 1, 0), (0, 0)): [2759, 698, 487, 366, 164, 59, 28, 13, 3, 1]
(1, (1, 1, 0), (0, 1)): [1486, 395, 305, 194, 103, 29, 16, 6, 3]
(1, (1, 1, 0), (0, 2)): [723, 181, 138, 94, 50, 18, 8, 2, 1]
(1, (1, 1, 0), (1, 0)): [1034, 242, 149, 141, 47, 25, 9, 4]
(1, (1, 1, 0), (1, 1)): [1097, 283, 196, 147, 65, 19, 11, 6, 1]
(1, (1, 1, 0), (1, 2)): [941, 239, 160, 129, 59, 15, 11, 2]
(1, (1, 1, 0), (2, 0)): [317, 65, 35, 43, 13, 7, 2, 1]
(1, (1, 1, 0), (2, 1)): [538, 127, 92, 68, 23, 14, 2, 1]
(1, (1, 1, 0), (2, 2)): [666, 159, 99, 91, 36, 16, 8, 3]
(1, (1, 1, 0), (3, 0)): [55, 11, 7, 10, 4, 0, 1]
(1, (1, 1, 0), (3, 1)): [169, 37, 24, 20, 8, 2, 1]
(1, (1, 1, 0), (3, 2)): [309, 69, 44, 39, 21, 11, 3]
(1, (1, 1, 1), (0, 0)): [578, 381, 248, 147, 128, 60, 20, 8, 5, 1]
(1, (1, 1, 1), (0, 1)): [303, 218, 138, 74, 86, 30, 10, 2, 1]
(1, (1, 1, 1), (0, 2)): [138, 110, 69, 41, 47, 17, 6, 1]
(1, (1, 1, 1), (1, 0)): [227, 137, 95, 59, 34, 23, 8, 4, 3]
(1, (1, 1, 1), (1, 1)): [238, 151, 100, 54, 42, 17, 5, 3, 1]
(1, (1, 1, 1), (1, 2)): [195, 150, 83, 58, 47, 22, 5, 2, 1]
(1, (1, 1, 1), (2, 0)): [60, 38, 29, 13, 10, 8, 4, 1, 2]
(1, (1, 1, 1), (2, 1)): [100, 59, 33, 18, 16, 8, 2, 1, 1]
(1, (1, 1, 1), (2, 2)): [128, 82, 49, 35, 31, 16, 5, 3]
(1, (1, 1, 1), (3, 0)): [15, 6, 12, 4, 1, 1, 2, 0, 1]
(1, (1, 1, 1), (3, 1)): [40, 21, 16, 6, 3, 3, 2, 0, 2]
(1, (1, 1, 1), (3, 2)): [72, 34, 28, 15, 17, 9, 3, 0, 1]
(2, (0, 0, 0), (0, 0)): [24957, 1191, 409, 134, 41, 10, 4]
(2, (0, 0, 0), (0, 1)): [13429, 655, 221, 82, 24, 4, 2]
(2, (0, 0, 0), (0, 2)): [6405, 293, 96, 47, 13, 2, 2]
(2, (0, 0, 0), (1, 0)): [9275, 421, 148, 44, 13, 5, 1]
(2, (0, 0, 0), (1, 1)): [9851, 495, 165, 53, 14, 5]
(2, (0, 0, 0), (1, 2)): [8416, 410, 138, 54, 13, 3, 1]
(2, (0, 0, 0), (2, 0)): [2871, 123, 50, 8, 2, 2, 1]
(2, (0, 0, 0), (2, 1)): [4607, 211, 70, 18, 5, 3, 1]
(2, (0, 0, 0), (2, 2)): [5737, 293, 91, 31, 10, 4]
(2, (0, 0, 0), (3, 0)): [530, 22, 13, 2]
(2, (0, 0, 0), (3, 1)): [1383, 60, 24, 7, 1, 1, 1]
(2, (0, 0, 0), (3, 2)): [2564, 121, 43, 11, 4, 1, 1]
(2, (0, 0, 1), (0, 0)): [2354, 556, 138, 57, 14, 5, 1, 0, 1]
(2, (0, 0, 1), (0, 1)): [1257, 293, 82, 37, 7]
(2, (0, 0, 1), (0, 2)): [595, 149, 41, 19, 3]
(2, (0, 0, 1), (1, 0)): [915, 215, 45, 15, 4, 4, 1, 0, 1]
(2, (0, 0, 1), (1, 1)): [981, 212, 53, 23, 4, 2, 1]
(2, (0, 0, 1), (1, 2)): [812, 175, 50, 22, 6, 1, 1]
(2, (0, 0, 1), (2, 0)): [288, 70, 12, 3, 2, 1, 0, 0, 1]
(2, (0, 0, 1), (2, 1)): [453, 114, 19, 9, 1, 1]
(2, (0, 0, 1), (2, 2)): [588, 145, 36, 19, 2, 1, 1]
(2, (0, 0, 1), (3, 0)): [53, 19, 3, 3, 1]
(2, (0, 0, 1), (3, 1)): [136, 34, 7, 3, 1]
(2, (0, 0, 1), (3, 2)): [263, 64, 18, 7, 2]
(2, (0, 1, 0), (0, 0)): [5947, 1107, 374, 112, 47, 8, 1, 1]
(2, (0, 1, 0), (0, 1)): [3181, 624, 199, 66, 24, 4, 1, 1]
(2, (0, 1, 0), (0, 2)): [1537, 299, 98, 35, 11, 2, 1]
(2, (0, 1, 0), (1, 0)): [2199, 385, 137, 33, 17, 3]
(2, (0, 1, 0), (1, 1)): [2313, 433, 138, 39, 14, 4, 0, 1]
(2, (0, 1, 0), (1, 2)): [1989, 392, 128, 34, 13, 3]
(2, (0, 1, 0), (2, 0)): [631, 127, 45, 9, 8, 1]
(2, (0, 1, 0), (2, 1)): [1106, 190, 63, 12, 7, 2]
(2, (0, 1, 0), (2, 2)): [1407, 278, 87, 26, 11, 3]
(2, (0, 1, 0), (3, 0)): [113, 29, 12, 3, 2]
(2, (0, 1, 0), (3, 1)): [314, 64, 25, 7, 4]
(2, (0, 1, 0), (3, 2)): [597, 119, 45, 11, 5, 1]
(2, (0, 1, 1), (0, 0)): [1427, 113, 228, 79, 31, 10, 7, 1]
(2, (0, 1, 1), (0, 1)): [790, 71, 127, 46, 19, 6, 2]
(2, (0, 1, 1), (0, 2)): [394, 32, 61, 27, 10, 3]
(2, (0, 1, 1), (1, 0)): [515, 36, 82, 25, 10, 3, 3, 1]
(2, (0, 1, 1), (1, 1)): [548, 51, 91, 36, 13, 3, 1]
(2, (0, 1, 1), (1, 2)): [474, 47, 71, 27, 11, 2]
(2, (0, 1, 1), (2, 0)): [157, 11, 20, 4, 4, 2, 2, 1]
(2, (0, 1, 1), (2, 1)): [264, 21, 44, 16, 6, 3, 1]
(2, (0, 1, 1), (2, 2)): [302, 33, 50, 18, 9, 2]
(2, (0, 1, 1), (3, 0)): [34, 1, 4, 0, 1, 0, 1, 1]
(2, (0, 1, 1), (3, 1)): [85, 5, 17, 6, 1, 2, 2, 1]
(2, (0, 1, 1), (3, 2)): [145, 8, 34, 13, 5, 3, 0, 1]
(2, (1, 0, 0), (0, 0)): [11591, 780, 637, 200, 62, 18, 12, 2]
(2, (1, 0, 0), (0, 1)): [6219, 402, 351, 121, 28, 7, 4, 2]
(2, (1, 0, 0), (0, 2)): [2969, 194, 160, 65, 17, 4, 3]
(2, (1, 0, 0), (1, 0)): [4335, 299, 227, 62, 27, 9, 6]
(2, (1, 0, 0), (1, 1)): [4689, 343, 251, 73, 25, 9, 3, 1]
(2, (1, 0, 0), (1, 2)): [4013, 286, 215, 69, 19, 6, 2, 1]
(2, (1, 0, 0), (2, 0)): [1272, 71, 78, 19, 6, 2, 2]
(2, (1, 0, 0), (2, 1)): [2125, 134, 109, 35, 13, 3, 2]
(2, (1, 0, 0), (2, 2)): [2668, 181, 150, 50, 18, 6, 1, 1]
(2, (1, 0, 0), (3, 0)): [243, 13, 20, 3, 0, 0, 1]
(2, (1, 0, 0), (3, 1)): [629, 43, 35, 10, 1, 1, 2]
(2, (1, 0, 0), (3, 2)): [1173, 88, 75, 20, 8, 3, 2, 1]
(2, (1, 0, 1), (0, 0)): [2165, 444, 200, 117, 40, 16, 6, 1, 1]
(2, (1, 0, 1), (0, 1)): [1201, 221, 108, 60, 19, 7, 2]
(2, (1, 0, 1), (0, 2)): [595, 98, 43, 25, 9, 4, 2]
(2, (1, 0, 1), (1, 0)): [795, 169, 70, 45, 17, 8, 3, 1, 1]
(2, (1, 0, 1), (1, 1)): [826, 173, 81, 44, 17, 7, 1, 1]
(2, (1, 0, 1), (1, 2)): [739, 141, 70, 36, 12, 4, 3, 1]
(2, (1, 0, 1), (2, 0)): [261, 52, 21, 15, 6, 1, 2, 0, 1]
(2, (1, 0, 1), (2, 1)): [413, 73, 36, 21, 6, 4, 1]
(2, (1, 0, 1), (2, 2)): [486, 103, 52, 30, 6, 6, 1]
(2, (1, 0, 1), (3, 0)): [53, 15, 5, 3, 3]
(2, (1, 0, 1), (3, 1)): [139, 25, 12, 4, 3, 0, 1]
(2, (1, 0, 1), (3, 2)): [229, 47, 23, 13, 3, 3, 1]
(2, (1, 1, 0), (0, 0)): [4465, 592, 310, 220, 69, 19, 8, 6]
(2, (1, 1, 0), (0, 1)): [2367, 334, 146, 127, 37, 5, 3, 4]
(2, (1, 1, 0), (0, 2)): [1140, 154, 64, 69, 16, 4, 2, 1]
(2, (1, 1, 0), (1, 0)): [1664, 206, 131, 72, 25, 9, 3, 1]
(2, (1, 1, 0), (1, 1)): [1755, 245, 114, 81, 28, 6, 2, 2]
(2, (1, 1, 0), (1, 2)): [1509, 208, 88, 73, 23, 6, 1, 1]
(2, (1, 1, 0), (2, 0)): [492, 54, 43, 21, 8, 2, 0, 1]
(2, (1, 1, 0), (2, 1)): [802, 100, 60, 43, 14, 1, 1]
(2, (1, 1, 0), (2, 2)): [1031, 138, 67, 58, 20, 4, 2, 1]
(2, (1, 1, 0), (3, 0)): [106, 13, 10, 3, 2, 1]
(2, (1, 1, 0), (3, 1)): [242, 31, 19, 14, 5, 1]
(2, (1, 1, 0), (3, 2)): [484, 64, 34, 24, 10, 3, 1, 1]
(2, (1, 1, 1), (0, 0)): [1439, 186, 210, 91, 85, 30, 7, 4, 2]
(2, (1, 1, 1), (0, 1)): [738, 101, 97, 59, 52, 12, 4, 2, 1]
(2, (1, 1, 1), (0, 2)): [369, 51, 42, 31, 27, 8, 2, 1]
(2, (1, 1, 1), (1, 0)): [576, 73, 87, 28, 26, 12, 3, 2, 1]
(2, (1, 1, 1), (1, 1)): [549, 74, 83, 31, 31, 7, 3, 2]
(2, (1, 1, 1), (1, 2)): [491, 69, 58, 37, 32, 5, 3, 2]
(2, (1, 1, 1), (2, 0)): [159, 24, 28, 9, 8, 4, 1, 1, 1]
(2, (1, 1, 1), (2, 1)): [266, 38, 44, 15, 13, 6, 0, 0, 1]
(2, (1, 1, 1), (2, 2)): [336, 54, 51, 22, 24, 5, 1, 1]
(2, (1, 1, 1), (3, 0)): [34, 2, 7, 1, 1, 0, 1, 1]
(2, (1, 1, 1), (3, 1)): [87, 12, 13, 4, 2, 1, 1, 1, 1]
(2, (1, 1, 1), (3, 2)): [168, 26, 26, 12, 13, 4, 1, 2]
