(0, (0, 0, 0)): [86000, 16997, 7871, 3492, 1587, 706, 258, 99, 41, 16, 6, 4, 1]
(0, (0, 0, 1)): [321, 855, 216, 112, 46, 35, 8, 5, 1, 4]
(0, (0, 1, 0)): [2790, 2398, 954, 462, 219, 90, 34, 13, 8, 3, 0, 0, 1]
(0, (0, 1, 1)): [269, 405, 464, 198, 133, 50, 19, 12, 5, 3, 1]
(0, (1, 0, 0)): [18438, 5480, 3787, 1788, 888, 423, 154, 61, 33, 8, 2, 2]
(0, (1, 0, 1)): [412, 1257, 470, 334, 171, 81, 37, 13, 6, 3, 1]
(0, (1, 1, 0)): [2669, 1493, 1067, 780, 436, 198, 87, 36, 16, 3, 0, 1]
(0, (1, 1, 1)): [324, 444, 366, 239, 220, 102, 50, 26, 11, 6]
(1, (0, 0, 0)): [69999, 7793, 3174, 1225, 510, 181, 65, 22, 8, 4, 5, 1]
(1, (0, 0, 1)): [1608, 2169, 430, 161, 67, 44, 10, 3, 2]
(1, (0, 1, 0)): [8589, 3434, 1366, 576, 254, 94, 15, 6, 3, 1, 2]
(1, (0, 1, 1)): [1466, 1022, 915, 358, 224, 84, 35, 16, 4]
(1, (1, 0, 0)): [26429, 4276, 2984, 1274, 540, 211, 68, 32, 12, 5, 1]
(1, (1, 0, 1)): [2155, 2192, 666, 491, 239, 79, 32, 14, 2, 2]
(1, (1, 1, 0)): [7339, 2119, 1377, 1060, 458, 193, 61, 30, 13, 2]
(1, (1, 1, 1)): [1609, 1056, 719, 438, 373, 146, 56, 29, 5, 2]
(2, (0, 0, 0)): [61191, 2971, 1002, 307, 109, 30, 18, 2, 0, 1, 1]
(2, (0, 0, 1)): [4825, 1405, 280, 102, 28, 16, 1, 1]
(2, (0, 1, 0)): [13566, 2707, 816, 290, 98, 26, 8, 0, 0, 1, 1]
(2, (0, 1, 1)): [3052, 271, 633, 163, 67, 25, 10, 1]
(2, (1, 0, 0)): [32101, 2130, 1636, 476, 161, 51, 23, 6, 0, 2, 1]
(2, (1, 0, 1)): [5243, 1186, 401, 268, 105, 35, 10, 2, 2]
(2, (1, 1, 0)): [12681, 1856, 890, 682, 223, 72, 21, 8, 1, 3]
(2, (1, 1, 1)): [3678, 503, 571, 269, 221, 70, 23, 9, 2]
