(0, (0, 0, 0)): [32375, 6690, 2981, 1383, 615, 264, 105, 50, 17, 5, 1, 2, 0, 1]
(0, (0, 0, 1)): [100, 296, 95, 54, 23, 9, 6, 0, 1]
(0, (0, 1, 0)): [1165, 1222, 480, 239, 106, 49, 18, 6, 3, 2]
(0, (0, 1, 1)): [94, 160, 201, 81, 36, 35, 8, 5, 3, 0, 0, 2]
(0, (1, 0, 0)): [6196, 2208, 1404, 719, 330, 160, 56, 28, 8, 4, 1, 2, 0, 1]
(0, (1, 0, 1)): [126, 486, 199, 136, 79, 33, 16, 5, 2, 1]
(0, (1, 1, 0)): [885, 619, 456, 328, 167, 76, 31, 16, 4, 4]
(0, (1, 1, 1)): [80, 179, 139, 92, 93, 45, 20, 10, 4, 1]
(1, (0, 0, 0)): [25132, 3006, 1210, 476, 189, 73, 30, 15, 4, 1]
(1, (0, 0, 1)): [693, 1076, 202, 90, 33, 34, 4, 0, 4]
(1, (0, 1, 0)): [3456, 1542, 581, 242, 102, 45, 16, 10, 3, 1]
(1, (0, 1, 1)): [495, 451, 386, 148, 88, 27, 13, 7, 1, 1]
(1, (1, 0, 0)): [9141, 1689, 1108, 459, 191, 73, 30, 14, 2, 0, 1]
(1, (1, 0, 1)): [779, 929, 275, 201, 85, 34, 11, 7, 3, 1]
(1, (1, 1, 0)): [2626, 841, 540, 388, 148, 63, 28, 6, 2, 1, 1]
(1, (1, 1, 1)): [524, 480, 295, 185, 152, 59, 22, 5, 0, 1]
(2, (0, 0, 0)): [22163, 1092, 354, 112, 48, 10, 3, 4, 1, 1]
(2, (0, 0, 1)): [2196, 587, 149, 44, 18, 7, 3]
(2, (0, 1, 0)): [5587, 1109, 341, 104, 39, 15, 2, 1]
(2, (0, 1, 1)): [1331, 123, 262, 81, 32, 7, 3, 2, 0, 1]
(2, (1, 0, 0)): [10966, 767, 519, 179, 72, 18, 5, 6, 0, 1]
(2, (1, 0, 1)): [2150, 492, 222, 124, 34, 20, 5, 2, 1]
(2, (1, 1, 0)): [4514, 681, 358, 267, 90, 25, 11, 6]
(2, (1, 1, 1)): [1345, 192, 217, 135, 83, 27, 11, 2, 1]
