(0, (0, 0, 0)): [62, 18, 6, 0, 1, 2, 1]
(0, (0, 1, 0)): [2, 5, 1, 1]
(0, (0, 1, 1)): [0, 1, 0, 0, 0, 1]
(0, (1, 0, 0)): [11, 8, 3, 0, 0, 1, 1]
(0, (1, 0, 1)): [0, 1, 0, 0, 0, 0, 1]
(0, (1, 1, 0)): [4]
(1, (0, 0, 0)): [50, 6, 2, 0, 1, 1]
(1, (0, 0, 1)): [3, 4, 1, 2, 1]
(1, (0, 1, 0)): [6, 10, 2, 1, 1, 1]
(1, (0, 1, 1)): [2, 0, 2]
(1, (1, 0, 0)): [23, 4, 4, 0, 0, 2]
(1, (1, 0, 1)): [2, 0, 0, 0, 1]
(1, (1, 1, 0)): [4, 1, 1]
(1, (1, 1, 1)): [3, 1]
(2, (0, 0, 0)): [42, 2, 0, 0, 1]
(2, (0, 0, 1)): [4, 5, 1]
(2, (0, 1, 0)): [15, 5, 1]
(2, (0, 1, 1)): [4, 0, 3]
(2, (1, 0, 0)): [27, 3, 0, 1, 1]
(2, (1, 0, 1)): [2, 1, 2]
(2, (1, 1, 0)): [9, 2, 0, 1, 1]
(2, (1, 1, 1)): [4, 0, 2, 0, 1]
