(0, (0, 0, 0), (0, 0)): [9031, 1653, 694, 297, 109, 65, 22, 2, 3, 0, 1]
(0, (0, 0, 0), (0, 1)): [52, 8, 3, 1, 2]
(0, (0, 0, 0), (0, 2)): [16, 2, 0, 0, 2]
(0, (0, 0, 0), (1, 0)): [42, 4, 2, 2, 2, 1]
(0, (0, 0, 0), (1, 1)): [41, 4, 4, 1, 1]
(0, (0, 0, 0), (1, 2)): [20, 3, 1, 1, 1]
(0, (0, 0, 0), (2, 0)): [19, 3, 0, 1, 1, 1]
(0, (0, 0, 0), (2, 1)): [27, 1, 1, 1]
(0, (0, 0, 0), (2, 2)): [20, 2, 0, 0, 1]
(0, (0, 0, 0), (3, 0)): [6, 3, 0, 0, 1, 1]
(0, (0, 0, 0), (3, 1)): [11, 3, 0, 1]
(0, (0, 0, 0), (3, 2)): [9, 2, 0, 1, 1]
(0, (0, 0, 1), (0, 0)): [47, 95, 39, 17, 5, 4, 2, 1]
(0, (0, 0, 1), (1, 0)): [0, 0, 1, 0, 1]
(0, (0, 0, 1), (1, 1)): [0, 0, 1, 0, 1]
(0, (0, 0, 1), (1, 2)): [0, 0, 1, 0, 1]
(0, (0, 0, 1), (2, 2)): [0, 0, 1, 0, 1]
(0, (0, 1, 0), (0, 0)): [280, 271, 83, 41, 14, 7, 6, 1, 1]
(0, (0, 1, 0), (0, 1)): [0, 1]
(0, (0, 1, 0), (1, 0)): [1, 1]
(0, (0, 1, 0), (1, 1)): [1, 2]
(0, (0, 1, 0), (1, 2)): [0, 1]
(0, (0, 1, 0), (2, 1)): [1, 1]
(0, (0, 1, 0), (2, 2)): [1, 1]
(0, (0, 1, 0), (3, 2)): [1]
(0, (0, 1, 1), (0, 0)): [20, 38, 36, 24, 10, 7, 3, 1]
(0, (0, 1, 1), (1, 0)): [1]
(0, (0, 1, 1), (1, 1)): [1]
(0, (0, 1, 1), (1, 2)): [1]
(0, (1, 0, 0), (0, 0)): [1954, 725, 350, 180, 62, 42, 14, 2, 1, 0, 1]
(0, (1, 0, 0), (0, 1)): [11, 1, 2, 2]
(0, (1, 0, 0), (0, 2)): [3, 0, 0, 1]
(0, (1, 0, 0), (1, 0)): [10, 3, 0, 1]
(0, (1, 0, 0), (1, 1)): [4, 1, 1]
(0, (1, 0, 0), (1, 2)): [3, 0, 1]
(0, (1, 0, 0), (2, 0)): [4, 1, 0, 1]
(0, (1, 0, 0), (2, 1)): [3, 1]
(0, (1, 0, 0), (2, 2)): [2, 1, 1]
(0, (1, 0, 0), (3, 0)): [1, 1, 0, 1]
(0, (1, 0, 0), (3, 1)): [0, 0, 0, 1]
(0, (1, 0, 0), (3, 2)): [0, 1, 0, 1]
(0, (1, 0, 1), (0, 0)): [43, 112, 49, 36, 11, 7, 5]
(0, (1, 0, 1), (0, 1)): [0, 1]
(0, (1, 0, 1), (1, 0)): [0, 1]
(0, (1, 0, 1), (1, 1)): [0, 1]
(0, (1, 0, 1), (1, 2)): [0, 1]
(0, (1, 0, 1), (2, 0)): [0, 1]
(0, (1, 0, 1), (2, 2)): [0, 1]
(0, (1, 1, 0), (0, 0)): [237, 168, 123, 77, 37, 24, 5, 2, 1, 0, 1]
(0, (1, 1, 0), (0, 1)): [1, 2]
(0, (1, 1, 0), (0, 2)): [0, 1]
(0, (1, 1, 0), (1, 0)): [0, 1, 0, 1]
(0, (1, 1, 0), (1, 1)): [0, 1, 0, 1]
(0, (1, 1, 0), (2, 1)): [0, 1]
(0, (1, 1, 1), (0, 0)): [23, 52, 38, 44, 17, 12, 3, 3, 1, 0, 1]
(0, (1, 1, 1), (0, 1)): [0, 0, 0, 1]
(0, (1, 1, 1), (0, 2)): [0, 0, 0, 1]
(1, (0, 0, 0), (0, 0)): [7135, 658, 264, 85, 33, 18, 2]
(1, (0, 0, 0), (0, 1)): [40, 1, 1, 0, 1]
(1, (0, 0, 0), (0, 2)): [6]
(1, (0, 0, 0), (1, 0)): [30, 4, 2, 0, 0, 1]
(1, (0, 0, 0), (1, 1)): [34, 2]
(1, (0, 0, 0), (1, 2)): [12]
(1, (0, 0, 0), (2, 0)): [10, 0, 1]
(1, (0, 0, 0), (2, 1)): [18]
(1, (0, 0, 0), (2, 2)): [12]
(1, (0, 0, 0), (3, 0)): [3, 0, 1]
(1, (0, 0, 0), (3, 1)): [8, 0, 1]
(1, (0, 0, 0), (3, 2)): [8, 0, 1]
(1, (0, 0, 1), (0, 0)): [275, 377, 71, 22, 8, 5, 2, 1]
(1, (0, 0, 1), (0, 1)): [2, 1]
(1, (0, 0, 1), (0, 2)): [0, 1]
(1, (0, 0, 1), (1, 0)): [2, 1, 2]
(1, (0, 0, 1), (1, 1)): [1, 0, 1]
(1, (0, 0, 1), (2, 0)): [1, 0, 1]
(1, (0, 0, 1), (3, 0)): [0, 0, 1]
(1, (0, 1, 0), (0, 0)): [1109, 541, 170, 54, 18, 7, 1]
(1, (0, 1, 0), (0, 1)): [4, 3, 0, 1]
(1, (0, 1, 0), (0, 2)): [2, 1]
(1, (0, 1, 0), (1, 0)): [5, 3, 1, 1]
(1, (0, 1, 0), (1, 1)): [2, 2, 1, 1]
(1, (0, 1, 0), (1, 2)): [1, 0, 1, 1]
(1, (0, 1, 0), (2, 0)): [1, 1, 0, 1]
(1, (0, 1, 0), (2, 1)): [0, 1]
(1, (0, 1, 0), (2, 2)): [1, 0, 1, 1]
(1, (0, 1, 0), (3, 0)): [0, 1, 0, 1]
(1, (0, 1, 0), (3, 2)): [1, 0, 0, 1]
(1, (0, 1, 1), (0, 0)): [203, 143, 157, 62, 17, 16, 2]
(1, (0, 1, 1), (0, 1)): [0, 0, 0, 1]
(1, (0, 1, 1), (1, 0)): [1, 0, 0, 0, 1]
(1, (0, 1, 1), (1, 1)): [0, 0, 0, 1]
(1, (0, 1, 1), (2, 0)): [1]
(1, (0, 1, 1), (2, 1)): [1]
(1, (0, 1, 1), (2, 2)): [1]
(1, (0, 1, 1), (3, 2)): [1]
(1, (1, 0, 0), (0, 0)): [2795, 497, 261, 112, 36, 26, 3]
(1, (1, 0, 0), (0, 1)): [16, 0, 1, 0, 2]
(1, (1, 0, 0), (0, 2)): [2, 0, 1]
(1, (1, 0, 0), (1, 0)): [14]
(1, (1, 0, 0), (1, 1)): [16, 0, 0, 0, 1]
(1, (1, 0, 0), (1, 2)): [7, 0, 1, 0, 1]
(1, (1, 0, 0), (2, 0)): [3]
(1, (1, 0, 0), (2, 1)): [5]
(1, (1, 0, 0), (2, 2)): [4]
(1, (1, 0, 0), (3, 0)): [1]
(1, (1, 0, 0), (3, 2)): [1]
(1, (1, 0, 1), (0, 0)): [223, 256, 98, 43, 20, 12, 3]
(1, (1, 0, 1), (0, 1)): [1, 1, 1]
(1, (1, 0, 1), (0, 2)): [1, 0, 1]
(1, (1, 0, 1), (1, 0)): [1, 1]
(1, (1, 0, 1), (1, 1)): [1]
(1, (1, 0, 1), (1, 2)): [1, 0, 1]
(1, (1, 0, 1), (2, 0)): [0, 1]
(1, (1, 0, 1), (2, 2)): [0, 0, 1]
(1, (1, 0, 1), (3, 2)): [0, 0, 1]
(1, (1, 1, 0), (0, 0)): [640, 202, 148, 85, 30, 19, 3]
(1, (1, 1, 0), (0, 1)): [5, 1, 0, 1]
(1, (1, 1, 0), (0, 2)): [1, 1]
(1, (1, 1, 0), (1, 0)): [4, 0, 0, 1, 1]
(1, (1, 1, 0), (1, 1)): [5, 0, 0, 0, 1]
(1, (1, 1, 0), (1, 2)): [2, 1]
(1, (1, 1, 0), (2, 0)): [2, 0, 0, 1]
(1, (1, 1, 0), (2, 1)): [2, 0, 0, 1]
(1, (1, 1, 0), (2, 2)): [1]
(1, (1, 1, 0), (3, 0)): [1]
(1, (1, 1, 0), (3, 2)): [1]
(1, (1, 1, 1), (0, 0)): [121, 100, 71, 42, 24, 17, 1, 1]
(1, (1, 1, 1), (0, 1)): [1]
(1, (1, 1, 1), (1, 0)): [0, 1, 1, 1]
(1, (1, 1, 1), (1, 1)): [0, 0, 1, 1]
(1, (1, 1, 1), (1, 2)): [0, 0, 0, 1]
(1, (1, 1, 1), (2, 0)): [0, 1]
(1, (1, 1, 1), (2, 1)): [0, 1]
(1, (1, 1, 1), (2, 2)): [0, 1]
(2, (0, 0, 0), (0, 0)): [6084, 208, 65, 19, 6, 2, 1]
(2, (0, 0, 0), (0, 1)): [31, 1]
(2, (0, 0, 0), (0, 2)): [7, 1]
(2, (0, 0, 0), (1, 0)): [30, 2]
(2, (0, 0, 0), (1, 1)): [23]
(2, (0, 0, 0), (1, 2)): [13, 1]
(2, (0, 0, 0), (2, 0)): [13]
(2, (0, 0, 0), (2, 1)): [16]
(2, (0, 0, 0), (2, 2)): [11, 1]
(2, (0, 0, 0), (3, 0)): [3]
(2, (0, 0, 0), (3, 1)): [9]
(2, (0, 0, 0), (3, 2)): [9, 1]
(2, (0, 0, 1), (0, 0)): [748, 294, 40, 7, 3, 1, 2]
(2, (0, 0, 1), (0, 1)): [3, 2, 1]
(2, (0, 0, 1), (0, 2)): [1, 0, 1]
(2, (0, 0, 1), (1, 0)): [3, 2, 1]
(2, (0, 0, 1), (1, 1)): [1, 3]
(2, (0, 0, 1), (1, 2)): [1, 3, 1]
(2, (0, 0, 1), (2, 0)): [3, 0, 1]
(2, (0, 0, 1), (2, 1)): [1]
(2, (0, 0, 1), (2, 2)): [2, 1, 1]
(2, (0, 0, 1), (3, 0)): [1]
(2, (0, 0, 1), (3, 1)): [1]
(2, (0, 0, 1), (3, 2)): [3, 0, 1]
(2, (0, 1, 0), (0, 0)): [1807, 395, 99, 29, 6, 3]
(2, (0, 1, 0), (0, 1)): [2, 2]
(2, (0, 1, 0), (0, 2)): [1]
(2, (0, 1, 0), (1, 0)): [13, 2, 1]
(2, (0, 1, 0), (1, 1)): [8, 4]
(2, (0, 1, 0), (1, 2)): [4, 2]
(2, (0, 1, 0), (2, 0)): [4]
(2, (0, 1, 0), (2, 1)): [4, 2]
(2, (0, 1, 0), (2, 2)): [6, 1]
(2, (0, 1, 0), (3, 1)): [0, 2]
(2, (0, 1, 0), (3, 2)): [2, 1]
(2, (0, 1, 1), (0, 0)): [437, 41, 108, 21, 6, 3]
(2, (0, 1, 1), (0, 1)): [6]
(2, (0, 1, 1), (0, 2)): [2]
(2, (0, 1, 1), (1, 0)): [1, 0, 0, 0, 1]
(2, (0, 1, 1), (1, 1)): [4]
(2, (0, 1, 1), (1, 2)): [3]
(2, (0, 1, 1), (2, 0)): [1]
(2, (0, 1, 1), (2, 1)): [3]
(2, (0, 1, 1), (2, 2)): [3]
(2, (0, 1, 1), (3, 0)): [1]
(2, (0, 1, 1), (3, 1)): [1]
(2, (0, 1, 1), (3, 2)): [1]
(2, (1, 0, 0), (0, 0)): [3384, 253, 99, 28, 9, 5, 1]
(2, (1, 0, 0), (0, 1)): [11]
(2, (1, 0, 0), (0, 2)): [1]
(2, (1, 0, 0), (1, 0)): [18, 1, 1]
(2, (1, 0, 0), (1, 1)): [14]
(2, (1, 0, 0), (1, 2)): [7]
(2, (1, 0, 0), (2, 0)): [3, 1]
(2, (1, 0, 0), (2, 1)): [4]
(2, (1, 0, 0), (2, 2)): [3]
(2, (1, 0, 0), (3, 0)): [1]
(2, (1, 0, 0), (3, 1)): [1]
(2, (1, 0, 0), (3, 2)): [1]
(2, (1, 0, 1), (0, 0)): [503, 157, 65, 18, 5, 1]
(2, (1, 0, 1), (0, 1)): [4]
(2, (1, 0, 1), (0, 2)): [1]
(2, (1, 0, 1), (1, 0)): [3]
(2, (1, 0, 1), (1, 1)): [2]
(2, (1, 0, 1), (2, 0)): [2]
(2, (1, 0, 1), (3, 0)): [1]
(2, (1, 0, 1), (3, 1)): [1]
(2, (1, 1, 0), (0, 0)): [1032, 145, 64, 35, 14, 7]
(2, (1, 1, 0), (0, 1)): [4, 0, 1]
(2, (1, 1, 0), (0, 2)): [1]
(2, (1, 1, 0), (1, 0)): [0, 2]
(2, (1, 1, 0), (1, 1)): [1]
(2, (1, 1, 0), (1, 2)): [2]
(2, (1, 1, 0), (2, 2)): [2]
(2, (1, 1, 1), (0, 0)): [281, 40, 37, 29, 13, 7]
(2, (1, 1, 1), (0, 1)): [1]
(2, (1, 1, 1), (1, 0)): [2]
(2, (1, 1, 1), (1, 1)): [2]
(2, (1, 1, 1), (2, 1)): [2]
(2, (1, 1, 1), (2, 2)): [2]
(2, (1, 1, 1), (3, 2)): [2]
