(0, (0, 0, 0), (0, 0)): [564727, 114889, 54452, 25177, 11483, 5084, 2120, 917, 388, 192, 81, 37, 21, 5, 3, 1, 0, 1]
(0, (0, 0, 0), (0, 1)): [7148, 1401, 679, 287, 152, 62, 21, 9, 3, 5, 1, 0, 2, 1, 0, 1]
(0, (0, 0, 0), (0, 2)): [2401, 429, 222, 87, 47, 10, 7, 7, 0, 1, 0, 0, 1]
(0, (0, 0, 0), (1, 0)): [6801, 1538, 840, 369, 192, 78, 40, 14, 4, 2, 1]
(0, (0, 0, 0), (1, 1)): [6184, 1251, 667, 299, 152, 65, 22, 8, 5, 2, 2, 0, 1, 1, 0, 1]
(0, (0, 0, 0), (1, 2)): [3734, 672, 356, 126, 80, 24, 11, 7, 3, 1, 0, 0, 2]
(0, (0, 0, 0), (2, 0)): [2325, 592, 323, 154, 88, 34, 20, 6, 1, 1]
(0, (0, 0, 0), (2, 1)): [3421, 756, 399, 214, 98, 46, 22, 7, 1, 0, 1, 0, 0, 1]
(0, (0, 0, 0), (2, 2)): [3068, 601, 303, 132, 79, 28, 10, 7, 1, 1, 1, 0, 2]
(0, (0, 0, 0), (3, 0)): [806, 216, 148, 69, 40, 20, 8, 1, 1]
(0, (0, 0, 0), (3, 1)): [1425, 366, 231, 124, 53, 25, 14, 3, 2]
(0, (0, 0, 0), (3, 2)): [1923, 397, 261, 120, 61, 21, 9, 4, 2, 1, 0, 0, 2]
(0, (0, 0, 1), (0, 0)): [2408, 7925, 2254, 1051, 538, 223, 107, 61, 26, 12, 4, 1, 3, 1]
(0, (0, 0, 1), (0, 1)): [25, 68, 32, 6, 7, 3, 2, 0, 0, 0, 0, 0, 0, 1]
(0, (0, 0, 1), (0, 2)): [10, 23, 10, 2, 3]
(0, (0, 0, 1), (1, 0)): [33, 70, 20, 16, 9, 5, 1, 1, 1]
(0, (0, 0, 1), (1, 1)): [22, 50, 21, 7, 7, 4, 1, 0, 0, 0, 0, 0, 0, 1]
(0, (0, 0, 1), (1, 2)): [15, 32, 13, 5, 4, 0, 1]
(0, (0, 0, 1), (2, 0)): [20, 31, 11, 8, 3, 3, 1, 1, 1]
(0, (0, 0, 1), (2, 1)): [21, 27, 14, 4, 6, 3]
(0, (0, 0, 1), (2, 2)): [19, 18, 11, 3, 3, 1]
(0, (0, 0, 1), (3, 0)): [4, 18, 6, 5, 0, 1, 1, 1, 1]
(0, (0, 0, 1), (3, 1)): [7, 11, 6, 3, 3, 2, 0, 1]
(0, (0, 0, 1), (3, 2)): [13, 12, 4, 2, 2, 3, 0, 1]
(0, (0, 1, 0), (0, 0)): [18300, 18429, 7211, 3416, 1728, 791, 330, 147, 67, 40, 14, 5, 2, 0, 1]
(0, (0, 1, 0), (0, 1)): [210, 188, 83, 38, 10, 10, 4, 2]
(0, (0, 1, 0), (0, 2)): [78, 52, 24, 11, 1, 6, 1]
(0, (0, 1, 0), (1, 0)): [218, 214, 79, 47, 25, 15, 6, 0, 1]
(0, (0, 1, 0), (1, 1)): [180, 160, 67, 34, 13, 7, 5, 2]
(0, (0, 1, 0), (1, 2)): [114, 96, 32, 21, 7, 7, 2]
(0, (0, 1, 0), (2, 0)): [76, 78, 34, 21, 12, 10, 2, 0, 1]
(0, (0, 1, 0), (2, 1)): [88, 73, 38, 21, 5, 11, 4, 2]
(0, (0, 1, 0), (2, 2)): [81, 63, 35, 15, 4, 6, 4, 1]
(0, (0, 1, 0), (3, 0)): [36, 33, 16, 14, 8, 2, 1, 0, 1]
(0, (0, 1, 0), (3, 1)): [43, 39, 21, 13, 10, 4, 1, 1]
(0, (0, 1, 0), (3, 2)): [51, 43, 30, 11, 8, 4, 3]
(0, (0, 1, 1), (0, 0)): [1613, 2949, 3781, 1700, 931, 441, 191, 88, 46, 17, 6, 5, 0, 1, 1, 0, 0, 1]
(0, (0, 1, 1), (0, 1)): [12, 22, 43, 19, 12, 3, 3, 1]
(0, (0, 1, 1), (0, 2)): [3, 6, 18, 7, 7, 1, 1, 1]
(0, (0, 1, 1), (1, 0)): [27, 41, 59, 30, 19, 6, 4, 2, 1, 0, 0, 1]
(0, (0, 1, 1), (1, 1)): [12, 24, 31, 15, 11, 2, 3]
(0, (0, 1, 1), (1, 2)): [5, 7, 16, 10, 7, 2, 2, 1]
(0, (0, 1, 1), (2, 0)): [19, 25, 30, 18, 9, 4, 2, 2, 1, 0, 0, 1]
(0, (0, 1, 1), (2, 1)): [11, 19, 25, 12, 8, 2, 2, 1]
(0, (0, 1, 1), (2, 2)): [11, 9, 18, 8, 4, 2, 1, 1]
(0, (0, 1, 1), (3, 0)): [11, 14, 14, 15, 7, 3, 0, 1, 0, 0, 0, 1]
(0, (0, 1, 1), (3, 1)): [6, 11, 9, 8, 6]
(0, (0, 1, 1), (3, 2)): [9, 6, 15, 6, 4, 2, 1, 1]
(0, (1, 0, 0), (0, 0)): [125370, 43301, 27441, 13725, 6664, 3062, 1316, 579, 251, 126, 56, 22, 13, 3, 2, 1, 0, 1]
(0, (1, 0, 0), (0, 1)): [1506, 427, 338, 152, 84, 38, 12, 6, 2]
(0, (1, 0, 0), (0, 2)): [539, 113, 115, 36, 27, 8, 4, 1, 1]
(0, (1, 0, 0), (1, 0)): [1389, 491, 340, 176, 105, 27, 25, 5, 1, 4, 1]
(0, (1, 0, 0), (1, 1)): [1190, 371, 249, 140, 64, 23, 13, 6, 2, 2]
(0, (1, 0, 0), (1, 2)): [705, 174, 148, 57, 32, 14, 7, 1, 1]
(0, (1, 0, 0), (2, 0)): [433, 175, 118, 67, 48, 16, 7, 3, 0, 2, 1]
(0, (1, 0, 0), (2, 1)): [606, 182, 131, 85, 53, 15, 7, 4, 1, 3]
(0, (1, 0, 0), (2, 2)): [511, 139, 115, 51, 34, 7, 6, 3, 1, 2]
(0, (1, 0, 0), (3, 0)): [137, 62, 49, 32, 23, 6, 1, 3, 0, 1]
(0, (1, 0, 0), (3, 1)): [242, 85, 57, 40, 33, 9, 3, 1, 1, 1]
(0, (1, 0, 0), (3, 2)): [279, 94, 59, 35, 32, 9, 3, 1, 0, 2]
(0, (1, 0, 1), (0, 0)): [2814, 9473, 3915, 2694, 1461, 686, 344, 151, 71, 30, 12, 9, 4, 0, 1, 0, 0, 1]
(0, (1, 0, 1), (0, 1)): [31, 98, 46, 31, 12, 7, 5, 1, 1, 0, 0, 0, 1]
(0, (1, 0, 1), (0, 2)): [12, 37, 10, 11, 5, 4, 3, 0, 1]
(0, (1, 0, 1), (1, 0)): [26, 114, 42, 39, 16, 8, 0, 1, 2]
(0, (1, 0, 1), (1, 1)): [24, 82, 28, 29, 10, 6, 2, 1, 2]
(0, (1, 0, 1), (1, 2)): [12, 40, 12, 13, 7, 4, 1, 1, 2]
(0, (1, 0, 1), (2, 0)): [10, 48, 22, 15, 7, 4, 0, 1]
(0, (1, 0, 1), (2, 1)): [13, 60, 19, 18, 6, 3, 0, 0, 1]
(0, (1, 0, 1), (2, 2)): [16, 42, 15, 10, 4, 3, 0, 1, 1]
(0, (1, 0, 1), (3, 0)): [4, 14, 11, 9, 4, 3, 0, 1]
(0, (1, 0, 1), (3, 1)): [4, 17, 8, 7, 7, 3]
(0, (1, 0, 1), (3, 2)): [6, 20, 12, 7, 6, 1, 0, 0, 1]
(0, (1, 1, 0), (0, 0)): [17051, 11379, 9113, 6272, 3457, 1641, 729, 363, 149, 70, 35, 13, 6, 1]
(0, (1, 1, 0), (0, 1)): [243, 131, 83, 72, 48, 16, 7, 6, 0, 0, 1]
(0, (1, 1, 0), (0, 2)): [79, 45, 32, 23, 19, 5, 3, 4]
(0, (1, 1, 0), (1, 0)): [191, 139, 111, 78, 52, 25, 7, 4, 1, 3]
(0, (1, 1, 0), (1, 1)): [167, 93, 71, 56, 33, 14, 3, 2, 0, 1, 1]
(0, (1, 1, 0), (1, 2)): [100, 52, 44, 35, 18, 7, 3, 3, 0, 1]
(0, (1, 1, 0), (2, 0)): [45, 46, 38, 28, 20, 10, 4, 3, 1, 1]
(0, (1, 1, 0), (2, 1)): [76, 51, 40, 27, 24, 6, 2, 3, 0, 1]
(0, (1, 1, 0), (2, 2)): [68, 47, 38, 25, 13, 7, 1, 2, 0, 2]
(0, (1, 1, 0), (3, 0)): [13, 16, 16, 11, 8, 4, 2, 1, 1]
(0, (1, 1, 0), (3, 1)): [31, 22, 19, 15, 10, 4, 3, 1, 1]
(0, (1, 1, 0), (3, 2)): [46, 28, 21, 16, 9, 3, 1, 1, 1]
(0, (1, 1, 1), (0, 0)): [1732, 3295, 2783, 2213, 1749, 862, 400, 212, 93, 37, 25, 10, 1, 1, 1]
(0, (1, 1, 1), (0, 1)): [29, 39, 40, 30, 16, 4, 2, 2, 1, 2, 1, 1]
(0, (1, 1, 1), (0, 2)): [13, 17, 11, 8, 9, 1, 0, 1, 1, 0, 0, 1]
(0, (1, 1, 1), (1, 0)): [22, 51, 51, 33, 37, 18, 5, 4, 1, 0, 1]
(0, (1, 1, 1), (1, 1)): [21, 33, 39, 27, 14, 7, 3, 3, 0, 1, 1]
(0, (1, 1, 1), (1, 2)): [18, 20, 20, 10, 6, 3, 2, 1, 1, 0, 0, 1]
(0, (1, 1, 1), (2, 0)): [6, 21, 14, 16, 20, 4, 1, 1, 1, 0, 1]
(0, (1, 1, 1), (2, 1)): [9, 19, 19, 14, 16, 4, 0, 3, 1]
(0, (1, 1, 1), (2, 2)): [11, 21, 14, 12, 9, 3, 2, 3, 0, 0, 0, 1]
(0, (1, 1, 1), (3, 0)): [1, 3, 6, 6, 6, 1, 0, 0, 0, 0, 1]
(0, (1, 1, 1), (3, 1)): [2, 6, 7, 12, 7, 0, 0, 0, 0, 0, 1]
(1, (0, 0, 0), (0, 0)): [449039, 49320, 20650, 8337, 3328, 1319, 504, 205, 81, 35, 14, 10, 5, 2, 0, 1]
(1, (0, 0, 0), (0, 1)): [5715, 606, 264, 99, 44, 10, 3, 4, 1, 0, 0, 0, 0, 1]
(1, (0, 0, 0), (0, 2)): [1950, 171, 74, 27, 9, 2, 0, 1]
(1, (0, 0, 0), (1, 0)): [5679, 722, 344, 115, 60, 22, 10, 3, 0, 1, 0, 0, 0, 0, 0, 1]
(1, (0, 0, 0), (1, 1)): [4993, 592, 247, 87, 45, 14, 6, 2, 1, 1, 0, 0, 0, 1]
(1, (0, 0, 0), (1, 2)): [2985, 305, 114, 47, 19, 7, 2, 2]
(1, (0, 0, 0), (2, 0)): [2020, 285, 166, 46, 27, 13, 4, 2, 0, 0, 0, 0, 0, 0, 0, 1]
(1, (0, 0, 0), (2, 1)): [2799, 363, 171, 55, 37, 11, 3, 1, 0, 1]
(1, (0, 0, 0), (2, 2)): [2514, 277, 110, 40, 17, 8, 4, 2]
(1, (0, 0, 0), (3, 0)): [693, 102, 80, 22, 12, 4, 2, 0, 0, 0, 0, 0, 0, 0, 0, 1]
(1, (0, 0, 0), (3, 1)): [1228, 193, 111, 36, 26, 5, 1]
(1, (0, 0, 0), (3, 2)): [1469, 200, 108, 40, 18, 7, 2, 2]
(1, (0, 0, 1), (0, 0)): [12970, 20203, 3990, 1677, 720, 300, 128, 59, 28, 9, 5, 4, 3, 1]
(1, (0, 0, 1), (0, 1)): [130, 164, 34, 11, 6, 1, 3]
(1, (0, 0, 1), (0, 2)): [51, 50, 12, 3, 1, 0, 1]
(1, (0, 0, 1), (1, 0)): [163, 226, 49, 21, 12, 8, 4, 1, 1]
(1, (0, 0, 1), (1, 1)): [119, 159, 30, 11, 5, 2, 2, 1]
(1, (0, 0, 1), (1, 2)): [86, 75, 14, 6, 3, 1, 1]
(1, (0, 0, 1), (2, 0)): [76, 97, 25, 14, 6, 6, 4, 0, 1]
(1, (0, 0, 1), (2, 1)): [63, 85, 17, 8, 2, 3, 4, 1]
(1, (0, 0, 1), (2, 2)): [63, 67, 10, 7, 2, 1]
(1, (0, 0, 1), (3, 0)): [33, 47, 14, 9, 5, 3, 2, 0, 1]
(1, (0, 0, 1), (3, 1)): [41, 51, 6, 8, 2, 1, 2, 1]
(1, (0, 0, 1), (3, 2)): [42, 46, 9, 7, 2, 1, 1]
(1, (0, 1, 0), (0, 0)): [62218, 30181, 10565, 4488, 1849, 756, 281, 133, 36, 26, 10, 5, 5, 1, 1]
(1, (0, 1, 0), (0, 1)): [609, 267, 99, 41, 14, 5, 3, 1, 1]
(1, (0, 1, 0), (0, 2)): [218, 96, 30, 10, 4, 1, 1]
(1, (0, 1, 0), (1, 0)): [830, 386, 128, 85, 42, 15, 4, 2, 0, 0, 1, 0, 0, 1]
(1, (0, 1, 0), (1, 1)): [572, 239, 83, 48, 20, 7, 4, 1, 1, 0, 0, 0, 0, 1]
(1, (0, 1, 0), (1, 2)): [331, 136, 47, 20, 8, 3, 2]
(1, (0, 1, 0), (2, 0)): [372, 157, 61, 52, 22, 9, 2, 2, 0, 0, 1]
(1, (0, 1, 0), (2, 1)): [326, 137, 40, 36, 17, 7, 4, 2, 0, 0, 1, 0, 0, 1]
(1, (0, 1, 0), (2, 2)): [274, 124, 37, 24, 11, 1, 1]
(1, (0, 1, 0), (3, 0)): [184, 82, 27, 37, 16, 3, 0, 1]
(1, (0, 1, 0), (3, 1)): [165, 58, 26, 23, 11, 4, 1, 1, 0, 0, 0, 0, 0, 1]
(1, (0, 1, 0), (3, 2)): [153, 67, 26, 25, 15, 0, 0, 0, 0, 0, 0, 0, 0, 1]
(1, (0, 1, 1), (0, 0)): [10596, 9188, 8854, 3486, 1764, 712, 286, 120, 66, 18, 8, 4, 1, 1, 0, 1]
(1, (0, 1, 1), (0, 1)): [96, 82, 58, 20, 12, 7, 5, 1]
(1, (0, 1, 1), (0, 2)): [45, 19, 17, 5, 4, 0, 1]
(1, (0, 1, 1), (1, 0)): [174, 134, 102, 53, 43, 11, 4, 3, 2, 1]
(1, (0, 1, 1), (1, 1)): [82, 71, 50, 24, 11, 5, 5, 2]
(1, (0, 1, 1), (1, 2)): [57, 32, 26, 14, 2, 1, 1]
(1, (0, 1, 1), (2, 0)): [119, 86, 61, 33, 35, 10, 3, 2, 2, 1]
(1, (0, 1, 1), (2, 1)): [55, 43, 29, 14, 5, 7, 4, 1]
(1, (0, 1, 1), (2, 2)): [47, 35, 23, 13, 5, 0, 0, 1]
(1, (0, 1, 1), (3, 0)): [96, 75, 48, 25, 32, 7, 3, 2, 2, 1]
(1, (0, 1, 1), (3, 1)): [25, 21, 13, 6, 2, 5, 4]
(1, (0, 1, 1), (3, 2)): [27, 29, 16, 3, 3, 2, 1]
(1, (1, 0, 0), (0, 0)): [182629, 34007, 21069, 9240, 3721, 1563, 608, 225, 109, 51, 20, 15, 3, 2, 0, 2]
(1, (1, 0, 0), (0, 1)): [2150, 325, 249, 100, 39, 14, 10, 1, 0, 2]
(1, (1, 0, 0), (0, 2)): [730, 93, 89, 34, 15, 4, 5, 0, 0, 2]
(1, (1, 0, 0), (1, 0)): [2186, 413, 307, 129, 55, 20, 8, 6, 1, 1, 0, 0, 1, 0, 0, 1]
(1, (1, 0, 0), (1, 1)): [1799, 289, 218, 67, 36, 12, 5, 3, 0, 0, 0, 0, 0, 0, 0, 1]
(1, (1, 0, 0), (1, 2)): [1008, 131, 120, 33, 20, 8, 4, 1, 0, 1]
(1, (1, 0, 0), (2, 0)): [713, 164, 118, 65, 25, 11, 5, 0, 1, 1, 0, 0, 1]
(1, (1, 0, 0), (2, 1)): [939, 175, 134, 55, 24, 8, 2, 1, 1, 0, 0, 0, 0, 0, 0, 1]
(1, (1, 0, 0), (2, 2)): [784, 125, 102, 42, 20, 8, 2, 0, 0, 1]
(1, (1, 0, 0), (3, 0)): [241, 68, 38, 27, 12, 4, 3, 0, 0, 1, 0, 0, 1]
(1, (1, 0, 0), (3, 1)): [374, 96, 59, 36, 12, 4, 3, 1, 0, 0, 0, 0, 0, 0, 0, 1]
(1, (1, 0, 0), (3, 2)): [418, 86, 54, 34, 13, 8, 2, 0, 0, 0, 0, 0, 0, 0, 0, 1]
(1, (1, 0, 1), (0, 0)): [14131, 18377, 6127, 3903, 1650, 743, 279, 110, 49, 38, 12, 3, 0, 1]
(1, (1, 0, 1), (0, 1)): [183, 161, 49, 41, 19, 9, 5, 0, 3, 2]
(1, (1, 0, 1), (0, 2)): [81, 49, 12, 14, 3, 5, 1, 0, 0, 1]
(1, (1, 0, 1), (1, 0)): [174, 229, 63, 43, 23, 12, 3, 0, 0, 2]
(1, (1, 0, 1), (1, 1)): [143, 140, 40, 34, 23, 2, 4, 0, 2]
(1, (1, 0, 1), (1, 2)): [102, 72, 26, 22, 9, 3, 2, 0, 0, 1]
(1, (1, 0, 1), (2, 0)): [65, 80, 19, 14, 7, 7, 1, 0, 0, 1]
(1, (1, 0, 1), (2, 1)): [71, 72, 17, 17, 11, 4, 3, 0, 2]
(1, (1, 0, 1), (2, 2)): [65, 54, 18, 9, 6, 3, 2, 0, 1]
(1, (1, 0, 1), (3, 0)): [24, 36, 7, 5, 4, 3, 0, 0, 0, 1]
(1, (1, 0, 1), (3, 1)): [23, 36, 7, 10, 8, 5]
(1, (1, 0, 1), (3, 2)): [29, 26, 13, 8, 9, 6, 2, 0, 1]
(1, (1, 1, 0), (0, 0)): [49493, 15850, 11239, 7606, 3348, 1459, 590, 231, 93, 46, 16, 9, 5, 4, 1]
(1, (1, 1, 0), (0, 1)): [600, 153, 121, 81, 30, 11, 11, 2]
(1, (1, 1, 0), (0, 2)): [212, 55, 40, 25, 10, 2, 1]
(1, (1, 1, 0), (1, 0)): [602, 199, 147, 114, 54, 16, 6, 3, 1, 1, 0, 0, 2, 1]
(1, (1, 1, 0), (1, 1)): [486, 137, 106, 72, 31, 9, 9, 3, 0, 1]
(1, (1, 1, 0), (1, 2)): [330, 80, 55, 48, 16, 4, 3, 1]
(1, (1, 1, 0), (2, 0)): [213, 74, 53, 41, 24, 8, 1, 1, 1, 0, 0, 0, 2, 1]
(1, (1, 1, 0), (2, 1)): [250, 82, 56, 40, 15, 5, 4, 1, 0, 1, 0, 0, 1]
(1, (1, 1, 0), (2, 2)): [239, 64, 36, 25, 17, 1, 2, 1]
(1, (1, 1, 0), (3, 0)): [63, 25, 22, 15, 15, 6, 1, 1, 1, 0, 0, 0, 1]
(1, (1, 1, 0), (3, 1)): [107, 36, 29, 21, 13, 3, 4, 2, 0, 1, 0, 0, 1]
(1, (1, 1, 0), (3, 2)): [130, 41, 28, 15, 17, 2, 4, 3, 0, 1, 0, 0, 1]
(1, (1, 1, 1), (0, 0)): [10211, 8409, 5467, 3742, 2672, 1177, 493, 184, 90, 34, 13, 10, 5, 2, 1, 1]
(1, (1, 1, 1), (0, 1)): [149, 106, 76, 42, 43, 10, 5, 3, 2]
(1, (1, 1, 1), (0, 2)): [74, 40, 27, 13, 17, 2, 3]
(1, (1, 1, 1), (1, 0)): [140, 111, 84, 49, 43, 19, 10, 2, 2, 2, 0, 1, 1]
(1, (1, 1, 1), (1, 1)): [109, 71, 58, 35, 37, 10, 2, 2, 1]
(1, (1, 1, 1), (1, 2)): [84, 36, 39, 21, 20, 5, 3]
(1, (1, 1, 1), (2, 0)): [49, 47, 37, 21, 16, 11, 5, 2, 1, 1, 0, 1, 1]
(1, (1, 1, 1), (2, 1)): [56, 47, 39, 22, 27, 5, 2, 2, 1, 1, 0, 1]
(1, (1, 1, 1), (2, 2)): [59, 31, 35, 20, 22, 3, 3, 1]
(1, (1, 1, 1), (3, 0)): [13, 19, 11, 11, 4, 7, 3, 0, 1, 0, 0, 0, 1]
(1, (1, 1, 1), (3, 1)): [24, 23, 9, 12, 10, 6, 2, 1, 0, 0, 0, 0, 1]
(1, (1, 1, 1), (3, 2)): [41, 21, 18, 19, 14, 6, 2, 1]
(2, (0, 0, 0), (0, 0)): [385101, 16996, 5920, 1892, 677, 239, 81, 31, 7, 2, 2, 0, 1]
(2, (0, 0, 0), (0, 1)): [5103, 222, 77, 22, 13, 4]
(2, (0, 0, 0), (0, 2)): [1657, 51, 14, 8, 1, 1]
(2, (0, 0, 0), (1, 0)): [5230, 326, 103, 36, 12, 8, 2, 0, 0, 0, 0, 0, 1]
(2, (0, 0, 0), (1, 1)): [4606, 230, 84, 17, 12, 4, 1]
(2, (0, 0, 0), (1, 2)): [2674, 104, 34, 12, 4, 3, 1]
(2, (0, 0, 0), (2, 0)): [1938, 131, 46, 22, 7, 5, 1, 0, 0, 0, 0, 0, 1]
(2, (0, 0, 0), (2, 1)): [2717, 140, 57, 18, 7, 3]
(2, (0, 0, 0), (2, 2)): [2266, 110, 36, 13, 7, 4]
(2, (0, 0, 0), (3, 0)): [709, 53, 26, 11, 4, 2, 1, 0, 0, 0, 0, 0, 1]
(2, (0, 0, 0), (3, 1)): [1242, 71, 40, 13, 4, 3]
(2, (0, 0, 0), (3, 2)): [1474, 81, 43, 12, 3, 3]
(2, (0, 0, 1), (0, 0)): [39245, 12895, 2441, 833, 302, 120, 39, 10, 1, 2, 0, 1]
(2, (0, 0, 1), (0, 1)): [388, 121, 26, 9, 5, 3, 1]
(2, (0, 0, 1), (0, 2)): [145, 30, 9, 1, 1, 1]
(2, (0, 0, 1), (1, 0)): [487, 140, 46, 14, 6, 2, 0, 1]
(2, (0, 0, 1), (1, 1)): [364, 102, 28, 7, 5, 1, 1]
(2, (0, 0, 1), (1, 2)): [218, 50, 13, 4, 2, 1, 1]
(2, (0, 0, 1), (2, 0)): [221, 61, 19, 11, 4, 2, 0, 1]
(2, (0, 0, 1), (2, 1)): [231, 61, 19, 6, 6, 0, 0, 1]
(2, (0, 0, 1), (2, 2)): [185, 37, 16, 3, 3, 1, 1]
(2, (0, 0, 1), (3, 0)): [115, 26, 12, 7, 1, 2]
(2, (0, 0, 1), (3, 1)): [137, 31, 10, 5, 4]
(2, (0, 0, 1), (3, 2)): [134, 34, 10, 3, 2, 1]
(2, (0, 1, 0), (0, 0)): [100755, 23303, 5867, 2039, 668, 240, 71, 18, 5, 1, 1, 0, 1]
(2, (0, 1, 0), (0, 1)): [1004, 184, 50, 18, 7, 1, 1]
(2, (0, 1, 0), (0, 2)): [359, 44, 13, 2, 3]
(2, (0, 1, 0), (1, 0)): [1447, 250, 113, 49, 12, 5, 1, 0, 0, 0, 0, 0, 1]
(2, (0, 1, 0), (1, 1)): [953, 174, 62, 23, 6, 3, 1]
(2, (0, 1, 0), (1, 2)): [513, 82, 24, 13, 2]
(2, (0, 1, 0), (2, 0)): [689, 108, 57, 34, 8, 1, 1, 0, 0, 0, 0, 0, 1]
(2, (0, 1, 0), (2, 1)): [636, 102, 42, 14, 5, 1, 0, 0, 0, 0, 0, 0, 1]
(2, (0, 1, 0), (2, 2)): [500, 71, 24, 17, 3]
(2, (0, 1, 0), (3, 0)): [380, 54, 35, 22, 6, 0, 1]
(2, (0, 1, 0), (3, 1)): [336, 57, 31, 12, 7, 0, 1, 0, 0, 0, 0, 0, 1]
(2, (0, 1, 0), (3, 2)): [348, 51, 24, 13, 3, 0, 1, 0, 0, 0, 0, 0, 1]
(2, (0, 1, 1), (0, 0)): [24508, 2186, 5798, 1535, 593, 197, 76, 30, 11, 4, 2]
(2, (0, 1, 1), (0, 1)): [235, 19, 39, 10, 3, 2, 1, 2]
(2, (0, 1, 1), (0, 2)): [90, 4, 13, 4, 1, 1, 1]
(2, (0, 1, 1), (1, 0)): [355, 39, 66, 22, 15, 3, 2, 0, 0, 0, 1]
(2, (0, 1, 1), (1, 1)): [210, 18, 36, 8, 5, 1, 1, 1]
(2, (0, 1, 1), (1, 2)): [137, 6, 20, 5, 2, 1, 2]
(2, (0, 1, 1), (2, 0)): [190, 30, 31, 15, 12, 3, 1, 0, 0, 0, 1]
(2, (0, 1, 1), (2, 1)): [113, 16, 25, 7, 3, 1]
(2, (0, 1, 1), (2, 2)): [99, 11, 18, 5, 0, 1, 1]
(2, (0, 1, 1), (3, 0)): [139, 21, 18, 8, 11, 3, 1, 0, 0, 0, 1]
(2, (0, 1, 1), (3, 1)): [65, 8, 13, 4, 1, 1]
(2, (0, 1, 1), (3, 2)): [72, 12, 14, 5, 1, 2]
(2, (1, 0, 0), (0, 0)): [223522, 17177, 10178, 3317, 1124, 351, 140, 45, 12, 5, 3, 0, 1]
(2, (1, 0, 0), (0, 1)): [2450, 131, 115, 32, 12, 5, 1, 1]
(2, (1, 0, 0), (0, 2)): [834, 35, 32, 7, 5, 1, 1]
(2, (1, 0, 0), (1, 0)): [2713, 247, 170, 70, 21, 6, 3, 0, 0, 0, 0, 0, 1]
(2, (1, 0, 0), (1, 1)): [2050, 146, 121, 37, 9, 2]
(2, (1, 0, 0), (1, 2)): [1193, 61, 54, 24, 5, 2]
(2, (1, 0, 0), (2, 0)): [959, 107, 66, 34, 13, 3, 2, 0, 0, 0, 0, 0, 1]
(2, (1, 0, 0), (2, 1)): [1138, 90, 71, 20, 12, 3, 0, 0, 0, 0, 0, 0, 1]
(2, (1, 0, 0), (2, 2)): [931, 63, 49, 19, 7, 4]
(2, (1, 0, 0), (3, 0)): [308, 49, 18, 21, 3, 1, 2]
(2, (1, 0, 0), (3, 1)): [468, 52, 37, 19, 7, 1, 2, 0, 0, 0, 0, 0, 1]
(2, (1, 0, 0), (3, 2)): [538, 53, 31, 18, 4, 5, 0, 0, 0, 0, 0, 0, 1]
(2, (1, 0, 1), (0, 0)): [36698, 9685, 4081, 2253, 697, 258, 93, 29, 12, 2, 0, 2]
(2, (1, 0, 1), (0, 1)): [464, 93, 44, 30, 15, 1, 0, 0, 0, 0, 0, 1]
(2, (1, 0, 1), (0, 2)): [184, 22, 13, 9, 6]
(2, (1, 0, 1), (1, 0)): [454, 105, 60, 35, 17, 6, 1]
(2, (1, 0, 1), (1, 1)): [371, 82, 35, 26, 13, 1, 1, 0, 0, 0, 0, 1]
(2, (1, 0, 1), (1, 2)): [240, 35, 10, 11, 5, 0, 0, 0, 0, 0, 0, 1]
(2, (1, 0, 1), (2, 0)): [163, 35, 28, 17, 2, 3]
(2, (1, 0, 1), (2, 1)): [205, 48, 17, 15, 9, 2]
(2, (1, 0, 1), (2, 2)): [167, 29, 7, 6, 7, 1, 0, 0, 0, 0, 0, 1]
(2, (1, 0, 1), (3, 0)): [67, 14, 14, 11, 2, 1]
(2, (1, 0, 1), (3, 1)): [98, 21, 11, 12, 4]
(2, (1, 0, 1), (3, 2)): [109, 20, 6, 2, 6, 1]
(2, (1, 1, 0), (0, 0)): [85526, 13736, 7203, 4406, 1469, 502, 148, 54, 21, 8, 5, 0, 2, 1]
(2, (1, 1, 0), (0, 1)): [1017, 153, 71, 52, 15, 5, 2, 0, 0, 0, 0, 0, 1]
(2, (1, 1, 0), (0, 2)): [346, 49, 20, 10, 4]
(2, (1, 1, 0), (1, 0)): [1089, 162, 101, 83, 23, 11, 2, 2, 1, 1]
(2, (1, 1, 0), (1, 1)): [861, 121, 65, 51, 13, 5, 1, 1, 1, 1, 0, 0, 1]
(2, (1, 1, 0), (1, 2)): [527, 59, 42, 19, 3, 2, 1]
(2, (1, 1, 0), (2, 0)): [402, 62, 46, 38, 14, 6, 1, 1]
(2, (1, 1, 0), (2, 1)): [495, 62, 37, 32, 12, 6, 0, 1, 1, 1, 0, 0, 1]
(2, (1, 1, 0), (2, 2)): [416, 54, 30, 25, 8, 3, 1, 0, 1]
(2, (1, 1, 0), (3, 0)): [150, 30, 20, 18, 8, 3, 1]
(2, (1, 1, 0), (3, 1)): [214, 28, 23, 22, 3, 5, 1, 1, 0, 0, 0, 0, 1]
(2, (1, 1, 0), (3, 2)): [257, 32, 20, 21, 7, 2, 1, 0, 1]
(2, (1, 1, 1), (0, 0)): [25106, 3801, 4322, 2246, 1534, 528, 166, 62, 28, 6, 5, 0, 1, 1]
(2, (1, 1, 1), (0, 1)): [375, 36, 55, 32, 26, 4, 4, 2, 1, 0, 0, 0, 1]
(2, (1, 1, 1), (0, 2)): [170, 4, 14, 6, 6, 1, 1, 0, 1]
(2, (1, 1, 1), (1, 0)): [333, 98, 56, 44, 22, 11, 4, 0, 1, 0, 1]
(2, (1, 1, 1), (1, 1)): [293, 46, 47, 27, 23, 3, 2, 0, 0, 0, 1, 0, 1]
(2, (1, 1, 1), (1, 2)): [208, 14, 21, 12, 10, 2, 2, 0, 0, 0, 1]
(2, (1, 1, 1), (2, 0)): [96, 72, 19, 22, 9, 7, 3]
(2, (1, 1, 1), (2, 1)): [137, 43, 24, 17, 14, 3, 3, 0, 0, 0, 0, 0, 1]
(2, (1, 1, 1), (2, 2)): [147, 21, 18, 13, 7, 2, 2, 0, 0, 0, 1]
(2, (1, 1, 1), (3, 0)): [23, 51, 7, 13, 2, 4]
(2, (1, 1, 1), (3, 1)): [50, 44, 10, 14, 9, 3, 2]
(2, (1, 1, 1), (3, 2)): [83, 32, 13, 16, 10, 5, 2, 0, 0, 0, 1]
