(0, (0, 0, 0), (0, 0)): [14941, 3245, 1547, 784, 370, 148, 59, 18, 17, 8, 2, 0, 1]
(0, (0, 0, 1), (0, 0)): [46, 224, 53, 29, 26, 12, 3, 0, 3]
(0, (0, 1, 0), (0, 0)): [484, 556, 204, 105, 56, 24, 8, 3, 1, 2, 0, 0, 1]
(0, (0, 1, 1), (0, 0)): [50, 73, 104, 52, 25, 11, 5, 0, 3]
(0, (1, 0, 0), (0, 0)): [3271, 1104, 783, 427, 193, 77, 44, 11, 9, 4, 1]
(0, (1, 0, 1), (0, 0)): [68, 271, 125, 89, 33, 18, 7, 5, 3, 2, 1]
(0, (1, 1, 0), (0, 0)): [425, 331, 256, 183, 98, 36, 26, 10, 2, 4, 0, 0, 1]
(0, (1, 1, 1), (0, 0)): [41, 87, 67, 63, 42, 29, 14, 5, 1, 2]
(1, (0, 0, 0), (0, 0)): [11969, 1438, 596, 266, 122, 38, 11, 6, 5, 1, 1]
(1, (0, 0, 1), (0, 0)): [305, 548, 111, 47, 22, 8, 3, 4, 1, 1]
(1, (0, 1, 0), (0, 0)): [1672, 825, 321, 136, 62, 19, 6, 5, 3, 1]
(1, (0, 1, 0), (1, 0)): [1]
(1, (0, 1, 0), (2, 0)): [1]
(1, (0, 1, 1), (0, 0)): [294, 280, 216, 92, 60, 21, 5, 6, 3, 0, 0, 0, 1]
(1, (1, 0, 0), (0, 0)): [4904, 968, 611, 272, 125, 42, 17, 4, 5, 0, 1]
(1, (1, 0, 1), (0, 0)): [387, 507, 182, 122, 58, 19, 7, 2, 1, 2]
(1, (1, 1, 0), (0, 0)): [1328, 462, 365, 225, 97, 39, 17, 3, 4, 1, 1]
(1, (1, 1, 1), (0, 0)): [293, 258, 162, 114, 70, 27, 12, 5, 2, 1]
(2, (0, 0, 0), (0, 0)): [10302, 499, 168, 69, 24, 11, 3, 1, 0, 0, 1]
(2, (0, 0, 1), (0, 0)): [1014, 356, 63, 29, 8, 3, 2]
(2, (0, 0, 1), (1, 0)): [0, 1]
(2, (0, 0, 1), (2, 0)): [0, 1]
(2, (0, 0, 1), (3, 0)): [0, 1]
(2, (0, 1, 0), (0, 0)): [2713, 659, 169, 56, 24, 8, 2, 1]
(2, (0, 1, 0), (1, 0)): [1]
(2, (0, 1, 0), (2, 0)): [1]
(2, (0, 1, 0), (3, 0)): [1]
(2, (0, 1, 1), (0, 0)): [648, 56, 139, 37, 15, 5, 4, 2]
(2, (1, 0, 0), (0, 0)): [6049, 498, 287, 117, 40, 15, 4, 0, 2, 0, 1]
(2, (1, 0, 1), (0, 0)): [1062, 284, 115, 80, 29, 7, 1, 1, 1]
(2, (1, 1, 0), (0, 0)): [2431, 423, 211, 145, 43, 14, 5, 2, 4, 1, 1]
(2, (1, 1, 0), (1, 0)): [1]
(2, (1, 1, 0), (2, 0)): [1]
(2, (1, 1, 0), (3, 0)): [1]
(2, (1, 1, 1), (0, 0)): [721, 127, 140, 72, 46, 16, 4, 3, 1, 0, 1]
