(0, (0, 0, 0)): [34391, 6582, 3023, 1314, 596, 213, 86, 41, 14, 4, 1, 1]
(0, (0, 0, 1)): [94, 269, 55, 41, 17, 6, 4, 1]
(0, (0, 1, 0)): [1371, 1135, 459, 246, 102, 51, 22, 8, 3, 2]
(0, (0, 1, 1)): [83, 153, 201, 89, 43, 23, 9, 2, 2, 0, 1]
(0, (1, 0, 0)): [6753, 1849, 1378, 647, 312, 116, 51, 24, 7, 3, 1, 1]
(0, (1, 0, 1)): [157, 404, 165, 132, 64, 36, 16, 6, 2, 4]
(0, (1, 1, 0)): [1078, 570, 409, 291, 158, 60, 30, 17, 8, 0, 0, 1]
(0, (1, 1, 1)): [123, 166, 138, 83, 65, 28, 20, 11, 8]
(1, (0, 0, 0)): [28409, 3024, 1208, 461, 182, 55, 15, 6, 2]
(1, (0, 0, 1)): [655, 890, 193, 83, 28, 8, 2]
(1, (0, 1, 0)): [3579, 1322, 483, 225, 81, 27, 13, 1, 1, 1]
(1, (0, 1, 1)): [517, 424, 356, 142, 53, 35, 13, 5, 1, 0, 0, 1]
(1, (1, 0, 0)): [9829, 1538, 1151, 461, 180, 67, 13, 11, 2, 1]
(1, (1, 0, 1)): [810, 756, 259, 177, 79, 25, 4, 2, 2]
(1, (1, 1, 0)): [2827, 778, 491, 368, 141, 49, 14, 12, 2, 2]
(1, (1, 1, 1)): [576, 406, 260, 170, 137, 57, 23, 9, 4, 1, 0, 1]
(2, (0, 0, 0)): [24903, 1143, 359, 113, 39, 10, 2]
(2, (0, 0, 1)): [2232, 573, 114, 48, 13, 5, 1]
(2, (0, 1, 0)): [5861, 1062, 308, 108, 40, 11, 1]
(2, (0, 1, 1)): [1439, 92, 256, 72, 32, 13, 1, 2]
(2, (1, 0, 0)): [11915, 807, 589, 187, 55, 15, 3]
(2, (1, 0, 1)): [2171, 460, 168, 128, 43, 10, 3, 1]
(2, (1, 1, 0)): [4610, 609, 318, 220, 72, 20, 4, 1]
(2, (1, 1, 1)): [1423, 153, 236, 106, 82, 19, 9, 1]
