(0, (0, 0, 0)): [19298, 3852, 1868, 841, 383, 167, 69, 25, 11, 5, 0, 1, 1]
(0, (0, 0, 1)): [67, 193, 58, 35, 20, 8, 4, 0, 0, 2]
(0, (0, 1, 0)): [642, 523, 226, 108, 46, 17, 7, 3, 2, 0, 0, 0, 1]
(0, (0, 1, 1)): [50, 96, 134, 44, 33, 11, 3, 6, 1, 1]
(0, (1, 0, 0)): [4172, 1265, 884, 445, 207, 100, 35, 16, 7, 1, 0, 1]
(0, (1, 0, 1)): [104, 292, 106, 95, 44, 25, 8, 2, 2]
(0, (1, 1, 0)): [563, 358, 274, 200, 101, 43, 24, 12, 3]
(0, (1, 1, 1)): [62, 100, 89, 55, 52, 24, 13, 10, 2, 1]
(1, (0, 0, 0)): [15686, 1757, 751, 272, 121, 48, 21, 7, 5, 3, 1, 1]
(1, (0, 0, 1)): [358, 495, 131, 41, 15, 9, 2, 1]
(1, (0, 1, 0)): [1934, 776, 320, 138, 72, 16, 5, 2, 1]
(1, (0, 1, 1)): [328, 247, 239, 85, 61, 18, 9, 3]
(1, (1, 0, 0)): [6088, 1000, 660, 290, 122, 58, 15, 6, 5, 2]
(1, (1, 0, 1)): [501, 479, 168, 123, 59, 21, 5, 6, 0, 1]
(1, (1, 1, 0)): [1599, 506, 304, 263, 110, 50, 20, 4, 6]
(1, (1, 1, 1)): [327, 223, 166, 87, 91, 33, 14, 5, 2]
(2, (0, 0, 0)): [13741, 673, 263, 70, 23, 8, 8, 0, 0, 1]
(2, (0, 0, 1)): [1172, 346, 78, 25, 8, 3, 1]
(2, (0, 1, 0)): [3103, 605, 182, 58, 25, 4, 4, 0, 0, 1]
(2, (0, 1, 1)): [690, 72, 158, 44, 18, 5, 3]
(2, (1, 0, 0)): [7349, 504, 392, 97, 27, 17, 8, 1, 0, 1]
(2, (1, 0, 1)): [1274, 252, 92, 60, 25, 12, 3, 2, 1]
(2, (1, 1, 0)): [2844, 439, 186, 148, 50, 19, 7, 1, 1, 2]
(2, (1, 1, 1)): [831, 124, 130, 44, 59, 19, 6, 3, 1]
