(0, (0, 0, 0)): [23969, 4041, 1709, 790, 301, 142, 53, 22, 4, 3, 1, 1]
(0, (0, 0, 1)): [93, 225, 60, 30, 8, 6, 2]
(0, (0, 1, 0)): [724, 682, 257, 108, 58, 25, 11, 3, 2, 1]
(0, (0, 1, 1)): [61, 92, 103, 46, 31, 12, 8, 4, 0, 1]
(0, (1, 0, 0)): [4463, 1324, 792, 391, 156, 90, 30, 17, 3, 3, 1, 1]
(0, (1, 0, 1)): [127, 279, 111, 89, 46, 19, 12, 3, 2, 0, 0, 1]
(0, (1, 1, 0)): [601, 338, 229, 171, 87, 49, 14, 6, 3, 3, 1]
(0, (1, 1, 1)): [63, 95, 68, 51, 32, 22, 10, 5, 3, 1]
(1, (0, 0, 0)): [18667, 1793, 674, 311, 98, 39, 13, 4]
(1, (0, 0, 1)): [440, 570, 117, 50, 16, 5, 2]
(1, (0, 1, 0)): [2255, 930, 323, 138, 42, 29, 7, 3]
(1, (0, 1, 1)): [360, 236, 217, 87, 41, 21, 6, 1]
(1, (1, 0, 0)): [6374, 1015, 647, 259, 98, 37, 11, 7, 1]
(1, (1, 0, 1)): [591, 578, 185, 105, 56, 20, 7, 1]
(1, (1, 1, 0)): [1724, 505, 291, 208, 83, 35, 10, 6, 1]
(1, (1, 1, 1)): [374, 220, 147, 101, 63, 20, 9, 3, 2]
(2, (0, 0, 0)): [16266, 669, 202, 90, 18, 3, 2]
(2, (0, 0, 1)): [1239, 365, 89, 26, 9, 2]
(2, (0, 1, 0)): [3461, 704, 194, 74, 18, 13, 2, 1]
(2, (0, 1, 1)): [777, 71, 153, 50, 17, 6, 3, 1]
(2, (1, 0, 0)): [7835, 510, 326, 128, 29, 7, 4]
(2, (1, 0, 1)): [1361, 303, 110, 65, 23, 6, 1]
(2, (1, 1, 0)): [2958, 404, 204, 167, 50, 15, 5, 1]
(2, (1, 1, 1)): [866, 116, 145, 67, 45, 10, 3]
