(0, (0, 0, 0), (0, 0)): [28858, 5749, 2556, 1142, 489, 199, 80, 44, 19, 8, 3, 0, 0, 1]
(0, (0, 0, 0), (0, 1)): [12920, 2557, 1150, 499, 232, 93, 36, 20, 7, 1]
(0, (0, 0, 0), (0, 2)): [5621, 1137, 490, 216, 100, 41, 14, 6, 1]
(0, (0, 0, 0), (1, 0)): [10123, 1994, 899, 414, 149, 57, 24, 11, 7, 5, 1, 0, 0, 1]
(0, (0, 0, 0), (1, 1)): [10006, 1922, 883, 386, 170, 69, 26, 11, 9, 3, 1]
(0, (0, 0, 0), (1, 2)): [7527, 1486, 671, 260, 140, 55, 17, 10, 4]
(0, (0, 0, 0), (2, 0)): [2918, 597, 264, 136, 42, 15, 12, 3, 1, 1, 0, 0, 0, 1]
(0, (0, 0, 0), (2, 1)): [4700, 958, 401, 220, 67, 43, 17, 5, 2, 1, 1, 0, 0, 1]
(0, (0, 0, 0), (2, 2)): [5533, 1135, 471, 213, 100, 43, 19, 9, 2, 1, 1]
(0, (0, 0, 0), (3, 0)): [491, 105, 39, 24, 7, 1, 2, 1, 1, 1]
(0, (0, 0, 0), (3, 1)): [1242, 257, 90, 67, 21, 12, 6, 1, 2, 1]
(0, (0, 0, 0), (3, 2)): [2355, 498, 190, 100, 41, 23, 6, 5, 2, 1]
(0, (0, 0, 1), (0, 0)): [90, 294, 74, 42, 19, 4, 4, 2, 0, 1]
(0, (0, 0, 1), (0, 1)): [41, 122, 36, 17, 8, 1, 2, 1]
(0, (0, 0, 1), (0, 2)): [20, 59, 14, 7, 3, 0, 1]
(0, (0, 0, 1), (1, 0)): [33, 108, 26, 14, 8, 1, 1, 1, 0, 1]
(0, (0, 0, 1), (1, 1)): [34, 100, 31, 13, 7, 1, 1, 1]
(0, (0, 0, 1), (1, 2)): [32, 86, 27, 10, 8, 0, 0, 1]
(0, (0, 0, 1), (2, 0)): [11, 23, 5, 4, 4, 0, 1, 0, 0, 1]
(0, (0, 0, 1), (2, 1)): [11, 45, 8, 8, 4, 1, 1]
(0, (0, 0, 1), (2, 2)): [18, 60, 12, 9, 4, 1, 0, 1]
(0, (0, 0, 1), (3, 0)): [2, 4, 0, 0, 0, 0, 1, 0, 0, 1]
(0, (0, 0, 1), (3, 1)): [5, 16, 2, 1, 2, 0, 1, 0, 0, 1]
(0, (0, 0, 1), (3, 2)): [8, 27, 4, 3, 1, 1, 0, 1]
(0, (0, 1, 0), (0, 0)): [1127, 1023, 406, 180, 77, 43, 16, 11, 6, 1, 0, 0, 0, 1]
(0, (0, 1, 0), (0, 1)): [497, 444, 182, 81, 41, 23, 7, 4, 1]
(0, (0, 1, 0), (0, 2)): [194, 196, 79, 38, 16, 12, 4, 1]
(0, (0, 1, 0), (1, 0)): [401, 371, 151, 55, 21, 13, 3, 4, 4, 1, 0, 0, 0, 1]
(0, (0, 1, 0), (1, 1)): [394, 348, 138, 54, 30, 17, 2, 2, 2]
(0, (0, 1, 0), (1, 2)): [281, 258, 99, 43, 18, 13, 5, 2]
(0, (0, 1, 0), (2, 0)): [107, 118, 40, 18, 7, 2, 1, 1, 2, 1, 0, 0, 0, 1]
(0, (0, 1, 0), (2, 1)): [192, 190, 56, 31, 19, 9, 0, 0, 1, 0, 0, 0, 0, 1]
(0, (0, 1, 0), (2, 2)): [225, 228, 69, 34, 19, 11, 2, 2]
(0, (0, 1, 0), (3, 0)): [12, 21, 6, 4, 2, 0, 0, 1, 1, 1]
(0, (0, 1, 0), (3, 1)): [41, 45, 10, 13, 5, 1, 0, 1, 1, 1]
(0, (0, 1, 0), (3, 2)): [81, 91, 21, 19, 6, 4]
(0, (0, 1, 1), (0, 0)): [99, 142, 162, 80, 27, 22, 12, 2, 1, 1, 1]
(0, (0, 1, 1), (0, 1)): [50, 71, 76, 44, 9, 12, 6, 1]
(0, (0, 1, 1), (0, 2)): [18, 26, 31, 25, 5, 5, 3]
(0, (0, 1, 1), (1, 0)): [35, 44, 57, 21, 9, 5, 4, 0, 1, 1, 1]
(0, (0, 1, 1), (1, 1)): [42, 58, 47, 21, 10, 8, 1, 0, 1, 1]
(0, (0, 1, 1), (1, 2)): [24, 41, 38, 14, 5, 6, 2]
(0, (0, 1, 1), (2, 0)): [6, 13, 24, 4, 0, 2, 4, 0, 0, 0, 1]
(0, (0, 1, 1), (2, 1)): [17, 28, 26, 10, 5, 5, 4, 0, 0, 0, 1]
(0, (0, 1, 1), (2, 2)): [17, 23, 35, 10, 4, 4, 4]
(0, (0, 1, 1), (3, 0)): [2, 1, 6]
(0, (0, 1, 1), (3, 1)): [2, 6, 7, 3, 2, 2, 1]
(0, (0, 1, 1), (3, 2)): [9, 11, 20, 5, 3, 4]
(0, (1, 0, 0), (0, 0)): [5799, 1987, 1207, 587, 256, 125, 54, 32, 14, 6, 1, 0, 0, 1]
(0, (1, 0, 0), (0, 1)): [2618, 863, 542, 268, 120, 61, 21, 16, 5, 1]
(0, (1, 0, 0), (0, 2)): [1139, 400, 238, 119, 48, 22, 6, 4, 1]
(0, (1, 0, 0), (1, 0)): [2028, 691, 417, 214, 73, 38, 20, 6, 6, 3, 0, 0, 0, 1]
(0, (1, 0, 0), (1, 1)): [1972, 648, 392, 200, 91, 49, 18, 9, 8, 1]
(0, (1, 0, 0), (1, 2)): [1489, 544, 302, 132, 70, 35, 7, 7, 4]
(0, (1, 0, 0), (2, 0)): [623, 194, 141, 63, 20, 10, 11, 2, 1, 1, 0, 0, 0, 1]
(0, (1, 0, 0), (2, 1)): [939, 301, 183, 113, 33, 29, 14, 3, 2, 0, 0, 0, 0, 1]
(0, (1, 0, 0), (2, 2)): [1095, 385, 216, 113, 53, 27, 12, 5, 2]
(0, (1, 0, 0), (3, 0)): [112, 34, 30, 9, 3, 1, 1, 1, 1, 1]
(0, (1, 0, 0), (3, 1)): [267, 84, 56, 32, 7, 9, 4, 1, 2, 1]
(0, (1, 0, 0), (3, 2)): [490, 169, 98, 42, 21, 14, 4, 3, 2]
(0, (1, 0, 1), (0, 0)): [149, 442, 178, 109, 63, 37, 9, 7, 7, 3, 1]
(0, (1, 0, 1), (0, 1)): [77, 191, 94, 44, 29, 14, 4, 4, 2, 1]
(0, (1, 0, 1), (0, 2)): [33, 90, 37, 19, 8, 7, 0, 1]
(0, (1, 0, 1), (1, 0)): [51, 157, 47, 42, 25, 14, 2, 0, 3, 1, 1]
(0, (1, 0, 1), (1, 1)): [61, 135, 53, 40, 29, 13, 5, 1, 3]
(0, (1, 0, 1), (1, 2)): [48, 106, 40, 21, 18, 9, 2, 0, 2]
(0, (1, 0, 1), (2, 0)): [9, 58, 13, 14, 6, 4, 1, 0, 1, 1, 1]
(0, (1, 0, 1), (2, 1)): [18, 79, 22, 21, 13, 8, 1, 0, 0, 0, 1]
(0, (1, 0, 1), (2, 2)): [28, 89, 25, 16, 15, 9, 3, 0, 1]
(0, (1, 0, 1), (3, 0)): [0, 11, 4, 3, 4, 0, 1, 0, 1, 1]
(0, (1, 0, 1), (3, 1)): [2, 25, 9, 7, 7, 1, 0, 0, 1, 1]
(0, (1, 0, 1), (3, 2)): [5, 46, 15, 9, 7, 5]
(0, (1, 1, 0), (0, 0)): [900, 496, 346, 246, 123, 63, 28, 21, 7, 2, 1, 0, 0, 1]
(0, (1, 1, 0), (0, 1)): [404, 233, 164, 116, 67, 32, 10, 9, 2]
(0, (1, 1, 0), (0, 2)): [176, 116, 74, 48, 28, 12, 4, 1, 1]
(0, (1, 1, 0), (1, 0)): [333, 178, 124, 87, 30, 21, 8, 5, 3, 1, 0, 0, 0, 1]
(0, (1, 1, 0), (1, 1)): [322, 164, 126, 92, 44, 26, 8, 5, 2]
(0, (1, 1, 0), (1, 2)): [267, 140, 101, 65, 35, 21, 2, 3, 1]
(0, (1, 1, 0), (2, 0)): [103, 50, 34, 21, 10, 5, 4, 1, 1, 0, 0, 0, 0, 1]
(0, (1, 1, 0), (2, 1)): [147, 76, 50, 45, 16, 12, 7, 2, 0, 0, 0, 0, 0, 1]
(0, (1, 1, 0), (2, 2)): [172, 103, 61, 48, 28, 16, 5, 3]
(0, (1, 1, 0), (3, 0)): [23, 15, 6, 2, 0, 2, 0, 0, 1]
(0, (1, 1, 0), (3, 1)): [49, 21, 16, 11, 2, 5, 2, 0, 1]
(0, (1, 1, 0), (3, 2)): [83, 45, 27, 17, 15, 6, 3, 1]
(0, (1, 1, 1), (0, 0)): [84, 149, 122, 89, 61, 26, 16, 9, 4, 1, 0, 0, 1, 1]
(0, (1, 1, 1), (0, 1)): [42, 58, 52, 39, 31, 16, 4, 4, 2]
(0, (1, 1, 1), (0, 2)): [22, 27, 25, 15, 13, 6, 0, 1]
(0, (1, 1, 1), (1, 0)): [28, 60, 49, 34, 20, 6, 4, 0, 0, 0, 0, 0, 1, 1]
(0, (1, 1, 1), (1, 1)): [26, 44, 42, 32, 24, 9, 5, 1, 1]
(0, (1, 1, 1), (1, 2)): [25, 31, 37, 20, 18, 8, 1, 2, 1]
(0, (1, 1, 1), (2, 0)): [8, 14, 15, 12, 5, 3, 2, 0, 0, 0, 0, 0, 1, 1]
(0, (1, 1, 1), (2, 1)): [9, 18, 16, 21, 8, 4, 5, 0, 0, 0, 0, 0, 1, 1]
(0, (1, 1, 1), (2, 2)): [19, 25, 17, 15, 11, 6, 3, 1]
(0, (1, 1, 1), (3, 0)): [3, 5, 2, 1, 0, 1]
(0, (1, 1, 1), (3, 1)): [3, 6, 7, 6, 1, 0, 1]
(0, (1, 1, 1), (3, 2)): [6, 12, 7, 7, 3, 0, 1, 1]
(1, (0, 0, 0), (0, 0)): [23894, 2549, 1015, 411, 168, 47, 18, 11, 1, 1, 2]
(1, (0, 0, 0), (0, 1)): [10684, 1160, 456, 170, 83, 20, 11, 3]
(1, (0, 0, 0), (0, 2)): [4669, 507, 186, 77, 41, 10, 5, 2]
(1, (0, 0, 0), (1, 0)): [8373, 869, 352, 146, 54, 8, 2, 4, 0, 1, 1]
(1, (0, 0, 0), (1, 1)): [8261, 852, 362, 133, 51, 10, 6, 2, 0, 1, 1]
(1, (0, 0, 0), (1, 2)): [6210, 637, 272, 94, 47, 11, 6, 3]
(1, (0, 0, 0), (2, 0)): [2405, 267, 96, 56, 18, 3, 1, 2]
(1, (0, 0, 0), (2, 1)): [3910, 444, 171, 76, 22, 9, 3, 3, 0, 1, 1]
(1, (0, 0, 0), (2, 2)): [4578, 483, 189, 70, 31, 8, 6, 4, 0, 1, 1]
(1, (0, 0, 0), (3, 0)): [397, 49, 8, 10, 3, 0, 1]
(1, (0, 0, 0), (3, 1)): [1013, 125, 29, 25, 9, 3, 2]
(1, (0, 0, 0), (3, 2)): [1933, 221, 73, 38, 13, 5, 3, 2, 0, 1]
(1, (0, 0, 1), (0, 0)): [640, 879, 171, 71, 32, 15, 10, 1]
(1, (0, 0, 1), (0, 1)): [292, 373, 94, 32, 19, 8, 5]
(1, (0, 0, 1), (0, 2)): [116, 160, 42, 14, 9, 3, 1]
(1, (0, 0, 1), (1, 0)): [224, 319, 51, 20, 10, 4, 2, 1]
(1, (0, 0, 1), (1, 1)): [229, 300, 63, 21, 13, 6, 4]
(1, (0, 0, 1), (1, 2)): [156, 236, 43, 17, 9, 5, 4]
(1, (0, 0, 1), (2, 0)): [65, 99, 13, 7, 3, 1, 0, 1]
(1, (0, 0, 1), (2, 1)): [114, 160, 32, 12, 7, 3, 1]
(1, (0, 0, 1), (2, 2)): [125, 184, 30, 12, 6, 5, 3]
(1, (0, 0, 1), (3, 0)): [12, 15, 1, 2, 0, 0, 0, 1]
(1, (0, 0, 1), (3, 1)): [36, 48, 8, 5, 2, 0, 0, 1]
(1, (0, 0, 1), (3, 2)): [50, 88, 12, 6, 1, 1]
(1, (0, 1, 0), (0, 0)): [3281, 1300, 491, 220, 89, 34, 8, 8, 2, 1]
(1, (0, 1, 0), (0, 1)): [1462, 573, 223, 93, 43, 18, 4, 5]
(1, (0, 1, 0), (0, 2)): [623, 254, 94, 39, 22, 8, 2, 1]
(1, (0, 1, 0), (1, 0)): [1177, 451, 167, 78, 28, 7, 3, 2, 2, 1]
(1, (0, 1, 0), (1, 1)): [1120, 426, 170, 73, 26, 13, 3, 4, 2, 1]
(1, (0, 1, 0), (1, 2)): [869, 331, 130, 49, 30, 12, 2, 3, 1]
(1, (0, 1, 0), (2, 0)): [346, 146, 54, 25, 7, 0, 1]
(1, (0, 1, 0), (2, 1)): [519, 217, 73, 41, 12, 6, 1, 1, 1, 1]
(1, (0, 1, 0), (2, 2)): [662, 258, 94, 44, 23, 6, 2, 2, 1, 1]
(1, (0, 1, 0), (3, 0)): [57, 23, 9, 6, 2, 0, 1]
(1, (0, 1, 0), (3, 1)): [123, 56, 23, 14, 4, 2, 1, 1]
(1, (0, 1, 0), (3, 2)): [260, 110, 37, 19, 9, 4, 1, 1, 1]
(1, (0, 1, 1), (0, 0)): [509, 411, 351, 112, 67, 30, 13, 5, 4, 1]
(1, (0, 1, 1), (0, 1)): [239, 206, 163, 46, 25, 10, 9, 2]
(1, (0, 1, 1), (0, 2)): [104, 95, 75, 24, 8, 4, 4]
(1, (0, 1, 1), (1, 0)): [170, 133, 118, 41, 23, 10, 3, 2, 3]
(1, (0, 1, 1), (1, 1)): [170, 157, 112, 33, 24, 7, 4, 1, 1]
(1, (0, 1, 1), (1, 2)): [139, 123, 95, 29, 8, 8, 4]
(1, (0, 1, 1), (2, 0)): [46, 29, 38, 15, 7, 6, 2, 0, 1]
(1, (0, 1, 1), (2, 1)): [68, 63, 49, 17, 17, 8, 2, 1]
(1, (0, 1, 1), (2, 2)): [90, 80, 69, 20, 13, 10, 2, 1]
(1, (0, 1, 1), (3, 0)): [8, 6, 7, 1, 1, 1, 1, 0, 1]
(1, (0, 1, 1), (3, 1)): [18, 21, 14, 5, 6, 3, 3, 0, 1]
(1, (0, 1, 1), (3, 2)): [46, 35, 37, 9, 8, 5, 1, 1]
(1, (1, 0, 0), (0, 0)): [8578, 1496, 958, 429, 164, 54, 19, 10, 2, 1, 2]
(1, (1, 0, 0), (0, 1)): [3789, 693, 425, 189, 79, 27, 8, 4, 1]
(1, (1, 0, 0), (0, 2)): [1618, 322, 184, 88, 34, 11, 3, 2]
(1, (1, 0, 0), (1, 0)): [2975, 495, 344, 152, 49, 12, 5, 6, 1, 1, 1]
(1, (1, 0, 0), (1, 1)): [2973, 493, 328, 141, 57, 15, 5, 5, 2, 1, 1]
(1, (1, 0, 0), (1, 2)): [2161, 387, 252, 111, 46, 14, 3, 4]
(1, (1, 0, 0), (2, 0)): [872, 142, 106, 56, 13, 5, 4, 2]
(1, (1, 0, 0), (2, 1)): [1404, 247, 161, 78, 26, 14, 3, 3, 1, 1, 1]
(1, (1, 0, 0), (2, 2)): [1598, 281, 185, 92, 35, 10, 5, 4, 0, 1, 1]
(1, (1, 0, 0), (3, 0)): [160, 26, 16, 10, 1, 0, 2]
(1, (1, 0, 0), (3, 1)): [382, 81, 38, 22, 9, 4, 3, 0, 1]
(1, (1, 0, 0), (3, 2)): [708, 136, 68, 35, 15, 6, 2, 2, 1, 1]
(1, (1, 0, 1), (0, 0)): [746, 775, 251, 159, 89, 21, 14, 4, 2, 4, 1]
(1, (1, 0, 1), (0, 1)): [328, 352, 119, 67, 37, 11, 1, 1]
(1, (1, 0, 1), (0, 2)): [163, 165, 49, 33, 15, 5, 0, 1]
(1, (1, 0, 1), (1, 0)): [277, 269, 87, 59, 28, 6, 7, 2, 2, 3]
(1, (1, 0, 1), (1, 1)): [256, 259, 104, 60, 26, 9, 4, 2, 2, 2]
(1, (1, 0, 1), (1, 2)): [208, 228, 77, 41, 22, 9, 1, 3, 1]
(1, (1, 0, 1), (2, 0)): [78, 74, 18, 18, 10, 2, 2]
(1, (1, 0, 1), (2, 1)): [116, 122, 35, 33, 12, 4, 1, 0, 0, 2]
(1, (1, 0, 1), (2, 2)): [157, 164, 48, 31, 17, 3, 2, 2, 0, 2]
(1, (1, 0, 1), (3, 0)): [10, 11, 2, 3, 3, 0, 1]
(1, (1, 0, 1), (3, 1)): [28, 33, 8, 11, 6, 0, 1]
(1, (1, 0, 1), (3, 2)): [64, 62, 12, 20, 6, 1, 1, 0, 0, 1]
(1, (1, 1, 0), (0, 0)): [2495, 691, 444, 346, 136, 56, 23, 14, 1]
(1, (1, 1, 0), (0, 1)): [1099, 317, 193, 151, 65, 24, 11, 7]
(1, (1, 1, 0), (0, 2)): [455, 142, 97, 68, 34, 8, 5, 1]
(1, (1, 1, 0), (1, 0)): [906, 227, 163, 113, 41, 19, 8, 7, 1]
(1, (1, 1, 0), (1, 1)): [853, 236, 162, 107, 47, 18, 7, 7, 1]
(1, (1, 1, 0), (1, 2)): [659, 191, 132, 87, 48, 14, 4, 2]
(1, (1, 1, 0), (2, 0)): [280, 62, 42, 38, 13, 4, 4, 3]
(1, (1, 1, 0), (2, 1)): [402, 103, 65, 56, 20, 11, 4, 4, 1]
(1, (1, 1, 0), (2, 2)): [473, 140, 84, 72, 38, 11, 5, 0, 1]
(1, (1, 1, 0), (3, 0)): [64, 14, 12, 9, 1, 0, 2]
(1, (1, 1, 0), (3, 1)): [125, 27, 23, 19, 6, 2, 3, 1]
(1, (1, 1, 0), (3, 2)): [212, 63, 30, 26, 20, 6, 2, 1, 1]
(1, (1, 1, 1), (0, 0)): [514, 395, 222, 140, 120, 46, 29, 10, 4, 2]
(1, (1, 1, 1), (0, 1)): [235, 196, 115, 67, 52, 16, 11, 4]
(1, (1, 1, 1), (0, 2)): [103, 87, 58, 29, 20, 4, 3, 1]
(1, (1, 1, 1), (1, 0)): [180, 125, 71, 42, 33, 19, 12, 4, 3, 1]
(1, (1, 1, 1), (1, 1)): [176, 147, 84, 52, 47, 15, 11, 3, 1, 1]
(1, (1, 1, 1), (1, 2)): [152, 109, 70, 37, 34, 8, 4, 2]
(1, (1, 1, 1), (2, 0)): [53, 27, 14, 9, 9, 8, 5, 1, 1]
(1, (1, 1, 1), (2, 1)): [61, 54, 28, 25, 16, 12, 4, 2, 0, 1]
(1, (1, 1, 1), (2, 2)): [98, 76, 42, 25, 25, 11, 4, 3, 0, 1]
(1, (1, 1, 1), (3, 0)): [11, 7, 4, 2, 3, 2, 2, 0, 1]
(1, (1, 1, 1), (3, 1)): [18, 14, 8, 8, 6, 3, 4, 0, 1]
(1, (1, 1, 1), (3, 2)): [38, 30, 12, 8, 12, 6, 1, 2]
(2, (0, 0, 0), (0, 0)): [20731, 962, 294, 82, 27, 6, 4, 4]
(2, (0, 0, 0), (0, 1)): [9300, 437, 126, 37, 11, 1, 2]
(2, (0, 0, 0), (0, 2)): [4092, 196, 54, 12, 7, 1, 2]
(2, (0, 0, 0), (1, 0)): [7249, 318, 112, 30, 9, 0, 0, 1]
(2, (0, 0, 0), (1, 1)): [7112, 317, 98, 35, 6, 0, 0, 1]
(2, (0, 0, 0), (1, 2)): [5402, 238, 74, 23, 4, 0, 1]
(2, (0, 0, 0), (2, 0)): [2123, 93, 33, 8, 3]
(2, (0, 0, 0), (2, 1)): [3422, 160, 48, 18, 5, 0, 0, 1]
(2, (0, 0, 0), (2, 2)): [4027, 180, 56, 19, 5, 0, 1, 1]
(2, (0, 0, 0), (3, 0)): [343, 18, 3, 0, 1]
(2, (0, 0, 0), (3, 1)): [907, 38, 7, 5, 1]
(2, (0, 0, 0), (3, 2)): [1727, 67, 23, 9, 1, 0, 1, 1]
(2, (0, 0, 1), (0, 0)): [1968, 565, 136, 36, 16, 8, 1, 3]
(2, (0, 0, 1), (0, 1)): [894, 240, 66, 19, 8, 4, 1]
(2, (0, 0, 1), (0, 2)): [394, 95, 28, 7, 3, 3]
(2, (0, 0, 1), (1, 0)): [698, 205, 51, 10, 5, 2, 0, 2]
(2, (0, 0, 1), (1, 1)): [690, 204, 48, 11, 7, 3, 1, 1]
(2, (0, 0, 1), (1, 2)): [538, 136, 35, 11, 6, 4, 1]
(2, (0, 0, 1), (2, 0)): [196, 61, 21, 4, 1]
(2, (0, 0, 1), (2, 1)): [341, 100, 26, 7, 2, 1]
(2, (0, 0, 1), (2, 2)): [394, 109, 27, 11, 4, 4, 1]
(2, (0, 0, 1), (3, 0)): [33, 14, 5, 1, 1]
(2, (0, 0, 1), (3, 1)): [94, 27, 10, 2, 2]
(2, (0, 0, 1), (3, 2)): [173, 53, 15, 3, 2, 2]
(2, (0, 1, 0), (0, 0)): [5250, 980, 287, 109, 29, 10, 5, 3]
(2, (0, 1, 0), (0, 1)): [2293, 443, 121, 57, 15, 2, 1]
(2, (0, 1, 0), (0, 2)): [992, 190, 44, 24, 9, 0, 1]
(2, (0, 1, 0), (1, 0)): [1841, 347, 101, 36, 6, 2, 1, 2]
(2, (0, 1, 0), (1, 1)): [1791, 347, 90, 36, 4, 1, 1, 2]
(2, (0, 1, 0), (1, 2)): [1352, 261, 68, 26, 5]
(2, (0, 1, 0), (2, 0)): [548, 99, 30, 11, 2, 1]
(2, (0, 1, 0), (2, 1)): [856, 166, 39, 15, 5, 2, 1, 1]
(2, (0, 1, 0), (2, 2)): [1023, 202, 54, 14, 4, 0, 1, 1]
(2, (0, 1, 0), (3, 0)): [93, 14, 4, 2]
(2, (0, 1, 0), (3, 1)): [223, 41, 9, 8, 1, 1]
(2, (0, 1, 0), (3, 2)): [429, 74, 22, 6, 2, 1, 0, 1]
(2, (0, 1, 1), (0, 0)): [1213, 92, 230, 68, 21, 12, 2]
(2, (0, 1, 1), (0, 1)): [559, 45, 90, 34, 10, 7]
(2, (0, 1, 1), (0, 2)): [251, 22, 42, 15, 4, 2]
(2, (0, 1, 1), (1, 0)): [425, 31, 88, 22, 8, 3, 1]
(2, (0, 1, 1), (1, 1)): [384, 22, 76, 22, 9, 6, 1]
(2, (0, 1, 1), (1, 2)): [313, 21, 57, 17, 3, 3, 1]
(2, (0, 1, 1), (2, 0)): [135, 10, 24, 7, 2, 1]
(2, (0, 1, 1), (2, 1)): [203, 13, 30, 11, 6, 3]
(2, (0, 1, 1), (2, 2)): [225, 17, 33, 15, 4, 4]
(2, (0, 1, 1), (3, 0)): [24, 2, 5, 3, 1, 1]
(2, (0, 1, 1), (3, 1)): [56, 4, 13, 4, 4, 1]
(2, (0, 1, 1), (3, 2)): [103, 9, 23, 10, 4, 3]
(2, (1, 0, 0), (0, 0)): [10157, 725, 486, 158, 48, 17, 9, 4]
(2, (1, 0, 0), (0, 1)): [4535, 325, 213, 73, 24, 7, 4, 1]
(2, (1, 0, 0), (0, 2)): [1966, 153, 89, 28, 12, 2, 3, 1]
(2, (1, 0, 0), (1, 0)): [3540, 248, 171, 48, 11, 1, 3, 1]
(2, (1, 0, 0), (1, 1)): [3554, 241, 167, 53, 13, 5, 4, 1]
(2, (1, 0, 0), (1, 2)): [2640, 188, 115, 40, 8, 4, 3, 1]
(2, (1, 0, 0), (2, 0)): [1032, 65, 50, 15, 4, 1]
(2, (1, 0, 0), (2, 1)): [1688, 121, 91, 30, 8, 2, 0, 1]
(2, (1, 0, 0), (2, 2)): [1959, 125, 93, 41, 8, 3, 2, 2]
(2, (1, 0, 0), (3, 0)): [162, 11, 4, 2, 1, 1]
(2, (1, 0, 0), (3, 1)): [436, 38, 20, 8, 5, 2]
(2, (1, 0, 0), (3, 2)): [863, 53, 43, 17, 6, 2, 1, 2]
(2, (1, 0, 1), (0, 0)): [1953, 417, 184, 110, 36, 11, 1, 2, 1]
(2, (1, 0, 1), (0, 1)): [920, 197, 92, 57, 19, 5]
(2, (1, 0, 1), (0, 2)): [411, 98, 34, 23, 8, 2]
(2, (1, 0, 1), (1, 0)): [668, 139, 61, 34, 5, 4, 0, 2, 1]
(2, (1, 0, 1), (1, 1)): [686, 136, 67, 41, 11, 6, 0, 1, 1]
(2, (1, 0, 1), (1, 2)): [500, 105, 40, 35, 10, 3, 0, 1]
(2, (1, 0, 1), (2, 0)): [184, 43, 18, 11, 1]
(2, (1, 0, 1), (2, 1)): [338, 63, 34, 23, 5, 2, 0, 0, 1]
(2, (1, 0, 1), (2, 2)): [407, 72, 33, 35, 6, 3, 0, 0, 1]
(2, (1, 0, 1), (3, 0)): [42, 7, 1, 0, 1]
(2, (1, 0, 1), (3, 1)): [96, 18, 11, 5, 5]
(2, (1, 0, 1), (3, 2)): [161, 31, 11, 12, 4, 2]
(2, (1, 1, 0), (0, 0)): [4140, 617, 288, 210, 65, 20, 9, 3]
(2, (1, 1, 0), (0, 1)): [1837, 287, 117, 89, 24, 7, 2, 1]
(2, (1, 1, 0), (0, 2)): [784, 120, 55, 38, 13, 4, 2, 1]
(2, (1, 1, 0), (1, 0)): [1472, 210, 105, 67, 24, 5, 6, 1]
(2, (1, 1, 0), (1, 1)): [1427, 219, 87, 71, 19, 6, 4, 1]
(2, (1, 1, 0), (1, 2)): [1057, 164, 61, 56, 11, 7, 2, 1]
(2, (1, 1, 0), (2, 0)): [433, 63, 31, 19, 9, 1, 1]
(2, (1, 1, 0), (2, 1)): [685, 119, 50, 36, 14, 2, 2, 1]
(2, (1, 1, 0), (2, 2)): [777, 131, 49, 48, 13, 6, 2, 2]
(2, (1, 1, 0), (3, 0)): [78, 14, 7, 3, 1, 1]
(2, (1, 1, 0), (3, 1)): [203, 30, 15, 11, 4, 2]
(2, (1, 1, 0), (3, 2)): [355, 47, 31, 17, 7, 2, 1, 2]
(2, (1, 1, 1), (0, 0)): [1247, 164, 180, 93, 64, 17, 4, 1]
(2, (1, 1, 1), (0, 1)): [567, 71, 81, 35, 27, 6]
(2, (1, 1, 1), (0, 2)): [249, 35, 32, 13, 12, 2]
(2, (1, 1, 1), (1, 0)): [453, 68, 69, 39, 18, 5, 3, 1]
(2, (1, 1, 1), (1, 1)): [453, 56, 57, 32, 22, 5, 1, 1]
(2, (1, 1, 1), (1, 2)): [346, 40, 34, 23, 13, 4, 1]
(2, (1, 1, 1), (2, 0)): [116, 15, 23, 14, 5, 1, 1]
(2, (1, 1, 1), (2, 1)): [195, 28, 31, 18, 10, 3, 1, 1]
(2, (1, 1, 1), (2, 2)): [250, 35, 31, 19, 11, 4, 0, 1]
(2, (1, 1, 1), (3, 0)): [23, 5, 5, 5, 2, 1]
(2, (1, 1, 1), (3, 1)): [56, 9, 10, 9, 6, 1]
(2, (1, 1, 1), (3, 2)): [100, 15, 16, 8, 7, 2, 0, 1]
