(0, (0, 0, 0)): [23949, 4130, 2021, 824, 346, 150, 60, 23, 13, 5, 2, 1]
(0, (0, 0, 1)): [71, 224, 56, 23, 16, 5, 2, 0, 1]
(0, (0, 1, 0)): [808, 645, 278, 106, 55, 16, 7, 6, 2]
(0, (0, 1, 1)): [73, 106, 110, 56, 31, 5, 5, 1, 0, 2]
(0, (1, 0, 0)): [4595, 1393, 870, 390, 192, 83, 31, 15, 8, 4, 1, 1]
(0, (1, 0, 1)): [113, 277, 112, 75, 40, 18, 8, 4, 2, 1, 1]
(0, (1, 1, 0)): [601, 347, 244, 169, 91, 50, 20, 4, 3, 2, 0, 1]
(0, (1, 1, 1)): [60, 91, 71, 53, 39, 21, 13, 4, 3, 3, 0, 1]
(1, (0, 0, 0)): [18537, 1815, 848, 334, 97, 50, 21, 7, 2, 1, 1]
(1, (0, 0, 1)): [438, 569, 114, 50, 15, 6, 2]
(1, (0, 1, 0)): [2278, 902, 362, 125, 50, 17, 7, 8, 1]
(1, (0, 1, 1)): [357, 247, 227, 80, 51, 15, 5, 3]
(1, (1, 0, 0)): [6648, 1024, 771, 321, 124, 49, 19, 9, 1, 2]
(1, (1, 0, 1)): [515, 550, 160, 134, 49, 21, 12, 3]
(1, (1, 1, 0)): [1776, 526, 348, 252, 101, 36, 19, 10, 3, 2]
(1, (1, 1, 1)): [362, 271, 158, 106, 71, 28, 15, 2, 0, 2]
(2, (0, 0, 0)): [16149, 673, 245, 74, 16, 8, 3, 1, 0, 0, 1]
(2, (0, 0, 1)): [1270, 341, 69, 19, 7, 5]
(2, (0, 1, 0)): [3521, 671, 205, 61, 19, 12, 2, 2]
(2, (0, 1, 1)): [821, 60, 157, 51, 27, 7, 6]
(2, (1, 0, 0)): [8042, 518, 391, 119, 36, 13, 10, 2, 0, 0, 1]
(2, (1, 0, 1)): [1366, 309, 118, 72, 28, 9, 3, 0, 0, 1]
(2, (1, 1, 0)): [3100, 439, 212, 154, 40, 19, 9, 6, 1, 0, 1]
(2, (1, 1, 1)): [910, 118, 138, 64, 56, 19, 10, 2, 1]
