(0, (0, 0, 0), (0, 0)): [16454, 3309, 1434, 642, 301, 126, 44, 18, 3, 4]
(0, (0, 0, 0), (0, 1)): [1013, 160, 79, 38, 10, 9, 2, 3]
(0, (0, 0, 0), (0, 2)): [375, 49, 23, 19, 5, 3, 1]
(0, (0, 0, 0), (1, 0)): [854, 183, 74, 31, 20, 7, 2, 1, 0, 1]
(0, (0, 0, 0), (1, 1)): [834, 165, 76, 25, 10, 3, 2, 1]
(0, (0, 0, 0), (1, 2)): [551, 90, 51, 21, 7, 2]
(0, (0, 0, 0), (2, 0)): [259, 53, 27, 14, 7, 2, 0, 1]
(0, (0, 0, 0), (2, 1)): [442, 84, 44, 16, 5, 3, 1, 2]
(0, (0, 0, 0), (2, 2)): [444, 67, 51, 16, 7, 3]
(0, (0, 0, 0), (3, 0)): [77, 18, 12, 8, 3, 1]
(0, (0, 0, 0), (3, 1)): [165, 45, 26, 7, 4, 0, 1]
(0, (0, 0, 0), (3, 2)): [221, 53, 38, 15, 4, 2, 1]
(0, (0, 0, 1), (0, 0)): [65, 167, 40, 17, 8, 5, 1, 1, 0, 1]
(0, (0, 0, 1), (0, 1)): [5, 7, 3, 1, 0, 0, 0, 1]
(0, (0, 0, 1), (0, 2)): [2, 5]
(0, (0, 0, 1), (1, 0)): [3, 11, 3, 1, 0, 1]
(0, (0, 0, 1), (1, 1)): [5, 3, 4, 1, 0, 0, 0, 1]
(0, (0, 0, 1), (1, 2)): [3, 6, 2, 1, 0, 0, 0, 1]
(0, (0, 0, 1), (2, 0)): [1, 8, 1, 1, 0, 1]
(0, (0, 0, 1), (2, 1)): [2, 7, 1, 1]
(0, (0, 0, 1), (2, 2)): [2, 6, 3, 2]
(0, (0, 0, 1), (3, 0)): [1, 1, 1]
(0, (0, 0, 1), (3, 1)): [3, 2, 1]
(0, (0, 0, 1), (3, 2)): [2, 3, 1]
(0, (0, 1, 0), (0, 0)): [544, 462, 185, 92, 36, 20, 7, 3, 1]
(0, (0, 1, 0), (0, 1)): [35, 30, 7, 2, 1, 1, 1, 1]
(0, (0, 1, 0), (0, 2)): [9, 13, 2, 1, 1, 1]
(0, (0, 1, 0), (1, 0)): [33, 20, 10, 4, 0, 1, 1]
(0, (0, 1, 0), (1, 1)): [28, 20, 9, 3, 0, 0, 1]
(0, (0, 1, 0), (1, 2)): [16, 20, 7, 2, 1, 1]
(0, (0, 1, 0), (2, 0)): [14, 7, 2, 2]
(0, (0, 1, 0), (2, 1)): [13, 12, 2, 2]
(0, (0, 1, 0), (2, 2)): [14, 10, 5, 2, 1]
(0, (0, 1, 0), (3, 0)): [4, 2]
(0, (0, 1, 0), (3, 1)): [1, 5, 0, 1]
(0, (0, 1, 0), (3, 2)): [6, 3, 1, 1]
(0, (0, 1, 1), (0, 0)): [58, 66, 84, 35, 15, 14, 3, 1]
(0, (0, 1, 1), (0, 1)): [0, 1, 3, 0, 0, 1]
(0, (0, 1, 1), (0, 2)): [0, 1, 1, 0, 0, 1]
(0, (0, 1, 1), (1, 0)): [4, 3, 7, 0, 1, 2]
(0, (0, 1, 1), (1, 1)): [2, 2, 3]
(0, (0, 1, 1), (1, 2)): [1, 1, 2, 0, 0, 1]
(0, (0, 1, 1), (2, 0)): [2, 1, 4, 0, 0, 1]
(0, (0, 1, 1), (2, 1)): [2, 1, 4]
(0, (0, 1, 1), (2, 2)): [3, 1, 3, 0, 0, 1]
(0, (0, 1, 1), (3, 0)): [1, 1, 2, 0, 0, 1]
(0, (0, 1, 1), (3, 1)): [1, 0, 2]
(0, (0, 1, 1), (3, 2)): [1, 1, 2, 0, 0, 1]
(0, (1, 0, 0), (0, 0)): [3435, 1051, 672, 313, 182, 82, 29, 12, 3, 3]
(0, (1, 0, 0), (0, 1)): [230, 49, 26, 18, 12, 6, 1]
(0, (1, 0, 0), (0, 2)): [97, 13, 10, 5, 3, 4]
(0, (1, 0, 0), (1, 0)): [154, 44, 36, 17, 7, 2, 0, 1, 0, 1]
(0, (1, 0, 0), (1, 1)): [157, 39, 29, 15, 6, 1, 0, 0, 0, 1]
(0, (1, 0, 0), (1, 2)): [111, 24, 15, 8, 3, 1, 0, 0, 0, 1]
(0, (1, 0, 0), (2, 0)): [50, 17, 13, 5, 4, 1]
(0, (1, 0, 0), (2, 1)): [68, 23, 14, 6, 2]
(0, (1, 0, 0), (2, 2)): [74, 16, 12, 6, 3, 1]
(0, (1, 0, 0), (3, 0)): [15, 6, 3, 2, 3, 1]
(0, (1, 0, 0), (3, 1)): [22, 8, 5, 2, 1]
(0, (1, 0, 0), (3, 2)): [36, 10, 11, 2, 2, 1]
(0, (1, 0, 1), (0, 0)): [74, 241, 97, 59, 32, 12, 4, 1]
(0, (1, 0, 1), (0, 1)): [7, 13, 4, 2, 2, 0, 2]
(0, (1, 0, 1), (0, 2)): [2, 4, 1, 0, 0, 0, 1]
(0, (1, 0, 1), (1, 0)): [1, 8, 5, 6, 2, 0, 0, 1]
(0, (1, 0, 1), (1, 1)): [5, 8, 4, 3, 1, 0, 1]
(0, (1, 0, 1), (1, 2)): [5, 4, 3, 2, 0, 0, 1]
(0, (1, 0, 1), (2, 0)): [1, 3, 3, 3, 2, 0, 0, 1]
(0, (1, 0, 1), (2, 1)): [0, 4, 4, 1, 2, 0, 1]
(0, (1, 0, 1), (2, 2)): [2, 4, 5, 0, 1, 0, 2]
(0, (1, 0, 1), (3, 0)): [1, 1, 0, 2, 0, 0, 0, 1]
(0, (1, 0, 1), (3, 1)): [1, 2, 0, 3, 1]
(0, (1, 0, 1), (3, 2)): [1, 3, 1, 1, 0, 0, 1]
(0, (1, 1, 0), (0, 0)): [517, 276, 191, 135, 89, 37, 14, 6, 4, 1]
(0, (1, 1, 0), (0, 1)): [33, 12, 14, 5, 2, 1, 1, 1]
(0, (1, 1, 0), (0, 2)): [14, 4, 5, 2, 0, 1, 1]
(0, (1, 1, 0), (1, 0)): [29, 10, 7, 5, 4, 3, 1, 1]
(0, (1, 1, 0), (1, 1)): [23, 7, 4, 3, 0, 2, 1, 2]
(0, (1, 1, 0), (1, 2)): [12, 4, 6, 3, 0, 0, 0, 2]
(0, (1, 1, 0), (2, 0)): [8, 3, 4, 2, 2]
(0, (1, 1, 0), (2, 1)): [13, 6, 0, 1, 2, 2, 1]
(0, (1, 1, 0), (2, 2)): [10, 4, 4, 1, 0, 1, 0, 1]
(0, (1, 1, 0), (3, 0)): [2, 1, 2]
(0, (1, 1, 0), (3, 1)): [6, 1, 1, 0, 2, 1]
(0, (1, 1, 0), (3, 2)): [4, 2, 1, 1, 0, 2]
(0, (1, 1, 1), (0, 0)): [59, 69, 69, 45, 46, 18, 7, 3, 1, 1]
(0, (1, 1, 1), (0, 1)): [7, 4, 2, 1, 1, 1, 0, 1]
(0, (1, 1, 1), (0, 2)): [2, 1, 2]
(0, (1, 1, 1), (1, 0)): [1, 1, 4, 1, 3, 0, 1]
(0, (1, 1, 1), (1, 1)): [2, 4, 3, 2, 1, 1]
(0, (1, 1, 1), (1, 2)): [2, 3, 2, 1]
(0, (1, 1, 1), (2, 0)): [1, 0, 1]
(0, (1, 1, 1), (2, 1)): [2, 1, 2, 1]
(0, (1, 1, 1), (2, 2)): [2, 2, 2, 1]
(0, (1, 1, 1), (3, 1)): [0, 0, 1, 1]
(0, (1, 1, 1), (3, 2)): [0, 0, 1]
(1, (0, 0, 0), (0, 0)): [13480, 1545, 586, 239, 87, 25, 9, 2]
(1, (0, 0, 0), (0, 1)): [798, 75, 31, 13, 2, 1, 1]
(1, (0, 0, 0), (0, 2)): [284, 21, 10, 2]
(1, (0, 0, 0), (1, 0)): [712, 73, 27, 11, 6, 2]
(1, (0, 0, 0), (1, 1)): [711, 72, 18, 13, 4, 2, 1]
(1, (0, 0, 0), (1, 2)): [437, 38, 12, 6, 3]
(1, (0, 0, 0), (2, 0)): [212, 19, 17, 4, 1, 1]
(1, (0, 0, 0), (2, 1)): [368, 33, 19, 7, 0, 1]
(1, (0, 0, 0), (2, 2)): [373, 28, 14, 5, 2]
(1, (0, 0, 0), (3, 0)): [62, 9, 2, 2, 1, 1]
(1, (0, 0, 0), (3, 1)): [131, 22, 12, 5, 1]
(1, (0, 0, 0), (3, 2)): [193, 24, 9, 6, 1]
(1, (0, 0, 1), (0, 0)): [307, 412, 68, 32, 8, 9, 2, 1]
(1, (0, 0, 1), (0, 1)): [25, 19, 3, 1, 0, 1, 1]
(1, (0, 0, 1), (0, 2)): [7, 3, 0, 0, 0, 0, 1]
(1, (0, 0, 1), (1, 0)): [14, 30, 3, 0, 0, 1, 0, 1]
(1, (0, 0, 1), (1, 1)): [24, 20, 2, 1, 0, 2, 0, 1]
(1, (0, 0, 1), (1, 2)): [17, 5, 1]
(1, (0, 0, 1), (2, 0)): [4, 16, 1]
(1, (0, 0, 1), (2, 1)): [7, 19, 1, 0, 0, 2, 0, 1]
(1, (0, 0, 1), (2, 2)): [11, 7, 1]
(1, (0, 0, 1), (3, 0)): [2, 6]
(1, (0, 0, 1), (3, 1)): [5, 10, 1, 0, 0, 1, 0, 1]
(1, (0, 0, 1), (3, 2)): [8, 5, 1]
(1, (0, 1, 0), (0, 0)): [1644, 689, 251, 98, 49, 18, 3, 1]
(1, (0, 1, 0), (0, 1)): [80, 29, 11, 4, 2, 2]
(1, (0, 1, 0), (0, 2)): [33, 9, 4, 0, 0, 1]
(1, (0, 1, 0), (1, 0)): [97, 41, 14, 6, 8, 1]
(1, (0, 1, 0), (1, 1)): [74, 28, 13, 5, 1, 1]
(1, (0, 1, 0), (1, 2)): [48, 18, 10, 1, 0, 2]
(1, (0, 1, 0), (2, 0)): [46, 23, 7, 2, 6, 1]
(1, (0, 1, 0), (2, 1)): [41, 17, 6, 4, 2]
(1, (0, 1, 0), (2, 2)): [33, 15, 9, 0, 2, 1]
(1, (0, 1, 0), (3, 0)): [25, 5, 2, 2, 5, 1]
(1, (0, 1, 0), (3, 1)): [23, 5, 1, 4, 2]
(1, (0, 1, 0), (3, 2)): [23, 7, 5, 3, 1]
(1, (0, 1, 1), (0, 0)): [304, 185, 164, 65, 35, 19, 8, 2, 1]
(1, (0, 1, 1), (0, 1)): [11, 6, 4, 2, 3, 1]
(1, (0, 1, 1), (0, 2)): [8, 4, 2]
(1, (0, 1, 1), (1, 0)): [16, 8, 9, 6, 2, 3, 0, 0, 1]
(1, (0, 1, 1), (1, 1)): [7, 4, 4, 3, 3]
(1, (0, 1, 1), (1, 2)): [7, 2, 2, 1, 1]
(1, (0, 1, 1), (2, 0)): [9, 5, 6, 5, 1, 3, 0, 0, 1]
(1, (0, 1, 1), (2, 1)): [4, 3, 3, 2, 1]
(1, (0, 1, 1), (2, 2)): [7, 2, 2, 1, 1]
(1, (0, 1, 1), (3, 0)): [7, 5, 4, 4, 1, 3, 0, 0, 1]
(1, (0, 1, 1), (3, 1)): [2, 1, 3, 3]
(1, (0, 1, 1), (3, 2)): [4, 1, 1, 1, 1]
(1, (1, 0, 0), (0, 0)): [4976, 807, 538, 236, 107, 43, 12, 4, 0, 1]
(1, (1, 0, 0), (0, 1)): [307, 36, 29, 14, 5, 4]
(1, (1, 0, 0), (0, 2)): [114, 15, 12, 4, 2, 1]
(1, (1, 0, 0), (1, 0)): [267, 27, 19, 14, 9, 3, 1, 0, 0, 1]
(1, (1, 0, 0), (1, 1)): [221, 28, 19, 12, 3, 3, 1]
(1, (1, 0, 0), (1, 2)): [158, 19, 15, 6, 2, 1]
(1, (1, 0, 0), (2, 0)): [93, 6, 5, 8, 7, 2, 0, 0, 0, 1]
(1, (1, 0, 0), (2, 1)): [123, 16, 11, 7, 4, 3, 1]
(1, (1, 0, 0), (2, 2)): [115, 13, 15, 5, 3, 1]
(1, (1, 0, 0), (3, 0)): [27, 0, 2, 5, 3, 0, 0, 0, 0, 1]
(1, (1, 0, 0), (3, 1)): [48, 10, 2, 7, 3, 2, 0, 0, 0, 1]
(1, (1, 0, 0), (3, 2)): [56, 8, 10, 7, 4, 1, 0, 0, 0, 1]
(1, (1, 0, 1), (0, 0)): [401, 454, 141, 90, 54, 14, 3, 3]
(1, (1, 0, 1), (0, 1)): [27, 18, 5, 4, 1, 2, 0, 1]
(1, (1, 0, 1), (0, 2)): [14, 4, 1, 2]
(1, (1, 0, 1), (1, 0)): [19, 20, 8, 9, 3]
(1, (1, 0, 1), (1, 1)): [17, 14, 4, 4, 1, 2, 0, 1]
(1, (1, 0, 1), (1, 2)): [15, 8, 1, 3, 0, 1, 0, 1]
(1, (1, 0, 1), (2, 0)): [8, 10, 5, 3, 3]
(1, (1, 0, 1), (2, 1)): [6, 7, 3, 4, 3, 1]
(1, (1, 0, 1), (2, 2)): [9, 6, 3, 1, 1]
(1, (1, 0, 1), (3, 0)): [4, 5, 4]
(1, (1, 0, 1), (3, 1)): [4, 4, 2, 2, 2]
(1, (1, 0, 1), (3, 2)): [2, 6, 1]
(1, (1, 1, 0), (0, 0)): [1461, 412, 247, 199, 90, 38, 10, 5, 1, 1]
(1, (1, 1, 0), (0, 1)): [86, 23, 5, 8, 9, 0, 2, 1]
(1, (1, 1, 0), (0, 2)): [37, 9, 0, 3, 3]
(1, (1, 1, 0), (1, 0)): [66, 16, 8, 8, 4, 2, 0, 0, 0, 1]
(1, (1, 1, 0), (1, 1)): [66, 19, 7, 6, 5, 0, 0, 0, 0, 1]
(1, (1, 1, 0), (1, 2)): [50, 15, 2, 3, 3]
(1, (1, 1, 0), (2, 0)): [24, 4, 5, 5, 0, 2]
(1, (1, 1, 0), (2, 1)): [28, 7, 5, 8, 1, 1]
(1, (1, 1, 0), (2, 2)): [32, 13, 2, 6, 1]
(1, (1, 1, 0), (3, 0)): [8, 2, 2, 2, 0, 1]
(1, (1, 1, 0), (3, 1)): [17, 1, 2, 5, 0, 2]
(1, (1, 1, 0), (3, 2)): [15, 8, 3, 6]
(1, (1, 1, 1), (0, 0)): [289, 229, 135, 81, 76, 31, 12, 7, 2]
(1, (1, 1, 1), (0, 1)): [18, 7, 4, 5, 6, 1, 0, 1, 1]
(1, (1, 1, 1), (0, 2)): [12, 2, 3, 1, 2]
(1, (1, 1, 1), (1, 0)): [5, 8, 9, 7, 3, 4]
(1, (1, 1, 1), (1, 1)): [5, 3, 2, 8, 6, 4]
(1, (1, 1, 1), (1, 2)): [8, 1, 4, 3, 1, 3]
(1, (1, 1, 1), (2, 0)): [2, 5, 5, 3, 0, 1]
(1, (1, 1, 1), (2, 1)): [3, 3, 4, 6, 1, 1]
(1, (1, 1, 1), (2, 2)): [9, 1, 4, 6, 2, 3]
(1, (1, 1, 1), (3, 0)): [0, 1, 1, 1, 0, 1]
(1, (1, 1, 1), (3, 1)): [0, 0, 1, 3, 0, 1]
(1, (1, 1, 1), (3, 2)): [6, 0, 3, 2, 2, 1]
(2, (0, 0, 0), (0, 0)): [11720, 570, 170, 57, 13, 4, 2]
(2, (0, 0, 0), (0, 1)): [691, 21, 10, 2, 1]
(2, (0, 0, 0), (0, 2)): [238, 7, 2]
(2, (0, 0, 0), (1, 0)): [612, 29, 7, 4, 1]
(2, (0, 0, 0), (1, 1)): [605, 21, 8, 1, 2]
(2, (0, 0, 0), (1, 2)): [372, 7, 4, 0, 1]
(2, (0, 0, 0), (2, 0)): [218, 9, 5, 3]
(2, (0, 0, 0), (2, 1)): [332, 9, 4, 1]
(2, (0, 0, 0), (2, 2)): [324, 7, 3, 1, 1]
(2, (0, 0, 0), (3, 0)): [68, 3, 2, 3]
(2, (0, 0, 0), (3, 1)): [146, 4, 3, 1]
(2, (0, 0, 0), (3, 2)): [188, 4, 4, 0, 1]
(2, (0, 0, 1), (0, 0)): [820, 265, 46, 19, 3, 2]
(2, (0, 0, 1), (0, 1)): [61, 15, 6]
(2, (0, 0, 1), (0, 2)): [25, 2, 1]
(2, (0, 0, 1), (1, 0)): [54, 9, 2]
(2, (0, 0, 1), (1, 1)): [59, 11, 5]
(2, (0, 0, 1), (1, 2)): [44, 3, 1]
(2, (0, 0, 1), (2, 0)): [19, 6, 1]
(2, (0, 0, 1), (2, 1)): [31, 5, 6]
(2, (0, 0, 1), (2, 2)): [35, 2, 3]
(2, (0, 0, 1), (3, 0)): [10, 4]
(2, (0, 0, 1), (3, 1)): [18, 5, 2]
(2, (0, 0, 1), (3, 2)): [21, 3, 2]
(2, (0, 1, 0), (0, 0)): [2546, 550, 152, 44, 18, 6, 2]
(2, (0, 1, 0), (0, 1)): [148, 20, 4, 3, 1]
(2, (0, 1, 0), (0, 2)): [66, 12, 1]
(2, (0, 1, 0), (1, 0)): [144, 27, 16, 2, 1, 0, 1]
(2, (0, 1, 0), (1, 1)): [118, 19, 6, 3, 1, 0, 1]
(2, (0, 1, 0), (1, 2)): [83, 10, 2]
(2, (0, 1, 0), (2, 0)): [75, 9, 9, 1, 1]
(2, (0, 1, 0), (2, 1)): [77, 13, 6, 2, 1, 0, 1]
(2, (0, 1, 0), (2, 2)): [69, 9, 4, 1]
(2, (0, 1, 0), (3, 0)): [37, 6, 3, 1, 1]
(2, (0, 1, 0), (3, 1)): [30, 11, 2, 0, 1, 0, 1]
(2, (0, 1, 0), (3, 2)): [43, 11, 4, 1]
(2, (0, 1, 1), (0, 0)): [557, 44, 104, 28, 12, 6]
(2, (0, 1, 1), (0, 1)): [33, 2, 1, 2]
(2, (0, 1, 1), (0, 2)): [15, 2, 0, 1]
(2, (0, 1, 1), (1, 0)): [19, 2, 5, 2, 1]
(2, (0, 1, 1), (1, 1)): [18, 1, 2, 3]
(2, (0, 1, 1), (1, 2)): [13, 2, 1, 1]
(2, (0, 1, 1), (2, 0)): [9, 0, 4, 0, 1]
(2, (0, 1, 1), (2, 1)): [11, 0, 3, 1]
(2, (0, 1, 1), (2, 2)): [14, 1, 3, 2]
(2, (0, 1, 1), (3, 0)): [4, 0, 1, 0, 1]
(2, (0, 1, 1), (3, 1)): [4, 0, 1]
(2, (0, 1, 1), (3, 2)): [9, 1, 2]
(2, (1, 0, 0), (0, 0)): [6098, 403, 287, 92, 27, 5, 2, 1]
(2, (1, 0, 0), (0, 1)): [314, 15, 7, 5]
(2, (1, 0, 0), (0, 2)): [119, 3, 1]
(2, (1, 0, 0), (1, 0)): [336, 24, 24, 6, 1]
(2, (1, 0, 0), (1, 1)): [270, 13, 10, 5, 1]
(2, (1, 0, 0), (1, 2)): [159, 5, 4, 2]
(2, (1, 0, 0), (2, 0)): [116, 8, 12, 4]
(2, (1, 0, 0), (2, 1)): [134, 7, 11, 4, 1]
(2, (1, 0, 0), (2, 2)): [136, 3, 7, 2]
(2, (1, 0, 0), (3, 0)): [37, 7, 4, 2]
(2, (1, 0, 0), (3, 1)): [65, 9, 6, 3]
(2, (1, 0, 0), (3, 2)): [76, 5, 5, 1]
(2, (1, 0, 1), (0, 0)): [969, 240, 75, 45, 19, 3, 2]
(2, (1, 0, 1), (0, 1)): [54, 10, 7, 3]
(2, (1, 0, 1), (0, 2)): [25, 0, 2]
(2, (1, 0, 1), (1, 0)): [53, 9, 3, 4, 0, 0, 1]
(2, (1, 0, 1), (1, 1)): [40, 8, 3, 3]
(2, (1, 0, 1), (1, 2)): [25, 0, 2, 2]
(2, (1, 0, 1), (2, 0)): [20, 4, 2, 0, 0, 0, 1]
(2, (1, 0, 1), (2, 1)): [19, 5, 2]
(2, (1, 0, 1), (2, 2)): [17, 2, 1]
(2, (1, 0, 1), (3, 0)): [6, 0, 1, 0, 0, 0, 1]
(2, (1, 0, 1), (3, 1)): [11, 2, 2, 0, 0, 0, 1]
(2, (1, 0, 1), (3, 2)): [13, 2, 0, 0, 0, 0, 1]
(2, (1, 1, 0), (0, 0)): [2497, 343, 152, 133, 31, 13, 3, 1]
(2, (1, 1, 0), (0, 1)): [150, 13, 10, 2, 2]
(2, (1, 1, 0), (0, 2)): [65, 3, 3, 0, 1]
(2, (1, 1, 0), (1, 0)): [107, 20, 8, 8, 2, 0, 1]
(2, (1, 1, 0), (1, 1)): [109, 15, 6, 5, 1]
(2, (1, 1, 0), (1, 2)): [83, 9, 6, 2, 2]
(2, (1, 1, 0), (2, 0)): [42, 6, 6, 3, 1, 0, 1]
(2, (1, 1, 0), (2, 1)): [52, 4, 5, 4, 1, 0, 1]
(2, (1, 1, 0), (2, 2)): [56, 5, 2, 1]
(2, (1, 1, 0), (3, 0)): [16, 3, 2]
(2, (1, 1, 0), (3, 1)): [19, 4, 2, 1, 1, 0, 1]
(2, (1, 1, 0), (3, 2)): [24, 5, 1]
(2, (1, 1, 1), (0, 0)): [689, 95, 107, 50, 32, 17, 4, 2, 1]
(2, (1, 1, 1), (0, 1)): [24, 6, 2, 1, 2, 1]
(2, (1, 1, 1), (0, 2)): [10, 2, 0, 0, 1]
(2, (1, 1, 1), (1, 0)): [31, 4, 5, 2, 3, 0, 2]
(2, (1, 1, 1), (1, 1)): [26, 5, 4, 2, 2]
(2, (1, 1, 1), (1, 2)): [23, 1, 1, 0, 1]
(2, (1, 1, 1), (2, 0)): [5, 3, 1, 1, 2, 0, 1]
(2, (1, 1, 1), (2, 1)): [7, 6, 1, 0, 2]
(2, (1, 1, 1), (2, 2)): [14, 3, 1, 0, 1]
(2, (1, 1, 1), (3, 0)): [2, 2, 1, 1, 0, 0, 1]
(2, (1, 1, 1), (3, 1)): [3, 4, 1, 1, 0, 0, 1]
(2, (1, 1, 1), (3, 2)): [4, 5, 1, 1, 0, 0, 1]
