(0, (0, 0, 0)): [2202620, 451459, 207783, 95057, 42735, 18288, 7641, 3044, 1252, 543, 241, 116, 40, 22, 6, 1, 1, 1]
(0, (0, 0, 1)): [7958, 24760, 6771, 3316, 1603, 701, 305, 119, 51, 29, 18, 4, 4, 3]
(0, (0, 1, 0)): [81805, 76778, 30236, 15022, 7142, 3095, 1348, 543, 234, 120, 42, 17, 7, 6, 3, 0, 1]
(0, (0, 1, 1)): [6447, 11409, 13511, 6301, 3318, 1615, 686, 296, 145, 62, 20, 13, 3, 4, 2, 0, 1, 1]
(0, (1, 0, 0)): [460337, 152282, 99421, 49442, 23721, 10651, 4454, 1878, 797, 347, 166, 68, 25, 17, 4, 1, 1, 1]
(0, (1, 0, 1)): [10792, 33070, 13393, 9603, 5060, 2358, 1109, 445, 221, 94, 49, 20, 9, 3, 2, 0, 0, 1]
(0, (1, 1, 0)): [65854, 41543, 30680, 22418, 11925, 5610, 2403, 1096, 470, 207, 97, 39, 12, 6, 1, 0, 1]
(0, (1, 1, 1)): [6266, 12421, 9940, 7184, 5916, 2965, 1369, 641, 313, 128, 64, 24, 6, 4, 1, 0, 1]
(1, (0, 0, 0)): [1800733, 201895, 82678, 32847, 12944, 4897, 1921, 671, 239, 99, 35, 23, 8, 3, 0, 1]
(1, (0, 0, 1)): [48382, 69323, 13882, 6101, 2476, 1020, 397, 138, 70, 25, 14, 8, 4, 2]
(1, (0, 1, 0)): [243090, 105150, 38993, 17031, 6904, 2739, 970, 423, 125, 64, 32, 10, 10, 2, 1]
(1, (0, 1, 1)): [37722, 31875, 27442, 11205, 5791, 2301, 927, 361, 160, 53, 16, 9, 3, 2, 0, 1]
(1, (1, 0, 0)): [669823, 117817, 78165, 33321, 13668, 5419, 2154, 767, 298, 130, 48, 32, 7, 3, 0, 2]
(1, (1, 0, 1)): [54627, 62050, 19886, 13621, 5909, 2423, 962, 365, 130, 76, 21, 9, 2, 1]
(1, (1, 1, 0)): [189104, 57024, 37912, 27849, 11704, 4865, 1903, 762, 292, 122, 46, 25, 10, 5, 1]
(1, (1, 1, 1)): [38744, 31026, 19360, 12560, 9660, 4101, 1682, 631, 260, 92, 30, 22, 9, 4, 1, 1]
(2, (0, 0, 0)): [1572345, 74710, 24926, 7939, 2664, 839, 290, 99, 20, 8, 5, 0, 1]
(2, (0, 0, 1)): [147501, 42719, 9132, 3147, 1116, 382, 107, 35, 9, 6, 0, 2]
(2, (0, 1, 0)): [389221, 80149, 22619, 8080, 2737, 883, 275, 80, 20, 13, 7, 0, 1]
(2, (0, 1, 1)): [89932, 7525, 18704, 5439, 2169, 712, 236, 74, 24, 7, 5, 1, 0, 1]
(2, (1, 0, 0)): [810566, 58680, 39841, 12682, 4207, 1323, 514, 149, 38, 15, 7, 1, 1]
(2, (1, 0, 1)): [143568, 33389, 13227, 8480, 2807, 920, 310, 89, 32, 11, 2, 4, 2]
(2, (1, 1, 0)): [321475, 48308, 24427, 17240, 5626, 1798, 617, 206, 65, 28, 10, 3, 2, 1]
(2, (1, 1, 1)): [95361, 13857, 15795, 7911, 6030, 1875, 631, 214, 73, 17, 10, 4, 1, 1]
