(0, (0, 0, 0), (0, 0)): [15396, 3158, 1526, 656, 291, 138, 61, 39, 8, 1, 1, 2]
(0, (0, 0, 0), (0, 1)): [771, 142, 71, 35, 8, 5, 6, 0, 1]
(0, (0, 0, 0), (0, 2)): [260, 41, 25, 11, 4, 3, 1]
(0, (0, 0, 0), (1, 0)): [734, 188, 95, 36, 16, 4, 6, 2]
(0, (0, 0, 0), (1, 1)): [648, 131, 69, 37, 8, 4, 5, 1, 1]
(0, (0, 0, 0), (1, 2)): [407, 66, 37, 18, 5, 2, 1]
(0, (0, 0, 0), (2, 0)): [249, 75, 31, 14, 11, 1, 3, 1]
(0, (0, 0, 0), (2, 1)): [364, 78, 36, 30, 4, 3, 4, 1]
(0, (0, 0, 0), (2, 2)): [327, 63, 36, 22, 2, 3, 3]
(0, (0, 0, 0), (3, 0)): [89, 21, 14, 5, 7, 0, 1, 1]
(0, (0, 0, 0), (3, 1)): [156, 32, 25, 15, 7, 1, 2, 1]
(0, (0, 0, 0), (3, 2)): [211, 43, 30, 17, 3, 4]
(0, (0, 0, 1), (0, 0)): [68, 162, 46, 27, 7, 4, 1, 4, 1, 1]
(0, (0, 0, 1), (0, 1)): [2, 6, 5]
(0, (0, 0, 1), (0, 2)): [0, 2, 2]
(0, (0, 0, 1), (1, 0)): [5, 4, 0, 2]
(0, (0, 0, 1), (1, 1)): [3, 6, 2]
(0, (0, 0, 1), (1, 2)): [1, 5, 4]
(0, (0, 0, 1), (2, 0)): [3, 0, 0, 1]
(0, (0, 0, 1), (2, 1)): [4, 1]
(0, (0, 0, 1), (2, 2)): [3, 2, 2]
(0, (0, 0, 1), (3, 0)): [0, 0, 0, 1]
(0, (0, 0, 1), (3, 1)): [0, 0, 0, 1]
(0, (0, 0, 1), (3, 2)): [2]
(0, (0, 1, 0), (0, 0)): [490, 471, 191, 90, 35, 17, 12, 4, 0, 0, 0, 1]
(0, (0, 1, 0), (0, 1)): [27, 23, 6, 3, 1, 2]
(0, (0, 1, 0), (0, 2)): [14, 9, 2]
(0, (0, 1, 0), (1, 0)): [26, 20, 11, 6, 2, 0, 2]
(0, (0, 1, 0), (1, 1)): [17, 20, 10, 5, 0, 2, 1]
(0, (0, 1, 0), (1, 2)): [17, 10, 4, 0, 0, 1]
(0, (0, 1, 0), (2, 0)): [8, 8, 3, 3, 2, 0, 1]
(0, (0, 1, 0), (2, 1)): [8, 8, 6, 6, 0, 1, 2]
(0, (0, 1, 0), (2, 2)): [10, 6, 6, 4, 0, 1, 2]
(0, (0, 1, 0), (3, 0)): [4, 2, 1, 2, 2]
(0, (0, 1, 0), (3, 1)): [5, 5, 1, 0, 1]
(0, (0, 1, 0), (3, 2)): [6, 4, 1, 2, 0, 1, 1]
(0, (0, 1, 1), (0, 0)): [51, 77, 92, 36, 26, 6, 6, 4, 1]
(0, (0, 1, 1), (0, 1)): [1, 4, 4, 2, 1, 1, 0, 1]
(0, (0, 1, 1), (0, 2)): [1, 1, 1, 1, 0, 0, 0, 1]
(0, (0, 1, 1), (1, 0)): [8, 4, 6, 1, 1, 0, 1]
(0, (0, 1, 1), (1, 1)): [1, 5, 4, 2, 1, 1]
(0, (0, 1, 1), (1, 2)): [2, 1, 1, 0, 1, 0, 0, 1]
(0, (0, 1, 1), (2, 0)): [7, 2, 3, 0, 1, 0, 1]
(0, (0, 1, 1), (2, 1)): [4, 3, 3, 2, 0, 1, 1]
(0, (0, 1, 1), (2, 2)): [5, 3, 0, 1]
(0, (0, 1, 1), (3, 0)): [2, 1, 1, 0, 1]
(0, (0, 1, 1), (3, 1)): [0, 1, 1, 1]
(0, (0, 1, 1), (3, 2)): [2, 2, 0, 1]
(0, (1, 0, 0), (0, 0)): [3478, 1170, 740, 338, 180, 89, 40, 24, 6, 0, 1]
(0, (1, 0, 0), (0, 1)): [165, 47, 34, 18, 6, 3, 3, 1]
(0, (1, 0, 0), (0, 2)): [67, 17, 10, 4, 2, 0, 1]
(0, (1, 0, 0), (1, 0)): [137, 66, 34, 16, 13, 2, 4, 1, 1]
(0, (1, 0, 0), (1, 1)): [127, 43, 27, 14, 7, 1, 3, 1, 1]
(0, (1, 0, 0), (1, 2)): [91, 25, 13, 3, 4, 1, 1]
(0, (1, 0, 0), (2, 0)): [43, 22, 12, 5, 6, 1, 0, 1]
(0, (1, 0, 0), (2, 1)): [66, 17, 15, 6, 6, 1, 2, 1, 1]
(0, (1, 0, 0), (2, 2)): [71, 16, 11, 1, 5, 1, 0, 1]
(0, (1, 0, 0), (3, 0)): [7, 5, 5, 4, 2, 0, 0, 1]
(0, (1, 0, 0), (3, 1)): [14, 7, 6, 4, 2, 1, 1, 0, 1]
(0, (1, 0, 0), (3, 2)): [34, 11, 5, 2, 4, 2, 0, 1]
(0, (1, 0, 1), (0, 0)): [73, 249, 81, 64, 26, 20, 7, 5, 1, 1, 1, 1]
(0, (1, 0, 1), (0, 1)): [5, 13, 4, 1, 2, 0, 1]
(0, (1, 0, 1), (0, 2)): [3, 6, 0, 0, 2, 0, 1]
(0, (1, 0, 1), (1, 0)): [3, 9, 2, 4, 1, 2]
(0, (1, 0, 1), (1, 1)): [0, 8, 1, 2, 1]
(0, (1, 0, 1), (1, 2)): [0, 6, 0, 1, 1]
(0, (1, 0, 1), (2, 0)): [2, 3, 1, 3, 0, 2]
(0, (1, 0, 1), (2, 1)): [1, 1, 2, 1]
(0, (1, 0, 1), (2, 2)): [0, 1]
(0, (1, 0, 1), (3, 0)): [0, 1, 0, 2, 0, 1]
(0, (1, 0, 1), (3, 1)): [1, 1, 2]
(0, (1, 0, 1), (3, 2)): [0, 1]
(0, (1, 1, 0), (0, 0)): [517, 346, 242, 164, 115, 52, 23, 16, 4]
(0, (1, 1, 0), (0, 1)): [27, 15, 11, 3, 5, 2, 1, 1]
(0, (1, 1, 0), (0, 2)): [10, 6, 4, 0, 3, 0, 0, 1]
(0, (1, 1, 0), (1, 0)): [24, 16, 8, 5, 2, 3, 1, 1, 1]
(0, (1, 1, 0), (1, 1)): [17, 11, 7, 6, 0, 2]
(0, (1, 1, 0), (1, 2)): [13, 7, 5, 3, 3, 0, 0, 1]
(0, (1, 1, 0), (2, 0)): [4, 7, 3, 1, 2, 1, 1, 1, 1]
(0, (1, 1, 0), (2, 1)): [7, 6, 4, 2, 0, 0, 1]
(0, (1, 1, 0), (2, 2)): [9, 7, 4, 0, 1]
(0, (1, 1, 0), (3, 0)): [0, 4, 1, 0, 2, 1, 0, 0, 1]
(0, (1, 1, 0), (3, 1)): [1, 4, 2, 0, 0, 0, 1, 0, 1]
(0, (1, 1, 0), (3, 2)): [4, 4, 3, 0, 0, 0, 1, 0, 1]
(0, (1, 1, 1), (0, 0)): [67, 112, 86, 54, 54, 29, 18, 9, 2, 1]
(0, (1, 1, 1), (0, 1)): [2, 8, 5, 3, 2, 0, 0, 0, 1]
(0, (1, 1, 1), (0, 2)): [1, 3, 0, 1, 0, 0, 0, 0, 1]
(0, (1, 1, 1), (1, 0)): [1, 8, 4, 1, 4, 3, 1]
(0, (1, 1, 1), (1, 1)): [1, 4, 4, 3, 2, 0, 1]
(0, (1, 1, 1), (1, 2)): [1, 4, 3, 1, 0, 0, 0, 0, 1]
(0, (1, 1, 1), (2, 0)): [1, 1, 3, 0, 2]
(0, (1, 1, 1), (2, 1)): [1, 1, 1, 1, 2]
(0, (1, 1, 1), (2, 2)): [1, 4, 1, 1, 1]
(0, (1, 1, 1), (3, 0)): [0, 0, 1]
(0, (1, 1, 1), (3, 1)): [0, 1, 0, 1]
(0, (1, 1, 1), (3, 2)): [0, 0, 0, 1]
(1, (0, 0, 0), (0, 0)): [12395, 1366, 600, 219, 83, 37, 14, 6, 0, 1, 0, 1]
(1, (0, 0, 0), (0, 1)): [607, 62, 28, 14, 2, 2, 1, 1]
(1, (0, 0, 0), (0, 2)): [196, 15, 7, 3, 1, 1]
(1, (0, 0, 0), (1, 0)): [617, 85, 38, 11, 3, 1, 2]
(1, (0, 0, 0), (1, 1)): [528, 65, 30, 12, 2, 2, 1, 1]
(1, (0, 0, 0), (1, 2)): [314, 34, 14, 7, 2, 1]
(1, (0, 0, 0), (2, 0)): [219, 33, 16, 4, 0, 0, 1]
(1, (0, 0, 0), (2, 1)): [299, 38, 13, 6, 1, 2, 2]
(1, (0, 0, 0), (2, 2)): [262, 41, 11, 5, 1, 2, 2]
(1, (0, 0, 0), (3, 0)): [76, 15, 7, 3]
(1, (0, 0, 0), (3, 1)): [130, 14, 9, 4, 1]
(1, (0, 0, 0), (3, 2)): [156, 22, 9, 5, 1, 1, 1]
(1, (0, 0, 1), (0, 0)): [291, 435, 96, 34, 11, 6, 4, 0, 1]
(1, (0, 0, 1), (0, 1)): [16, 16, 6, 2, 0, 1, 1]
(1, (0, 0, 1), (0, 2)): [3, 5]
(1, (0, 0, 1), (1, 0)): [19, 17, 8, 0, 1]
(1, (0, 0, 1), (1, 1)): [20, 17, 4, 2, 0, 1, 1]
(1, (0, 0, 1), (1, 2)): [15, 8, 1, 2, 0, 1]
(1, (0, 0, 1), (2, 0)): [10, 4, 5, 0, 1]
(1, (0, 0, 1), (2, 1)): [5, 6, 2, 0, 0, 0, 1]
(1, (0, 0, 1), (2, 2)): [7, 7, 2, 2, 0, 1]
(1, (0, 0, 1), (3, 0)): [3, 1, 1, 0, 1]
(1, (0, 0, 1), (3, 1)): [2, 3, 1, 0, 1]
(1, (0, 0, 1), (3, 2)): [3, 2, 1, 2, 0, 1]
(1, (0, 1, 0), (0, 0)): [1532, 711, 254, 126, 40, 14, 7, 2]
(1, (0, 1, 0), (0, 1)): [60, 30, 17, 3, 3]
(1, (0, 1, 0), (0, 2)): [22, 4, 6]
(1, (0, 1, 0), (1, 0)): [92, 43, 11, 10, 1]
(1, (0, 1, 0), (1, 1)): [59, 30, 12, 4, 1]
(1, (0, 1, 0), (1, 2)): [29, 13, 7, 1]
(1, (0, 1, 0), (2, 0)): [40, 20, 4, 7, 1]
(1, (0, 1, 0), (2, 1)): [35, 14, 5, 3, 1]
(1, (0, 1, 0), (2, 2)): [26, 9, 7, 2]
(1, (0, 1, 0), (3, 0)): [21, 9, 2, 5, 1]
(1, (0, 1, 0), (3, 1)): [19, 7, 3, 2]
(1, (0, 1, 0), (3, 2)): [14, 8, 3, 2]
(1, (0, 1, 1), (0, 0)): [223, 204, 199, 72, 44, 18, 8, 3, 1]
(1, (0, 1, 1), (0, 1)): [7, 9, 4, 5, 1, 2]
(1, (0, 1, 1), (0, 2)): [4, 3, 2, 1]
(1, (0, 1, 1), (1, 0)): [22, 14, 9, 6, 3, 0, 1]
(1, (0, 1, 1), (1, 1)): [8, 7, 4, 3, 0, 1]
(1, (0, 1, 1), (1, 2)): [5, 6, 4, 1]
(1, (0, 1, 1), (2, 0)): [15, 11, 6, 4, 3, 0, 1]
(1, (0, 1, 1), (2, 1)): [2, 2, 0, 2, 0, 1]
(1, (0, 1, 1), (2, 2)): [3, 4, 2, 2]
(1, (0, 1, 1), (3, 0)): [14, 10, 6, 3, 3, 0, 1]
(1, (0, 1, 1), (3, 1)): [2, 2, 1]
(1, (0, 1, 1), (3, 2)): [2, 3, 1]
(1, (1, 0, 0), (0, 0)): [4941, 846, 590, 222, 86, 46, 19, 8, 0, 1, 0, 1]
(1, (1, 0, 0), (0, 1)): [215, 42, 35, 8, 3, 1, 1]
(1, (1, 0, 0), (0, 2)): [68, 12, 11, 1, 2]
(1, (1, 0, 0), (1, 0)): [236, 40, 26, 20, 2, 1, 2, 1]
(1, (1, 0, 0), (1, 1)): [189, 25, 29, 9, 2, 1, 2, 1]
(1, (1, 0, 0), (1, 2)): [95, 13, 10, 3, 0, 0, 1, 1]
(1, (1, 0, 0), (2, 0)): [77, 12, 8, 12, 1, 1, 1]
(1, (1, 0, 0), (2, 1)): [111, 10, 10, 8, 2, 1]
(1, (1, 0, 0), (2, 2)): [75, 9, 12, 6, 1, 1, 1]
(1, (1, 0, 0), (3, 0)): [28, 4, 3, 4, 0, 1]
(1, (1, 0, 0), (3, 1)): [39, 6, 3, 6, 1]
(1, (1, 0, 0), (3, 2)): [39, 7, 5, 5, 1, 0, 1]
(1, (1, 0, 1), (0, 0)): [363, 433, 146, 94, 55, 19, 7, 2, 0, 0, 1]
(1, (1, 0, 1), (0, 1)): [20, 17, 9, 5, 3, 0, 1]
(1, (1, 0, 1), (0, 2)): [7, 4, 0, 2]
(1, (1, 0, 1), (1, 0)): [26, 23, 4, 3, 4, 1, 2]
(1, (1, 0, 1), (1, 1)): [17, 15, 7, 3, 3, 0, 2]
(1, (1, 0, 1), (1, 2)): [12, 7, 3, 2, 2]
(1, (1, 0, 1), (2, 0)): [7, 10, 0, 2, 2, 1]
(1, (1, 0, 1), (2, 1)): [7, 8, 1, 1, 1, 0, 2]
(1, (1, 0, 1), (2, 2)): [7, 4, 2, 1, 1, 0, 2]
(1, (1, 0, 1), (3, 0)): [2, 4, 0, 0, 1, 1]
(1, (1, 0, 1), (3, 1)): [3, 4, 0, 0, 1, 1]
(1, (1, 0, 1), (3, 2)): [2, 4, 0, 1, 1, 1, 2]
(1, (1, 1, 0), (0, 0)): [1431, 437, 312, 228, 84, 42, 20, 7, 0, 1, 0, 1]
(1, (1, 1, 0), (0, 1)): [63, 19, 20, 8, 2, 1, 2, 1]
(1, (1, 1, 0), (0, 2)): [24, 5, 5, 3, 2]
(1, (1, 1, 0), (1, 0)): [66, 17, 11, 13, 2]
(1, (1, 1, 0), (1, 1)): [47, 12, 16, 7, 2, 1, 1, 1]
(1, (1, 1, 0), (1, 2)): [35, 7, 8, 7, 1]
(1, (1, 1, 0), (2, 0)): [20, 5, 2, 5]
(1, (1, 1, 0), (2, 1)): [26, 6, 6, 3, 1, 1, 1]
(1, (1, 1, 0), (2, 2)): [24, 5, 6, 3, 2]
(1, (1, 1, 0), (3, 0)): [7, 3, 1, 2]
(1, (1, 1, 0), (3, 1)): [15, 4, 1, 1, 0, 1, 1]
(1, (1, 1, 0), (3, 2)): [12, 5, 4, 1, 1, 0, 1]
(1, (1, 1, 1), (0, 0)): [317, 235, 159, 97, 93, 38, 18, 2, 1]
(1, (1, 1, 1), (0, 1)): [15, 17, 12, 3, 4, 1, 1]
(1, (1, 1, 1), (0, 2)): [8, 6, 4, 1, 0, 1]
(1, (1, 1, 1), (1, 0)): [14, 10, 5, 6, 3, 2, 1]
(1, (1, 1, 1), (1, 1)): [9, 7, 8, 3, 6, 1]
(1, (1, 1, 1), (1, 2)): [4, 9, 5, 1, 2, 1]
(1, (1, 1, 1), (2, 0)): [7, 4, 1, 2, 1, 1]
(1, (1, 1, 1), (2, 1)): [6, 1, 2, 4, 4, 1]
(1, (1, 1, 1), (2, 2)): [2, 3, 4, 0, 2]
(1, (1, 1, 1), (3, 0)): [0, 3, 1, 1, 0, 1]
(1, (1, 1, 1), (3, 1)): [1, 2, 1, 2, 2]
(1, (1, 1, 1), (3, 2)): [3, 1, 2, 0, 1]
(2, (0, 0, 0), (0, 0)): [10858, 492, 163, 60, 18, 8, 1]
(2, (0, 0, 0), (0, 1)): [567, 21, 5, 0, 2]
(2, (0, 0, 0), (0, 2)): [178, 6]
(2, (0, 0, 0), (1, 0)): [556, 31, 19, 9, 0, 2]
(2, (0, 0, 0), (1, 1)): [501, 20, 10, 0, 2]
(2, (0, 0, 0), (1, 2)): [300, 12, 1, 0, 1]
(2, (0, 0, 0), (2, 0)): [192, 14, 8, 8, 0, 1]
(2, (0, 0, 0), (2, 1)): [291, 10, 12, 3, 0, 1]
(2, (0, 0, 0), (2, 2)): [254, 11, 3, 1, 1]
(2, (0, 0, 0), (3, 0)): [62, 6, 4, 5]
(2, (0, 0, 0), (3, 1)): [138, 8, 10, 3]
(2, (0, 0, 0), (3, 2)): [155, 8, 5, 2]
(2, (0, 0, 1), (0, 0)): [778, 249, 51, 19, 5, 2]
(2, (0, 0, 1), (0, 1)): [42, 14, 1]
(2, (0, 0, 1), (0, 2)): [13, 3]
(2, (0, 0, 1), (1, 0)): [40, 13, 5]
(2, (0, 0, 1), (1, 1)): [33, 11, 1]
(2, (0, 0, 1), (1, 2)): [20, 3]
(2, (0, 0, 1), (2, 0)): [19, 5, 2]
(2, (0, 0, 1), (2, 1)): [19, 9, 1]
(2, (0, 0, 1), (2, 2)): [15, 2]
(2, (0, 0, 1), (3, 0)): [10, 0, 2]
(2, (0, 0, 1), (3, 1)): [12, 4, 2]
(2, (0, 0, 1), (3, 2)): [11, 3, 1]
(2, (0, 1, 0), (0, 0)): [2505, 515, 141, 55, 17, 3, 2]
(2, (0, 1, 0), (0, 1)): [115, 14, 6, 1]
(2, (0, 1, 0), (0, 2)): [46, 3, 2]
(2, (0, 1, 0), (1, 0)): [138, 26, 14, 3, 1]
(2, (0, 1, 0), (1, 1)): [98, 13, 8, 2, 1]
(2, (0, 1, 0), (1, 2)): [47, 5, 4, 1]
(2, (0, 1, 0), (2, 0)): [65, 13, 6, 2]
(2, (0, 1, 0), (2, 1)): [68, 9, 6, 1, 1]
(2, (0, 1, 0), (2, 2)): [49, 3, 3, 1]
(2, (0, 1, 0), (3, 0)): [31, 10, 2, 2]
(2, (0, 1, 0), (3, 1)): [38, 7, 6, 0, 1]
(2, (0, 1, 0), (3, 2)): [35, 3, 4]
(2, (0, 1, 1), (0, 0)): [561, 46, 108, 38, 15, 4, 0, 0, 0, 1]
(2, (0, 1, 1), (0, 1)): [23, 0, 5, 2, 0, 1]
(2, (0, 1, 1), (0, 2)): [10, 0, 0, 1, 0, 1]
(2, (0, 1, 1), (1, 0)): [34, 2, 6, 2]
(2, (0, 1, 1), (1, 1)): [20, 0, 7]
(2, (0, 1, 1), (1, 2)): [16, 0, 2, 0, 0, 1]
(2, (0, 1, 1), (2, 0)): [16, 1, 2, 2]
(2, (0, 1, 1), (2, 1)): [13, 1, 4, 1]
(2, (0, 1, 1), (2, 2)): [5, 1, 0, 0, 0, 1]
(2, (0, 1, 1), (3, 0)): [11, 0, 2, 1]
(2, (0, 1, 1), (3, 1)): [7, 0, 3]
(2, (0, 1, 1), (3, 2)): [5, 1, 0, 0, 0, 1]
(2, (1, 0, 0), (0, 0)): [5915, 442, 278, 86, 26, 12, 3, 0, 0, 1]
(2, (1, 0, 0), (0, 1)): [256, 9, 14, 5, 0, 1]
(2, (1, 0, 0), (0, 2)): [81, 4, 5]
(2, (1, 0, 0), (1, 0)): [294, 27, 18, 7, 1]
(2, (1, 0, 0), (1, 1)): [233, 12, 17, 3, 1, 1]
(2, (1, 0, 0), (1, 2)): [124, 5, 6, 1, 0, 1]
(2, (1, 0, 0), (2, 0)): [105, 13, 3, 4]
(2, (1, 0, 0), (2, 1)): [121, 8, 9, 3, 1]
(2, (1, 0, 0), (2, 2)): [83, 5, 4, 3, 0, 1]
(2, (1, 0, 0), (3, 0)): [38, 7, 0, 3]
(2, (1, 0, 0), (3, 1)): [55, 6, 2, 4]
(2, (1, 0, 0), (3, 2)): [54, 5, 3, 3, 0, 1]
(2, (1, 0, 1), (0, 0)): [866, 218, 78, 60, 10, 8, 3]
(2, (1, 0, 1), (0, 1)): [47, 8, 3, 3]
(2, (1, 0, 1), (0, 2)): [18, 1]
(2, (1, 0, 1), (1, 0)): [47, 10, 6, 2, 0, 1]
(2, (1, 0, 1), (1, 1)): [39, 12, 1, 3]
(2, (1, 0, 1), (1, 2)): [27, 4]
(2, (1, 0, 1), (2, 0)): [18, 1, 4, 0, 0, 1]
(2, (1, 0, 1), (2, 1)): [21, 4, 1, 2, 0, 1]
(2, (1, 0, 1), (2, 2)): [19, 3, 0, 0, 0, 1]
(2, (1, 0, 1), (3, 0)): [7, 1, 1]
(2, (1, 0, 1), (3, 1)): [7, 2, 0, 1]
(2, (1, 0, 1), (3, 2)): [11, 1, 0, 0, 0, 1]
(2, (1, 1, 0), (0, 0)): [2543, 418, 195, 132, 37, 10, 2, 1]
(2, (1, 1, 0), (0, 1)): [98, 20, 10, 3, 2]
(2, (1, 1, 0), (0, 2)): [38, 6, 2, 1, 1]
(2, (1, 1, 0), (1, 0)): [111, 19, 8, 9, 2, 1, 0, 1]
(2, (1, 1, 0), (1, 1)): [86, 18, 8, 2, 1, 0, 0, 1]
(2, (1, 1, 0), (1, 2)): [56, 8, 8, 2]
(2, (1, 1, 0), (2, 0)): [40, 5, 5, 4, 1, 1]
(2, (1, 1, 0), (2, 1)): [49, 6, 4, 0, 2, 1, 0, 1]
(2, (1, 1, 0), (2, 2)): [48, 5, 6, 1, 2]
(2, (1, 1, 0), (3, 0)): [15, 5, 1, 4]
(2, (1, 1, 0), (3, 1)): [19, 3, 1, 4, 0, 1, 0, 1]
(2, (1, 1, 0), (3, 2)): [28, 1, 5, 2, 2, 1]
(2, (1, 1, 1), (0, 0)): [742, 110, 114, 57, 39, 19, 3, 1, 1, 1]
(2, (1, 1, 1), (0, 1)): [31, 6, 3, 2, 0, 1, 1, 1]
(2, (1, 1, 1), (0, 2)): [11, 1, 0, 1]
(2, (1, 1, 1), (1, 0)): [40, 6, 5, 2, 1, 2]
(2, (1, 1, 1), (1, 1)): [38, 3, 5, 0, 0, 1]
(2, (1, 1, 1), (1, 2)): [26, 1, 3]
(2, (1, 1, 1), (2, 0)): [9, 3, 3, 1, 0, 1]
(2, (1, 1, 1), (2, 1)): [11, 5, 3, 0, 0, 1]
(2, (1, 1, 1), (2, 2)): [17, 1, 3, 0, 0, 1]
(2, (1, 1, 1), (3, 0)): [2, 1, 1, 0, 0, 1]
(2, (1, 1, 1), (3, 1)): [4, 5, 2]
(2, (1, 1, 1), (3, 2)): [8, 2, 2, 0, 0, 1]
