(0, (0, 0, 0), (0, 0)): [1146783, 228560, 105655, 48094, 21371, 9171, 3771, 1605, 637, 295, 120, 58, 26, 10, 3, 1, 0, 1]
(0, (0, 0, 0), (0, 1)): [19731, 3573, 1716, 761, 341, 137, 50, 26, 6, 5, 1, 0, 2, 1, 0, 1]
(0, (0, 0, 0), (0, 2)): [7248, 1138, 550, 240, 105, 31, 19, 10, 2, 1, 0, 0, 1]
(0, (0, 0, 0), (1, 0)): [18647, 4021, 2017, 898, 435, 184, 82, 31, 14, 5, 3]
(0, (0, 0, 0), (1, 1)): [16867, 3226, 1606, 726, 353, 139, 48, 24, 7, 3, 3, 0, 1, 1, 0, 1]
(0, (0, 0, 0), (1, 2)): [10962, 1828, 870, 375, 200, 75, 25, 11, 5, 2, 0, 0, 2]
(0, (0, 0, 0), (2, 0)): [6301, 1523, 795, 388, 176, 84, 38, 14, 6, 2, 1]
(0, (0, 0, 0), (2, 1)): [9063, 1916, 1015, 472, 223, 91, 38, 20, 5, 1, 1, 0, 0, 1]
(0, (0, 0, 0), (2, 2)): [8718, 1591, 815, 362, 185, 78, 22, 11, 5, 3, 1, 0, 2]
(0, (0, 0, 0), (3, 0)): [2108, 553, 331, 179, 77, 43, 17, 6, 3, 0, 1]
(0, (0, 0, 0), (3, 1)): [3748, 947, 553, 288, 117, 56, 22, 14, 4]
(0, (0, 0, 0), (3, 2)): [5079, 1079, 644, 306, 147, 59, 17, 10, 5, 2, 0, 0, 2]
(0, (0, 0, 1), (0, 0)): [4795, 14224, 3846, 1840, 896, 381, 160, 81, 34, 18, 6, 1, 2, 2]
(0, (0, 0, 1), (0, 1)): [82, 206, 66, 22, 14, 6, 2, 1, 0, 1, 0, 0, 0, 1]
(0, (0, 0, 1), (0, 2)): [33, 83, 19, 6, 6, 1]
(0, (0, 0, 1), (1, 0)): [78, 196, 57, 33, 21, 10, 1, 2, 1]
(0, (0, 0, 1), (1, 2)): [49, 111, 30, 12, 9, 1, 1, 1, 0, 1]
(0, (0, 0, 1), (2, 0)): [31, 88, 25, 16, 6, 6, 1, 1, 1]
(0, (0, 0, 1), (2, 2)): [49, 84, 28, 8, 8, 1]
(0, (0, 0, 1), (3, 0)): [8, 38, 10, 8, 2, 3, 1, 1, 1]
(0, (0, 0, 1), (3, 2)): [29, 44, 16, 9, 7, 4, 0, 1]
(0, (0, 1, 0), (0, 0)): [39743, 36582, 14336, 6895, 3299, 1441, 608, 268, 107, 61, 19, 5, 3, 2, 1]
(0, (0, 1, 0), (0, 1)): [639, 520, 202, 94, 36, 22, 8, 6, 2]
(0, (0, 1, 0), (1, 0)): [622, 547, 222, 115, 57, 28, 10, 2, 1]
(0, (0, 1, 0), (1, 1)): [532, 452, 178, 90, 36, 14, 7, 5]
(0, (0, 1, 0), (1, 2)): [354, 274, 103, 52, 19, 11, 3, 3, 1]
(0, (0, 1, 0), (2, 0)): [224, 202, 78, 42, 23, 18, 4, 0, 1]
(0, (0, 1, 0), (2, 1)): [275, 243, 95, 49, 19, 16, 5, 3]
(0, (0, 1, 0), (2, 2)): [282, 208, 92, 41, 15, 8, 6, 1, 1]
(0, (0, 1, 0), (3, 0)): [86, 73, 35, 26, 15, 6, 2, 0, 1]
(0, (0, 1, 0), (3, 1)): [115, 107, 50, 29, 19, 8, 1, 1]
(0, (0, 1, 1), (0, 0)): [3433, 5711, 6866, 3205, 1706, 790, 338, 163, 77, 32, 9, 6, 1, 2, 1, 0, 0, 1]
(0, (0, 1, 1), (0, 1)): [50, 71, 103, 42, 23, 8, 5, 3]
(0, (0, 1, 1), (0, 2)): [27, 26, 37, 15, 12, 4, 3, 2]
(0, (0, 1, 1), (1, 2)): [30, 34, 47, 22, 16, 6, 3, 2, 1]
(0, (0, 1, 1), (2, 2)): [35, 37, 47, 17, 9, 4, 2, 2, 2]
(0, (0, 1, 1), (3, 2)): [19, 22, 37, 15, 9, 3, 2, 3, 2]
(0, (1, 0, 0), (0, 0)): [246361, 81791, 51890, 25633, 12186, 5488, 2302, 1002, 416, 193, 81, 37, 18, 4, 2, 1, 0, 1]
(0, (1, 0, 0), (0, 1)): [4154, 1139, 820, 386, 195, 86, 31, 15, 6]
(0, (1, 0, 0), (0, 2)): [1596, 344, 268, 109, 56, 22, 13, 2, 5]
(0, (1, 0, 0), (1, 0)): [3674, 1229, 889, 429, 214, 81, 43, 15, 7, 6, 2]
(0, (1, 0, 0), (1, 1)): [3095, 932, 686, 324, 157, 58, 24, 15, 5, 4]
(0, (1, 0, 0), (1, 2)): [2004, 505, 389, 170, 80, 27, 17, 8, 3, 2]
(0, (1, 0, 0), (2, 0)): [1159, 409, 295, 169, 88, 40, 13, 6, 3, 2, 2]
(0, (1, 0, 0), (2, 1)): [1500, 467, 356, 189, 94, 42, 14, 6, 4, 3]
(0, (1, 0, 0), (2, 2)): [1400, 376, 285, 139, 70, 26, 15, 8, 3, 3]
(0, (1, 0, 0), (3, 0)): [338, 151, 113, 75, 45, 13, 4, 4, 0, 1, 1]
(0, (1, 0, 0), (3, 1)): [578, 206, 160, 102, 62, 18, 5, 2, 3, 1, 1]
(0, (1, 0, 1), (0, 0)): [5888, 17846, 7217, 4997, 2624, 1199, 588, 246, 115, 49, 23, 11, 5, 1, 1, 0, 0, 1]
(0, (1, 0, 1), (0, 1)): [89, 255, 104, 65, 33, 15, 11, 2, 1, 0, 0, 0, 1]
(0, (1, 0, 1), (0, 2)): [33, 97, 28, 24, 12, 7, 4, 0, 1]
(0, (1, 0, 1), (1, 0)): [86, 273, 107, 82, 39, 18, 2, 3, 4, 1, 1]
(0, (1, 0, 1), (1, 1)): [75, 194, 74, 52, 29, 12, 6, 1, 2, 0, 1]
(0, (1, 0, 1), (1, 2)): [59, 110, 37, 28, 13, 10, 3, 1, 2]
(0, (1, 0, 1), (2, 0)): [33, 101, 46, 29, 16, 9, 0, 3, 1, 1]
(0, (1, 0, 1), (2, 2)): [47, 97, 33, 22, 13, 6, 2, 1, 1, 0, 1]
(0, (1, 0, 1), (3, 0)): [18, 37, 19, 15, 7, 6, 0, 3]
(0, (1, 0, 1), (3, 2)): [17, 47, 27, 13, 10, 4, 1, 0, 1, 0, 1]
(0, (1, 1, 0), (0, 0)): [33635, 21541, 16243, 11583, 6126, 2920, 1256, 597, 243, 113, 50, 24, 8, 1]
(0, (1, 1, 0), (0, 1)): [597, 330, 229, 177, 97, 35, 16, 11, 3, 0, 1]
(0, (1, 1, 0), (0, 2)): [240, 117, 78, 56, 38, 12, 8, 6, 1]
(0, (1, 1, 0), (1, 0)): [481, 298, 245, 179, 96, 50, 19, 11, 1, 3]
(0, (1, 1, 0), (1, 1)): [396, 225, 181, 133, 60, 31, 15, 9, 2, 1, 1]
(0, (1, 1, 0), (1, 2)): [279, 126, 98, 77, 41, 16, 6, 10, 1, 1]
(0, (1, 1, 0), (2, 0)): [140, 99, 79, 65, 36, 20, 6, 4, 1, 1]
(0, (1, 1, 0), (2, 1)): [192, 121, 82, 77, 40, 19, 9, 5, 1, 1]
(0, (1, 1, 0), (2, 2)): [194, 103, 75, 59, 31, 17, 3, 7, 1, 2]
(0, (1, 1, 0), (3, 1)): [70, 51, 40, 39, 18, 11, 8, 2, 2]
(0, (1, 1, 0), (3, 2)): [107, 61, 45, 43, 19, 10, 3, 4, 1]
(0, (1, 1, 1), (0, 0)): [3319, 6249, 5142, 3870, 3048, 1536, 717, 354, 154, 66, 34, 13, 3, 1, 1]
(0, (1, 1, 1), (0, 1)): [76, 96, 87, 57, 38, 25, 8, 5, 4, 2, 1, 1]
(0, (1, 1, 1), (0, 2)): [36, 43, 27, 17, 19, 6, 2, 1, 3, 0, 0, 1]
(0, (1, 1, 1), (1, 0)): [53, 110, 109, 73, 66, 32, 8, 10, 2, 0, 1]
(0, (1, 1, 1), (1, 1)): [55, 81, 89, 57, 32, 23, 8, 7, 1, 1, 1]
(0, (1, 1, 1), (1, 2)): [46, 60, 47, 23, 15, 13, 3, 2, 4, 0, 0, 1]
(0, (1, 1, 1), (2, 1)): [29, 38, 38, 33, 26, 14, 3, 4, 1]
(0, (1, 1, 1), (2, 2)): [30, 41, 37, 27, 15, 12, 3, 4, 1, 0, 0, 1]
(0, (1, 1, 1), (3, 2)): [10, 14, 21, 20, 11, 8, 3, 1, 1, 0, 0, 1]
(1, (0, 0, 0), (0, 0)): [927461, 100725, 41425, 16408, 6367, 2425, 934, 362, 135, 56, 24, 14, 6, 3, 0, 1]
(1, (0, 0, 0), (0, 1)): [16010, 1591, 696, 259, 94, 25, 12, 7, 1, 0, 0, 0, 0, 1]
(1, (0, 0, 0), (0, 2)): [5911, 480, 204, 73, 26, 7, 1, 1]
(1, (0, 0, 0), (1, 0)): [15673, 1954, 841, 320, 139, 50, 23, 8, 0, 1, 0, 0, 0, 0, 0, 1]
(1, (0, 0, 0), (1, 1)): [13867, 1510, 629, 233, 100, 38, 19, 6, 1, 1, 0, 0, 0, 1]
(1, (0, 0, 0), (1, 2)): [8830, 771, 303, 130, 57, 24, 10, 2]
(1, (0, 0, 0), (2, 0)): [5526, 775, 373, 132, 56, 21, 9, 5, 0, 0, 0, 0, 0, 0, 0, 1]
(1, (0, 0, 0), (2, 1)): [7737, 948, 406, 145, 67, 20, 10, 6, 0, 1]
(1, (0, 0, 0), (2, 2)): [7321, 716, 317, 119, 54, 28, 12, 4]
(1, (0, 0, 0), (3, 0)): [1802, 285, 181, 63, 27, 9, 5, 1, 0, 0, 0, 0, 0, 0, 0, 1]
(1, (0, 0, 0), (3, 1)): [3313, 516, 263, 94, 49, 7, 4, 3]
(1, (0, 0, 0), (3, 2)): [4235, 525, 268, 93, 49, 17, 11, 3]
(1, (0, 0, 1), (0, 0)): [25141, 35729, 7036, 3004, 1250, 513, 195, 83, 38, 11, 8, 4, 3, 1]
(1, (0, 0, 1), (0, 1)): [402, 416, 99, 33, 14, 7, 5]
(1, (0, 0, 1), (0, 2)): [168, 137, 34, 7, 2, 1, 3]
(1, (0, 0, 1), (1, 0)): [426, 598, 120, 62, 27, 12, 5, 3, 1]
(1, (0, 0, 1), (1, 1)): [364, 414, 81, 35, 18, 6, 2, 2]
(1, (0, 0, 1), (2, 0)): [186, 251, 52, 31, 13, 7, 5, 1, 1]
(1, (0, 0, 1), (2, 1)): [178, 250, 46, 21, 9, 7, 5, 2]
(1, (0, 0, 1), (2, 2)): [195, 187, 34, 15, 7, 2, 1]
(1, (0, 0, 1), (3, 0)): [86, 103, 31, 22, 8, 3, 2, 1, 1]
(1, (0, 0, 1), (3, 1)): [102, 130, 20, 14, 4, 3, 3, 2]
(1, (0, 0, 1), (3, 2)): [126, 117, 28, 12, 6, 2, 3]
(1, (0, 1, 0), (0, 0)): [124082, 55436, 19929, 8468, 3458, 1363, 467, 226, 57, 33, 19, 7, 8, 2, 1]
(1, (0, 1, 0), (0, 1)): [1894, 735, 274, 112, 35, 14, 5, 2, 1]
(1, (0, 1, 0), (0, 2)): [741, 262, 83, 25, 9, 5, 2]
(1, (0, 1, 0), (1, 0)): [2248, 1000, 353, 205, 86, 28, 11, 4, 0, 0, 1, 0, 0, 1]
(1, (0, 1, 0), (1, 1)): [1657, 633, 260, 116, 42, 15, 6, 3, 1, 0, 0, 0, 0, 1]
(1, (0, 1, 0), (1, 2)): [1072, 387, 153, 47, 15, 6, 5, 2]
(1, (0, 1, 0), (2, 0)): [1002, 454, 158, 109, 45, 16, 8, 3, 0, 0, 1]
(1, (0, 1, 0), (2, 1)): [903, 390, 131, 81, 36, 12, 6, 2, 0, 0, 1, 0, 0, 1]
(1, (0, 1, 0), (2, 2)): [856, 343, 130, 41, 24, 5, 3, 1]
(1, (0, 1, 0), (3, 0)): [554, 208, 68, 74, 31, 9, 5, 2]
(1, (0, 1, 0), (3, 1)): [478, 174, 61, 53, 22, 8, 3, 1, 0, 0, 0, 0, 0, 1]
(1, (0, 1, 0), (3, 2)): [508, 196, 84, 46, 25, 0, 4, 1, 0, 0, 0, 0, 0, 1]
(1, (0, 1, 1), (0, 0)): [20370, 16352, 14827, 5901, 3074, 1205, 485, 200, 97, 26, 8, 6, 1, 2, 0, 1]
(1, (0, 1, 1), (0, 1)): [261, 180, 142, 68, 28, 15, 7, 2]
(1, (0, 1, 1), (1, 0)): [457, 367, 271, 129, 90, 32, 13, 8, 3, 1]
(1, (0, 1, 1), (1, 1)): [212, 159, 142, 57, 30, 7, 5, 4]
(1, (0, 1, 1), (1, 2)): [168, 88, 79, 37, 14, 5, 3]
(1, (0, 1, 1), (2, 0)): [305, 241, 159, 88, 71, 29, 11, 6, 3, 1]
(1, (0, 1, 1), (2, 1)): [127, 104, 80, 33, 15, 8, 7, 2]
(1, (0, 1, 1), (2, 2)): [122, 86, 74, 33, 18, 2, 2, 2]
(1, (0, 1, 1), (3, 0)): [251, 192, 122, 68, 62, 25, 7, 6, 3, 1]
(1, (0, 1, 1), (3, 2)): [75, 58, 39, 19, 11, 3, 1, 1]
(1, (1, 0, 0), (0, 0)): [356403, 63012, 40451, 17200, 6943, 2742, 1090, 395, 176, 73, 28, 19, 4, 3, 0, 2]
(1, (1, 0, 0), (0, 1)): [5981, 832, 632, 265, 100, 34, 15, 3, 1, 2]
(1, (1, 0, 0), (0, 2)): [2178, 259, 226, 78, 29, 9, 6, 1, 0, 2]
(1, (1, 0, 0), (1, 0)): [5758, 1043, 746, 336, 142, 46, 24, 9, 1, 2, 0, 0, 1, 0, 0, 1]
(1, (1, 0, 0), (1, 1)): [4791, 700, 545, 223, 86, 31, 15, 6, 1, 0, 0, 0, 0, 0, 0, 1]
(1, (1, 0, 0), (1, 2)): [2975, 372, 312, 111, 46, 15, 5, 4, 0, 1]
(1, (1, 0, 0), (2, 0)): [1888, 393, 288, 150, 58, 24, 10, 0, 1, 2, 0, 0, 1]
(1, (1, 0, 0), (2, 1)): [2477, 418, 336, 143, 59, 17, 12, 2, 2, 0, 0, 0, 0, 0, 0, 1]
(1, (1, 0, 0), (2, 2)): [2260, 317, 282, 102, 41, 10, 6, 3, 1, 1]
(1, (1, 0, 0), (3, 0)): [570, 139, 97, 66, 26, 11, 4, 0, 0, 2, 0, 0, 1]
(1, (1, 0, 0), (3, 1)): [953, 229, 161, 89, 32, 13, 6, 1, 0, 1, 0, 0, 0, 0, 0, 1]
(1, (1, 0, 0), (3, 2)): [1160, 219, 170, 82, 30, 12, 5, 1, 1, 1, 0, 0, 0, 0, 0, 1]
(1, (1, 0, 1), (0, 0)): [28557, 33629, 10799, 7119, 3016, 1256, 497, 197, 70, 46, 12, 5, 0, 1]
(1, (1, 0, 1), (0, 1)): [489, 432, 126, 109, 45, 17, 9, 2, 3, 2]
(1, (1, 0, 1), (0, 2)): [209, 139, 47, 38, 7, 6, 4, 1, 0, 1]
(1, (1, 0, 1), (1, 0)): [477, 526, 172, 122, 65, 20, 7, 1, 0, 2]
(1, (1, 0, 1), (1, 1)): [381, 358, 109, 89, 47, 7, 8, 1, 2]
(1, (1, 0, 1), (1, 2)): [279, 193, 62, 52, 17, 6, 6, 1, 0, 1]
(1, (1, 0, 1), (2, 0)): [182, 180, 58, 40, 24, 12, 1, 1, 0, 1]
(1, (1, 0, 1), (2, 1)): [181, 186, 61, 45, 28, 7, 5, 0, 2]
(1, (1, 0, 1), (2, 2)): [184, 148, 52, 29, 18, 4, 6, 0, 1]
(1, (1, 0, 1), (3, 2)): [89, 80, 32, 21, 17, 7, 4, 0, 1]
(1, (1, 1, 0), (0, 0)): [97772, 30333, 20323, 14364, 6067, 2524, 994, 404, 161, 65, 23, 13, 8, 5, 1]
(1, (1, 1, 0), (0, 1)): [1699, 447, 277, 216, 83, 31, 18, 5, 2]
(1, (1, 1, 0), (0, 2)): [687, 170, 90, 77, 25, 8, 4, 0, 1]
(1, (1, 1, 0), (1, 0)): [1531, 518, 361, 271, 115, 42, 25, 9, 1, 3, 0, 0, 2, 1]
(1, (1, 1, 0), (1, 1)): [1250, 362, 256, 177, 79, 30, 18, 8, 0, 2]
(1, (1, 1, 0), (1, 2)): [913, 223, 144, 113, 40, 14, 8, 2]
(1, (1, 1, 0), (2, 0)): [546, 187, 122, 108, 45, 16, 8, 2, 1, 1, 0, 0, 2, 1]
(1, (1, 1, 0), (2, 1)): [640, 220, 152, 104, 43, 18, 11, 3, 0, 1, 0, 0, 1]
(1, (1, 1, 0), (2, 2)): [664, 176, 104, 79, 39, 13, 6, 1]
(1, (1, 1, 0), (3, 0)): [153, 74, 36, 38, 25, 11, 4, 2, 1, 1, 0, 0, 1]
(1, (1, 1, 0), (3, 1)): [278, 106, 69, 60, 29, 11, 9, 3, 0, 2, 0, 0, 1]
(1, (1, 1, 0), (3, 2)): [356, 109, 72, 48, 31, 14, 9, 4, 0, 2, 0, 0, 1]
(1, (1, 1, 1), (0, 0)): [20201, 15916, 10256, 6689, 4858, 2067, 844, 315, 132, 50, 19, 15, 6, 3, 1, 1]
(1, (1, 1, 1), (0, 1)): [408, 258, 163, 105, 83, 30, 16, 4, 3]
(1, (1, 1, 1), (1, 0)): [356, 269, 184, 122, 93, 41, 17, 7, 2, 2, 0, 1, 1]
(1, (1, 1, 1), (1, 1)): [296, 191, 133, 98, 76, 29, 7, 5, 1]
(1, (1, 1, 1), (1, 2)): [227, 103, 89, 55, 40, 21, 7, 1]
(1, (1, 1, 1), (2, 1)): [149, 125, 80, 59, 44, 14, 10, 4, 1, 1, 0, 1]
(1, (1, 1, 1), (2, 2)): [158, 90, 70, 62, 37, 15, 7, 1]
(1, (1, 1, 1), (3, 2)): [80, 58, 37, 38, 24, 12, 3, 2]
(2, (0, 0, 0), (0, 0)): [802654, 36223, 12198, 3915, 1299, 431, 149, 46, 9, 5, 4, 0, 1]
(2, (0, 0, 0), (0, 1)): [13808, 585, 203, 52, 27, 6, 6, 1]
(2, (0, 0, 0), (0, 2)): [4991, 155, 41, 16, 6, 1, 1, 1]
(2, (0, 0, 0), (1, 0)): [14261, 822, 275, 81, 34, 11, 3, 0, 0, 0, 0, 0, 1]
(2, (0, 0, 0), (1, 1)): [12336, 618, 213, 44, 28, 6, 6]
(2, (0, 0, 0), (1, 2)): [7769, 280, 91, 26, 14, 4, 3]
(2, (0, 0, 0), (2, 0)): [5316, 320, 131, 49, 17, 6, 1, 0, 0, 0, 0, 0, 1]
(2, (0, 0, 0), (2, 1)): [7221, 382, 138, 43, 9, 4, 3]
(2, (0, 0, 0), (2, 2)): [6585, 287, 102, 29, 12, 5, 1]
(2, (0, 0, 0), (3, 0)): [1852, 126, 75, 25, 13, 3, 1, 0, 0, 0, 0, 0, 1]
(2, (0, 0, 0), (3, 1)): [3364, 194, 101, 33, 12, 5, 2]
(2, (0, 0, 0), (3, 2)): [4173, 221, 104, 26, 10, 5]
(2, (0, 0, 1), (0, 0)): [73088, 22438, 4458, 1520, 559, 196, 52, 17, 3, 2, 0, 1]
(2, (0, 0, 1), (0, 1)): [1131, 310, 64, 22, 10, 3, 1]
(2, (0, 0, 1), (0, 2)): [437, 77, 20, 4, 2, 1]
(2, (0, 0, 1), (1, 0)): [1383, 392, 96, 40, 10, 5, 0, 1]
(2, (0, 0, 1), (1, 1)): [1097, 272, 65, 20, 8, 2, 1]
(2, (0, 0, 1), (1, 2)): [711, 131, 29, 10, 2, 1, 1]
(2, (0, 0, 1), (2, 0)): [580, 172, 44, 27, 6, 4, 0, 1]
(2, (0, 0, 1), (2, 1)): [622, 151, 47, 17, 9, 2, 0, 1]
(2, (0, 0, 1), (2, 2)): [585, 107, 36, 7, 3, 2, 1]
(2, (0, 0, 1), (3, 0)): [313, 78, 24, 17, 2, 3]
(2, (0, 0, 1), (3, 1)): [334, 82, 19, 15, 6, 2]
(2, (0, 1, 0), (0, 0)): [196093, 42169, 11252, 3955, 1306, 451, 132, 37, 8, 7, 5, 0, 1]
(2, (0, 1, 0), (0, 1)): [2909, 539, 141, 51, 15, 1, 1]
(2, (0, 1, 0), (0, 2)): [1097, 159, 39, 10, 4]
(2, (0, 1, 0), (1, 0)): [3911, 671, 278, 114, 27, 15, 5, 1, 0, 0, 0, 0, 1]
(2, (0, 1, 0), (1, 1)): [2722, 468, 165, 57, 14, 5, 3, 1]
(2, (0, 1, 0), (1, 2)): [1712, 244, 60, 33, 3]
(2, (0, 1, 0), (2, 0)): [1858, 298, 140, 76, 20, 9, 3, 0, 0, 0, 0, 0, 1]
(2, (0, 1, 0), (2, 1)): [1655, 297, 108, 36, 10, 7, 3, 1, 0, 0, 0, 0, 1]
(2, (0, 1, 0), (2, 2)): [1502, 231, 62, 35, 5, 3, 0, 1]
(2, (0, 1, 0), (3, 0)): [1061, 140, 83, 55, 15, 4, 2]
(2, (0, 1, 0), (3, 1)): [810, 146, 76, 24, 11, 3, 3, 0, 0, 0, 0, 0, 1]
(2, (0, 1, 0), (3, 2)): [986, 158, 66, 30, 7, 3, 1, 0, 0, 0, 0, 0, 1]
(2, (0, 1, 1), (0, 0)): [45037, 3865, 9934, 2697, 1056, 332, 126, 42, 17, 4, 3, 1, 0, 1]
(2, (0, 1, 1), (0, 1)): [615, 49, 106, 25, 6, 3, 1, 3]
(2, (0, 1, 1), (1, 0)): [894, 89, 182, 62, 28, 7, 4, 0, 0, 0, 1]
(2, (0, 1, 1), (1, 1)): [572, 39, 104, 26, 7, 3, 1, 2]
(2, (0, 1, 1), (2, 0)): [459, 54, 90, 37, 22, 6, 1, 0, 0, 0, 1]
(2, (0, 1, 1), (2, 1)): [323, 26, 78, 16, 7, 4]
(2, (0, 1, 1), (3, 0)): [322, 42, 53, 24, 19, 5, 1, 0, 0, 0, 1]
(2, (0, 1, 1), (3, 1)): [170, 14, 34, 10, 4, 1]
(2, (0, 1, 1), (3, 2)): [218, 23, 47, 11, 4, 4, 0, 1]
(2, (1, 0, 0), (0, 0)): [432507, 31270, 20237, 6456, 2078, 656, 264, 71, 17, 10, 5, 0, 1]
(2, (1, 0, 0), (0, 1)): [6809, 374, 307, 77, 29, 8, 6, 1]
(2, (1, 0, 0), (0, 2)): [2457, 100, 84, 16, 10, 1, 1]
(2, (1, 0, 0), (1, 0)): [7171, 587, 418, 165, 40, 12, 7, 2, 0, 0, 0, 0, 1]
(2, (1, 0, 0), (1, 1)): [5643, 351, 289, 90, 24, 3, 4, 1]
(2, (1, 0, 0), (1, 2)): [3519, 163, 128, 43, 11, 2]
(2, (1, 0, 0), (2, 0)): [2460, 234, 147, 77, 17, 6, 4, 0, 0, 0, 0, 0, 1]
(2, (1, 0, 0), (2, 1)): [2929, 192, 154, 60, 20, 6, 2, 1, 0, 0, 0, 0, 1]
(2, (1, 0, 0), (2, 2)): [2708, 148, 120, 40, 13, 5, 1, 1]
(2, (1, 0, 0), (3, 0)): [813, 109, 47, 45, 4, 2, 3]
(2, (1, 0, 0), (3, 1)): [1290, 136, 77, 49, 9, 4, 2, 0, 0, 0, 0, 0, 1]
(2, (1, 0, 0), (3, 2)): [1531, 132, 82, 40, 9, 8, 1, 1, 0, 0, 0, 0, 1]
(2, (1, 0, 1), (0, 0)): [72993, 17739, 6991, 4215, 1340, 462, 163, 54, 21, 7, 0, 2, 1]
(2, (1, 0, 1), (0, 1)): [1210, 240, 104, 67, 19, 3, 2, 1, 0, 0, 0, 1]
(2, (1, 0, 1), (1, 0)): [1139, 263, 125, 84, 30, 11, 4]
(2, (1, 0, 1), (1, 1)): [928, 190, 76, 66, 17, 7, 4, 1, 0, 0, 0, 1]
(2, (1, 0, 1), (1, 2)): [635, 97, 38, 29, 9, 3, 1, 1, 0, 0, 0, 1]
(2, (1, 0, 1), (2, 0)): [420, 96, 62, 30, 11, 4, 2]
(2, (1, 0, 1), (2, 1)): [511, 114, 41, 33, 14, 4]
(2, (1, 0, 1), (3, 0)): [150, 30, 29, 14, 6, 1, 2]
(2, (1, 0, 1), (3, 1)): [236, 49, 30, 18, 6, 1, 2]
(2, (1, 0, 1), (3, 2)): [269, 53, 29, 10, 8, 3, 2, 1]
(2, (1, 1, 0), (0, 0)): [169440, 26275, 13116, 8825, 2878, 931, 301, 98, 37, 17, 6, 1, 2, 1]
(2, (1, 1, 0), (0, 1)): [2857, 388, 176, 130, 36, 7, 5, 3, 0, 0, 0, 0, 1]
(2, (1, 1, 0), (0, 2)): [1134, 121, 50, 33, 10, 1, 2, 1]
(2, (1, 1, 0), (1, 0)): [2848, 433, 246, 192, 55, 19, 8, 2, 1, 1]
(2, (1, 1, 0), (1, 1)): [2346, 317, 152, 126, 27, 7, 4, 2, 1, 1, 0, 0, 1]
(2, (1, 1, 0), (1, 2)): [1619, 181, 81, 51, 12, 3, 2, 2]
(2, (1, 1, 0), (2, 0)): [997, 167, 112, 78, 29, 12, 3, 1]
(2, (1, 1, 0), (2, 1)): [1261, 170, 107, 83, 21, 10, 4, 1, 1, 1, 0, 0, 1]
(2, (1, 1, 0), (2, 2)): [1215, 146, 70, 69, 14, 4, 4, 2, 1]
(2, (1, 1, 0), (3, 0)): [349, 65, 47, 30, 13, 6, 1]
(2, (1, 1, 0), (3, 1)): [547, 85, 67, 41, 11, 8, 2, 1, 0, 0, 0, 0, 1]
(2, (1, 1, 0), (3, 2)): [675, 93, 60, 45, 15, 3, 3, 2, 1]
(2, (1, 1, 1), (0, 0)): [48955, 7115, 8276, 4104, 2954, 937, 313, 108, 38, 6, 5, 0, 1, 1]
(2, (1, 1, 1), (0, 1)): [976, 93, 135, 67, 45, 8, 5, 3, 1, 0, 0, 0, 1]
(2, (1, 1, 1), (0, 2)): [446, 24, 34, 21, 13, 2, 1, 1, 1]
(2, (1, 1, 1), (1, 0)): [773, 221, 150, 82, 55, 22, 6, 1, 2, 0, 1]
(2, (1, 1, 1), (1, 1)): [727, 108, 118, 60, 40, 6, 3, 0, 0, 0, 1, 0, 1]
(2, (1, 1, 1), (1, 2)): [548, 47, 50, 30, 15, 4, 2, 1, 0, 0, 1]
(2, (1, 1, 1), (2, 0)): [215, 145, 45, 36, 27, 15, 4, 1, 1]
(2, (1, 1, 1), (2, 1)): [316, 98, 71, 30, 32, 8, 4, 0, 0, 0, 0, 0, 1]
(2, (1, 1, 1), (2, 2)): [361, 58, 48, 30, 16, 5, 2, 0, 0, 0, 1]
(2, (1, 1, 1), (3, 0)): [45, 99, 16, 23, 9, 8, 1, 0, 1]
(2, (1, 1, 1), (3, 1)): [103, 101, 29, 24, 24, 6, 4]
(2, (1, 1, 1), (3, 2)): [164, 83, 33, 33, 19, 7, 4, 0, 0, 0, 1]
