(0, (0, 0, 0)): [17600, 3212, 1353, 638, 286, 98, 36, 12, 4, 1]
(0, (0, 0, 1)): [124, 286, 79, 38, 18, 6, 2, 1]
(0, (0, 1, 0)): [565, 568, 181, 96, 50, 10, 6]
(0, (0, 1, 1)): [51, 80, 95, 51, 15, 9, 4, 1]
(0, (1, 0, 0)): [3924, 1331, 715, 363, 167, 71, 20, 7, 4, 1]
(0, (1, 0, 1)): [89, 204, 104, 51, 34, 11, 6, 2]
(0, (1, 1, 0)): [484, 327, 257, 181, 90, 31, 10, 5, 4, 1]
(0, (1, 1, 1)): [67, 77, 71, 75, 45, 22, 12, 4, 4, 1]
(1, (0, 0, 0)): [13870, 1296, 506, 195, 77, 24, 10, 4]
(1, (0, 0, 1)): [620, 829, 140, 63, 27, 7, 4]
(1, (0, 1, 0)): [2309, 1025, 299, 145, 55, 19, 1, 1]
(1, (0, 1, 1)): [387, 319, 316, 122, 36, 16, 3, 1]
(1, (1, 0, 0)): [5509, 1032, 538, 223, 85, 38, 10, 4]
(1, (1, 0, 1)): [369, 470, 155, 96, 48, 10, 1, 2]
(1, (1, 1, 0)): [1342, 398, 291, 192, 64, 33, 5, 3]
(1, (1, 1, 1)): [280, 200, 132, 110, 65, 28, 7, 6]
(2, (0, 0, 0)): [12096, 402, 132, 33, 10, 1]
(2, (0, 0, 1)): [1586, 508, 69, 22, 8, 1]
(2, (0, 1, 0)): [3843, 764, 167, 61, 16, 3]
(2, (0, 1, 1)): [915, 96, 213, 49, 12, 3, 1]
(2, (1, 0, 0)): [6659, 474, 224, 60, 18, 3, 1]
(2, (1, 0, 1)): [969, 262, 123, 44, 12, 2, 1]
(2, (1, 1, 0)): [1894, 271, 175, 96, 19, 4, 1]
(2, (1, 1, 1)): [618, 93, 87, 58, 26, 4, 3]
