(0, (0, 0, 0), (0, 0)): [990956, 193207, 87489, 39215, 17106, 7117, 2880, 1156, 447, 182, 71, 36, 10, 6, 1]
(0, (0, 0, 0), (0, 1)): [108537, 19992, 8905, 4065, 1688, 732, 305, 98, 47, 17, 7, 3, 0, 1]
(0, (0, 0, 0), (0, 2)): [40811, 6676, 2866, 1257, 535, 236, 97, 29, 19, 5, 2, 1]
(0, (0, 0, 0), (1, 0)): [100034, 21476, 9981, 4638, 2138, 860, 368, 150, 66, 19, 8, 6, 0, 2, 1]
(0, (0, 0, 0), (1, 1)): [94120, 18294, 8403, 3854, 1636, 685, 304, 100, 47, 11, 9, 5, 0, 1]
(0, (0, 0, 0), (1, 2)): [63459, 10831, 4825, 2131, 934, 395, 167, 55, 27, 10, 3, 3]
(0, (0, 0, 0), (2, 0)): [32440, 7686, 3794, 1821, 863, 334, 134, 72, 25, 10, 4, 3, 0, 1, 1]
(0, (0, 0, 0), (2, 1)): [49204, 10424, 5114, 2351, 1067, 433, 184, 87, 32, 7, 7, 5]
(0, (0, 0, 0), (2, 2)): [50431, 9353, 4379, 1987, 877, 348, 151, 49, 32, 9, 1, 1]
(0, (0, 0, 0), (3, 0)): [9623, 2669, 1468, 756, 351, 137, 64, 25, 10, 5, 1, 0, 0, 1, 1]
(0, (0, 0, 0), (3, 1)): [18848, 4798, 2502, 1227, 579, 236, 99, 49, 18, 5, 3, 4, 0, 1, 1]
(0, (0, 0, 0), (3, 2)): [26515, 5794, 3041, 1370, 657, 274, 111, 43, 22, 8, 2, 4, 0, 0, 1]
(0, (0, 0, 1), (0, 0)): [3929, 10569, 2838, 1374, 644, 259, 111, 36, 11, 9, 5, 2, 0, 1]
(0, (0, 0, 1), (0, 1)): [335, 954, 271, 120, 59, 20, 8, 6, 2, 1, 1]
(0, (0, 0, 1), (0, 2)): [141, 373, 91, 44, 19, 9, 2, 1, 2]
(0, (0, 0, 1), (1, 0)): [381, 1145, 334, 167, 83, 34, 11, 7, 0, 1, 1]
(0, (0, 0, 1), (1, 1)): [333, 917, 261, 115, 63, 21, 10, 7, 0, 1, 1]
(0, (0, 0, 1), (1, 2)): [248, 602, 152, 66, 33, 15, 3, 5, 2, 1]
(0, (0, 0, 1), (2, 0)): [148, 433, 139, 79, 30, 15, 2, 3, 0, 1]
(0, (0, 0, 1), (2, 1)): [177, 535, 179, 86, 44, 13, 8, 4, 0, 1, 1]
(0, (0, 0, 1), (2, 2)): [220, 554, 154, 72, 43, 12, 3, 0, 1, 1]
(0, (0, 0, 1), (3, 0)): [60, 120, 47, 32, 9, 7, 2]
(0, (0, 0, 1), (3, 1)): [74, 242, 82, 55, 21, 7, 4, 3]
(0, (0, 0, 1), (3, 2)): [128, 321, 94, 59, 34, 6, 0, 0, 1, 1]
(0, (0, 1, 0), (0, 0)): [38261, 33376, 13113, 6381, 2931, 1239, 521, 219, 87, 44, 13, 3, 1, 2, 1]
(0, (0, 1, 0), (0, 1)): [4032, 3644, 1371, 618, 289, 130, 63, 21, 10, 5]
(0, (0, 1, 0), (0, 2)): [1625, 1228, 464, 194, 92, 44, 32, 6, 4, 1]
(0, (0, 1, 0), (1, 0)): [4063, 3827, 1636, 799, 348, 165, 51, 30, 11, 4, 2, 1, 0, 1, 1]
(0, (0, 1, 0), (1, 1)): [3527, 3224, 1298, 616, 260, 127, 41, 20, 4, 3]
(0, (0, 1, 0), (1, 2)): [2438, 1919, 787, 356, 149, 74, 31, 16, 1, 2]
(0, (0, 1, 0), (2, 0)): [1558, 1352, 599, 320, 130, 70, 20, 14, 6, 3, 1, 1, 0, 1]
(0, (0, 1, 0), (2, 1)): [2002, 1784, 763, 357, 153, 79, 24, 10, 2, 3, 1, 0, 0, 1]
(0, (0, 1, 0), (2, 2)): [2145, 1576, 730, 315, 136, 66, 28, 10, 3, 1, 1]
(0, (0, 1, 0), (3, 0)): [556, 368, 197, 132, 52, 35, 12, 9, 5, 1, 0, 1]
(0, (0, 1, 0), (3, 1)): [863, 719, 343, 209, 78, 45, 13, 8, 0, 1, 0, 1, 0, 1]
(0, (0, 1, 0), (3, 2)): [1250, 925, 468, 222, 96, 48, 23, 6, 2, 2, 1]
(0, (0, 1, 1), (0, 0)): [3086, 4814, 5545, 2609, 1320, 650, 263, 116, 60, 26, 4, 3, 2]
(0, (0, 1, 1), (0, 1)): [318, 474, 586, 240, 123, 66, 29, 10, 4, 2, 1, 1]
(0, (0, 1, 1), (0, 2)): [154, 171, 201, 88, 36, 23, 15, 4, 1, 1, 0, 1]
(0, (0, 1, 1), (1, 0)): [333, 616, 720, 354, 168, 90, 32, 12, 12, 1, 0, 1]
(0, (0, 1, 1), (1, 1)): [271, 472, 562, 241, 126, 54, 20, 11, 6, 1, 1]
(0, (0, 1, 1), (1, 2)): [215, 288, 312, 134, 75, 40, 17, 4, 4, 1, 0, 1]
(0, (0, 1, 1), (2, 0)): [148, 268, 277, 159, 83, 57, 14, 3, 5, 1]
(0, (0, 1, 1), (2, 1)): [137, 275, 335, 156, 66, 29, 11, 8, 6, 2]
(0, (0, 1, 1), (2, 2)): [169, 267, 269, 124, 59, 33, 14, 5, 4, 1, 0, 1]
(0, (0, 1, 1), (3, 0)): [89, 109, 113, 68, 51, 33, 8, 1, 2]
(0, (0, 1, 1), (3, 1)): [56, 111, 134, 69, 47, 16, 6, 3, 3, 1]
(0, (0, 1, 1), (3, 2)): [89, 150, 160, 81, 44, 23, 8, 4, 6]
(0, (1, 0, 0), (0, 0)): [205586, 65227, 41835, 20373, 9515, 4197, 1688, 707, 287, 121, 50, 22, 8, 3, 1]
(0, (1, 0, 0), (0, 1)): [21120, 6379, 4004, 1897, 895, 394, 155, 75, 30, 5, 2, 2]
(0, (1, 0, 0), (0, 2)): [7698, 2088, 1309, 599, 282, 112, 59, 19, 11, 1, 1]
(0, (1, 0, 0), (1, 0)): [19342, 6835, 4647, 2342, 1130, 519, 215, 81, 38, 20, 9, 3, 0, 3, 1]
(0, (1, 0, 0), (1, 1)): [16268, 5227, 3427, 1651, 764, 382, 131, 56, 22, 8, 5, 1]
(0, (1, 0, 0), (1, 2)): [10299, 2884, 1894, 923, 434, 173, 82, 35, 13, 6]
(0, (1, 0, 0), (2, 0)): [6029, 2283, 1628, 903, 443, 195, 97, 32, 15, 10, 5, 1, 0, 3]
(0, (1, 0, 0), (2, 1)): [7937, 2726, 1864, 943, 429, 221, 79, 31, 15, 6, 5, 1, 0, 3]
(0, (1, 0, 0), (2, 2)): [7447, 2230, 1519, 713, 347, 146, 68, 30, 13, 6, 2, 0, 0, 2]
(0, (1, 0, 0), (3, 0)): [1547, 716, 550, 354, 181, 78, 47, 13, 6, 4, 2, 1]
(0, (1, 0, 0), (3, 1)): [2762, 1136, 822, 505, 235, 115, 42, 15, 7, 5, 3, 0, 0, 1]
(0, (1, 0, 0), (3, 2)): [3466, 1247, 882, 483, 231, 102, 42, 22, 10, 4, 2, 0, 0, 1]
(0, (1, 0, 1), (0, 0)): [5373, 14456, 5795, 4068, 2070, 942, 428, 159, 83, 28, 20, 5, 1, 1, 1]
(0, (1, 0, 1), (0, 1)): [517, 1474, 575, 401, 207, 97, 40, 10, 8, 2, 2]
(0, (1, 0, 1), (0, 2)): [231, 517, 207, 128, 63, 32, 12, 3, 3, 1]
(0, (1, 0, 1), (1, 0)): [511, 1527, 621, 445, 239, 121, 43, 16, 11, 2, 3, 0, 0, 0, 1]
(0, (1, 0, 1), (1, 1)): [396, 1149, 474, 334, 175, 68, 29, 11, 6, 0, 2]
(0, (1, 0, 1), (1, 2)): [322, 677, 285, 182, 104, 32, 16, 3, 2, 1]
(0, (1, 0, 1), (2, 0)): [213, 500, 214, 155, 97, 58, 19, 6, 2, 1, 1]
(0, (1, 0, 1), (2, 1)): [181, 593, 250, 178, 93, 56, 20, 6, 7, 0, 1]
(0, (1, 0, 1), (2, 2)): [232, 510, 202, 147, 78, 38, 17, 6, 2, 1, 1]
(0, (1, 0, 1), (3, 0)): [98, 127, 68, 37, 34, 21, 5, 4, 0, 1, 1]
(0, (1, 0, 1), (3, 1)): [60, 208, 93, 75, 59, 27, 4, 2, 2, 1]
(0, (1, 0, 1), (3, 2)): [109, 232, 119, 89, 64, 32, 8, 5, 4, 2, 1]
(0, (1, 1, 0), (0, 0)): [29119, 17086, 12441, 9059, 4684, 2184, 887, 401, 166, 78, 29, 13, 4, 3]
(0, (1, 1, 0), (0, 1)): [3192, 1735, 1239, 876, 513, 207, 94, 37, 12, 9, 3, 3]
(0, (1, 1, 0), (0, 2)): [1297, 611, 412, 283, 157, 71, 32, 12, 4, 3, 1]
(0, (1, 1, 0), (1, 0)): [2671, 1642, 1328, 974, 502, 247, 112, 48, 23, 5, 3, 0, 1, 2]
(0, (1, 1, 0), (1, 1)): [2360, 1302, 996, 767, 415, 185, 82, 31, 11, 6, 4, 2, 1, 1]
(0, (1, 1, 0), (1, 2)): [1683, 809, 573, 460, 232, 85, 43, 21, 3, 4, 2, 1, 0, 1]
(0, (1, 1, 0), (2, 0)): [799, 536, 454, 315, 180, 84, 46, 19, 12, 2, 0, 0, 0, 1]
(0, (1, 1, 0), (2, 1)): [1071, 680, 534, 392, 225, 108, 48, 17, 11, 3, 3, 1, 1]
(0, (1, 1, 0), (2, 2)): [1148, 598, 447, 362, 195, 88, 41, 18, 4, 3, 3]
(0, (1, 1, 0), (3, 0)): [198, 163, 171, 107, 66, 36, 17, 8, 6, 2, 0, 0, 0, 1]
(0, (1, 1, 0), (3, 1)): [385, 281, 242, 166, 117, 55, 27, 9, 8, 2, 1, 0, 1]
(0, (1, 1, 0), (3, 2)): [543, 316, 268, 230, 141, 59, 29, 14, 4, 1, 2]
(0, (1, 1, 1), (0, 0)): [3100, 4642, 3984, 2809, 2254, 1131, 507, 231, 107, 48, 16, 5, 4, 1]
(0, (1, 1, 1), (0, 1)): [360, 530, 469, 295, 261, 116, 51, 26, 16, 4, 1, 0, 2, 1]
(0, (1, 1, 1), (0, 2)): [173, 213, 170, 100, 92, 49, 14, 6, 6, 0, 1, 0, 1]
(0, (1, 1, 1), (1, 0)): [267, 465, 414, 323, 245, 132, 58, 15, 9, 4, 2, 1]
(0, (1, 1, 1), (1, 1)): [266, 411, 359, 242, 206, 93, 48, 19, 8, 8, 2, 0, 1, 1]
(0, (1, 1, 1), (1, 2)): [236, 294, 231, 159, 129, 50, 13, 12, 5, 1, 1, 0, 0, 1]
(0, (1, 1, 1), (2, 0)): [75, 135, 152, 108, 95, 63, 15, 8, 4, 0, 0, 1]
(0, (1, 1, 1), (2, 1)): [117, 175, 181, 138, 89, 63, 25, 9, 7, 4, 1, 0, 1]
(0, (1, 1, 1), (2, 2)): [144, 205, 187, 116, 93, 50, 14, 7, 2, 2, 0, 0, 1]
(0, (1, 1, 1), (3, 0)): [18, 44, 44, 37, 32, 27, 8, 4, 2, 0, 0, 1]
(0, (1, 1, 1), (3, 1)): [37, 73, 75, 54, 43, 32, 16, 2, 2, 2, 0, 1]
(0, (1, 1, 1), (3, 2)): [57, 103, 101, 66, 62, 33, 16, 5, 3, 1, 0, 0, 1]
(1, (0, 0, 0), (0, 0)): [814070, 87058, 35165, 13788, 5192, 1892, 758, 254, 90, 35, 14, 7, 2, 1]
(1, (0, 0, 0), (0, 1)): [89387, 8829, 3473, 1389, 512, 184, 63, 28, 6, 1, 0, 1]
(1, (0, 0, 0), (0, 2)): [33706, 2788, 1055, 413, 162, 56, 16, 6]
(1, (0, 0, 0), (1, 0)): [85588, 10225, 4216, 1705, 655, 226, 99, 32, 13, 4, 2, 1]
(1, (0, 0, 0), (1, 1)): [79506, 8347, 3397, 1365, 511, 179, 74, 30, 9, 1, 0, 1]
(1, (0, 0, 0), (1, 2)): [52825, 4635, 1855, 740, 290, 108, 31, 10, 2]
(1, (0, 0, 0), (2, 0)): [28568, 3967, 1707, 699, 273, 93, 48, 14, 5, 3, 2, 1]
(1, (0, 0, 0), (2, 1)): [42473, 5103, 2194, 841, 313, 117, 44, 19, 4, 2, 1]
(1, (0, 0, 0), (2, 2)): [42896, 4259, 1787, 706, 278, 105, 33, 12, 5, 1, 1]
(1, (0, 0, 0), (3, 0)): [8533, 1338, 696, 288, 118, 44, 25, 7, 4, 2, 1, 1]
(1, (0, 0, 0), (3, 1)): [17069, 2482, 1206, 494, 188, 72, 35, 10, 1, 2]
(1, (0, 0, 0), (3, 2)): [23483, 2901, 1340, 550, 223, 66, 30, 6, 4, 2, 1]
(1, (0, 0, 1), (0, 0)): [21849, 29090, 5741, 2448, 980, 411, 134, 44, 19, 9, 6, 2, 1]
(1, (0, 0, 1), (0, 1)): [2325, 2795, 574, 206, 89, 38, 10, 3, 1, 0, 2, 1]
(1, (0, 0, 1), (0, 2)): [1007, 900, 185, 59, 31, 9, 3, 1, 1, 0, 0, 1]
(1, (0, 0, 1), (1, 0)): [2622, 3827, 776, 361, 130, 72, 18, 8, 5, 2]
(1, (0, 0, 1), (1, 1)): [2240, 2843, 571, 224, 90, 45, 7, 3, 1, 1, 1]
(1, (0, 0, 1), (1, 2)): [1622, 1593, 296, 111, 46, 19, 2, 1, 1, 0, 0, 1]
(1, (0, 0, 1), (2, 0)): [1089, 1516, 346, 174, 69, 32, 11, 5, 4, 1]
(1, (0, 0, 1), (2, 1)): [1295, 1691, 358, 165, 67, 31, 8, 1, 2, 0, 1]
(1, (0, 0, 1), (2, 2)): [1400, 1423, 279, 126, 50, 25, 4, 1, 1, 0, 1, 1]
(1, (0, 0, 1), (3, 0)): [545, 593, 164, 90, 34, 16, 4, 4]
(1, (0, 0, 1), (3, 1)): [535, 731, 178, 92, 30, 16, 6, 3, 1]
(1, (0, 0, 1), (3, 2)): [801, 871, 208, 104, 44, 17, 6, 1, 1, 0, 1]
(1, (0, 1, 0), (0, 0)): [110352, 44109, 16504, 7147, 2834, 1083, 357, 166, 56, 17, 12, 2, 3]
(1, (0, 1, 0), (0, 1)): [11549, 4494, 1546, 662, 250, 106, 32, 18, 6, 3, 2]
(1, (0, 1, 0), (0, 2)): [4388, 1561, 504, 200, 73, 35, 11, 5, 3]
(1, (0, 1, 0), (1, 0)): [13187, 5459, 2108, 1018, 406, 158, 59, 25, 13, 3, 1]
(1, (0, 1, 0), (1, 1)): [10765, 4186, 1482, 718, 265, 106, 33, 15, 6, 3, 1]
(1, (0, 1, 0), (1, 2)): [7059, 2506, 871, 364, 121, 51, 13, 12, 5, 2]
(1, (0, 1, 0), (2, 0)): [5718, 2229, 949, 509, 220, 89, 36, 18, 7, 1, 1]
(1, (0, 1, 0), (2, 1)): [6149, 2504, 911, 482, 207, 72, 29, 11, 4, 1]
(1, (0, 1, 0), (2, 2)): [6069, 2165, 784, 331, 137, 53, 14, 6, 7, 1]
(1, (0, 1, 0), (3, 0)): [2767, 877, 435, 294, 121, 54, 21, 11, 6, 1, 1]
(1, (0, 1, 0), (3, 1)): [2899, 1102, 448, 305, 141, 50, 26, 9, 6, 2, 1]
(1, (0, 1, 0), (3, 2)): [3696, 1327, 540, 297, 141, 38, 17, 7, 4, 2, 1]
(1, (0, 1, 1), (0, 0)): [16784, 12795, 10765, 4316, 2283, 867, 342, 133, 49, 21, 3, 3, 1]
(1, (0, 1, 1), (0, 1)): [1529, 1183, 989, 413, 171, 60, 37, 12, 3]
(1, (0, 1, 1), (0, 2)): [707, 386, 347, 144, 71, 17, 15, 5, 1]
(1, (0, 1, 1), (1, 0)): [2216, 1903, 1476, 586, 385, 132, 52, 18, 7, 2]
(1, (0, 1, 1), (1, 1)): [1358, 1088, 923, 366, 171, 50, 22, 13, 2, 1]
(1, (0, 1, 1), (1, 2)): [1071, 617, 576, 209, 117, 32, 16, 7, 1]
(1, (0, 1, 1), (2, 0)): [1312, 1027, 792, 345, 265, 101, 39, 10, 6, 1]
(1, (0, 1, 1), (2, 1)): [720, 632, 523, 222, 111, 32, 15, 6, 0, 2]
(1, (0, 1, 1), (2, 2)): [865, 533, 488, 192, 98, 27, 10, 5, 1]
(1, (0, 1, 1), (3, 0)): [989, 720, 496, 251, 217, 86, 34, 8, 6]
(1, (0, 1, 1), (3, 1)): [309, 291, 242, 99, 63, 24, 9, 4, 0, 1]
(1, (0, 1, 1), (3, 2)): [485, 344, 272, 129, 62, 21, 7, 6, 1]
(1, (1, 0, 0), (0, 0)): [294751, 49657, 32756, 13564, 5445, 2046, 836, 281, 105, 43, 13, 8, 2, 1]
(1, (1, 0, 0), (0, 1)): [30424, 4836, 2990, 1302, 481, 180, 89, 26, 6, 4, 2]
(1, (1, 0, 0), (0, 2)): [11044, 1506, 940, 396, 135, 59, 32, 10, 2, 1]
(1, (1, 0, 0), (1, 0)): [30211, 5812, 3843, 1651, 666, 249, 99, 35, 11, 5, 1]
(1, (1, 0, 0), (1, 1)): [24933, 4245, 2725, 1193, 442, 160, 73, 19, 7, 4, 3]
(1, (1, 0, 0), (1, 2)): [15756, 2318, 1522, 604, 221, 88, 35, 13, 3, 2, 2]
(1, (1, 0, 0), (2, 0)): [9757, 2047, 1425, 647, 273, 111, 40, 15, 6, 2]
(1, (1, 0, 0), (2, 1)): [12527, 2346, 1548, 740, 266, 104, 56, 10, 5, 1, 1]
(1, (1, 0, 0), (2, 2)): [11775, 1885, 1259, 552, 195, 84, 39, 10, 2, 1, 2]
(1, (1, 0, 0), (3, 0)): [2685, 691, 425, 248, 114, 49, 8, 4, 1, 2]
(1, (1, 0, 0), (3, 1)): [4696, 1092, 680, 372, 152, 55, 19, 7, 2, 3, 1]
(1, (1, 0, 0), (3, 2)): [5805, 1162, 732, 390, 146, 52, 22, 5, 3, 2, 3]
(1, (1, 0, 1), (0, 0)): [25210, 25927, 8168, 5634, 2419, 927, 391, 140, 35, 20, 3, 4]
(1, (1, 0, 1), (0, 1)): [2801, 2486, 812, 524, 227, 93, 38, 11, 2, 3]
(1, (1, 0, 1), (0, 2)): [1189, 765, 278, 158, 72, 28, 18, 7, 2, 1]
(1, (1, 0, 1), (1, 0)): [2605, 2786, 976, 670, 302, 103, 34, 13, 5, 3, 0, 1]
(1, (1, 0, 1), (1, 1)): [2211, 2034, 668, 495, 175, 72, 28, 6, 2, 3, 0, 1]
(1, (1, 0, 1), (1, 2)): [1591, 1128, 398, 256, 93, 47, 16, 11, 2, 1]
(1, (1, 0, 1), (2, 0)): [934, 891, 361, 247, 134, 45, 14, 7, 2, 1]
(1, (1, 0, 1), (2, 1)): [1082, 1014, 345, 275, 119, 33, 14, 4, 3, 1, 0, 1]
(1, (1, 0, 1), (2, 2)): [1137, 868, 320, 208, 93, 25, 15, 5, 4, 1]
(1, (1, 0, 1), (3, 0)): [365, 257, 139, 83, 62, 24, 8, 1]
(1, (1, 0, 1), (3, 1)): [389, 411, 173, 113, 62, 22, 6, 3, 0, 1, 0, 1]
(1, (1, 0, 1), (3, 2)): [560, 457, 193, 132, 65, 21, 10, 4, 2, 1, 0, 1]
(1, (1, 1, 0), (0, 0)): [83360, 23602, 15432, 11352, 4566, 1810, 696, 287, 119, 34, 11, 7, 4, 1]
(1, (1, 1, 0), (0, 1)): [9443, 2408, 1436, 1115, 467, 188, 61, 26, 11, 4, 1, 2]
(1, (1, 1, 0), (0, 2)): [3816, 825, 462, 362, 154, 61, 24, 7, 5]
(1, (1, 1, 0), (1, 0)): [8138, 2611, 1816, 1276, 540, 230, 107, 36, 13, 3, 2]
(1, (1, 1, 0), (1, 1)): [7251, 2070, 1376, 987, 412, 161, 63, 26, 4, 5, 2, 1]
(1, (1, 1, 0), (1, 2)): [5125, 1210, 750, 571, 243, 72, 28, 15, 1, 1, 1, 1]
(1, (1, 1, 0), (2, 0)): [2614, 905, 620, 469, 214, 107, 49, 17, 8, 1, 1]
(1, (1, 1, 0), (2, 1)): [3605, 1148, 771, 543, 231, 118, 50, 12, 9, 0, 2]
(1, (1, 1, 0), (2, 2)): [3820, 989, 622, 465, 209, 83, 28, 6, 3, 1, 1, 1]
(1, (1, 1, 0), (3, 0)): [652, 334, 222, 125, 83, 44, 18, 9, 2, 1]
(1, (1, 1, 0), (3, 1)): [1315, 535, 373, 242, 126, 61, 24, 9, 6, 1, 1]
(1, (1, 1, 0), (3, 2)): [1804, 603, 409, 264, 147, 56, 25, 5, 4, 2, 0, 1]
(1, (1, 1, 1), (0, 0)): [17699, 11980, 7933, 4960, 3695, 1536, 602, 224, 92, 32, 8, 6, 3, 1]
(1, (1, 1, 1), (0, 1)): [2026, 1273, 861, 502, 368, 150, 53, 20, 11, 1, 1, 1]
(1, (1, 1, 1), (0, 2)): [934, 417, 301, 183, 115, 50, 21, 6, 4, 1, 1]
(1, (1, 1, 1), (1, 0)): [1648, 1287, 819, 523, 411, 189, 86, 24, 13, 2, 1, 1]
(1, (1, 1, 1), (1, 1)): [1525, 1098, 709, 421, 309, 136, 51, 20, 9, 0, 1, 2]
(1, (1, 1, 1), (1, 2)): [1170, 618, 443, 252, 166, 78, 29, 10, 7, 0, 0, 2]
(1, (1, 1, 1), (2, 0)): [427, 396, 283, 177, 153, 71, 33, 8, 1, 1]
(1, (1, 1, 1), (2, 1)): [673, 556, 344, 229, 153, 85, 36, 7, 2, 0, 1]
(1, (1, 1, 1), (2, 2)): [831, 476, 343, 203, 139, 67, 26, 6, 4, 0, 0, 2]
(1, (1, 1, 1), (3, 0)): [80, 121, 89, 65, 51, 29, 9, 3, 0, 1]
(1, (1, 1, 1), (3, 1)): [167, 226, 158, 105, 80, 44, 11, 4, 0, 1]
(1, (1, 1, 1), (3, 2)): [309, 269, 174, 113, 89, 47, 14, 7, 1, 0, 0, 1]
(2, (0, 0, 0), (0, 0)): [711820, 32452, 10615, 3387, 1065, 327, 112, 34, 4, 5, 3]
(2, (0, 0, 0), (0, 1)): [77006, 2998, 969, 288, 111, 26, 12, 6, 1]
(2, (0, 0, 0), (0, 2)): [28728, 796, 256, 90, 39, 4, 1, 4]
(2, (0, 0, 0), (1, 0)): [76942, 4134, 1390, 439, 151, 38, 16, 7, 1]
(2, (0, 0, 0), (1, 1)): [69799, 3123, 1044, 288, 107, 31, 12, 2, 1]
(2, (0, 0, 0), (1, 2)): [45529, 1425, 478, 156, 58, 11, 6, 3]
(2, (0, 0, 0), (2, 0)): [27310, 1664, 663, 201, 75, 14, 8, 5]
(2, (0, 0, 0), (2, 1)): [39056, 2087, 785, 207, 77, 18, 6, 4]
(2, (0, 0, 0), (2, 2)): [38716, 1511, 558, 167, 58, 11, 5, 3]
(2, (0, 0, 0), (3, 0)): [8617, 573, 308, 86, 32, 7, 4, 2]
(2, (0, 0, 0), (3, 1)): [16463, 1047, 490, 145, 45, 10, 2, 2]
(2, (0, 0, 0), (3, 2)): [22475, 1165, 518, 148, 54, 9, 3, 2]
(2, (0, 0, 1), (0, 0)): [63095, 17685, 3803, 1269, 442, 143, 35, 14, 4]
(2, (0, 0, 1), (0, 1)): [7078, 1738, 347, 116, 35, 12, 8, 2, 1]
(2, (0, 0, 1), (0, 2)): [2743, 530, 102, 33, 9, 3, 3]
(2, (0, 0, 1), (1, 0)): [8459, 2330, 566, 216, 72, 32, 6, 2]
(2, (0, 0, 1), (1, 1)): [6797, 1691, 352, 141, 44, 20, 5, 2, 1]
(2, (0, 0, 1), (1, 2)): [4595, 869, 169, 62, 21, 9, 3, 1]
(2, (0, 0, 1), (2, 0)): [3667, 971, 273, 122, 34, 16, 3, 1]
(2, (0, 0, 1), (2, 1)): [4043, 1100, 275, 121, 33, 15, 4, 1]
(2, (0, 0, 1), (2, 2)): [4158, 829, 202, 80, 22, 14, 2, 1]
(2, (0, 0, 1), (3, 0)): [1772, 374, 141, 73, 16, 9, 2, 1]
(2, (0, 0, 1), (3, 1)): [1951, 539, 140, 76, 24, 10, 5, 1]
(2, (0, 0, 1), (3, 2)): [2659, 582, 160, 82, 19, 11, 5]
(2, (0, 1, 0), (0, 0)): [170548, 33232, 9540, 3355, 1118, 368, 101, 38, 10, 9, 5]
(2, (0, 1, 0), (0, 1)): [17914, 3175, 797, 233, 95, 22, 11, 4, 2, 1, 1]
(2, (0, 1, 0), (0, 2)): [7036, 957, 229, 60, 25, 4, 3, 0, 0, 1]
(2, (0, 1, 0), (1, 0)): [21876, 4202, 1387, 583, 171, 60, 18, 8, 0, 1]
(2, (0, 1, 0), (1, 1)): [17022, 3113, 870, 293, 108, 24, 15, 4, 2, 0, 1]
(2, (0, 1, 0), (1, 2)): [11329, 1640, 392, 139, 48, 12, 5, 2, 0, 1]
(2, (0, 1, 0), (2, 0)): [10118, 1796, 699, 365, 104, 40, 8, 6, 0, 1]
(2, (0, 1, 0), (2, 1)): [10161, 1960, 633, 236, 74, 19, 8, 2, 2, 0, 1]
(2, (0, 1, 0), (2, 2)): [10081, 1589, 416, 167, 59, 13, 6, 4, 0, 1]
(2, (0, 1, 0), (3, 0)): [5327, 780, 358, 257, 76, 28, 8, 6, 0, 1]
(2, (0, 1, 0), (3, 1)): [4681, 874, 356, 171, 56, 18, 6, 1, 2, 0, 1]
(2, (0, 1, 0), (3, 2)): [6330, 1025, 373, 185, 56, 15, 6, 3]
(2, (0, 1, 1), (0, 0)): [37412, 2906, 7450, 2083, 835, 266, 90, 21, 9, 1, 2]
(2, (0, 1, 1), (0, 1)): [4168, 249, 695, 170, 62, 26, 6, 2]
(2, (0, 1, 1), (0, 2)): [1737, 97, 212, 59, 28, 5, 2, 1]
(2, (0, 1, 1), (1, 0)): [5120, 465, 991, 330, 147, 55, 19, 3, 2, 0, 1]
(2, (0, 1, 1), (1, 1)): [3826, 251, 673, 181, 53, 30, 6, 2, 1]
(2, (0, 1, 1), (1, 2)): [2814, 144, 364, 97, 41, 11, 2, 1]
(2, (0, 1, 1), (2, 0)): [2543, 244, 468, 190, 102, 37, 14, 2, 1, 0, 1]
(2, (0, 1, 1), (2, 1)): [2247, 163, 428, 114, 45, 22, 7, 2, 1, 0, 1]
(2, (0, 1, 1), (2, 2)): [2493, 150, 320, 90, 37, 21, 5, 1, 1]
(2, (0, 1, 1), (3, 0)): [1539, 174, 250, 118, 72, 26, 11, 1]
(2, (0, 1, 1), (3, 1)): [1087, 84, 214, 73, 27, 8, 5, 1, 0, 0, 1]
(2, (0, 1, 1), (3, 2)): [1573, 114, 242, 76, 36, 18, 6, 2, 1]
(2, (1, 0, 0), (0, 0)): [353478, 24251, 16789, 5306, 1652, 537, 209, 55, 6, 7, 3]
(2, (1, 0, 0), (0, 1)): [36454, 2185, 1380, 447, 148, 47, 25, 5, 1]
(2, (1, 0, 0), (0, 2)): [13158, 604, 339, 114, 42, 10, 7]
(2, (1, 0, 0), (1, 0)): [37377, 3099, 2018, 719, 212, 69, 32, 12, 1, 1]
(2, (1, 0, 0), (1, 1)): [31117, 1996, 1292, 462, 139, 43, 21, 7, 1]
(2, (1, 0, 0), (1, 2)): [19487, 946, 574, 209, 61, 19, 6, 2]
(2, (1, 0, 0), (2, 0)): [12519, 1237, 753, 317, 92, 33, 17, 8, 1, 1]
(2, (1, 0, 0), (2, 1)): [16168, 1225, 759, 302, 93, 29, 17, 6]
(2, (1, 0, 0), (2, 2)): [15184, 923, 534, 196, 72, 20, 8, 3]
(2, (1, 0, 0), (3, 0)): [3683, 461, 266, 155, 46, 14, 6, 3, 0, 1]
(2, (1, 0, 0), (3, 1)): [6498, 653, 372, 211, 46, 21, 8, 2, 0, 1]
(2, (1, 0, 0), (3, 2)): [7910, 693, 365, 188, 57, 21, 7, 4, 0, 1]
(2, (1, 0, 1), (0, 0)): [63922, 13951, 5319, 3417, 1130, 361, 119, 37, 13, 5, 0, 1]
(2, (1, 0, 1), (0, 1)): [7188, 1365, 537, 321, 88, 30, 8, 1, 2, 1]
(2, (1, 0, 1), (0, 2)): [2846, 408, 162, 85, 28, 7, 2, 0, 1]
(2, (1, 0, 1), (1, 0)): [7187, 1555, 726, 467, 148, 48, 21, 5]
(2, (1, 0, 1), (1, 1)): [6009, 1225, 509, 315, 109, 37, 12, 2, 1, 1]
(2, (1, 0, 1), (1, 2)): [3962, 640, 267, 149, 54, 14, 8, 0, 1]
(2, (1, 0, 1), (2, 0)): [2611, 532, 290, 190, 63, 18, 10, 3]
(2, (1, 0, 1), (2, 1)): [3312, 653, 331, 170, 70, 26, 4, 1, 0, 1]
(2, (1, 0, 1), (2, 2)): [3115, 508, 252, 122, 44, 16, 6, 0, 1]
(2, (1, 0, 1), (3, 0)): [886, 155, 112, 78, 26, 6, 7]
(2, (1, 0, 1), (3, 1)): [1401, 251, 146, 88, 50, 15, 5, 0, 0, 1]
(2, (1, 0, 1), (3, 2)): [1664, 266, 183, 96, 37, 15, 6, 0, 1]
(2, (1, 1, 0), (0, 0)): [141144, 20192, 9952, 7248, 2314, 712, 261, 88, 22, 13, 3, 1]
(2, (1, 1, 0), (0, 1)): [15354, 2003, 894, 657, 173, 57, 23, 17, 2, 2]
(2, (1, 1, 0), (0, 2)): [6280, 578, 245, 179, 47, 16, 6, 6, 2]
(2, (1, 1, 0), (1, 0)): [14898, 2211, 1230, 882, 322, 82, 45, 5, 2, 0, 1]
(2, (1, 1, 0), (1, 1)): [13083, 1751, 898, 635, 174, 52, 27, 10, 1, 2]
(2, (1, 1, 0), (1, 2)): [9190, 900, 438, 314, 91, 31, 8, 10, 2]
(2, (1, 1, 0), (2, 0)): [4993, 772, 479, 337, 166, 47, 23, 1]
(2, (1, 1, 0), (2, 1)): [6875, 954, 595, 392, 123, 27, 25, 4]
(2, (1, 1, 0), (2, 2)): [7204, 759, 427, 312, 103, 24, 17, 8, 2]
(2, (1, 1, 0), (3, 0)): [1572, 245, 187, 100, 87, 28, 9]
(2, (1, 1, 0), (3, 1)): [2834, 417, 329, 177, 92, 27, 15, 1]
(2, (1, 1, 0), (3, 2)): [3935, 445, 337, 210, 113, 21, 14, 4, 1]
(2, (1, 1, 1), (0, 0)): [40794, 5151, 6573, 3103, 2348, 715, 254, 74, 20, 3, 3, 2]
(2, (1, 1, 1), (0, 1)): [4977, 478, 656, 311, 218, 58, 19, 4, 1, 0, 1]
(2, (1, 1, 1), (0, 2)): [2144, 160, 188, 89, 67, 14, 5, 3]
(2, (1, 1, 1), (1, 0)): [3943, 782, 732, 410, 295, 108, 34, 6, 3, 0, 0, 1]
(2, (1, 1, 1), (1, 1)): [3907, 499, 591, 315, 219, 72, 21, 6, 2]
(2, (1, 1, 1), (1, 2)): [2994, 267, 303, 140, 111, 32, 7, 5, 1]
(2, (1, 1, 1), (2, 0)): [1125, 447, 251, 164, 115, 48, 13, 1, 2, 0, 0, 1]
(2, (1, 1, 1), (2, 1)): [1788, 417, 331, 187, 135, 55, 18, 1]
(2, (1, 1, 1), (2, 2)): [2059, 303, 268, 142, 108, 35, 11, 5, 1]
(2, (1, 1, 1), (3, 0)): [199, 268, 67, 78, 37, 24, 6, 0, 1]
(2, (1, 1, 1), (3, 1)): [525, 353, 126, 116, 69, 31, 11]
(2, (1, 1, 1), (3, 2)): [850, 340, 158, 126, 86, 26, 15, 3, 1]
