(0, (0, 0, 0)): [78, 5, 4, 0, 0, 1]
(0, (0, 1, 0)): [5]
(0, (1, 0, 0)): [20, 4, 2]
(0, (1, 1, 0)): [2, 1]
(1, (0, 0, 0)): [54, 1, 2, 0, 0, 1]
(1, (0, 0, 1)): [1]
(1, (0, 1, 0)): [8, 2, 1]
(1, (0, 1, 1)): [2, 2, 0, 0, 0, 1]
(1, (1, 0, 0)): [23, 2, 3, 0, 0, 1]
(1, (1, 0, 1)): [0, 1, 1]
(1, (1, 1, 0)): [7]
(1, (1, 1, 1)): [1, 0, 0, 1, 1, 1]
(2, (0, 0, 0)): [51, 0, 1]
(2, (0, 0, 1)): [5, 1]
(2, (0, 1, 0)): [14, 3, 2]
(2, (0, 1, 1)): [6, 0, 2]
(2, (1, 0, 0)): [24, 0, 2]
(2, (1, 0, 1)): [1, 1, 1]
(2, (1, 1, 0)): [4, 1, 1]
(2, (1, 1, 1)): [1]
