(0, (0, 0, 0), (0, 0)): [253077, 51775, 24248, 11173, 5079, 2230, 944, 397, 156, 71, 33, 12, 7, 3, 2]
(0, (0, 0, 0), (0, 1)): [831, 149, 59, 24, 11, 2, 1, 1, 0, 1]
(0, (0, 0, 0), (0, 2)): [342, 65, 20, 8, 3, 0, 1, 1]
(0, (0, 0, 0), (1, 0)): [728, 148, 66, 23, 15, 11, 3, 1, 0, 1]
(0, (0, 0, 0), (1, 1)): [606, 109, 41, 14, 11, 2, 0, 1]
(0, (0, 0, 0), (1, 2)): [401, 62, 18, 10, 3, 0, 0, 1]
(0, (0, 0, 0), (2, 0)): [297, 67, 39, 15, 8, 8, 1, 0, 0, 1]
(0, (0, 0, 0), (2, 1)): [340, 66, 23, 8, 5, 3]
(0, (0, 0, 0), (2, 2)): [333, 57, 10, 6, 5, 2]
(0, (0, 0, 0), (3, 0)): [145, 37, 27, 12, 7, 7, 1]
(0, (0, 0, 0), (3, 1)): [152, 33, 21, 5, 2, 0, 1]
(0, (0, 0, 0), (3, 2)): [192, 37, 21, 8, 6, 1, 1]
(0, (0, 0, 1), (0, 0)): [1287, 4137, 1189, 565, 283, 115, 59, 34, 9, 4, 1, 1, 3]
(0, (0, 1, 0), (0, 0)): [8089, 8577, 3283, 1494, 787, 361, 142, 65, 29, 17, 6, 1]
(0, (0, 1, 0), (0, 1)): [20, 25, 2, 2, 0, 1]
(0, (0, 1, 0), (1, 0)): [31, 21, 1, 3, 1]
(0, (0, 1, 0), (1, 1)): [22, 12, 1]
(0, (0, 1, 0), (1, 2)): [10, 8, 1, 2]
(0, (0, 1, 0), (2, 1)): [8, 5, 0, 2]
(0, (0, 1, 1), (0, 0)): [718, 1337, 1808, 855, 438, 208, 83, 43, 16, 7, 2, 1, 0, 1, 1]
(0, (1, 0, 0), (0, 0)): [57009, 20503, 12464, 6303, 2968, 1329, 582, 250, 96, 45, 25, 9, 5, 3, 2]
(0, (1, 0, 0), (0, 1)): [157, 28, 31, 7, 7, 3, 2, 1]
(0, (1, 0, 0), (0, 2)): [56, 8, 13, 2, 1, 2, 1, 1]
(0, (1, 0, 0), (1, 0)): [128, 50, 29, 10, 4, 2, 0, 0, 1]
(0, (1, 0, 0), (1, 1)): [98, 26, 20, 6, 5, 1]
(0, (1, 0, 0), (1, 2)): [48, 8, 15, 1, 2, 2]
(0, (1, 0, 0), (2, 0)): [43, 23, 9, 6, 2, 0, 0, 0, 1]
(0, (1, 0, 0), (2, 1)): [49, 19, 7, 5, 2, 0, 0, 0, 1]
(0, (1, 0, 0), (2, 2)): [46, 8, 9, 2, 1, 1, 0, 0, 1]
(0, (1, 0, 0), (3, 1)): [19, 7, 1, 1]
(0, (1, 0, 1), (0, 0)): [1342, 4096, 1872, 1242, 716, 324, 172, 62, 30, 14, 5, 5, 2, 0, 1]
(0, (1, 0, 1), (0, 1)): [4, 5, 0, 4, 1, 0, 3]
(0, (1, 0, 1), (1, 1)): [3, 5, 0, 0, 2, 0, 1]
(0, (1, 0, 1), (1, 2)): [1, 4, 0, 1, 1]
(0, (1, 1, 0), (0, 0)): [7388, 5003, 4127, 2806, 1516, 715, 316, 157, 60, 28, 20, 4, 1, 1]
(0, (1, 1, 0), (0, 1)): [24, 11, 8, 5, 1, 2]
(0, (1, 1, 0), (1, 0)): [12, 8, 9, 12, 4, 2, 2, 1]
(0, (1, 1, 0), (1, 1)): [10, 8, 3, 5, 1, 2]
(0, (1, 1, 0), (1, 2)): [8, 4, 2, 3]
(0, (1, 1, 0), (2, 1)): [5, 4, 3, 1, 4, 2, 1]
(0, (1, 1, 0), (3, 1)): [3, 1, 3, 2, 3, 1]
(0, (1, 1, 0), (3, 2)): [4, 1, 3, 0, 2]
(0, (1, 1, 1), (0, 0)): [781, 1379, 1187, 1024, 827, 395, 185, 93, 41, 20, 11, 3, 0, 1, 1]
(1, (0, 0, 0), (0, 0)): [199452, 21668, 8961, 3529, 1435, 603, 226, 85, 32, 13, 3, 2]
(1, (0, 0, 0), (0, 1)): [637, 65, 22, 7, 3]
(1, (0, 0, 0), (0, 2)): [271, 17, 10, 4]
(1, (0, 0, 0), (1, 0)): [574, 61, 28, 5, 3, 3, 0, 1]
(1, (0, 0, 0), (1, 1)): [470, 50, 18, 6, 2, 1]
(1, (0, 0, 0), (1, 2)): [297, 29, 10, 5, 0, 1]
(1, (0, 0, 0), (2, 0)): [209, 26, 15, 2, 2, 1]
(1, (0, 0, 0), (2, 1)): [237, 29, 17, 4, 2]
(1, (0, 0, 0), (2, 2)): [228, 22, 10, 6, 0, 1]
(1, (0, 0, 0), (3, 0)): [93, 8, 5, 0, 1, 1]
(1, (0, 0, 0), (3, 1)): [108, 20, 11, 0, 1]
(1, (0, 0, 0), (3, 2)): [132, 19, 14, 3, 0, 1]
(1, (0, 0, 1), (0, 0)): [6973, 10963, 2176, 873, 387, 158, 57, 30, 10, 2, 4, 2, 1]
(1, (0, 0, 1), (0, 1)): [20, 28, 3, 0, 1]
(1, (0, 0, 1), (0, 2)): [8, 13]
(1, (0, 0, 1), (1, 1)): [18, 19, 5, 1, 2]
(1, (0, 0, 1), (1, 2)): [10, 12, 3, 1]
(1, (0, 0, 1), (2, 2)): [9, 11, 1]
(1, (0, 0, 1), (3, 2)): [6, 5]
(1, (0, 1, 0), (0, 0)): [30089, 15057, 5068, 2072, 836, 350, 140, 56, 12, 8, 2, 3, 2]
(1, (0, 1, 0), (0, 1)): [83, 35, 9, 4, 0, 1, 1]
(1, (0, 1, 0), (0, 2)): [31, 15, 1, 0, 0, 1, 1]
(1, (0, 1, 0), (1, 0)): [94, 48, 12, 8, 6, 2]
(1, (0, 1, 0), (1, 1)): [75, 31, 8, 7, 2, 1]
(1, (0, 1, 0), (1, 2)): [50, 19, 6, 1, 1]
(1, (0, 1, 0), (2, 0)): [40, 17, 6, 3, 4, 1]
(1, (0, 1, 0), (2, 1)): [38, 16, 1, 6, 0, 2]
(1, (0, 1, 0), (2, 2)): [37, 14, 6, 5, 1, 1]
(1, (0, 1, 0), (3, 0)): [22, 11, 4, 2, 4]
(1, (0, 1, 0), (3, 1)): [22, 6, 1, 2, 2, 1]
(1, (0, 1, 0), (3, 2)): [33, 2, 5, 5, 0, 1]
(1, (0, 1, 1), (0, 0)): [5102, 4497, 4701, 1803, 777, 326, 123, 46, 22, 8, 5, 3, 0, 1]
(1, (0, 1, 1), (0, 1)): [15, 6, 13, 3, 0, 0, 0, 1]
(1, (0, 1, 1), (0, 2)): [9, 2, 3, 1]
(1, (0, 1, 1), (1, 0)): [20, 5, 8, 5, 4, 1]
(1, (0, 1, 1), (1, 1)): [9, 2, 12, 4]
(1, (0, 1, 1), (1, 2)): [8, 0, 6, 1]
(1, (0, 1, 1), (2, 0)): [13, 5, 2, 1, 2, 1]
(1, (0, 1, 1), (2, 1)): [5, 3, 7, 2]
(1, (0, 1, 1), (2, 2)): [6, 1, 4, 2]
(1, (0, 1, 1), (3, 0)): [10, 3, 1, 0, 2, 1]
(1, (0, 1, 1), (3, 2)): [4, 1, 4]
(1, (1, 0, 0), (0, 0)): [82581, 15897, 9397, 4132, 1648, 710, 251, 90, 40, 20, 5, 6, 1, 2]
(1, (1, 0, 0), (0, 1)): [255, 38, 27, 9, 3, 3, 1]
(1, (1, 0, 0), (0, 2)): [104, 20, 11, 4]
(1, (1, 0, 0), (1, 0)): [209, 44, 34, 11, 2, 3, 0, 1]
(1, (1, 0, 0), (1, 1)): [174, 24, 18, 6, 1, 3, 0, 1]
(1, (1, 0, 0), (1, 2)): [126, 15, 11, 2, 1]
(1, (1, 0, 0), (2, 0)): [78, 18, 18, 6, 2, 1]
(1, (1, 0, 0), (2, 1)): [82, 13, 14, 4, 0, 3, 0, 1]
(1, (1, 0, 0), (2, 2)): [82, 12, 11, 3, 0, 1]
(1, (1, 0, 0), (3, 0)): [29, 11, 7, 3, 2]
(1, (1, 0, 0), (3, 1)): [33, 6, 5, 4, 0, 1, 0, 1]
(1, (1, 0, 0), (3, 2)): [42, 6, 8, 4, 0, 1]
(1, (1, 0, 1), (0, 0)): [6619, 8502, 3015, 1832, 795, 342, 126, 52, 15, 15, 5, 2]
(1, (1, 0, 1), (0, 1)): [18, 14, 7, 4, 2, 1]
(1, (1, 0, 1), (0, 2)): [15, 4, 4, 3, 1, 1]
(1, (1, 0, 1), (1, 0)): [16, 24, 3, 6, 2, 2]
(1, (1, 0, 1), (1, 1)): [7, 12, 3, 4, 1]
(1, (1, 0, 1), (1, 2)): [9, 5, 5, 4, 1]
(1, (1, 0, 1), (2, 0)): [8, 9, 1, 2, 2, 1]
(1, (1, 1, 0), (0, 0)): [20874, 6764, 4822, 3279, 1391, 627, 223, 87, 36, 17, 5, 3, 0, 3]
(1, (1, 1, 0), (0, 1)): [56, 11, 9, 8, 4, 1]
(1, (1, 1, 0), (0, 2)): [20, 6, 2, 4, 2]
(1, (1, 1, 0), (1, 0)): [51, 13, 13, 12, 7, 1]
(1, (1, 1, 0), (1, 1)): [51, 9, 5, 4, 1]
(1, (1, 1, 0), (1, 2)): [30, 3, 3, 3, 2]
(1, (1, 1, 0), (2, 0)): [16, 4, 5, 5, 6]
(1, (1, 1, 0), (2, 2)): [25, 3, 2, 2, 2]
(1, (1, 1, 1), (0, 0)): [4005, 3348, 2126, 1610, 1092, 491, 183, 81, 28, 11, 4, 1, 0, 1]
(1, (1, 1, 1), (0, 1)): [14, 9, 5, 3, 0, 1]
(1, (1, 1, 1), (0, 2)): [8, 5, 3, 1, 0, 1]
(1, (1, 1, 1), (1, 2)): [5, 3, 0, 4, 1, 1]
(2, (0, 0, 0), (0, 0)): [171153, 7274, 2415, 773, 269, 102, 36, 14, 2, 1, 1]
(2, (0, 0, 0), (0, 1)): [580, 24, 6, 2]
(2, (0, 0, 0), (0, 2)): [225, 9, 2, 1]
(2, (0, 0, 0), (1, 0)): [579, 35, 13, 4, 2]
(2, (0, 0, 0), (1, 1)): [478, 22, 11, 1]
(2, (0, 0, 0), (1, 2)): [282, 10, 8, 1]
(2, (0, 0, 0), (2, 0)): [231, 11, 4, 3, 1]
(2, (0, 0, 0), (2, 1)): [299, 15, 4, 1]
(2, (0, 0, 0), (2, 2)): [254, 11, 8, 2]
(2, (0, 0, 0), (3, 0)): [96, 5, 4, 2, 1]
(2, (0, 0, 0), (3, 1)): [134, 7, 1]
(2, (0, 0, 0), (3, 2)): [180, 11, 6, 1]
(2, (0, 0, 1), (0, 0)): [21621, 7276, 1297, 409, 143, 61, 19, 5]
(2, (0, 0, 1), (0, 1)): [50, 22, 3]
(2, (0, 0, 1), (1, 0)): [58, 24, 4, 0, 0, 1]
(2, (0, 0, 1), (1, 1)): [38, 15, 1]
(2, (0, 0, 1), (1, 2)): [28, 13, 2]
(2, (0, 0, 1), (2, 1)): [23, 8, 1]
(2, (0, 0, 1), (2, 2)): [21, 9, 2]
(2, (0, 1, 0), (0, 0)): [49392, 11533, 2784, 927, 307, 114, 36, 9, 2, 1]
(2, (0, 1, 0), (0, 1)): [124, 22, 3, 1, 2]
(2, (0, 1, 0), (0, 2)): [52, 4, 1, 0, 1]
(2, (0, 1, 0), (1, 0)): [165, 32, 12, 2, 1, 1]
(2, (0, 1, 0), (1, 1)): [112, 25, 3, 0, 1]
(2, (0, 1, 0), (1, 2)): [67, 9, 1, 0, 2]
(2, (0, 1, 0), (2, 1)): [80, 16, 3, 0, 0, 1]
(2, (0, 1, 0), (2, 2)): [73, 6, 1, 0, 1]
(2, (0, 1, 0), (3, 1)): [42, 10, 1, 0, 1, 1]
(2, (0, 1, 0), (3, 2)): [54, 8, 2, 0, 1, 1]
(2, (0, 1, 1), (0, 0)): [12808, 1161, 3091, 821, 286, 95, 35, 7, 6, 1, 1]
(2, (0, 1, 1), (0, 1)): [37, 3, 8, 1, 1]
(2, (0, 1, 1), (1, 0)): [46, 2, 17, 4, 1, 1]
(2, (0, 1, 1), (2, 0)): [28, 1, 8, 3, 0, 1]
(2, (0, 1, 1), (3, 0)): [23, 0, 6, 2, 0, 1]
(2, (0, 1, 1), (3, 1)): [8, 0, 4, 1]
(2, (1, 0, 0), (0, 0)): [101156, 8001, 4244, 1385, 465, 148, 64, 20, 5, 1, 1]
(2, (1, 0, 0), (0, 1)): [267, 7, 9, 2]
(2, (1, 0, 0), (0, 2)): [87, 2, 3]
(2, (1, 0, 0), (1, 0)): [264, 12, 11, 4, 1, 1]
(2, (1, 0, 0), (1, 1)): [200, 7, 7, 3, 1]
(2, (1, 0, 0), (1, 2)): [108, 3, 4, 2]
(2, (1, 0, 0), (2, 0)): [98, 6, 3, 3]
(2, (1, 0, 0), (2, 1)): [97, 4, 2, 0, 1]
(2, (1, 0, 0), (2, 2)): [82, 4, 3, 1]
(2, (1, 0, 0), (3, 1)): [42, 1, 2]
(2, (1, 0, 0), (3, 2)): [40, 1, 1, 1]
(2, (1, 0, 1), (0, 0)): [17631, 4893, 2143, 1034, 325, 126, 40, 18, 6, 0, 0, 1]
(2, (1, 0, 1), (0, 1)): [33, 6, 4, 4, 0, 1]
(2, (1, 0, 1), (1, 0)): [37, 5, 6, 5, 0, 1]
(2, (1, 0, 1), (1, 1)): [16, 3, 0, 2]
(2, (1, 0, 1), (1, 2)): [8, 2, 0, 2]
(2, (1, 1, 0), (0, 0)): [33156, 5236, 2912, 1714, 560, 192, 57, 14, 7, 4, 2, 0, 0, 1]
(2, (1, 1, 0), (0, 1)): [104, 10, 5, 3, 1]
(2, (1, 1, 0), (0, 2)): [45, 5, 2, 1]
(2, (1, 1, 0), (1, 0)): [77, 8, 9, 9, 2, 2, 0, 1]
(2, (1, 1, 0), (1, 1)): [50, 5, 3, 3, 1]
(2, (1, 1, 0), (1, 2)): [36, 4, 0, 2]
(2, (1, 1, 0), (2, 0)): [41, 4, 4, 4, 1, 1, 0, 1]
(2, (1, 1, 0), (2, 1)): [36, 4, 3, 1, 1]
(2, (1, 1, 0), (2, 2)): [29, 3, 1, 2, 1]
(2, (1, 1, 0), (3, 1)): [15, 0, 4, 2]
(2, (1, 1, 0), (3, 2)): [18, 1, 4, 2, 1]
(2, (1, 1, 1), (0, 0)): [9921, 1528, 1667, 935, 602, 193, 67, 23, 12, 2, 2, 0, 0, 1]
(2, (1, 1, 1), (0, 1)): [32, 3, 8, 2, 2, 1]
(2, (1, 1, 1), (1, 0)): [25, 9, 4, 10, 0, 1]
(2, (1, 1, 1), (1, 1)): [16, 1, 7, 3]
(2, (1, 1, 1), (1, 2)): [10, 2, 3, 1, 0, 1]
(2, (1, 1, 1), (2, 0)): [13, 9, 1, 7, 0, 1]
(2, (1, 1, 1), (2, 1)): [10, 1, 4, 4]
(2, (1, 1, 1), (2, 2)): [10, 2, 4, 3]
(2, (1, 1, 1), (3, 0)): [5, 7, 0, 5, 0, 1]
(2, (1, 1, 1), (3, 1)): [6, 1, 0, 2]
(2, (1, 1, 1), (3, 2)): [8, 3, 1, 4]
