(0, (0, 0, 0), (0, 0)): [899368, 179683, 83867, 38317, 17171, 7482, 3078, 1289, 529, 245, 105, 51, 25, 7, 3, 1, 0, 1]
(0, (0, 0, 0), (0, 1)): [18655, 3378, 1612, 710, 317, 132, 46, 27, 6, 5, 1, 0, 2, 1, 0, 1]
(0, (0, 0, 0), (0, 2)): [6840, 1080, 500, 231, 103, 29, 17, 12, 2, 1, 0, 0, 1]
(0, (0, 0, 0), (1, 0)): [17123, 3643, 1854, 817, 416, 177, 81, 29, 11, 5, 3]
(0, (0, 0, 0), (1, 1)): [15741, 2997, 1497, 676, 315, 131, 44, 23, 6, 3, 3, 0, 1, 1, 0, 1]
(0, (0, 0, 0), (1, 2)): [10187, 1714, 796, 353, 178, 69, 21, 12, 5, 2, 0, 0, 2]
(0, (0, 0, 0), (2, 0)): [5664, 1345, 722, 352, 171, 84, 39, 13, 4, 2, 1]
(0, (0, 0, 0), (2, 1)): [8435, 1754, 944, 445, 207, 88, 36, 20, 3, 1, 1, 0, 0, 1]
(0, (0, 0, 0), (2, 2)): [8110, 1481, 736, 340, 166, 74, 20, 12, 3, 3, 1, 0, 2]
(0, (0, 0, 0), (3, 0)): [1847, 466, 299, 161, 73, 44, 19, 5, 3, 0, 1]
(0, (0, 0, 0), (3, 1)): [3368, 818, 523, 266, 107, 53, 22, 12, 4]
(0, (0, 0, 0), (3, 2)): [4613, 963, 608, 278, 130, 55, 15, 9, 5, 2, 0, 0, 2]
(0, (0, 0, 1), (0, 0)): [3866, 11633, 3176, 1516, 752, 334, 142, 73, 30, 18, 4, 1, 3, 1]
(0, (0, 0, 1), (0, 1)): [73, 193, 61, 20, 15, 6, 3, 1, 0, 1, 0, 0, 0, 1]
(0, (0, 0, 1), (0, 2)): [30, 77, 17, 6, 5, 1]
(0, (0, 0, 1), (1, 0)): [69, 177, 46, 30, 19, 9, 1, 2, 1]
(0, (0, 0, 1), (1, 1)): [61, 132, 48, 17, 18, 6, 2, 1, 0, 1, 0, 0, 0, 1]
(0, (0, 0, 1), (1, 2)): [43, 102, 27, 10, 9, 0, 1, 1, 0, 1]
(0, (0, 0, 1), (2, 0)): [30, 82, 20, 16, 5, 6, 1, 1, 1]
(0, (0, 0, 1), (2, 1)): [36, 79, 27, 16, 11, 5]
(0, (0, 0, 1), (2, 2)): [42, 75, 23, 9, 9, 1]
(0, (0, 0, 1), (3, 2)): [21, 41, 12, 7, 8, 4, 0, 1]
(0, (0, 1, 0), (0, 0)): [29595, 28058, 11009, 5210, 2571, 1133, 459, 202, 88, 52, 16, 5, 3, 1, 1]
(0, (0, 1, 0), (0, 1)): [589, 474, 178, 88, 33, 21, 7, 5, 1]
(0, (0, 1, 0), (0, 2)): [223, 141, 61, 26, 6, 9, 2, 0, 1]
(0, (0, 1, 0), (1, 0)): [553, 469, 200, 109, 53, 27, 9, 2, 1]
(0, (0, 1, 0), (1, 1)): [485, 396, 162, 81, 32, 15, 7, 5]
(0, (0, 1, 0), (1, 2)): [318, 239, 91, 50, 19, 10, 3, 2, 1]
(0, (0, 1, 0), (2, 0)): [191, 165, 66, 43, 21, 17, 3, 0, 1]
(0, (0, 1, 0), (2, 1)): [237, 203, 85, 49, 13, 17, 5, 3]
(0, (0, 1, 0), (2, 2)): [248, 177, 79, 44, 13, 7, 5, 1, 1]
(0, (0, 1, 0), (3, 1)): [95, 85, 45, 26, 15, 9, 2, 1]
(0, (0, 1, 0), (3, 2)): [149, 108, 61, 31, 16, 6, 5]
(0, (0, 1, 1), (0, 0)): [2666, 4450, 5523, 2543, 1381, 631, 275, 130, 60, 28, 8, 6, 1, 2, 1, 0, 0, 1]
(0, (0, 1, 1), (0, 1)): [46, 62, 90, 40, 23, 7, 5, 3, 1]
(0, (0, 1, 1), (0, 2)): [25, 24, 34, 15, 11, 4, 3, 2]
(0, (0, 1, 1), (1, 0)): [58, 98, 119, 63, 42, 16, 8, 5, 4, 0, 0, 1]
(0, (0, 1, 1), (1, 1)): [34, 59, 76, 37, 24, 5, 3, 2, 2]
(0, (0, 1, 1), (1, 2)): [27, 32, 42, 18, 16, 5, 3, 2, 1]
(0, (0, 1, 1), (2, 0)): [37, 57, 60, 34, 23, 11, 4, 4, 3, 0, 0, 1]
(0, (0, 1, 1), (2, 1)): [25, 40, 53, 27, 15, 4, 2, 4, 3]
(0, (0, 1, 1), (2, 2)): [31, 34, 40, 16, 10, 4, 2, 2, 2]
(0, (0, 1, 1), (3, 0)): [23, 35, 30, 23, 17, 10, 2, 1, 0, 0, 0, 1]
(0, (0, 1, 1), (3, 1)): [11, 22, 20, 14, 10, 1, 0, 1, 2]
(0, (0, 1, 1), (3, 2)): [15, 18, 29, 15, 8, 3, 2, 3, 3]
(0, (1, 0, 0), (0, 0)): [195602, 65098, 41569, 20547, 9838, 4479, 1881, 824, 346, 157, 73, 33, 15, 4, 2, 1, 0, 1]
(0, (1, 0, 0), (0, 1)): [3922, 1057, 770, 361, 194, 83, 31, 14, 6]
(0, (1, 0, 0), (0, 2)): [1501, 313, 249, 103, 54, 20, 13, 2, 5]
(0, (1, 0, 0), (1, 0)): [3383, 1098, 813, 389, 195, 80, 42, 18, 7, 6, 2]
(0, (1, 0, 0), (1, 1)): [2893, 853, 645, 298, 154, 57, 23, 14, 5, 4]
(0, (1, 0, 0), (1, 2)): [1862, 457, 356, 152, 77, 26, 16, 7, 3, 2]
(0, (1, 0, 0), (2, 0)): [1061, 373, 260, 149, 78, 34, 13, 9, 3, 2, 2]
(0, (1, 0, 0), (2, 1)): [1407, 440, 326, 174, 91, 39, 14, 6, 4, 3]
(0, (1, 0, 0), (2, 2)): [1303, 351, 269, 125, 67, 22, 14, 7, 3, 3]
(0, (1, 0, 0), (3, 0)): [309, 131, 101, 66, 39, 12, 3, 5, 0, 1, 1]
(0, (1, 0, 0), (3, 1)): [533, 192, 143, 88, 58, 19, 4, 2, 3, 1, 1]
(0, (1, 0, 0), (3, 2)): [670, 217, 159, 83, 61, 18, 6, 5, 2, 3]
(0, (1, 0, 1), (0, 0)): [4535, 14133, 5782, 3958, 2123, 979, 481, 196, 92, 41, 19, 12, 5, 1, 1, 0, 0, 1]
(0, (1, 0, 1), (0, 1)): [84, 231, 93, 66, 31, 13, 11, 2, 1, 0, 0, 0, 1]
(0, (1, 0, 1), (0, 2)): [31, 87, 23, 24, 12, 7, 5, 0, 1]
(0, (1, 0, 1), (1, 0)): [73, 253, 94, 72, 39, 19, 2, 4, 4, 1, 1]
(0, (1, 0, 1), (1, 1)): [70, 187, 66, 51, 26, 13, 6, 1, 2, 0, 1]
(0, (1, 0, 1), (1, 2)): [55, 100, 33, 29, 14, 9, 3, 1, 2]
(0, (1, 0, 1), (2, 1)): [23, 115, 39, 30, 19, 9, 1, 0, 2, 0, 1]
(0, (1, 0, 1), (2, 2)): [44, 93, 29, 21, 14, 5, 2, 1, 1, 0, 1]
(0, (1, 0, 1), (3, 2)): [14, 46, 24, 11, 10, 4, 1, 0, 1, 0, 1]
(0, (1, 1, 0), (0, 0)): [26598, 17066, 13218, 9308, 5001, 2373, 1023, 505, 201, 88, 43, 19, 6, 1]
(0, (1, 1, 0), (0, 1)): [568, 308, 215, 163, 88, 39, 12, 10, 2, 0, 1]
(0, (1, 1, 0), (0, 2)): [223, 109, 71, 50, 33, 13, 6, 6]
(0, (1, 1, 0), (1, 0)): [443, 278, 223, 163, 85, 50, 18, 11, 1, 3]
(0, (1, 1, 0), (1, 1)): [377, 212, 164, 123, 55, 33, 12, 8, 2, 1, 1]
(0, (1, 1, 0), (1, 2)): [259, 119, 91, 65, 35, 17, 4, 9, 1, 1]
(0, (1, 1, 0), (2, 0)): [123, 90, 70, 61, 34, 20, 5, 5, 1, 1]
(0, (1, 1, 0), (2, 1)): [178, 116, 76, 70, 35, 19, 9, 5, 1, 1]
(0, (1, 1, 0), (2, 2)): [176, 99, 70, 50, 24, 16, 3, 7, 1, 2]
(0, (1, 1, 0), (3, 0)): [29, 29, 27, 21, 14, 7, 2, 2, 1]
(0, (1, 1, 0), (3, 1)): [66, 43, 39, 39, 18, 11, 7, 2, 2]
(0, (1, 1, 0), (3, 2)): [99, 54, 43, 36, 16, 11, 2, 4, 1]
(0, (1, 1, 1), (0, 0)): [2711, 4964, 4124, 3174, 2527, 1250, 595, 306, 127, 54, 31, 12, 2, 1, 1]
(0, (1, 1, 1), (0, 1)): [73, 91, 81, 56, 38, 21, 8, 5, 5, 2, 1, 1]
(0, (1, 1, 1), (0, 2)): [33, 39, 25, 17, 18, 5, 2, 1, 3, 0, 0, 1]
(0, (1, 1, 1), (1, 0)): [49, 99, 99, 68, 63, 31, 9, 10, 2, 0, 1]
(0, (1, 1, 1), (1, 1)): [53, 74, 81, 56, 31, 21, 9, 7, 1, 1, 1]
(0, (1, 1, 1), (1, 2)): [45, 51, 39, 21, 15, 11, 3, 2, 4, 0, 0, 1]
(0, (1, 1, 1), (2, 2)): [27, 33, 32, 26, 14, 9, 3, 3, 1, 0, 0, 1]
(0, (1, 1, 1), (3, 2)): [9, 12, 19, 21, 10, 6, 3, 0, 1, 0, 0, 1]
(1, (0, 0, 0), (0, 0)): [722639, 78538, 32445, 12934, 5088, 1950, 758, 286, 113, 45, 21, 12, 6, 2, 0, 1]
(1, (0, 0, 0), (0, 1)): [15119, 1510, 650, 245, 96, 23, 11, 8, 1, 0, 0, 0, 0, 1]
(1, (0, 0, 0), (0, 2)): [5558, 443, 187, 68, 27, 6, 1, 2]
(1, (0, 0, 0), (1, 0)): [14374, 1784, 780, 280, 130, 49, 19, 7, 0, 1, 0, 0, 0, 0, 0, 1]
(1, (0, 0, 0), (1, 1)): [12998, 1426, 588, 213, 96, 37, 16, 5, 1, 1, 0, 0, 0, 1]
(1, (0, 0, 0), (1, 2)): [8228, 718, 288, 122, 56, 23, 7, 2]
(1, (0, 0, 0), (2, 0)): [4939, 678, 349, 118, 53, 20, 7, 4, 0, 0, 0, 0, 0, 0, 0, 1]
(1, (0, 0, 0), (2, 1)): [7193, 884, 387, 140, 62, 20, 9, 5, 0, 1]
(1, (0, 0, 0), (2, 2)): [6829, 661, 296, 115, 50, 28, 10, 3]
(1, (0, 0, 0), (3, 0)): [1573, 237, 164, 52, 26, 8, 4, 0, 0, 0, 0, 0, 0, 0, 0, 1]
(1, (0, 0, 0), (3, 1)): [2989, 459, 246, 85, 46, 7, 2, 3]
(1, (0, 0, 0), (3, 2)): [3885, 475, 252, 86, 46, 18, 9, 3]
(1, (0, 0, 1), (0, 0)): [20045, 29272, 5772, 2424, 1033, 436, 166, 69, 32, 11, 6, 4, 4, 1]
(1, (0, 0, 1), (0, 1)): [376, 405, 86, 29, 15, 7, 5]
(1, (0, 0, 1), (0, 2)): [158, 130, 26, 7, 2, 1, 3]
(1, (0, 0, 1), (1, 0)): [374, 536, 105, 53, 26, 12, 5, 2, 1]
(1, (0, 0, 1), (1, 1)): [328, 386, 74, 32, 19, 6, 2, 2]
(1, (0, 0, 1), (1, 2)): [246, 210, 32, 14, 11, 2, 2]
(1, (0, 0, 1), (2, 0)): [162, 219, 43, 26, 12, 7, 5, 0, 1]
(1, (0, 0, 1), (2, 1)): [155, 230, 35, 18, 9, 7, 5, 2]
(1, (0, 0, 1), (2, 2)): [165, 174, 30, 13, 6, 2, 1]
(1, (0, 0, 1), (3, 0)): [69, 89, 24, 17, 8, 3, 2, 0, 1]
(1, (0, 0, 1), (3, 2)): [101, 106, 21, 11, 5, 2, 3]
(1, (0, 1, 0), (0, 0)): [96527, 44443, 15845, 6697, 2726, 1092, 369, 181, 47, 30, 18, 7, 6, 1, 1]
(1, (0, 1, 0), (0, 1)): [1706, 666, 254, 105, 32, 13, 7, 3, 1]
(1, (0, 1, 0), (0, 2)): [666, 234, 75, 21, 10, 6, 3]
(1, (0, 1, 0), (1, 0)): [2003, 906, 323, 192, 87, 26, 11, 4, 0, 0, 1, 0, 0, 1]
(1, (0, 1, 0), (1, 1)): [1495, 577, 233, 109, 39, 13, 7, 4, 1, 0, 0, 0, 0, 1]
(1, (0, 1, 0), (1, 2)): [973, 338, 131, 42, 17, 6, 5, 2]
(1, (0, 1, 0), (2, 0)): [863, 391, 145, 103, 45, 15, 7, 3, 0, 0, 1]
(1, (0, 1, 0), (2, 1)): [806, 342, 123, 74, 31, 11, 6, 3, 0, 0, 1, 0, 0, 1]
(1, (0, 1, 0), (2, 2)): [764, 306, 114, 42, 23, 5, 3, 1]
(1, (0, 1, 0), (3, 0)): [456, 190, 60, 73, 32, 8, 4, 2]
(1, (0, 1, 0), (3, 1)): [393, 153, 56, 45, 22, 7, 3, 1, 0, 0, 0, 0, 0, 1]
(1, (0, 1, 0), (3, 2)): [437, 164, 74, 43, 24, 1, 4, 1, 0, 0, 0, 0, 0, 1]
(1, (0, 1, 1), (0, 0)): [16285, 13280, 12522, 4938, 2529, 1005, 398, 163, 78, 20, 8, 6, 1, 2, 0, 1]
(1, (0, 1, 1), (0, 1)): [243, 169, 151, 51, 24, 14, 5, 3]
(1, (0, 1, 1), (0, 2)): [121, 53, 50, 16, 7, 3, 1]
(1, (0, 1, 1), (1, 0)): [431, 319, 237, 118, 81, 29, 12, 8, 3, 1]
(1, (0, 1, 1), (1, 1)): [203, 146, 140, 50, 24, 6, 5, 3]
(1, (0, 1, 1), (1, 2)): [156, 78, 77, 33, 9, 4, 1]
(1, (0, 1, 1), (2, 0)): [284, 210, 133, 79, 63, 27, 10, 7, 3, 1]
(1, (0, 1, 1), (2, 1)): [120, 100, 73, 31, 13, 8, 6, 2]
(1, (0, 1, 1), (2, 2)): [118, 79, 70, 29, 15, 2, 1, 2]
(1, (0, 1, 1), (3, 0)): [233, 162, 107, 59, 56, 23, 7, 7, 3, 1]
(1, (0, 1, 1), (3, 1)): [60, 43, 31, 15, 5, 6, 5]
(1, (0, 1, 1), (3, 2)): [72, 55, 38, 14, 9, 3, 1, 1]
(1, (1, 0, 0), (0, 0)): [283429, 50705, 32253, 13912, 5639, 2258, 891, 323, 146, 62, 23, 17, 4, 2, 0, 2]
(1, (1, 0, 0), (0, 1)): [5671, 783, 595, 245, 100, 33, 15, 3, 1, 2]
(1, (1, 0, 0), (0, 2)): [2036, 248, 209, 68, 29, 10, 6, 1, 0, 2]
(1, (1, 0, 0), (1, 0)): [5341, 944, 679, 318, 132, 47, 23, 9, 1, 2, 0, 0, 1, 0, 0, 1]
(1, (1, 0, 0), (1, 1)): [4544, 662, 504, 206, 84, 31, 12, 6, 1, 0, 0, 0, 0, 0, 0, 1]
(1, (1, 0, 0), (1, 2)): [2825, 345, 291, 93, 46, 16, 5, 4, 0, 1]
(1, (1, 0, 0), (2, 0)): [1736, 336, 259, 148, 56, 23, 10, 0, 1, 2, 0, 0, 1]
(1, (1, 0, 0), (2, 1)): [2309, 389, 313, 144, 56, 18, 9, 2, 2, 0, 0, 0, 0, 0, 0, 1]
(1, (1, 0, 0), (2, 2)): [2107, 290, 258, 101, 41, 12, 5, 3, 1, 1]
(1, (1, 0, 0), (3, 0)): [526, 114, 80, 63, 25, 10, 4, 0, 0, 2, 0, 0, 1]
(1, (1, 0, 0), (3, 1)): [884, 205, 140, 85, 30, 12, 6, 1, 0, 1, 0, 0, 0, 0, 0, 1]
(1, (1, 0, 0), (3, 2)): [1096, 209, 149, 82, 28, 13, 5, 1, 1, 1, 0, 0, 0, 0, 0, 1]
(1, (1, 0, 1), (0, 0)): [22234, 27111, 8777, 5736, 2493, 1037, 394, 158, 56, 43, 12, 3, 0, 1]
(1, (1, 0, 1), (0, 1)): [449, 406, 119, 98, 46, 16, 9, 1, 3, 2]
(1, (1, 0, 1), (0, 2)): [201, 122, 42, 31, 8, 6, 4, 0, 0, 1]
(1, (1, 0, 1), (1, 0)): [429, 496, 148, 109, 58, 16, 4, 1, 0, 2]
(1, (1, 0, 1), (1, 1)): [342, 333, 97, 82, 44, 6, 6, 1, 2]
(1, (1, 0, 1), (1, 2)): [264, 173, 57, 47, 18, 5, 5, 1, 0, 1]
(1, (1, 0, 1), (2, 0)): [167, 173, 51, 31, 23, 9, 1, 0, 0, 1]
(1, (1, 0, 1), (2, 1)): [161, 176, 52, 44, 26, 6, 4, 0, 2]
(1, (1, 0, 1), (2, 2)): [169, 135, 49, 27, 17, 3, 5, 0, 1]
(1, (1, 0, 1), (3, 2)): [87, 77, 29, 21, 18, 6, 3, 0, 1]
(1, (1, 1, 0), (0, 0)): [76570, 23973, 16489, 11509, 4910, 2098, 812, 325, 134, 56, 19, 11, 6, 4, 1]
(1, (1, 1, 0), (0, 1)): [1560, 415, 260, 201, 87, 32, 18, 5, 2]
(1, (1, 1, 0), (0, 2)): [623, 164, 86, 70, 26, 8, 4, 0, 1]
(1, (1, 1, 0), (1, 0)): [1419, 474, 336, 259, 114, 40, 17, 7, 1, 2, 0, 0, 2, 1]
(1, (1, 1, 0), (1, 1)): [1184, 333, 236, 170, 78, 30, 17, 6, 0, 2]
(1, (1, 1, 0), (1, 2)): [855, 208, 133, 101, 40, 14, 8, 1]
(1, (1, 1, 0), (2, 0)): [485, 166, 116, 102, 42, 15, 3, 2, 1, 0, 0, 0, 2, 1]
(1, (1, 1, 0), (2, 1)): [584, 198, 138, 103, 39, 18, 8, 3, 0, 1, 0, 0, 1]
(1, (1, 1, 0), (2, 2)): [616, 158, 91, 74, 38, 12, 4, 1]
(1, (1, 1, 0), (3, 0)): [138, 61, 38, 33, 25, 10, 1, 2, 1, 0, 0, 0, 1]
(1, (1, 1, 0), (3, 1)): [249, 95, 69, 54, 27, 10, 7, 3, 0, 1, 0, 0, 1]
(1, (1, 1, 0), (3, 2)): [330, 95, 69, 45, 30, 13, 7, 4, 0, 1, 0, 0, 1]
(1, (1, 1, 1), (0, 0)): [15951, 12567, 8110, 5462, 3940, 1693, 689, 262, 110, 41, 16, 13, 6, 2, 1, 1]
(1, (1, 1, 1), (0, 1)): [382, 234, 154, 99, 81, 29, 14, 5, 3]
(1, (1, 1, 1), (0, 2)): [195, 82, 55, 31, 30, 8, 7]
(1, (1, 1, 1), (1, 0)): [326, 241, 165, 111, 89, 38, 17, 6, 2, 2, 0, 1, 1]
(1, (1, 1, 1), (1, 1)): [273, 167, 125, 90, 73, 29, 7, 5, 1]
(1, (1, 1, 1), (1, 2)): [220, 85, 79, 52, 36, 22, 8, 1]
(1, (1, 1, 1), (2, 0)): [97, 100, 67, 44, 28, 18, 10, 3, 1, 1, 0, 1, 1]
(1, (1, 1, 1), (2, 1)): [136, 117, 74, 54, 45, 13, 8, 4, 1, 1, 0, 1]
(1, (1, 1, 1), (2, 2)): [145, 80, 64, 58, 37, 15, 7, 2]
(1, (1, 1, 1), (3, 0)): [19, 35, 19, 19, 8, 11, 4, 0, 1, 0, 0, 0, 1]
(1, (1, 1, 1), (3, 1)): [39, 61, 26, 26, 18, 10, 5, 3, 0, 0, 0, 0, 1]
(2, (0, 0, 0), (0, 0)): [624136, 27971, 9533, 3034, 1038, 342, 127, 39, 9, 3, 4, 0, 1]
(2, (0, 0, 0), (0, 1)): [13116, 540, 196, 46, 29, 6, 5, 1]
(2, (0, 0, 0), (0, 2)): [4663, 141, 41, 14, 6, 1, 1, 1]
(2, (0, 0, 0), (1, 0)): [13045, 742, 250, 73, 33, 10, 3, 0, 0, 0, 0, 0, 1]
(2, (0, 0, 0), (1, 1)): [11589, 568, 210, 40, 29, 5, 6]
(2, (0, 0, 0), (1, 2)): [7211, 254, 92, 21, 12, 3, 3]
(2, (0, 0, 0), (2, 0)): [4695, 273, 113, 45, 16, 6, 1, 0, 0, 0, 0, 0, 1]
(2, (0, 0, 0), (2, 1)): [6679, 340, 128, 42, 10, 4, 3]
(2, (0, 0, 0), (2, 2)): [6018, 264, 100, 27, 11, 4, 1]
(2, (0, 0, 0), (3, 0)): [1590, 110, 65, 23, 12, 3, 1, 0, 0, 0, 0, 0, 1]
(2, (0, 0, 0), (3, 1)): [3020, 165, 83, 30, 11, 5, 2]
(2, (0, 0, 0), (3, 2)): [3806, 199, 98, 25, 7, 4]
(2, (0, 0, 1), (0, 0)): [58663, 18635, 3580, 1216, 438, 160, 47, 13, 3, 2, 0, 1]
(2, (0, 0, 1), (0, 1)): [1047, 299, 64, 22, 9, 3, 1]
(2, (0, 0, 1), (0, 2)): [405, 78, 24, 4, 1, 1]
(2, (0, 0, 1), (1, 0)): [1221, 368, 80, 33, 9, 3, 0, 1]
(2, (0, 0, 1), (1, 1)): [999, 248, 54, 19, 8, 1, 1]
(2, (0, 0, 1), (1, 2)): [656, 125, 27, 9, 2, 1, 1]
(2, (0, 0, 1), (2, 0)): [503, 158, 38, 22, 6, 3, 0, 1]
(2, (0, 0, 1), (2, 1)): [574, 137, 42, 15, 9, 1, 0, 1]
(2, (0, 0, 1), (2, 2)): [536, 105, 34, 6, 3, 2, 1]
(2, (0, 0, 1), (3, 0)): [255, 69, 21, 15, 2, 2]
(2, (0, 0, 1), (3, 1)): [284, 73, 19, 13, 6]
(2, (0, 0, 1), (3, 2)): [328, 71, 24, 8, 2, 1]
(2, (0, 1, 0), (0, 0)): [155109, 34204, 8912, 3162, 1020, 345, 104, 27, 7, 4, 4, 0, 1]
(2, (0, 1, 0), (0, 1)): [2714, 487, 132, 50, 14, 1, 1]
(2, (0, 1, 0), (0, 2)): [1027, 134, 34, 11, 4]
(2, (0, 1, 0), (1, 0)): [3564, 612, 261, 103, 25, 15, 5, 1, 0, 0, 0, 0, 1]
(2, (0, 1, 0), (1, 1)): [2516, 435, 155, 50, 13, 4, 3, 1]
(2, (0, 1, 0), (1, 2)): [1566, 219, 60, 31, 4]
(2, (0, 1, 0), (2, 0)): [1668, 265, 131, 72, 18, 10, 3, 0, 0, 0, 0, 0, 1]
(2, (0, 1, 0), (2, 1)): [1528, 280, 97, 36, 10, 7, 3, 1, 0, 0, 0, 0, 1]
(2, (0, 1, 0), (2, 2)): [1388, 203, 60, 34, 5, 3, 0, 1]
(2, (0, 1, 0), (3, 0)): [931, 123, 76, 49, 13, 4, 2]
(2, (0, 1, 0), (3, 1)): [720, 130, 61, 23, 11, 4, 3, 0, 0, 0, 0, 0, 1]
(2, (0, 1, 0), (3, 2)): [889, 143, 56, 28, 6, 4, 1, 0, 0, 0, 0, 0, 1]
(2, (0, 1, 1), (0, 0)): [36582, 3216, 8343, 2220, 871, 282, 104, 37, 13, 4, 3, 1, 0, 1]
(2, (0, 1, 1), (0, 1)): [595, 47, 105, 23, 7, 3, 1, 3]
(2, (0, 1, 1), (0, 2)): [252, 18, 33, 8, 4, 1, 1]
(2, (0, 1, 1), (1, 0)): [819, 86, 169, 59, 26, 6, 4, 0, 0, 0, 1]
(2, (0, 1, 1), (1, 1)): [536, 41, 98, 26, 6, 3, 1, 2]
(2, (0, 1, 1), (1, 2)): [363, 22, 49, 10, 4, 1, 2, 1]
(2, (0, 1, 1), (2, 0)): [421, 51, 85, 36, 19, 5, 1, 0, 0, 0, 1]
(2, (0, 1, 1), (2, 1)): [288, 28, 73, 17, 5, 4]
(2, (0, 1, 1), (2, 2)): [299, 27, 53, 14, 2, 4, 1, 1]
(2, (0, 1, 1), (3, 0)): [297, 38, 47, 22, 17, 4, 1, 0, 0, 0, 1]
(2, (0, 1, 1), (3, 2)): [203, 23, 43, 10, 4, 4, 0, 1]
(2, (1, 0, 0), (0, 0)): [346147, 25349, 16045, 5087, 1667, 522, 220, 60, 16, 8, 5, 0, 1]
(2, (1, 0, 0), (0, 1)): [6487, 343, 284, 70, 32, 7, 6, 1]
(2, (1, 0, 0), (0, 2)): [2329, 94, 76, 15, 11, 1, 1]
(2, (1, 0, 0), (1, 0)): [6646, 538, 399, 149, 42, 11, 6, 1, 0, 0, 0, 0, 1]
(2, (1, 0, 0), (1, 1)): [5331, 329, 274, 83, 25, 3, 4]
(2, (1, 0, 0), (1, 2)): [3318, 158, 117, 43, 12, 2]
(2, (1, 0, 0), (2, 0)): [2238, 213, 141, 73, 18, 5, 3, 0, 0, 0, 0, 0, 1]
(2, (1, 0, 0), (2, 1)): [2713, 174, 151, 52, 21, 6, 2, 0, 0, 0, 0, 0, 1]
(2, (1, 0, 0), (2, 2)): [2518, 146, 115, 38, 14, 5, 1]
(2, (1, 0, 0), (3, 0)): [729, 98, 42, 43, 5, 1, 2]
(2, (1, 0, 0), (3, 1)): [1156, 119, 72, 41, 9, 3, 2, 0, 0, 0, 0, 0, 1]
(2, (1, 0, 0), (3, 2)): [1387, 118, 78, 34, 9, 7, 1, 0, 0, 0, 0, 0, 1]
(2, (1, 0, 1), (0, 0)): [56891, 14377, 5812, 3371, 1082, 367, 138, 43, 19, 6, 0, 2, 1]
(2, (1, 0, 1), (0, 1)): [1110, 233, 96, 63, 21, 2, 2, 1, 0, 0, 0, 1]
(2, (1, 0, 1), (0, 2)): [437, 69, 28, 14, 9]
(2, (1, 0, 1), (1, 0)): [1021, 232, 113, 79, 29, 10, 3]
(2, (1, 0, 1), (1, 1)): [848, 180, 70, 59, 17, 4, 4, 1, 0, 0, 0, 1]
(2, (1, 0, 1), (1, 2)): [565, 84, 32, 23, 10, 2, 1, 1, 0, 0, 0, 1]
(2, (1, 0, 1), (2, 0)): [361, 81, 58, 28, 10, 4, 1]
(2, (1, 0, 1), (2, 1)): [460, 108, 37, 33, 14, 3]
(2, (1, 0, 1), (2, 2)): [401, 66, 25, 19, 10, 3, 1, 1, 0, 0, 0, 1]
(2, (1, 0, 1), (3, 0)): [132, 24, 28, 12, 6, 1, 1]
(2, (1, 0, 1), (3, 1)): [213, 41, 26, 17, 6, 1, 1]
(2, (1, 0, 1), (3, 2)): [240, 48, 27, 10, 8, 3, 1, 1]
(2, (1, 1, 0), (0, 0)): [132791, 20789, 10629, 6920, 2222, 749, 236, 81, 30, 13, 6, 1, 2, 1]
(2, (1, 1, 0), (0, 1)): [2667, 362, 168, 115, 34, 7, 4, 2, 0, 0, 0, 0, 1]
(2, (1, 1, 0), (0, 2)): [1059, 113, 48, 26, 8, 1, 1]
(2, (1, 1, 0), (1, 0)): [2559, 384, 221, 177, 53, 19, 6, 2, 1, 1]
(2, (1, 1, 0), (1, 1)): [2130, 290, 145, 116, 28, 7, 2, 2, 1, 1, 0, 0, 1]
(2, (1, 1, 0), (1, 2)): [1466, 168, 78, 47, 12, 3, 2, 1]
(2, (1, 1, 0), (2, 0)): [900, 150, 99, 76, 28, 12, 3, 1]
(2, (1, 1, 0), (2, 1)): [1150, 146, 98, 76, 23, 11, 2, 1, 1, 1, 0, 0, 1]
(2, (1, 1, 0), (2, 2)): [1093, 137, 67, 62, 13, 4, 3, 1, 1]
(2, (1, 1, 0), (3, 0)): [319, 60, 42, 30, 13, 5, 1]
(2, (1, 1, 0), (3, 1)): [490, 76, 60, 40, 12, 8, 2, 1, 0, 0, 0, 0, 1]
(2, (1, 1, 0), (3, 2)): [608, 81, 54, 42, 14, 3, 2, 1, 1]
(2, (1, 1, 1), (0, 0)): [38698, 5762, 6507, 3297, 2331, 767, 253, 94, 36, 6, 5, 0, 1, 1]
(2, (1, 1, 1), (0, 1)): [899, 86, 126, 61, 43, 7, 5, 2, 1, 0, 0, 0, 1]
(2, (1, 1, 1), (0, 2)): [410, 22, 29, 16, 13, 2, 1, 0, 1]
(2, (1, 1, 1), (1, 0)): [707, 201, 129, 84, 53, 22, 6, 1, 1, 0, 1]
(2, (1, 1, 1), (1, 1)): [672, 98, 114, 58, 37, 5, 3, 0, 0, 0, 1, 0, 1]
(2, (1, 1, 1), (1, 2)): [506, 43, 46, 25, 15, 4, 2, 0, 0, 0, 1]
(2, (1, 1, 1), (2, 0)): [191, 136, 35, 37, 26, 15, 4, 1]
(2, (1, 1, 1), (2, 1)): [295, 90, 64, 31, 31, 7, 4, 0, 0, 0, 0, 0, 1]
(2, (1, 1, 1), (2, 2)): [339, 55, 45, 29, 17, 5, 2, 0, 0, 0, 1]
(2, (1, 1, 1), (3, 0)): [38, 93, 12, 21, 7, 8, 1]
(2, (1, 1, 1), (3, 1)): [91, 95, 23, 22, 21, 5, 4]
(2, (1, 1, 1), (3, 2)): [156, 79, 29, 31, 17, 7, 4, 0, 0, 0, 1]
