(0, (0, 0, 0), (0, 0)): [184, 25, 13, 4, 2, 1, 1]
(0, (0, 1, 0), (0, 0)): [8, 0, 0, 1]
(0, (1, 0, 0), (0, 0)): [30, 8, 4, 2, 1, 0, 1]
(0, (1, 1, 0), (0, 0)): [6, 4, 1, 2, 1, 0, 1]
(1, (0, 0, 0), (0, 0)): [152, 17, 4, 1, 1, 1]
(1, (0, 0, 1), (0, 0)): [5, 9, 1]
(1, (0, 1, 0), (0, 0)): [13, 4, 1]
(1, (0, 1, 1), (0, 0)): [3, 4, 2, 3, 0, 1]
(1, (1, 0, 0), (0, 0)): [54, 8, 3, 0, 0, 1]
(1, (1, 0, 1), (0, 0)): [0, 3, 1, 0, 1]
(1, (1, 1, 0), (0, 0)): [15, 2, 0, 1]
(1, (1, 1, 1), (0, 0)): [2, 2, 0, 2, 1, 1]
(2, (0, 0, 0), (0, 0)): [131, 4, 2, 1, 1]
(2, (0, 0, 1), (0, 0)): [18, 5, 1, 0, 1]
(2, (0, 1, 0), (0, 0)): [28, 6, 2, 1]
(2, (0, 1, 1), (0, 0)): [9, 1, 4]
(2, (1, 0, 0), (0, 0)): [68, 2, 3, 2]
(2, (1, 0, 1), (0, 0)): [11, 2, 2, 1]
(2, (1, 1, 0), (0, 0)): [17, 3, 3, 1]
(2, (1, 1, 1), (0, 0)): [4, 1]
