(0, (0, 0, 0)): [1116941, 220744, 100654, 45407, 20012, 8374, 3429, 1364, 542, 215, 84, 51, 12, 10, 1, 0, 1]
(0, (0, 0, 1)): [4242, 11774, 3191, 1549, 728, 297, 125, 40, 14, 9, 6, 2, 1, 2]
(0, (0, 1, 0)): [43430, 38207, 15086, 7474, 3472, 1462, 622, 259, 108, 53, 16, 7, 3, 5, 1, 0, 1]
(0, (0, 1, 1)): [3493, 5554, 6411, 3039, 1548, 761, 308, 138, 67, 34, 6, 5, 2, 0, 1, 0, 1]
(0, (1, 0, 0)): [231665, 73750, 47926, 23480, 11048, 4924, 1997, 834, 349, 141, 62, 29, 9, 7, 1, 0, 1]
(0, (1, 0, 1)): [6006, 16288, 6571, 4697, 2392, 1114, 506, 188, 98, 31, 23, 8, 3, 2, 1]
(0, (1, 1, 0)): [33204, 19597, 14363, 10514, 5458, 2556, 1033, 471, 199, 90, 37, 17, 4, 3, 0, 0, 1]
(0, (1, 1, 1)): [3511, 5367, 4662, 3239, 2618, 1314, 574, 270, 128, 58, 23, 8, 4, 2, 0, 0, 1]
(1, (0, 0, 0)): [918125, 99677, 40493, 15975, 6116, 2229, 892, 304, 101, 39, 14, 10, 2, 1]
(1, (0, 0, 1)): [24542, 32944, 6523, 2861, 1139, 479, 159, 52, 24, 11, 7, 2, 1, 1]
(1, (0, 1, 0)): [125086, 49932, 18943, 8251, 3307, 1261, 432, 190, 63, 21, 14, 2, 3]
(1, (0, 1, 1)): [19006, 14709, 12276, 4985, 2630, 1014, 403, 161, 58, 24, 3, 3, 1]
(1, (1, 0, 0)): [332861, 56318, 37595, 15696, 6386, 2417, 993, 341, 123, 49, 15, 12, 2, 1]
(1, (1, 0, 1)): [28504, 29444, 9312, 6450, 2779, 1089, 456, 163, 48, 23, 5, 4]
(1, (1, 1, 0)): [94956, 26816, 17679, 13130, 5378, 2142, 839, 341, 135, 44, 16, 10, 4, 1]
(1, (1, 1, 1)): [20129, 13727, 9125, 5711, 4318, 1818, 729, 274, 110, 38, 10, 7, 4, 2]
(2, (0, 0, 0)): [803723, 37376, 12312, 3914, 1262, 387, 127, 42, 4, 5, 3]
(2, (0, 0, 1)): [72266, 20089, 4419, 1494, 509, 168, 44, 18, 6]
(2, (0, 1, 0)): [194010, 37781, 11037, 3881, 1314, 422, 121, 45, 10, 9, 5]
(2, (0, 1, 1)): [43222, 3322, 8553, 2456, 988, 311, 103, 26, 10, 1, 2]
(2, (1, 0, 0)): [399406, 27514, 19416, 6094, 1956, 625, 238, 65, 8, 7, 4, 1]
(2, (1, 0, 1)): [72867, 15926, 6113, 3993, 1332, 433, 136, 44, 15, 5, 2, 1]
(2, (1, 1, 0)): [159999, 22805, 11401, 8321, 2701, 830, 303, 98, 23, 14, 3, 2]
(2, (1, 1, 1)): [46803, 5990, 7524, 3587, 2768, 844, 301, 92, 23, 4, 4, 3]
