(0, (0, 0, 0)): [52380, 9466, 4032, 1754, 711, 304, 125, 36, 18, 7, 4, 0, 0, 0, 1]
(0, (0, 0, 1)): [284, 771, 227, 101, 37, 16, 9, 3, 2]
(0, (0, 1, 0)): [1545, 1497, 501, 239, 107, 39, 18, 7, 4, 1, 1]
(0, (0, 1, 1)): [125, 241, 272, 117, 55, 21, 13, 4, 1, 0, 0, 0, 0, 0, 1]
(0, (1, 0, 0)): [11493, 3989, 2131, 1021, 418, 189, 80, 24, 10, 4, 4, 0, 0, 0, 1]
(0, (1, 0, 1)): [266, 663, 284, 208, 81, 37, 20, 5, 3]
(0, (1, 1, 0)): [1385, 929, 726, 451, 248, 104, 41, 13, 5, 2, 4]
(0, (1, 1, 1)): [156, 273, 219, 192, 137, 59, 26, 16, 6, 4, 4, 0, 0, 0, 1]
(1, (0, 0, 0)): [41272, 3860, 1463, 529, 202, 87, 25, 8, 4, 2]
(1, (0, 0, 1)): [1534, 2162, 405, 156, 56, 25, 5, 3, 2, 0, 0, 1]
(1, (0, 1, 0)): [6520, 3014, 939, 319, 118, 43, 20, 8, 2]
(1, (0, 1, 1)): [1042, 863, 873, 318, 125, 51, 22, 5, 3, 0, 1]
(1, (1, 0, 0)): [16091, 2920, 1523, 638, 218, 108, 28, 13, 3, 3, 1]
(1, (1, 0, 1)): [1152, 1456, 530, 299, 121, 52, 18, 8, 1, 2]
(1, (1, 1, 0)): [3852, 1263, 860, 511, 193, 89, 22, 6, 4, 1, 0, 0, 0, 1]
(1, (1, 1, 1)): [711, 636, 390, 269, 160, 83, 20, 7, 2, 1]
(2, (0, 0, 0)): [35286, 1187, 386, 102, 35, 15, 5, 1, 1]
(2, (0, 0, 1)): [4524, 1469, 236, 57, 15, 7, 5]
(2, (0, 1, 0)): [10503, 2225, 504, 160, 44, 16, 2, 2]
(2, (0, 1, 1)): [2703, 255, 611, 151, 40, 14, 3, 1, 1]
(2, (1, 0, 0)): [19373, 1410, 622, 167, 67, 23, 8, 2, 2]
(2, (1, 0, 1)): [3000, 837, 416, 140, 37, 17, 4, 0, 1]
(2, (1, 1, 0)): [5888, 897, 452, 228, 71, 23, 5, 3, 1]
(2, (1, 1, 1)): [1794, 295, 301, 148, 79, 26, 2, 1, 1]
