(0, (0, 0, 0)): [271256, 55929, 26526, 12150, 5554, 2447, 1089, 443, 177, 90, 36, 17, 9, 3, 2]
(0, (0, 0, 1)): [1264, 4305, 1244, 587, 295, 112, 64, 35, 9, 5, 2, 1, 3]
(0, (0, 1, 0)): [8712, 9216, 3614, 1665, 881, 396, 168, 77, 36, 19, 6, 2]
(0, (0, 1, 1)): [775, 1470, 1929, 903, 471, 235, 95, 45, 22, 8, 4, 1, 0, 1, 1]
(0, (1, 0, 0)): [60716, 21777, 13511, 6778, 3217, 1480, 667, 270, 106, 62, 27, 11, 5, 3, 2]
(0, (1, 0, 1)): [1472, 4529, 2056, 1377, 794, 358, 200, 77, 38, 22, 6, 5, 2, 0, 1]
(0, (1, 1, 0)): [7938, 5374, 4428, 2977, 1614, 776, 359, 162, 58, 35, 21, 5, 1, 1]
(0, (1, 1, 1)): [797, 1506, 1305, 1042, 853, 420, 210, 95, 44, 25, 10, 3, 0, 1, 1]
(1, (0, 0, 0)): [214131, 23622, 9888, 3879, 1570, 644, 266, 100, 40, 13, 5, 4, 2]
(1, (0, 0, 1)): [7098, 11349, 2283, 942, 411, 157, 60, 37, 12, 4, 4, 3, 2]
(1, (0, 1, 0)): [31495, 15957, 5434, 2232, 917, 395, 154, 62, 17, 10, 2, 3, 2]
(1, (0, 1, 1)): [5396, 4773, 4903, 1865, 862, 359, 154, 61, 26, 10, 6, 3, 0, 1]
(1, (1, 0, 0)): [88759, 17000, 10334, 4514, 1805, 784, 301, 103, 54, 24, 7, 8, 2, 2]
(1, (1, 0, 1)): [7229, 9408, 3338, 2071, 853, 392, 152, 59, 21, 17, 6, 2]
(1, (1, 1, 0)): [22562, 7289, 5279, 3541, 1561, 694, 266, 98, 42, 20, 4, 5, 1, 3]
(1, (1, 1, 1)): [4311, 3652, 2338, 1700, 1172, 541, 223, 85, 37, 14, 5, 3, 1, 1]
(2, (0, 0, 0)): [183381, 7955, 2723, 864, 300, 110, 42, 17, 3, 1, 1]
(2, (0, 0, 1)): [22503, 7505, 1384, 436, 153, 68, 21, 6]
(2, (0, 1, 0)): [51671, 12197, 3001, 1007, 333, 121, 35, 11, 3, 1]
(2, (0, 1, 1)): [13365, 1199, 3249, 875, 300, 113, 38, 12, 8, 1, 1]
(2, (1, 0, 0)): [108973, 8630, 4735, 1578, 522, 170, 76, 25, 7, 1, 1]
(2, (1, 0, 1)): [19408, 5255, 2306, 1177, 378, 155, 49, 21, 6, 0, 0, 1]
(2, (1, 1, 0)): [36413, 5800, 3247, 1894, 635, 221, 65, 16, 8, 4, 2, 0, 0, 1]
(2, (1, 1, 1)): [10790, 1660, 1904, 1007, 679, 228, 80, 29, 16, 2, 2, 0, 0, 1]
