(0, (0, 0, 0), (0, 0)): [56674, 10160, 4327, 1854, 802, 297, 118, 36, 16, 5, 5]
(0, (0, 0, 0), (0, 1)): [317, 52, 18, 10, 2, 0, 1, 1]
(0, (0, 0, 0), (0, 2)): [131, 27, 5, 4, 0, 0, 1, 1]
(0, (0, 0, 0), (1, 0)): [249, 47, 17, 2, 1, 3, 2]
(0, (0, 0, 0), (1, 1)): [229, 37, 16, 6, 1, 1]
(0, (0, 0, 0), (1, 2)): [169, 25, 7, 4, 0, 0, 0, 1]
(0, (0, 0, 0), (2, 0)): [75, 21, 6, 0, 1, 2, 1]
(0, (0, 0, 0), (2, 1)): [110, 26, 6, 3, 0, 2]
(0, (0, 0, 0), (2, 2)): [131, 23, 2, 2, 0, 1]
(0, (0, 0, 0), (3, 0)): [26, 9, 5, 0, 1, 1, 1]
(0, (0, 0, 0), (3, 1)): [32, 8, 7, 0, 0, 0, 1]
(0, (0, 0, 0), (3, 2)): [53, 16, 7, 1, 0, 1, 1]
(0, (0, 0, 1), (0, 0)): [350, 901, 256, 99, 45, 16, 8, 3, 1]
(0, (0, 0, 1), (0, 1)): [1, 1, 2, 1]
(0, (0, 0, 1), (0, 2)): [0, 1, 1]
(0, (0, 0, 1), (1, 0)): [1, 5]
(0, (0, 0, 1), (1, 2)): [1, 1]
(0, (0, 1, 0), (0, 0)): [1704, 1701, 591, 256, 127, 37, 17, 4, 4, 2, 1]
(0, (0, 1, 0), (0, 1)): [11, 8, 1, 2]
(0, (0, 1, 0), (0, 2)): [3, 2, 0, 2]
(0, (0, 1, 0), (1, 1)): [10, 5, 1]
(0, (0, 1, 0), (1, 2)): [4, 2, 1, 2]
(0, (0, 1, 0), (2, 2)): [6, 1, 0, 2]
(0, (0, 1, 1), (0, 0)): [162, 248, 302, 147, 51, 28, 12, 4]
(0, (0, 1, 1), (0, 1)): [1, 1]
(0, (1, 0, 0), (0, 0)): [12738, 4341, 2261, 1095, 462, 188, 66, 22, 11, 3, 4]
(0, (1, 0, 0), (0, 1)): [53, 9, 4, 2, 0, 1, 1]
(0, (1, 0, 0), (1, 0)): [37, 18, 10, 2, 1, 2]
(0, (1, 0, 0), (1, 1)): [28, 9, 8, 1, 1, 1]
(0, (1, 0, 0), (1, 2)): [19, 3, 3, 0, 1, 2]
(0, (1, 0, 0), (2, 0)): [10, 7, 2, 1]
(0, (1, 0, 0), (2, 1)): [10, 11, 3, 2]
(0, (1, 0, 0), (2, 2)): [13, 3, 2, 1, 1, 1]
(0, (1, 0, 0), (3, 0)): [4, 1, 1]
(0, (1, 0, 0), (3, 1)): [3, 3]
(0, (1, 0, 0), (3, 2)): [2, 2, 1]
(0, (1, 0, 1), (0, 0)): [296, 679, 318, 167, 98, 27, 17, 7, 3]
(0, (1, 0, 1), (0, 1)): [2, 1, 0, 3, 0, 0, 1]
(0, (1, 0, 1), (0, 2)): [1, 1, 0, 1, 0, 0, 1]
(0, (1, 1, 0), (0, 0)): [1603, 1036, 786, 499, 263, 100, 39, 14, 8, 4, 3]
(0, (1, 1, 0), (0, 1)): [6, 3, 1, 1, 0, 1]
(0, (1, 1, 0), (0, 2)): [3, 0, 0, 0, 0, 1]
(0, (1, 1, 0), (1, 0)): [3, 2, 1, 1, 0, 1, 1]
(0, (1, 1, 0), (1, 1)): [1, 2, 1, 1]
(0, (1, 1, 0), (1, 2)): [2, 2, 1, 1]
(0, (1, 1, 0), (2, 0)): [1, 0, 1]
(0, (1, 1, 0), (3, 0)): [0, 0, 1]
(0, (1, 1, 1), (0, 0)): [189, 286, 231, 201, 144, 62, 29, 15, 9, 4, 2]
(0, (1, 1, 1), (1, 0)): [0, 1]
(0, (1, 1, 1), (2, 0)): [0, 1]
(0, (1, 1, 1), (2, 1)): [0, 1]
(1, (0, 0, 0), (0, 0)): [44520, 4065, 1570, 544, 228, 82, 30, 11, 3, 1, 1]
(1, (0, 0, 0), (0, 1)): [254, 21, 6, 4, 1]
(1, (0, 0, 0), (0, 2)): [97, 5, 1, 3]
(1, (0, 0, 0), (1, 0)): [201, 21, 10, 2, 0, 1, 0, 1]
(1, (0, 0, 0), (1, 1)): [191, 17, 5, 1, 0, 1]
(1, (0, 0, 0), (1, 2)): [114, 10, 2, 3, 0, 1]
(1, (0, 0, 0), (2, 0)): [61, 8, 6, 2]
(1, (0, 0, 0), (2, 1)): [88, 9, 7, 2]
(1, (0, 0, 0), (2, 2)): [85, 3, 2, 2, 0, 1]
(1, (0, 0, 0), (3, 0)): [21, 3, 2]
(1, (0, 0, 0), (3, 1)): [30, 7, 5]
(1, (0, 0, 0), (3, 2)): [47, 4, 5, 1, 0, 1]
(1, (0, 0, 1), (0, 0)): [1824, 2490, 453, 165, 68, 23, 10, 2, 1]
(1, (0, 0, 1), (0, 1)): [10, 12]
(1, (0, 0, 1), (0, 2)): [6, 4]
(1, (0, 0, 1), (1, 1)): [7, 11, 0, 1, 1]
(1, (0, 0, 1), (1, 2)): [4, 4, 0, 1]
(1, (0, 0, 1), (2, 1)): [3, 6]
(1, (0, 0, 1), (2, 2)): [4, 5]
(1, (0, 1, 0), (0, 0)): [7250, 3288, 996, 404, 133, 50, 16, 8, 1]
(1, (0, 1, 0), (0, 1)): [35, 14, 3, 1, 0, 1]
(1, (0, 1, 0), (0, 2)): [9, 4, 0, 0, 0, 1]
(1, (0, 1, 0), (1, 0)): [33, 17, 2, 3, 1, 1]
(1, (0, 1, 0), (1, 1)): [36, 14, 0, 2, 1, 1]
(1, (0, 1, 0), (1, 2)): [23, 8, 0, 0, 1]
(1, (0, 1, 0), (2, 0)): [13, 4, 2]
(1, (0, 1, 0), (2, 1)): [12, 5, 0, 2, 0, 1]
(1, (0, 1, 0), (2, 2)): [15, 7, 0, 2, 1, 1]
(1, (0, 1, 0), (3, 1)): [4, 2, 1]
(1, (0, 1, 0), (3, 2)): [9, 0, 0, 0, 0, 1]
(1, (0, 1, 1), (0, 0)): [1188, 964, 939, 343, 126, 54, 14, 4, 1]
(1, (1, 0, 0), (0, 0)): [17365, 3170, 1640, 643, 239, 103, 29, 9, 3, 1]
(1, (1, 0, 0), (0, 1)): [88, 9, 6, 5, 0, 1, 1]
(1, (1, 0, 0), (0, 2)): [36, 5, 2, 2]
(1, (1, 0, 0), (1, 0)): [62, 17, 10, 3, 0, 2]
(1, (1, 0, 0), (1, 1)): [53, 7, 3, 3, 0, 1]
(1, (1, 0, 0), (1, 2)): [48, 4, 2, 2]
(1, (1, 0, 0), (2, 0)): [15, 4, 5]
(1, (1, 0, 0), (2, 1)): [16, 4, 3, 1, 0, 1]
(1, (1, 0, 0), (2, 2)): [24, 4, 3, 3, 0, 1]
(1, (1, 0, 0), (3, 1)): [5, 2, 1]
(1, (1, 0, 0), (3, 2)): [10, 4, 2, 1, 0, 1]
(1, (1, 0, 1), (0, 0)): [1154, 1508, 573, 292, 120, 41, 10, 5, 1, 1]
(1, (1, 0, 1), (0, 1)): [7, 6, 0, 2, 1]
(1, (1, 0, 1), (0, 2)): [5, 2, 0, 1]
(1, (1, 0, 1), (1, 0)): [7, 8, 0, 0, 1, 1]
(1, (1, 0, 1), (1, 1)): [1, 7, 0, 1, 1]
(1, (1, 0, 1), (2, 0)): [5, 3, 0, 0, 1]
(1, (1, 0, 1), (2, 1)): [2, 1, 0, 1]
(1, (1, 1, 0), (0, 0)): [4298, 1277, 880, 549, 218, 82, 25, 8, 3]
(1, (1, 1, 0), (0, 1)): [14, 2, 6, 3, 1]
(1, (1, 1, 0), (1, 0)): [16, 7, 2, 3, 0, 1]
(1, (1, 1, 0), (1, 1)): [21, 4, 3, 1]
(1, (1, 1, 0), (2, 0)): [1, 1, 1]
(1, (1, 1, 0), (2, 1)): [8, 4, 2, 1]
(1, (1, 1, 0), (2, 2)): [10, 1, 1, 1]
(1, (1, 1, 0), (3, 2)): [4, 2, 1, 1]
(1, (1, 1, 1), (0, 0)): [839, 648, 393, 288, 177, 76, 29, 13, 2]
(1, (1, 1, 1), (0, 1)): [3, 0, 1, 0, 0, 1]
(1, (1, 1, 1), (0, 2)): [1, 0, 1, 0, 0, 1]
(1, (1, 1, 1), (1, 2)): [3, 1, 0, 1, 1, 1]
(2, (0, 0, 0), (0, 0)): [38615, 1292, 396, 105, 40, 11, 4, 3, 1, 0, 1]
(2, (0, 0, 0), (0, 1)): [214, 4, 1]
(2, (0, 0, 0), (0, 2)): [82]
(2, (0, 0, 0), (1, 0)): [186, 9, 4, 0, 1]
(2, (0, 0, 0), (1, 1)): [176, 8, 1]
(2, (0, 0, 0), (1, 2)): [100, 1, 1]
(2, (0, 0, 0), (2, 0)): [59, 1, 3]
(2, (0, 0, 0), (2, 1)): [95, 6]
(2, (0, 0, 0), (2, 2)): [80, 3, 1]
(2, (0, 0, 0), (3, 0)): [20, 1, 3]
(2, (0, 0, 0), (3, 1)): [41, 3, 1]
(2, (0, 0, 0), (3, 2)): [57, 3]
(2, (0, 0, 1), (0, 0)): [4963, 1597, 226, 70, 20, 5, 2]
(2, (0, 0, 1), (0, 1)): [23, 9, 1]
(2, (0, 0, 1), (0, 2)): [12, 6, 1]
(2, (0, 0, 1), (1, 0)): [22, 10]
(2, (0, 0, 1), (1, 1)): [16, 2]
(2, (0, 0, 1), (1, 2)): [15, 5, 1]
(2, (0, 0, 1), (2, 0)): [9, 3]
(2, (0, 0, 1), (2, 1)): [8, 1]
(2, (0, 0, 1), (2, 2)): [9, 2, 1]
(2, (0, 0, 1), (3, 0)): [4, 2]
(2, (0, 0, 1), (3, 1)): [7, 2]
(2, (0, 1, 0), (0, 0)): [11975, 2506, 549, 167, 42, 17, 2, 2]
(2, (0, 1, 0), (0, 1)): [53, 7, 2, 1, 1]
(2, (0, 1, 0), (0, 2)): [21, 1]
(2, (0, 1, 0), (1, 0)): [65, 12, 5, 0, 0, 1]
(2, (0, 1, 0), (1, 1)): [48, 6, 2, 0, 1]
(2, (0, 1, 0), (1, 2)): [32, 2, 0, 0, 1]
(2, (0, 1, 0), (2, 0)): [31, 6, 3, 0, 0, 1]
(2, (0, 1, 0), (2, 1)): [31, 6, 2, 0, 0, 1]
(2, (0, 1, 0), (2, 2)): [25]
(2, (0, 1, 0), (3, 0)): [14, 3, 1]
(2, (0, 1, 0), (3, 1)): [19, 5, 1, 0, 0, 1]
(2, (0, 1, 0), (3, 2)): [17, 3, 1, 0, 0, 1]
(2, (0, 1, 1), (0, 0)): [2942, 282, 624, 144, 44, 11, 4, 1]
(2, (0, 1, 1), (0, 1)): [13, 1, 2]
(2, (0, 1, 1), (0, 2)): [4]
(2, (0, 1, 1), (1, 0)): [13, 1, 10, 1]
(2, (0, 1, 1), (1, 1)): [11, 1, 5, 1]
(2, (0, 1, 1), (1, 2)): [5, 1, 2, 1]
(2, (0, 1, 1), (2, 2)): [3, 1, 1]
(2, (1, 0, 0), (0, 0)): [20915, 1504, 662, 188, 67, 18, 9, 4, 1, 0, 1]
(2, (1, 0, 0), (0, 1)): [97, 1, 3]
(2, (1, 0, 0), (0, 2)): [22]
(2, (1, 0, 0), (1, 0)): [104, 3, 4, 1, 1]
(2, (1, 0, 0), (1, 1)): [70, 1, 2, 0, 1]
(2, (1, 0, 0), (1, 2)): [28]
(2, (1, 0, 0), (2, 0)): [37, 2, 2, 1]
(2, (1, 0, 0), (2, 1)): [30, 2, 0, 0, 1]
(2, (1, 0, 0), (2, 2)): [11]
(2, (1, 0, 0), (3, 0)): [12, 1, 1, 1]
(2, (1, 0, 0), (3, 1)): [14, 1]
(2, (1, 0, 0), (3, 2)): [8]
(2, (1, 0, 1), (0, 0)): [3040, 853, 402, 135, 39, 11, 4]
(2, (1, 0, 1), (0, 1)): [4, 2, 1, 1, 0, 1]
(2, (1, 0, 1), (1, 0)): [14, 1, 5]
(2, (1, 0, 1), (1, 1)): [2, 1]
(2, (1, 0, 1), (1, 2)): [2, 2]
(2, (1, 0, 1), (2, 2)): [1, 1]
(2, (1, 1, 0), (0, 0)): [6293, 911, 518, 257, 69, 19, 6, 5, 1, 0, 1]
(2, (1, 1, 0), (0, 1)): [28, 3, 1]
(2, (1, 1, 0), (1, 0)): [22, 2, 1, 1]
(2, (1, 1, 0), (1, 1)): [16, 1]
(2, (1, 1, 0), (2, 0)): [6, 1]
(2, (1, 1, 0), (2, 1)): [9, 1]
(2, (1, 1, 0), (2, 2)): [7, 1]
(2, (1, 1, 1), (0, 0)): [1972, 321, 276, 146, 87, 22, 9, 3, 1, 1, 1]
(2, (1, 1, 1), (0, 1)): [10, 1, 2, 0, 1]
(2, (1, 1, 1), (0, 2)): [5, 1]
(2, (1, 1, 1), (1, 2)): [4]
