(0, (0, 0, 0), (0, 0)): [14829, 3054, 1581, 742, 315, 151, 60, 26, 11, 8, 2]
(0, (0, 0, 0), (0, 1)): [11, 0, 2]
(0, (0, 0, 0), (0, 2)): [6, 0, 1]
(0, (0, 0, 0), (1, 0)): [9, 1, 1]
(0, (0, 0, 0), (1, 1)): [4]
(0, (0, 0, 0), (1, 2)): [5]
(0, (0, 0, 0), (2, 0)): [5, 1, 1]
(0, (0, 0, 0), (2, 1)): [5, 1, 1]
(0, (0, 0, 0), (2, 2)): [4]
(0, (0, 0, 0), (3, 0)): [1]
(0, (0, 0, 0), (3, 1)): [1, 0, 1]
(0, (0, 0, 0), (3, 2)): [3]
(0, (0, 0, 1), (0, 0)): [62, 224, 58, 24, 11, 6, 1, 3, 2]
(0, (0, 1, 0), (0, 0)): [555, 510, 215, 103, 34, 19, 10, 3, 3, 3]
(0, (0, 1, 0), (0, 1)): [0, 1]
(0, (0, 1, 1), (0, 0)): [47, 75, 107, 50, 22, 12, 8, 2]
(0, (1, 0, 0), (0, 0)): [3230, 1085, 799, 399, 194, 93, 36, 18, 9, 4, 1]
(0, (1, 0, 0), (0, 1)): [2, 0, 0, 1]
(0, (1, 0, 0), (0, 2)): [1, 0, 0, 1]
(0, (1, 0, 0), (1, 0)): [2]
(0, (1, 0, 0), (1, 1)): [2]
(0, (1, 0, 0), (2, 0)): [1]
(0, (1, 0, 0), (2, 1)): [3]
(0, (1, 0, 0), (2, 2)): [2]
(0, (1, 0, 0), (3, 1)): [1]
(0, (1, 0, 0), (3, 2)): [1]
(0, (1, 0, 1), (0, 0)): [75, 287, 116, 88, 32, 15, 13, 5, 3]
(0, (1, 1, 0), (0, 0)): [435, 280, 247, 177, 105, 49, 17, 13, 6, 0, 1]
(0, (1, 1, 0), (0, 1)): [1, 1]
(0, (1, 1, 1), (0, 0)): [36, 81, 87, 57, 51, 30, 6, 4, 2, 0, 1]
(0, (1, 1, 1), (1, 0)): [0, 1]
(0, (1, 1, 1), (2, 0)): [0, 1]
(1, (0, 0, 0), (0, 0)): [11886, 1353, 613, 244, 94, 37, 18, 4, 3, 2, 1]
(1, (0, 0, 0), (0, 1)): [11, 0, 1]
(1, (0, 0, 0), (0, 2)): [6]
(1, (0, 0, 0), (1, 0)): [7, 1]
(1, (0, 0, 0), (1, 1)): [5, 1]
(1, (0, 0, 0), (1, 2)): [4]
(1, (0, 0, 0), (2, 0)): [3]
(1, (0, 0, 0), (2, 1)): [4]
(1, (0, 0, 0), (2, 2)): [5]
(1, (0, 0, 0), (3, 0)): [1]
(1, (0, 0, 0), (3, 1)): [1]
(1, (0, 0, 0), (3, 2)): [1]
(1, (0, 0, 1), (0, 0)): [325, 511, 100, 39, 12, 9, 4, 0, 1]
(1, (0, 0, 1), (0, 1)): [0, 0, 0, 1]
(1, (0, 0, 1), (1, 1)): [0, 0, 0, 1]
(1, (0, 1, 0), (0, 0)): [1556, 767, 290, 129, 51, 31, 11, 1, 3, 2]
(1, (0, 1, 1), (0, 0)): [254, 228, 221, 88, 55, 20, 9, 3, 1]
(1, (1, 0, 0), (0, 0)): [4908, 908, 621, 264, 102, 48, 20, 9, 2, 2, 1]
(1, (1, 0, 0), (0, 1)): [4, 0, 1, 1]
(1, (1, 0, 0), (0, 2)): [2, 0, 1, 1]
(1, (1, 0, 0), (1, 0)): [1]
(1, (1, 0, 0), (1, 2)): [1]
(1, (1, 0, 0), (2, 0)): [1]
(1, (1, 0, 0), (2, 2)): [1]
(1, (1, 0, 0), (3, 0)): [1]
(1, (1, 0, 0), (3, 1)): [1]
(1, (1, 0, 0), (3, 2)): [1]
(1, (1, 0, 1), (0, 0)): [374, 481, 150, 130, 53, 25, 10, 3, 1]
(1, (1, 0, 1), (0, 1)): [1, 0, 0, 1]
(1, (1, 0, 1), (1, 0)): [0, 1]
(1, (1, 0, 1), (1, 1)): [0, 1]
(1, (1, 1, 0), (0, 0)): [1373, 431, 349, 230, 85, 50, 16, 10, 4, 2]
(1, (1, 1, 0), (0, 1)): [1, 0, 1]
(1, (1, 1, 1), (0, 0)): [287, 233, 147, 106, 77, 34, 17, 5, 1, 1]
(2, (0, 0, 0), (0, 0)): [10214, 465, 193, 52, 25, 4, 2, 2, 1]
(2, (0, 0, 0), (0, 1)): [17, 0, 1]
(2, (0, 0, 0), (0, 2)): [6]
(2, (0, 0, 0), (1, 0)): [4, 1, 1]
(2, (0, 0, 0), (1, 1)): [4]
(2, (0, 0, 0), (1, 2)): [6]
(2, (0, 0, 0), (2, 0)): [3, 1, 1]
(2, (0, 0, 0), (2, 1)): [1, 1]
(2, (0, 0, 0), (2, 2)): [4]
(2, (0, 0, 0), (3, 0)): [1, 0, 1]
(2, (0, 0, 0), (3, 1)): [2, 0, 1]
(2, (0, 0, 0), (3, 2)): [3, 0, 1]
(2, (0, 0, 1), (0, 0)): [837, 268, 58, 23, 8, 0, 2]
(2, (0, 0, 1), (1, 0)): [1]
(2, (0, 1, 0), (0, 0)): [2677, 671, 168, 46, 18, 7, 2]
(2, (0, 1, 0), (0, 1)): [1]
(2, (0, 1, 1), (0, 0)): [586, 33, 146, 34, 14, 3, 2, 0, 1, 1]
(2, (0, 1, 1), (0, 1)): [1]
(2, (0, 1, 1), (0, 2)): [1]
(2, (1, 0, 0), (0, 0)): [6077, 465, 317, 101, 33, 6, 4, 2]
(2, (1, 0, 0), (0, 1)): [3]
(2, (1, 0, 0), (0, 2)): [1]
(2, (1, 0, 0), (1, 0)): [3]
(2, (1, 0, 0), (1, 1)): [2]
(2, (1, 0, 0), (1, 2)): [1]
(2, (1, 0, 0), (2, 0)): [1]
(2, (1, 0, 0), (2, 1)): [1]
(2, (1, 0, 1), (0, 0)): [920, 228, 89, 72, 13, 9, 5, 2]
(2, (1, 0, 1), (1, 0)): [1]
(2, (1, 0, 1), (1, 1)): [1]
(2, (1, 1, 0), (0, 0)): [2598, 431, 244, 124, 43, 15, 7, 3]
(2, (1, 1, 0), (0, 1)): [4, 1]
(2, (1, 1, 0), (0, 2)): [2]
(2, (1, 1, 0), (1, 2)): [1]
(2, (1, 1, 1), (0, 0)): [728, 86, 113, 72, 47, 17, 7, 1, 1, 1]
(2, (1, 1, 1), (0, 1)): [1]
(2, (1, 1, 1), (0, 2)): [1]
