(0, (0, 0, 0)): [1841269, 376132, 173077, 79044, 35371, 15195, 6254, 2556, 1047, 450, 192, 96, 35, 19, 5, 1, 1, 1]
(0, (0, 0, 1)): [6907, 21380, 5901, 2823, 1371, 582, 256, 105, 43, 25, 11, 3, 4, 3]
(0, (0, 1, 0)): [67304, 63284, 24888, 12232, 5849, 2528, 1077, 457, 193, 102, 32, 13, 5, 6, 3, 0, 1]
(0, (0, 1, 1)): [5411, 9478, 11228, 5251, 2751, 1344, 552, 238, 128, 51, 14, 11, 3, 4, 2, 0, 1, 1]
(0, (1, 0, 0)): [387867, 129610, 83488, 41510, 19844, 8929, 3692, 1575, 671, 286, 135, 56, 23, 14, 3, 1, 1, 1]
(0, (1, 0, 1)): [9141, 28344, 11487, 8161, 4297, 1982, 942, 376, 187, 74, 38, 17, 7, 2, 2, 0, 0, 1]
(0, (1, 1, 0)): [54588, 34819, 25870, 18777, 9981, 4714, 1979, 924, 392, 172, 81, 33, 11, 5, 0, 0, 1]
(0, (1, 1, 1)): [5126, 10183, 8279, 6028, 4911, 2449, 1122, 535, 253, 101, 54, 19, 6, 4, 1, 0, 1]
(1, (0, 0, 0)): [1502312, 167652, 68600, 27226, 10583, 4049, 1577, 572, 204, 83, 32, 20, 7, 3, 0, 1]
(1, (0, 0, 1)): [40483, 58343, 11650, 5028, 2061, 862, 318, 119, 58, 20, 12, 7, 4, 2]
(1, (0, 1, 0)): [203453, 88766, 32681, 14178, 5722, 2301, 805, 360, 108, 52, 28, 9, 9, 2, 1]
(1, (0, 1, 1)): [31754, 26717, 23109, 9372, 4899, 1919, 762, 313, 141, 44, 12, 7, 2, 2, 0, 1]
(1, (1, 0, 0)): [563196, 99993, 65326, 27866, 11324, 4498, 1804, 641, 256, 108, 42, 28, 5, 3, 0, 2]
(1, (1, 0, 1)): [45839, 52821, 16936, 11488, 4954, 2061, 810, 313, 105, 65, 18, 7, 0, 1]
(1, (1, 1, 0)): [157714, 48188, 32006, 23291, 9781, 4049, 1582, 627, 250, 102, 41, 20, 9, 5, 1]
(1, (1, 1, 1)): [32125, 25774, 16212, 10488, 7951, 3368, 1384, 508, 216, 78, 26, 18, 9, 4, 1, 1]
(2, (0, 0, 0)): [1309838, 61580, 20620, 6539, 2190, 700, 238, 82, 13, 7, 5, 0, 1]
(2, (0, 0, 1)): [122274, 36138, 7628, 2592, 906, 322, 93, 29, 8, 4, 0, 2]
(2, (0, 1, 0)): [323591, 67359, 18778, 6624, 2224, 739, 219, 71, 16, 11, 7, 0, 1]
(2, (0, 1, 1)): [74263, 6276, 15744, 4451, 1768, 591, 190, 64, 22, 6, 4, 1, 0, 1]
(2, (1, 0, 0)): [682104, 49464, 33230, 10528, 3473, 1101, 429, 123, 28, 13, 7, 1, 1]
(2, (1, 0, 1)): [119795, 28268, 11119, 7035, 2309, 766, 259, 80, 29, 9, 2, 4, 1]
(2, (1, 1, 0)): [270004, 40973, 20613, 14325, 4684, 1494, 509, 175, 53, 26, 10, 2, 2, 1]
(2, (1, 1, 1)): [78971, 11504, 13161, 6537, 4911, 1535, 527, 180, 58, 14, 10, 3, 1, 1]
