(0, (0, 0, 0), (0, 0)): [14817, 2946, 1419, 654, 279, 132, 57, 20, 13, 4, 0, 1]
(0, (0, 0, 0), (0, 1)): [0, 0, 1]
(0, (0, 0, 0), (0, 2)): [0, 0, 1]
(0, (0, 0, 0), (1, 0)): [2]
(0, (0, 0, 0), (2, 0)): [2]
(0, (0, 0, 0), (3, 0)): [2]
(0, (0, 0, 1), (0, 0)): [51, 187, 61, 25, 5, 1, 3, 1]
(0, (0, 1, 0), (0, 0)): [457, 465, 189, 91, 46, 23, 9, 4, 2, 1]
(0, (0, 1, 1), (0, 0)): [37, 82, 100, 47, 25, 11, 6, 3, 1, 1]
(0, (1, 0, 0), (0, 0)): [3306, 1132, 703, 333, 161, 82, 31, 12, 8, 3]
(0, (1, 0, 0), (1, 0)): [1]
(0, (1, 0, 0), (2, 0)): [1]
(0, (1, 0, 0), (3, 0)): [1]
(0, (1, 0, 0), (3, 1)): [1]
(0, (1, 0, 0), (3, 2)): [1]
(0, (1, 0, 1), (0, 0)): [62, 225, 86, 55, 29, 21, 7, 0, 3]
(0, (1, 1, 0), (0, 0)): [456, 289, 229, 157, 95, 37, 15, 8, 3, 2]
(0, (1, 1, 1), (0, 0)): [44, 83, 85, 52, 42, 17, 9, 4, 3, 1]
(0, (1, 1, 1), (0, 1)): [1]
(0, (1, 1, 1), (0, 2)): [1]
(1, (0, 0, 0), (0, 0)): [11834, 1250, 547, 233, 84, 38, 12, 4, 4, 1, 0, 1]
(1, (0, 0, 0), (1, 0)): [0, 1]
(1, (0, 0, 0), (2, 0)): [0, 1]
(1, (0, 0, 0), (3, 0)): [0, 1]
(1, (0, 0, 1), (0, 0)): [307, 491, 88, 31, 13, 10, 4, 4, 1]
(1, (0, 1, 0), (0, 0)): [1569, 748, 276, 113, 35, 19, 8, 4, 1]
(1, (0, 1, 0), (1, 0)): [1, 0, 0, 1]
(1, (0, 1, 0), (2, 0)): [1, 0, 0, 1]
(1, (0, 1, 0), (3, 0)): [1, 0, 0, 1]
(1, (0, 1, 1), (0, 0)): [256, 220, 203, 88, 48, 18, 3, 3, 0, 0, 0, 1]
(1, (0, 1, 1), (1, 0)): [0, 0, 0, 0, 1]
(1, (0, 1, 1), (2, 0)): [0, 0, 0, 0, 1]
(1, (0, 1, 1), (3, 0)): [0, 0, 0, 0, 1]
(1, (1, 0, 0), (0, 0)): [4739, 876, 589, 226, 102, 36, 11, 6, 2, 0, 0, 1]
(1, (1, 0, 0), (1, 0)): [1, 1]
(1, (1, 0, 0), (2, 0)): [1, 1]
(1, (1, 0, 0), (3, 0)): [0, 1]
(1, (1, 0, 1), (0, 0)): [311, 466, 149, 95, 31, 16, 6, 2, 1, 1]
(1, (1, 1, 0), (0, 0)): [1382, 431, 325, 196, 97, 35, 13, 5, 3]
(1, (1, 1, 1), (0, 0)): [297, 234, 174, 100, 72, 34, 15, 4, 1, 0, 0, 1]
(1, (1, 1, 1), (0, 1)): [1]
(1, (1, 1, 1), (0, 2)): [1]
(2, (0, 0, 0), (0, 0)): [10173, 432, 137, 48, 15, 9, 4, 0, 1]
(2, (0, 0, 0), (0, 1)): [0, 1]
(2, (0, 0, 0), (0, 2)): [0, 1]
(2, (0, 0, 0), (1, 2)): [0, 1]
(2, (0, 0, 0), (2, 2)): [0, 1]
(2, (0, 0, 0), (3, 2)): [0, 1]
(2, (0, 0, 1), (0, 0)): [893, 281, 46, 22, 3, 3, 2]
(2, (0, 1, 0), (0, 0)): [2446, 550, 139, 58, 17, 6, 6, 0, 1]
(2, (0, 1, 0), (1, 0)): [2, 0, 0, 1]
(2, (0, 1, 0), (2, 0)): [1, 0, 0, 1]
(2, (0, 1, 0), (3, 0)): [1, 0, 0, 1]
(2, (0, 1, 1), (0, 0)): [574, 49, 127, 39, 13, 6, 2]
(2, (0, 1, 1), (1, 0)): [2]
(2, (0, 1, 1), (2, 0)): [2]
(2, (0, 1, 1), (3, 0)): [2]
(2, (1, 0, 0), (0, 0)): [5747, 427, 246, 73, 26, 12, 3, 2, 1]
(2, (1, 0, 0), (0, 1)): [1]
(2, (1, 0, 0), (1, 0)): [1]
(2, (1, 0, 0), (2, 0)): [1]
(2, (1, 0, 0), (3, 0)): [1]
(2, (1, 0, 0), (3, 1)): [1]
(2, (1, 0, 0), (3, 2)): [1]
(2, (1, 0, 1), (0, 0)): [862, 241, 73, 48, 12, 6, 3, 2, 1]
(2, (1, 1, 0), (0, 0)): [2531, 395, 213, 104, 44, 20, 5, 1, 1]
(2, (1, 1, 1), (0, 0)): [743, 106, 137, 65, 37, 15, 3, 1, 1]
(2, (1, 1, 1), (0, 1)): [1, 0, 0, 1]
(2, (1, 1, 1), (0, 2)): [1]
