(0, (0, 0, 0), (0, 0)): [197659, 37832, 17437, 7730, 3371, 1449, 544, 225, 83, 31, 11, 7, 4, 1]
(0, (0, 0, 0), (0, 1)): [8224, 1392, 625, 298, 111, 52, 19, 10, 2]
(0, (0, 0, 0), (0, 2)): [3219, 449, 194, 102, 40, 17, 7, 2, 2]
(0, (0, 0, 0), (1, 0)): [7467, 1473, 708, 311, 149, 75, 27, 13, 7, 3]
(0, (0, 0, 0), (1, 1)): [6906, 1258, 564, 263, 114, 45, 17, 8, 1, 1]
(0, (0, 0, 0), (1, 2)): [4757, 732, 319, 158, 78, 33, 7, 2, 2, 1]
(0, (0, 0, 0), (2, 0)): [2403, 502, 290, 139, 49, 39, 11, 7, 3, 1]
(0, (0, 0, 0), (2, 1)): [3583, 703, 377, 165, 70, 31, 9, 9, 2, 1]
(0, (0, 0, 0), (2, 2)): [3680, 614, 320, 143, 66, 36, 7, 2, 2, 2]
(0, (0, 0, 0), (3, 0)): [764, 172, 108, 61, 18, 17, 7, 4, 2]
(0, (0, 0, 0), (3, 1)): [1386, 329, 197, 97, 32, 21, 6, 8, 2]
(0, (0, 0, 0), (3, 2)): [1917, 401, 242, 101, 44, 24, 3, 3, 3, 1]
(0, (0, 0, 1), (0, 0)): [829, 2052, 485, 263, 133, 61, 21, 7, 2, 5]
(0, (0, 0, 1), (0, 1)): [38, 92, 21, 9, 6, 3, 0, 1, 0, 1]
(0, (0, 0, 1), (1, 1)): [28, 68, 21, 5, 7, 2, 0, 1, 0, 1]
(0, (0, 0, 1), (1, 2)): [23, 52, 9, 4, 4, 0, 0, 1, 0, 1]
(0, (0, 0, 1), (2, 2)): [20, 45, 10, 3, 4]
(0, (0, 0, 1), (3, 2)): [8, 23, 7, 1, 4, 1]
(0, (0, 1, 0), (0, 0)): [6798, 5549, 2255, 1055, 498, 195, 64, 38, 13, 6, 0, 0, 1, 1]
(0, (0, 1, 0), (0, 1)): [263, 217, 64, 37, 14, 7, 3, 3, 1]
(0, (0, 1, 0), (0, 2)): [107, 70, 22, 10, 4, 3, 1, 0, 1]
(0, (0, 1, 0), (1, 0)): [243, 180, 100, 43, 16, 9, 2, 2]
(0, (0, 1, 0), (1, 1)): [199, 185, 74, 36, 10, 5, 2, 3]
(0, (0, 1, 0), (1, 2)): [142, 120, 44, 20, 8, 1, 1, 2, 1]
(0, (0, 1, 0), (2, 0)): [96, 55, 29, 15, 7, 5]
(0, (0, 1, 0), (2, 2)): [121, 87, 35, 20, 8, 1, 1, 0, 1]
(0, (0, 1, 0), (3, 0)): [32, 13, 14, 7, 4, 2]
(0, (0, 1, 1), (0, 0)): [632, 872, 1014, 488, 268, 110, 47, 25, 7, 9, 2, 1, 1]
(0, (1, 0, 0), (0, 0)): [41612, 12277, 8319, 3904, 1845, 836, 331, 143, 59, 18, 6, 5, 2]
(0, (1, 0, 0), (0, 1)): [1808, 461, 294, 137, 73, 33, 15, 6, 4]
(0, (1, 0, 0), (0, 2)): [735, 146, 102, 36, 17, 9, 6, 1, 4]
(0, (1, 0, 0), (1, 0)): [1433, 430, 348, 150, 61, 33, 12, 8, 5, 2]
(0, (1, 0, 0), (1, 1)): [1252, 349, 279, 112, 62, 26, 7, 7, 3, 2]
(0, (1, 0, 0), (1, 2)): [877, 206, 155, 62, 27, 7, 6, 6, 2, 2]
(0, (1, 0, 0), (2, 0)): [448, 144, 107, 57, 19, 11, 5, 1, 2]
(0, (1, 0, 0), (2, 1)): [577, 169, 141, 60, 28, 17, 7, 1, 2]
(0, (1, 0, 0), (2, 2)): [589, 148, 109, 50, 24, 10, 8, 4, 1, 1]
(0, (1, 0, 0), (3, 1)): [212, 77, 66, 37, 14, 6, 1, 0, 2]
(0, (1, 0, 0), (3, 2)): [288, 87, 73, 37, 19, 6, 3, 4, 2, 1]
(0, (1, 0, 1), (0, 0)): [1040, 2776, 1071, 721, 389, 168, 77, 31, 11, 7, 4, 1, 1, 1]
(0, (1, 1, 0), (0, 0)): [5742, 3184, 2297, 1713, 871, 425, 172, 86, 28, 7, 2, 4]
(0, (1, 1, 0), (0, 1)): [233, 122, 97, 62, 28, 14, 5, 4, 2]
(0, (1, 1, 0), (0, 2)): [98, 44, 30, 20, 7, 6, 3, 2]
(0, (1, 1, 0), (1, 0)): [195, 103, 81, 58, 22, 17, 7, 4]
(0, (1, 1, 0), (1, 1)): [160, 85, 72, 47, 16, 11, 7, 5, 2]
(0, (1, 1, 0), (1, 2)): [123, 48, 37, 26, 11, 7, 1, 6, 1]
(0, (1, 1, 0), (2, 1)): [80, 45, 20, 27, 7, 6, 6, 1, 1]
(0, (1, 1, 0), (2, 2)): [90, 34, 20, 19, 8, 6, 2, 4, 1]
(0, (1, 1, 1), (0, 0)): [680, 882, 766, 541, 464, 218, 106, 57, 18, 11, 2, 1, 1]
(1, (0, 0, 0), (0, 0)): [161642, 17285, 7036, 2763, 1062, 386, 136, 47, 21, 6, 6, 1, 1]
(1, (0, 0, 0), (0, 1)): [6712, 631, 257, 106, 27, 10, 6, 2]
(1, (0, 0, 0), (0, 2)): [2606, 190, 73, 25, 10, 3, 1]
(1, (0, 0, 0), (1, 0)): [6226, 719, 303, 114, 52, 23, 5, 2]
(1, (0, 0, 0), (1, 1)): [5783, 577, 234, 90, 34, 19, 5, 2]
(1, (0, 0, 0), (1, 2)): [3827, 290, 115, 51, 26, 14, 3]
(1, (0, 0, 0), (2, 0)): [2091, 266, 133, 51, 19, 7, 2, 1]
(1, (0, 0, 0), (2, 1)): [3142, 361, 151, 59, 15, 6, 3, 3]
(1, (0, 0, 0), (2, 2)): [3155, 283, 135, 48, 22, 15, 4]
(1, (0, 0, 0), (3, 0)): [638, 91, 59, 21, 12, 4, 1]
(1, (0, 0, 0), (3, 1)): [1266, 174, 93, 33, 16, 2, 0, 3]
(1, (0, 0, 0), (3, 2)): [1720, 188, 102, 30, 17, 7, 4, 1]
(1, (0, 0, 1), (0, 0)): [3999, 4993, 989, 406, 170, 83, 20, 4, 2, 0, 0, 0, 1]
(1, (0, 0, 1), (0, 1)): [171, 168, 34, 14, 7, 4, 2]
(1, (0, 0, 1), (0, 2)): [75, 53, 12, 2, 0, 1, 2]
(1, (0, 0, 1), (1, 2)): [121, 99, 12, 6, 7, 1, 1]
(1, (0, 1, 0), (0, 0)): [20020, 7885, 3096, 1279, 524, 181, 43, 27, 8, 1, 3, 0, 1]
(1, (0, 1, 0), (0, 1)): [790, 284, 111, 46, 10, 6, 1, 1]
(1, (0, 1, 0), (0, 2)): [333, 95, 35, 7, 3, 4, 1]
(1, (0, 1, 0), (1, 0)): [838, 346, 132, 71, 27, 7, 7, 1]
(1, (0, 1, 0), (1, 1)): [663, 230, 109, 45, 13, 3, 2, 1]
(1, (0, 1, 0), (1, 2)): [470, 144, 65, 17, 5, 3, 2, 1]
(1, (0, 1, 0), (2, 0)): [359, 163, 57, 27, 13, 4, 5, 1]
(1, (0, 1, 0), (2, 1)): [328, 149, 58, 24, 8, 2, 2]
(1, (0, 1, 0), (2, 2)): [339, 135, 57, 8, 9, 2, 2]
(1, (0, 1, 0), (3, 0)): [214, 64, 18, 20, 9, 3, 4, 1]
(1, (0, 1, 0), (3, 1)): [166, 64, 19, 14, 4, 3, 2]
(1, (0, 1, 0), (3, 2)): [195, 75, 30, 9, 6, 0, 4]
(1, (0, 1, 1), (0, 0)): [3361, 2256, 2027, 781, 460, 159, 66, 30, 7, 1, 0, 1]
(1, (0, 1, 1), (1, 0)): [189, 131, 95, 40, 25, 13, 6, 3, 1]
(1, (0, 1, 1), (1, 1)): [88, 54, 66, 18, 10, 1]
(1, (0, 1, 1), (2, 0)): [121, 84, 53, 31, 18, 13, 5, 3, 1]
(1, (0, 1, 1), (2, 1)): [50, 39, 29, 11, 6, 1, 1]
(1, (0, 1, 1), (2, 2)): [53, 32, 34, 11, 7, 2, 1]
(1, (0, 1, 1), (3, 2)): [34, 20, 16, 8, 5, 1]
(1, (1, 0, 0), (0, 0)): [59586, 9522, 6631, 2765, 1150, 424, 157, 58, 23, 8, 2, 1, 1]
(1, (1, 0, 0), (0, 1)): [2587, 327, 232, 100, 41, 14, 4, 2, 1]
(1, (1, 0, 0), (0, 2)): [992, 111, 81, 27, 11, 4, 1, 1]
(1, (1, 0, 0), (1, 0)): [2276, 367, 250, 125, 56, 18, 11, 3, 0, 1]
(1, (1, 0, 0), (1, 1)): [2003, 260, 196, 86, 32, 14, 5, 3, 1]
(1, (1, 0, 0), (1, 2)): [1340, 139, 123, 44, 16, 7, 0, 3]
(1, (1, 0, 0), (2, 0)): [736, 125, 99, 58, 23, 8, 4, 0, 0, 1]
(1, (1, 0, 0), (2, 1)): [1012, 160, 122, 55, 25, 5, 6, 1, 1]
(1, (1, 0, 0), (2, 2)): [966, 113, 112, 32, 12, 3, 3, 3, 1]
(1, (1, 0, 0), (3, 0)): [206, 33, 31, 27, 8, 4, 1, 0, 0, 1]
(1, (1, 0, 0), (3, 1)): [369, 84, 58, 35, 13, 6, 2, 0, 0, 1]
(1, (1, 0, 0), (3, 2)): [504, 87, 71, 32, 10, 3, 2, 1, 1, 1]
(1, (1, 0, 1), (0, 0)): [4915, 4954, 1499, 1097, 500, 181, 69, 30, 5, 4]
(1, (1, 1, 0), (0, 0)): [16130, 4570, 3017, 2269, 927, 371, 133, 53, 26, 5, 0, 2, 1]
(1, (1, 1, 0), (0, 1)): [704, 176, 93, 82, 34, 15, 7, 2, 1]
(1, (1, 1, 0), (1, 0)): [613, 194, 137, 95, 37, 18, 10, 4, 0, 1]
(1, (1, 1, 0), (1, 1)): [504, 139, 96, 71, 29, 16, 7, 3, 0, 1]
(1, (1, 1, 0), (1, 2)): [385, 96, 55, 39, 14, 8, 4]
(1, (1, 1, 0), (2, 0)): [222, 66, 48, 39, 11, 6, 2, 1]
(1, (1, 1, 0), (2, 1)): [256, 79, 65, 41, 15, 8, 4, 2]
(1, (1, 1, 0), (2, 2)): [280, 69, 35, 36, 12, 6, 1]
(1, (1, 1, 0), (3, 0)): [56, 27, 12, 11, 6, 4, 0, 1]
(1, (1, 1, 0), (3, 1)): [109, 37, 32, 25, 9, 7, 3, 1]
(1, (1, 1, 1), (0, 0)): [3553, 2253, 1485, 944, 732, 282, 112, 45, 10, 5, 0, 2, 1]
(1, (1, 1, 1), (0, 1)): [176, 86, 66, 39, 24, 15, 8, 1, 1]
(1, (1, 1, 1), (0, 2)): [97, 27, 24, 15, 10, 4, 3]
(1, (1, 1, 1), (1, 0)): [143, 90, 62, 45, 29, 15, 4, 4]
(1, (1, 1, 1), (1, 1)): [118, 68, 53, 35, 23, 16, 4, 2]
(1, (1, 1, 1), (1, 2)): [104, 31, 36, 20, 9, 12, 3]
(1, (1, 1, 1), (2, 0)): [44, 35, 25, 17, 7, 5, 3, 1]
(1, (1, 1, 1), (2, 1)): [65, 49, 28, 22, 11, 8, 4, 2]
(1, (1, 1, 1), (2, 2)): [74, 32, 24, 26, 8, 9, 2]
(1, (1, 1, 1), (3, 0)): [4, 11, 8, 7, 3, 3, 1]
(1, (1, 1, 1), (3, 1)): [10, 27, 13, 9, 6, 4, 2, 2]
(1, (1, 1, 1), (3, 2)): [25, 20, 11, 13, 5, 6, 1, 1]
(2, (0, 0, 0), (0, 0)): [141449, 6561, 2170, 686, 222, 65, 26, 4, 1, 1, 2]
(2, (0, 0, 0), (0, 1)): [5724, 219, 84, 16, 12, 2, 2, 1]
(2, (0, 0, 0), (0, 2)): [2188, 67, 20, 5, 4, 0, 1, 1]
(2, (0, 0, 0), (1, 0)): [5522, 294, 94, 26, 14, 2]
(2, (0, 0, 0), (1, 1)): [4980, 232, 85, 15, 11, 1, 1]
(2, (0, 0, 0), (1, 2)): [3280, 105, 42, 8, 5, 0, 2]
(2, (0, 0, 0), (2, 0)): [1949, 105, 40, 16, 6, 1]
(2, (0, 0, 0), (2, 1)): [2835, 145, 43, 15, 2, 1]
(2, (0, 0, 0), (2, 2)): [2758, 109, 42, 9, 2, 0, 1]
(2, (0, 0, 0), (3, 0)): [635, 39, 23, 9, 5, 1]
(2, (0, 0, 0), (3, 1)): [1271, 64, 28, 11, 5, 2]
(2, (0, 0, 0), (3, 2)): [1673, 79, 37, 7, 3, 1]
(2, (0, 0, 1), (0, 0)): [10975, 3137, 628, 229, 74, 27, 2, 2, 1]
(2, (0, 0, 1), (0, 1)): [464, 116, 26, 10, 2]
(2, (0, 0, 1), (0, 2)): [185, 27, 9, 3]
(2, (0, 0, 1), (1, 0)): [534, 153, 24, 16, 3, 1]
(2, (0, 0, 1), (1, 1)): [451, 103, 20, 11, 1]
(2, (0, 0, 1), (1, 2)): [312, 48, 8, 4]
(2, (0, 0, 1), (2, 0)): [213, 65, 11, 9, 2, 1]
(2, (0, 0, 1), (2, 1)): [246, 51, 18, 9, 2, 1]
(2, (0, 0, 1), (2, 2)): [251, 41, 14, 3, 0, 1]
(2, (0, 0, 1), (3, 0)): [107, 30, 6, 6, 1]
(2, (0, 1, 0), (0, 0)): [31353, 6084, 1810, 654, 212, 60, 13, 5, 0, 1, 1]
(2, (0, 1, 0), (0, 1)): [1218, 214, 51, 21, 5]
(2, (0, 1, 0), (0, 2)): [484, 69, 12, 4, 1]
(2, (0, 1, 0), (1, 0)): [1486, 256, 104, 40, 10, 7, 2]
(2, (0, 1, 0), (1, 1)): [1127, 183, 61, 20, 5, 0, 1]
(2, (0, 1, 0), (1, 2)): [766, 103, 24, 11, 1]
(2, (0, 1, 0), (2, 0)): [693, 113, 53, 28, 7, 7, 1]
(2, (0, 1, 0), (2, 1)): [636, 135, 39, 15, 3, 3, 1]
(2, (0, 1, 0), (2, 2)): [633, 104, 24, 13, 1, 2]
(2, (0, 1, 0), (3, 0)): [403, 49, 30, 22, 6, 4, 1]
(2, (0, 1, 0), (3, 1)): [262, 56, 24, 7, 2, 2, 1]
(2, (0, 1, 1), (0, 0)): [6939, 549, 1404, 369, 168, 45, 20, 4, 0, 0, 1]
(2, (0, 1, 1), (1, 0)): [335, 30, 74, 26, 7, 3, 1]
(2, (0, 1, 1), (1, 1)): [241, 14, 47, 14, 1, 2]
(2, (0, 1, 1), (1, 2)): [162, 10, 18, 3, 1]
(2, (1, 0, 0), (0, 0)): [72028, 4686, 3543, 1056, 332, 102, 46, 11, 2, 2, 2]
(2, (1, 0, 0), (0, 1)): [2909, 150, 108, 28, 13, 2, 4]
(2, (1, 0, 0), (0, 2)): [1119, 42, 31, 5, 4]
(2, (1, 0, 0), (1, 0)): [2807, 213, 155, 51, 12, 4, 2, 1]
(2, (1, 0, 0), (1, 1)): [2357, 134, 99, 30, 10, 1, 3]
(2, (1, 0, 0), (1, 2)): [1576, 69, 42, 15, 5]
(2, (1, 0, 0), (2, 0)): [900, 77, 47, 25, 3, 2, 1]
(2, (1, 0, 0), (2, 1)): [1142, 57, 51, 18, 5, 3, 1]
(2, (1, 0, 0), (2, 2)): [1191, 60, 47, 14, 5, 1]
(2, (1, 0, 0), (3, 0)): [286, 39, 13, 17]
(2, (1, 0, 0), (3, 1)): [488, 51, 20, 15, 1, 2]
(2, (1, 0, 0), (3, 2)): [641, 47, 30, 13, 3, 2]
(2, (1, 0, 1), (0, 0)): [11941, 2647, 958, 654, 232, 66, 29, 9, 5, 1]
(2, (1, 0, 1), (0, 1)): [474, 98, 42, 20, 3, 0, 2]
(2, (1, 0, 1), (0, 2)): [186, 31, 11, 4, 1]
(2, (1, 0, 1), (1, 0)): [427, 90, 38, 32, 10, 2, 1]
(2, (1, 0, 1), (1, 1)): [360, 71, 31, 24, 2, 2, 2]
(2, (1, 0, 1), (1, 2)): [251, 32, 17, 10, 3, 1, 1]
(2, (1, 0, 1), (2, 0)): [150, 29, 21, 8, 8, 0, 1]
(2, (1, 0, 1), (2, 1)): [190, 43, 16, 13, 4, 1]
(2, (1, 0, 1), (2, 2)): [170, 24, 13, 10, 2, 1, 1]
(2, (1, 0, 1), (3, 1)): [93, 16, 12, 3, 1, 1, 1]
(2, (1, 0, 1), (3, 2)): [103, 17, 15, 7, 2, 1, 1]
(2, (1, 1, 0), (0, 0)): [28143, 4046, 1944, 1468, 454, 147, 42, 19, 3, 3, 1, 1]
(2, (1, 1, 0), (0, 1)): [1192, 145, 66, 48, 11, 2, 1, 2]
(2, (1, 1, 0), (0, 2)): [527, 41, 21, 11, 2, 1]
(2, (1, 1, 0), (1, 0)): [1083, 170, 83, 67, 21, 6, 2]
(2, (1, 1, 0), (1, 1)): [923, 125, 56, 55, 9, 2, 1, 1]
(2, (1, 1, 0), (1, 2)): [699, 73, 26, 22, 6, 1, 0, 1]
(2, (1, 1, 0), (2, 0)): [360, 65, 36, 24, 10, 4, 2]
(2, (1, 1, 0), (2, 1)): [468, 62, 44, 35, 5, 4, 2]
(2, (1, 1, 0), (2, 2)): [506, 55, 26, 29, 3, 1, 1, 1]
(2, (1, 1, 0), (3, 0)): [131, 17, 16, 7, 4, 2]
(2, (1, 1, 0), (3, 1)): [195, 32, 27, 12, 4, 2, 1]
(2, (1, 1, 0), (3, 2)): [253, 34, 22, 13, 4, 0, 1, 1]
(2, (1, 1, 1), (0, 0)): [8055, 1016, 1245, 575, 469, 138, 51, 18, 5]
(2, (1, 1, 1), (0, 1)): [395, 29, 52, 20, 11, 3, 1]
(2, (1, 1, 1), (0, 2)): [187, 11, 10, 9, 5, 1]
(2, (1, 1, 1), (1, 0)): [272, 68, 56, 25, 24, 9, 2]
(2, (1, 1, 1), (1, 1)): [277, 37, 45, 21, 13, 2, 1]
(2, (1, 1, 1), (1, 2)): [228, 17, 19, 11, 4, 2]
