(0, (0, 0, 0), (0, 0)): [1513181, 303734, 139419, 63677, 28405, 12112, 5051, 1964, 793, 325, 150, 73, 18, 15, 3, 0, 1]
(0, (0, 0, 0), (0, 1)): [360708, 69295, 31704, 14889, 6525, 2884, 1206, 401, 187, 79, 41, 22, 3, 3, 1]
(0, (0, 0, 0), (0, 2)): [138670, 23626, 10638, 4900, 2110, 926, 373, 117, 60, 28, 8, 4, 2, 0, 1]
(0, (0, 0, 0), (1, 0)): [302143, 66848, 31940, 14951, 7020, 3003, 1304, 534, 211, 76, 43, 17, 4, 6, 2, 0, 1]
(0, (0, 0, 0), (1, 1)): [301017, 60528, 28201, 13184, 5940, 2567, 1103, 401, 183, 63, 40, 18, 2, 5, 0, 0, 1]
(0, (0, 0, 0), (1, 2)): [208777, 36792, 16915, 7748, 3414, 1443, 624, 225, 103, 38, 14, 8, 3, 1, 1]
(0, (0, 0, 0), (2, 0)): [96647, 23563, 12167, 5729, 2785, 1193, 503, 234, 78, 34, 18, 8, 2, 3, 1]
(0, (0, 0, 0), (2, 1)): [153541, 33927, 16676, 7758, 3670, 1598, 628, 282, 112, 44, 26, 12, 2, 3, 0, 0, 1]
(0, (0, 0, 0), (2, 2)): [164986, 31730, 15079, 7005, 3163, 1311, 576, 216, 102, 34, 16, 5, 3, 2, 1, 0, 1]
(0, (0, 0, 0), (3, 0)): [27979, 7669, 4577, 2286, 1129, 479, 215, 98, 33, 16, 10, 3, 0, 2, 1]
(0, (0, 0, 0), (3, 1)): [58281, 15037, 8126, 3955, 1941, 856, 335, 175, 70, 27, 11, 10, 1, 4, 1]
(0, (0, 0, 0), (3, 2)): [86444, 19433, 10277, 4847, 2315, 974, 405, 182, 78, 32, 12, 10, 2, 2, 1, 0, 1]
(0, (0, 0, 1), (0, 0)): [5258, 15165, 4113, 2068, 976, 420, 178, 53, 24, 15, 13, 2, 1, 2]
(0, (0, 0, 1), (0, 1)): [942, 2900, 783, 373, 185, 81, 30, 13, 9, 3, 3]
(0, (0, 0, 1), (0, 2)): [415, 1077, 272, 133, 58, 33, 12, 4, 6]
(0, (0, 0, 1), (1, 0)): [957, 3128, 915, 500, 246, 110, 45, 16, 6, 4, 6]
(0, (0, 0, 1), (1, 1)): [862, 2693, 733, 366, 194, 86, 31, 13, 4, 6, 2]
(0, (0, 0, 1), (1, 2)): [667, 1732, 439, 215, 98, 54, 15, 7, 4, 3, 1]
(0, (0, 0, 1), (2, 0)): [371, 1119, 362, 226, 100, 44, 16, 9, 3, 1, 5]
(0, (0, 0, 1), (2, 1)): [450, 1516, 460, 256, 126, 56, 29, 10, 5, 3, 2]
(0, (0, 0, 1), (2, 2)): [607, 1561, 430, 205, 107, 50, 18, 5, 3, 2, 1]
(0, (0, 0, 1), (3, 0)): [160, 338, 119, 91, 39, 16, 6, 2, 0, 0, 3]
(0, (0, 0, 1), (3, 1)): [187, 668, 206, 166, 74, 26, 16, 3, 2, 2]
(0, (0, 0, 1), (3, 2)): [345, 944, 271, 174, 96, 34, 15, 1, 3, 1]
(0, (0, 1, 0), (0, 0)): [59852, 53216, 21170, 10672, 4958, 2128, 936, 372, 154, 72, 26, 12, 5, 5, 2, 0, 1]
(0, (0, 1, 0), (0, 1)): [13393, 11651, 4659, 2223, 1055, 442, 211, 75, 33, 16, 4, 4, 1, 1, 1]
(0, (0, 1, 0), (0, 2)): [5475, 4059, 1621, 738, 356, 147, 78, 23, 12, 4, 0, 1, 1]
(0, (0, 1, 0), (1, 0)): [13015, 12048, 5099, 2766, 1265, 591, 246, 104, 43, 15, 10, 3, 2, 2, 1, 0, 1]
(0, (0, 1, 0), (1, 1)): [11641, 10096, 4145, 2121, 989, 426, 191, 78, 24, 18, 8, 3, 0, 2, 1]
(0, (0, 1, 0), (1, 2)): [8165, 6203, 2580, 1237, 564, 235, 106, 52, 13, 6, 2, 3, 1, 0, 1]
(0, (0, 1, 0), (2, 0)): [4813, 4284, 1960, 1135, 508, 260, 99, 47, 19, 3, 2, 3, 2, 1, 0, 0, 1]
(0, (0, 1, 0), (2, 1)): [6379, 5666, 2434, 1277, 607, 281, 131, 44, 17, 13, 4, 1, 1, 1, 0, 0, 1]
(0, (0, 1, 0), (2, 2)): [6925, 5255, 2343, 1085, 516, 217, 103, 43, 13, 7, 3, 2, 1, 0, 1, 0, 1]
(0, (0, 1, 0), (3, 0)): [1715, 1199, 680, 462, 207, 114, 48, 24, 8, 1, 0, 1, 1]
(0, (0, 1, 0), (3, 1)): [2830, 2359, 1133, 745, 324, 165, 71, 27, 6, 4, 1, 1, 0, 1]
(0, (0, 1, 0), (3, 2)): [4082, 3056, 1487, 815, 378, 186, 97, 33, 6, 6, 2, 0, 0, 0, 1, 0, 1]
(0, (0, 1, 1), (0, 0)): [4701, 7671, 8913, 4198, 2185, 1077, 459, 191, 93, 46, 13, 8, 3, 2, 1, 0, 1]
(0, (0, 1, 1), (0, 1)): [1058, 1735, 1960, 847, 461, 223, 105, 40, 15, 11, 3, 2, 1, 0, 0, 0, 1]
(0, (0, 1, 1), (0, 2)): [502, 650, 709, 309, 162, 87, 40, 21, 2, 4, 0, 1]
(0, (0, 1, 1), (1, 0)): [1028, 1771, 2179, 1087, 568, 303, 121, 45, 31, 8, 5, 4, 0, 1, 1]
(0, (0, 1, 1), (1, 1)): [874, 1527, 1789, 776, 423, 199, 85, 28, 17, 6, 5, 1, 1, 0, 0, 0, 1]
(0, (0, 1, 1), (1, 2)): [720, 985, 1073, 458, 276, 133, 53, 20, 9, 2, 1, 1, 0, 0, 0, 0, 1]
(0, (0, 1, 1), (2, 0)): [442, 720, 803, 452, 263, 161, 57, 20, 19, 5, 2, 1, 0, 1, 1]
(0, (0, 1, 1), (2, 1)): [435, 832, 977, 466, 212, 115, 49, 18, 9, 9, 4, 1, 1, 0, 1]
(0, (0, 1, 1), (2, 2)): [550, 864, 912, 409, 222, 107, 44, 15, 8, 7, 2, 1, 0, 0, 0, 0, 1]
(0, (0, 1, 1), (3, 0)): [259, 310, 337, 215, 150, 85, 31, 7, 14, 0, 1, 1, 0, 1]
(0, (0, 1, 1), (3, 1)): [176, 327, 395, 205, 134, 72, 27, 10, 10, 3, 1, 1, 0, 0, 1]
(0, (0, 1, 1), (3, 2)): [314, 463, 527, 273, 145, 86, 38, 13, 11, 4, 3, 0, 0, 0, 0, 0, 1]
(0, (1, 0, 0), (0, 0)): [311210, 97872, 65380, 32483, 15493, 6960, 2867, 1200, 502, 208, 103, 40, 11, 13, 2, 0, 1]
(0, (1, 0, 0), (0, 1)): [68234, 19785, 13625, 6706, 3208, 1441, 609, 236, 118, 41, 22, 9, 1, 3]
(0, (1, 0, 0), (0, 2)): [26114, 6596, 4640, 2128, 997, 445, 212, 79, 34, 14, 8, 2]
(0, (1, 0, 0), (1, 0)): [59176, 20283, 14380, 7610, 3726, 1720, 709, 302, 124, 59, 35, 11, 2, 6, 2, 0, 1]
(0, (1, 0, 0), (1, 1)): [52025, 16076, 11248, 5762, 2687, 1301, 515, 212, 94, 42, 20, 8, 1, 4, 1]
(0, (1, 0, 0), (1, 2)): [34440, 9263, 6535, 3222, 1479, 676, 291, 115, 55, 19, 4, 3, 0, 0, 1]
(0, (1, 0, 0), (2, 0)): [18431, 6940, 5138, 2860, 1466, 676, 275, 116, 41, 29, 17, 3, 2, 3, 0, 0, 1]
(0, (1, 0, 0), (2, 1)): [25105, 8517, 6038, 3223, 1543, 757, 301, 127, 56, 31, 19, 5, 0, 6, 0, 0, 1]
(0, (1, 0, 0), (2, 2)): [24970, 7308, 5224, 2550, 1240, 541, 253, 98, 48, 22, 11, 3, 0, 3]
(0, (1, 0, 0), (3, 0)): [4736, 2175, 1688, 1126, 579, 269, 113, 43, 19, 12, 6, 1, 1]
(0, (1, 0, 0), (3, 1)): [9012, 3598, 2655, 1679, 798, 415, 165, 73, 29, 15, 10, 2, 1, 2]
(0, (1, 0, 0), (3, 2)): [11747, 4306, 3021, 1678, 823, 373, 177, 76, 38, 15, 8, 3, 0, 1]
(0, (1, 0, 1), (0, 0)): [7892, 21530, 8678, 6350, 3305, 1536, 708, 278, 143, 54, 35, 9, 5, 3, 1]
(0, (1, 0, 1), (0, 1)): [1660, 4327, 1757, 1317, 667, 318, 145, 49, 26, 11, 5, 1, 3, 1]
(0, (1, 0, 1), (0, 2)): [758, 1544, 624, 454, 215, 106, 43, 14, 5, 1, 1, 1, 2, 1]
(0, (1, 0, 1), (1, 0)): [1538, 4352, 1823, 1365, 763, 382, 158, 76, 43, 17, 14, 1, 0, 1, 1]
(0, (1, 0, 1), (1, 1)): [1291, 3447, 1468, 1052, 566, 246, 109, 51, 31, 13, 7]
(0, (1, 0, 1), (1, 2)): [1030, 2069, 882, 599, 307, 136, 60, 25, 11, 5, 2, 1, 2]
(0, (1, 0, 1), (2, 0)): [596, 1394, 614, 481, 279, 164, 65, 28, 16, 8, 5, 1]
(0, (1, 0, 1), (2, 1)): [616, 1754, 758, 571, 302, 161, 68, 28, 20, 10, 5]
(0, (1, 0, 1), (2, 2)): [761, 1591, 695, 497, 258, 127, 58, 26, 6, 6, 2]
(0, (1, 0, 1), (3, 0)): [269, 355, 216, 124, 101, 70, 26, 8, 6, 2, 1, 1]
(0, (1, 0, 1), (3, 1)): [254, 613, 328, 237, 163, 86, 31, 15, 14, 7, 3]
(0, (1, 0, 1), (3, 2)): [386, 795, 422, 281, 183, 96, 38, 19, 10, 10, 4]
(0, (1, 1, 0), (0, 0)): [45894, 26992, 19652, 14679, 7677, 3648, 1523, 668, 287, 131, 57, 24, 6, 5, 1, 0, 1]
(0, (1, 1, 0), (0, 1)): [10985, 5842, 4076, 3123, 1711, 758, 354, 145, 57, 23, 13, 6, 0, 1, 1, 0, 1]
(0, (1, 1, 0), (0, 2)): [4543, 2053, 1388, 1061, 568, 271, 114, 56, 24, 12, 3]
(0, (1, 1, 0), (1, 0)): [8706, 5419, 4197, 3271, 1708, 869, 372, 150, 71, 27, 17, 6, 3, 3]
(0, (1, 1, 0), (1, 1)): [8110, 4537, 3336, 2631, 1337, 633, 280, 111, 31, 16, 14, 2, 2, 2, 1, 0, 1]
(0, (1, 1, 0), (1, 2)): [5910, 2785, 1930, 1613, 788, 349, 153, 65, 24, 16, 4, 1, 0, 1, 0, 0, 1]
(0, (1, 1, 0), (2, 0)): [2595, 1832, 1433, 1097, 663, 346, 151, 60, 36, 12, 6, 4, 0, 1]
(0, (1, 1, 0), (2, 1)): [3748, 2313, 1784, 1354, 754, 357, 171, 64, 33, 9, 10, 3, 2, 0, 1]
(0, (1, 1, 0), (2, 2)): [4153, 2148, 1583, 1261, 654, 300, 135, 59, 22, 13, 5, 1, 0, 0, 0, 0, 1]
(0, (1, 1, 0), (3, 0)): [602, 583, 502, 377, 262, 143, 56, 23, 13, 6, 2, 2, 0, 1]
(0, (1, 1, 0), (3, 1)): [1308, 987, 807, 618, 413, 227, 97, 33, 19, 8, 5, 1, 2, 0, 1]
(0, (1, 1, 0), (3, 2)): [1929, 1212, 990, 779, 457, 228, 98, 49, 17, 9, 5, 0, 0, 0, 0, 0, 1]
(0, (1, 1, 1), (0, 0)): [4890, 7791, 6498, 4524, 3792, 1931, 871, 391, 199, 86, 36, 13, 5, 3, 0, 0, 1]
(0, (1, 1, 1), (0, 1)): [1262, 1897, 1550, 1029, 889, 464, 199, 94, 54, 18, 7, 4, 2, 1]
(0, (1, 1, 1), (0, 2)): [662, 747, 559, 353, 317, 162, 59, 30, 17, 6, 5, 1, 1]
(0, (1, 1, 1), (1, 0)): [882, 1651, 1409, 1007, 868, 465, 203, 75, 49, 23, 9, 3, 0, 1, 0, 0, 1]
(0, (1, 1, 1), (1, 1)): [841, 1480, 1230, 821, 711, 394, 177, 81, 41, 17, 5, 3, 1, 1, 0, 0, 1]
(0, (1, 1, 1), (1, 2)): [769, 1033, 800, 519, 451, 219, 95, 46, 20, 9, 4, 2, 0, 1, 0, 0, 1]
(0, (1, 1, 1), (2, 0)): [254, 481, 479, 361, 321, 174, 66, 27, 15, 11, 3, 2, 0, 1]
(0, (1, 1, 1), (2, 1)): [387, 677, 608, 438, 349, 216, 85, 43, 29, 11, 3, 0, 1]
(0, (1, 1, 1), (2, 2)): [513, 735, 626, 414, 348, 192, 78, 43, 22, 12, 2, 0, 1]
(0, (1, 1, 1), (3, 0)): [51, 136, 129, 128, 96, 65, 33, 14, 4, 5, 2, 1, 0, 1]
(0, (1, 1, 1), (3, 1)): [115, 249, 245, 180, 156, 96, 51, 17, 8, 5, 1, 1, 0, 1]
(0, (1, 1, 1), (3, 2)): [195, 372, 351, 245, 224, 117, 69, 26, 14, 6, 2, 0, 1, 1]
(1, (0, 0, 0), (0, 0)): [1245997, 138082, 56402, 22385, 8743, 3277, 1316, 431, 148, 61, 21, 13, 3, 1]
(1, (0, 0, 0), (0, 1)): [296320, 30746, 12528, 4967, 1972, 736, 295, 107, 30, 11, 4, 5, 1]
(1, (0, 0, 0), (0, 2)): [114892, 10158, 4143, 1504, 612, 221, 75, 28, 3, 4, 1, 3]
(1, (0, 0, 0), (1, 0)): [258048, 32427, 13646, 5602, 2302, 883, 346, 104, 43, 18, 5, 3]
(1, (0, 0, 0), (1, 1)): [253073, 28180, 11521, 4686, 1916, 682, 305, 101, 36, 10, 5, 2, 1]
(1, (0, 0, 0), (1, 2)): [173774, 16326, 6603, 2557, 1073, 379, 153, 42, 15, 7, 1, 2, 1]
(1, (0, 0, 0), (2, 0)): [85784, 12142, 5430, 2333, 967, 388, 150, 45, 15, 11, 2, 2]
(1, (0, 0, 0), (2, 1)): [132981, 16529, 7139, 2914, 1243, 453, 164, 70, 16, 12, 5, 2]
(1, (0, 0, 0), (2, 2)): [141178, 14677, 6241, 2535, 1051, 368, 129, 49, 19, 8, 1, 1]
(1, (0, 0, 0), (3, 0)): [25286, 4001, 2194, 993, 382, 175, 81, 18, 11, 5, 1, 1]
(1, (0, 0, 0), (3, 1)): [52885, 7785, 3874, 1679, 712, 274, 106, 39, 11, 5, 3]
(1, (0, 0, 0), (3, 2)): [77250, 9681, 4681, 1964, 848, 298, 105, 43, 12, 7, 3]
(1, (0, 0, 1), (0, 0)): [33011, 44509, 8962, 4030, 1576, 664, 246, 71, 38, 13, 8, 4, 1, 1]
(1, (0, 0, 1), (0, 1)): [7137, 8672, 1772, 739, 250, 126, 55, 15, 4, 1, 3, 1]
(1, (0, 0, 1), (0, 2)): [3126, 2846, 554, 219, 84, 41, 16, 2, 3, 0, 1, 1]
(1, (0, 0, 1), (1, 0)): [7737, 10897, 2321, 1170, 462, 202, 70, 23, 19, 4, 1, 1]
(1, (0, 0, 1), (1, 1)): [6619, 8292, 1709, 788, 287, 120, 49, 15, 6, 3, 1, 1]
(1, (0, 0, 1), (1, 2)): [5000, 4652, 929, 406, 156, 68, 29, 5, 4, 1, 1, 2]
(1, (0, 0, 1), (2, 0)): [3249, 4369, 1034, 587, 235, 103, 40, 15, 10, 2, 1]
(1, (0, 0, 1), (2, 1)): [3790, 4937, 1073, 547, 199, 87, 26, 13, 6, 2, 1]
(1, (0, 0, 1), (2, 2)): [4384, 4247, 908, 435, 149, 64, 34, 8, 3, 1, 2, 2]
(1, (0, 0, 1), (3, 0)): [1582, 1683, 471, 319, 130, 58, 22, 8, 3, 0, 1]
(1, (0, 0, 1), (3, 1)): [1647, 2120, 548, 306, 123, 57, 16, 9, 3, 1]
(1, (0, 0, 1), (3, 2)): [2644, 2647, 648, 354, 127, 62, 28, 10, 3, 0, 1]
(1, (0, 1, 0), (0, 0)): [168860, 67161, 25927, 11434, 4612, 1828, 639, 272, 83, 35, 20, 3, 4]
(1, (0, 1, 0), (0, 1)): [36858, 14181, 5299, 2236, 894, 399, 134, 59, 13, 10, 6, 1, 1]
(1, (0, 1, 0), (0, 2)): [14475, 4956, 1768, 697, 258, 132, 41, 16, 4, 4, 1, 1, 1]
(1, (0, 1, 0), (1, 0)): [39833, 15925, 6593, 3265, 1324, 530, 204, 84, 32, 14, 5]
(1, (0, 1, 0), (1, 1)): [33475, 12981, 5058, 2281, 943, 376, 138, 49, 16, 5, 5]
(1, (0, 1, 0), (1, 2)): [22610, 7825, 2876, 1220, 448, 201, 71, 34, 9, 6, 1, 1]
(1, (0, 1, 0), (2, 0)): [16819, 6268, 2883, 1645, 698, 277, 104, 52, 17, 9, 4]
(1, (0, 1, 0), (2, 1)): [19460, 7584, 3215, 1545, 674, 257, 96, 37, 13, 6, 2]
(1, (0, 1, 0), (2, 2)): [19782, 6850, 2736, 1176, 477, 215, 71, 26, 8, 5, 2]
(1, (0, 1, 0), (3, 0)): [7675, 2355, 1268, 884, 396, 158, 63, 27, 10, 5, 2]
(1, (0, 1, 0), (3, 1)): [9092, 3313, 1623, 974, 434, 149, 69, 33, 14, 5, 2]
(1, (0, 1, 0), (3, 2)): [12261, 4209, 1925, 996, 438, 166, 65, 24, 5, 6, 2]
(1, (0, 1, 1), (0, 0)): [25609, 20343, 16809, 6966, 3687, 1430, 589, 228, 85, 34, 8, 4, 1]
(1, (0, 1, 1), (0, 1)): [5088, 3824, 3252, 1330, 605, 206, 105, 45, 13, 1, 3]
(1, (0, 1, 1), (0, 2)): [2378, 1250, 1146, 464, 218, 66, 37, 18, 2, 0, 3]
(1, (0, 1, 1), (1, 0)): [6620, 5670, 4356, 1957, 1187, 487, 205, 72, 28, 14, 1, 1]
(1, (0, 1, 1), (1, 1)): [4379, 3479, 2893, 1180, 590, 198, 89, 34, 14, 6, 0, 1]
(1, (0, 1, 1), (1, 2)): [3549, 2018, 1803, 691, 361, 114, 54, 26, 5, 3, 2, 1]
(1, (0, 1, 1), (2, 0)): [3760, 2949, 2180, 1110, 777, 335, 143, 49, 20, 8, 1]
(1, (0, 1, 1), (2, 1)): [2388, 1961, 1626, 733, 371, 140, 67, 17, 8, 3]
(1, (0, 1, 1), (2, 2)): [2975, 1744, 1563, 634, 324, 101, 52, 16, 5, 1, 1, 1]
(1, (0, 1, 1), (3, 0)): [2748, 1907, 1306, 763, 635, 269, 110, 42, 16, 6, 1]
(1, (0, 1, 1), (3, 1)): [1035, 856, 712, 345, 205, 95, 35, 15, 6, 3]
(1, (0, 1, 1), (3, 2)): [1685, 1101, 886, 433, 253, 86, 37, 17, 7, 2, 0, 1]
(1, (1, 0, 0), (0, 0)): [449858, 75360, 51755, 21906, 9008, 3515, 1431, 500, 176, 73, 28, 16, 3, 1]
(1, (1, 0, 0), (0, 1)): [99244, 15355, 10499, 4493, 1809, 725, 305, 106, 32, 13, 9, 4]
(1, (1, 0, 0), (0, 2)): [37695, 5041, 3362, 1368, 548, 244, 104, 28, 8, 2, 4]
(1, (1, 0, 0), (1, 0)): [92579, 16990, 12170, 5516, 2320, 936, 389, 135, 42, 23, 8, 4, 1]
(1, (1, 0, 0), (1, 1)): [80013, 13232, 9268, 4086, 1644, 644, 276, 99, 35, 15, 6, 6, 1]
(1, (1, 0, 0), (1, 2)): [52472, 7520, 5177, 2210, 861, 327, 141, 53, 17, 4, 5, 1]
(1, (1, 0, 0), (2, 0)): [30253, 6028, 4489, 2264, 970, 386, 165, 58, 21, 7, 3]
(1, (1, 0, 0), (2, 1)): [40164, 7261, 5161, 2518, 1003, 416, 169, 57, 21, 9, 5, 4, 1]
(1, (1, 0, 0), (2, 2)): [39689, 6180, 4218, 1949, 765, 317, 132, 51, 13, 4, 3, 1, 1]
(1, (1, 0, 0), (3, 0)): [8529, 1967, 1421, 889, 413, 156, 78, 21, 7, 3, 1]
(1, (1, 0, 0), (3, 1)): [15460, 3353, 2354, 1356, 565, 221, 106, 26, 15, 5, 3, 1]
(1, (1, 0, 0), (3, 2)): [19890, 3930, 2578, 1394, 553, 227, 103, 30, 16, 6, 4, 2, 1]
(1, (1, 0, 1), (0, 0)): [38480, 39432, 12535, 8884, 3867, 1556, 642, 237, 76, 35, 9, 5, 2]
(1, (1, 0, 1), (0, 1)): [8759, 7780, 2491, 1735, 746, 322, 114, 32, 18, 6, 3, 0, 2]
(1, (1, 0, 1), (0, 2)): [3838, 2533, 838, 604, 262, 98, 45, 18, 8, 2, 2, 0, 1]
(1, (1, 0, 1), (1, 0)): [7887, 8255, 2853, 2094, 960, 398, 158, 70, 22, 14, 0, 2]
(1, (1, 0, 1), (1, 1)): [6822, 6428, 2164, 1494, 610, 286, 97, 25, 10, 6, 0, 1, 1]
(1, (1, 0, 1), (1, 2)): [5004, 3596, 1264, 870, 352, 151, 52, 25, 8, 2, 2]
(1, (1, 0, 1), (2, 0)): [2822, 2612, 1022, 791, 401, 162, 67, 35, 7, 6, 0, 1]
(1, (1, 0, 1), (2, 1)): [3399, 3279, 1105, 828, 395, 159, 65, 21, 8, 6, 0, 2]
(1, (1, 0, 1), (2, 2)): [3720, 2767, 1040, 712, 334, 118, 55, 19, 9, 3, 1]
(1, (1, 0, 1), (3, 0)): [1079, 729, 363, 275, 155, 73, 27, 9, 1, 2]
(1, (1, 0, 1), (3, 1)): [1282, 1273, 522, 372, 199, 88, 30, 14, 2, 3, 0, 1]
(1, (1, 0, 1), (3, 2)): [1845, 1557, 653, 439, 250, 90, 35, 12, 6, 2, 0, 1]
(1, (1, 1, 0), (0, 0)): [130613, 36382, 24224, 18361, 7580, 3116, 1221, 483, 183, 69, 27, 15, 5, 1]
(1, (1, 1, 0), (0, 1)): [31118, 7776, 5017, 3895, 1666, 686, 240, 109, 44, 15, 8, 4, 1]
(1, (1, 1, 0), (0, 2)): [12583, 2767, 1704, 1316, 559, 222, 64, 35, 12, 1, 2]
(1, (1, 1, 0), (1, 0)): [26635, 8184, 5653, 4354, 1879, 806, 377, 119, 34, 23, 11, 4]
(1, (1, 1, 0), (1, 1)): [24520, 6654, 4509, 3438, 1470, 601, 242, 99, 34, 21, 9, 4, 1]
(1, (1, 1, 0), (1, 2)): [17344, 4063, 2565, 1967, 843, 291, 101, 56, 17, 5, 6, 2, 1]
(1, (1, 1, 0), (2, 0)): [8556, 3015, 2012, 1563, 783, 359, 171, 49, 15, 11, 6, 2]
(1, (1, 1, 0), (2, 1)): [12163, 3656, 2565, 1948, 911, 408, 181, 53, 23, 9, 7, 2]
(1, (1, 1, 0), (2, 2)): [13110, 3372, 2197, 1670, 790, 311, 119, 50, 18, 7, 3, 2, 1]
(1, (1, 1, 0), (3, 0)): [2197, 1097, 729, 469, 305, 142, 68, 24, 3, 6, 1, 2]
(1, (1, 1, 0), (3, 1)): [4436, 1780, 1246, 905, 494, 232, 93, 29, 12, 6, 4, 2]
(1, (1, 1, 0), (3, 2)): [6474, 2116, 1479, 1062, 582, 215, 88, 30, 15, 6, 2, 1]
(1, (1, 1, 1), (0, 0)): [28060, 19439, 12573, 8034, 6280, 2646, 1091, 412, 156, 55, 15, 10, 4, 2]
(1, (1, 1, 1), (0, 1)): [7102, 4382, 2746, 1796, 1385, 562, 239, 86, 39, 11, 3, 1, 0, 1]
(1, (1, 1, 1), (0, 2)): [3356, 1518, 977, 658, 460, 167, 80, 25, 7, 6, 2, 0, 0, 1]
(1, (1, 1, 1), (1, 0)): [5323, 4297, 2740, 1765, 1514, 664, 311, 109, 39, 12, 5, 5, 1]
(1, (1, 1, 1), (1, 1)): [5196, 3605, 2302, 1495, 1169, 490, 238, 85, 36, 7, 3, 3]
(1, (1, 1, 1), (1, 2)): [4164, 2112, 1437, 934, 688, 282, 126, 44, 19, 6, 1, 3, 0, 1]
(1, (1, 1, 1), (2, 0)): [1409, 1442, 954, 598, 559, 265, 121, 44, 14, 6, 2, 2]
(1, (1, 1, 1), (2, 1)): [2263, 1910, 1178, 767, 612, 293, 137, 46, 18, 5, 3, 1]
(1, (1, 1, 1), (2, 2)): [2850, 1734, 1153, 754, 581, 243, 118, 39, 17, 10, 1, 3, 0, 1]
(1, (1, 1, 1), (3, 0)): [239, 442, 334, 202, 176, 88, 44, 19, 4, 3, 0, 1]
(1, (1, 1, 1), (3, 1)): [583, 826, 555, 342, 286, 151, 56, 25, 12, 2, 2, 1]
(1, (1, 1, 1), (3, 2)): [1089, 1030, 677, 454, 352, 174, 80, 29, 12, 4, 2, 1, 0, 1]
(2, (0, 0, 0), (0, 0)): [1092518, 52514, 17324, 5525, 1801, 551, 190, 64, 12, 6, 3]
(2, (0, 0, 0), (0, 1)): [255772, 10586, 3563, 1149, 410, 113, 44, 16, 3]
(2, (0, 0, 0), (0, 2)): [98371, 2871, 998, 317, 120, 26, 3, 7]
(2, (0, 0, 0), (1, 0)): [233130, 13572, 4710, 1446, 511, 144, 53, 17, 7]
(2, (0, 0, 0), (1, 1)): [223764, 10591, 3666, 1135, 412, 127, 50, 12, 5]
(2, (0, 0, 0), (1, 2)): [150500, 5100, 1787, 573, 197, 61, 22, 8, 1]
(2, (0, 0, 0), (2, 0)): [81485, 5387, 2200, 651, 229, 60, 23, 7, 3]
(2, (0, 0, 0), (2, 1)): [122757, 6836, 2632, 755, 276, 76, 29, 10, 5]
(2, (0, 0, 0), (2, 2)): [127814, 5222, 1985, 594, 210, 61, 25, 7, 1]
(2, (0, 0, 0), (3, 0)): [25441, 1800, 1002, 305, 102, 32, 10, 4]
(2, (0, 0, 0), (3, 1)): [51468, 3445, 1664, 526, 160, 45, 13, 7, 3]
(2, (0, 0, 0), (3, 2)): [74107, 3906, 1821, 543, 191, 58, 22, 7, 2]
(2, (0, 0, 1), (0, 0)): [99491, 26932, 6136, 2105, 746, 242, 61, 24, 7, 4, 0, 1]
(2, (0, 0, 1), (0, 1)): [22709, 5279, 1166, 392, 130, 47, 12, 4, 1, 3]
(2, (0, 0, 1), (0, 2)): [9059, 1605, 347, 118, 38, 12, 4, 0, 0, 1]
(2, (0, 0, 1), (1, 0)): [25434, 6822, 1756, 670, 259, 83, 25, 9, 2, 1, 0, 1]
(2, (0, 0, 1), (1, 1)): [21247, 5152, 1174, 447, 157, 56, 10, 5, 1, 2]
(2, (0, 0, 1), (1, 2)): [14541, 2723, 571, 201, 83, 28, 6, 2, 0, 2]
(2, (0, 0, 1), (2, 0)): [11130, 2870, 858, 373, 147, 44, 15, 5, 1, 1, 0, 1]
(2, (0, 0, 1), (2, 1)): [12837, 3253, 869, 350, 124, 35, 9, 5, 0, 2]
(2, (0, 0, 1), (2, 2)): [13333, 2673, 668, 247, 93, 33, 4, 3]
(2, (0, 0, 1), (3, 0)): [5328, 1141, 423, 235, 84, 28, 11, 1, 1, 0, 0, 1]
(2, (0, 0, 1), (3, 1)): [6052, 1540, 488, 255, 83, 25, 9, 3, 0, 1]
(2, (0, 0, 1), (3, 2)): [8508, 1832, 538, 258, 97, 23, 7, 3, 0, 1]
(2, (0, 1, 0), (0, 0)): [265936, 51435, 15333, 5503, 1885, 598, 188, 59, 14, 12, 6]
(2, (0, 1, 0), (0, 1)): [58977, 10123, 2844, 928, 348, 97, 33, 9, 5, 3, 1]
(2, (0, 1, 0), (0, 2)): [23478, 3030, 851, 262, 91, 20, 9, 2, 2, 1]
(2, (0, 1, 0), (1, 0)): [66674, 12971, 4358, 1827, 599, 192, 74, 21, 1, 2]
(2, (0, 1, 0), (1, 1)): [54729, 9824, 2908, 1035, 381, 106, 46, 12, 3, 2, 1]
(2, (0, 1, 0), (1, 2)): [37259, 5165, 1413, 508, 175, 39, 24, 7, 0, 1]
(2, (0, 1, 0), (2, 0)): [29991, 5468, 2112, 1085, 365, 119, 35, 13, 1, 2]
(2, (0, 1, 0), (2, 1)): [32557, 6102, 2044, 784, 288, 80, 25, 5, 2, 2, 1]
(2, (0, 1, 0), (2, 2)): [33489, 5021, 1479, 587, 206, 50, 29, 7, 0, 2]
(2, (0, 1, 0), (3, 0)): [15296, 2293, 1060, 729, 233, 80, 26, 12, 1, 2]
(2, (0, 1, 0), (3, 1)): [15163, 2838, 1128, 572, 199, 61, 18, 5, 2, 1, 1]
(2, (0, 1, 0), (3, 2)): [21080, 3316, 1196, 621, 205, 53, 33, 8, 0, 1]
(2, (0, 1, 1), (0, 0)): [60276, 4553, 11720, 3550, 1430, 465, 146, 39, 13, 3, 3]
(2, (0, 1, 1), (0, 1)): [13891, 820, 2372, 685, 242, 85, 20, 6, 1, 2]
(2, (0, 1, 1), (0, 2)): [5923, 279, 735, 218, 86, 24, 6, 2, 0, 2]
(2, (0, 1, 1), (1, 0)): [16071, 1391, 3063, 1106, 508, 181, 56, 16, 5, 0, 2]
(2, (0, 1, 1), (1, 1)): [12609, 789, 2246, 708, 258, 101, 22, 8, 4, 0, 1]
(2, (0, 1, 1), (1, 2)): [9422, 467, 1266, 372, 149, 48, 7, 2, 1, 2, 1]
(2, (0, 1, 1), (2, 0)): [7756, 785, 1393, 580, 334, 111, 36, 11, 1, 0, 1]
(2, (0, 1, 1), (2, 1)): [7454, 527, 1384, 470, 219, 73, 21, 6, 3, 0, 1]
(2, (0, 1, 1), (2, 2)): [8424, 498, 1185, 399, 161, 63, 9, 3, 3, 1]
(2, (0, 1, 1), (3, 0)): [4495, 537, 708, 341, 226, 84, 24, 10]
(2, (0, 1, 1), (3, 1)): [3512, 304, 643, 251, 147, 47, 17, 7, 1, 0, 1]
(2, (0, 1, 1), (3, 2)): [5315, 394, 823, 302, 152, 64, 10, 6, 4, 1]
(2, (1, 0, 0), (0, 0)): [539379, 37455, 26887, 8535, 2812, 891, 338, 98, 24, 9, 4, 1]
(2, (1, 0, 0), (0, 1)): [119190, 7273, 4997, 1628, 548, 188, 72, 30, 10, 1, 0, 1]
(2, (1, 0, 0), (0, 2)): [45075, 1979, 1302, 462, 145, 40, 20, 9, 4]
(2, (1, 0, 0), (1, 0)): [114067, 9344, 6681, 2276, 809, 226, 101, 26, 8, 2]
(2, (1, 0, 0), (1, 1)): [99241, 6647, 4629, 1562, 536, 171, 67, 22, 7, 1]
(2, (1, 0, 0), (1, 2)): [64798, 3206, 2097, 774, 250, 68, 29, 10, 4]
(2, (1, 0, 0), (2, 0)): [38401, 3626, 2526, 1025, 365, 108, 44, 16, 6, 2]
(2, (1, 0, 0), (2, 1)): [51763, 4011, 2846, 1054, 361, 111, 48, 13, 5]
(2, (1, 0, 0), (2, 2)): [50819, 3097, 1984, 757, 258, 74, 36, 9, 4]
(2, (1, 0, 0), (3, 0)): [11336, 1338, 818, 466, 165, 47, 16, 8, 3, 2]
(2, (1, 0, 0), (3, 1)): [20924, 2112, 1397, 680, 205, 67, 24, 8, 3, 1]
(2, (1, 0, 0), (3, 2)): [26984, 2303, 1422, 666, 215, 72, 27, 13, 1, 1]
(2, (1, 0, 1), (0, 0)): [99292, 21306, 8304, 5665, 1922, 613, 199, 54, 19, 8, 2, 2, 1]
(2, (1, 0, 1), (0, 1)): [22990, 4319, 1618, 1087, 382, 133, 45, 6, 4, 2, 1, 0, 1]
(2, (1, 0, 1), (0, 2)): [9285, 1296, 474, 289, 110, 33, 11, 2, 1, 1]
(2, (1, 0, 1), (1, 0)): [22089, 4715, 2225, 1558, 556, 161, 56, 15, 2, 2, 0, 1]
(2, (1, 0, 1), (1, 1)): [19316, 3759, 1612, 1060, 404, 128, 42, 9, 3, 2, 1, 1, 1]
(2, (1, 0, 1), (1, 2)): [13243, 1969, 826, 494, 199, 66, 24, 3, 3, 1]
(2, (1, 0, 1), (2, 0)): [7972, 1632, 905, 627, 250, 75, 27, 8, 2]
(2, (1, 0, 1), (2, 1)): [10404, 2038, 1003, 632, 292, 89, 26, 8, 0, 1, 0, 1]
(2, (1, 0, 1), (2, 2)): [10397, 1574, 779, 471, 183, 71, 25, 3, 3]
(2, (1, 0, 1), (3, 0)): [2716, 474, 369, 237, 102, 32, 16, 3, 2]
(2, (1, 0, 1), (3, 1)): [4488, 824, 518, 317, 184, 40, 23, 4, 2, 1]
(2, (1, 0, 1), (3, 2)): [5844, 840, 597, 351, 180, 57, 18, 3, 4]
(2, (1, 1, 0), (0, 0)): [218619, 30887, 15684, 11672, 3806, 1193, 430, 140, 40, 19, 5, 3]
(2, (1, 1, 0), (0, 1)): [51414, 6296, 3085, 2294, 702, 224, 83, 31, 5, 4, 2, 1]
(2, (1, 1, 0), (0, 2)): [21265, 1849, 923, 643, 216, 62, 22, 11, 2, 1]
(2, (1, 1, 0), (1, 0)): [46375, 6818, 3940, 2937, 1097, 320, 122, 33, 16, 4, 1, 1]
(2, (1, 1, 0), (1, 1)): [42955, 5636, 2956, 2213, 689, 229, 77, 27, 8, 4, 2, 2]
(2, (1, 1, 0), (1, 2)): [30679, 2919, 1555, 1065, 332, 118, 28, 18, 6, 1, 1, 1]
(2, (1, 1, 0), (2, 0)): [15917, 2362, 1599, 1137, 552, 154, 61, 15, 8, 3]
(2, (1, 1, 0), (2, 1)): [22572, 3083, 1860, 1370, 545, 143, 62, 17, 5, 3]
(2, (1, 1, 0), (2, 2)): [24442, 2534, 1511, 1023, 388, 110, 40, 17, 9, 1, 1, 1]
(2, (1, 1, 0), (3, 0)): [5103, 705, 648, 379, 263, 86, 26, 7, 5, 2]
(2, (1, 1, 0), (3, 1)): [9594, 1307, 1053, 686, 381, 102, 37, 6, 4, 2]
(2, (1, 1, 0), (3, 2)): [13567, 1568, 1229, 765, 393, 93, 36, 13, 6, 1, 1]
(2, (1, 1, 1), (0, 0)): [65571, 8524, 10454, 5160, 4066, 1235, 428, 139, 42, 11, 5, 4]
(2, (1, 1, 1), (0, 1)): [17140, 1656, 2186, 1104, 849, 275, 89, 26, 13, 3, 3]
(2, (1, 1, 1), (0, 2)): [7512, 530, 638, 342, 228, 77, 27, 6, 2, 1, 2]
(2, (1, 1, 1), (1, 0)): [13202, 2696, 2444, 1362, 1081, 345, 115, 42, 13, 4, 0, 2]
(2, (1, 1, 1), (1, 1)): [13535, 1771, 2010, 1086, 820, 267, 83, 27, 12, 3]
(2, (1, 1, 1), (1, 2)): [10478, 930, 1057, 530, 396, 143, 41, 12, 4, 2, 1]
(2, (1, 1, 1), (2, 0)): [3724, 1540, 854, 538, 432, 141, 48, 17, 5, 3, 0, 2]
(2, (1, 1, 1), (2, 1)): [6163, 1461, 1132, 711, 522, 192, 52, 13, 8, 2]
(2, (1, 1, 1), (2, 2)): [7467, 1101, 953, 552, 391, 158, 41, 10, 5, 4, 1]
(2, (1, 1, 1), (3, 0)): [654, 931, 240, 229, 136, 64, 30, 12, 2, 3, 0, 1]
(2, (1, 1, 1), (3, 1)): [1790, 1225, 448, 386, 280, 103, 38, 10, 4, 3, 0, 1]
(2, (1, 1, 1), (3, 2)): [3210, 1246, 580, 485, 300, 133, 42, 10, 4, 3, 1]
