(0, (0, 0, 0)): [22547, 4420, 1835, 868, 340, 145, 54, 22, 7, 2, 0, 0, 1]
(0, (0, 0, 1)): [107, 242, 42, 28, 23, 5, 3, 1, 0, 1]
(0, (0, 1, 0)): [811, 649, 245, 128, 53, 23, 7, 6, 0, 1]
(0, (0, 1, 1)): [70, 104, 93, 58, 26, 12, 4, 2, 0, 1]
(0, (1, 0, 0)): [4627, 1418, 878, 431, 187, 79, 39, 13, 1, 1]
(0, (1, 0, 1)): [122, 328, 115, 73, 42, 14, 13, 1]
(0, (1, 1, 0)): [601, 372, 244, 185, 86, 40, 15, 7, 1]
(0, (1, 1, 1)): [65, 97, 84, 64, 56, 20, 7, 3, 1]
(1, (0, 0, 0)): [18555, 2015, 751, 326, 92, 40, 9, 3, 6, 0, 0, 0, 1]
(1, (0, 0, 1)): [464, 573, 109, 50, 26, 6, 1, 1, 0, 0, 0, 0, 1]
(1, (0, 1, 0)): [2328, 905, 335, 162, 45, 31, 5, 4, 1, 0, 1, 0, 1]
(1, (0, 1, 1)): [389, 267, 231, 76, 41, 13, 8, 0, 1]
(1, (1, 0, 0)): [6560, 1080, 739, 300, 101, 44, 19, 4, 4, 0, 0, 1]
(1, (1, 0, 1)): [529, 525, 165, 127, 48, 19, 5, 4]
(1, (1, 1, 0)): [1739, 505, 333, 247, 79, 37, 15, 2, 4]
(1, (1, 1, 1)): [392, 281, 169, 95, 56, 22, 10, 2, 1]
(2, (0, 0, 0)): [16422, 788, 223, 92, 21, 6, 1, 0, 1]
(2, (0, 0, 1)): [1217, 346, 63, 28, 12, 2]
(2, (0, 1, 0)): [3671, 717, 226, 80, 21, 6, 1, 1]
(2, (0, 1, 1)): [764, 54, 143, 34, 24, 3, 3, 1]
(2, (1, 0, 0)): [7925, 548, 374, 117, 24, 12, 3, 0, 1]
(2, (1, 0, 1)): [1277, 301, 112, 82, 23, 6, 5, 1, 1]
(2, (1, 1, 0)): [3128, 443, 221, 148, 38, 14, 4, 1, 1]
(2, (1, 1, 1)): [880, 112, 123, 57, 57, 14, 10, 1]
