(0, (0, 0, 0)): [13380, 2746, 1303, 561, 286, 123, 43, 22, 9, 1, 2, 2, 2]
(0, (0, 0, 1)): [50, 224, 59, 25, 14, 4, 4, 4, 0, 0, 0, 0, 1]
(0, (0, 1, 0)): [440, 449, 164, 72, 45, 20, 10, 10, 2, 1]
(0, (0, 1, 1)): [39, 77, 101, 50, 24, 13, 8, 4, 0, 0, 1]
(0, (1, 0, 0)): [3071, 1071, 674, 312, 162, 68, 26, 11, 8, 0, 1, 1, 2]
(0, (1, 0, 1)): [71, 227, 103, 56, 40, 20, 10, 4, 2, 0, 1, 1, 1]
(0, (1, 1, 0)): [436, 258, 200, 136, 77, 34, 15, 8, 4, 0, 1]
(0, (1, 1, 1)): [57, 83, 61, 46, 47, 32, 14, 4, 1, 0, 1]
(1, (0, 0, 0)): [10493, 1188, 501, 192, 85, 40, 9, 1, 1, 0, 1, 1]
(1, (0, 0, 1)): [341, 567, 101, 42, 21, 8, 3, 3, 2]
(1, (0, 1, 0)): [1587, 824, 298, 125, 54, 18, 7, 2, 1, 0, 0, 1, 1]
(1, (0, 1, 1)): [262, 231, 226, 84, 48, 19, 7, 2, 3, 0, 1]
(1, (1, 0, 0)): [4377, 895, 514, 212, 94, 43, 15, 3, 1, 0, 1, 2, 1]
(1, (1, 0, 1)): [381, 470, 155, 93, 53, 19, 6, 2, 2, 3, 2, 1]
(1, (1, 1, 0)): [1091, 342, 253, 165, 70, 32, 10, 3, 1, 1, 1, 2]
(1, (1, 1, 1)): [237, 155, 118, 74, 60, 16, 7, 3, 0, 0, 1]
(2, (0, 0, 0)): [8909, 371, 127, 34, 16, 8]
(2, (0, 0, 1)): [1202, 399, 63, 20, 5, 4, 2]
(2, (0, 1, 0)): [2413, 580, 140, 55, 18, 5, 1, 2]
(2, (0, 1, 1)): [663, 52, 154, 40, 12, 8, 2]
(2, (1, 0, 0)): [5332, 456, 245, 76, 31, 14, 3]
(2, (1, 0, 1)): [1059, 260, 120, 61, 26, 9, 2]
(2, (1, 1, 0)): [1768, 285, 169, 103, 33, 14, 1, 0, 1, 1]
(2, (1, 1, 1)): [547, 68, 100, 50, 31, 12, 4, 1, 1]
