(0, (0, 0, 0)): [898552, 179482, 83711, 38259, 17132, 7446, 3080, 1293, 524, 241, 100, 52, 24, 7, 3, 1, 0, 1]
(0, (0, 0, 1)): [3739, 11337, 3054, 1479, 733, 318, 136, 70, 30, 17, 4, 1, 2, 1]
(0, (0, 1, 0)): [29866, 27861, 10969, 5218, 2550, 1129, 466, 207, 86, 48, 14, 5, 3, 1, 1]
(0, (0, 1, 1)): [2657, 4447, 5467, 2535, 1382, 622, 279, 134, 61, 28, 9, 6, 1, 2, 1, 0, 0, 1]
(0, (1, 0, 0)): [194488, 64309, 41284, 20446, 9792, 4461, 1891, 820, 341, 157, 70, 33, 15, 4, 2, 1, 0, 1]
(0, (1, 0, 1)): [4542, 14157, 5702, 3968, 2119, 977, 483, 199, 92, 43, 20, 11, 5, 1, 1, 0, 0, 1]
(0, (1, 1, 0)): [26536, 16932, 12975, 9293, 4943, 2369, 1037, 498, 197, 88, 41, 20, 6, 1]
(0, (1, 1, 1)): [2665, 4967, 4101, 3137, 2485, 1252, 603, 299, 126, 54, 29, 11, 2, 1, 1]
(1, (0, 0, 0)): [723701, 78943, 32591, 12994, 5089, 1933, 756, 290, 114, 44, 20, 13, 6, 2, 0, 1]
(1, (0, 0, 1)): [19476, 28267, 5579, 2357, 992, 427, 155, 67, 32, 8, 6, 4, 3, 1]
(1, (0, 1, 0)): [95204, 43482, 15623, 6594, 2702, 1068, 362, 181, 45, 29, 17, 7, 6, 1, 1]
(1, (0, 1, 1)): [16068, 12945, 12043, 4781, 2497, 981, 403, 160, 79, 18, 7, 5, 1, 2, 0, 1]
(1, (1, 0, 0)): [282424, 50145, 32210, 13855, 5607, 2236, 892, 320, 147, 61, 24, 17, 4, 2, 0, 2]
(1, (1, 0, 1)): [22356, 26824, 8631, 5703, 2452, 1032, 391, 161, 56, 41, 12, 4, 0, 1]
(1, (1, 1, 0)): [76821, 23993, 16354, 11494, 4894, 2079, 812, 327, 129, 54, 20, 11, 6, 4, 1]
(1, (1, 1, 1)): [16035, 12600, 8148, 5404, 3922, 1683, 689, 256, 107, 39, 16, 13, 6, 2, 1, 1]
(2, (0, 0, 0)): [625315, 28261, 9609, 3075, 1055, 347, 125, 38, 8, 3, 3, 0, 1]
(2, (0, 0, 1)): [57103, 17897, 3523, 1207, 437, 156, 43, 12, 3, 2, 0, 1]
(2, (0, 1, 0)): [152288, 33476, 8842, 3114, 1031, 347, 104, 26, 7, 4, 4, 0, 1]
(2, (0, 1, 1)): [35762, 3109, 8044, 2162, 856, 275, 105, 36, 15, 4, 3, 1, 0, 1]
(2, (1, 0, 0)): [344206, 25057, 16111, 5135, 1686, 534, 219, 57, 16, 8, 4, 0, 1]
(2, (1, 0, 1)): [57128, 14144, 5656, 3365, 1085, 369, 139, 43, 19, 6, 0, 2, 1]
(2, (1, 1, 0)): [133731, 20946, 10559, 6989, 2263, 761, 233, 76, 32, 13, 5, 1, 2, 1]
(2, (1, 1, 1)): [38951, 5746, 6546, 3291, 2358, 772, 250, 87, 36, 5, 4, 0, 1, 1]
