(0, (0, 0, 0)): [11526, 2090, 833, 328, 140, 52, 13, 4, 2, 2]
(0, (0, 0, 1)): [66, 209, 56, 19, 5, 3, 2]
(0, (0, 1, 0)): [332, 315, 123, 37, 18, 6, 2]
(0, (0, 1, 1)): [41, 54, 57, 25, 10, 0, 2]
(0, (1, 0, 0)): [2574, 882, 417, 185, 77, 33, 8, 3, 1, 2]
(0, (1, 0, 1)): [58, 132, 59, 37, 17, 4, 3, 1, 1]
(0, (1, 1, 0)): [333, 201, 132, 78, 37, 21, 4, 1, 0, 2]
(0, (1, 1, 1)): [42, 70, 42, 34, 26, 13, 3, 3, 2, 2]
(1, (0, 0, 0)): [9108, 832, 301, 107, 43, 13, 1, 1, 1]
(1, (0, 0, 1)): [347, 477, 103, 28, 11, 6, 2]
(1, (0, 1, 0)): [1425, 660, 189, 63, 23, 6, 3, 1]
(1, (0, 1, 1)): [235, 196, 179, 59, 22, 8, 2]
(1, (1, 0, 0)): [3458, 638, 306, 117, 42, 18, 1, 1]
(1, (1, 0, 1)): [218, 321, 126, 60, 23, 6, 1]
(1, (1, 1, 0)): [873, 266, 147, 86, 39, 10, 3]
(1, (1, 1, 1)): [160, 135, 79, 55, 30, 9, 4, 1]
(2, (0, 0, 0)): [7883, 273, 68, 16, 8, 4, 0, 1, 1]
(2, (0, 0, 1)): [1004, 307, 38, 10, 1, 2]
(2, (0, 1, 0)): [2300, 487, 97, 26, 9, 7, 0, 1]
(2, (0, 1, 1)): [625, 48, 104, 27, 12, 1, 1]
(2, (1, 0, 0)): [4167, 287, 115, 30, 18, 6, 2, 1, 1]
(2, (1, 0, 1)): [612, 162, 74, 24, 12, 4]
(2, (1, 1, 0)): [1226, 185, 92, 44, 17, 4, 1, 2, 1]
(2, (1, 1, 1)): [387, 62, 53, 23, 21, 6]
