(0, (0, 0, 0)): [1479291, 296997, 136382, 62309, 27814, 11871, 4935, 1937, 770, 317, 147, 73, 17, 15, 3, 0, 1]
(0, (0, 0, 1)): [5189, 14896, 4032, 2032, 949, 411, 175, 53, 24, 15, 13, 2, 1, 2]
(0, (0, 1, 0)): [58423, 51988, 20687, 10443, 4840, 2083, 920, 367, 148, 72, 26, 12, 5, 5, 2, 0, 1]
(0, (0, 1, 1)): [4601, 7497, 8707, 4116, 2141, 1056, 448, 184, 92, 45, 13, 8, 3, 2, 1, 0, 1]
(0, (1, 0, 0)): [304516, 95883, 63980, 31803, 15187, 6828, 2805, 1183, 488, 202, 100, 40, 11, 13, 2, 0, 1]
(0, (1, 0, 1)): [7736, 21130, 8513, 6233, 3231, 1516, 695, 273, 138, 53, 34, 9, 5, 3, 1]
(0, (1, 1, 0)): [44882, 26449, 19255, 14381, 7528, 3572, 1493, 659, 279, 128, 57, 24, 6, 5, 1, 0, 1]
(0, (1, 1, 1)): [4772, 7619, 6357, 4420, 3705, 1898, 854, 387, 195, 86, 36, 13, 5, 3, 0, 0, 1]
(1, (0, 0, 0)): [1217929, 134963, 55178, 21885, 8553, 3218, 1280, 423, 143, 59, 21, 13, 2, 1]
(1, (0, 0, 1)): [32316, 43550, 8765, 3942, 1548, 652, 238, 69, 38, 13, 8, 4, 1, 1]
(1, (0, 1, 0)): [165057, 65686, 25375, 11191, 4523, 1793, 619, 267, 80, 34, 20, 3, 4]
(1, (0, 1, 1)): [25020, 19929, 16458, 6818, 3622, 1396, 572, 226, 83, 32, 8, 4, 1]
(1, (1, 0, 0)): [439944, 73723, 50647, 21431, 8836, 3447, 1398, 491, 171, 71, 26, 16, 2, 1]
(1, (1, 0, 1)): [37670, 38552, 12281, 8686, 3791, 1520, 633, 234, 73, 35, 9, 4, 2]
(1, (1, 1, 0)): [127675, 35627, 23708, 17959, 7428, 3048, 1194, 475, 177, 66, 25, 15, 4, 1]
(1, (1, 1, 1)): [27390, 19034, 12315, 7871, 6153, 2589, 1063, 404, 150, 54, 15, 10, 4, 2]
(2, (0, 0, 0)): [1068016, 51337, 16952, 5398, 1756, 545, 184, 63, 12, 6, 3]
(2, (0, 0, 1)): [97154, 26397, 6024, 2063, 731, 240, 60, 24, 7, 4, 0, 1]
(2, (0, 1, 0)): [259805, 50315, 15007, 5369, 1855, 589, 180, 59, 14, 11, 6]
(2, (0, 1, 1)): [58811, 4451, 11469, 3478, 1391, 459, 140, 39, 12, 2, 3]
(2, (1, 0, 0)): [527674, 36640, 26302, 8347, 2757, 876, 329, 96, 24, 9, 4, 1]
(2, (1, 0, 1)): [97141, 20878, 8114, 5533, 1890, 599, 197, 54, 18, 7, 2, 2, 1]
(2, (1, 1, 0)): [214004, 30280, 15367, 11423, 3736, 1171, 420, 138, 39, 18, 5, 3]
(2, (1, 1, 1)): [64137, 8341, 10230, 5054, 3982, 1205, 418, 135, 39, 9, 5, 4]
