(0, (0, 0, 0), (0, 0)): [16660, 3238, 1503, 675, 289, 137, 46, 18, 9, 1]
(0, (0, 0, 0), (0, 1)): [880, 157, 78, 36, 10, 9, 4, 1]
(0, (0, 0, 0), (0, 2)): [321, 56, 27, 10, 2, 3, 1]
(0, (0, 0, 0), (1, 0)): [854, 176, 87, 43, 19, 11, 5, 3]
(0, (0, 0, 0), (1, 1)): [803, 138, 60, 36, 10, 7, 3, 2]
(0, (0, 0, 0), (1, 2)): [517, 86, 34, 19, 4, 6, 1]
(0, (0, 0, 0), (2, 0)): [272, 74, 42, 15, 9, 8, 2, 2]
(0, (0, 0, 0), (2, 1)): [424, 93, 56, 19, 14, 6, 3, 2]
(0, (0, 0, 0), (2, 2)): [415, 70, 47, 17, 8, 4, 2]
(0, (0, 0, 0), (3, 0)): [89, 23, 15, 8, 2, 3, 1, 1]
(0, (0, 0, 0), (3, 1)): [172, 42, 30, 15, 5, 6, 0, 2]
(0, (0, 0, 0), (3, 2)): [225, 47, 31, 8, 8, 5, 1]
(0, (0, 0, 1), (0, 0)): [63, 162, 33, 22, 5, 11, 0, 3, 1]
(0, (0, 0, 1), (0, 1)): [5, 11, 4, 2]
(0, (0, 0, 1), (0, 2)): [2, 4, 1, 1]
(0, (0, 0, 1), (1, 0)): [4, 12, 1, 2, 1, 0, 0, 1]
(0, (0, 0, 1), (1, 1)): [3, 8, 2, 0, 1]
(0, (0, 0, 1), (1, 2)): [3, 6, 1, 1]
(0, (0, 0, 1), (2, 0)): [2, 7, 0, 2]
(0, (0, 0, 1), (2, 1)): [1, 6, 1, 1, 1]
(0, (0, 0, 1), (2, 2)): [2, 4, 2]
(0, (0, 0, 1), (3, 0)): [0, 1]
(0, (0, 0, 1), (3, 1)): [0, 4, 0, 1, 1]
(0, (0, 0, 1), (3, 2)): [0, 2]
(0, (0, 1, 0), (0, 0)): [524, 457, 162, 94, 48, 10, 1, 1]
(0, (0, 1, 0), (0, 1)): [27, 16, 7, 2, 2]
(0, (0, 1, 0), (0, 2)): [10, 5, 3]
(0, (0, 1, 0), (1, 0)): [29, 19, 12, 9, 1]
(0, (0, 1, 0), (1, 1)): [18, 14, 7, 1, 2]
(0, (0, 1, 0), (1, 2)): [11, 9, 6, 0, 1]
(0, (0, 1, 0), (2, 0)): [13, 7, 5, 5]
(0, (0, 1, 0), (2, 1)): [17, 12, 3, 2, 1]
(0, (0, 1, 0), (2, 2)): [14, 11, 2, 2, 1]
(0, (0, 1, 0), (3, 0)): [5, 2, 3, 3]
(0, (0, 1, 0), (3, 1)): [4, 5, 3, 2, 1]
(0, (0, 1, 0), (3, 2)): [8, 9, 3, 1, 1]
(0, (0, 1, 1), (0, 0)): [53, 85, 71, 41, 29, 10, 2, 1, 1]
(0, (0, 1, 1), (0, 1)): [1, 4, 5, 4, 1]
(0, (0, 1, 1), (0, 2)): [1, 2, 1, 1]
(0, (0, 1, 1), (1, 0)): [3, 3, 12, 2, 4, 0, 0, 1, 1]
(0, (0, 1, 1), (1, 1)): [2, 4, 8, 4, 2, 0, 0, 1, 1]
(0, (0, 1, 1), (1, 2)): [2, 5, 3, 3, 1, 0, 0, 0, 1]
(0, (0, 1, 1), (2, 0)): [1, 0, 6, 0, 2]
(0, (0, 1, 1), (2, 1)): [1, 1, 7, 1]
(0, (0, 1, 1), (2, 2)): [2, 4, 3, 1, 1, 0, 0, 0, 1]
(0, (0, 1, 1), (3, 0)): [0, 0, 2, 0, 1]
(0, (0, 1, 1), (3, 1)): [0, 0, 1]
(0, (0, 1, 1), (3, 2)): [0, 2, 1, 1, 1, 0, 0, 0, 1]
(0, (1, 0, 0), (0, 0)): [3580, 1052, 715, 338, 159, 79, 30, 11, 7, 1]
(0, (1, 0, 0), (0, 1)): [188, 47, 36, 12, 6, 6, 4, 1]
(0, (1, 0, 0), (0, 2)): [58, 16, 15, 3, 1, 1, 2]
(0, (1, 0, 0), (1, 0)): [169, 52, 56, 13, 10, 5, 3, 0, 1]
(0, (1, 0, 0), (1, 1)): [146, 35, 40, 11, 5, 3, 4, 1]
(0, (1, 0, 0), (1, 2)): [84, 29, 23, 6, 4, 1, 2, 1]
(0, (1, 0, 0), (2, 0)): [60, 18, 17, 5, 1, 2, 0, 0, 1]
(0, (1, 0, 0), (2, 1)): [71, 12, 24, 4, 0, 3, 3, 0, 1]
(0, (1, 0, 0), (2, 2)): [77, 19, 14, 3, 3, 2, 3]
(0, (1, 0, 0), (3, 0)): [14, 9, 7, 2]
(0, (1, 0, 0), (3, 1)): [17, 11, 14, 3, 0, 0, 0, 0, 1]
(0, (1, 0, 0), (3, 2)): [32, 17, 13, 3, 3, 0, 1, 0, 1]
(0, (1, 0, 1), (0, 0)): [69, 247, 90, 52, 30, 12, 4, 1]
(0, (1, 0, 1), (0, 1)): [4, 11, 5, 3, 1]
(0, (1, 0, 1), (0, 2)): [0, 5, 1]
(0, (1, 0, 1), (1, 0)): [4, 16, 4, 2, 1, 2, 1]
(0, (1, 0, 1), (1, 1)): [6, 12, 2, 3, 1, 0, 1]
(0, (1, 0, 1), (1, 2)): [4, 7, 2, 0, 0, 0, 1]
(0, (1, 0, 1), (2, 0)): [1, 5, 2, 0, 1, 2]
(0, (1, 0, 1), (2, 1)): [2, 9, 0, 2, 0, 1]
(0, (1, 0, 1), (2, 2)): [2, 7, 0, 1]
(0, (1, 0, 1), (3, 0)): [0, 2, 2, 0, 1, 1]
(0, (1, 0, 1), (3, 1)): [0, 6, 1, 1, 1]
(0, (1, 0, 1), (3, 2)): [0, 2, 1, 1]
(0, (1, 1, 0), (0, 0)): [530, 274, 187, 147, 74, 40, 16, 5, 3, 1]
(0, (1, 1, 0), (0, 1)): [24, 13, 6, 5, 1, 1, 1]
(0, (1, 1, 0), (0, 2)): [10, 7, 0, 2, 0, 1]
(0, (1, 1, 0), (1, 0)): [29, 17, 19, 8, 4, 2, 1]
(0, (1, 1, 0), (1, 1)): [23, 12, 15, 4, 2, 1, 1]
(0, (1, 1, 0), (1, 2)): [18, 5, 6, 2, 0, 2]
(0, (1, 1, 0), (2, 0)): [9, 5, 3, 2, 1, 1]
(0, (1, 1, 0), (2, 1)): [11, 5, 5, 3, 1, 0, 1]
(0, (1, 1, 0), (2, 2)): [12, 4, 1, 0, 1, 1]
(0, (1, 1, 0), (3, 0)): [2, 1, 1, 0, 1, 1]
(0, (1, 1, 0), (3, 1)): [4, 3, 3, 2, 1, 0, 1]
(0, (1, 1, 0), (3, 2)): [7, 1, 2, 2, 1]
(0, (1, 1, 1), (0, 0)): [61, 90, 55, 44, 41, 25, 7, 4, 3, 1]
(0, (1, 1, 1), (0, 1)): [2, 9, 7, 1, 4, 2, 0, 0, 1]
(0, (1, 1, 1), (0, 2)): [1, 5, 2, 0, 1, 0, 0, 0, 1]
(0, (1, 1, 1), (1, 0)): [1, 6, 4, 1, 3, 2, 1]
(0, (1, 1, 1), (1, 1)): [2, 6, 7, 0, 2, 2, 1]
(0, (1, 1, 1), (1, 2)): [1, 5, 3, 0, 1, 2, 0, 0, 1]
(0, (1, 1, 1), (2, 0)): [0, 2, 1, 1, 2, 1]
(0, (1, 1, 1), (2, 1)): [1, 2, 2, 1, 2, 1]
(0, (1, 1, 1), (2, 2)): [0, 0, 4, 1, 1, 2]
(0, (1, 1, 1), (3, 0)): [0, 0, 1, 0, 1]
(0, (1, 1, 1), (3, 1)): [0, 2, 1, 0, 0, 1]
(0, (1, 1, 1), (3, 2)): [0, 1, 2, 1, 0, 2]
(1, (0, 0, 0), (0, 0)): [13585, 1436, 627, 251, 97, 37, 12, 3, 1]
(1, (0, 0, 0), (0, 1)): [750, 69, 24, 14, 1, 1]
(1, (0, 0, 0), (0, 2)): [291, 20, 6, 3]
(1, (0, 0, 0), (1, 0)): [693, 101, 46, 16, 7, 4, 1, 1]
(1, (0, 0, 0), (1, 1)): [671, 74, 29, 11, 5, 3]
(1, (0, 0, 0), (1, 2)): [419, 26, 13, 10, 2, 2]
(1, (0, 0, 0), (2, 0)): [227, 36, 19, 10, 3, 2, 1, 1]
(1, (0, 0, 0), (2, 1)): [369, 56, 19, 8, 3, 1, 0, 1]
(1, (0, 0, 0), (2, 2)): [344, 31, 15, 9, 1, 3]
(1, (0, 0, 0), (3, 0)): [69, 10, 10, 3, 2, 1, 1]
(1, (0, 0, 0), (3, 1)): [148, 27, 10, 7, 4, 1, 0, 1]
(1, (0, 0, 0), (3, 2)): [215, 25, 14, 5, 2, 2, 0, 1]
(1, (0, 0, 1), (0, 0)): [327, 414, 62, 33, 14, 3, 0, 0, 1]
(1, (0, 0, 1), (0, 1)): [23, 18, 1, 5, 2]
(1, (0, 0, 1), (0, 2)): [8, 9, 0, 2]
(1, (0, 0, 1), (1, 0)): [19, 19, 2, 5, 1]
(1, (0, 0, 1), (1, 1)): [22, 13, 2, 4, 3]
(1, (0, 0, 1), (1, 2)): [20, 13, 1, 2, 1]
(1, (0, 0, 1), (2, 0)): [7, 6, 0, 3]
(1, (0, 0, 1), (2, 1)): [10, 7, 1, 3, 2]
(1, (0, 0, 1), (2, 2)): [14, 8, 2, 1, 1]
(1, (0, 0, 1), (3, 0)): [2, 0, 0, 2]
(1, (0, 0, 1), (3, 1)): [2, 2, 0, 2]
(1, (0, 0, 1), (3, 2)): [6, 2, 0, 0, 1]
(1, (0, 1, 0), (0, 0)): [1610, 631, 250, 114, 42, 18, 1, 1]
(1, (0, 1, 0), (0, 1)): [76, 28, 10, 3]
(1, (0, 1, 0), (0, 2)): [35, 11, 3, 1]
(1, (0, 1, 0), (1, 0)): [94, 39, 15, 12, 3, 2]
(1, (0, 1, 0), (1, 1)): [71, 24, 16, 4, 0, 1]
(1, (0, 1, 0), (1, 2)): [44, 14, 7, 1]
(1, (0, 1, 0), (2, 0)): [29, 14, 2, 6, 2, 1]
(1, (0, 1, 0), (2, 1)): [31, 10, 4, 2, 1, 2]
(1, (0, 1, 0), (2, 2)): [29, 10, 7, 0, 1]
(1, (0, 1, 0), (3, 0)): [19, 6, 1, 6, 1]
(1, (0, 1, 0), (3, 1)): [12, 5, 0, 3, 0, 2]
(1, (0, 1, 0), (3, 2)): [15, 5, 3, 1, 1]
(1, (0, 1, 1), (0, 0)): [271, 192, 164, 69, 45, 14, 6, 6, 1]
(1, (0, 1, 1), (0, 1)): [9, 7, 7, 3, 2, 1]
(1, (0, 1, 1), (0, 2)): [3, 1, 4, 1, 2]
(1, (0, 1, 1), (1, 0)): [25, 10, 15, 8, 3, 2, 3, 2]
(1, (0, 1, 1), (1, 1)): [10, 6, 9, 3, 1, 1]
(1, (0, 1, 1), (1, 2)): [3, 3, 5, 2, 2]
(1, (0, 1, 1), (2, 0)): [16, 5, 8, 7, 2, 2, 3, 2]
(1, (0, 1, 1), (2, 1)): [10, 3, 3, 2, 1]
(1, (0, 1, 1), (2, 2)): [6, 2, 4, 2, 2]
(1, (0, 1, 1), (3, 0)): [12, 3, 7, 6, 2, 2, 3, 2]
(1, (0, 1, 1), (3, 1)): [2, 4]
(1, (0, 1, 1), (3, 2)): [4, 3, 1, 1, 1]
(1, (1, 0, 0), (0, 0)): [5151, 781, 609, 270, 94, 35, 16, 9, 4]
(1, (1, 0, 0), (0, 1)): [276, 25, 32, 9, 4, 2, 1, 1]
(1, (1, 0, 0), (0, 2)): [105, 8, 12, 0, 3, 1]
(1, (1, 0, 0), (1, 0)): [275, 43, 25, 24, 5, 4, 3, 1]
(1, (1, 0, 0), (1, 1)): [236, 18, 21, 15, 2, 3, 1, 2]
(1, (1, 0, 0), (1, 2)): [159, 13, 16, 6, 3, 1, 0, 1]
(1, (1, 0, 0), (2, 0)): [101, 18, 15, 9, 3, 2, 2]
(1, (1, 0, 0), (2, 1)): [124, 13, 13, 9, 2, 2, 2, 1]
(1, (1, 0, 0), (2, 2)): [107, 9, 11, 6, 2, 1, 2, 1]
(1, (1, 0, 0), (3, 0)): [35, 7, 3, 2, 1, 1, 1]
(1, (1, 0, 0), (3, 1)): [53, 9, 5, 6, 1, 3, 1]
(1, (1, 0, 0), (3, 2)): [63, 7, 5, 7, 2, 1, 2]
(1, (1, 0, 1), (0, 0)): [398, 410, 120, 88, 30, 10, 5, 2, 1]
(1, (1, 0, 1), (0, 1)): [26, 18, 6, 7, 3, 0, 2]
(1, (1, 0, 1), (0, 2)): [17, 6, 1, 2, 1, 0, 2]
(1, (1, 0, 1), (1, 0)): [26, 22, 4, 4, 3]
(1, (1, 0, 1), (1, 1)): [15, 15, 4, 5, 2]
(1, (1, 0, 1), (1, 2)): [12, 7, 0, 4, 1, 0, 1]
(1, (1, 0, 1), (2, 0)): [9, 5, 2, 1, 1]
(1, (1, 0, 1), (2, 1)): [11, 9, 5, 1, 1]
(1, (1, 0, 1), (2, 2)): [10, 9, 1, 2, 1]
(1, (1, 0, 1), (3, 0)): [4, 2, 0, 1, 1]
(1, (1, 0, 1), (3, 1)): [5, 4, 2, 2, 2]
(1, (1, 0, 1), (3, 2)): [9, 5, 1, 1]
(1, (1, 1, 0), (0, 0)): [1455, 392, 280, 211, 83, 34, 13, 7, 2]
(1, (1, 1, 0), (0, 1)): [66, 18, 12, 8, 3, 4, 2]
(1, (1, 1, 0), (0, 2)): [26, 8, 8, 4, 1, 1, 1]
(1, (1, 1, 0), (1, 0)): [73, 24, 14, 16, 7, 2, 0, 2]
(1, (1, 1, 0), (1, 1)): [51, 15, 10, 11, 3, 3, 1, 1]
(1, (1, 1, 0), (1, 2)): [39, 5, 10, 6, 2, 1, 2]
(1, (1, 1, 0), (2, 0)): [25, 9, 3, 5, 1, 1]
(1, (1, 1, 0), (2, 1)): [27, 17, 8, 4, 1, 1, 0, 1]
(1, (1, 1, 0), (2, 2)): [32, 7, 4, 3, 3]
(1, (1, 1, 0), (3, 0)): [4, 1, 1, 1, 1]
(1, (1, 1, 0), (3, 1)): [9, 8, 4, 2, 1, 1]
(1, (1, 1, 0), (3, 2)): [22, 4, 3, 2, 2]
(1, (1, 1, 1), (0, 0)): [341, 197, 149, 91, 62, 25, 11, 8, 1, 1]
(1, (1, 1, 1), (0, 1)): [17, 11, 8, 3, 2, 1, 3]
(1, (1, 1, 1), (0, 2)): [10, 5, 6, 2, 1, 1, 1]
(1, (1, 1, 1), (1, 0)): [21, 15, 9, 10, 3, 1, 1]
(1, (1, 1, 1), (1, 1)): [12, 9, 5, 5, 2, 1, 2]
(1, (1, 1, 1), (1, 2)): [14, 3, 3, 3, 1, 2]
(1, (1, 1, 1), (2, 0)): [8, 7, 5, 5, 2]
(1, (1, 1, 1), (2, 1)): [6, 9, 4, 4, 1, 0, 2]
(1, (1, 1, 1), (2, 2)): [8, 4, 3, 5]
(1, (1, 1, 1), (3, 0)): [2, 2, 3, 2, 1]
(1, (1, 1, 1), (3, 1)): [2, 7, 1, 1]
(1, (1, 1, 1), (3, 2)): [5, 4, 0, 3]
(2, (0, 0, 0), (0, 0)): [11854, 554, 189, 60, 22, 9, 2]
(2, (0, 0, 0), (0, 1)): [625, 25, 12, 2, 1]
(2, (0, 0, 0), (0, 2)): [237, 10, 4, 1]
(2, (0, 0, 0), (1, 0)): [631, 30, 16, 3, 2]
(2, (0, 0, 0), (1, 1)): [552, 24, 12, 2, 1]
(2, (0, 0, 0), (1, 2)): [364, 13, 7, 1]
(2, (0, 0, 0), (2, 0)): [211, 9, 8, 1, 1]
(2, (0, 0, 0), (2, 1)): [321, 17, 7, 3]
(2, (0, 0, 0), (2, 2)): [299, 12, 7, 2]
(2, (0, 0, 0), (3, 0)): [63, 3, 6, 0, 1]
(2, (0, 0, 0), (3, 1)): [149, 10, 4, 0, 1]
(2, (0, 0, 0), (3, 2)): [183, 10, 5]
(2, (0, 0, 1), (0, 0)): [901, 261, 53, 18, 2, 3]
(2, (0, 0, 1), (0, 1)): [49, 12, 0, 1]
(2, (0, 0, 1), (0, 2)): [19, 1, 0, 1]
(2, (0, 0, 1), (1, 0)): [64, 14, 2, 2]
(2, (0, 0, 1), (1, 1)): [46, 12, 1]
(2, (0, 0, 1), (1, 2)): [26, 4, 0, 1]
(2, (0, 0, 1), (2, 0)): [24, 6, 1, 2]
(2, (0, 0, 1), (2, 1)): [29, 6, 0, 1]
(2, (0, 0, 1), (2, 2)): [25, 4, 0, 1]
(2, (0, 0, 1), (3, 0)): [8, 2, 1, 1]
(2, (0, 0, 1), (3, 1)): [12, 1, 0, 1]
(2, (0, 0, 1), (3, 2)): [12, 2, 0, 1]
(2, (0, 1, 0), (0, 0)): [2619, 485, 148, 57, 22, 5, 1]
(2, (0, 1, 0), (0, 1)): [129, 20, 2, 4, 1]
(2, (0, 1, 0), (0, 2)): [50, 7, 1, 1, 1]
(2, (0, 1, 0), (1, 0)): [155, 27, 7, 4, 1, 0, 1]
(2, (0, 1, 0), (1, 1)): [122, 20, 3, 3, 1]
(2, (0, 1, 0), (1, 2)): [80, 9, 2, 2]
(2, (0, 1, 0), (2, 0)): [70, 10, 3, 3, 0, 0, 1]
(2, (0, 1, 0), (2, 1)): [78, 20, 1, 2]
(2, (0, 1, 0), (2, 2)): [70, 8, 1, 3]
(2, (0, 1, 0), (3, 0)): [35, 3, 1, 3, 0, 0, 1]
(2, (0, 1, 0), (3, 1)): [33, 7, 0, 1]
(2, (0, 1, 0), (3, 2)): [47, 7, 1, 2]
(2, (0, 1, 1), (0, 0)): [576, 46, 117, 34, 12, 4, 3]
(2, (0, 1, 1), (0, 1)): [20, 4, 5, 0, 0, 1]
(2, (0, 1, 1), (0, 2)): [7, 2, 4]
(2, (0, 1, 1), (1, 0)): [34, 4, 11, 3, 2]
(2, (0, 1, 1), (1, 1)): [26, 1, 2, 1, 0, 1]
(2, (0, 1, 1), (1, 2)): [16, 1, 3]
(2, (0, 1, 1), (2, 0)): [16, 2, 5, 2, 2]
(2, (0, 1, 1), (2, 1)): [15, 1, 3, 0, 0, 1]
(2, (0, 1, 1), (2, 2)): [17, 2, 4, 0, 0, 1]
(2, (0, 1, 1), (3, 0)): [8, 2, 3, 1, 2]
(2, (0, 1, 1), (3, 1)): [9, 0, 1, 1, 2]
(2, (0, 1, 1), (3, 2)): [10, 1, 3, 0, 1, 1]
(2, (1, 0, 0), (0, 0)): [6153, 382, 314, 93, 31, 13, 3, 2]
(2, (1, 0, 0), (0, 1)): [351, 14, 15, 5]
(2, (1, 0, 0), (0, 2)): [121, 5, 7, 2]
(2, (1, 0, 0), (1, 0)): [334, 19, 19, 2, 2, 0, 1]
(2, (1, 0, 0), (1, 1)): [279, 13, 15, 3, 1]
(2, (1, 0, 0), (1, 2)): [194, 7, 7, 3, 1]
(2, (1, 0, 0), (2, 0)): [108, 6, 0, 1, 1, 0, 1]
(2, (1, 0, 0), (2, 1)): [128, 4, 4, 1, 1]
(2, (1, 0, 0), (2, 2)): [146, 4, 5, 3, 1]
(2, (1, 0, 0), (3, 0)): [40, 2, 0, 1]
(2, (1, 0, 0), (3, 1)): [60, 2, 0, 1]
(2, (1, 0, 0), (3, 2)): [81, 3, 1, 2]
(2, (1, 0, 1), (0, 0)): [932, 213, 77, 55, 21, 5, 1]
(2, (1, 0, 1), (0, 1)): [50, 9, 7, 2, 0, 0, 1]
(2, (1, 0, 1), (0, 2)): [15, 3, 1, 1]
(2, (1, 0, 1), (1, 0)): [34, 10, 2, 6, 2]
(2, (1, 0, 1), (1, 1)): [37, 8, 5, 5, 0, 0, 1]
(2, (1, 0, 1), (1, 2)): [18, 2, 3, 3, 0, 0, 1]
(2, (1, 0, 1), (2, 0)): [5, 1, 1, 1, 2]
(2, (1, 0, 1), (2, 1)): [21, 2, 1, 2]
(2, (1, 0, 1), (2, 2)): [16, 1, 2, 1, 0, 0, 1]
(2, (1, 0, 1), (3, 0)): [1, 0, 0, 1, 2]
(2, (1, 0, 1), (3, 1)): [9, 0, 0, 1, 1]
(2, (1, 0, 1), (3, 2)): [12, 1, 1, 1, 1]
(2, (1, 1, 0), (0, 0)): [2431, 346, 173, 139, 48, 16, 3, 2]
(2, (1, 1, 0), (0, 1)): [131, 16, 4, 5]
(2, (1, 1, 0), (0, 2)): [50, 8, 0, 3]
(2, (1, 1, 0), (1, 0)): [131, 12, 9, 8, 0, 0, 1]
(2, (1, 1, 0), (1, 1)): [116, 7, 6, 5]
(2, (1, 1, 0), (1, 2)): [70, 4, 3, 3]
(2, (1, 1, 0), (2, 0)): [43, 5, 4, 2, 0, 0, 1]
(2, (1, 1, 0), (2, 1)): [69, 5, 4, 4, 0, 0, 1]
(2, (1, 1, 0), (2, 2)): [59, 1, 4, 4, 0, 0, 1]
(2, (1, 1, 0), (3, 0)): [20, 1, 2]
(2, (1, 1, 0), (3, 1)): [29, 2, 3]
(2, (1, 1, 0), (3, 2)): [22, 1, 2, 0, 0, 0, 1]
(2, (1, 1, 1), (0, 0)): [714, 90, 112, 55, 38, 10, 3, 1]
(2, (1, 1, 1), (0, 1)): [44, 2, 3, 2, 1, 0, 1]
(2, (1, 1, 1), (0, 2)): [15, 2, 1, 1, 1]
(2, (1, 1, 1), (1, 0)): [26, 8, 3, 2, 4, 2]
(2, (1, 1, 1), (1, 1)): [32, 3, 2, 1, 1, 0, 1]
(2, (1, 1, 1), (1, 2)): [18, 3, 2, 0, 2]
(2, (1, 1, 1), (2, 0)): [7, 5, 1, 2, 2, 2]
(2, (1, 1, 1), (2, 1)): [17, 3, 0, 0, 1, 1, 1]
(2, (1, 1, 1), (2, 2)): [16, 4, 0, 0, 1, 1]
(2, (1, 1, 1), (3, 0)): [1, 4, 1, 1, 0, 1]
(2, (1, 1, 1), (3, 1)): [3, 6, 0, 1, 1, 0, 1]
(2, (1, 1, 1), (3, 2)): [4, 5, 0, 1, 2, 1, 1]
