(0, (0, 0, 0), (0, 0)): [644072, 130745, 61814, 28505, 13013, 5716, 2393, 1008, 423, 205, 86, 41, 21, 6, 3, 1, 0, 1]
(0, (0, 0, 0), (0, 1)): [10855, 2031, 1013, 420, 203, 85, 27, 20, 4, 5, 1, 0, 2, 1, 0, 1]
(0, (0, 0, 0), (0, 2)): [3773, 645, 308, 137, 63, 15, 10, 10, 0, 1, 0, 0, 1]
(0, (0, 0, 0), (1, 0)): [10000, 2213, 1150, 509, 270, 103, 55, 17, 4, 3, 2]
(0, (0, 0, 0), (1, 1)): [9206, 1805, 965, 411, 206, 85, 27, 16, 5, 2, 2, 0, 1, 1, 0, 1]
(0, (0, 0, 0), (1, 2)): [5645, 1014, 506, 199, 104, 34, 13, 10, 3, 1, 0, 0, 2]
(0, (0, 0, 0), (2, 0)): [3354, 836, 437, 217, 121, 44, 28, 7, 1, 1, 1]
(0, (0, 0, 0), (2, 1)): [5051, 1064, 578, 284, 139, 60, 27, 13, 1, 0, 1, 0, 0, 1]
(0, (0, 0, 0), (2, 2)): [4607, 881, 443, 194, 104, 38, 13, 10, 1, 1, 1, 0, 2]
(0, (0, 0, 0), (3, 0)): [1108, 294, 196, 104, 53, 25, 12, 1, 1, 0, 1]
(0, (0, 0, 0), (3, 1)): [2063, 503, 332, 168, 77, 31, 17, 4, 2]
(0, (0, 0, 0), (3, 2)): [2776, 584, 386, 186, 88, 30, 13, 6, 2, 1, 0, 0, 2]
(0, (0, 0, 1), (0, 0)): [2795, 8947, 2529, 1171, 590, 262, 116, 65, 27, 14, 4, 1, 3, 1]
(0, (0, 0, 1), (0, 1)): [41, 97, 40, 11, 7, 3, 3, 1, 0, 0, 0, 0, 0, 1]
(0, (0, 0, 1), (0, 2)): [16, 41, 12, 2, 3]
(0, (0, 0, 1), (1, 0)): [45, 103, 29, 19, 11, 7, 1, 1, 1]
(0, (0, 0, 1), (1, 1)): [36, 64, 29, 11, 8, 4, 2, 1, 0, 0, 0, 0, 0, 1]
(0, (0, 0, 1), (1, 2)): [23, 51, 18, 6, 5, 0, 1, 1]
(0, (0, 0, 1), (2, 0)): [23, 48, 14, 10, 3, 5, 1, 1, 1]
(0, (0, 0, 1), (2, 1)): [24, 40, 16, 9, 6, 3]
(0, (0, 0, 1), (2, 2)): [23, 34, 15, 6, 4, 1]
(0, (0, 0, 1), (3, 0)): [5, 22, 7, 5, 0, 2, 1, 1, 1]
(0, (0, 0, 1), (3, 1)): [10, 17, 7, 5, 3, 3, 0, 1]
(0, (0, 0, 1), (3, 2)): [15, 20, 5, 4, 2, 3, 0, 1]
(0, (0, 1, 0), (0, 0)): [20841, 20735, 8110, 3856, 1933, 884, 363, 158, 70, 42, 15, 5, 2, 0, 1]
(0, (0, 1, 0), (0, 1)): [341, 277, 114, 50, 17, 15, 5, 3]
(0, (0, 1, 0), (0, 2)): [119, 83, 37, 15, 2, 7, 1]
(0, (0, 1, 0), (1, 0)): [325, 295, 107, 64, 35, 19, 8, 0, 1]
(0, (0, 1, 0), (1, 1)): [289, 222, 92, 47, 21, 10, 6, 2]
(0, (0, 1, 0), (1, 2)): [179, 137, 51, 29, 10, 10, 2]
(0, (0, 1, 0), (2, 0)): [108, 110, 39, 26, 14, 12, 3, 0, 1]
(0, (0, 1, 0), (2, 1)): [125, 116, 48, 29, 10, 13, 5, 2]
(0, (0, 1, 0), (2, 2)): [133, 97, 48, 24, 6, 6, 4, 1]
(0, (0, 1, 0), (3, 0)): [46, 44, 17, 15, 10, 3, 1, 0, 1]
(0, (0, 1, 0), (3, 1)): [50, 53, 23, 17, 13, 6, 2, 1]
(0, (0, 1, 0), (3, 2)): [76, 57, 35, 16, 9, 4, 4]
(0, (0, 1, 1), (0, 0)): [1877, 3303, 4241, 1919, 1037, 495, 212, 97, 48, 17, 6, 5, 0, 2, 1, 0, 0, 1]
(0, (0, 1, 1), (0, 1)): [24, 33, 55, 25, 15, 4, 3, 1, 1]
(0, (0, 1, 1), (0, 2)): [10, 12, 23, 9, 8, 2, 1, 1]
(0, (0, 1, 1), (1, 0)): [39, 57, 78, 37, 25, 10, 7, 3, 2, 0, 0, 1]
(0, (0, 1, 1), (1, 1)): [22, 33, 42, 22, 15, 3, 3, 0, 1]
(0, (0, 1, 1), (1, 2)): [14, 11, 25, 12, 10, 3, 2, 1]
(0, (0, 1, 1), (2, 0)): [24, 34, 41, 21, 12, 6, 3, 3, 2, 0, 0, 1]
(0, (0, 1, 1), (2, 1)): [17, 26, 34, 17, 9, 3, 2, 2, 2]
(0, (0, 1, 1), (2, 2)): [20, 16, 26, 13, 6, 3, 1, 2]
(0, (0, 1, 1), (3, 0)): [14, 19, 20, 17, 10, 5, 1, 1, 0, 0, 0, 1]
(0, (0, 1, 1), (3, 1)): [8, 14, 14, 9, 7, 1, 0, 0, 2]
(0, (0, 1, 1), (3, 2)): [13, 9, 21, 11, 5, 3, 1, 2, 1]
(0, (1, 0, 0), (0, 0)): [142778, 48898, 31034, 15515, 7560, 3451, 1479, 642, 275, 132, 60, 26, 13, 4, 2, 1, 0, 1]
(0, (1, 0, 0), (0, 1)): [2249, 602, 468, 224, 128, 53, 17, 8, 2]
(0, (1, 0, 0), (0, 2)): [821, 165, 148, 63, 39, 15, 7, 1, 1]
(0, (1, 0, 0), (1, 0)): [2016, 674, 479, 242, 135, 42, 30, 11, 2, 5, 2]
(0, (1, 0, 0), (1, 1)): [1745, 516, 370, 187, 95, 29, 16, 7, 2, 3]
(0, (1, 0, 0), (1, 2)): [1043, 258, 207, 85, 52, 20, 10, 1, 1, 1]
(0, (1, 0, 0), (2, 0)): [631, 235, 161, 94, 59, 21, 8, 8, 1, 2, 2]
(0, (1, 0, 0), (2, 1)): [867, 271, 191, 116, 62, 18, 7, 5, 2, 3]
(0, (1, 0, 0), (2, 2)): [756, 204, 165, 76, 45, 12, 6, 3, 2, 2]
(0, (1, 0, 0), (3, 0)): [195, 84, 59, 40, 31, 9, 1, 5, 0, 1, 1]
(0, (1, 0, 0), (3, 1)): [330, 115, 78, 50, 41, 10, 3, 2, 1, 1, 1]
(0, (1, 0, 0), (3, 2)): [399, 130, 94, 47, 41, 11, 3, 1, 0, 2]
(0, (1, 0, 1), (0, 0)): [3202, 10550, 4389, 2992, 1626, 761, 374, 158, 73, 31, 13, 10, 4, 0, 1, 0, 0, 1]
(0, (1, 0, 1), (0, 1)): [47, 134, 58, 40, 18, 9, 9, 1, 1, 0, 0, 0, 1]
(0, (1, 0, 1), (0, 2)): [20, 50, 12, 14, 6, 6, 5, 0, 1]
(0, (1, 0, 1), (1, 0)): [41, 154, 69, 48, 22, 12, 1, 3, 2, 1, 1]
(0, (1, 0, 1), (1, 1)): [38, 113, 45, 33, 15, 9, 4, 1, 2, 0, 1]
(0, (1, 0, 1), (1, 2)): [28, 53, 20, 15, 9, 6, 2, 1, 2]
(0, (1, 0, 1), (2, 0)): [16, 58, 30, 18, 9, 5, 0, 2, 0, 1]
(0, (1, 0, 1), (2, 1)): [15, 75, 30, 20, 10, 5, 1, 0, 1, 0, 1]
(0, (1, 0, 1), (2, 2)): [24, 56, 24, 10, 7, 3, 2, 1, 1, 0, 1]
(0, (1, 0, 1), (3, 0)): [9, 16, 13, 11, 4, 4, 0, 2]
(0, (1, 0, 1), (3, 1)): [8, 24, 10, 10, 8, 4]
(0, (1, 0, 1), (3, 2)): [7, 31, 18, 8, 6, 1, 1, 0, 1, 0, 1]
(0, (1, 1, 0), (0, 0)): [19513, 12900, 10267, 7094, 3914, 1842, 817, 404, 168, 74, 38, 14, 6, 1]
(0, (1, 1, 0), (0, 1)): [352, 190, 127, 101, 56, 24, 8, 7, 0, 0, 1]
(0, (1, 1, 0), (0, 2)): [130, 65, 45, 32, 23, 7, 4, 4]
(0, (1, 1, 0), (1, 0)): [266, 174, 147, 103, 64, 34, 12, 8, 1, 3]
(0, (1, 1, 0), (1, 1)): [231, 128, 95, 72, 35, 21, 6, 5, 0, 1, 1]
(0, (1, 1, 0), (1, 2)): [143, 71, 59, 42, 20, 7, 3, 5, 0, 1]
(0, (1, 1, 0), (2, 0)): [65, 54, 54, 40, 27, 14, 4, 5, 1, 1]
(0, (1, 1, 0), (2, 1)): [107, 72, 55, 38, 28, 15, 4, 4, 0, 1]
(0, (1, 1, 0), (2, 2)): [92, 64, 53, 30, 14, 9, 1, 4, 0, 2]
(0, (1, 1, 0), (3, 0)): [17, 20, 22, 15, 10, 4, 2, 2, 1]
(0, (1, 1, 0), (3, 1)): [39, 26, 29, 23, 13, 9, 4, 1, 1]
(0, (1, 1, 0), (3, 2)): [52, 36, 32, 23, 10, 7, 1, 2, 1]
(0, (1, 1, 1), (0, 0)): [2008, 3714, 3155, 2500, 1972, 966, 461, 237, 103, 42, 28, 11, 1, 1, 1]
(0, (1, 1, 1), (0, 1)): [47, 48, 49, 36, 23, 9, 4, 3, 3, 2, 1, 1]
(0, (1, 1, 1), (0, 2)): [24, 19, 14, 13, 12, 2, 1, 1, 1, 0, 0, 1]
(0, (1, 1, 1), (1, 0)): [27, 66, 69, 41, 45, 22, 7, 6, 1, 0, 1]
(0, (1, 1, 1), (1, 1)): [25, 45, 52, 31, 21, 9, 5, 4, 1, 1, 1]
(0, (1, 1, 1), (1, 2)): [26, 25, 23, 13, 10, 4, 3, 1, 2, 0, 0, 1]
(0, (1, 1, 1), (2, 0)): [9, 28, 17, 19, 22, 7, 1, 2, 1, 0, 1]
(0, (1, 1, 1), (2, 1)): [14, 26, 26, 16, 20, 6, 0, 4, 1]
(0, (1, 1, 1), (2, 2)): [14, 25, 19, 14, 9, 4, 2, 3, 1, 0, 0, 1]
(0, (1, 1, 1), (3, 1)): [3, 11, 8, 15, 7, 1, 0, 0, 0, 0, 1]
(0, (1, 1, 1), (3, 2)): [5, 7, 11, 12, 6, 1, 1, 0, 1, 0, 0, 1]
(1, (0, 0, 0), (0, 0)): [512957, 56408, 23572, 9461, 3786, 1475, 572, 219, 86, 37, 14, 10, 5, 2, 0, 1]
(1, (0, 0, 0), (0, 1)): [8676, 906, 401, 145, 63, 13, 6, 5, 1, 0, 0, 0, 0, 1]
(1, (0, 0, 0), (0, 2)): [3037, 259, 116, 44, 13, 2, 0, 2]
(1, (0, 0, 0), (1, 0)): [8410, 1060, 483, 165, 80, 28, 14, 5, 0, 1, 0, 0, 0, 0, 0, 1]
(1, (0, 0, 0), (1, 1)): [7522, 863, 360, 128, 61, 20, 12, 2, 1, 1, 0, 0, 0, 1]
(1, (0, 0, 0), (1, 2)): [4565, 437, 177, 74, 27, 8, 4, 2]
(1, (0, 0, 0), (2, 0)): [2908, 407, 226, 64, 33, 14, 5, 3, 0, 0, 0, 0, 0, 0, 0, 1]
(1, (0, 0, 0), (2, 1)): [4179, 524, 246, 78, 45, 15, 6, 2, 0, 1]
(1, (0, 0, 0), (2, 2)): [3813, 383, 169, 66, 26, 12, 6, 3]
(1, (0, 0, 0), (3, 0)): [951, 150, 104, 31, 15, 5, 3, 0, 0, 0, 0, 0, 0, 0, 0, 1]
(1, (0, 0, 0), (3, 1)): [1764, 297, 160, 52, 30, 5, 2]
(1, (0, 0, 0), (3, 2)): [2231, 294, 159, 57, 26, 11, 5, 2]
(1, (0, 0, 1), (0, 0)): [14857, 22795, 4493, 1908, 806, 343, 139, 64, 29, 11, 6, 4, 3, 1]
(1, (0, 0, 1), (0, 1)): [217, 248, 52, 14, 8, 4, 4]
(1, (0, 0, 1), (0, 2)): [85, 77, 13, 4, 2, 0, 2]
(1, (0, 0, 1), (1, 0)): [231, 323, 62, 30, 14, 9, 4, 2, 1]
(1, (0, 0, 1), (1, 1)): [194, 238, 41, 14, 7, 6, 2, 2]
(1, (0, 0, 1), (1, 2)): [135, 110, 17, 8, 4, 1, 1]
(1, (0, 0, 1), (2, 0)): [101, 135, 32, 19, 7, 6, 4, 0, 1]
(1, (0, 0, 1), (2, 1)): [95, 144, 23, 9, 3, 6, 4, 2]
(1, (0, 0, 1), (2, 2)): [97, 106, 13, 8, 2, 1]
(1, (0, 0, 1), (3, 0)): [44, 61, 16, 13, 6, 3, 2, 0, 1]
(1, (0, 0, 1), (3, 1)): [59, 72, 10, 9, 3, 2, 2, 2]
(1, (0, 0, 1), (3, 2)): [63, 68, 11, 8, 2, 1, 1]
(1, (0, 1, 0), (0, 0)): [70827, 33985, 11906, 5063, 2076, 848, 303, 144, 37, 27, 12, 7, 5, 1, 1]
(1, (0, 1, 0), (0, 1)): [926, 387, 142, 59, 21, 9, 5, 2, 1]
(1, (0, 1, 0), (0, 2)): [335, 139, 41, 14, 5, 3, 2]
(1, (0, 1, 0), (1, 0)): [1218, 556, 191, 119, 62, 20, 4, 3, 0, 0, 1, 0, 0, 1]
(1, (0, 1, 0), (1, 1)): [866, 350, 127, 65, 26, 11, 5, 3, 1, 0, 0, 0, 0, 1]
(1, (0, 1, 0), (1, 2)): [516, 202, 69, 26, 10, 5, 3, 1]
(1, (0, 1, 0), (2, 0)): [533, 227, 89, 72, 33, 12, 2, 2, 0, 0, 1]
(1, (0, 1, 0), (2, 1)): [488, 194, 66, 51, 24, 9, 4, 3, 0, 0, 1, 0, 0, 1]
(1, (0, 1, 0), (2, 2)): [424, 175, 60, 32, 15, 4, 1, 1]
(1, (0, 1, 0), (3, 0)): [263, 115, 41, 51, 24, 6, 0, 1]
(1, (0, 1, 0), (3, 1)): [237, 87, 35, 33, 18, 4, 1, 1, 0, 0, 0, 0, 0, 1]
(1, (0, 1, 0), (3, 2)): [241, 93, 46, 35, 17, 1, 0, 1, 0, 0, 0, 0, 0, 1]
(1, (0, 1, 1), (0, 0)): [12063, 10347, 9934, 3931, 1965, 805, 319, 129, 70, 18, 8, 4, 1, 2, 0, 1]
(1, (0, 1, 1), (0, 1)): [138, 109, 84, 26, 19, 8, 5, 2]
(1, (0, 1, 1), (0, 2)): [66, 30, 29, 7, 5, 0, 1]
(1, (0, 1, 1), (1, 0)): [249, 185, 143, 79, 56, 17, 6, 5, 3, 1]
(1, (0, 1, 1), (1, 1)): [115, 96, 75, 33, 17, 5, 5, 2]
(1, (0, 1, 1), (1, 2)): [84, 44, 40, 20, 5, 1, 1]
(1, (0, 1, 1), (2, 0)): [167, 122, 80, 49, 45, 15, 5, 4, 3, 1]
(1, (0, 1, 1), (2, 1)): [71, 64, 43, 20, 8, 7, 5, 1]
(1, (0, 1, 1), (2, 2)): [67, 47, 36, 17, 9, 0, 0, 1]
(1, (0, 1, 1), (3, 0)): [136, 101, 62, 38, 41, 12, 4, 4, 3, 1]
(1, (0, 1, 1), (3, 1)): [34, 29, 17, 10, 2, 5, 5]
(1, (0, 1, 1), (3, 2)): [39, 36, 22, 6, 5, 2, 1]
(1, (1, 0, 0), (0, 0)): [207459, 38342, 23861, 10447, 4255, 1765, 684, 243, 116, 54, 20, 15, 3, 2, 0, 2]
(1, (1, 0, 0), (0, 1)): [3219, 473, 378, 147, 60, 21, 11, 1, 0, 2]
(1, (1, 0, 0), (0, 2)): [1107, 150, 133, 42, 18, 6, 5, 0, 0, 2]
(1, (1, 0, 0), (1, 0)): [3165, 569, 427, 192, 82, 30, 12, 6, 1, 2, 0, 0, 1, 0, 0, 1]
(1, (1, 0, 0), (1, 1)): [2624, 406, 315, 118, 52, 18, 8, 3, 0, 0, 0, 0, 0, 0, 0, 1]
(1, (1, 0, 0), (1, 2)): [1556, 213, 172, 52, 30, 9, 5, 1, 0, 1]
(1, (1, 0, 0), (2, 0)): [1026, 207, 157, 94, 38, 17, 6, 0, 1, 2, 0, 0, 1]
(1, (1, 0, 0), (2, 1)): [1349, 236, 195, 87, 33, 15, 4, 1, 1, 0, 0, 0, 0, 0, 0, 1]
(1, (1, 0, 0), (2, 2)): [1181, 182, 151, 67, 31, 10, 2, 0, 0, 1]
(1, (1, 0, 0), (3, 0)): [325, 79, 51, 40, 19, 6, 3, 0, 0, 2, 0, 0, 1]
(1, (1, 0, 0), (3, 1)): [529, 129, 84, 55, 18, 8, 4, 1, 0, 1, 0, 0, 0, 0, 0, 1]
(1, (1, 0, 0), (3, 2)): [608, 126, 84, 49, 22, 11, 3, 0, 0, 1, 0, 0, 0, 0, 0, 1]
(1, (1, 0, 1), (0, 0)): [15988, 20636, 6828, 4371, 1885, 815, 298, 124, 50, 38, 12, 3, 0, 1]
(1, (1, 0, 1), (0, 1)): [270, 231, 72, 56, 28, 12, 5, 1, 3, 2]
(1, (1, 0, 1), (0, 2)): [118, 66, 22, 20, 5, 5, 1, 0, 0, 1]
(1, (1, 0, 1), (1, 0)): [244, 313, 87, 64, 34, 14, 3, 1, 0, 2]
(1, (1, 0, 1), (1, 1)): [201, 193, 59, 49, 29, 5, 4, 1, 2]
(1, (1, 0, 1), (1, 2)): [148, 102, 38, 32, 13, 4, 2, 1, 0, 1]
(1, (1, 0, 1), (2, 0)): [97, 114, 29, 18, 15, 8, 1, 0, 0, 1]
(1, (1, 0, 1), (2, 1)): [96, 102, 29, 25, 15, 6, 3, 0, 2]
(1, (1, 0, 1), (2, 2)): [87, 76, 30, 14, 9, 3, 2, 0, 1]
(1, (1, 0, 1), (3, 0)): [37, 50, 12, 5, 6, 4, 0, 0, 0, 1]
(1, (1, 0, 1), (3, 1)): [39, 48, 11, 14, 11, 6]
(1, (1, 0, 1), (3, 2)): [42, 47, 19, 12, 11, 6, 2, 0, 1]
(1, (1, 1, 0), (0, 0)): [56420, 17928, 12662, 8639, 3777, 1650, 646, 255, 103, 51, 19, 9, 5, 4, 1]
(1, (1, 1, 0), (0, 1)): [896, 235, 166, 121, 56, 16, 13, 4]
(1, (1, 1, 0), (0, 2)): [343, 88, 53, 43, 19, 3, 1]
(1, (1, 1, 0), (1, 0)): [829, 281, 197, 158, 71, 23, 7, 3, 1, 2, 0, 0, 2, 1]
(1, (1, 1, 0), (1, 1)): [710, 196, 143, 101, 48, 14, 10, 3, 0, 2]
(1, (1, 1, 0), (1, 2)): [495, 116, 75, 63, 27, 6, 4, 1]
(1, (1, 1, 0), (2, 0)): [277, 101, 72, 60, 28, 11, 1, 1, 1, 0, 0, 0, 2, 1]
(1, (1, 1, 0), (2, 1)): [345, 120, 77, 66, 22, 11, 4, 1, 0, 1, 0, 0, 1]
(1, (1, 1, 0), (2, 2)): [355, 95, 55, 42, 24, 6, 3, 1]
(1, (1, 1, 0), (3, 0)): [81, 36, 28, 21, 17, 7, 1, 1, 1, 0, 0, 0, 1]
(1, (1, 1, 0), (3, 1)): [145, 58, 40, 32, 16, 5, 4, 2, 0, 1, 0, 0, 1]
(1, (1, 1, 0), (3, 2)): [189, 62, 40, 27, 19, 5, 5, 3, 0, 1, 0, 0, 1]
(1, (1, 1, 1), (0, 0)): [11669, 9559, 6178, 4232, 3044, 1339, 555, 207, 96, 35, 15, 10, 5, 2, 1, 1]
(1, (1, 1, 1), (0, 1)): [222, 145, 90, 62, 58, 15, 6, 5, 3]
(1, (1, 1, 1), (0, 2)): [109, 53, 33, 16, 22, 4, 4]
(1, (1, 1, 1), (1, 0)): [188, 146, 108, 70, 59, 27, 13, 2, 2, 2, 0, 1, 1]
(1, (1, 1, 1), (1, 1)): [158, 92, 71, 60, 53, 17, 3, 3, 1]
(1, (1, 1, 1), (1, 2)): [119, 50, 45, 31, 26, 13, 5, 1]
(1, (1, 1, 1), (2, 0)): [56, 64, 47, 28, 20, 14, 7, 2, 1, 1, 0, 1, 1]
(1, (1, 1, 1), (2, 1)): [77, 64, 50, 36, 33, 6, 4, 2, 1, 1, 0, 1]
(1, (1, 1, 1), (2, 2)): [83, 44, 42, 36, 30, 9, 5, 2]
(1, (1, 1, 1), (3, 0)): [15, 23, 12, 13, 5, 9, 3, 0, 1, 0, 0, 0, 1]
(1, (1, 1, 1), (3, 1)): [29, 28, 14, 19, 12, 7, 3, 1, 0, 0, 0, 0, 1]
(1, (1, 1, 1), (3, 2)): [58, 28, 25, 24, 19, 8, 2, 1]
(2, (0, 0, 0), (0, 0)): [440605, 19587, 6788, 2144, 762, 264, 94, 34, 8, 2, 2, 0, 1]
(2, (0, 0, 0), (0, 1)): [7623, 328, 115, 31, 17, 4, 3]
(2, (0, 0, 0), (0, 2)): [2549, 78, 23, 9, 2, 1]
(2, (0, 0, 0), (1, 0)): [7746, 446, 153, 49, 18, 8, 3, 0, 0, 0, 0, 0, 1]
(2, (0, 0, 0), (1, 1)): [6861, 338, 123, 26, 18, 4, 5]
(2, (0, 0, 0), (1, 2)): [4068, 148, 51, 13, 8, 3, 1]
(2, (0, 0, 0), (2, 0)): [2820, 168, 74, 30, 9, 5, 1, 0, 0, 0, 0, 0, 1]
(2, (0, 0, 0), (2, 1)): [3976, 194, 82, 27, 8, 3, 3]
(2, (0, 0, 0), (2, 2)): [3424, 154, 54, 19, 10, 4]
(2, (0, 0, 0), (3, 0)): [981, 70, 41, 16, 6, 2, 1, 0, 0, 0, 0, 0, 1]
(2, (0, 0, 0), (3, 1)): [1798, 98, 56, 19, 6, 3, 2]
(2, (0, 0, 0), (3, 2)): [2206, 120, 59, 18, 5, 3]
(2, (0, 0, 1), (0, 0)): [44411, 14590, 2727, 930, 335, 129, 43, 11, 1, 2, 0, 1]
(2, (0, 0, 1), (0, 1)): [613, 189, 43, 12, 7, 3, 1]
(2, (0, 0, 1), (0, 2)): [235, 48, 16, 1, 1, 1]
(2, (0, 0, 1), (1, 0)): [700, 202, 56, 14, 6, 2, 0, 1]
(2, (0, 0, 1), (1, 1)): [569, 148, 38, 8, 7, 1, 1]
(2, (0, 0, 1), (1, 2)): [366, 75, 20, 5, 2, 1, 1]
(2, (0, 0, 1), (2, 0)): [292, 86, 27, 11, 4, 2, 0, 1]
(2, (0, 0, 1), (2, 1)): [334, 84, 29, 6, 7, 0, 0, 1]
(2, (0, 0, 1), (2, 2)): [298, 60, 23, 3, 3, 1, 1]
(2, (0, 0, 1), (3, 0)): [151, 35, 14, 7, 1, 2]
(2, (0, 0, 1), (3, 1)): [189, 45, 15, 5, 5]
(2, (0, 0, 1), (3, 2)): [204, 50, 16, 3, 2, 1]
(2, (0, 1, 0), (0, 0)): [114546, 26267, 6602, 2314, 753, 265, 87, 19, 6, 1, 1, 0, 1]
(2, (0, 1, 0), (0, 1)): [1555, 277, 76, 29, 10, 1, 1]
(2, (0, 1, 0), (0, 2)): [574, 75, 18, 6, 3]
(2, (0, 1, 0), (1, 0)): [2108, 354, 163, 59, 14, 7, 4, 1, 0, 0, 0, 0, 1]
(2, (0, 1, 0), (1, 1)): [1423, 258, 93, 31, 9, 4, 3, 1]
(2, (0, 1, 0), (1, 2)): [827, 120, 34, 19, 3]
(2, (0, 1, 0), (2, 0)): [1006, 145, 81, 40, 10, 2, 2, 0, 0, 0, 0, 0, 1]
(2, (0, 1, 0), (2, 1)): [929, 151, 60, 19, 7, 3, 3, 1, 0, 0, 0, 0, 1]
(2, (0, 1, 0), (2, 2)): [779, 106, 37, 22, 4, 1, 0, 1]
(2, (0, 1, 0), (3, 0)): [541, 69, 45, 26, 7, 0, 1]
(2, (0, 1, 0), (3, 1)): [463, 80, 38, 14, 8, 1, 3, 0, 0, 0, 0, 0, 1]
(2, (0, 1, 0), (3, 2)): [533, 76, 36, 16, 4, 2, 1, 0, 0, 0, 0, 0, 1]
(2, (0, 1, 1), (0, 0)): [27664, 2471, 6533, 1729, 666, 226, 80, 32, 11, 4, 2, 1, 0, 1]
(2, (0, 1, 1), (0, 1)): [343, 25, 58, 17, 4, 2, 1, 3]
(2, (0, 1, 1), (0, 2)): [139, 7, 19, 6, 2, 1, 1]
(2, (0, 1, 1), (1, 0)): [472, 55, 97, 34, 19, 3, 3, 0, 0, 0, 1]
(2, (0, 1, 1), (1, 1)): [295, 26, 53, 14, 5, 1, 1, 2]
(2, (0, 1, 1), (1, 2)): [192, 13, 30, 8, 2, 1, 2, 1]
(2, (0, 1, 1), (2, 0)): [250, 37, 49, 22, 15, 3, 1, 0, 0, 0, 1]
(2, (0, 1, 1), (2, 1)): [155, 18, 37, 10, 3, 1]
(2, (0, 1, 1), (2, 2)): [155, 17, 30, 9, 0, 1, 1, 1]
(2, (0, 1, 1), (3, 0)): [181, 26, 28, 14, 14, 3, 1, 0, 0, 0, 1]
(2, (0, 1, 1), (3, 1)): [83, 9, 20, 5, 2, 1]
(2, (0, 1, 1), (3, 2)): [110, 15, 24, 6, 1, 2, 0, 1]
(2, (1, 0, 0), (0, 0)): [253895, 19287, 11619, 3737, 1262, 392, 159, 50, 13, 6, 3, 0, 1]
(2, (1, 0, 0), (0, 1)): [3688, 193, 171, 47, 17, 5, 2, 1]
(2, (1, 0, 0), (0, 2)): [1257, 53, 41, 10, 6, 1, 1]
(2, (1, 0, 0), (1, 0)): [3965, 333, 248, 97, 30, 6, 4, 0, 0, 0, 0, 0, 1]
(2, (1, 0, 0), (1, 1)): [3065, 195, 175, 56, 16, 2, 1]
(2, (1, 0, 0), (1, 2)): [1797, 90, 74, 30, 6, 2]
(2, (1, 0, 0), (2, 0)): [1394, 137, 99, 48, 15, 3, 2, 0, 0, 0, 0, 0, 1]
(2, (1, 0, 0), (2, 1)): [1623, 119, 104, 34, 17, 3, 1, 0, 0, 0, 0, 0, 1]
(2, (1, 0, 0), (2, 2)): [1379, 84, 72, 26, 8, 4, 1]
(2, (1, 0, 0), (3, 0)): [450, 63, 32, 26, 5, 1, 2]
(2, (1, 0, 0), (3, 1)): [697, 74, 56, 28, 8, 1, 2, 0, 0, 0, 0, 0, 1]
(2, (1, 0, 0), (3, 2)): [782, 72, 50, 21, 6, 5, 1, 0, 0, 0, 0, 0, 1]
(2, (1, 0, 1), (0, 0)): [41429, 10887, 4542, 2519, 793, 281, 103, 32, 12, 3, 0, 2, 1]
(2, (1, 0, 1), (0, 1)): [649, 126, 60, 41, 16, 2, 0, 1, 0, 0, 0, 1]
(2, (1, 0, 1), (0, 2)): [257, 31, 19, 10, 7]
(2, (1, 0, 1), (1, 0)): [620, 143, 75, 47, 19, 8, 3]
(2, (1, 0, 1), (1, 1)): [496, 109, 41, 34, 15, 2, 2, 1, 0, 0, 0, 1]
(2, (1, 0, 1), (1, 2)): [323, 45, 17, 13, 6, 1, 0, 1, 0, 0, 0, 1]
(2, (1, 0, 1), (2, 0)): [224, 51, 38, 19, 2, 4, 1]
(2, (1, 0, 1), (2, 1)): [273, 67, 22, 18, 10, 2]
(2, (1, 0, 1), (2, 2)): [235, 38, 12, 7, 7, 2, 0, 1, 0, 0, 0, 1]
(2, (1, 0, 1), (3, 0)): [82, 16, 18, 11, 2, 1, 1]
(2, (1, 0, 1), (3, 1)): [124, 27, 16, 13, 5, 0, 1]
(2, (1, 0, 1), (3, 2)): [144, 28, 11, 3, 6, 2, 1, 1]
(2, (1, 1, 0), (0, 0)): [97231, 15521, 8091, 5058, 1640, 564, 175, 60, 24, 9, 5, 0, 2, 1]
(2, (1, 1, 0), (0, 1)): [1522, 212, 106, 64, 24, 5, 3, 0, 0, 0, 0, 0, 1]
(2, (1, 1, 0), (0, 2)): [549, 68, 29, 14, 7, 0, 1]
(2, (1, 1, 0), (1, 0)): [1523, 220, 135, 113, 32, 13, 5, 2, 1, 1]
(2, (1, 1, 0), (1, 1)): [1252, 169, 89, 64, 19, 5, 1, 1, 1, 1, 0, 0, 1]
(2, (1, 1, 0), (1, 2)): [797, 94, 55, 26, 8, 2, 2]
(2, (1, 1, 0), (2, 0)): [556, 81, 65, 52, 17, 8, 2, 1]
(2, (1, 1, 0), (2, 1)): [702, 83, 56, 42, 17, 7, 1, 1, 1, 1, 0, 0, 1]
(2, (1, 1, 0), (2, 2)): [609, 79, 40, 32, 10, 3, 2, 0, 1]
(2, (1, 1, 0), (3, 0)): [198, 39, 27, 23, 8, 3, 1]
(2, (1, 1, 0), (3, 1)): [304, 44, 33, 29, 7, 6, 2, 1, 0, 0, 0, 0, 1]
(2, (1, 1, 0), (3, 2)): [362, 48, 31, 28, 9, 3, 1, 0, 1]
(2, (1, 1, 1), (0, 0)): [28525, 4324, 4868, 2551, 1718, 597, 188, 70, 30, 6, 5, 0, 1, 1]
(2, (1, 1, 1), (0, 1)): [508, 51, 72, 42, 33, 5, 4, 2, 1, 0, 0, 0, 1]
(2, (1, 1, 1), (0, 2)): [224, 10, 17, 7, 8, 1, 1, 0, 1]
(2, (1, 1, 1), (1, 0)): [451, 128, 77, 58, 29, 13, 6, 1, 1, 0, 1]
(2, (1, 1, 1), (1, 1)): [404, 56, 71, 38, 26, 3, 2, 0, 0, 0, 1, 0, 1]
(2, (1, 1, 1), (1, 2)): [290, 19, 27, 13, 12, 2, 2, 0, 0, 0, 1]
(2, (1, 1, 1), (2, 0)): [124, 95, 21, 28, 14, 8, 4, 1]
(2, (1, 1, 1), (2, 1)): [182, 54, 36, 20, 19, 3, 3, 0, 0, 0, 0, 0, 1]
(2, (1, 1, 1), (2, 2)): [196, 29, 27, 15, 10, 2, 2, 0, 0, 0, 1]
(2, (1, 1, 1), (3, 0)): [27, 70, 9, 16, 3, 5, 1]
(2, (1, 1, 1), (3, 1)): [63, 60, 15, 17, 11, 4, 3]
(2, (1, 1, 1), (3, 2)): [99, 47, 18, 21, 11, 5, 3, 0, 0, 0, 1]
