(0, (0, 0, 0), (0, 0)): [419, 56, 22, 13, 5, 3, 2]
(0, (0, 0, 0), (0, 1)): [33, 2, 1, 1, 0, 0, 1]
(0, (0, 0, 0), (0, 2)): [16, 1, 1, 1, 0, 0, 1]
(0, (0, 0, 0), (1, 0)): [11, 2, 1, 0, 0, 1]
(0, (0, 0, 0), (1, 1)): [17, 2, 1]
(0, (0, 0, 0), (1, 2)): [16, 2, 1]
(0, (0, 0, 0), (2, 0)): [5, 1, 0, 0, 0, 1]
(0, (0, 0, 0), (2, 1)): [8, 1]
(0, (0, 0, 0), (2, 2)): [6, 3]
(0, (0, 0, 0), (3, 0)): [1, 0, 0, 0, 0, 1]
(0, (0, 0, 0), (3, 1)): [2]
(0, (0, 0, 0), (3, 2)): [1, 2]
(0, (0, 1, 0), (0, 0)): [17, 4, 3, 1, 1]
(0, (0, 1, 0), (0, 1)): [1]
(0, (0, 1, 0), (1, 1)): [1]
(0, (0, 1, 0), (1, 2)): [1]
(0, (0, 1, 0), (2, 2)): [1]
(0, (0, 1, 0), (3, 2)): [1]
(0, (0, 1, 1), (0, 0)): [0, 1, 1, 1]
(0, (1, 0, 0), (0, 0)): [84, 24, 9, 7, 2, 1, 1]
(0, (1, 0, 0), (0, 1)): [6, 0, 0, 0, 0, 1]
(0, (1, 0, 0), (0, 2)): [5, 0, 0, 0, 0, 1]
(0, (1, 0, 0), (1, 0)): [6, 1, 1]
(0, (1, 0, 0), (1, 1)): [5]
(0, (1, 0, 0), (1, 2)): [2, 0, 0, 0, 0, 1]
(0, (1, 0, 0), (2, 0)): [0, 1]
(0, (1, 0, 0), (2, 1)): [1, 1]
(0, (1, 0, 0), (2, 2)): [2, 1, 0, 0, 0, 1]
(0, (1, 0, 1), (0, 0)): [0, 2, 4, 2, 1]
(0, (1, 0, 1), (1, 0)): [0, 1, 1]
(0, (1, 0, 1), (1, 1)): [0, 1]
(0, (1, 0, 1), (2, 1)): [0, 1]
(0, (1, 1, 0), (0, 0)): [13, 8, 3, 5, 1, 1, 1]
(0, (1, 1, 0), (1, 0)): [0, 0, 0, 0, 0, 1]
(0, (1, 1, 1), (0, 0)): [2, 2, 0, 2, 1, 2, 1]
(0, (1, 1, 1), (0, 1)): [0, 0, 0, 0, 1]
(0, (1, 1, 1), (1, 1)): [0, 0, 0, 0, 1]
(0, (1, 1, 1), (1, 2)): [0, 0, 0, 0, 1]
(1, (0, 0, 0), (0, 0)): [330, 27, 6, 5, 3, 2, 1]
(1, (0, 0, 0), (0, 1)): [23, 3]
(1, (0, 0, 0), (0, 2)): [6]
(1, (0, 0, 0), (1, 0)): [10, 1, 1, 1]
(1, (0, 0, 0), (1, 1)): [18, 1]
(1, (0, 0, 0), (1, 2)): [13, 1]
(1, (0, 0, 0), (2, 0)): [4, 1, 0, 1]
(1, (0, 0, 0), (2, 1)): [4, 1, 0, 1]
(1, (0, 0, 0), (2, 2)): [9, 0, 0, 1]
(1, (0, 0, 0), (3, 0)): [3]
(1, (0, 0, 0), (3, 1)): [2, 1]
(1, (0, 0, 0), (3, 2)): [5, 0, 0, 1]
(1, (0, 0, 1), (0, 0)): [15, 14, 3]
(1, (0, 1, 0), (0, 0)): [47, 19, 3, 3, 1]
(1, (0, 1, 0), (0, 1)): [1, 0, 0, 1]
(1, (0, 1, 0), (1, 0)): [3]
(1, (0, 1, 0), (1, 1)): [2, 0, 0, 1]
(1, (0, 1, 0), (1, 2)): [1]
(1, (0, 1, 0), (2, 0)): [1]
(1, (0, 1, 0), (2, 1)): [0, 0, 0, 1]
(1, (0, 1, 0), (2, 2)): [1, 0, 0, 1]
(1, (0, 1, 1), (0, 0)): [9, 9, 8, 7, 0, 1]
(1, (0, 1, 1), (1, 0)): [0, 0, 1]
(1, (0, 1, 1), (1, 1)): [0, 0, 1]
(1, (0, 1, 1), (1, 2)): [0, 0, 1]
(1, (0, 1, 1), (2, 2)): [0, 0, 1]
(1, (0, 1, 1), (3, 2)): [0, 0, 1]
(1, (1, 0, 0), (0, 0)): [117, 20, 3, 5, 1, 2, 1]
(1, (1, 0, 0), (0, 1)): [6, 1, 0, 1, 0, 0, 1]
(1, (1, 0, 0), (0, 2)): [3, 1]
(1, (1, 0, 0), (1, 0)): [5, 3]
(1, (1, 0, 0), (1, 1)): [2, 1, 0, 1]
(1, (1, 0, 0), (1, 2)): [2]
(1, (1, 0, 0), (2, 0)): [3, 1]
(1, (1, 0, 0), (2, 1)): [3, 1, 0, 1]
(1, (1, 0, 0), (2, 2)): [1, 0, 0, 1]
(1, (1, 0, 0), (3, 0)): [0, 1]
(1, (1, 0, 0), (3, 1)): [1, 2]
(1, (1, 0, 0), (3, 2)): [0, 2]
(1, (1, 0, 1), (0, 0)): [2, 5, 2, 3, 1]
(1, (1, 0, 1), (0, 1)): [1]
(1, (1, 0, 1), (0, 2)): [1]
(1, (1, 1, 0), (0, 0)): [27, 9, 2, 5, 1, 1]
(1, (1, 1, 0), (0, 1)): [2]
(1, (1, 1, 0), (1, 0)): [2, 1]
(1, (1, 1, 0), (1, 1)): [3, 1]
(1, (1, 1, 0), (1, 2)): [3]
(1, (1, 1, 0), (2, 1)): [0, 1]
(1, (1, 1, 0), (2, 2)): [2]
(1, (1, 1, 1), (0, 0)): [4, 3, 4, 4, 1, 2]
(1, (1, 1, 1), (0, 1)): [0, 0, 0, 0, 0, 1]
(1, (1, 1, 1), (0, 2)): [0, 0, 0, 0, 0, 1]
(1, (1, 1, 1), (1, 0)): [0, 0, 1]
(1, (1, 1, 1), (1, 1)): [0, 0, 1]
(1, (1, 1, 1), (1, 2)): [0, 0, 0, 0, 0, 1]
(1, (1, 1, 1), (2, 2)): [0, 0, 0, 0, 0, 1]
(1, (1, 1, 1), (3, 2)): [0, 0, 0, 0, 0, 1]
(2, (0, 0, 0), (0, 0)): [283, 6, 4, 1, 2]
(2, (0, 0, 0), (0, 1)): [19]
(2, (0, 0, 0), (0, 2)): [6]
(2, (0, 0, 0), (1, 0)): [13, 1, 1]
(2, (0, 0, 0), (1, 1)): [13, 1]
(2, (0, 0, 0), (1, 2)): [7]
(2, (0, 0, 0), (2, 0)): [5, 0, 1]
(2, (0, 0, 0), (2, 1)): [10, 1]
(2, (0, 0, 0), (2, 2)): [6, 1]
(2, (0, 0, 0), (3, 0)): [1, 0, 1]
(2, (0, 0, 0), (3, 1)): [3]
(2, (0, 0, 0), (3, 2)): [2]
(2, (0, 0, 1), (0, 0)): [46, 15, 1, 0, 2]
(2, (0, 0, 1), (0, 1)): [1]
(2, (0, 0, 1), (0, 2)): [1]
(2, (0, 0, 1), (1, 0)): [2, 1]
(2, (0, 0, 1), (1, 2)): [1]
(2, (0, 0, 1), (2, 0)): [2]
(2, (0, 0, 1), (2, 1)): [1]
(2, (0, 0, 1), (3, 0)): [1]
(2, (0, 0, 1), (3, 1)): [1]
(2, (0, 1, 0), (0, 0)): [77, 18, 7, 3]
(2, (0, 1, 0), (0, 1)): [4, 0, 0, 1]
(2, (0, 1, 0), (0, 2)): [1]
(2, (0, 1, 0), (1, 0)): [7, 4, 3]
(2, (0, 1, 0), (1, 1)): [5, 2, 1]
(2, (0, 1, 0), (1, 2)): [3]
(2, (0, 1, 0), (2, 0)): [4, 1, 2]
(2, (0, 1, 0), (2, 1)): [3, 3, 1]
(2, (0, 1, 0), (2, 2)): [1]
(2, (0, 1, 0), (3, 0)): [2, 0, 1]
(2, (0, 1, 0), (3, 1)): [3, 3]
(2, (0, 1, 0), (3, 2)): [1, 2]
(2, (0, 1, 1), (0, 0)): [25, 5, 5]
(2, (0, 1, 1), (0, 1)): [3]
(2, (0, 1, 1), (0, 2)): [1]
(2, (0, 1, 1), (1, 0)): [1]
(2, (0, 1, 1), (1, 1)): [1]
(2, (0, 1, 1), (1, 2)): [1]
(2, (1, 0, 0), (0, 0)): [149, 6, 7, 3, 1]
(2, (1, 0, 0), (0, 1)): [3]
(2, (1, 0, 0), (1, 0)): [9, 1, 3]
(2, (1, 0, 0), (1, 1)): [5, 1]
(2, (1, 0, 0), (1, 2)): [4]
(2, (1, 0, 0), (2, 0)): [3, 0, 2]
(2, (1, 0, 0), (2, 1)): [1, 1]
(2, (1, 0, 0), (2, 2)): [1]
(2, (1, 0, 0), (3, 0)): [2, 0, 1]
(2, (1, 0, 0), (3, 1)): [1]
(2, (1, 0, 1), (0, 0)): [25, 6, 3, 1]
(2, (1, 0, 1), (0, 1)): [1]
(2, (1, 0, 1), (1, 0)): [3]
(2, (1, 0, 1), (2, 0)): [1]
(2, (1, 1, 0), (0, 0)): [34, 7, 6, 1, 1]
(2, (1, 1, 0), (0, 1)): [1, 1, 1]
(2, (1, 1, 0), (1, 0)): [1, 1]
(2, (1, 1, 0), (2, 0)): [1]
(2, (1, 1, 0), (2, 1)): [1]
(2, (1, 1, 0), (2, 2)): [1]
(2, (1, 1, 1), (0, 0)): [12, 2, 2, 1, 1]
(2, (1, 1, 1), (0, 1)): [1]
(2, (1, 1, 1), (0, 2)): [1]
