(0, (0, 0, 0)): [1314111, 262699, 120277, 54766, 24364, 10372, 4252, 1691, 668, 271, 120, 62, 15, 14, 2, 0, 1]
(0, (0, 0, 1)): [4751, 13422, 3658, 1805, 855, 361, 155, 47, 18, 15, 10, 2, 1, 2]
(0, (0, 1, 0)): [51499, 45669, 18126, 9087, 4260, 1791, 771, 326, 128, 64, 20, 11, 4, 5, 2, 0, 1]
(0, (0, 1, 1)): [4084, 6596, 7656, 3618, 1866, 919, 385, 154, 87, 40, 10, 6, 3, 2, 1, 0, 1]
(0, (1, 0, 0)): [271309, 85864, 56734, 28091, 13379, 6000, 2435, 1027, 425, 170, 84, 33, 10, 12, 1, 0, 1]
(0, (1, 0, 1)): [6949, 18907, 7674, 5540, 2885, 1334, 611, 238, 119, 47, 27, 9, 4, 3, 1]
(0, (1, 1, 0)): [39515, 23380, 16973, 12661, 6615, 3135, 1276, 575, 244, 104, 48, 20, 5, 4, 0, 0, 1]
(0, (1, 1, 1)): [4177, 6563, 5560, 3896, 3229, 1633, 721, 327, 166, 70, 32, 9, 5, 3, 0, 0, 1]
(1, (0, 0, 0)): [1081542, 119191, 48621, 19243, 7416, 2805, 1101, 377, 123, 51, 19, 11, 2, 1]
(1, (0, 0, 1)): [28740, 38739, 7808, 3441, 1364, 574, 203, 64, 29, 12, 7, 4, 1, 1]
(1, (0, 1, 0)): [147016, 58491, 22469, 9807, 3962, 1582, 540, 237, 73, 27, 17, 2, 4]
(1, (0, 1, 1)): [22299, 17545, 14510, 5987, 3195, 1233, 483, 201, 75, 30, 5, 3, 1]
(1, (1, 0, 0)): [390999, 65915, 44764, 18877, 7735, 3010, 1223, 429, 149, 61, 22, 13, 2, 1]
(1, (1, 0, 1)): [33529, 34460, 10961, 7698, 3377, 1343, 549, 209, 64, 29, 8, 4, 1]
(1, (1, 1, 0)): [112701, 31683, 20970, 15823, 6503, 2657, 1026, 407, 155, 58, 24, 12, 4, 1]
(1, (1, 1, 1)): [24079, 16534, 10808, 6870, 5331, 2230, 908, 347, 129, 47, 13, 7, 4, 2]
(2, (0, 0, 0)): [948311, 45143, 14938, 4752, 1539, 477, 156, 52, 7, 5, 3]
(2, (0, 0, 1)): [85833, 23575, 5325, 1796, 628, 209, 53, 22, 7, 3, 0, 1]
(2, (0, 1, 0)): [229980, 44590, 13218, 4667, 1628, 521, 154, 54, 11, 10, 6]
(2, (0, 1, 1)): [51571, 3932, 10090, 3033, 1206, 398, 118, 36, 11, 2, 2]
(2, (1, 0, 0)): [469197, 32432, 23284, 7354, 2410, 771, 287, 82, 17, 7, 4, 1]
(2, (1, 0, 1)): [86148, 18626, 7183, 4860, 1665, 524, 174, 52, 18, 6, 2, 2]
(2, (1, 1, 0)): [189555, 26878, 13580, 9996, 3266, 1018, 362, 125, 30, 17, 5, 2]
(2, (1, 1, 1)): [56196, 7212, 8969, 4365, 3436, 1037, 371, 121, 30, 8, 5, 3]
