(0, (0, 0, 0)): [30254, 5748, 2791, 1331, 592, 250, 101, 36, 21, 5, 1, 2]
(0, (0, 0, 1)): [63, 197, 51, 27, 10, 2, 1]
(0, (0, 1, 0)): [1094, 899, 380, 213, 88, 41, 21, 7, 7, 1]
(0, (0, 1, 1)): [90, 151, 170, 88, 59, 23, 8, 8, 1, 1]
(0, (1, 0, 0)): [5601, 1586, 1283, 619, 323, 147, 50, 24, 13, 2, 1]
(0, (1, 0, 1)): [112, 342, 127, 120, 56, 25, 10, 4, 4]
(0, (1, 1, 0)): [893, 509, 360, 310, 158, 77, 30, 14, 7, 1]
(0, (1, 1, 1)): [82, 152, 113, 98, 78, 47, 25, 15, 4, 2]
(1, (0, 0, 0)): [25502, 2806, 1124, 510, 190, 62, 25, 6, 2, 2, 0, 2]
(1, (0, 0, 1)): [405, 648, 127, 70, 25, 13, 3, 0, 1]
(1, (0, 1, 0)): [2745, 1034, 454, 238, 84, 21, 9, 6, 1]
(1, (0, 1, 1)): [464, 353, 327, 157, 81, 30, 11, 2, 1]
(1, (1, 0, 0)): [8912, 1384, 1081, 489, 207, 75, 25, 7, 3, 2, 0, 1]
(1, (1, 0, 1)): [611, 702, 217, 191, 68, 27, 5, 4, 2, 1]
(1, (1, 1, 0)): [2448, 627, 467, 406, 160, 61, 26, 8, 1, 1]
(1, (1, 1, 1)): [443, 369, 219, 143, 124, 50, 22, 7, 1, 1]
(2, (0, 0, 0)): [22537, 1165, 353, 102, 32, 8, 2, 3, 0, 0, 0, 1]
(2, (0, 0, 1)): [1622, 443, 125, 47, 11, 2, 3, 0, 1]
(2, (0, 1, 0)): [4801, 859, 290, 93, 37, 6, 3, 2, 1]
(2, (0, 1, 1)): [1208, 88, 203, 77, 26, 12, 4, 1]
(2, (1, 0, 0)): [11011, 733, 518, 189, 45, 17, 2, 5, 1, 0, 0, 1]
(2, (1, 0, 1)): [1792, 361, 147, 126, 39, 9, 4, 3, 2, 1]
(2, (1, 1, 0)): [3976, 524, 280, 252, 67, 26, 4, 4, 1, 0, 1, 1]
(2, (1, 1, 1)): [1158, 178, 186, 96, 82, 27, 9, 4, 1, 1]
