(0, (0, 0, 0)): [1783946, 364323, 167690, 76529, 34280, 14700, 6059, 2475, 1019, 439, 181, 96, 33, 18, 4, 1, 1, 1]
(0, (0, 0, 1)): [6675, 20725, 5714, 2751, 1320, 569, 246, 104, 43, 25, 11, 3, 3, 3]
(0, (0, 1, 0)): [65270, 61235, 24052, 11829, 5634, 2456, 1050, 446, 187, 99, 30, 13, 5, 6, 2, 0, 1]
(0, (0, 1, 1)): [5259, 9203, 10887, 5086, 2669, 1305, 538, 237, 125, 50, 14, 11, 2, 3, 2, 0, 1, 1]
(0, (1, 0, 0)): [375818, 125576, 80945, 40160, 19262, 8665, 3595, 1522, 659, 277, 129, 56, 22, 12, 3, 1, 1, 1]
(0, (1, 0, 1)): [8867, 27595, 11149, 7948, 4149, 1931, 914, 364, 183, 69, 37, 17, 7, 2, 2, 0, 0, 1]
(0, (1, 1, 0)): [52839, 33657, 25069, 18186, 9670, 4552, 1923, 892, 381, 168, 79, 33, 10, 4, 0, 0, 1]
(0, (1, 1, 1)): [4970, 9829, 8031, 5834, 4735, 2367, 1093, 519, 246, 97, 52, 18, 5, 4, 1, 0, 1]
(1, (0, 0, 0)): [1455758, 162416, 66498, 26412, 10275, 3898, 1520, 557, 195, 81, 30, 20, 7, 3, 0, 1]
(1, (0, 0, 1)): [39130, 56281, 11236, 4838, 1983, 836, 306, 116, 58, 19, 13, 6, 3, 2]
(1, (0, 1, 0)): [196767, 85809, 31579, 13698, 5550, 2213, 770, 348, 105, 51, 26, 9, 9, 2, 1]
(1, (0, 1, 1)): [30757, 25813, 22302, 9041, 4740, 1866, 739, 304, 138, 41, 11, 6, 2, 2, 0, 1]
(1, (1, 0, 0)): [545868, 96953, 63351, 26997, 10988, 4364, 1743, 627, 246, 105, 41, 27, 5, 3, 0, 2]
(1, (1, 0, 1)): [44492, 51284, 16352, 11127, 4798, 1987, 783, 307, 101, 62, 17, 7, 0, 1]
(1, (1, 1, 0)): [152846, 46763, 31016, 22562, 9478, 3944, 1534, 611, 241, 99, 40, 20, 9, 5, 1]
(1, (1, 1, 1)): [31135, 24947, 15754, 10164, 7696, 3277, 1337, 492, 206, 75, 26, 18, 9, 4, 1, 1]
(2, (0, 0, 0)): [1269083, 59653, 19970, 6337, 2134, 681, 231, 80, 13, 7, 4, 0, 1]
(2, (0, 0, 1)): [118012, 34807, 7371, 2502, 879, 315, 88, 29, 8, 4, 0, 1]
(2, (0, 1, 0)): [312507, 65070, 18144, 6415, 2161, 716, 215, 68, 16, 10, 6, 0, 1]
(2, (0, 1, 1)): [71692, 6055, 15220, 4311, 1718, 571, 186, 61, 21, 6, 4, 1, 0, 1]
(2, (1, 0, 0)): [661113, 47923, 32227, 10217, 3380, 1070, 417, 118, 27, 13, 6, 1, 1]
(2, (1, 0, 1)): [116269, 27384, 10761, 6830, 2228, 744, 253, 78, 29, 9, 2, 3, 1]
(2, (1, 1, 0)): [261915, 39803, 19973, 13912, 4567, 1454, 494, 166, 51, 25, 8, 2, 2, 1]
(2, (1, 1, 1)): [76494, 11111, 12782, 6342, 4760, 1492, 512, 170, 54, 10, 8, 3, 1, 1]
