(0, (0, 0, 0)): [27271, 5833, 2784, 1305, 614, 273, 121, 43, 18, 5, 0, 5]
(0, (0, 0, 1)): [102, 244, 81, 40, 27, 13, 4, 1]
(0, (0, 1, 0)): [1108, 1083, 443, 227, 109, 49, 18, 7, 5, 2, 0, 1]
(0, (0, 1, 1)): [65, 156, 200, 87, 38, 20, 11, 5, 5]
(0, (1, 0, 0)): [5665, 1827, 1326, 649, 339, 160, 73, 24, 10, 2, 0, 3]
(0, (1, 0, 1)): [128, 410, 169, 148, 75, 44, 19, 6, 3, 0, 1]
(0, (1, 1, 0)): [887, 523, 437, 321, 181, 80, 34, 12, 4, 4, 0, 3]
(0, (1, 1, 1)): [97, 165, 143, 98, 73, 33, 20, 8, 3, 3, 1, 1]
(1, (0, 0, 0)): [22453, 2643, 1083, 460, 166, 71, 31, 9, 2, 1, 0, 1]
(1, (0, 0, 1)): [617, 907, 179, 72, 32, 17, 3, 4, 0, 0, 1, 1]
(1, (0, 1, 0)): [3192, 1278, 525, 229, 104, 49, 20, 6, 2, 2]
(1, (0, 1, 1)): [436, 430, 331, 139, 66, 23, 8, 5, 2]
(1, (1, 0, 0)): [8196, 1454, 1014, 438, 180, 73, 28, 9, 2, 2, 0, 1]
(1, (1, 0, 1)): [723, 709, 242, 188, 83, 39, 9, 3, 0, 0, 0, 1]
(1, (1, 1, 0)): [2485, 683, 487, 361, 163, 74, 26, 9, 4, 1, 0, 1]
(1, (1, 1, 1)): [529, 339, 254, 146, 125, 59, 24, 8, 3, 1, 2, 2]
(2, (0, 0, 0)): [19827, 1034, 319, 113, 29, 18, 5, 1]
(2, (0, 0, 1)): [2047, 565, 128, 49, 15, 6, 2]
(2, (0, 1, 0)): [5004, 988, 299, 113, 35, 18, 7, 2, 0, 1]
(2, (0, 1, 1)): [1236, 95, 234, 86, 28, 11, 6, 1, 1, 0, 1]
(2, (1, 0, 0)): [9906, 709, 496, 181, 54, 29, 14, 2]
(2, (1, 0, 1)): [1983, 435, 183, 123, 43, 11, 7, 1, 1]
(2, (1, 1, 0)): [4019, 585, 283, 251, 86, 37, 13, 3, 1, 1]
(2, (1, 1, 1)): [1309, 187, 219, 121, 90, 31, 13, 2, 1, 0, 1, 1]
