(0, (0, 0, 0), (0, 0)): [13905, 2993, 1413, 670, 298, 137, 55, 28, 11, 6, 1]
(0, (0, 0, 0), (0, 1)): [3]
(0, (0, 0, 0), (0, 2)): [3]
(0, (0, 0, 0), (1, 0)): [1, 1, 1, 1, 0, 1]
(0, (0, 0, 0), (2, 0)): [1, 1, 0, 1, 0, 1]
(0, (0, 0, 0), (3, 0)): [1, 1, 0, 1, 0, 1]
(0, (0, 0, 1), (0, 0)): [67, 241, 72, 39, 17, 3, 1, 3]
(0, (0, 0, 1), (0, 1)): [0, 1]
(0, (0, 0, 1), (0, 2)): [0, 1]
(0, (0, 1, 0), (0, 0)): [405, 510, 210, 110, 38, 20, 10, 8, 1, 2]
(0, (0, 1, 0), (0, 1)): [0, 1]
(0, (0, 1, 0), (0, 2)): [0, 1]
(0, (0, 1, 1), (0, 0)): [45, 89, 119, 43, 23, 16, 9, 4, 0, 1]
(0, (1, 0, 0), (0, 0)): [3133, 1209, 748, 355, 184, 88, 34, 19, 8, 4, 1]
(0, (1, 0, 0), (0, 1)): [1, 0, 2]
(0, (1, 0, 0), (0, 2)): [1, 0, 1]
(0, (1, 0, 0), (1, 0)): [0, 0, 1]
(0, (1, 0, 0), (1, 1)): [0, 0, 1]
(0, (1, 0, 0), (2, 0)): [0, 0, 1]
(0, (1, 0, 0), (2, 1)): [0, 0, 2]
(0, (1, 0, 1), (0, 0)): [79, 254, 116, 98, 57, 25, 10, 6, 1, 1]
(0, (1, 1, 0), (0, 0)): [391, 294, 240, 154, 91, 41, 22, 13, 4, 3, 1]
(0, (1, 1, 0), (0, 1)): [1, 0, 0, 1]
(0, (1, 1, 1), (0, 0)): [42, 92, 73, 66, 58, 26, 14, 5, 2]
(1, (0, 0, 0), (0, 0)): [11000, 1228, 483, 210, 79, 31, 15, 4, 1, 1]
(1, (0, 0, 0), (0, 1)): [5]
(1, (0, 0, 0), (0, 2)): [5]
(1, (0, 0, 0), (1, 0)): [3]
(1, (0, 0, 0), (1, 2)): [1]
(1, (0, 0, 0), (2, 0)): [3]
(1, (0, 0, 0), (3, 0)): [3]
(1, (0, 0, 1), (0, 0)): [349, 628, 113, 55, 27, 4, 4, 3]
(1, (0, 0, 1), (0, 1)): [1, 0, 1]
(1, (0, 0, 1), (0, 2)): [1]
(1, (0, 0, 1), (1, 0)): [1, 1]
(1, (0, 0, 1), (1, 1)): [0, 0, 1]
(1, (0, 0, 1), (2, 0)): [1, 1]
(1, (0, 0, 1), (3, 0)): [1, 1]
(1, (0, 1, 0), (0, 0)): [1601, 862, 270, 124, 39, 17, 11, 2, 1]
(1, (0, 1, 1), (0, 0)): [292, 247, 281, 89, 37, 23, 10, 2, 0, 1]
(1, (0, 1, 1), (0, 1)): [1]
(1, (0, 1, 1), (0, 2)): [1]
(1, (0, 1, 1), (1, 0)): [0, 0, 0, 0, 1, 1]
(1, (0, 1, 1), (2, 0)): [0, 0, 0, 0, 1, 1]
(1, (0, 1, 1), (3, 0)): [0, 0, 0, 0, 1, 1]
(1, (1, 0, 0), (0, 0)): [4690, 897, 550, 247, 85, 37, 13, 4, 2, 2]
(1, (1, 0, 0), (1, 0)): [1, 0, 1]
(1, (1, 0, 0), (2, 0)): [1, 0, 1]
(1, (1, 0, 0), (2, 1)): [0, 0, 1]
(1, (1, 0, 0), (3, 0)): [1]
(1, (1, 0, 0), (3, 1)): [1]
(1, (1, 0, 1), (0, 0)): [420, 544, 189, 113, 46, 22, 6, 2]
(1, (1, 1, 0), (0, 0)): [1191, 373, 245, 190, 81, 39, 16, 8, 3, 1]
(1, (1, 1, 0), (1, 0)): [0, 0, 1]
(1, (1, 1, 0), (2, 0)): [0, 0, 1]
(1, (1, 1, 0), (3, 0)): [0, 0, 1]
(1, (1, 1, 1), (0, 0)): [240, 208, 132, 99, 58, 25, 9, 5, 0, 1]
(2, (0, 0, 0), (0, 0)): [9378, 415, 121, 44, 13, 6, 3, 1]
(2, (0, 0, 0), (0, 1)): [2, 1]
(2, (0, 0, 0), (0, 2)): [2, 1]
(2, (0, 0, 0), (1, 0)): [3, 1]
(2, (0, 0, 0), (2, 0)): [3, 1]
(2, (0, 0, 0), (3, 0)): [3, 1]
(2, (0, 0, 1), (0, 0)): [1234, 400, 80, 26, 6, 5, 2]
(2, (0, 1, 0), (0, 0)): [2613, 598, 145, 50, 16, 6, 4]
(2, (0, 1, 0), (0, 1)): [1]
(2, (0, 1, 0), (0, 2)): [1]
(2, (0, 1, 0), (1, 0)): [0, 1]
(2, (0, 1, 0), (2, 0)): [0, 1]
(2, (0, 1, 0), (3, 0)): [0, 1]
(2, (0, 1, 0), (3, 1)): [0, 1]
(2, (0, 1, 0), (3, 2)): [0, 1]
(2, (0, 1, 1), (0, 0)): [704, 47, 177, 38, 21, 3, 2, 1, 0, 1]
(2, (1, 0, 0), (0, 0)): [5639, 464, 227, 68, 29, 7, 2, 1]
(2, (1, 0, 0), (0, 1)): [3]
(2, (1, 0, 0), (0, 2)): [3]
(2, (1, 0, 0), (1, 0)): [0, 0, 0, 1]
(2, (1, 0, 0), (2, 0)): [0, 0, 0, 1]
(2, (1, 0, 0), (3, 0)): [0, 0, 0, 1]
(2, (1, 0, 1), (0, 0)): [1063, 285, 120, 59, 26, 10, 4, 1, 1]
(2, (1, 1, 0), (0, 0)): [1919, 296, 177, 106, 35, 14, 4, 0, 1]
(2, (1, 1, 0), (0, 1)): [2]
(2, (1, 1, 0), (0, 2)): [2]
(2, (1, 1, 1), (0, 0)): [561, 77, 85, 41, 34, 12, 6, 2, 1]
(2, (1, 1, 1), (0, 1)): [1]
(2, (1, 1, 1), (1, 0)): [1]
(2, (1, 1, 1), (1, 1)): [1]
(2, (1, 1, 1), (1, 2)): [1]
(2, (1, 1, 1), (2, 0)): [1]
(2, (1, 1, 1), (3, 0)): [1]
(2, (1, 1, 1), (3, 1)): [1]
(2, (1, 1, 1), (3, 2)): [1]
