(0, (0, 0, 0)): [14889, 2775, 1358, 637, 310, 97, 62, 23, 10, 7, 1]
(0, (0, 0, 1)): [60, 167, 53, 24, 19, 5, 4, 2]
(0, (0, 1, 0)): [465, 435, 154, 94, 46, 17, 11, 3, 2, 1]
(0, (0, 1, 1)): [40, 60, 88, 45, 16, 3, 5, 1, 1]
(0, (1, 0, 0)): [3252, 976, 680, 329, 178, 64, 35, 13, 7, 3, 1]
(0, (1, 0, 1)): [55, 230, 86, 60, 32, 8, 6, 1, 0, 1]
(0, (1, 1, 0)): [459, 299, 209, 145, 92, 46, 14, 10, 6, 4, 1]
(0, (1, 1, 1)): [46, 98, 75, 68, 49, 15, 4, 6, 2, 1]
(1, (0, 0, 0)): [11972, 1239, 526, 227, 94, 21, 18, 5, 0, 1]
(1, (0, 0, 1)): [297, 378, 66, 42, 20, 3, 5, 0, 2]
(1, (0, 1, 0)): [1511, 646, 241, 117, 49, 12, 11, 5, 1]
(1, (0, 1, 1)): [234, 183, 161, 67, 53, 21, 8, 1, 1]
(1, (1, 0, 0)): [4705, 787, 534, 241, 99, 29, 19, 7, 1, 1]
(1, (1, 0, 1)): [326, 427, 120, 72, 42, 13, 12, 1, 2]
(1, (1, 1, 0)): [1394, 446, 303, 211, 84, 34, 13, 12, 1, 1]
(1, (1, 1, 1)): [309, 240, 162, 99, 78, 30, 12, 7, 2, 1]
(2, (0, 0, 0)): [10209, 452, 160, 55, 19, 6, 4]
(2, (0, 0, 1)): [792, 263, 40, 18, 9, 0, 0, 1]
(2, (0, 1, 0)): [2390, 514, 131, 69, 17, 8, 2]
(2, (0, 1, 1)): [543, 34, 120, 27, 16, 2, 2, 1]
(2, (1, 0, 0)): [5647, 381, 289, 92, 25, 6, 6]
(2, (1, 0, 1)): [858, 210, 71, 58, 21, 1, 2]
(2, (1, 1, 0)): [2609, 431, 227, 141, 35, 13, 8, 1]
(2, (1, 1, 1)): [729, 107, 135, 55, 41, 18, 9, 1]
