(0, (0, 0, 0)): [1775596, 361891, 166688, 75933, 33963, 14557, 6012, 2440, 998, 432, 176, 94, 33, 18, 4, 1, 1, 1]
(0, (0, 0, 1)): [6758, 20817, 5770, 2749, 1326, 565, 249, 104, 42, 24, 11, 3, 4, 3]
(0, (0, 1, 0)): [64663, 60766, 23880, 11680, 5587, 2408, 1036, 435, 183, 99, 30, 13, 5, 6, 2, 0, 1]
(0, (0, 1, 1)): [5226, 9139, 10812, 5050, 2645, 1300, 533, 234, 125, 50, 14, 10, 2, 3, 2, 0, 1, 1]
(0, (1, 0, 0)): [374892, 125454, 80627, 39951, 19086, 8597, 3569, 1503, 646, 276, 128, 55, 22, 12, 3, 1, 1, 1]
(0, (1, 0, 1)): [8864, 27431, 11123, 7878, 4123, 1911, 912, 359, 178, 68, 36, 17, 7, 2, 2, 0, 0, 1]
(0, (1, 1, 0)): [52562, 33513, 25004, 18025, 9593, 4526, 1906, 886, 375, 169, 79, 32, 10, 4, 0, 0, 1]
(0, (1, 1, 1)): [4949, 9752, 7996, 5798, 4710, 2346, 1073, 515, 241, 98, 51, 18, 5, 4, 1, 0, 1]
(1, (0, 0, 0)): [1447643, 161046, 65955, 26169, 10177, 3858, 1511, 549, 193, 81, 30, 20, 7, 3, 0, 1]
(1, (0, 0, 1)): [39168, 56398, 11251, 4818, 1997, 826, 302, 116, 57, 20, 12, 6, 4, 2]
(1, (0, 1, 0)): [196163, 85811, 31504, 13668, 5517, 2185, 771, 341, 103, 50, 26, 9, 9, 2, 1]
(1, (0, 1, 1)): [30678, 25738, 22387, 9051, 4713, 1859, 736, 301, 133, 44, 12, 7, 2, 2, 0, 1]
(1, (1, 0, 0)): [543958, 96729, 63026, 26806, 10900, 4322, 1726, 613, 245, 105, 39, 28, 5, 3, 0, 2]
(1, (1, 0, 1)): [44212, 51152, 16401, 11055, 4769, 1976, 780, 297, 100, 63, 17, 7, 0, 1]
(1, (1, 1, 0)): [151870, 46481, 30883, 22400, 9419, 3899, 1517, 603, 243, 97, 38, 20, 9, 5, 1]
(1, (1, 1, 1)): [30865, 24747, 15660, 10112, 7610, 3244, 1321, 493, 210, 75, 26, 18, 9, 4, 1, 1]
(2, (0, 0, 0)): [1261482, 59025, 19795, 6286, 2103, 675, 232, 80, 12, 7, 5, 0, 1]
(2, (0, 0, 1)): [117719, 34953, 7334, 2487, 868, 309, 89, 29, 7, 4, 0, 1]
(2, (0, 1, 0)): [311737, 65118, 18061, 6365, 2123, 712, 213, 67, 15, 10, 6, 0, 1]
(2, (0, 1, 1)): [71469, 6062, 15244, 4266, 1692, 566, 186, 60, 21, 5, 4, 1, 0, 1]
(2, (1, 0, 0)): [658956, 47838, 31987, 10146, 3327, 1055, 415, 119, 25, 13, 7, 1, 1]
(2, (1, 0, 1)): [115463, 27365, 10767, 6748, 2193, 731, 249, 78, 27, 9, 2, 3, 1]
(2, (1, 1, 0)): [260249, 39584, 19895, 13774, 4501, 1433, 488, 164, 50, 24, 8, 2, 2, 1]
(2, (1, 1, 1)): [75899, 11052, 12701, 6276, 4690, 1477, 508, 171, 54, 11, 9, 3, 1, 1]
