(0, (0, 0, 0), (0, 0)): [795770, 153370, 69408, 30900, 13425, 5567, 2233, 914, 335, 150, 53, 26, 10, 3]
(0, (0, 0, 0), (0, 1)): [24067, 4237, 1823, 862, 325, 136, 51, 19, 7, 8]
(0, (0, 0, 0), (0, 2)): [9284, 1395, 602, 288, 107, 47, 18, 3, 4, 2]
(0, (0, 0, 0), (1, 0)): [22586, 4561, 2127, 922, 440, 189, 75, 35, 11, 4, 2]
(0, (0, 0, 0), (1, 1)): [20524, 3812, 1683, 762, 347, 123, 54, 21, 6, 6, 2]
(0, (0, 0, 0), (1, 2)): [13962, 2232, 981, 449, 204, 95, 29, 8, 3, 5, 1]
(0, (0, 0, 0), (2, 0)): [7446, 1639, 823, 361, 167, 82, 26, 20, 5, 1]
(0, (0, 0, 0), (2, 1)): [10781, 2153, 1059, 454, 205, 74, 27, 21, 7, 2]
(0, (0, 0, 0), (2, 2)): [10905, 1846, 937, 405, 194, 79, 17, 8, 7, 6]
(0, (0, 0, 0), (3, 0)): [2273, 599, 295, 157, 65, 39, 14, 8, 2]
(0, (0, 0, 0), (3, 1)): [4215, 1075, 505, 248, 102, 49, 17, 16, 2]
(0, (0, 0, 0), (3, 2)): [5706, 1198, 642, 277, 131, 58, 12, 13, 5, 4]
(0, (0, 0, 1), (0, 0)): [3321, 8662, 2271, 1109, 507, 207, 88, 26, 8, 8, 3, 2, 0, 1]
(0, (0, 0, 1), (0, 1)): [92, 238, 72, 28, 12, 3, 0, 2, 0, 1]
(0, (0, 0, 1), (0, 2)): [37, 95, 20, 11, 5, 1, 0, 1]
(0, (0, 0, 1), (1, 0)): [90, 251, 62, 41, 14, 7, 1, 2]
(0, (0, 0, 1), (1, 1)): [88, 207, 60, 25, 13, 4, 0, 1, 0, 1]
(0, (0, 0, 1), (1, 2)): [62, 149, 37, 15, 7, 2, 0, 2, 0, 1]
(0, (0, 0, 1), (2, 0)): [34, 103, 22, 19, 4, 4, 0, 1]
(0, (0, 0, 1), (2, 1)): [43, 115, 38, 20, 9, 3, 0, 1]
(0, (0, 0, 1), (2, 2)): [54, 143, 41, 12, 7, 1]
(0, (0, 0, 1), (3, 0)): [16, 32, 8, 6, 2, 2]
(0, (0, 0, 1), (3, 1)): [25, 47, 16, 13, 6, 2]
(0, (0, 0, 1), (3, 2)): [30, 78, 22, 14, 9, 1]
(0, (0, 1, 0), (0, 0)): [30575, 25957, 10232, 4966, 2299, 942, 409, 176, 65, 34, 10, 1, 1, 1]
(0, (0, 1, 0), (0, 1)): [849, 761, 288, 121, 55, 18, 14, 7, 3]
(0, (0, 1, 0), (0, 2)): [348, 260, 101, 38, 18, 5, 8, 2, 1]
(0, (0, 1, 0), (1, 0)): [892, 740, 320, 147, 65, 28, 10, 8, 1, 1]
(0, (0, 1, 0), (1, 1)): [727, 659, 252, 112, 45, 17, 6, 6, 1, 1]
(0, (0, 1, 0), (1, 2)): [511, 409, 149, 69, 29, 7, 3, 5, 1, 1]
(0, (0, 1, 0), (2, 0)): [348, 258, 123, 52, 24, 16, 4, 3]
(0, (0, 1, 0), (2, 1)): [411, 358, 147, 54, 26, 14, 4, 2, 1]
(0, (0, 1, 0), (2, 2)): [447, 311, 136, 54, 29, 6, 3, 1, 2]
(0, (0, 1, 0), (3, 0)): [131, 67, 48, 21, 12, 6, 2, 3]
(0, (0, 1, 0), (3, 1)): [173, 128, 67, 31, 12, 9, 1]
(0, (0, 1, 0), (3, 2)): [272, 176, 91, 40, 22, 6, 3, 1, 1]
(0, (0, 1, 1), (0, 0)): [2506, 3802, 4314, 2058, 1071, 495, 207, 95, 45, 23, 3, 1, 2]
(0, (0, 1, 1), (0, 1)): [72, 121, 130, 41, 30, 12, 5, 3, 1]
(0, (0, 1, 1), (0, 2)): [41, 46, 42, 13, 12, 4, 3, 1, 1]
(0, (0, 1, 1), (1, 0)): [69, 123, 169, 79, 47, 18, 9, 3, 2]
(0, (0, 1, 1), (1, 1)): [48, 105, 132, 38, 30, 9, 3, 3, 1]
(0, (0, 1, 1), (1, 2)): [47, 62, 67, 19, 17, 9, 3, 1, 2]
(0, (0, 1, 1), (2, 0)): [38, 54, 68, 40, 27, 12, 4, 2, 1]
(0, (0, 1, 1), (2, 1)): [33, 61, 73, 29, 19, 3, 1, 3, 1]
(0, (0, 1, 1), (2, 2)): [34, 54, 56, 19, 13, 4, 4, 1, 2]
(0, (0, 1, 1), (3, 0)): [21, 25, 28, 19, 18, 10, 3, 1]
(0, (0, 1, 1), (3, 1)): [13, 17, 29, 14, 11, 1, 0, 1]
(0, (0, 1, 1), (3, 2)): [13, 30, 37, 14, 11, 2, 2, 1, 2]
(0, (1, 0, 0), (0, 0)): [165690, 52042, 33257, 16075, 7477, 3285, 1300, 561, 221, 100, 36, 16, 8]
(0, (1, 0, 0), (0, 1)): [4870, 1405, 884, 388, 196, 85, 35, 19, 6, 2]
(0, (1, 0, 0), (0, 2)): [1886, 467, 286, 119, 50, 22, 14, 4, 4]
(0, (1, 0, 0), (1, 0)): [4169, 1353, 993, 434, 212, 104, 39, 19, 6, 6, 1]
(0, (1, 0, 0), (1, 1)): [3410, 1075, 743, 311, 163, 74, 26, 19, 3, 4, 1]
(0, (1, 0, 0), (1, 2)): [2310, 623, 397, 186, 77, 32, 17, 13, 2, 3]
(0, (1, 0, 0), (2, 0)): [1310, 449, 345, 181, 85, 45, 18, 5, 3, 2]
(0, (1, 0, 0), (2, 1)): [1593, 531, 385, 169, 85, 44, 18, 7, 3, 2]
(0, (1, 0, 0), (2, 2)): [1552, 447, 315, 134, 73, 33, 19, 11, 2, 4]
(0, (1, 0, 0), (3, 0)): [351, 146, 118, 77, 41, 13, 5, 1, 0, 1]
(0, (1, 0, 0), (3, 1)): [591, 230, 179, 105, 46, 17, 4, 1, 2]
(0, (1, 0, 0), (3, 2)): [738, 251, 185, 94, 50, 22, 6, 8, 2, 1]
(0, (1, 0, 1), (0, 0)): [4447, 11444, 4581, 3188, 1608, 713, 338, 131, 62, 23, 14, 5, 1, 1]
(0, (1, 0, 1), (0, 1)): [126, 299, 116, 81, 40, 17, 10, 4, 1, 1]
(0, (1, 0, 1), (0, 2)): [58, 109, 42, 33, 9, 6, 4, 1]
(0, (1, 0, 1), (1, 0)): [111, 318, 110, 97, 38, 22, 6, 4, 3]
(0, (1, 0, 1), (1, 1)): [87, 224, 79, 62, 31, 14, 3, 2]
(0, (1, 0, 1), (1, 2)): [83, 143, 47, 41, 11, 8, 5, 1]
(0, (1, 0, 1), (2, 0)): [43, 107, 45, 29, 15, 11, 4, 3, 1]
(0, (1, 0, 1), (2, 1)): [28, 129, 50, 32, 22, 9, 4, 1, 1]
(0, (1, 0, 1), (2, 2)): [47, 103, 34, 26, 14, 4, 5, 2]
(0, (1, 0, 1), (3, 0)): [24, 30, 16, 8, 3, 5, 1, 3]
(0, (1, 0, 1), (3, 1)): [10, 51, 17, 17, 9, 5, 2]
(0, (1, 0, 1), (3, 2)): [23, 44, 24, 16, 7, 6, 3, 2]
(0, (1, 1, 0), (0, 0)): [23198, 13542, 9801, 7073, 3660, 1726, 680, 317, 127, 65, 22, 10, 3]
(0, (1, 1, 0), (0, 1)): [679, 355, 276, 167, 107, 43, 17, 9, 3, 2]
(0, (1, 1, 0), (0, 2)): [283, 130, 92, 54, 36, 22, 8, 3, 1]
(0, (1, 1, 0), (1, 0)): [557, 335, 242, 181, 101, 49, 23, 10, 2, 1, 1]
(0, (1, 1, 0), (1, 1)): [461, 276, 196, 136, 70, 35, 19, 7, 3, 3]
(0, (1, 1, 0), (1, 2)): [340, 176, 118, 81, 47, 22, 10, 9, 1, 2]
(0, (1, 1, 0), (2, 0)): [185, 109, 76, 68, 35, 16, 9, 1, 1]
(0, (1, 1, 0), (2, 1)): [225, 134, 81, 79, 40, 22, 11, 1, 3, 1]
(0, (1, 1, 0), (2, 2)): [244, 126, 84, 57, 40, 16, 7, 4, 2]
(0, (1, 1, 0), (3, 0)): [49, 29, 25, 22, 15, 7, 4, 1]
(0, (1, 1, 0), (3, 1)): [92, 48, 29, 37, 21, 13, 7, 1, 1, 1]
(0, (1, 1, 0), (3, 2)): [120, 59, 43, 47, 31, 12, 4, 2, 1]
(0, (1, 1, 1), (0, 0)): [2517, 3623, 3111, 2211, 1756, 900, 395, 191, 80, 40, 12, 4, 2]
(0, (1, 1, 1), (0, 1)): [82, 90, 89, 49, 43, 29, 7, 6, 3, 1]
(0, (1, 1, 1), (0, 2)): [36, 35, 32, 14, 14, 10, 2, 1, 2]
(0, (1, 1, 1), (1, 0)): [58, 93, 89, 79, 64, 32, 11, 6, 2, 1]
(0, (1, 1, 1), (1, 1)): [58, 69, 76, 53, 43, 24, 5, 5, 1, 2]
(0, (1, 1, 1), (1, 2)): [51, 55, 45, 27, 21, 16, 0, 1, 2, 1]
(0, (1, 1, 1), (2, 0)): [20, 32, 28, 32, 24, 16, 4, 3]
(0, (1, 1, 1), (2, 1)): [28, 29, 37, 34, 17, 11, 5, 3, 1, 1]
(0, (1, 1, 1), (2, 2)): [34, 32, 38, 28, 17, 14, 2, 3, 0, 2]
(0, (1, 1, 1), (3, 0)): [7, 14, 9, 10, 9, 8, 2, 2]
(0, (1, 1, 1), (3, 1)): [9, 17, 13, 13, 7, 5, 3, 1]
(0, (1, 1, 1), (3, 2)): [12, 20, 23, 15, 11, 9, 2, 2]
(1, (0, 0, 0), (0, 0)): [653066, 69184, 27977, 10870, 4080, 1493, 593, 193, 70, 28, 11, 5, 2, 1]
(1, (0, 0, 0), (0, 1)): [20089, 1810, 747, 295, 100, 36, 13, 3]
(1, (0, 0, 0), (0, 2)): [7736, 571, 221, 95, 31, 10, 2]
(1, (0, 0, 0), (1, 0)): [18855, 2274, 889, 380, 132, 46, 15, 4, 1]
(1, (0, 0, 0), (1, 1)): [17220, 1740, 700, 267, 95, 39, 14, 4, 1]
(1, (0, 0, 0), (1, 2)): [11585, 919, 377, 158, 59, 29, 8, 0, 1]
(1, (0, 0, 0), (2, 0)): [6418, 890, 361, 161, 56, 18, 7, 2]
(1, (0, 0, 0), (2, 1)): [9272, 1071, 445, 165, 51, 18, 7, 4]
(1, (0, 0, 0), (2, 2)): [9299, 877, 373, 143, 48, 30, 9, 1, 1]
(1, (0, 0, 0), (3, 0)): [1932, 311, 156, 64, 31, 11, 4, 1]
(1, (0, 0, 0), (3, 1)): [3742, 517, 268, 96, 41, 9, 5, 3]
(1, (0, 0, 0), (3, 2)): [5009, 580, 291, 105, 37, 13, 8, 1]
(1, (0, 0, 1), (0, 0)): [17415, 22670, 4468, 1902, 765, 299, 106, 33, 12, 6, 3, 1, 1]
(1, (0, 0, 1), (0, 1)): [518, 575, 126, 43, 14, 6, 4]
(1, (0, 0, 1), (0, 2)): [231, 194, 47, 11, 2, 2, 2]
(1, (0, 0, 1), (1, 0)): [562, 790, 157, 73, 27, 12, 1, 2, 0, 1]
(1, (0, 0, 1), (1, 1)): [479, 570, 99, 52, 20, 6, 1, 1]
(1, (0, 0, 1), (1, 2)): [375, 318, 51, 21, 10, 4, 1]
(1, (0, 0, 1), (2, 0)): [234, 296, 66, 26, 14, 4, 1, 1, 0, 1]
(1, (0, 0, 1), (2, 1)): [238, 330, 58, 28, 12, 5, 2, 1]
(1, (0, 0, 1), (2, 2)): [271, 265, 45, 20, 6, 4, 1]
(1, (0, 0, 1), (3, 0)): [120, 110, 36, 18, 4, 2, 0, 1]
(1, (0, 0, 1), (3, 1)): [113, 158, 34, 12, 5, 3, 2, 1]
(1, (0, 0, 1), (3, 2)): [165, 151, 38, 12, 6, 4, 2]
(1, (0, 1, 0), (0, 0)): [87995, 34939, 13070, 5619, 2214, 836, 270, 123, 38, 12, 8, 2, 3]
(1, (0, 1, 0), (0, 1)): [2577, 970, 348, 133, 42, 24, 3, 1, 0, 1]
(1, (0, 1, 0), (0, 2)): [1053, 339, 111, 41, 14, 8, 2]
(1, (0, 1, 0), (1, 0)): [2865, 1169, 425, 223, 77, 32, 11, 2, 1]
(1, (0, 1, 0), (1, 1)): [2233, 859, 314, 138, 51, 25, 4, 2, 0, 1]
(1, (0, 1, 0), (1, 2)): [1533, 508, 205, 67, 21, 12, 3, 1, 0, 1]
(1, (0, 1, 0), (2, 0)): [1283, 508, 196, 106, 34, 13, 7, 1, 1]
(1, (0, 1, 0), (2, 1)): [1211, 534, 175, 81, 32, 16, 4, 1]
(1, (0, 1, 0), (2, 2)): [1192, 461, 165, 55, 22, 14, 3]
(1, (0, 1, 0), (3, 0)): [712, 199, 83, 71, 21, 8, 5, 1, 1]
(1, (0, 1, 0), (3, 1)): [636, 226, 78, 54, 23, 12, 3, 1, 1]
(1, (0, 1, 0), (3, 2)): [742, 275, 103, 50, 23, 10, 5]
(1, (0, 1, 1), (0, 0)): [13535, 9945, 8450, 3399, 1800, 691, 259, 103, 39, 19, 3, 3, 1]
(1, (0, 1, 1), (0, 1)): [316, 237, 196, 89, 31, 20, 5, 1]
(1, (0, 1, 1), (0, 2)): [152, 88, 72, 35, 15, 7, 2]
(1, (0, 1, 1), (1, 0)): [521, 434, 332, 129, 91, 26, 14, 6, 2, 1]
(1, (0, 1, 1), (1, 1)): [266, 203, 189, 62, 33, 9, 4, 3, 0, 1]
(1, (0, 1, 1), (1, 2)): [207, 122, 116, 36, 23, 8, 4]
(1, (0, 1, 1), (2, 0)): [335, 270, 188, 95, 63, 24, 11, 4, 2]
(1, (0, 1, 1), (2, 1)): [147, 131, 107, 36, 22, 7, 3, 1, 0, 1]
(1, (0, 1, 1), (2, 2)): [162, 106, 104, 33, 19, 6, 2, 1]
(1, (0, 1, 1), (3, 0)): [267, 181, 130, 76, 50, 21, 8, 4, 2]
(1, (0, 1, 1), (3, 1)): [64, 60, 47, 20, 13, 4, 1]
(1, (0, 1, 1), (3, 2)): [90, 73, 53, 25, 14, 5, 0, 1]
(1, (1, 0, 0), (0, 0)): [236729, 39405, 26025, 10680, 4308, 1619, 659, 220, 86, 33, 9, 6, 2, 1]
(1, (1, 0, 0), (0, 1)): [6878, 1011, 645, 281, 99, 32, 15, 5, 1, 1]
(1, (1, 0, 0), (0, 2)): [2574, 324, 215, 83, 26, 7, 2, 2, 0, 1]
(1, (1, 0, 0), (1, 0)): [6653, 1243, 792, 349, 143, 55, 23, 7, 3, 1]
(1, (1, 0, 0), (1, 1)): [5418, 832, 566, 260, 85, 34, 18, 6, 2]
(1, (1, 0, 0), (1, 2)): [3473, 466, 335, 121, 41, 13, 5, 5]
(1, (1, 0, 0), (2, 0)): [2199, 442, 286, 149, 50, 24, 7, 2, 2, 1]
(1, (1, 0, 0), (2, 1)): [2741, 471, 324, 149, 60, 18, 13, 3, 3]
(1, (1, 0, 0), (2, 2)): [2536, 380, 289, 103, 30, 12, 8, 4, 1]
(1, (1, 0, 0), (3, 0)): [628, 132, 87, 60, 21, 11, 2, 1, 0, 1]
(1, (1, 0, 0), (3, 1)): [1029, 227, 143, 72, 39, 16, 2, 2, 1, 1]
(1, (1, 0, 0), (3, 2)): [1237, 226, 164, 80, 26, 11, 4, 3, 2, 1]
(1, (1, 0, 1), (0, 0)): [20143, 20595, 6435, 4454, 1900, 731, 319, 110, 27, 14, 1, 3]
(1, (1, 0, 1), (0, 1)): [604, 543, 160, 111, 48, 21, 7, 2, 0, 1]
(1, (1, 0, 1), (0, 2)): [272, 165, 68, 39, 9, 7, 3, 1, 0, 1]
(1, (1, 0, 1), (1, 0)): [565, 539, 214, 143, 62, 19, 8, 2]
(1, (1, 0, 1), (1, 1)): [452, 415, 134, 90, 39, 14, 8, 1]
(1, (1, 0, 1), (1, 2)): [342, 232, 80, 60, 12, 9, 5, 1]
(1, (1, 0, 1), (2, 0)): [213, 164, 80, 55, 24, 8, 1, 1]
(1, (1, 0, 1), (2, 1)): [203, 203, 81, 46, 33, 6, 3]
(1, (1, 0, 1), (2, 2)): [231, 171, 69, 38, 22, 5, 4]
(1, (1, 0, 1), (3, 0)): [93, 46, 30, 22, 9, 3, 1]
(1, (1, 0, 1), (3, 1)): [74, 79, 36, 18, 15, 4]
(1, (1, 0, 1), (3, 2)): [110, 84, 41, 21, 12, 6, 2]
(1, (1, 1, 0), (0, 0)): [66517, 18814, 12239, 8974, 3591, 1413, 546, 223, 97, 27, 7, 5, 4, 1]
(1, (1, 1, 0), (0, 1)): [2082, 531, 295, 232, 92, 41, 13, 4, 4]
(1, (1, 1, 0), (0, 2)): [876, 188, 98, 92, 31, 11, 6, 0, 1]
(1, (1, 1, 0), (1, 0)): [1777, 538, 370, 277, 117, 47, 30, 10, 2, 2]
(1, (1, 1, 0), (1, 1)): [1483, 430, 264, 194, 82, 41, 13, 7, 1, 1]
(1, (1, 1, 0), (1, 2)): [1117, 246, 161, 126, 46, 18, 6, 2]
(1, (1, 1, 0), (2, 0)): [615, 188, 122, 99, 41, 21, 14, 2, 2, 1]
(1, (1, 1, 0), (2, 1)): [743, 243, 150, 113, 46, 30, 10, 3, 2]
(1, (1, 1, 0), (2, 2)): [785, 193, 102, 99, 40, 19, 4, 1, 1]
(1, (1, 1, 0), (3, 0)): [148, 74, 34, 27, 21, 11, 6, 2, 1, 1]
(1, (1, 1, 0), (3, 1)): [302, 105, 76, 55, 22, 14, 8, 2, 1, 1]
(1, (1, 1, 0), (3, 2)): [390, 117, 69, 49, 22, 17, 5, 1, 0, 1]
(1, (1, 1, 1), (0, 0)): [14200, 9395, 6294, 3969, 2869, 1193, 463, 178, 70, 26, 5, 4, 3, 1]
(1, (1, 1, 1), (0, 1)): [453, 245, 188, 118, 73, 34, 17, 3, 4]
(1, (1, 1, 1), (0, 2)): [226, 83, 60, 41, 21, 9, 6, 1, 1]
(1, (1, 1, 1), (1, 0)): [385, 278, 175, 120, 79, 37, 14, 7, 1]
(1, (1, 1, 1), (1, 1)): [320, 205, 148, 104, 64, 33, 14, 5, 2]
(1, (1, 1, 1), (1, 2)): [252, 108, 104, 53, 29, 23, 7, 4, 2]
(1, (1, 1, 1), (2, 0)): [114, 88, 71, 40, 29, 14, 6, 1]
(1, (1, 1, 1), (2, 1)): [148, 125, 71, 61, 30, 14, 10, 2]
(1, (1, 1, 1), (2, 2)): [181, 93, 72, 52, 23, 16, 4]
(1, (1, 1, 1), (3, 0)): [26, 32, 28, 18, 11, 6, 1]
(1, (1, 1, 1), (3, 1)): [35, 57, 39, 29, 22, 7, 2, 2]
(1, (1, 1, 1), (3, 2)): [65, 55, 37, 29, 16, 11, 1, 1]
(2, (0, 0, 0), (0, 0)): [570540, 25741, 8496, 2710, 829, 257, 84, 21, 3, 4, 3]
(2, (0, 0, 0), (0, 1)): [17086, 637, 234, 63, 26, 4, 3, 1, 1]
(2, (0, 0, 0), (0, 2)): [6443, 180, 60, 21, 7, 0, 1, 1]
(2, (0, 0, 0), (1, 0)): [17098, 892, 301, 91, 35, 6]
(2, (0, 0, 0), (1, 1)): [15106, 656, 225, 60, 24, 4, 1]
(2, (0, 0, 0), (1, 2)): [9977, 300, 113, 36, 10, 2, 2]
(2, (0, 0, 0), (2, 0)): [6313, 362, 149, 40, 17, 3]
(2, (0, 0, 0), (2, 1)): [8605, 453, 148, 40, 11, 1]
(2, (0, 0, 0), (2, 2)): [8291, 299, 124, 34, 8, 1, 1]
(2, (0, 0, 0), (3, 0)): [2090, 125, 76, 20, 12, 3]
(2, (0, 0, 0), (3, 1)): [3909, 224, 98, 28, 11, 3]
(2, (0, 0, 0), (3, 2)): [4896, 224, 111, 26, 12, 2]
(2, (0, 0, 1), (0, 0)): [49137, 13876, 2930, 975, 345, 102, 21, 9, 3]
(2, (0, 0, 1), (0, 1)): [1509, 394, 72, 18, 9, 3]
(2, (0, 0, 1), (0, 2)): [593, 109, 21, 6, 4, 1]
(2, (0, 0, 1), (1, 0)): [1837, 486, 96, 44, 15, 7]
(2, (0, 0, 1), (1, 1)): [1452, 342, 61, 16, 6, 5]
(2, (0, 0, 1), (1, 2)): [1011, 178, 31, 9, 5, 3]
(2, (0, 0, 1), (2, 0)): [793, 218, 48, 31, 8, 3]
(2, (0, 0, 1), (2, 1)): [814, 204, 49, 17, 5, 4]
(2, (0, 0, 1), (2, 2)): [838, 147, 36, 5, 3, 4]
(2, (0, 0, 1), (3, 0)): [409, 84, 21, 21, 4, 1]
(2, (0, 0, 1), (3, 1)): [404, 123, 17, 16, 4, 3]
(2, (0, 0, 1), (3, 2)): [534, 101, 25, 12, 3, 4]
(2, (0, 1, 0), (0, 0)): [135040, 26362, 7533, 2625, 869, 292, 73, 26, 7, 7, 4]
(2, (0, 1, 0), (0, 1)): [3916, 694, 176, 46, 13, 4, 0, 0, 1]
(2, (0, 1, 0), (0, 2)): [1552, 216, 48, 10, 2, 1]
(2, (0, 1, 0), (1, 0)): [4785, 891, 303, 121, 34, 16, 2]
(2, (0, 1, 0), (1, 1)): [3607, 643, 194, 57, 17, 4, 1, 0, 1]
(2, (0, 1, 0), (1, 2)): [2403, 347, 74, 21, 4, 3]
(2, (0, 1, 0), (2, 0)): [2277, 395, 156, 76, 23, 12, 1]
(2, (0, 1, 0), (2, 1)): [2117, 418, 133, 47, 12, 5, 1, 0, 1]
(2, (0, 1, 0), (2, 2)): [2023, 336, 83, 23, 5, 4]
(2, (0, 1, 0), (3, 0)): [1268, 176, 83, 54, 18, 8, 1]
(2, (0, 1, 0), (3, 1)): [1012, 195, 86, 29, 12, 3, 1, 0, 1]
(2, (0, 1, 0), (3, 2)): [1284, 214, 83, 30, 10, 4]
(2, (0, 1, 1), (0, 0)): [29067, 2260, 5877, 1609, 648, 193, 65, 16, 7, 0, 1]
(2, (0, 1, 1), (0, 1)): [822, 49, 131, 27, 9, 2, 1]
(2, (0, 1, 1), (0, 2)): [377, 23, 40, 7, 5, 1]
(2, (0, 1, 1), (1, 0)): [1069, 98, 228, 74, 29, 12, 2]
(2, (0, 1, 1), (1, 1)): [738, 45, 137, 37, 7, 7, 1]
(2, (0, 1, 1), (1, 2)): [532, 25, 69, 17, 7, 1]
(2, (0, 1, 1), (2, 0)): [549, 54, 106, 47, 23, 6, 1]
(2, (0, 1, 1), (2, 1)): [439, 28, 89, 21, 6, 5, 2]
(2, (0, 1, 1), (2, 2)): [474, 27, 72, 17, 7, 4]
(2, (0, 1, 1), (3, 0)): [351, 44, 62, 28, 20, 5]
(2, (0, 1, 1), (3, 1)): [216, 17, 46, 14, 3, 1, 2]
(2, (0, 1, 1), (3, 2)): [298, 24, 59, 15, 8, 2, 1]
(2, (1, 0, 0), (0, 0)): [283967, 19220, 13468, 4203, 1287, 411, 153, 38, 5, 5, 3]
(2, (1, 0, 0), (0, 1)): [8272, 453, 321, 92, 26, 7, 5, 0, 1]
(2, (1, 0, 0), (0, 2)): [3049, 122, 86, 19, 9, 1, 1]
(2, (1, 0, 0), (1, 0)): [8189, 670, 447, 161, 39, 8, 3, 2]
(2, (1, 0, 0), (1, 1)): [6760, 415, 289, 93, 23, 5, 3, 1, 1]
(2, (1, 0, 0), (1, 2)): [4300, 202, 128, 36, 9, 3, 1]
(2, (1, 0, 0), (2, 0)): [2774, 263, 158, 69, 13, 5, 2]
(2, (1, 0, 0), (2, 1)): [3484, 240, 158, 62, 17, 4, 1, 1]
(2, (1, 0, 0), (2, 2)): [3312, 185, 128, 33, 12, 3, 1, 1]
(2, (1, 0, 0), (3, 0)): [857, 107, 60, 36, 3, 2, 1]
(2, (1, 0, 0), (3, 1)): [1443, 142, 79, 48, 8, 4]
(2, (1, 0, 0), (3, 2)): [1747, 145, 82, 35, 11, 3, 1, 1]
(2, (1, 0, 1), (0, 0)): [50368, 11051, 4110, 2644, 887, 277, 90, 29, 10, 4, 0, 1]
(2, (1, 0, 1), (0, 1)): [1516, 290, 101, 65, 9, 4, 2]
(2, (1, 0, 1), (0, 2)): [610, 90, 27, 15, 3]
(2, (1, 0, 1), (1, 0)): [1445, 328, 136, 90, 24, 6, 2]
(2, (1, 0, 1), (1, 1)): [1182, 237, 96, 61, 13, 8, 2]
(2, (1, 0, 1), (1, 2)): [803, 130, 51, 31, 9, 4, 1]
(2, (1, 0, 1), (2, 0)): [522, 110, 56, 32, 11, 0, 2]
(2, (1, 0, 1), (2, 1)): [643, 132, 63, 29, 7, 2]
(2, (1, 0, 1), (2, 2)): [565, 106, 45, 24, 6, 3, 1]
(2, (1, 0, 1), (3, 0)): [183, 23, 26, 10, 7, 0, 2]
(2, (1, 0, 1), (3, 1)): [294, 49, 33, 9, 6, 1, 2]
(2, (1, 0, 1), (3, 2)): [308, 58, 39, 13, 5, 2, 2]
(2, (1, 1, 0), (0, 0)): [113123, 16117, 7926, 5751, 1822, 565, 199, 64, 18, 10, 2, 1]
(2, (1, 1, 0), (0, 1)): [3434, 430, 197, 143, 35, 7, 3, 4]
(2, (1, 1, 0), (0, 2)): [1427, 122, 58, 37, 13, 2, 1, 2]
(2, (1, 1, 0), (1, 0)): [3320, 483, 275, 182, 58, 12, 5, 0, 1]
(2, (1, 1, 0), (1, 1)): [2839, 354, 172, 137, 27, 6, 5, 1]
(2, (1, 1, 0), (1, 2)): [2000, 204, 82, 68, 15, 3, 0, 3]
(2, (1, 1, 0), (2, 0)): [1122, 188, 112, 69, 31, 9, 2]
(2, (1, 1, 0), (2, 1)): [1472, 192, 122, 84, 21, 6, 6]
(2, (1, 1, 0), (2, 2)): [1502, 157, 80, 74, 13, 2, 2, 3]
(2, (1, 1, 0), (3, 0)): [357, 57, 45, 23, 10, 5]
(2, (1, 1, 0), (3, 1)): [620, 82, 70, 34, 17, 4, 3]
(2, (1, 1, 0), (3, 2)): [800, 86, 63, 36, 17, 3, 2, 2]
(2, (1, 1, 1), (0, 0)): [32323, 4049, 5235, 2412, 1843, 559, 198, 64, 16, 3, 2, 1]
(2, (1, 1, 1), (0, 1)): [1097, 94, 151, 57, 41, 13, 2, 1]
(2, (1, 1, 1), (0, 2)): [517, 34, 38, 21, 12, 3, 1, 1]
(2, (1, 1, 1), (1, 0)): [819, 181, 155, 85, 59, 19, 5, 0, 1]
(2, (1, 1, 1), (1, 1)): [797, 96, 138, 60, 42, 11, 1]
(2, (1, 1, 1), (1, 2)): [632, 48, 67, 28, 16, 5, 0, 1]
(2, (1, 1, 1), (2, 0)): [213, 108, 47, 35, 27, 12, 2, 0, 1]
(2, (1, 1, 1), (2, 1)): [326, 89, 72, 39, 27, 12, 2]
(2, (1, 1, 1), (2, 2)): [419, 54, 57, 30, 19, 6]
(2, (1, 1, 1), (3, 0)): [44, 67, 12, 18, 12, 6, 1, 0, 1]
(2, (1, 1, 1), (3, 1)): [100, 83, 24, 25, 18, 5, 3]
(2, (1, 1, 1), (3, 2)): [167, 74, 28, 31, 16, 5, 2]
