(0, (0, 0, 0)): [46392, 8395, 3585, 1534, 676, 261, 90, 29, 11, 3, 4]
(0, (0, 0, 1)): [306, 760, 223, 82, 39, 14, 7, 2]
(0, (0, 1, 0)): [1397, 1418, 507, 213, 106, 29, 13, 1, 2, 1, 1]
(0, (0, 1, 1)): [144, 196, 250, 123, 46, 23, 9, 2]
(0, (1, 0, 0)): [10429, 3538, 1849, 892, 390, 164, 51, 19, 7, 3, 3]
(0, (1, 0, 1)): [240, 546, 265, 136, 84, 21, 13, 5, 2]
(0, (1, 1, 0)): [1337, 858, 644, 409, 215, 87, 28, 11, 5, 4, 2]
(0, (1, 1, 1)): [163, 235, 187, 162, 120, 53, 22, 11, 7, 4, 1]
(1, (0, 0, 0)): [36477, 3385, 1298, 461, 190, 74, 22, 8, 3, 0, 1]
(1, (0, 0, 1)): [1522, 2093, 381, 137, 59, 20, 10, 2]
(1, (0, 1, 0)): [5915, 2706, 837, 339, 114, 45, 12, 7, 1]
(1, (0, 1, 1)): [991, 818, 794, 289, 101, 47, 7, 4]
(1, (1, 0, 0)): [14301, 2619, 1329, 538, 202, 94, 23, 6, 3]
(1, (1, 0, 1)): [945, 1237, 470, 243, 102, 32, 8, 3, 1]
(1, (1, 1, 0)): [3542, 1050, 704, 456, 180, 72, 21, 5, 3]
(1, (1, 1, 1)): [699, 545, 328, 251, 150, 63, 22, 11, 2]
(2, (0, 0, 0)): [31719, 1081, 339, 88, 32, 9, 2, 2, 1, 0, 1]
(2, (0, 0, 1)): [4067, 1327, 183, 54, 16, 3, 1]
(2, (0, 1, 0)): [9857, 2052, 454, 136, 32, 14, 1, 2]
(2, (0, 1, 1)): [2438, 237, 502, 110, 42, 8, 4]
(2, (1, 0, 0)): [17230, 1229, 552, 160, 55, 15, 7, 3, 1, 0, 1]
(2, (1, 0, 1)): [2506, 688, 322, 110, 35, 8, 3]
(2, (1, 1, 0)): [5136, 728, 425, 217, 57, 18, 5, 4, 1, 0, 1]
(2, (1, 1, 1)): [1616, 257, 221, 118, 76, 18, 9, 2, 1, 1, 1]
