(0, (0, 0, 0), (0, 0)): [33500, 6590, 3108, 1383, 638, 259, 123, 45, 11, 10, 4, 1, 1, 1]
(0, (0, 0, 0), (0, 1)): [17287, 3140, 1494, 611, 279, 128, 54, 15, 6, 5, 1, 1]
(0, (0, 0, 0), (0, 2)): [6849, 1105, 508, 206, 93, 39, 13, 5, 4, 2]
(0, (0, 0, 0), (1, 0)): [12955, 2685, 1297, 644, 281, 108, 55, 23, 4, 5, 2, 0, 0, 1]
(0, (0, 0, 0), (1, 1)): [13809, 2607, 1269, 569, 243, 107, 54, 14, 4, 5, 3, 1]
(0, (0, 0, 0), (1, 2)): [10067, 1554, 800, 304, 142, 51, 27, 11, 1, 4]
(0, (0, 0, 0), (2, 0)): [4078, 930, 506, 240, 111, 45, 16, 11, 2, 2, 0, 0, 0, 1]
(0, (0, 0, 0), (2, 1)): [6840, 1471, 749, 343, 153, 79, 29, 10, 3, 2, 2, 0, 0, 1]
(0, (0, 0, 0), (2, 2)): [7819, 1396, 721, 277, 130, 53, 28, 11, 2, 4, 1]
(0, (0, 0, 0), (3, 0)): [1141, 296, 169, 96, 40, 14, 9, 3, 2, 1]
(0, (0, 0, 0), (3, 1)): [2543, 639, 361, 184, 87, 37, 15, 4, 2, 0, 0, 0, 0, 1]
(0, (0, 0, 0), (3, 2)): [4005, 833, 493, 197, 108, 32, 16, 7, 3, 4]
(0, (0, 0, 1), (0, 0)): [92, 290, 75, 38, 20, 7, 3, 3, 2]
(0, (0, 0, 1), (0, 1)): [44, 128, 32, 7, 11, 4, 0, 0, 2]
(0, (0, 0, 1), (0, 2)): [22, 53, 14, 2, 4, 2, 0, 0, 2]
(0, (0, 0, 1), (1, 0)): [41, 118, 33, 25, 8, 3, 3, 3]
(0, (0, 0, 1), (1, 1)): [35, 96, 29, 16, 7, 2, 2]
(0, (0, 0, 1), (1, 2)): [32, 71, 21, 5, 7, 1, 0, 0, 1]
(0, (0, 0, 1), (2, 0)): [17, 42, 11, 7, 4, 2, 0, 2]
(0, (0, 0, 1), (2, 1)): [20, 55, 16, 12, 1, 2, 1]
(0, (0, 0, 1), (2, 2)): [29, 61, 21, 4, 5, 1, 0, 0, 1]
(0, (0, 0, 1), (3, 0)): [10, 12, 3, 3, 3, 0, 0, 1]
(0, (0, 0, 1), (3, 1)): [8, 25, 5, 12, 3, 1, 1]
(0, (0, 0, 1), (3, 2)): [17, 39, 9, 7, 4, 0, 1]
(0, (0, 1, 0), (0, 0)): [1428, 1219, 504, 259, 99, 44, 23, 10, 5, 3, 2, 0, 1]
(0, (0, 1, 0), (0, 1)): [659, 518, 204, 120, 46, 19, 12, 2, 1]
(0, (0, 1, 0), (0, 2)): [291, 188, 75, 48, 14, 9, 6, 1]
(0, (0, 1, 0), (1, 0)): [600, 518, 219, 106, 45, 16, 9, 5, 4, 2, 2]
(0, (0, 1, 0), (1, 1)): [551, 436, 171, 87, 49, 14, 7, 4, 2, 1, 1]
(0, (0, 1, 0), (1, 2)): [407, 278, 113, 54, 26, 8, 7, 2, 1]
(0, (0, 1, 0), (2, 0)): [216, 179, 94, 39, 16, 5, 3, 2, 2, 0, 1]
(0, (0, 1, 0), (2, 1)): [291, 235, 98, 60, 31, 7, 5, 3, 1, 1, 2]
(0, (0, 1, 0), (2, 2)): [330, 251, 95, 45, 28, 6, 3, 2, 2, 1, 1]
(0, (0, 1, 0), (3, 0)): [73, 54, 39, 17, 6, 4, 2, 0, 1]
(0, (0, 1, 0), (3, 1)): [132, 103, 64, 39, 15, 6, 4, 1, 1]
(0, (0, 1, 0), (3, 2)): [205, 141, 61, 35, 17, 8, 6, 2]
(0, (0, 1, 1), (0, 0)): [106, 173, 199, 77, 56, 22, 13, 3, 0, 2, 1]
(0, (0, 1, 1), (0, 1)): [49, 81, 91, 28, 25, 7, 3, 1]
(0, (0, 1, 1), (0, 2)): [26, 33, 36, 11, 9, 4, 1, 1]
(0, (0, 1, 1), (1, 0)): [51, 71, 80, 38, 25, 11, 7, 2, 0, 2, 1]
(0, (0, 1, 1), (1, 1)): [40, 77, 69, 27, 22, 5, 3, 1, 0, 0, 1]
(0, (0, 1, 1), (1, 2)): [35, 51, 35, 13, 10, 3, 2, 1]
(0, (0, 1, 1), (2, 0)): [26, 22, 30, 12, 5, 8, 5, 1]
(0, (0, 1, 1), (2, 1)): [20, 43, 45, 16, 11, 3, 3, 0, 0, 0, 1]
(0, (0, 1, 1), (2, 2)): [24, 42, 33, 11, 13, 3, 2]
(0, (0, 1, 1), (3, 0)): [15, 6, 12, 6, 3, 4, 3]
(0, (0, 1, 1), (3, 1)): [8, 15, 18, 10, 5, 2, 1, 0, 0, 0, 1]
(0, (0, 1, 1), (3, 2)): [17, 30, 22, 8, 11, 4, 3, 0, 0, 0, 1]
(0, (1, 0, 0), (0, 0)): [6603, 2046, 1395, 684, 346, 142, 76, 25, 6, 7, 2, 1, 0, 1]
(0, (1, 0, 0), (0, 1)): [3122, 904, 626, 279, 143, 48, 33, 11, 2, 4]
(0, (1, 0, 0), (0, 2)): [1281, 320, 231, 77, 51, 12, 12, 5, 1, 2]
(0, (1, 0, 0), (1, 0)): [2509, 837, 538, 312, 151, 64, 30, 10, 4, 3, 2, 1, 0, 1]
(0, (1, 0, 0), (1, 1)): [2313, 675, 440, 260, 124, 55, 27, 7, 0, 2, 0, 0, 0, 1]
(0, (1, 0, 0), (1, 2)): [1594, 434, 291, 122, 75, 20, 17, 5, 1, 1]
(0, (1, 0, 0), (2, 0)): [769, 288, 190, 112, 50, 15, 10, 4, 1, 2, 2, 1]
(0, (1, 0, 0), (2, 1)): [1107, 343, 241, 146, 66, 31, 14, 4, 1, 1, 1, 1, 0, 1]
(0, (1, 0, 0), (2, 2)): [1127, 322, 223, 96, 56, 25, 11, 2, 1, 2, 0, 0, 0, 1]
(0, (1, 0, 0), (3, 0)): [197, 96, 60, 43, 18, 6, 4, 3, 0, 1, 1]
(0, (1, 0, 0), (3, 1)): [402, 168, 111, 77, 32, 14, 6, 4, 0, 0, 1, 1]
(0, (1, 0, 0), (3, 2)): [561, 196, 139, 65, 42, 13, 4, 3, 1, 0, 1, 1]
(0, (1, 0, 1), (0, 0)): [154, 437, 162, 125, 61, 37, 16, 12, 4, 0, 2, 0, 1]
(0, (1, 0, 1), (0, 1)): [68, 166, 50, 47, 20, 11, 6, 6, 0, 0, 0, 0, 1]
(0, (1, 0, 1), (0, 2)): [26, 68, 19, 15, 9, 3, 1, 1, 0, 0, 0, 0, 1]
(0, (1, 0, 1), (1, 0)): [70, 192, 76, 56, 27, 19, 7, 5, 4, 0, 2]
(0, (1, 0, 1), (1, 1)): [62, 131, 51, 38, 16, 7, 3, 4, 0, 0, 1]
(0, (1, 0, 1), (1, 2)): [44, 97, 29, 22, 9, 3, 3, 2, 0, 0, 0, 0, 1]
(0, (1, 0, 1), (2, 0)): [30, 62, 26, 17, 10, 13, 5, 4, 4]
(0, (1, 0, 1), (2, 1)): [35, 63, 30, 21, 9, 10, 4, 2, 2, 0, 1]
(0, (1, 0, 1), (2, 2)): [35, 66, 32, 17, 8, 4, 4, 1, 1]
(0, (1, 0, 1), (3, 0)): [9, 22, 8, 2, 4, 2, 1, 1, 1]
(0, (1, 0, 1), (3, 1)): [12, 29, 11, 7, 7, 7, 1, 3, 2, 0, 1]
(0, (1, 0, 1), (3, 2)): [19, 35, 15, 9, 9, 5, 4, 2, 1, 0, 1]
(0, (1, 1, 0), (0, 0)): [1078, 637, 439, 340, 162, 78, 35, 13, 2, 4, 0, 1, 0, 1]
(0, (1, 1, 0), (0, 1)): [521, 279, 173, 145, 60, 37, 14, 4, 0, 1, 0, 1]
(0, (1, 1, 0), (0, 2)): [222, 114, 62, 56, 24, 16, 4, 3, 0, 1]
(0, (1, 1, 0), (1, 0)): [392, 246, 180, 134, 66, 25, 15, 6, 2, 1, 0, 0, 0, 1]
(0, (1, 1, 0), (1, 1)): [383, 221, 145, 117, 50, 24, 16, 3, 1, 1]
(0, (1, 1, 0), (1, 2)): [270, 147, 77, 74, 33, 17, 9, 3, 1, 1]
(0, (1, 1, 0), (2, 0)): [115, 85, 62, 38, 25, 8, 4, 4, 1]
(0, (1, 1, 0), (2, 1)): [184, 114, 83, 59, 27, 14, 10, 4]
(0, (1, 1, 0), (2, 2)): [196, 115, 73, 54, 23, 11, 7, 4, 1, 1]
(0, (1, 1, 0), (3, 0)): [21, 25, 20, 14, 8, 1, 0, 1, 1]
(0, (1, 1, 0), (3, 1)): [59, 42, 33, 26, 15, 7, 3, 3]
(0, (1, 1, 0), (3, 2)): [100, 62, 49, 31, 14, 9, 4, 5, 0, 1]
(0, (1, 1, 1), (0, 0)): [113, 190, 141, 102, 90, 52, 22, 12, 4, 3, 1, 1]
(0, (1, 1, 1), (0, 1)): [60, 95, 65, 39, 33, 18, 9, 5, 2]
(0, (1, 1, 1), (0, 2)): [31, 35, 23, 13, 14, 9, 3, 1, 2]
(0, (1, 1, 1), (1, 0)): [40, 63, 62, 45, 37, 25, 10, 6, 2, 3, 1]
(0, (1, 1, 1), (1, 1)): [36, 60, 42, 40, 26, 15, 7, 7, 1, 1]
(0, (1, 1, 1), (1, 2)): [29, 46, 26, 22, 17, 12, 3, 4, 2, 1]
(0, (1, 1, 1), (2, 0)): [10, 15, 21, 14, 16, 8, 7, 1, 1, 2, 1]
(0, (1, 1, 1), (2, 1)): [18, 21, 22, 13, 14, 6, 5, 3, 1, 1]
(0, (1, 1, 1), (2, 2)): [27, 26, 20, 22, 18, 11, 3, 2, 2, 1]
(0, (1, 1, 1), (3, 0)): [0, 4, 7, 5, 3, 4, 4, 0, 0, 1, 1]
(0, (1, 1, 1), (3, 1)): [2, 7, 9, 6, 4, 5, 3, 3]
(0, (1, 1, 1), (3, 2)): [5, 11, 12, 12, 14, 6, 3, 1, 1]
(1, (0, 0, 0), (0, 0)): [27684, 3021, 1274, 480, 195, 74, 28, 11, 3, 2]
(1, (0, 0, 0), (0, 1)): [14282, 1399, 603, 212, 90, 31, 9, 7, 1]
(1, (0, 0, 0), (0, 2)): [5710, 479, 201, 57, 28, 6, 3, 2]
(1, (0, 0, 0), (1, 0)): [10887, 1294, 535, 217, 89, 39, 16, 4, 2, 2]
(1, (0, 0, 0), (1, 1)): [11454, 1223, 517, 225, 73, 37, 14, 3, 2, 1]
(1, (0, 0, 0), (1, 2)): [8403, 716, 330, 114, 43, 17, 9, 1]
(1, (0, 0, 0), (2, 0)): [3604, 486, 200, 82, 44, 9, 7, 1, 0, 1]
(1, (0, 0, 0), (2, 1)): [5802, 719, 280, 138, 56, 17, 4, 3, 1, 2]
(1, (0, 0, 0), (2, 2)): [6692, 651, 274, 120, 49, 13, 10, 1, 1]
(1, (0, 0, 0), (3, 0)): [1012, 160, 73, 36, 16, 3, 5]
(1, (0, 0, 0), (3, 1)): [2270, 336, 148, 62, 33, 8, 2, 1]
(1, (0, 0, 0), (3, 2)): [3476, 434, 213, 95, 44, 10, 8, 2]
(1, (0, 0, 1), (0, 0)): [685, 884, 177, 92, 36, 10, 4, 2, 1]
(1, (0, 0, 1), (0, 1)): [297, 357, 77, 33, 6, 3, 1, 1]
(1, (0, 0, 1), (0, 2)): [130, 116, 21, 11, 4, 1]
(1, (0, 0, 1), (1, 0)): [323, 400, 76, 43, 19, 7, 3, 1, 1]
(1, (0, 0, 1), (1, 1)): [282, 314, 65, 28, 9, 3, 1, 1]
(1, (0, 0, 1), (1, 2)): [210, 195, 40, 19, 5, 2]
(1, (0, 0, 1), (2, 0)): [123, 157, 36, 23, 9, 5, 3]
(1, (0, 0, 1), (2, 1)): [171, 188, 35, 16, 9, 4, 0, 1]
(1, (0, 0, 1), (2, 2)): [172, 179, 35, 21, 8, 2]
(1, (0, 0, 1), (3, 0)): [43, 58, 16, 14, 2, 2, 3]
(1, (0, 0, 1), (3, 1)): [61, 90, 17, 10, 3, 4, 0, 1]
(1, (0, 0, 1), (3, 2)): [109, 116, 25, 14, 5, 3]
(1, (0, 1, 0), (0, 0)): [3641, 1426, 555, 253, 107, 37, 18, 5, 0, 1]
(1, (0, 1, 0), (0, 1)): [1616, 631, 245, 87, 41, 21, 6, 4, 0, 1]
(1, (0, 1, 0), (0, 2)): [679, 231, 71, 30, 14, 7, 0, 0, 0, 1]
(1, (0, 1, 0), (1, 0)): [1714, 661, 254, 142, 59, 14, 9, 1]
(1, (0, 1, 0), (1, 1)): [1430, 560, 215, 92, 40, 13, 7, 4]
(1, (0, 1, 0), (1, 2)): [1051, 349, 125, 54, 20, 8, 1, 2]
(1, (0, 1, 0), (2, 0)): [694, 244, 119, 76, 32, 9, 4]
(1, (0, 1, 0), (2, 1)): [841, 327, 137, 63, 32, 10, 7, 1]
(1, (0, 1, 0), (2, 2)): [894, 327, 139, 53, 20, 8, 1, 1]
(1, (0, 1, 0), (3, 0)): [293, 87, 51, 35, 17, 6, 2]
(1, (0, 1, 0), (3, 1)): [405, 137, 73, 45, 20, 3, 6, 1]
(1, (0, 1, 0), (3, 2)): [563, 192, 85, 39, 20, 6, 2, 1]
(1, (0, 1, 1), (0, 0)): [554, 493, 357, 169, 81, 31, 22, 4]
(1, (0, 1, 1), (0, 1)): [241, 179, 142, 55, 25, 11, 6, 2]
(1, (0, 1, 1), (0, 2)): [114, 59, 51, 17, 6, 2, 3]
(1, (0, 1, 1), (1, 0)): [277, 251, 163, 89, 47, 19, 13, 2]
(1, (0, 1, 1), (1, 1)): [194, 162, 114, 49, 29, 11, 5]
(1, (0, 1, 1), (1, 2)): [149, 92, 76, 23, 12, 5, 4]
(1, (0, 1, 1), (2, 0)): [156, 121, 88, 49, 27, 11, 8, 1]
(1, (0, 1, 1), (2, 1)): [109, 94, 65, 33, 18, 9, 3]
(1, (0, 1, 1), (2, 2)): [135, 94, 67, 23, 9, 8, 1]
(1, (0, 1, 1), (3, 0)): [115, 84, 49, 31, 22, 10, 7, 1]
(1, (0, 1, 1), (3, 1)): [48, 32, 24, 15, 12, 4, 3]
(1, (0, 1, 1), (3, 2)): [74, 51, 43, 19, 6, 7, 1]
(1, (1, 0, 0), (0, 0)): [9756, 1506, 1118, 460, 198, 79, 37, 9, 2, 3]
(1, (1, 0, 0), (0, 1)): [4635, 644, 484, 183, 73, 28, 17, 6, 2]
(1, (1, 0, 0), (0, 2)): [1842, 231, 174, 57, 23, 11, 5, 1]
(1, (1, 0, 0), (1, 0)): [3864, 682, 472, 215, 100, 41, 13, 3, 0, 2]
(1, (1, 0, 0), (1, 1)): [3586, 526, 362, 156, 56, 32, 15, 7, 2, 1]
(1, (1, 0, 0), (1, 2)): [2455, 334, 223, 95, 26, 13, 8, 4]
(1, (1, 0, 0), (2, 0)): [1231, 255, 184, 92, 49, 14, 5, 1, 0, 1]
(1, (1, 0, 0), (2, 1)): [1773, 262, 205, 88, 43, 19, 9, 3, 1, 1]
(1, (1, 0, 0), (2, 2)): [1883, 254, 195, 75, 32, 13, 8, 4, 0, 1]
(1, (1, 0, 0), (3, 0)): [343, 85, 59, 38, 20, 5, 2]
(1, (1, 0, 0), (3, 1)): [670, 142, 94, 53, 21, 6, 6, 0, 1]
(1, (1, 0, 0), (3, 2)): [912, 174, 124, 53, 18, 8, 4, 2, 0, 1]
(1, (1, 0, 1), (0, 0)): [804, 834, 252, 184, 64, 26, 16, 1, 0, 0, 0, 0, 1]
(1, (1, 0, 1), (0, 1)): [401, 370, 96, 80, 21, 9, 4, 0, 0, 0, 0, 0, 1]
(1, (1, 0, 1), (0, 2)): [180, 119, 24, 32, 9, 2, 0, 0, 0, 0, 0, 0, 1]
(1, (1, 0, 1), (1, 0)): [293, 332, 112, 82, 35, 15, 9, 1]
(1, (1, 0, 1), (1, 1)): [278, 291, 92, 56, 19, 10, 7]
(1, (1, 0, 1), (1, 2)): [204, 168, 41, 35, 11, 3, 4]
(1, (1, 0, 1), (2, 0)): [110, 99, 44, 36, 11, 6, 5]
(1, (1, 0, 1), (2, 1)): [154, 154, 43, 24, 15, 6, 4]
(1, (1, 0, 1), (2, 2)): [176, 146, 40, 19, 9, 3, 4]
(1, (1, 0, 1), (3, 0)): [38, 36, 18, 13, 3, 4, 3]
(1, (1, 0, 1), (3, 1)): [53, 58, 17, 14, 10, 4, 2]
(1, (1, 0, 1), (3, 2)): [92, 87, 30, 16, 11, 4, 2]
(1, (1, 1, 0), (0, 0)): [2910, 766, 522, 370, 166, 75, 30, 7, 2, 3]
(1, (1, 1, 0), (0, 1)): [1376, 349, 227, 147, 74, 28, 7, 4, 1, 1]
(1, (1, 1, 0), (0, 2)): [588, 125, 76, 56, 26, 8, 3, 1]
(1, (1, 1, 0), (1, 0)): [1178, 329, 222, 170, 67, 38, 19, 3, 1, 2]
(1, (1, 1, 0), (1, 1)): [1059, 286, 205, 136, 53, 32, 9, 3, 2, 1]
(1, (1, 1, 0), (1, 2)): [786, 181, 118, 72, 28, 19, 7, 0, 0, 1]
(1, (1, 1, 0), (2, 0)): [371, 133, 75, 57, 27, 14, 10, 2, 0, 2]
(1, (1, 1, 0), (2, 1)): [534, 159, 118, 79, 41, 17, 9, 3, 1]
(1, (1, 1, 0), (2, 2)): [582, 144, 111, 61, 24, 17, 6, 2]
(1, (1, 1, 0), (3, 0)): [83, 50, 26, 19, 11, 3, 2, 1, 0, 2]
(1, (1, 1, 0), (3, 1)): [184, 84, 49, 34, 23, 5, 1, 1, 1, 1]
(1, (1, 1, 0), (3, 2)): [288, 93, 67, 41, 20, 8, 4, 1, 1, 1]
(1, (1, 1, 1), (0, 0)): [649, 489, 262, 179, 139, 65, 27, 6, 3, 2]
(1, (1, 1, 1), (0, 1)): [328, 221, 113, 76, 58, 18, 8, 1, 3]
(1, (1, 1, 1), (0, 2)): [180, 79, 43, 35, 20, 8, 3, 0, 1]
(1, (1, 1, 1), (1, 0)): [254, 201, 108, 81, 58, 29, 15, 4, 0, 2]
(1, (1, 1, 1), (1, 1)): [224, 168, 92, 64, 41, 17, 10, 2, 2]
(1, (1, 1, 1), (1, 2)): [198, 102, 57, 48, 26, 10, 6, 0, 3]
(1, (1, 1, 1), (2, 0)): [69, 78, 40, 26, 23, 9, 6, 2, 0, 2]
(1, (1, 1, 1), (2, 1)): [108, 87, 51, 29, 26, 8, 6, 1, 0, 1]
(1, (1, 1, 1), (2, 2)): [153, 85, 43, 34, 29, 9, 4, 1, 1, 1]
(1, (1, 1, 1), (3, 0)): [12, 30, 17, 6, 9, 4, 1, 1, 0, 1]
(1, (1, 1, 1), (3, 1)): [19, 45, 26, 9, 10, 7, 2, 1]
(1, (1, 1, 1), (3, 2)): [56, 45, 30, 19, 13, 7, 3, 1, 1]
(2, (0, 0, 0), (0, 0)): [24195, 1183, 377, 140, 40, 14, 3, 7, 1]
(2, (0, 0, 0), (0, 1)): [12019, 474, 167, 56, 21, 6, 1, 3]
(2, (0, 0, 0), (0, 2)): [4841, 135, 46, 13, 4, 1, 0, 2]
(2, (0, 0, 0), (1, 0)): [9918, 580, 169, 74, 17, 7, 2, 2, 1]
(2, (0, 0, 0), (1, 1)): [10126, 445, 144, 57, 21, 8, 2, 3]
(2, (0, 0, 0), (1, 2)): [7211, 244, 74, 16, 11, 4, 0, 1]
(2, (0, 0, 0), (2, 0)): [3352, 239, 83, 38, 7, 0, 1]
(2, (0, 0, 0), (2, 1)): [5288, 281, 96, 47, 7, 3, 1, 3]
(2, (0, 0, 0), (2, 2)): [5908, 245, 76, 33, 12, 2]
(2, (0, 0, 0), (3, 0)): [1027, 99, 38, 20, 6, 0, 1]
(2, (0, 0, 0), (3, 1)): [2238, 160, 61, 28, 5, 2, 2, 1]
(2, (0, 0, 0), (3, 2)): [3422, 172, 67, 29, 10, 3, 0, 1]
(2, (0, 0, 1), (0, 0)): [2216, 533, 121, 49, 14, 2, 2, 1, 0, 1]
(2, (0, 0, 1), (0, 1)): [973, 213, 46, 22, 6, 0, 0, 0, 0, 1]
(2, (0, 0, 1), (0, 2)): [413, 63, 9, 8, 1]
(2, (0, 0, 1), (1, 0)): [1047, 254, 60, 24, 8, 2, 2, 1]
(2, (0, 0, 1), (1, 1)): [889, 216, 48, 21, 8, 1, 1, 0, 0, 1]
(2, (0, 0, 1), (1, 2)): [650, 113, 18, 11, 4, 0, 0, 0, 0, 1]
(2, (0, 0, 1), (2, 0)): [480, 104, 31, 11, 5, 0, 0, 1]
(2, (0, 0, 1), (2, 1)): [512, 138, 32, 13, 4, 0, 1]
(2, (0, 0, 1), (2, 2)): [559, 121, 16, 12, 3]
(2, (0, 0, 1), (3, 0)): [240, 34, 19, 9, 4]
(2, (0, 0, 1), (3, 1)): [270, 71, 30, 11, 4]
(2, (0, 0, 1), (3, 2)): [365, 84, 15, 13, 5]
(2, (0, 1, 0), (0, 0)): [6044, 1111, 330, 138, 44, 11, 4, 1, 1]
(2, (0, 1, 0), (0, 1)): [2798, 429, 120, 50, 20, 1, 1, 1, 1]
(2, (0, 1, 0), (0, 2)): [1170, 126, 35, 17, 3, 0, 1, 1, 1]
(2, (0, 1, 0), (1, 0)): [2786, 559, 169, 78, 24, 8, 3]
(2, (0, 1, 0), (1, 1)): [2464, 440, 115, 51, 21, 2]
(2, (0, 1, 0), (1, 2)): [1794, 226, 63, 31, 7]
(2, (0, 1, 0), (2, 0)): [1193, 223, 74, 49, 12, 6, 3]
(2, (0, 1, 0), (2, 1)): [1417, 255, 60, 35, 11, 4]
(2, (0, 1, 0), (2, 2)): [1581, 218, 65, 40, 8, 3]
(2, (0, 1, 0), (3, 0)): [585, 93, 42, 31, 9, 4, 2]
(2, (0, 1, 0), (3, 1)): [643, 136, 37, 31, 7, 3]
(2, (0, 1, 0), (3, 2)): [943, 157, 48, 39, 5, 2]
(2, (0, 1, 1), (0, 0)): [1475, 86, 289, 88, 33, 17, 2, 0, 0, 0, 1]
(2, (0, 1, 1), (0, 1)): [648, 34, 115, 37, 13, 5]
(2, (0, 1, 1), (0, 2)): [282, 10, 33, 13, 4, 2]
(2, (0, 1, 1), (1, 0)): [724, 46, 147, 41, 16, 12, 2, 0, 0, 0, 1]
(2, (0, 1, 1), (1, 1)): [598, 26, 107, 25, 11, 6, 1, 0, 0, 0, 1]
(2, (0, 1, 1), (1, 2)): [451, 13, 61, 21, 7, 5, 0, 0, 0, 0, 1]
(2, (0, 1, 1), (2, 0)): [327, 26, 64, 24, 12, 9, 1]
(2, (0, 1, 1), (2, 1)): [350, 17, 66, 19, 9, 2, 1]
(2, (0, 1, 1), (2, 2)): [423, 13, 56, 23, 9, 5]
(2, (0, 1, 1), (3, 0)): [183, 22, 29, 12, 8, 9, 1]
(2, (0, 1, 1), (3, 1)): [130, 16, 32, 8, 6, 1, 1]
(2, (0, 1, 1), (3, 2)): [249, 10, 38, 13, 5, 4]
(2, (1, 0, 0), (0, 0)): [11690, 837, 596, 205, 62, 17, 7, 7, 2]
(2, (1, 0, 0), (0, 1)): [5559, 328, 255, 74, 23, 8, 2, 5]
(2, (1, 0, 0), (0, 2)): [2190, 97, 65, 14, 4, 2, 1, 4]
(2, (1, 0, 0), (1, 0)): [4765, 412, 262, 104, 27, 7, 4, 2, 1]
(2, (1, 0, 0), (1, 1)): [4400, 294, 204, 81, 28, 7, 1, 1]
(2, (1, 0, 0), (1, 2)): [3098, 162, 103, 33, 7, 2, 0, 3]
(2, (1, 0, 0), (2, 0)): [1584, 164, 105, 47, 13, 5, 1, 2, 1]
(2, (1, 0, 0), (2, 1)): [2221, 166, 117, 55, 20, 4, 1, 0, 1]
(2, (1, 0, 0), (2, 2)): [2306, 150, 81, 43, 12, 5, 1, 3]
(2, (1, 0, 0), (3, 0)): [457, 60, 32, 20, 6, 2, 1, 2]
(2, (1, 0, 0), (3, 1)): [893, 90, 69, 26, 12, 2, 1, 0, 1]
(2, (1, 0, 0), (3, 2)): [1226, 111, 72, 32, 16, 5, 1, 2]
(2, (1, 0, 1), (0, 0)): [2205, 453, 182, 119, 35, 16, 3, 1, 0, 0, 0, 0, 1]
(2, (1, 0, 1), (0, 1)): [1000, 187, 57, 44, 14, 7, 3, 1, 0, 0, 0, 0, 1]
(2, (1, 0, 1), (0, 2)): [425, 54, 25, 7, 2, 3, 1, 1]
(2, (1, 0, 1), (1, 0)): [966, 203, 106, 56, 18, 8]
(2, (1, 0, 1), (1, 1)): [858, 167, 66, 41, 12, 7, 2, 0, 0, 0, 0, 0, 1]
(2, (1, 0, 1), (1, 2)): [635, 91, 37, 17, 3, 4, 0, 1]
(2, (1, 0, 1), (2, 0)): [351, 65, 36, 29, 9, 4]
(2, (1, 0, 1), (2, 1)): [445, 85, 39, 24, 10, 5, 2]
(2, (1, 0, 1), (2, 2)): [479, 61, 38, 22, 2, 5, 0, 1]
(2, (1, 0, 1), (3, 0)): [119, 23, 16, 11, 7, 2]
(2, (1, 0, 1), (3, 1)): [182, 38, 17, 14, 10, 3, 1]
(2, (1, 0, 1), (3, 2)): [262, 36, 28, 20, 5, 4, 1]
(2, (1, 1, 0), (0, 0)): [4750, 652, 358, 274, 88, 26, 11, 4, 2, 0, 0, 1]
(2, (1, 1, 0), (0, 1)): [2331, 260, 146, 106, 28, 13, 5, 1]
(2, (1, 1, 0), (0, 2)): [977, 72, 49, 20, 12, 0, 0, 1]
(2, (1, 1, 0), (1, 0)): [1938, 312, 159, 126, 45, 12, 4, 3, 2, 0, 0, 1]
(2, (1, 1, 0), (1, 1)): [1918, 253, 116, 116, 28, 14, 3, 1, 0, 0, 0, 1]
(2, (1, 1, 0), (1, 2)): [1409, 109, 71, 57, 19, 6, 0, 0, 0, 0, 0, 1]
(2, (1, 1, 0), (2, 0)): [653, 100, 70, 39, 22, 6, 1, 2, 2]
(2, (1, 1, 0), (2, 1)): [1016, 140, 74, 65, 19, 6, 3, 1]
(2, (1, 1, 0), (2, 2)): [1165, 107, 58, 54, 18, 2, 2, 0, 0, 0, 0, 1]
(2, (1, 1, 0), (3, 0)): [193, 30, 30, 11, 10, 3, 0, 1, 2]
(2, (1, 1, 0), (3, 1)): [430, 54, 52, 24, 11, 5, 1, 1, 1]
(2, (1, 1, 0), (3, 2)): [653, 74, 54, 34, 13, 4, 1, 1]
(2, (1, 1, 1), (0, 0)): [1521, 231, 254, 116, 102, 37, 6, 6, 2]
(2, (1, 1, 1), (0, 1)): [785, 81, 111, 40, 43, 19, 2, 3, 1]
(2, (1, 1, 1), (0, 2)): [356, 25, 39, 13, 12, 4, 0, 0, 1]
(2, (1, 1, 1), (1, 0)): [568, 136, 111, 65, 44, 15, 4, 3, 1]
(2, (1, 1, 1), (1, 1)): [608, 93, 80, 52, 39, 16, 3, 3]
(2, (1, 1, 1), (1, 2)): [469, 46, 44, 24, 19, 11, 2, 1]
(2, (1, 1, 1), (2, 0)): [159, 74, 45, 25, 16, 8, 2, 2, 1]
(2, (1, 1, 1), (2, 1)): [269, 72, 63, 32, 26, 9, 1, 2, 1]
(2, (1, 1, 1), (2, 2)): [312, 50, 42, 23, 19, 12, 1, 1]
(2, (1, 1, 1), (3, 0)): [32, 43, 12, 12, 5, 6, 1, 1]
(2, (1, 1, 1), (3, 1)): [86, 64, 28, 16, 13, 7, 0, 2, 1]
(2, (1, 1, 1), (3, 2)): [148, 52, 29, 20, 11, 13, 1, 1, 1]
