(0, (0, 0, 0)): [1338152, 268345, 123504, 56008, 24912, 10629, 4369, 1820, 725, 332, 131, 66, 30, 10, 3, 1, 0, 1]
(0, (0, 0, 1)): [5484, 16415, 4452, 2124, 1034, 439, 195, 86, 35, 19, 7, 3, 2, 2]
(0, (0, 1, 0)): [47549, 43864, 17205, 8312, 3981, 1723, 731, 316, 127, 71, 23, 6, 3, 2, 1]
(0, (0, 1, 1)): [3956, 6725, 7974, 3729, 1983, 929, 394, 184, 90, 39, 9, 6, 2, 2, 1, 0, 0, 1]
(0, (1, 0, 0)): [285398, 95242, 60365, 29793, 14154, 6328, 2632, 1127, 476, 217, 90, 41, 21, 4, 2, 1, 0, 1]
(0, (1, 0, 1)): [6870, 20858, 8414, 5848, 3048, 1386, 674, 276, 131, 55, 27, 14, 5, 1, 1, 0, 0, 1]
(0, (1, 1, 0)): [39210, 25043, 18717, 13365, 7093, 3351, 1423, 669, 278, 129, 57, 24, 9, 1]
(0, (1, 1, 1)): [3784, 7208, 5889, 4400, 3484, 1749, 809, 398, 175, 74, 38, 14, 3, 1, 1]
(1, (0, 0, 0)): [1086200, 118686, 48665, 19163, 7419, 2810, 1097, 402, 150, 63, 24, 15, 7, 3, 0, 1]
(1, (0, 0, 1)): [29428, 41958, 8320, 3528, 1468, 595, 225, 92, 42, 13, 9, 5, 3, 1]
(1, (0, 1, 0)): [145983, 64694, 23378, 10012, 4043, 1569, 545, 257, 71, 37, 19, 9, 9, 2, 1]
(1, (0, 1, 1)): [23383, 18977, 16950, 6813, 3542, 1399, 546, 219, 107, 33, 10, 6, 2, 2, 0, 1]
(1, (1, 0, 0)): [413040, 73207, 47044, 19893, 8056, 3177, 1266, 444, 194, 83, 29, 21, 5, 3, 0, 2]
(1, (1, 0, 1)): [33250, 38902, 12365, 8300, 3536, 1460, 588, 224, 75, 49, 13, 6, 0, 1]
(1, (1, 1, 0)): [113727, 35202, 23421, 16637, 6962, 2874, 1127, 455, 186, 75, 24, 15, 9, 5, 1]
(1, (1, 1, 1)): [23286, 18454, 11802, 7673, 5594, 2376, 956, 355, 153, 59, 19, 15, 8, 3, 1, 1]
(2, (0, 0, 0)): [942797, 42838, 14456, 4608, 1521, 500, 170, 53, 9, 6, 4, 0, 1]
(2, (0, 0, 1)): [86093, 26208, 5300, 1792, 642, 218, 59, 19, 4, 2, 0, 1]
(2, (0, 1, 0)): [230407, 49000, 13196, 4641, 1542, 526, 150, 43, 11, 8, 5, 0, 1]
(2, (0, 1, 1)): [52276, 4474, 11492, 3121, 1228, 387, 140, 45, 18, 4, 3, 1, 0, 1]
(2, (1, 0, 0)): [500906, 36236, 23732, 7507, 2428, 768, 302, 82, 17, 11, 5, 0, 1]
(2, (1, 0, 1)): [85397, 20589, 8072, 4915, 1594, 536, 184, 61, 22, 7, 0, 3, 1]
(2, (1, 1, 0)): [196607, 30268, 15052, 10260, 3329, 1077, 354, 115, 41, 19, 6, 1, 2, 1]
(2, (1, 1, 1)): [56500, 8201, 9574, 4673, 3413, 1087, 361, 126, 43, 8, 6, 1, 1, 1]
