(0, (0, 0, 0), (0, 0)): [28847, 5799, 2658, 1146, 480, 222, 86, 34, 16, 4, 1, 2, 1]
(0, (0, 0, 0), (0, 1)): [89, 10, 6, 1, 1]
(0, (0, 0, 0), (0, 2)): [36, 6, 2, 1]
(0, (0, 0, 0), (1, 0)): [79, 12, 5, 2]
(0, (0, 0, 0), (1, 1)): [79, 5, 4, 0, 1]
(0, (0, 0, 0), (1, 2)): [52, 6, 4, 1]
(0, (0, 0, 0), (2, 0)): [21, 5, 2, 2]
(0, (0, 0, 0), (2, 1)): [35, 4, 1, 1, 1]
(0, (0, 0, 0), (2, 2)): [42, 5, 1, 1]
(0, (0, 0, 0), (3, 0)): [5, 3]
(0, (0, 0, 0), (3, 1)): [11, 3, 1, 0, 1]
(0, (0, 0, 0), (3, 2)): [26, 2, 2]
(0, (0, 0, 1), (0, 0)): [121, 342, 105, 35, 18, 9, 6, 1, 0, 1]
(0, (0, 0, 1), (0, 1)): [0, 0, 1]
(0, (0, 0, 1), (1, 1)): [0, 0, 1]
(0, (0, 1, 0), (0, 0)): [1319, 1147, 465, 217, 107, 43, 20, 12, 5, 2, 1]
(0, (0, 1, 0), (0, 1)): [3, 4, 2]
(0, (0, 1, 0), (0, 2)): [2, 2, 1]
(0, (0, 1, 0), (1, 0)): [3, 3]
(0, (0, 1, 0), (1, 1)): [3, 2]
(0, (0, 1, 0), (1, 2)): [2, 1, 1]
(0, (0, 1, 0), (2, 0)): [1, 2]
(0, (0, 1, 0), (2, 1)): [1, 1]
(0, (0, 1, 0), (3, 0)): [1]
(0, (0, 1, 0), (3, 1)): [0, 1]
(0, (0, 1, 0), (3, 2)): [0, 1]
(0, (0, 1, 1), (0, 0)): [88, 132, 174, 75, 47, 23, 9, 2, 1, 2]
(0, (0, 1, 1), (0, 1)): [0, 1]
(0, (0, 1, 1), (1, 0)): [0, 1]
(0, (0, 1, 1), (1, 1)): [0, 1]
(0, (0, 1, 1), (2, 0)): [0, 1]
(0, (0, 1, 1), (2, 1)): [0, 2]
(0, (1, 0, 0), (0, 0)): [5929, 1971, 1310, 609, 272, 126, 55, 20, 11, 3, 1, 1, 1]
(0, (1, 0, 0), (0, 1)): [26, 4, 2]
(0, (1, 0, 0), (0, 2)): [10, 2]
(0, (1, 0, 0), (1, 0)): [9, 1, 2]
(0, (1, 0, 0), (1, 1)): [14, 2, 1]
(0, (1, 0, 0), (1, 2)): [7, 3, 1]
(0, (1, 0, 0), (2, 0)): [3, 0, 1]
(0, (1, 0, 0), (2, 1)): [8, 1]
(0, (1, 0, 0), (2, 2)): [4, 1]
(0, (1, 0, 0), (3, 0)): [2]
(0, (1, 0, 0), (3, 1)): [4, 1]
(0, (1, 0, 0), (3, 2)): [4, 1]
(0, (1, 0, 1), (0, 0)): [154, 464, 189, 139, 63, 35, 14, 5, 7, 1, 1]
(0, (1, 0, 1), (1, 0)): [0, 1]
(0, (1, 0, 1), (1, 1)): [0, 1]
(0, (1, 1, 0), (0, 0)): [892, 527, 389, 277, 155, 68, 24, 13, 5, 2, 1, 0, 1]
(0, (1, 1, 0), (0, 1)): [5]
(0, (1, 1, 0), (1, 0)): [5, 1, 2]
(0, (1, 1, 0), (1, 1)): [3, 0, 1]
(0, (1, 1, 0), (1, 2)): [3, 0, 1]
(0, (1, 1, 0), (2, 0)): [3]
(0, (1, 1, 0), (2, 1)): [2]
(0, (1, 1, 0), (2, 2)): [2]
(0, (1, 1, 0), (3, 0)): [1]
(0, (1, 1, 0), (3, 1)): [2]
(0, (1, 1, 1), (0, 0)): [93, 133, 115, 86, 76, 32, 12, 8, 2, 1]
(0, (1, 1, 1), (0, 1)): [0, 0, 1]
(0, (1, 1, 1), (0, 2)): [0, 0, 1]
(0, (1, 1, 1), (1, 2)): [0, 0, 1]
(1, (0, 0, 0), (0, 0)): [23872, 2582, 1036, 391, 127, 60, 23, 5, 3, 0, 0, 1]
(1, (0, 0, 0), (0, 1)): [76, 7, 1, 3]
(1, (0, 0, 0), (0, 2)): [30, 3]
(1, (0, 0, 0), (1, 0)): [55, 6, 6]
(1, (0, 0, 0), (1, 1)): [56, 6, 3, 1]
(1, (0, 0, 0), (1, 2)): [36, 5, 1, 1]
(1, (0, 0, 0), (2, 0)): [19, 3, 3]
(1, (0, 0, 0), (2, 1)): [36, 5, 3]
(1, (0, 0, 0), (2, 2)): [32, 3, 1]
(1, (0, 0, 0), (3, 0)): [3]
(1, (0, 0, 0), (3, 1)): [6, 2]
(1, (0, 0, 0), (3, 2)): [14, 1, 1]
(1, (0, 0, 1), (0, 0)): [662, 972, 201, 79, 25, 13, 5, 1, 1, 1, 1]
(1, (0, 0, 1), (0, 1)): [0, 0, 2]
(1, (0, 0, 1), (1, 0)): [3, 2, 1]
(1, (0, 0, 1), (1, 1)): [2, 1, 2]
(1, (0, 0, 1), (1, 2)): [1]
(1, (0, 0, 1), (2, 0)): [0, 1]
(1, (0, 0, 1), (2, 1)): [1, 1, 1]
(1, (0, 0, 1), (2, 2)): [2, 0, 1]
(1, (0, 0, 1), (3, 0)): [0, 1]
(1, (0, 0, 1), (3, 1)): [0, 1]
(1, (0, 0, 1), (3, 2)): [1, 1]
(1, (0, 1, 0), (0, 0)): [3481, 1292, 540, 221, 71, 32, 14, 7, 1, 0, 0, 1]
(1, (0, 1, 0), (0, 1)): [13]
(1, (0, 1, 0), (0, 2)): [5]
(1, (0, 1, 0), (1, 0)): [5, 4, 1, 1]
(1, (0, 1, 0), (1, 1)): [8, 0, 0, 1]
(1, (0, 1, 0), (1, 2)): [8]
(1, (0, 1, 0), (2, 0)): [1, 4]
(1, (0, 1, 0), (2, 1)): [2, 2, 0, 1]
(1, (0, 1, 0), (2, 2)): [4]
(1, (0, 1, 0), (3, 0)): [0, 2]
(1, (0, 1, 0), (3, 1)): [0, 1, 0, 1]
(1, (0, 1, 0), (3, 2)): [1]
(1, (0, 1, 1), (0, 0)): [471, 385, 310, 136, 77, 30, 8, 1, 1, 0, 1, 0, 1]
(1, (0, 1, 1), (0, 1)): [1]
(1, (0, 1, 1), (1, 0)): [1, 0, 3, 0, 1]
(1, (0, 1, 1), (1, 1)): [1, 0, 1]
(1, (0, 1, 1), (1, 2)): [1]
(1, (0, 1, 1), (2, 0)): [0, 0, 2, 0, 1]
(1, (0, 1, 1), (2, 1)): [0, 0, 2]
(1, (0, 1, 1), (2, 2)): [1, 0, 1]
(1, (0, 1, 1), (3, 0)): [0, 0, 1, 0, 1]
(1, (0, 1, 1), (3, 1)): [0, 0, 1]
(1, (0, 1, 1), (3, 2)): [1]
(1, (1, 0, 0), (0, 0)): [8454, 1468, 944, 375, 145, 64, 26, 6, 3, 1, 0, 1]
(1, (1, 0, 0), (0, 1)): [20, 3, 1]
(1, (1, 0, 0), (0, 2)): [10, 1, 1]
(1, (1, 0, 0), (1, 0)): [24, 1, 4, 0, 1]
(1, (1, 0, 0), (1, 1)): [18, 1, 1, 0, 1]
(1, (1, 0, 0), (1, 2)): [9, 1, 1]
(1, (1, 0, 0), (2, 0)): [8, 1, 2]
(1, (1, 0, 0), (2, 1)): [8, 1, 0, 0, 1]
(1, (1, 0, 0), (2, 2)): [6]
(1, (1, 0, 0), (3, 0)): [4, 1, 1]
(1, (1, 0, 0), (3, 1)): [6]
(1, (1, 0, 0), (3, 2)): [3]
(1, (1, 0, 1), (0, 0)): [685, 744, 207, 178, 69, 33, 14, 6, 2, 2]
(1, (1, 0, 1), (0, 1)): [2]
(1, (1, 0, 1), (1, 0)): [1, 4]
(1, (1, 0, 1), (1, 1)): [2, 1]
(1, (1, 0, 1), (1, 2)): [2]
(1, (1, 0, 1), (2, 0)): [1, 1]
(1, (1, 0, 1), (2, 1)): [1, 1]
(1, (1, 0, 1), (2, 2)): [2, 1]
(1, (1, 0, 1), (3, 2)): [1]
(1, (1, 1, 0), (0, 0)): [2395, 695, 465, 318, 117, 57, 20, 5, 5, 0, 0, 1]
(1, (1, 1, 0), (0, 1)): [6, 2]
(1, (1, 1, 0), (0, 2)): [2, 2]
(1, (1, 1, 0), (1, 0)): [4, 1, 2, 1]
(1, (1, 1, 0), (1, 1)): [6, 0, 1]
(1, (1, 1, 0), (1, 2)): [1, 2]
(1, (1, 1, 0), (2, 0)): [1, 1, 0, 1]
(1, (1, 1, 0), (2, 1)): [5, 1, 1]
(1, (1, 1, 0), (2, 2)): [1, 2]
(1, (1, 1, 0), (3, 1)): [2, 1]
(1, (1, 1, 0), (3, 2)): [1, 2]
(1, (1, 1, 1), (0, 0)): [481, 339, 226, 155, 98, 43, 13, 4, 4, 1, 0, 0, 1]
(1, (1, 1, 1), (0, 1)): [1, 0, 0, 1]
(1, (1, 1, 1), (0, 2)): [1]
(1, (1, 1, 1), (1, 0)): [1, 1, 2, 0, 1]
(1, (1, 1, 1), (1, 1)): [1]
(1, (1, 1, 1), (1, 2)): [1]
(1, (1, 1, 1), (2, 0)): [0, 0, 1, 0, 1]
(1, (1, 1, 1), (2, 1)): [1]
(1, (1, 1, 1), (2, 2)): [1]
(1, (1, 1, 1), (3, 0)): [0, 0, 1, 0, 1]
(1, (1, 1, 1), (3, 1)): [0, 0, 0, 0, 1]
(1, (1, 1, 1), (3, 2)): [1]
(2, (0, 0, 0), (0, 0)): [20885, 988, 363, 109, 16, 11, 2, 1]
(2, (0, 0, 0), (0, 1)): [60, 4, 0, 1]
(2, (0, 0, 0), (0, 2)): [24, 1]
(2, (0, 0, 0), (1, 0)): [54, 3, 3]
(2, (0, 0, 0), (1, 1)): [51, 5, 0, 1]
(2, (0, 0, 0), (1, 2)): [31, 2]
(2, (0, 0, 0), (2, 0)): [18, 1, 2]
(2, (0, 0, 0), (2, 1)): [29, 4, 1, 1]
(2, (0, 0, 0), (2, 2)): [30, 1]
(2, (0, 0, 0), (3, 0)): [4]
(2, (0, 0, 0), (3, 1)): [12, 2, 1, 1]
(2, (0, 0, 0), (3, 2)): [15, 0, 1]
(2, (0, 0, 1), (0, 0)): [1961, 553, 120, 34, 12, 5]
(2, (0, 0, 1), (0, 1)): [2, 1]
(2, (0, 0, 1), (0, 2)): [1, 1]
(2, (0, 0, 1), (1, 0)): [4, 0, 1]
(2, (0, 0, 1), (1, 1)): [1]
(2, (0, 0, 1), (1, 2)): [0, 1]
(2, (0, 0, 1), (2, 0)): [2, 0, 1]
(2, (0, 0, 1), (2, 1)): [1]
(2, (0, 0, 1), (2, 2)): [0, 1]
(2, (0, 0, 1), (3, 0)): [1, 0, 1]
(2, (0, 0, 1), (3, 1)): [1, 0, 1]
(2, (0, 0, 1), (3, 2)): [1]
(2, (0, 1, 0), (0, 0)): [5245, 1034, 322, 94, 25, 13, 3, 1, 1]
(2, (0, 1, 0), (0, 1)): [20, 3]
(2, (0, 1, 0), (0, 2)): [8, 2]
(2, (0, 1, 0), (1, 0)): [14, 0, 1]
(2, (0, 1, 0), (1, 1)): [11, 1]
(2, (0, 1, 0), (1, 2)): [10, 2]
(2, (0, 1, 0), (2, 0)): [9, 0, 1]
(2, (0, 1, 0), (2, 1)): [10, 1]
(2, (0, 1, 0), (2, 2)): [8, 1]
(2, (0, 1, 0), (3, 0)): [4, 0, 1]
(2, (0, 1, 0), (3, 1)): [4, 1]
(2, (0, 1, 0), (3, 2)): [6, 2]
(2, (0, 1, 1), (0, 0)): [1032, 65, 208, 59, 18, 3, 2]
(2, (0, 1, 1), (0, 1)): [4]
(2, (0, 1, 1), (0, 2)): [3]
(2, (0, 1, 1), (1, 0)): [5, 0, 1]
(2, (0, 1, 1), (1, 1)): [5]
(2, (0, 1, 1), (1, 2)): [7]
(2, (0, 1, 1), (2, 0)): [1]
(2, (0, 1, 1), (2, 1)): [1]
(2, (0, 1, 1), (2, 2)): [4]
(2, (0, 1, 1), (3, 0)): [1]
(2, (0, 1, 1), (3, 2)): [1]
(2, (1, 0, 0), (0, 0)): [10227, 748, 511, 152, 30, 15, 5, 3]
(2, (1, 0, 0), (0, 1)): [32, 2, 1, 1]
(2, (1, 0, 0), (0, 2)): [13, 1]
(2, (1, 0, 0), (1, 0)): [27, 2, 3]
(2, (1, 0, 0), (1, 1)): [19, 3, 2, 1]
(2, (1, 0, 0), (1, 2)): [14, 3, 1, 1]
(2, (1, 0, 0), (2, 0)): [13, 0, 1]
(2, (1, 0, 0), (2, 1)): [15, 0, 1]
(2, (1, 0, 0), (2, 2)): [11, 3, 1]
(2, (1, 0, 0), (3, 0)): [3, 0, 1]
(2, (1, 0, 0), (3, 1)): [8, 0, 1]
(2, (1, 0, 0), (3, 2)): [10, 0, 1]
(2, (1, 0, 1), (0, 0)): [1771, 396, 145, 101, 29, 11, 4, 1]
(2, (1, 0, 1), (0, 1)): [3]
(2, (1, 0, 1), (0, 2)): [1]
(2, (1, 0, 1), (1, 0)): [2]
(2, (1, 0, 1), (1, 1)): [2]
(2, (1, 0, 1), (2, 0)): [2]
(2, (1, 0, 1), (2, 1)): [1]
(2, (1, 0, 1), (3, 0)): [2]
(2, (1, 1, 0), (0, 0)): [4095, 573, 328, 188, 46, 16, 5, 2]
(2, (1, 1, 0), (0, 1)): [8, 4, 1]
(2, (1, 1, 0), (0, 2)): [4]
(2, (1, 1, 0), (1, 0)): [8, 1, 1, 1]
(2, (1, 1, 0), (1, 1)): [7, 3, 1]
(2, (1, 1, 0), (1, 2)): [9, 1]
(2, (1, 1, 0), (2, 0)): [4, 0, 1]
(2, (1, 1, 0), (2, 1)): [3, 1, 1]
(2, (1, 1, 0), (2, 2)): [8, 0, 1]
(2, (1, 1, 0), (3, 0)): [2]
(2, (1, 1, 0), (3, 1)): [2, 1]
(2, (1, 1, 0), (3, 2)): [2]
(2, (1, 1, 1), (0, 0)): [1122, 123, 216, 85, 58, 24, 7]
(2, (1, 1, 1), (0, 1)): [4]
(2, (1, 1, 1), (0, 2)): [3]
(2, (1, 1, 1), (1, 0)): [2]
(2, (1, 1, 1), (1, 1)): [2]
(2, (1, 1, 1), (1, 2)): [3]
