(0, (0, 0, 0), (0, 0)): [774, 128, 49, 22, 9, 7, 4, 1]
(0, (0, 0, 0), (1, 0)): [1]
(0, (0, 0, 0), (2, 0)): [1]
(0, (0, 0, 0), (3, 0)): [1]
(0, (0, 0, 0), (3, 1)): [1]
(0, (0, 0, 0), (3, 2)): [1]
(0, (0, 0, 1), (0, 0)): [2, 11, 6]
(0, (0, 1, 0), (0, 0)): [36, 22, 7, 4, 3]
(0, (0, 1, 1), (0, 0)): [1, 2, 2, 1, 0, 1, 1]
(0, (1, 0, 0), (0, 0)): [154, 49, 18, 12, 3, 3, 3]
(0, (1, 0, 1), (0, 0)): [3, 6, 7, 4, 3, 1, 1]
(0, (1, 1, 0), (0, 0)): [25, 12, 4, 9, 1, 1, 2]
(0, (1, 1, 1), (0, 0)): [2, 2, 0, 4, 1, 2, 1]
(1, (0, 0, 0), (0, 0)): [615, 56, 21, 8, 5, 4, 1, 1]
(1, (0, 0, 1), (0, 0)): [30, 32, 5, 3, 2]
(1, (0, 1, 0), (0, 0)): [100, 50, 8, 6, 2, 2]
(1, (0, 1, 1), (0, 0)): [15, 13, 17, 7, 0, 2]
(1, (1, 0, 0), (0, 0)): [220, 38, 16, 8, 2, 5, 1, 1]
(1, (1, 0, 1), (0, 0)): [8, 11, 3, 4, 4, 1, 0, 1]
(1, (1, 1, 0), (0, 0)): [48, 17, 8, 10, 1, 1, 1]
(1, (1, 1, 1), (0, 0)): [8, 7, 5, 6, 1, 2]
(2, (0, 0, 0), (0, 0)): [529, 12, 6, 2, 3]
(2, (0, 0, 1), (0, 0)): [80, 31, 3, 0, 2]
(2, (0, 1, 0), (0, 0)): [164, 31, 10, 5, 1, 1]
(2, (0, 1, 1), (0, 0)): [46, 5, 14]
(2, (1, 0, 0), (0, 0)): [278, 14, 9, 5, 2]
(2, (1, 0, 1), (0, 0)): [42, 10, 8, 2, 0, 1]
(2, (1, 1, 0), (0, 0)): [71, 15, 8, 5, 2]
(2, (1, 1, 1), (0, 0)): [22, 4, 6, 2, 2]
