(0, (0, 0, 0)): [267840, 55036, 25864, 11909, 5392, 2373, 1023, 425, 166, 75, 35, 13, 7, 3, 2]
(0, (0, 0, 1)): [1348, 4368, 1251, 595, 292, 119, 61, 34, 9, 5, 1, 1, 3]
(0, (0, 1, 0)): [8630, 9147, 3514, 1605, 842, 385, 152, 73, 30, 17, 6, 2]
(0, (0, 1, 1)): [771, 1419, 1913, 905, 459, 225, 89, 44, 18, 7, 3, 1, 0, 1, 1]
(0, (1, 0, 0)): [60173, 21684, 13255, 6684, 3140, 1420, 628, 266, 100, 48, 28, 9, 5, 3, 2]
(0, (1, 0, 1)): [1425, 4373, 1993, 1320, 759, 347, 187, 69, 33, 17, 6, 5, 2, 0, 1]
(0, (1, 1, 0)): [7806, 5313, 4380, 2946, 1593, 763, 339, 168, 60, 29, 21, 4, 1, 1]
(0, (1, 1, 1)): [814, 1462, 1270, 1067, 866, 423, 198, 98, 42, 21, 11, 3, 0, 1, 1]
(1, (0, 0, 0)): [211209, 23053, 9591, 3776, 1531, 637, 247, 90, 37, 13, 3, 2]
(1, (0, 0, 1)): [7357, 11546, 2300, 931, 413, 163, 62, 33, 10, 2, 4, 2, 1]
(1, (0, 1, 0)): [31755, 15904, 5386, 2200, 891, 369, 150, 57, 13, 9, 2, 3, 2]
(1, (0, 1, 1)): [5406, 4773, 4953, 1899, 825, 352, 138, 51, 22, 8, 5, 3, 0, 1]
(1, (1, 0, 0)): [87383, 16820, 10014, 4418, 1749, 755, 272, 97, 47, 21, 5, 6, 1, 2]
(1, (1, 0, 1)): [7038, 9080, 3215, 1956, 850, 369, 138, 54, 16, 15, 5, 2]
(1, (1, 1, 0)): [22136, 7152, 5143, 3493, 1476, 671, 237, 92, 40, 18, 5, 3, 0, 3]
(1, (1, 1, 1)): [4253, 3547, 2261, 1705, 1157, 527, 201, 86, 28, 11, 4, 1, 0, 1]
(2, (0, 0, 0)): [181334, 7792, 2602, 817, 292, 108, 42, 15, 2, 1, 1]
(2, (0, 0, 1)): [22738, 7620, 1378, 429, 151, 64, 20, 6]
(2, (0, 1, 0)): [52025, 12222, 2950, 991, 325, 117, 39, 9, 2, 1]
(2, (0, 1, 1)): [13471, 1215, 3268, 874, 296, 105, 36, 8, 8, 1, 1]
(2, (1, 0, 0)): [107213, 8493, 4523, 1492, 501, 156, 70, 21, 6, 1, 1]
(2, (1, 0, 1)): [18750, 5171, 2259, 1114, 350, 133, 42, 18, 6, 0, 0, 1]
(2, (1, 1, 0)): [35271, 5576, 3104, 1836, 603, 204, 61, 15, 7, 4, 2, 0, 0, 1]
(2, (1, 1, 1)): [10535, 1620, 1816, 998, 647, 213, 74, 26, 14, 2, 2, 0, 0, 1]
