(0, (0, 0, 0), (0, 0)): [2101239, 430965, 198536, 90981, 40902, 17582, 7324, 2943, 1193, 520, 234, 114, 38, 22, 6, 1, 1, 1]
(0, (0, 0, 0), (0, 1)): [352565, 69287, 31591, 14821, 6524, 2878, 1194, 421, 177, 80, 42, 22, 5, 4, 1, 1]
(0, (0, 0, 0), (0, 2)): [134959, 23525, 10559, 4869, 2085, 905, 372, 127, 57, 27, 8, 4, 3, 0, 1]
(0, (0, 0, 0), (1, 0)): [297739, 67630, 32217, 15067, 7122, 3030, 1328, 530, 207, 74, 44, 17, 3, 6, 2, 0, 1]
(0, (0, 0, 0), (1, 1)): [294946, 60752, 28266, 13228, 5980, 2591, 1102, 406, 177, 61, 42, 18, 3, 6, 0, 1, 1]
(0, (0, 0, 0), (1, 2)): [203418, 36703, 16876, 7715, 3395, 1443, 622, 231, 100, 37, 14, 8, 5, 1, 1]
(0, (0, 0, 0), (2, 0)): [95477, 24002, 12265, 5807, 2853, 1209, 521, 237, 77, 34, 18, 8, 1, 3, 1]
(0, (0, 0, 0), (2, 1)): [151115, 34205, 16746, 7816, 3715, 1624, 647, 288, 107, 40, 25, 12, 1, 4, 0, 0, 1]
(0, (0, 0, 0), (2, 2)): [161034, 31775, 15050, 6972, 3164, 1313, 574, 220, 99, 34, 17, 5, 4, 2, 1, 0, 1]
(0, (0, 0, 0), (3, 0)): [27655, 7889, 4664, 2342, 1173, 491, 218, 97, 34, 16, 11, 3, 0, 2, 1]
(0, (0, 0, 0), (3, 1)): [57394, 15244, 8239, 4017, 1969, 870, 345, 177, 69, 25, 10, 10, 1, 4, 1]
(0, (0, 0, 0), (3, 2)): [84643, 19506, 10376, 4868, 2333, 987, 407, 183, 76, 31, 11, 10, 4, 2, 1, 0, 1]
(0, (0, 0, 1), (0, 0)): [7696, 23903, 6553, 3197, 1542, 674, 293, 118, 51, 28, 17, 3, 4, 3]
(0, (0, 0, 1), (0, 1)): [935, 2901, 792, 366, 187, 82, 33, 13, 9, 3, 3, 0, 0, 1]
(0, (0, 0, 1), (0, 2)): [415, 1071, 273, 129, 59, 33, 12, 4, 6]
(0, (0, 0, 1), (1, 0)): [899, 3163, 917, 515, 242, 113, 46, 17, 7, 4, 7]
(0, (0, 0, 1), (1, 1)): [850, 2667, 739, 360, 193, 89, 33, 13, 4, 6, 3, 0, 0, 1]
(0, (0, 0, 1), (1, 2)): [661, 1717, 438, 210, 98, 54, 16, 7, 4, 3, 2]
(0, (0, 0, 1), (2, 0)): [323, 1158, 364, 236, 99, 46, 17, 10, 4, 1, 5]
(0, (0, 0, 1), (2, 1)): [452, 1492, 459, 262, 129, 57, 28, 10, 5, 3, 2]
(0, (0, 0, 1), (2, 2)): [600, 1535, 428, 203, 108, 51, 18, 5, 3, 2, 2]
(0, (0, 0, 1), (3, 0)): [108, 391, 123, 96, 39, 18, 8, 3, 1, 0, 3]
(0, (0, 0, 1), (3, 1)): [177, 657, 207, 167, 75, 28, 16, 4, 2, 2]
(0, (0, 0, 1), (3, 2)): [332, 931, 260, 176, 97, 37, 15, 2, 3, 1, 1]
(0, (0, 1, 0), (0, 0)): [77710, 73146, 28792, 14308, 6788, 2958, 1286, 521, 217, 115, 41, 17, 7, 6, 3, 0, 1]
(0, (0, 1, 0), (0, 1)): [12945, 11526, 4638, 2202, 1038, 446, 210, 77, 32, 16, 4, 4, 1, 1, 1]
(0, (0, 1, 0), (0, 2)): [5293, 3980, 1600, 724, 345, 151, 77, 23, 11, 4, 0, 1, 1]
(0, (0, 1, 0), (1, 0)): [12497, 12036, 5030, 2755, 1267, 595, 247, 102, 41, 15, 10, 3, 2, 2, 1, 0, 1]
(0, (0, 1, 0), (1, 1)): [11237, 10012, 4105, 2094, 985, 428, 192, 80, 22, 18, 8, 3, 0, 2, 1]
(0, (0, 1, 0), (1, 2)): [7880, 6099, 2548, 1223, 552, 243, 105, 52, 12, 6, 2, 3, 1, 0, 1]
(0, (0, 1, 0), (2, 0)): [4550, 4316, 1934, 1128, 503, 262, 101, 45, 20, 3, 2, 3, 2, 1, 0, 0, 1]
(0, (0, 1, 0), (2, 1)): [6128, 5600, 2413, 1268, 604, 287, 133, 47, 16, 13, 4, 1, 1, 1, 0, 0, 1]
(0, (0, 1, 0), (2, 2)): [6660, 5170, 2328, 1070, 508, 223, 102, 45, 13, 7, 3, 2, 1, 0, 1, 0, 1]
(0, (0, 1, 0), (3, 0)): [1580, 1273, 670, 469, 206, 112, 50, 22, 9, 1, 0, 1, 1]
(0, (0, 1, 0), (3, 1)): [2707, 2330, 1121, 741, 330, 164, 72, 28, 6, 4, 1, 1, 0, 1]
(0, (0, 1, 0), (3, 2)): [3921, 3018, 1488, 806, 371, 185, 97, 34, 6, 6, 2, 0, 0, 0, 1, 0, 1]
(0, (0, 1, 1), (0, 0)): [6178, 10905, 12921, 6036, 3185, 1544, 659, 281, 141, 61, 19, 13, 3, 4, 2, 0, 1, 1]
(0, (0, 1, 1), (0, 1)): [1004, 1717, 1925, 842, 461, 213, 106, 38, 16, 10, 3, 2, 1, 0, 0, 0, 1]
(0, (0, 1, 1), (0, 2)): [478, 644, 694, 311, 160, 81, 41, 21, 2, 4, 0, 1]
(0, (0, 1, 1), (1, 0)): [943, 1806, 2185, 1107, 583, 308, 124, 45, 32, 9, 5, 5, 0, 1, 1]
(0, (0, 1, 1), (1, 1)): [826, 1506, 1757, 778, 424, 196, 85, 26, 17, 5, 5, 1, 1, 0, 0, 0, 1]
(0, (0, 1, 1), (1, 2)): [683, 961, 1055, 457, 277, 128, 54, 19, 8, 2, 1, 1, 0, 0, 0, 0, 1]
(0, (0, 1, 1), (2, 0)): [383, 775, 826, 463, 277, 164, 58, 21, 21, 6, 2, 2, 0, 1, 1]
(0, (0, 1, 1), (2, 1)): [415, 834, 970, 465, 214, 117, 50, 19, 11, 8, 4, 1, 1, 0, 1]
(0, (0, 1, 1), (2, 2)): [533, 849, 899, 409, 222, 109, 45, 16, 8, 7, 2, 1, 0, 0, 0, 0, 1]
(0, (0, 1, 1), (3, 0)): [202, 362, 355, 230, 160, 87, 32, 8, 14, 1, 1, 2, 0, 1]
(0, (0, 1, 1), (3, 1)): [170, 330, 388, 209, 136, 70, 27, 10, 12, 2, 1, 1, 0, 0, 1]
(0, (0, 1, 1), (3, 2)): [305, 452, 516, 278, 146, 85, 40, 14, 12, 3, 3, 0, 0, 0, 0, 0, 1]
(0, (1, 0, 0), (0, 0)): [440606, 146342, 95176, 47434, 22793, 10269, 4280, 1822, 761, 332, 161, 66, 24, 17, 4, 1, 1, 1]
(0, (1, 0, 0), (0, 1)): [66672, 19986, 13667, 6726, 3263, 1453, 601, 241, 116, 40, 21, 9, 1, 3]
(0, (1, 0, 0), (0, 2)): [25453, 6618, 4634, 2129, 1016, 444, 212, 78, 33, 13, 8, 2]
(0, (1, 0, 0), (1, 0)): [58175, 20503, 14449, 7629, 3762, 1729, 721, 309, 118, 60, 36, 11, 2, 6, 2, 0, 1]
(0, (1, 0, 0), (1, 1)): [51028, 16208, 11256, 5785, 2712, 1297, 519, 219, 93, 43, 18, 8, 1, 4, 1]
(0, (1, 0, 0), (1, 2)): [33617, 9289, 6510, 3202, 1495, 673, 295, 116, 55, 18, 4, 3, 0, 0, 1]
(0, (1, 0, 0), (2, 0)): [18096, 6997, 5152, 2886, 1481, 683, 277, 121, 37, 30, 19, 3, 2, 3, 0, 0, 1]
(0, (1, 0, 0), (2, 1)): [24725, 8552, 6056, 3247, 1563, 751, 301, 132, 54, 33, 17, 5, 0, 6, 0, 0, 1]
(0, (1, 0, 0), (2, 2)): [24400, 7332, 5209, 2545, 1258, 529, 251, 102, 49, 24, 10, 3, 0, 3]
(0, (1, 0, 0), (3, 0)): [4661, 2201, 1695, 1147, 594, 273, 112, 47, 15, 13, 7, 1, 1]
(0, (1, 0, 0), (3, 1)): [8867, 3625, 2656, 1689, 820, 416, 166, 73, 25, 16, 11, 2, 1, 2]
(0, (1, 0, 0), (3, 2)): [11465, 4312, 3007, 1674, 844, 374, 177, 77, 36, 17, 8, 3, 0, 1]
(0, (1, 0, 1), (0, 0)): [10355, 31837, 12885, 9231, 4860, 2276, 1069, 430, 212, 86, 47, 19, 9, 3, 2, 0, 0, 1]
(0, (1, 0, 1), (0, 1)): [1585, 4302, 1750, 1310, 658, 317, 152, 48, 26, 11, 5, 1, 4, 1]
(0, (1, 0, 1), (0, 2)): [719, 1539, 615, 451, 213, 108, 46, 13, 6, 1, 1, 1, 2, 1]
(0, (1, 0, 1), (1, 0)): [1362, 4502, 1845, 1385, 768, 393, 153, 75, 42, 17, 14, 1, 0, 1, 1]
(0, (1, 0, 1), (1, 1)): [1258, 3458, 1459, 1053, 565, 253, 109, 50, 30, 12, 8]
(0, (1, 0, 1), (1, 2)): [990, 2051, 860, 596, 308, 136, 62, 24, 12, 4, 2, 1, 2]
(0, (1, 0, 1), (2, 0)): [456, 1522, 636, 491, 280, 169, 64, 28, 15, 9, 5, 1]
(0, (1, 0, 1), (2, 1)): [597, 1783, 770, 572, 302, 166, 63, 28, 19, 10, 6]
(0, (1, 0, 1), (2, 2)): [740, 1598, 693, 493, 254, 127, 58, 26, 5, 5, 3]
(0, (1, 0, 1), (3, 0)): [150, 466, 224, 134, 104, 73, 26, 9, 6, 2, 1, 1]
(0, (1, 0, 1), (3, 1)): [245, 613, 330, 239, 167, 91, 29, 15, 14, 7, 3]
(0, (1, 0, 1), (3, 2)): [371, 797, 430, 276, 184, 97, 37, 19, 10, 10, 5]
(0, (1, 1, 0), (0, 0)): [62827, 39813, 29492, 21522, 11467, 5403, 2309, 1061, 443, 201, 96, 38, 12, 6, 1, 0, 1]
(0, (1, 1, 0), (0, 1)): [10703, 5910, 4041, 3159, 1745, 759, 363, 148, 57, 22, 14, 6, 0, 1, 1, 0, 1]
(0, (1, 1, 0), (0, 2)): [4409, 2055, 1368, 1063, 583, 272, 114, 59, 24, 12, 3]
(0, (1, 1, 0), (1, 0)): [8397, 5525, 4202, 3262, 1715, 876, 365, 155, 66, 29, 17, 6, 3, 3]
(0, (1, 1, 0), (1, 1)): [7882, 4564, 3308, 2639, 1347, 635, 281, 112, 31, 17, 15, 2, 2, 2, 1, 0, 1]
(0, (1, 1, 0), (1, 2)): [5709, 2781, 1894, 1609, 801, 354, 153, 67, 24, 17, 4, 1, 0, 1, 0, 0, 1]
(0, (1, 1, 0), (2, 0)): [2483, 1875, 1446, 1094, 666, 354, 149, 63, 34, 12, 6, 4, 0, 1]
(0, (1, 1, 0), (2, 1)): [3638, 2334, 1787, 1353, 756, 358, 165, 67, 31, 10, 10, 3, 2, 0, 1]
(0, (1, 1, 0), (2, 2)): [4002, 2162, 1573, 1245, 653, 302, 134, 59, 21, 15, 5, 1, 0, 0, 0, 0, 1]
(0, (1, 1, 0), (3, 0)): [570, 603, 506, 369, 263, 142, 56, 25, 13, 6, 2, 2, 0, 1]
(0, (1, 1, 0), (3, 1)): [1274, 991, 807, 622, 406, 227, 96, 34, 18, 8, 5, 1, 2, 0, 1]
(0, (1, 1, 0), (3, 2)): [1868, 1210, 980, 770, 452, 229, 95, 50, 16, 9, 5, 0, 0, 0, 0, 0, 1]
(0, (1, 1, 1), (0, 0)): [5973, 11854, 9522, 6907, 5685, 2862, 1318, 622, 298, 127, 64, 24, 6, 4, 1, 0, 1]
(0, (1, 1, 1), (0, 1)): [1109, 1971, 1556, 1027, 887, 457, 198, 94, 56, 21, 8, 5, 2, 1]
(0, (1, 1, 1), (0, 2)): [602, 782, 560, 355, 316, 159, 59, 30, 18, 7, 5, 2, 1]
(0, (1, 1, 1), (1, 0)): [738, 1750, 1436, 1021, 881, 484, 205, 81, 48, 23, 10, 3, 0, 1, 0, 0, 1]
(0, (1, 1, 1), (1, 1)): [723, 1537, 1242, 832, 709, 401, 175, 85, 41, 18, 6, 3, 1, 1, 0, 0, 1]
(0, (1, 1, 1), (1, 2)): [670, 1074, 807, 516, 445, 224, 96, 46, 22, 9, 4, 3, 0, 1, 0, 0, 1]
(0, (1, 1, 1), (2, 0)): [213, 513, 485, 363, 332, 178, 67, 29, 16, 11, 4, 2, 0, 1]
(0, (1, 1, 1), (2, 1)): [333, 704, 616, 436, 357, 218, 85, 48, 29, 11, 3, 0, 1]
(0, (1, 1, 1), (2, 2)): [439, 775, 625, 415, 347, 193, 79, 47, 22, 12, 2, 1, 1]
(0, (1, 1, 1), (3, 0)): [41, 141, 133, 130, 97, 65, 31, 14, 4, 5, 3, 1, 0, 1]
(0, (1, 1, 1), (3, 1)): [97, 258, 250, 186, 155, 94, 50, 17, 8, 5, 2, 1, 0, 1]
(0, (1, 1, 1), (3, 2)): [163, 374, 348, 254, 220, 114, 68, 26, 14, 6, 2, 1, 1, 1]
(1, (0, 0, 0), (0, 0)): [1716427, 192493, 78933, 31394, 12358, 4706, 1849, 646, 231, 96, 35, 23, 7, 3, 0, 1]
(1, (0, 0, 0), (0, 1)): [290308, 30668, 12478, 4947, 1975, 736, 284, 111, 29, 11, 4, 5, 0, 1]
(1, (0, 0, 0), (0, 2)): [111981, 10096, 4093, 1503, 605, 219, 69, 30, 3, 4, 1, 3]
(1, (0, 0, 0), (1, 0)): [254961, 32754, 13787, 5618, 2311, 884, 348, 105, 40, 17, 5, 3, 0, 0, 0, 1]
(1, (0, 0, 0), (1, 1)): [248535, 28213, 11543, 4675, 1910, 689, 308, 101, 34, 11, 5, 2, 0, 1]
(1, (0, 0, 0), (1, 2)): [169712, 16276, 6566, 2559, 1069, 382, 153, 43, 14, 7, 1, 2]
(1, (0, 0, 0), (2, 0)): [84920, 12295, 5535, 2346, 979, 389, 150, 45, 14, 9, 2, 2, 0, 0, 0, 1]
(1, (0, 0, 0), (2, 1)): [131026, 16630, 7192, 2921, 1248, 458, 165, 70, 16, 12, 5, 2]
(1, (0, 0, 0), (2, 2)): [138089, 14605, 6189, 2552, 1047, 369, 132, 51, 18, 8, 1, 1]
(1, (0, 0, 0), (3, 0)): [25125, 4086, 2260, 1002, 389, 174, 82, 17, 10, 4, 1, 1, 0, 0, 0, 1]
(1, (0, 0, 0), (3, 1)): [52217, 7947, 3933, 1691, 725, 276, 105, 37, 10, 4, 3]
(1, (0, 0, 0), (3, 2)): [75665, 9736, 4665, 1982, 851, 302, 107, 45, 11, 7, 3]
(1, (0, 0, 1), (0, 0)): [46346, 66489, 13297, 5844, 2372, 989, 376, 133, 68, 24, 14, 8, 4, 2]
(1, (0, 0, 1), (0, 1)): [6974, 8592, 1770, 727, 249, 128, 55, 14, 4, 1, 3, 1]
(1, (0, 0, 1), (0, 2)): [3052, 2813, 548, 214, 84, 41, 17, 2, 3, 0, 1, 1]
(1, (0, 0, 1), (1, 0)): [7443, 10990, 2311, 1165, 475, 200, 69, 23, 20, 4, 1, 1]
(1, (0, 0, 1), (1, 1)): [6470, 8266, 1705, 775, 282, 121, 46, 14, 6, 3, 1, 1]
(1, (0, 0, 1), (1, 2)): [4874, 4596, 921, 403, 157, 67, 27, 5, 4, 1, 1, 2]
(1, (0, 0, 1), (2, 0)): [3044, 4468, 1027, 590, 245, 103, 42, 14, 11, 2, 1]
(1, (0, 0, 1), (2, 1)): [3688, 4922, 1067, 534, 198, 90, 28, 13, 6, 2, 1]
(1, (0, 0, 1), (2, 2)): [4266, 4200, 893, 431, 148, 65, 30, 8, 3, 1, 2, 2]
(1, (0, 0, 1), (3, 0)): [1412, 1811, 466, 325, 139, 57, 23, 7, 4, 0, 1]
(1, (0, 0, 1), (3, 1)): [1602, 2125, 540, 300, 124, 57, 18, 9, 3, 1]
(1, (0, 0, 1), (3, 2)): [2571, 2622, 633, 352, 129, 63, 28, 10, 3, 0, 1]
(1, (0, 1, 0), (0, 0)): [232234, 100862, 37382, 16331, 6612, 2645, 925, 411, 117, 61, 32, 10, 10, 2, 1]
(1, (0, 1, 0), (0, 1)): [35784, 14151, 5283, 2220, 890, 396, 133, 61, 14, 10, 6, 1, 1]
(1, (0, 1, 0), (0, 2)): [14011, 4942, 1754, 692, 263, 130, 40, 16, 4, 4, 1, 1, 1]
(1, (0, 1, 0), (1, 0)): [38770, 16356, 6601, 3313, 1360, 540, 199, 85, 29, 13, 6, 0, 0, 1]
(1, (0, 1, 0), (1, 1)): [32595, 12961, 5040, 2281, 946, 378, 137, 52, 16, 5, 5, 0, 0, 1]
(1, (0, 1, 0), (1, 2)): [21908, 7786, 2840, 1213, 452, 199, 71, 35, 9, 6, 1, 1]
(1, (0, 1, 0), (2, 0)): [16228, 6626, 2890, 1692, 715, 282, 103, 52, 15, 8, 5]
(1, (0, 1, 0), (2, 1)): [18966, 7585, 3185, 1561, 681, 259, 97, 40, 11, 6, 3, 0, 0, 1]
(1, (0, 1, 0), (2, 2)): [19159, 6822, 2688, 1186, 483, 213, 70, 27, 8, 5, 2]
(1, (0, 1, 0), (3, 0)): [7271, 2708, 1285, 924, 412, 159, 61, 27, 9, 4, 2]
(1, (0, 1, 0), (3, 1)): [8853, 3332, 1611, 975, 440, 147, 68, 33, 13, 4, 2, 0, 0, 1]
(1, (0, 1, 0), (3, 2)): [11859, 4176, 1900, 1005, 445, 162, 62, 25, 5, 6, 2, 0, 0, 1]
(1, (0, 1, 1), (0, 0)): [36122, 30587, 26389, 10764, 5601, 2197, 887, 353, 153, 50, 16, 8, 2, 2, 0, 1]
(1, (0, 1, 1), (0, 1)): [4934, 3817, 3215, 1311, 595, 204, 108, 47, 13, 1, 3]
(1, (0, 1, 1), (0, 2)): [2306, 1223, 1126, 459, 219, 65, 38, 18, 2, 0, 3]
(1, (0, 1, 1), (1, 0)): [6314, 5816, 4393, 1972, 1234, 486, 198, 75, 28, 13, 1, 1]
(1, (0, 1, 1), (1, 1)): [4227, 3487, 2863, 1170, 581, 198, 91, 36, 14, 5, 0, 1]
(1, (0, 1, 1), (1, 2)): [3422, 2010, 1775, 696, 348, 110, 54, 26, 5, 3, 2, 1]
(1, (0, 1, 1), (2, 0)): [3562, 3112, 2248, 1121, 822, 336, 137, 51, 20, 8, 1]
(1, (0, 1, 1), (2, 1)): [2318, 1980, 1608, 722, 371, 144, 66, 18, 8, 3]
(1, (0, 1, 1), (2, 2)): [2852, 1744, 1537, 639, 323, 98, 50, 17, 5, 1, 1, 1]
(1, (0, 1, 1), (3, 0)): [2577, 2080, 1377, 775, 676, 271, 107, 44, 16, 7, 1]
(1, (0, 1, 1), (3, 1)): [1011, 865, 699, 330, 204, 99, 36, 15, 6, 3]
(1, (0, 1, 1), (3, 2)): [1617, 1101, 871, 426, 255, 89, 35, 17, 7, 2, 0, 1]
(1, (1, 0, 0), (0, 0)): [640694, 112965, 74714, 31935, 13102, 5210, 2079, 735, 289, 125, 46, 32, 5, 3, 0, 2]
(1, (1, 0, 0), (0, 1)): [97360, 15389, 10536, 4523, 1814, 722, 299, 105, 30, 14, 8, 4]
(1, (1, 0, 0), (0, 2)): [36750, 5039, 3377, 1373, 542, 247, 101, 28, 8, 4, 4]
(1, (1, 0, 0), (1, 0)): [91345, 17250, 12293, 5553, 2351, 953, 393, 139, 41, 23, 7, 4, 1, 0, 0, 1]
(1, (1, 0, 0), (1, 1)): [78706, 13317, 9304, 4095, 1655, 650, 272, 99, 32, 13, 6, 6, 0, 0, 0, 1]
(1, (1, 0, 0), (1, 2)): [51328, 7519, 5173, 2214, 858, 333, 138, 51, 16, 5, 5, 1]
(1, (1, 0, 0), (2, 0)): [29865, 6126, 4541, 2288, 988, 396, 168, 57, 21, 8, 2, 0, 1]
(1, (1, 0, 0), (2, 1)): [39533, 7348, 5225, 2526, 1020, 423, 168, 57, 20, 8, 5, 4, 0, 0, 0, 1]
(1, (1, 0, 0), (2, 2)): [38789, 6211, 4238, 1961, 774, 324, 128, 48, 11, 5, 3, 1]
(1, (1, 0, 0), (3, 0)): [8453, 2020, 1420, 905, 423, 158, 78, 21, 7, 4, 0, 0, 1]
(1, (1, 0, 0), (3, 1)): [15224, 3414, 2374, 1370, 574, 220, 108, 26, 14, 4, 3, 1, 0, 0, 0, 1]
(1, (1, 0, 0), (3, 2)): [19468, 3971, 2588, 1402, 551, 231, 105, 28, 13, 5, 4, 2, 0, 0, 0, 1]
(1, (1, 0, 1), (0, 0)): [52248, 59589, 19114, 13064, 5677, 2338, 933, 357, 123, 74, 21, 7, 2, 1]
(1, (1, 0, 1), (0, 1)): [8521, 7779, 2470, 1731, 749, 316, 118, 32, 20, 8, 3, 0, 2]
(1, (1, 0, 1), (0, 2)): [3749, 2527, 830, 601, 259, 99, 46, 18, 8, 3, 2, 0, 1]
(1, (1, 0, 1), (1, 0)): [7498, 8457, 2875, 2090, 975, 405, 156, 69, 20, 17, 0, 1]
(1, (1, 0, 1), (1, 1)): [6631, 6433, 2148, 1492, 623, 277, 100, 25, 12, 6, 0, 1, 1]
(1, (1, 0, 1), (1, 2)): [4861, 3604, 1250, 870, 356, 148, 52, 25, 8, 3, 2]
(1, (1, 0, 1), (2, 0)): [2578, 2810, 1029, 773, 410, 171, 64, 33, 6, 8]
(1, (1, 0, 1), (2, 1)): [3308, 3301, 1111, 819, 401, 158, 68, 20, 9, 6, 0, 1]
(1, (1, 0, 1), (2, 2)): [3584, 2762, 1035, 699, 337, 115, 55, 19, 9, 3, 1]
(1, (1, 0, 1), (3, 0)): [868, 927, 369, 268, 164, 78, 24, 9, 1, 4]
(1, (1, 0, 1), (3, 1)): [1247, 1291, 514, 367, 202, 94, 30, 13, 2, 3, 0, 1]
(1, (1, 0, 1), (3, 2)): [1771, 1563, 652, 439, 255, 97, 37, 12, 7, 2, 0, 1]
(1, (1, 1, 0), (0, 0)): [180722, 54691, 36401, 26701, 11244, 4688, 1834, 729, 281, 116, 44, 25, 9, 5, 1]
(1, (1, 1, 0), (0, 1)): [30202, 7971, 5031, 3900, 1672, 681, 241, 109, 40, 14, 8, 4]
(1, (1, 1, 0), (0, 2)): [12229, 2833, 1698, 1329, 552, 217, 63, 34, 12, 1, 2]
(1, (1, 1, 0), (1, 0)): [25977, 8428, 5664, 4424, 1913, 798, 373, 121, 35, 23, 9, 4, 2, 1]
(1, (1, 1, 0), (1, 1)): [23808, 6799, 4509, 3458, 1489, 601, 241, 100, 30, 22, 8, 4]
(1, (1, 1, 0), (1, 2)): [16901, 4134, 2571, 1983, 848, 286, 99, 57, 17, 5, 6, 2]
(1, (1, 1, 0), (2, 0)): [8326, 3124, 2032, 1579, 788, 358, 169, 51, 16, 10, 5, 2, 2, 1]
(1, (1, 1, 0), (2, 1)): [11797, 3755, 2553, 1967, 910, 412, 180, 53, 21, 9, 7, 2, 1]
(1, (1, 1, 0), (2, 2)): [12729, 3432, 2184, 1673, 800, 301, 117, 51, 16, 6, 3, 2]
(1, (1, 1, 0), (3, 0)): [2133, 1148, 732, 475, 320, 143, 68, 26, 4, 6, 1, 2, 1]
(1, (1, 1, 0), (3, 1)): [4306, 1840, 1243, 905, 500, 232, 92, 32, 12, 7, 4, 2, 1]
(1, (1, 1, 0), (3, 2)): [6235, 2171, 1472, 1056, 592, 215, 89, 34, 13, 7, 2, 1, 1]
(1, (1, 1, 1), (0, 0)): [37028, 29755, 18583, 12079, 9257, 3924, 1611, 606, 245, 89, 30, 21, 9, 4, 1, 1]
(1, (1, 1, 1), (0, 1)): [6653, 4568, 2775, 1790, 1422, 562, 243, 87, 41, 11, 3, 1, 0, 1]
(1, (1, 1, 1), (0, 2)): [3167, 1579, 993, 656, 477, 166, 82, 24, 7, 6, 2, 0, 0, 1]
(1, (1, 1, 1), (1, 0)): [4962, 4553, 2784, 1795, 1537, 671, 306, 108, 36, 13, 5, 6, 2]
(1, (1, 1, 1), (1, 1)): [4869, 3759, 2326, 1506, 1202, 492, 234, 84, 36, 7, 3, 3]
(1, (1, 1, 1), (1, 2)): [3935, 2180, 1441, 930, 703, 288, 125, 44, 19, 6, 1, 3, 0, 1]
(1, (1, 1, 1), (2, 0)): [1297, 1535, 968, 611, 564, 277, 120, 47, 11, 6, 2, 3, 1]
(1, (1, 1, 1), (2, 1)): [2087, 2011, 1193, 774, 634, 296, 137, 46, 15, 5, 3, 2]
(1, (1, 1, 1), (2, 2)): [2652, 1802, 1157, 761, 596, 251, 119, 42, 15, 9, 1, 3, 0, 1]
(1, (1, 1, 1), (3, 0)): [215, 472, 333, 212, 178, 95, 43, 20, 4, 3, 0, 1, 1]
(1, (1, 1, 1), (3, 1)): [540, 865, 558, 340, 293, 158, 55, 25, 9, 2, 2, 1, 1]
(1, (1, 1, 1), (3, 2)): [1022, 1070, 686, 460, 357, 183, 78, 31, 9, 3, 2, 1, 0, 1]
(2, (0, 0, 0), (0, 0)): [1498081, 71161, 23773, 7564, 2537, 812, 277, 98, 20, 8, 5, 0, 1]
(2, (0, 0, 0), (0, 1)): [251149, 10595, 3561, 1134, 411, 119, 44, 16, 3]
(2, (0, 0, 0), (0, 2)): [95990, 2849, 989, 307, 116, 28, 3, 7]
(2, (0, 0, 0), (1, 0)): [231042, 13602, 4731, 1465, 518, 148, 56, 16, 7, 0, 0, 0, 1]
(2, (0, 0, 0), (1, 1)): [220482, 10611, 3673, 1129, 422, 129, 52, 12, 5]
(2, (0, 0, 0), (1, 2)): [147384, 5079, 1788, 571, 199, 65, 21, 8, 1]
(2, (0, 0, 0), (2, 0)): [80945, 5399, 2223, 664, 231, 64, 25, 7, 3, 0, 0, 0, 1]
(2, (0, 0, 0), (2, 1)): [121314, 6836, 2638, 760, 269, 76, 32, 10, 5]
(2, (0, 0, 0), (2, 2)): [125108, 5226, 1988, 602, 207, 66, 23, 7, 1]
(2, (0, 0, 0), (3, 0)): [25397, 1824, 1018, 311, 109, 34, 11, 4, 0, 0, 0, 0, 1]
(2, (0, 0, 0), (3, 1)): [51080, 3458, 1666, 521, 159, 47, 16, 7, 3]
(2, (0, 0, 0), (3, 2)): [72861, 3941, 1821, 548, 182, 61, 20, 7, 2]
(2, (0, 0, 1), (0, 0)): [140613, 41034, 8761, 3000, 1074, 369, 104, 35, 8, 6, 0, 2]
(2, (0, 0, 1), (0, 1)): [22252, 5284, 1171, 389, 135, 50, 13, 4, 1, 3]
(2, (0, 0, 1), (0, 2)): [8855, 1590, 350, 115, 39, 13, 4, 0, 0, 1]
(2, (0, 0, 1), (1, 0)): [24992, 6867, 1766, 675, 259, 83, 26, 10, 2, 1, 0, 1]
(2, (0, 0, 1), (1, 1)): [20846, 5157, 1176, 440, 159, 57, 11, 5, 1, 2]
(2, (0, 0, 1), (1, 2)): [14225, 2692, 573, 194, 84, 30, 7, 2, 0, 2]
(2, (0, 0, 1), (2, 0)): [10920, 2911, 858, 382, 150, 45, 16, 6, 1, 1, 0, 1]
(2, (0, 0, 1), (2, 1)): [12597, 3266, 870, 351, 128, 35, 10, 6, 0, 2]
(2, (0, 0, 1), (2, 2)): [13021, 2660, 674, 240, 96, 34, 6, 3]
(2, (0, 0, 1), (3, 0)): [5214, 1186, 423, 239, 86, 29, 11, 1, 1, 0, 0, 1]
(2, (0, 0, 1), (3, 1)): [5965, 1554, 487, 256, 87, 24, 9, 3, 0, 1]
(2, (0, 0, 1), (3, 2)): [8318, 1829, 540, 248, 98, 24, 8, 3, 0, 1]
(2, (0, 1, 0), (0, 0)): [371363, 76811, 21604, 7721, 2615, 855, 265, 79, 20, 12, 7, 0, 1]
(2, (0, 1, 0), (0, 1)): [57666, 10049, 2819, 920, 348, 95, 31, 9, 5, 3, 1]
(2, (0, 1, 0), (0, 2)): [22887, 2991, 841, 254, 92, 18, 9, 2, 2, 1]
(2, (0, 1, 0), (1, 0)): [65756, 13025, 4397, 1841, 602, 201, 72, 23, 1, 1, 0, 0, 1]
(2, (0, 1, 0), (1, 1)): [53611, 9755, 2923, 1041, 377, 108, 43, 13, 3, 2, 1]
(2, (0, 1, 0), (1, 2)): [36309, 5100, 1402, 507, 172, 36, 21, 7, 0, 1]
(2, (0, 1, 0), (2, 0)): [29581, 5575, 2124, 1101, 372, 124, 36, 13, 1, 1, 0, 0, 1]
(2, (0, 1, 0), (2, 1)): [32013, 6066, 2044, 787, 289, 87, 26, 6, 2, 2, 1, 0, 1]
(2, (0, 1, 0), (2, 2)): [32709, 4943, 1466, 581, 208, 50, 26, 8, 0, 2]
(2, (0, 1, 0), (3, 0)): [15068, 2425, 1074, 743, 237, 80, 26, 12, 1, 1]
(2, (0, 1, 0), (3, 1)): [14921, 2865, 1133, 578, 201, 64, 18, 5, 2, 1, 1, 0, 1]
(2, (0, 1, 0), (3, 2)): [20596, 3291, 1185, 626, 204, 55, 31, 8, 0, 1, 0, 0, 1]
(2, (0, 1, 1), (0, 0)): [85637, 7192, 17966, 5213, 2066, 683, 221, 71, 23, 6, 5, 1, 0, 1]
(2, (0, 1, 1), (0, 1)): [13503, 858, 2338, 676, 236, 84, 20, 9, 1, 1]
(2, (0, 1, 1), (0, 2)): [5723, 289, 729, 212, 83, 25, 6, 2, 0, 1]
(2, (0, 1, 1), (1, 0)): [15788, 1499, 3055, 1113, 510, 184, 55, 16, 4, 0, 3]
(2, (0, 1, 1), (1, 1)): [12295, 846, 2229, 696, 257, 102, 24, 10, 3, 0, 1]
(2, (0, 1, 1), (1, 2)): [9143, 490, 1259, 367, 143, 49, 9, 3, 0, 1, 1]
(2, (0, 1, 1), (2, 0)): [7637, 848, 1391, 591, 334, 113, 33, 11, 1, 0, 2]
(2, (0, 1, 1), (2, 1)): [7242, 571, 1372, 467, 212, 74, 18, 6, 3, 0, 1]
(2, (0, 1, 1), (2, 2)): [8163, 530, 1171, 390, 153, 64, 9, 4, 2]
(2, (0, 1, 1), (3, 0)): [4470, 586, 710, 347, 229, 86, 23, 10, 0, 0, 1]
(2, (0, 1, 1), (3, 1)): [3408, 321, 633, 249, 141, 48, 16, 7, 1, 0, 1]
(2, (0, 1, 1), (3, 2)): [5152, 424, 809, 301, 146, 66, 9, 7, 3]
(2, (1, 0, 0), (0, 0)): [775444, 56240, 38010, 12104, 4032, 1274, 489, 145, 38, 15, 7, 1, 1]
(2, (1, 0, 0), (0, 1)): [117354, 7244, 5006, 1626, 555, 187, 71, 31, 10, 1, 0, 1]
(2, (1, 0, 0), (0, 2)): [44117, 1965, 1295, 450, 149, 38, 22, 9, 4]
(2, (1, 0, 0), (1, 0)): [113068, 9441, 6747, 2311, 824, 232, 101, 24, 8, 2, 0, 0, 1]
(2, (1, 0, 0), (1, 1)): [97898, 6647, 4671, 1568, 539, 172, 62, 20, 7, 1]
(2, (1, 0, 0), (1, 2)): [63573, 3186, 2101, 769, 254, 70, 26, 10, 4]
(2, (1, 0, 0), (2, 0)): [38121, 3705, 2541, 1058, 376, 109, 45, 16, 6, 2, 0, 0, 1]
(2, (1, 0, 0), (2, 1)): [51110, 4030, 2850, 1064, 365, 113, 47, 12, 5, 0, 0, 0, 1]
(2, (1, 0, 0), (2, 2)): [49781, 3098, 1990, 753, 263, 79, 35, 9, 4]
(2, (1, 0, 0), (3, 0)): [11280, 1392, 822, 484, 168, 48, 18, 8, 3, 2]
(2, (1, 0, 0), (3, 1)): [20701, 2129, 1409, 696, 207, 66, 24, 7, 3, 1, 0, 0, 1]
(2, (1, 0, 0), (3, 2)): [26493, 2296, 1447, 672, 219, 77, 27, 12, 1, 1, 0, 0, 1]
(2, (1, 0, 1), (0, 0)): [137126, 32030, 12663, 8098, 2692, 880, 298, 87, 30, 10, 2, 4, 2]
(2, (1, 0, 1), (0, 1)): [22527, 4342, 1629, 1103, 390, 132, 46, 7, 4, 1, 1, 1, 1]
(2, (1, 0, 1), (0, 2)): [9107, 1297, 480, 294, 113, 33, 11, 2, 1]
(2, (1, 0, 1), (1, 0)): [21692, 4807, 2210, 1558, 579, 159, 56, 15, 1, 2, 0, 1]
(2, (1, 0, 1), (1, 1)): [18923, 3757, 1601, 1051, 416, 124, 45, 10, 3, 2, 1, 2, 1]
(2, (1, 0, 1), (1, 2)): [12959, 1952, 824, 494, 197, 65, 25, 4, 3, 0, 0, 1]
(2, (1, 0, 1), (2, 0)): [7799, 1699, 906, 633, 254, 75, 25, 8, 1]
(2, (1, 0, 1), (2, 1)): [10232, 2043, 988, 628, 302, 88, 25, 8, 0, 1, 0, 1]
(2, (1, 0, 1), (2, 2)): [10179, 1566, 770, 462, 186, 72, 24, 4, 3, 0, 0, 1]
(2, (1, 0, 1), (3, 0)): [2624, 528, 370, 240, 108, 29, 15, 3, 1]
(2, (1, 0, 1), (3, 1)): [4405, 829, 506, 320, 195, 39, 22, 4, 1, 1]
(2, (1, 0, 1), (3, 2)): [5711, 843, 592, 336, 184, 57, 17, 4, 3]
(2, (1, 1, 0), (0, 0)): [307876, 46436, 23479, 16543, 5410, 1735, 595, 197, 64, 27, 10, 3, 2, 1]
(2, (1, 1, 0), (0, 1)): [50508, 6392, 3091, 2308, 710, 224, 81, 31, 5, 4, 2, 1, 1]
(2, (1, 1, 0), (0, 2)): [20776, 1890, 916, 648, 220, 61, 21, 11, 2, 1]
(2, (1, 1, 0), (1, 0)): [45790, 7015, 3966, 2983, 1106, 326, 123, 33, 16, 4, 1, 1]
(2, (1, 1, 0), (1, 1)): [42260, 5718, 2972, 2230, 688, 227, 75, 28, 9, 4, 2, 2, 1]
(2, (1, 1, 0), (1, 2)): [30060, 2978, 1573, 1064, 333, 116, 29, 17, 6, 1, 1, 1]
(2, (1, 1, 0), (2, 0)): [15751, 2457, 1605, 1159, 562, 157, 61, 15, 8, 3]
(2, (1, 1, 0), (2, 1)): [22221, 3128, 1852, 1379, 546, 145, 60, 18, 6, 3, 0, 0, 1]
(2, (1, 1, 0), (2, 2)): [23860, 2581, 1503, 1031, 386, 110, 42, 17, 10, 1, 1, 1]
(2, (1, 1, 0), (3, 0)): [5057, 770, 655, 392, 275, 87, 27, 6, 5, 2]
(2, (1, 1, 0), (3, 1)): [9466, 1353, 1057, 691, 382, 103, 36, 7, 4, 1, 0, 0, 1]
(2, (1, 1, 0), (3, 2)): [13297, 1592, 1230, 765, 400, 94, 36, 13, 7, 1, 1]
(2, (1, 1, 1), (0, 0)): [91129, 13291, 15119, 7607, 5773, 1794, 604, 205, 68, 15, 10, 4, 1, 1]
(2, (1, 1, 1), (0, 1)): [16757, 1769, 2198, 1118, 861, 265, 90, 26, 12, 1, 3, 0, 1]
(2, (1, 1, 1), (0, 2)): [7356, 558, 646, 338, 230, 76, 28, 6, 3, 0, 2]
(2, (1, 1, 1), (1, 0)): [12928, 2878, 2441, 1390, 1100, 347, 114, 41, 13, 4, 1, 2]
(2, (1, 1, 1), (1, 1)): [13206, 1885, 1997, 1102, 830, 258, 80, 25, 9, 2, 1, 0, 1]
(2, (1, 1, 1), (1, 2)): [10234, 979, 1044, 527, 407, 138, 41, 12, 3, 1, 2]
(2, (1, 1, 1), (2, 0)): [3626, 1654, 849, 556, 438, 142, 49, 17, 5, 3, 0, 2]
(2, (1, 1, 1), (2, 1)): [6000, 1544, 1132, 718, 527, 185, 53, 11, 6, 1, 0, 0, 1]
(2, (1, 1, 1), (2, 2)): [7250, 1150, 942, 555, 400, 154, 41, 10, 4, 2, 2]
(2, (1, 1, 1), (3, 0)): [615, 1011, 240, 237, 137, 66, 29, 11, 2, 3, 0, 1]
(2, (1, 1, 1), (3, 1)): [1740, 1284, 447, 397, 284, 103, 38, 9, 3, 3, 0, 1]
(2, (1, 1, 1), (3, 2)): [3105, 1292, 581, 496, 309, 132, 44, 10, 4, 2, 2]
