(0, (0, 0, 0)): [2138488, 438812, 202096, 92510, 41543, 17840, 7464, 2962, 1226, 533, 236, 114, 40, 22, 6, 1, 1, 1]
(0, (0, 0, 1)): [7674, 23990, 6580, 3205, 1557, 676, 296, 115, 51, 28, 18, 4, 4, 3]
(0, (0, 1, 0)): [79475, 74648, 29452, 14601, 6947, 3006, 1314, 530, 231, 116, 41, 17, 7, 6, 3, 0, 1]
(0, (0, 1, 1)): [6267, 11096, 13109, 6121, 3228, 1571, 669, 289, 142, 62, 19, 13, 3, 4, 2, 0, 1, 1]
(0, (1, 0, 0)): [446854, 147994, 96644, 48106, 23051, 10387, 4354, 1827, 780, 342, 162, 66, 25, 17, 4, 1, 1, 1]
(0, (1, 0, 1)): [10484, 32243, 13035, 9358, 4928, 2287, 1083, 436, 218, 90, 49, 19, 9, 3, 2, 0, 0, 1]
(0, (1, 1, 0)): [63928, 40378, 29766, 21788, 11575, 5481, 2346, 1060, 455, 205, 95, 38, 12, 6, 1, 0, 1]
(0, (1, 1, 1)): [6053, 12087, 9659, 6963, 5753, 2893, 1325, 617, 300, 125, 62, 23, 6, 4, 1, 0, 1]
(1, (0, 0, 0)): [1748866, 196388, 80464, 32000, 12594, 4781, 1879, 657, 236, 98, 35, 23, 8, 3, 0, 1]
(1, (0, 0, 1)): [46785, 67066, 13440, 5899, 2402, 992, 387, 135, 70, 23, 13, 8, 4, 2]
(1, (0, 1, 0)): [235753, 101984, 37945, 16558, 6727, 2675, 949, 417, 123, 62, 32, 10, 10, 2, 1]
(1, (0, 1, 1)): [36569, 30891, 26525, 10840, 5659, 2226, 906, 355, 158, 53, 16, 8, 3, 2, 0, 1]
(1, (1, 0, 0)): [650476, 114408, 75989, 32413, 13292, 5274, 2112, 748, 295, 128, 48, 32, 7, 3, 0, 2]
(1, (1, 0, 1)): [53124, 60363, 19330, 13257, 5732, 2375, 950, 359, 128, 76, 21, 9, 2, 1]
(1, (1, 1, 0)): [183870, 55449, 36864, 27121, 11413, 4743, 1868, 741, 288, 119, 45, 25, 10, 5, 1]
(1, (1, 1, 1)): [37687, 30196, 18841, 12189, 9388, 3984, 1638, 609, 254, 90, 29, 21, 9, 4, 1, 1]
(2, (0, 0, 0)): [1527083, 72742, 24304, 7759, 2594, 820, 285, 98, 19, 8, 5, 0, 1]
(2, (0, 0, 1)): [142725, 41241, 8889, 3054, 1085, 374, 105, 34, 9, 6, 0, 2]
(2, (0, 1, 0)): [377190, 77705, 22011, 7852, 2657, 862, 267, 80, 19, 13, 7, 0, 1]
(2, (0, 1, 1)): [87014, 7278, 18094, 5267, 2101, 687, 234, 71, 24, 7, 5, 1, 0, 1]
(2, (1, 0, 0)): [786918, 57002, 38784, 12359, 4101, 1293, 506, 147, 37, 15, 7, 1, 1]
(2, (1, 0, 1)): [139460, 32379, 12826, 8252, 2729, 902, 305, 87, 32, 11, 2, 4, 2]
(2, (1, 1, 0)): [313124, 47094, 23770, 16814, 5499, 1757, 604, 203, 64, 28, 10, 3, 2, 1]
(2, (1, 1, 1)): [92776, 13507, 15384, 7686, 5879, 1832, 614, 211, 73, 17, 10, 4, 1, 1]
