(0, (0, 0, 0), (0, 0)): [29099, 5714, 2565, 1233, 510, 208, 96, 26, 12, 2, 4]
(0, (0, 0, 0), (0, 1)): [14074, 2748, 1260, 602, 261, 114, 47, 13, 8]
(0, (0, 0, 0), (0, 2)): [6113, 1175, 534, 250, 105, 50, 16, 4, 4]
(0, (0, 0, 0), (1, 0)): [11346, 2243, 1014, 468, 188, 72, 35, 10, 3, 1, 3]
(0, (0, 0, 0), (1, 1)): [11106, 2209, 1042, 491, 204, 85, 40, 10, 4, 1, 1]
(0, (0, 0, 0), (1, 2)): [8688, 1705, 821, 372, 158, 73, 29, 5, 3, 1]
(0, (0, 0, 0), (2, 0)): [2952, 608, 260, 124, 46, 19, 8, 4]
(0, (0, 0, 0), (2, 1)): [5011, 1018, 495, 242, 78, 42, 17, 5, 2]
(0, (0, 0, 0), (2, 2)): [6154, 1221, 581, 297, 106, 50, 20, 5, 2, 1]
(0, (0, 0, 0), (3, 0)): [592, 113, 42, 21, 8, 4, 3]
(0, (0, 0, 0), (3, 1)): [1352, 273, 110, 60, 20, 8, 11, 2]
(0, (0, 0, 0), (3, 2)): [2615, 514, 223, 121, 38, 20, 13, 4, 0, 1]
(0, (0, 0, 1), (0, 0)): [82, 251, 75, 38, 18, 4, 2, 1, 1, 0, 1]
(0, (0, 0, 1), (0, 1)): [38, 115, 34, 18, 11, 2, 1, 1]
(0, (0, 0, 1), (0, 2)): [10, 46, 16, 8, 5]
(0, (0, 0, 1), (1, 0)): [38, 102, 35, 16, 6, 1, 1, 0, 1]
(0, (0, 0, 1), (1, 1)): [33, 102, 32, 11, 5, 1, 2, 0, 1]
(0, (0, 0, 1), (1, 2)): [18, 78, 27, 11, 6, 0, 1, 0, 1]
(0, (0, 0, 1), (2, 0)): [8, 22, 6, 5, 3]
(0, (0, 0, 1), (2, 1)): [14, 37, 12, 7, 3, 1, 1]
(0, (0, 0, 1), (2, 2)): [14, 55, 14, 6, 3]
(0, (0, 0, 1), (3, 0)): [0, 7, 1, 1, 2]
(0, (0, 0, 1), (3, 1)): [5, 14, 1, 3, 2]
(0, (0, 0, 1), (3, 2)): [10, 27, 7, 3, 1]
(0, (0, 1, 0), (0, 0)): [1067, 1053, 417, 212, 75, 51, 9, 3, 1, 1]
(0, (0, 1, 0), (0, 1)): [496, 491, 219, 99, 38, 35, 5, 2, 1]
(0, (0, 1, 0), (0, 2)): [190, 233, 93, 43, 13, 13, 1, 1]
(0, (0, 1, 0), (1, 0)): [438, 441, 150, 80, 32, 13, 1, 1, 0, 1]
(0, (0, 1, 0), (1, 1)): [417, 379, 166, 85, 37, 23, 4, 1, 0, 1]
(0, (0, 1, 0), (1, 2)): [297, 297, 129, 67, 28, 19, 3, 2, 0, 1]
(0, (0, 1, 0), (2, 0)): [113, 130, 44, 22, 6, 2]
(0, (0, 1, 0), (2, 1)): [179, 188, 84, 42, 10, 12, 2]
(0, (0, 1, 0), (2, 2)): [201, 208, 90, 54, 16, 16, 3, 1, 0, 1]
(0, (0, 1, 0), (3, 0)): [24, 23, 5, 4, 2]
(0, (0, 1, 0), (3, 1)): [46, 46, 17, 9, 5, 2]
(0, (0, 1, 0), (3, 2)): [83, 87, 39, 27, 6, 3, 1, 0, 0, 1]
(0, (0, 1, 1), (0, 0)): [79, 159, 185, 79, 41, 18, 4, 0, 1, 1]
(0, (0, 1, 1), (0, 1)): [35, 75, 84, 38, 20, 12, 1, 0, 1]
(0, (0, 1, 1), (0, 2)): [16, 28, 31, 13, 7, 4, 1, 0, 1]
(0, (0, 1, 1), (1, 0)): [32, 68, 78, 32, 15, 5, 2]
(0, (0, 1, 1), (1, 1)): [28, 64, 91, 37, 12, 10, 1]
(0, (0, 1, 1), (1, 2)): [19, 42, 55, 31, 9, 7, 1]
(0, (0, 1, 1), (2, 0)): [11, 26, 14, 8, 5, 3]
(0, (0, 1, 1), (2, 1)): [17, 32, 35, 11, 7, 5]
(0, (0, 1, 1), (2, 2)): [14, 32, 48, 14, 4, 3]
(0, (0, 1, 1), (3, 0)): [1, 6, 4, 2, 0, 1]
(0, (0, 1, 1), (3, 1)): [6, 8, 6, 5, 4, 2]
(0, (0, 1, 1), (3, 2)): [7, 17, 23, 5, 3, 2]
(0, (1, 0, 0), (0, 0)): [5913, 1930, 1259, 636, 282, 120, 58, 17, 5, 2, 3]
(0, (1, 0, 0), (0, 1)): [2864, 922, 621, 313, 138, 59, 30, 7, 4]
(0, (1, 0, 0), (0, 2)): [1253, 401, 274, 136, 58, 25, 11, 0, 2]
(0, (1, 0, 0), (1, 0)): [2306, 775, 497, 245, 108, 45, 20, 9, 1, 0, 3]
(0, (1, 0, 0), (1, 1)): [2267, 746, 511, 242, 112, 52, 25, 8, 3, 0, 1]
(0, (1, 0, 0), (1, 2)): [1849, 579, 415, 185, 87, 41, 18, 2, 2]
(0, (1, 0, 0), (2, 0)): [588, 203, 123, 70, 28, 13, 2, 4]
(0, (1, 0, 0), (2, 1)): [958, 318, 239, 116, 46, 23, 9, 5, 2]
(0, (1, 0, 0), (2, 2)): [1253, 401, 295, 147, 58, 25, 12, 3, 3]
(0, (1, 0, 0), (3, 0)): [131, 43, 23, 16, 3, 3]
(0, (1, 0, 0), (3, 1)): [280, 99, 50, 36, 11, 5, 4, 2]
(0, (1, 0, 0), (3, 2)): [556, 182, 117, 57, 23, 12, 4, 3, 1]
(0, (1, 0, 1), (0, 0)): [134, 466, 186, 133, 63, 38, 12, 1, 2, 0, 1]
(0, (1, 0, 1), (0, 1)): [67, 224, 91, 61, 31, 24, 6, 1, 2]
(0, (1, 0, 1), (0, 2)): [19, 87, 29, 28, 9, 10]
(0, (1, 0, 1), (1, 0)): [57, 193, 75, 48, 24, 11, 5, 0, 0, 0, 1]
(0, (1, 0, 1), (1, 1)): [60, 182, 80, 50, 32, 17, 6, 0, 1]
(0, (1, 0, 1), (1, 2)): [44, 139, 62, 31, 19, 15, 3]
(0, (1, 0, 1), (2, 0)): [18, 54, 21, 13, 7, 3]
(0, (1, 0, 1), (2, 1)): [23, 78, 39, 25, 14, 10, 2, 0, 1]
(0, (1, 0, 1), (2, 2)): [30, 102, 44, 29, 14, 14, 3, 0, 1]
(0, (1, 0, 1), (3, 0)): [5, 15, 4, 6, 1]
(0, (1, 0, 1), (3, 1)): [8, 32, 10, 9, 3, 1, 1]
(0, (1, 0, 1), (3, 2)): [16, 60, 23, 19, 8, 4]
(0, (1, 1, 0), (0, 0)): [846, 532, 384, 288, 144, 67, 29, 9, 3, 0, 1]
(0, (1, 1, 0), (0, 1)): [407, 267, 190, 142, 78, 33, 17, 6, 2]
(0, (1, 1, 0), (0, 2)): [161, 110, 79, 61, 28, 10, 7, 0, 1]
(0, (1, 1, 0), (1, 0)): [332, 210, 153, 108, 50, 22, 6, 2, 1, 0, 1]
(0, (1, 1, 0), (1, 1)): [328, 226, 157, 99, 58, 26, 12, 5, 2]
(0, (1, 1, 0), (1, 2)): [251, 166, 123, 84, 44, 18, 7, 0, 2]
(0, (1, 1, 0), (2, 0)): [89, 48, 43, 33, 13, 6, 1, 1]
(0, (1, 1, 0), (2, 1)): [139, 82, 81, 46, 22, 11, 6, 4, 1]
(0, (1, 1, 0), (2, 2)): [188, 108, 92, 59, 32, 11, 5, 2, 2]
(0, (1, 1, 0), (3, 0)): [20, 12, 6, 8, 1, 1]
(0, (1, 1, 0), (3, 1)): [35, 26, 25, 14, 4, 4, 2, 1]
(0, (1, 1, 0), (3, 2)): [72, 50, 42, 21, 9, 6, 3, 1, 1]
(0, (1, 1, 1), (0, 0)): [79, 153, 138, 82, 76, 32, 14, 2, 2, 1, 1]
(0, (1, 1, 1), (0, 1)): [40, 85, 76, 42, 46, 14, 5, 0, 1]
(0, (1, 1, 1), (0, 2)): [20, 41, 25, 15, 11, 4, 3, 0, 1]
(0, (1, 1, 1), (1, 0)): [32, 58, 46, 30, 19, 12, 5, 1, 1, 0, 1]
(0, (1, 1, 1), (1, 1)): [33, 61, 56, 32, 34, 15, 5, 0, 1]
(0, (1, 1, 1), (1, 2)): [29, 46, 45, 24, 21, 9, 2, 0, 2]
(0, (1, 1, 1), (2, 0)): [7, 13, 13, 9, 4, 2, 1, 1]
(0, (1, 1, 1), (2, 1)): [12, 21, 23, 13, 15, 8, 4, 1]
(0, (1, 1, 1), (2, 2)): [17, 36, 33, 16, 20, 8, 3, 1, 2]
(0, (1, 1, 1), (3, 0)): [0, 2, 3, 2, 2, 1]
(0, (1, 1, 1), (3, 1)): [5, 10, 8, 4, 2, 4, 1]
(0, (1, 1, 1), (3, 2)): [8, 11, 15, 7, 6, 4, 1, 0, 1]
(1, (0, 0, 0), (0, 0)): [23993, 2535, 1022, 443, 162, 43, 28, 7, 4]
(1, (0, 0, 0), (0, 1)): [11622, 1245, 494, 226, 81, 25, 13, 4, 3]
(1, (0, 0, 0), (0, 2)): [5054, 517, 199, 86, 34, 10, 4, 3, 2]
(1, (0, 0, 0), (1, 0)): [9328, 968, 405, 163, 58, 15, 12, 1, 1]
(1, (0, 0, 0), (1, 1)): [9170, 997, 420, 184, 64, 16, 12, 2, 1]
(1, (0, 0, 0), (1, 2)): [7108, 774, 321, 144, 46, 15, 9, 3, 1]
(1, (0, 0, 0), (2, 0)): [2433, 271, 104, 38, 14, 4, 4]
(1, (0, 0, 0), (2, 1)): [4212, 477, 199, 87, 26, 8, 5]
(1, (0, 0, 0), (2, 2)): [5109, 564, 232, 110, 36, 12, 5, 1]
(1, (0, 0, 0), (3, 0)): [471, 46, 15, 5, 2, 1, 2]
(1, (0, 0, 0), (3, 1)): [1101, 109, 44, 20, 3, 1, 6]
(1, (0, 0, 0), (3, 2)): [2120, 225, 80, 44, 10, 6, 7, 1]
(1, (0, 0, 1), (0, 0)): [648, 931, 211, 67, 24, 15, 5, 0, 1, 0, 1]
(1, (0, 0, 1), (0, 1)): [306, 453, 110, 28, 14, 8, 3]
(1, (0, 0, 1), (0, 2)): [122, 205, 49, 11, 4, 5, 1]
(1, (0, 0, 1), (1, 0)): [264, 368, 77, 25, 9, 5, 1, 0, 1, 0, 1]
(1, (0, 0, 1), (1, 1)): [261, 338, 85, 26, 11, 2, 2, 0, 1, 0, 1]
(1, (0, 0, 1), (1, 2)): [195, 267, 80, 19, 10, 3, 2, 0, 1]
(1, (0, 0, 1), (2, 0)): [63, 95, 17, 5, 3, 3]
(1, (0, 0, 1), (2, 1)): [109, 168, 32, 14, 2, 3, 1]
(1, (0, 0, 1), (2, 2)): [129, 212, 44, 14, 8, 4]
(1, (0, 0, 1), (3, 0)): [10, 14, 4, 0, 2]
(1, (0, 0, 1), (3, 1)): [25, 34, 8, 4, 2]
(1, (0, 0, 1), (3, 2)): [52, 70, 12, 7, 2, 1]
(1, (0, 1, 0), (0, 0)): [3252, 1319, 471, 242, 75, 30, 12, 7, 3, 0, 2]
(1, (0, 1, 0), (0, 1)): [1593, 649, 239, 122, 37, 14, 6, 4, 2]
(1, (0, 1, 0), (0, 2)): [696, 282, 99, 45, 19, 9, 2, 2, 1]
(1, (0, 1, 0), (1, 0)): [1245, 507, 176, 94, 26, 15, 5, 2, 1, 0, 2]
(1, (0, 1, 0), (1, 1)): [1256, 509, 205, 100, 33, 13, 6, 1, 1, 0, 1]
(1, (0, 1, 0), (1, 2)): [995, 423, 169, 67, 27, 11, 4, 1]
(1, (0, 1, 0), (2, 0)): [303, 134, 41, 27, 4, 1, 2]
(1, (0, 1, 0), (2, 1)): [557, 248, 92, 61, 15, 6, 5]
(1, (0, 1, 0), (2, 2)): [684, 300, 116, 62, 17, 5, 3, 1]
(1, (0, 1, 0), (3, 0)): [58, 22, 8, 3, 0, 1]
(1, (0, 1, 0), (3, 1)): [144, 67, 17, 17, 2, 1, 2]
(1, (0, 1, 0), (3, 2)): [300, 128, 46, 24, 8, 2, 3, 1]
(1, (0, 1, 1), (0, 0)): [462, 415, 329, 126, 69, 26, 12, 4, 1]
(1, (0, 1, 1), (0, 1)): [233, 200, 168, 64, 30, 19, 6, 2]
(1, (0, 1, 1), (0, 2)): [91, 88, 74, 23, 12, 7, 3, 1]
(1, (0, 1, 1), (1, 0)): [173, 162, 128, 45, 32, 6, 4, 2]
(1, (0, 1, 1), (1, 1)): [176, 160, 135, 50, 30, 11, 3, 2]
(1, (0, 1, 1), (1, 2)): [140, 123, 92, 47, 26, 11, 4]
(1, (0, 1, 1), (2, 0)): [50, 45, 44, 11, 11, 1]
(1, (0, 1, 1), (2, 1)): [87, 65, 76, 19, 15, 3, 1]
(1, (0, 1, 1), (2, 2)): [91, 73, 77, 36, 21, 4, 2]
(1, (0, 1, 1), (3, 0)): [7, 11, 5, 2, 2]
(1, (0, 1, 1), (3, 1)): [22, 20, 18, 7, 6, 0, 1]
(1, (0, 1, 1), (3, 2)): [43, 37, 27, 14, 7, 1, 1]
(1, (1, 0, 0), (0, 0)): [8572, 1477, 972, 429, 160, 56, 34, 8, 1, 1]
(1, (1, 0, 0), (0, 1)): [4132, 712, 481, 213, 75, 32, 16, 2, 1]
(1, (1, 0, 0), (0, 2)): [1788, 303, 195, 83, 32, 14, 8]
(1, (1, 0, 0), (1, 0)): [3351, 572, 379, 168, 61, 20, 14, 4]
(1, (1, 0, 0), (1, 1)): [3249, 580, 383, 188, 64, 27, 13, 4, 1]
(1, (1, 0, 0), (1, 2)): [2562, 455, 300, 145, 43, 23, 13, 1]
(1, (1, 0, 0), (2, 0)): [872, 151, 105, 40, 14, 3, 3, 2]
(1, (1, 0, 0), (2, 1)): [1485, 253, 190, 77, 26, 9, 3, 2]
(1, (1, 0, 0), (2, 2)): [1812, 297, 212, 109, 31, 12, 8, 1]
(1, (1, 0, 0), (3, 0)): [180, 31, 15, 8, 2, 1, 2]
(1, (1, 0, 0), (3, 1)): [411, 63, 45, 25, 3, 1, 4, 1]
(1, (1, 0, 0), (3, 2)): [780, 118, 76, 44, 10, 4, 6, 1]
(1, (1, 0, 1), (0, 0)): [715, 752, 261, 168, 67, 33, 8, 3, 0, 1, 1]
(1, (1, 0, 1), (0, 1)): [328, 361, 125, 81, 34, 17, 5]
(1, (1, 0, 1), (0, 2)): [133, 143, 48, 31, 16, 10, 2]
(1, (1, 0, 1), (1, 0)): [299, 306, 91, 68, 27, 12, 3, 3, 0, 1, 1]
(1, (1, 0, 1), (1, 1)): [288, 297, 102, 69, 30, 8, 5, 0, 0, 1, 1]
(1, (1, 0, 1), (1, 2)): [196, 236, 70, 44, 25, 10, 4]
(1, (1, 0, 1), (2, 0)): [74, 100, 23, 18, 9, 2, 0, 1]
(1, (1, 0, 1), (2, 1)): [121, 136, 48, 31, 12, 6, 1, 1]
(1, (1, 0, 1), (2, 2)): [143, 170, 46, 31, 12, 6, 3]
(1, (1, 0, 1), (3, 0)): [21, 21, 4, 6, 1, 1]
(1, (1, 0, 1), (3, 1)): [32, 40, 13, 16, 2, 1, 0, 1]
(1, (1, 0, 1), (3, 2)): [65, 67, 26, 18, 5, 4, 0, 1]
(1, (1, 1, 0), (0, 0)): [2379, 701, 441, 355, 125, 51, 19, 11, 2, 1]
(1, (1, 1, 0), (0, 1)): [1163, 341, 209, 189, 55, 25, 7, 5]
(1, (1, 1, 0), (0, 2)): [503, 135, 88, 73, 24, 10, 3, 1]
(1, (1, 1, 0), (1, 0)): [926, 275, 181, 128, 50, 21, 9, 4, 2]
(1, (1, 1, 0), (1, 1)): [925, 277, 181, 151, 50, 26, 6, 4, 1]
(1, (1, 1, 0), (1, 2)): [690, 207, 135, 108, 36, 22, 6, 1]
(1, (1, 1, 0), (2, 0)): [242, 66, 51, 30, 9, 2, 3, 1]
(1, (1, 1, 0), (2, 1)): [434, 126, 91, 67, 18, 4, 3, 2]
(1, (1, 1, 0), (2, 2)): [543, 143, 93, 72, 23, 14, 2, 1]
(1, (1, 1, 0), (3, 0)): [50, 9, 7, 6, 1, 1, 1]
(1, (1, 1, 0), (3, 1)): [106, 29, 23, 15, 2, 1, 4, 1]
(1, (1, 1, 0), (3, 2)): [223, 64, 38, 30, 9, 3, 4, 1]
(1, (1, 1, 1), (0, 0)): [460, 392, 219, 131, 93, 40, 12, 5, 1]
(1, (1, 1, 1), (0, 1)): [220, 193, 119, 76, 48, 25, 6, 2, 1]
(1, (1, 1, 1), (0, 2)): [91, 72, 52, 28, 22, 11, 4, 1, 1]
(1, (1, 1, 1), (1, 0)): [186, 148, 75, 42, 32, 10, 4, 2]
(1, (1, 1, 1), (1, 1)): [187, 150, 85, 56, 36, 14, 2]
(1, (1, 1, 1), (1, 2)): [148, 109, 69, 48, 29, 12, 4, 0, 1]
(1, (1, 1, 1), (2, 0)): [44, 38, 24, 12, 8, 1, 1]
(1, (1, 1, 1), (2, 1)): [78, 67, 45, 24, 17, 5, 2]
(1, (1, 1, 1), (2, 2)): [102, 82, 44, 33, 23, 10, 4, 0, 1]
(1, (1, 1, 1), (3, 0)): [8, 7, 3, 2, 1]
(1, (1, 1, 1), (3, 1)): [23, 21, 15, 9, 4, 0, 2]
(1, (1, 1, 1), (3, 2)): [47, 36, 21, 16, 9, 1, 2]
(2, (0, 0, 0), (0, 0)): [21053, 947, 294, 105, 38, 10, 6, 2]
(2, (0, 0, 0), (0, 1)): [10183, 468, 128, 55, 20, 7, 3, 1]
(2, (0, 0, 0), (0, 2)): [4433, 198, 57, 25, 9, 1, 1, 1]
(2, (0, 0, 0), (1, 0)): [8211, 364, 123, 34, 12, 3, 3, 1]
(2, (0, 0, 0), (1, 1)): [8078, 368, 116, 35, 13, 4, 2, 1]
(2, (0, 0, 0), (1, 2)): [6295, 295, 83, 30, 9, 3, 2, 2]
(2, (0, 0, 0), (2, 0)): [2158, 106, 30, 8, 5, 1, 1]
(2, (0, 0, 0), (2, 1)): [3700, 165, 53, 20, 6, 2, 1]
(2, (0, 0, 0), (2, 2)): [4512, 208, 64, 25, 7, 4]
(2, (0, 0, 0), (3, 0)): [417, 22, 6, 1, 1]
(2, (0, 0, 0), (3, 1)): [949, 48, 10, 2, 2, 0, 1]
(2, (0, 0, 0), (3, 2)): [1865, 98, 28, 9, 3, 2]
(2, (0, 0, 1), (0, 0)): [2085, 573, 151, 42, 13, 3, 2, 0, 1]
(2, (0, 0, 1), (0, 1)): [982, 303, 70, 24, 7, 1, 1, 0, 1]
(2, (0, 0, 1), (0, 2)): [414, 141, 31, 15, 5, 1]
(2, (0, 0, 1), (1, 0)): [844, 206, 61, 15, 6, 2, 1]
(2, (0, 0, 1), (1, 1)): [825, 221, 65, 16, 4, 2, 1, 0, 1]
(2, (0, 0, 1), (1, 2)): [650, 171, 50, 18, 8]
(2, (0, 0, 1), (2, 0)): [211, 53, 8, 2]
(2, (0, 0, 1), (2, 1)): [361, 101, 24, 7, 0, 2, 1]
(2, (0, 0, 1), (2, 2)): [442, 123, 38, 11, 4]
(2, (0, 0, 1), (3, 0)): [36, 13, 2]
(2, (0, 0, 1), (3, 1)): [97, 28, 5, 1, 0, 0, 1]
(2, (0, 0, 1), (3, 2)): [189, 53, 10, 3, 3, 0, 1]
(2, (0, 1, 0), (0, 0)): [5274, 1047, 301, 121, 41, 11, 5, 3, 0, 0, 1]
(2, (0, 1, 0), (0, 1)): [2658, 505, 137, 58, 15, 7, 3, 2]
(2, (0, 1, 0), (0, 2)): [1162, 220, 64, 23, 7, 1]
(2, (0, 1, 0), (1, 0)): [1965, 408, 127, 49, 22, 4, 2, 0, 0, 0, 1]
(2, (0, 1, 0), (1, 1)): [2032, 400, 110, 43, 16, 7, 3, 2]
(2, (0, 1, 0), (1, 2)): [1643, 331, 108, 33, 12, 4, 2]
(2, (0, 1, 0), (2, 0)): [510, 96, 34, 17, 4, 0, 1]
(2, (0, 1, 0), (2, 1)): [890, 185, 48, 25, 7, 2]
(2, (0, 1, 0), (2, 2)): [1131, 220, 74, 29, 8, 3, 1]
(2, (0, 1, 0), (3, 0)): [96, 18, 5, 4, 1, 0, 1]
(2, (0, 1, 0), (3, 1)): [249, 60, 9, 8, 2, 0, 1]
(2, (0, 1, 0), (3, 2)): [474, 99, 24, 15, 2, 2, 2]
(2, (0, 1, 1), (0, 0)): [1226, 82, 228, 58, 30, 8, 4, 1]
(2, (0, 1, 1), (0, 1)): [602, 43, 104, 33, 11, 5, 2]
(2, (0, 1, 1), (0, 2)): [247, 19, 40, 11, 5, 3]
(2, (0, 1, 1), (1, 0)): [476, 32, 100, 19, 16, 3, 2, 1]
(2, (0, 1, 1), (1, 1)): [483, 37, 95, 30, 12, 2, 3, 1]
(2, (0, 1, 1), (1, 2)): [378, 27, 71, 26, 7, 2, 0, 1]
(2, (0, 1, 1), (2, 0)): [115, 9, 31, 3, 5, 1]
(2, (0, 1, 1), (2, 1)): [215, 20, 46, 12, 7, 0, 1]
(2, (0, 1, 1), (2, 2)): [259, 21, 57, 14, 5, 0, 1]
(2, (0, 1, 1), (3, 0)): [23, 0, 7]
(2, (0, 1, 1), (3, 1)): [56, 1, 13, 2, 1]
(2, (0, 1, 1), (3, 2)): [106, 9, 26, 8, 1]
(2, (1, 0, 0), (0, 0)): [10299, 748, 495, 171, 61, 18, 7, 2]
(2, (1, 0, 0), (0, 1)): [4967, 366, 232, 82, 33, 15, 2, 1]
(2, (1, 0, 0), (0, 2)): [2164, 156, 85, 34, 11, 3, 1]
(2, (1, 0, 0), (1, 0)): [4042, 290, 200, 64, 17, 3, 4, 1]
(2, (1, 0, 0), (1, 1)): [3897, 294, 199, 68, 24, 8, 2, 2]
(2, (1, 0, 0), (1, 2)): [3047, 246, 145, 52, 17, 8, 1, 1]
(2, (1, 0, 0), (2, 0)): [1048, 79, 54, 12, 5, 1, 2]
(2, (1, 0, 0), (2, 1)): [1785, 115, 93, 35, 12, 1, 1]
(2, (1, 0, 0), (2, 2)): [2222, 155, 107, 46, 11, 6]
(2, (1, 0, 0), (3, 0)): [203, 18, 11, 1, 1, 0, 1]
(2, (1, 0, 0), (3, 1)): [465, 33, 19, 9, 3, 0, 2]
(2, (1, 0, 0), (3, 2)): [888, 73, 42, 19, 5, 3, 1]
(2, (1, 0, 1), (0, 0)): [1922, 417, 168, 104, 34, 9, 3, 2, 0, 1]
(2, (1, 0, 1), (0, 1)): [964, 210, 69, 53, 17, 6, 0, 2]
(2, (1, 0, 1), (0, 2)): [409, 87, 23, 24, 9, 1]
(2, (1, 0, 1), (1, 0)): [719, 156, 78, 34, 14, 2, 2, 0, 0, 1]
(2, (1, 0, 1), (1, 1)): [765, 146, 63, 40, 14, 5, 0, 2]
(2, (1, 0, 1), (1, 2)): [603, 121, 44, 33, 16, 3]
(2, (1, 0, 1), (2, 0)): [177, 41, 17, 3, 3, 1, 1]
(2, (1, 0, 1), (2, 1)): [314, 59, 27, 14, 6, 1, 0, 1]
(2, (1, 0, 1), (2, 2)): [400, 71, 33, 17, 15, 2, 0, 1]
(2, (1, 0, 1), (3, 0)): [37, 13, 5]
(2, (1, 0, 1), (3, 1)): [85, 27, 6, 4, 1]
(2, (1, 0, 1), (3, 2)): [169, 41, 12, 8, 5, 2]
(2, (1, 1, 0), (0, 0)): [4049, 574, 295, 232, 73, 25, 10, 5, 1, 0, 1]
(2, (1, 1, 0), (0, 1)): [1972, 273, 143, 107, 33, 17, 4, 2]
(2, (1, 1, 0), (0, 2)): [830, 111, 54, 48, 13, 9, 2]
(2, (1, 1, 0), (1, 0)): [1603, 216, 114, 100, 26, 7, 4, 2, 1, 0, 1]
(2, (1, 1, 0), (1, 1)): [1571, 229, 127, 98, 30, 8, 2, 2]
(2, (1, 1, 0), (1, 2)): [1168, 183, 95, 71, 23, 9, 1]
(2, (1, 1, 0), (2, 0)): [404, 53, 24, 24, 4, 1, 2, 1]
(2, (1, 1, 0), (2, 1)): [710, 94, 55, 50, 10, 2, 1]
(2, (1, 1, 0), (2, 2)): [876, 127, 69, 61, 9, 7]
(2, (1, 1, 0), (3, 0)): [81, 8, 5, 6, 2, 0, 1]
(2, (1, 1, 0), (3, 1)): [203, 25, 14, 14, 3, 0, 2]
(2, (1, 1, 0), (3, 2)): [369, 50, 28, 30, 4, 3, 1]
(2, (1, 1, 1), (0, 0)): [1185, 155, 195, 85, 69, 20, 10, 3, 1]
(2, (1, 1, 1), (0, 1)): [580, 75, 92, 49, 32, 14, 3, 1]
(2, (1, 1, 1), (0, 2)): [266, 41, 45, 24, 15, 6, 1]
(2, (1, 1, 1), (1, 0)): [466, 61, 77, 29, 27, 5, 6, 2, 1]
(2, (1, 1, 1), (1, 1)): [457, 58, 74, 31, 23, 8, 3, 2]
(2, (1, 1, 1), (1, 2)): [364, 57, 63, 29, 18, 9, 1, 1]
(2, (1, 1, 1), (2, 0)): [107, 12, 21, 10, 9, 1, 2]
(2, (1, 1, 1), (2, 1)): [189, 22, 40, 13, 15, 2, 2]
(2, (1, 1, 1), (2, 2)): [243, 33, 47, 20, 14, 7, 2]
(2, (1, 1, 1), (3, 0)): [29, 3, 3, 1, 1, 0, 1]
(2, (1, 1, 1), (3, 1)): [68, 9, 11, 3, 4, 0, 2]
(2, (1, 1, 1), (3, 2)): [110, 14, 20, 13, 7, 2, 1]
