(0, (0, 0, 0)): [163193, 32259, 14598, 6674, 2996, 1283, 548, 212, 74, 39, 20, 2, 2, 3, 2]
(0, (0, 0, 1)): [892, 2636, 767, 351, 176, 69, 35, 18, 3, 2]
(0, (0, 1, 0)): [5058, 5271, 1930, 886, 466, 206, 75, 19, 20, 9, 4]
(0, (0, 1, 1)): [437, 816, 1067, 484, 257, 115, 47, 18, 10, 1, 0, 1, 0, 1, 1]
(0, (1, 0, 0)): [36940, 13104, 7637, 3849, 1748, 787, 348, 136, 45, 25, 16, 2, 2, 3, 2]
(0, (1, 0, 1)): [854, 2399, 1116, 715, 401, 180, 91, 32, 16, 9, 2, 2, 0, 0, 1]
(0, (1, 1, 0)): [4703, 3147, 2617, 1728, 922, 427, 190, 84, 30, 17, 13, 1, 1, 1]
(0, (1, 1, 1)): [509, 858, 748, 662, 512, 242, 104, 60, 24, 16, 8, 1, 0, 1, 1]
(1, (0, 0, 0)): [128156, 13288, 5308, 2058, 853, 339, 123, 50, 10, 8, 2]
(1, (0, 0, 1)): [4738, 7128, 1394, 555, 245, 102, 36, 14, 5, 1, 0, 2]
(1, (0, 1, 0)): [20022, 9762, 3219, 1293, 505, 207, 75, 33, 4, 5, 1, 1, 1]
(1, (0, 1, 1)): [3283, 2851, 2987, 1162, 475, 196, 70, 26, 7, 3, 1, 1, 0, 1]
(1, (1, 0, 0)): [52661, 9927, 5578, 2465, 956, 415, 132, 55, 16, 9, 4, 0, 0, 2]
(1, (1, 0, 1)): [4016, 5117, 1888, 1077, 469, 209, 67, 30, 8, 8, 2]
(1, (1, 1, 0)): [13174, 4233, 2961, 1988, 815, 352, 114, 48, 23, 8, 3, 0, 0, 3]
(1, (1, 1, 1)): [2472, 2080, 1305, 996, 644, 295, 104, 52, 18, 4, 1, 0, 0, 1]
(2, (0, 0, 0)): [109918, 4401, 1420, 442, 162, 52, 18, 9, 1, 1, 1]
(2, (0, 0, 1)): [14156, 4835, 789, 243, 90, 32, 13, 1]
(2, (0, 1, 0)): [32773, 7387, 1763, 559, 176, 63, 20, 5, 1, 1]
(2, (0, 1, 1)): [8517, 781, 2014, 521, 170, 56, 16, 4, 3, 0, 1]
(2, (1, 0, 0)): [63991, 4924, 2413, 804, 259, 78, 32, 14, 3, 0, 1]
(2, (1, 0, 1)): [10570, 3047, 1303, 587, 172, 62, 24, 7, 3, 0, 0, 1]
(2, (1, 1, 0)): [20428, 3205, 1740, 998, 310, 102, 30, 12, 3, 0, 2, 0, 0, 1]
(2, (1, 1, 1)): [6033, 972, 1005, 588, 347, 104, 35, 12, 5, 1, 2, 0, 0, 1]
