(0, (0, 0, 0), (0, 0)): [501457, 102330, 48480, 22490, 10307, 4525, 1888, 810, 352, 177, 70, 30, 18, 4, 3]
(0, (0, 0, 0), (0, 1)): [3662, 746, 352, 144, 81, 27, 6, 6, 2, 2, 1]
(0, (0, 0, 0), (0, 2)): [1228, 234, 114, 50, 23, 3, 3, 5, 0, 1]
(0, (0, 0, 0), (1, 0)): [3559, 774, 449, 199, 105, 44, 23, 8, 3, 2, 1]
(0, (0, 0, 0), (1, 1)): [3152, 633, 344, 144, 83, 27, 7, 5, 4, 0, 2]
(0, (0, 0, 0), (1, 2)): [1863, 343, 178, 64, 38, 8, 7, 4, 3]
(0, (0, 0, 0), (2, 0)): [1248, 318, 178, 86, 48, 24, 12, 4, 1, 1]
(0, (0, 0, 0), (2, 1)): [1740, 391, 214, 99, 57, 23, 8, 4, 1, 0, 1]
(0, (0, 0, 0), (2, 2)): [1552, 300, 150, 68, 46, 13, 3, 4, 1, 0, 1]
(0, (0, 0, 0), (3, 0)): [459, 133, 85, 44, 23, 18, 6, 0, 1]
(0, (0, 0, 0), (3, 1)): [735, 194, 115, 59, 26, 13, 6, 2, 2]
(0, (0, 0, 0), (3, 2)): [993, 201, 130, 57, 31, 11, 4, 3, 2]
(0, (0, 0, 1), (0, 0)): [2175, 7255, 2043, 965, 496, 197, 100, 56, 22, 11, 3, 1, 3]
(0, (0, 0, 1), (0, 1)): [13, 34, 17, 3, 4, 1, 1]
(0, (0, 0, 1), (0, 2)): [6, 12, 3, 0, 2]
(0, (0, 0, 1), (1, 0)): [19, 44, 16, 9, 4, 2, 1, 1]
(0, (0, 0, 1), (1, 1)): [10, 28, 14, 5, 3, 1, 1]
(0, (0, 0, 1), (1, 2)): [10, 16, 5, 3, 2, 0, 1]
(0, (0, 0, 1), (2, 0)): [12, 20, 9, 4, 2, 1, 1, 1]
(0, (0, 0, 1), (2, 1)): [10, 16, 11, 1, 3]
(0, (0, 0, 1), (2, 2)): [11, 11, 7, 2, 1]
(0, (0, 0, 1), (3, 0)): [2, 11, 5, 4, 0, 0, 1, 1]
(0, (0, 0, 1), (3, 1)): [3, 3, 5, 1, 1, 0, 0, 1]
(0, (0, 0, 1), (3, 2)): [6, 7, 3, 1, 1, 0, 0, 1]
(0, (0, 1, 0), (0, 0)): [16249, 16635, 6453, 3061, 1560, 722, 301, 133, 62, 35, 12, 4, 2, 0, 1]
(0, (0, 1, 0), (0, 1)): [102, 85, 42, 15, 6, 6, 2, 1]
(0, (0, 1, 0), (0, 2)): [33, 20, 12, 3, 1, 4, 1]
(0, (0, 1, 0), (1, 0)): [121, 120, 38, 26, 14, 9, 4, 0, 1]
(0, (0, 1, 0), (1, 1)): [98, 82, 31, 19, 6, 4, 2, 1]
(0, (0, 1, 0), (1, 2)): [60, 44, 17, 8, 3, 4, 2]
(0, (0, 1, 0), (2, 0)): [45, 49, 17, 11, 7, 6, 1, 0, 1]
(0, (0, 1, 0), (2, 1)): [46, 39, 21, 12, 3, 7, 0, 1]
(0, (0, 1, 0), (2, 2)): [39, 25, 20, 5, 2, 3, 1]
(0, (0, 1, 0), (3, 0)): [22, 23, 8, 7, 4, 0, 1, 0, 1]
(0, (0, 1, 0), (3, 1)): [25, 22, 12, 11, 5, 2, 0, 1]
(0, (0, 1, 0), (3, 2)): [25, 21, 17, 8, 5, 1, 1]
(0, (0, 1, 1), (0, 0)): [1442, 2657, 3416, 1543, 836, 401, 171, 79, 42, 16, 5, 3, 0, 1, 1]
(0, (0, 1, 1), (0, 1)): [6, 10, 22, 7, 8, 1, 2]
(0, (0, 1, 1), (0, 2)): [2, 2, 11, 4, 7, 1, 1]
(0, (0, 1, 1), (1, 0)): [13, 16, 27, 20, 8, 3, 0, 2, 1]
(0, (0, 1, 1), (1, 1)): [6, 9, 11, 7, 5, 1, 1]
(0, (0, 1, 1), (1, 2)): [2, 4, 9, 7, 6, 2]
(0, (0, 1, 1), (2, 0)): [8, 11, 17, 12, 4, 2, 0, 2, 1]
(0, (0, 1, 1), (2, 1)): [3, 8, 7, 5, 4, 0, 0, 1]
(0, (0, 1, 1), (2, 2)): [4, 2, 9, 3, 3, 1, 0, 1]
(0, (0, 1, 1), (3, 0)): [6, 5, 11, 10, 2, 2, 0, 1]
(0, (0, 1, 1), (3, 1)): [4, 6, 2, 4, 2]
(0, (0, 1, 1), (3, 2)): [4, 2, 6, 3, 1, 1, 0, 1]
(0, (1, 0, 0), (0, 0)): [111523, 38864, 24584, 12348, 5994, 2714, 1172, 510, 225, 118, 48, 19, 12, 3, 2]
(0, (1, 0, 0), (0, 1)): [785, 234, 180, 83, 53, 20, 7, 5, 2]
(0, (1, 0, 0), (0, 2)): [276, 57, 66, 16, 13, 7, 2, 1, 1]
(0, (1, 0, 0), (1, 0)): [731, 243, 181, 95, 50, 19, 14, 2, 0, 2, 1]
(0, (1, 0, 0), (1, 1)): [624, 189, 132, 81, 34, 11, 6, 4, 1, 1]
(0, (1, 0, 0), (1, 2)): [353, 83, 84, 27, 12, 9, 4, 1, 1]
(0, (1, 0, 0), (2, 0)): [224, 89, 59, 33, 28, 13, 4, 1, 0, 1, 1]
(0, (1, 0, 0), (2, 1)): [298, 96, 60, 50, 30, 10, 3, 3, 0, 1]
(0, (1, 0, 0), (2, 2)): [247, 70, 54, 30, 13, 6, 3, 2, 1]
(0, (1, 0, 0), (3, 0)): [83, 37, 29, 17, 15, 4, 0, 1, 0, 1]
(0, (1, 0, 0), (3, 1)): [121, 41, 29, 22, 20, 6, 1, 1, 0, 1]
(0, (1, 0, 0), (3, 2)): [139, 44, 33, 17, 14, 7, 2]
(0, (1, 0, 1), (0, 0)): [2543, 8507, 3561, 2455, 1324, 611, 321, 132, 65, 28, 11, 7, 3, 0, 1]
(0, (1, 0, 1), (0, 1)): [13, 47, 25, 14, 9, 3, 4, 1, 1]
(0, (1, 0, 1), (0, 2)): [6, 18, 8, 6, 2, 1, 2, 0, 1]
(0, (1, 0, 1), (1, 0)): [17, 65, 24, 16, 7, 4, 0, 1, 1]
(0, (1, 0, 1), (1, 1)): [13, 44, 16, 12, 5, 4, 2, 1, 1]
(0, (1, 0, 1), (1, 2)): [8, 20, 8, 8, 4, 1, 1, 1, 1]
(0, (1, 0, 1), (2, 0)): [6, 30, 14, 5, 5, 2, 0, 1]
(0, (1, 0, 1), (2, 1)): [8, 33, 8, 5, 4, 2, 0, 0, 1]
(0, (1, 0, 1), (2, 2)): [12, 25, 8, 4, 3, 2, 0, 1, 1]
(0, (1, 0, 1), (3, 0)): [2, 12, 8, 3, 2, 2, 0, 1]
(0, (1, 0, 1), (3, 1)): [1, 10, 4, 1, 4, 2]
(0, (1, 0, 1), (3, 2)): [5, 9, 4, 2, 3, 1, 0, 0, 1]
(0, (1, 1, 0), (0, 0)): [15030, 10046, 8205, 5601, 3079, 1444, 645, 319, 134, 64, 31, 12, 6, 1]
(0, (1, 1, 0), (0, 1)): [133, 62, 45, 42, 24, 9, 4, 3, 0, 0, 1]
(0, (1, 1, 0), (0, 2)): [43, 17, 17, 16, 12, 4, 2, 2]
(0, (1, 1, 0), (1, 0)): [97, 76, 70, 50, 32, 13, 4, 1, 0, 1]
(0, (1, 1, 0), (1, 1)): [91, 43, 41, 33, 14, 7, 2, 1, 0, 1, 1]
(0, (1, 1, 0), (1, 2)): [54, 19, 25, 23, 8, 4, 2, 2, 0, 1]
(0, (1, 1, 0), (2, 0)): [26, 25, 30, 20, 13, 6, 1, 1]
(0, (1, 1, 0), (2, 1)): [40, 25, 23, 16, 14, 5, 1, 1]
(0, (1, 1, 0), (2, 2)): [36, 21, 21, 16, 6, 4, 1, 1, 0, 1]
(0, (1, 1, 0), (3, 0)): [9, 10, 15, 8, 4, 3, 0, 1]
(0, (1, 1, 0), (3, 1)): [20, 13, 14, 9, 6, 4, 0, 1]
(0, (1, 1, 0), (3, 2)): [28, 12, 16, 11, 4, 1, 0, 1]
(0, (1, 1, 1), (0, 0)): [1501, 2894, 2478, 1980, 1555, 759, 351, 183, 82, 34, 20, 7, 1, 1, 1]
(0, (1, 1, 1), (0, 1)): [16, 19, 26, 18, 11, 2, 1, 0, 0, 1, 1]
(0, (1, 1, 1), (0, 2)): [7, 9, 6, 3, 6]
(0, (1, 1, 1), (1, 0)): [12, 29, 39, 19, 17, 10, 2, 3, 1]
(0, (1, 1, 1), (1, 1)): [15, 21, 27, 19, 9, 6, 2, 2, 0, 0, 1]
(0, (1, 1, 1), (1, 2)): [13, 11, 13, 8, 5, 3, 2]
(0, (1, 1, 1), (2, 0)): [2, 12, 11, 11, 9, 2, 0, 0, 1]
(0, (1, 1, 1), (2, 1)): [5, 12, 15, 9, 6, 3, 0, 1, 1]
(0, (1, 1, 1), (2, 2)): [7, 13, 10, 8, 4, 3, 2, 1]
(0, (1, 1, 1), (3, 0)): [0, 2, 5, 5, 4]
(0, (1, 1, 1), (3, 1)): [1, 3, 7, 8, 4]
(0, (1, 1, 1), (3, 2)): [3, 3, 8, 6, 4, 1, 1]
(1, (0, 0, 0), (0, 0)): [397972, 43728, 18229, 7383, 2970, 1179, 453, 184, 77, 28, 12, 8, 2, 1]
(1, (0, 0, 0), (0, 1)): [2892, 300, 138, 34, 28, 3, 1, 2, 1]
(1, (0, 0, 0), (0, 2)): [1032, 83, 40, 11, 3, 0, 0, 1]
(1, (0, 0, 0), (1, 0)): [2966, 366, 175, 61, 31, 13, 5, 1]
(1, (0, 0, 0), (1, 1)): [2477, 290, 125, 34, 25, 7, 3, 0, 1]
(1, (0, 0, 0), (1, 2)): [1509, 142, 54, 15, 9, 2, 1, 1]
(1, (0, 0, 0), (2, 0)): [1090, 154, 85, 22, 17, 7, 2]
(1, (0, 0, 0), (2, 1)): [1423, 187, 96, 25, 22, 5, 1]
(1, (0, 0, 0), (2, 2)): [1223, 133, 59, 14, 9, 3, 1]
(1, (0, 0, 0), (3, 0)): [383, 58, 38, 11, 8, 3, 1]
(1, (0, 0, 0), (3, 1)): [661, 115, 56, 21, 16, 2]
(1, (0, 0, 0), (3, 2)): [763, 104, 55, 20, 10, 3]
(1, (0, 0, 1), (0, 0)): [11776, 18559, 3639, 1540, 661, 264, 118, 56, 26, 8, 5, 4, 3, 1]
(1, (0, 0, 1), (0, 1)): [59, 82, 17, 4, 2, 0, 1]
(1, (0, 0, 1), (0, 2)): [21, 28, 8]
(1, (0, 0, 1), (1, 0)): [91, 129, 27, 12, 7, 2, 3, 0, 1]
(1, (0, 0, 1), (1, 1)): [64, 81, 15, 5, 4, 0, 1]
(1, (0, 0, 1), (1, 2)): [38, 44, 9, 1, 2]
(1, (0, 0, 1), (2, 0)): [40, 51, 14, 8, 4, 2, 3, 0, 1]
(1, (0, 0, 1), (2, 1)): [36, 38, 7, 5, 2, 0, 2]
(1, (0, 0, 1), (2, 2)): [29, 24, 5, 0, 2]
(1, (0, 0, 1), (3, 0)): [19, 23, 10, 4, 3, 1, 2, 0, 1]
(1, (0, 0, 1), (3, 1)): [25, 26, 3, 6, 1, 0, 1]
(1, (0, 0, 1), (3, 2)): [22, 24, 5, 2, 2]
(1, (0, 1, 0), (0, 0)): [55954, 27508, 9579, 4008, 1694, 686, 263, 124, 32, 24, 10, 5, 4, 0, 1]
(1, (0, 1, 0), (0, 1)): [330, 154, 55, 22, 5, 4, 3, 1, 1]
(1, (0, 1, 0), (0, 2)): [113, 59, 11, 4, 2, 1, 1]
(1, (0, 1, 0), (1, 0)): [436, 227, 75, 41, 30, 8, 4, 2, 0, 0, 1]
(1, (0, 1, 0), (1, 1)): [305, 141, 50, 27, 14, 4, 4, 1, 1]
(1, (0, 1, 0), (1, 2)): [172, 73, 24, 10, 5, 1, 2]
(1, (0, 1, 0), (2, 0)): [202, 88, 37, 27, 15, 5, 2, 2, 0, 0, 1]
(1, (0, 1, 0), (2, 1)): [167, 84, 23, 21, 11, 5, 4, 2, 0, 0, 1]
(1, (0, 1, 0), (2, 2)): [137, 65, 19, 11, 6, 1, 1]
(1, (0, 1, 0), (3, 0)): [116, 48, 14, 18, 11, 1, 0, 1]
(1, (0, 1, 0), (3, 1)): [98, 35, 17, 14, 8, 4, 1, 1]
(1, (0, 1, 0), (3, 2)): [83, 35, 15, 13, 9]
(1, (0, 1, 1), (0, 0)): [9583, 8355, 8129, 3201, 1600, 642, 256, 108, 60, 17, 7, 4, 1, 1]
(1, (0, 1, 1), (0, 1)): [56, 45, 30, 13, 9, 2, 3]
(1, (0, 1, 1), (0, 2)): [24, 10, 7, 4, 4]
(1, (0, 1, 1), (1, 0)): [95, 72, 56, 34, 28, 9, 2, 3, 1, 1]
(1, (0, 1, 1), (1, 1)): [42, 40, 20, 15, 7, 1, 4, 1]
(1, (0, 1, 1), (1, 2)): [29, 11, 9, 10, 2, 0, 1]
(1, (0, 1, 1), (2, 0)): [72, 48, 37, 21, 22, 9, 1, 2, 1, 1]
(1, (0, 1, 1), (2, 1)): [28, 29, 19, 7, 2, 3, 3, 1]
(1, (0, 1, 1), (2, 2)): [25, 17, 12, 8, 2, 0, 0, 1]
(1, (0, 1, 1), (3, 0)): [58, 40, 27, 16, 21, 7, 1, 2, 1, 1]
(1, (0, 1, 1), (3, 1)): [15, 14, 8, 2, 2, 2, 3]
(1, (0, 1, 1), (3, 2)): [14, 16, 12, 2, 1, 1, 1]
(1, (1, 0, 0), (0, 0)): [162738, 30552, 18755, 8297, 3332, 1401, 531, 199, 99, 44, 15, 12, 2, 2]
(1, (1, 0, 0), (0, 1)): [1147, 177, 118, 51, 22, 11, 8, 0, 0, 2]
(1, (1, 0, 0), (0, 2)): [392, 48, 41, 19, 7, 3, 5, 0, 0, 2]
(1, (1, 0, 0), (1, 0)): [1146, 227, 156, 71, 31, 10, 2, 3, 1]
(1, (1, 0, 0), (1, 1)): [920, 164, 104, 31, 20, 6, 2, 2]
(1, (1, 0, 0), (1, 2)): [531, 68, 60, 15, 12, 4, 3, 0, 0, 1]
(1, (1, 0, 0), (2, 0)): [381, 88, 60, 34, 16, 8, 1, 0, 1]
(1, (1, 0, 0), (2, 1)): [471, 99, 56, 27, 10, 6, 1, 1, 1]
(1, (1, 0, 0), (2, 2)): [403, 74, 45, 17, 10, 4, 1, 0, 0, 1]
(1, (1, 0, 0), (3, 0)): [125, 36, 27, 17, 11, 3]
(1, (1, 0, 0), (3, 1)): [181, 52, 29, 22, 9, 4, 1, 1]
(1, (1, 0, 0), (3, 2)): [200, 46, 27, 19, 6, 6, 1]
(1, (1, 0, 1), (0, 0)): [12706, 16594, 5568, 3546, 1484, 673, 259, 101, 45, 32, 9, 3]
(1, (1, 0, 1), (0, 1)): [94, 80, 24, 17, 10, 5, 3, 0, 3, 1]
(1, (1, 0, 1), (0, 2)): [41, 27, 8, 10, 1, 3, 1]
(1, (1, 0, 1), (1, 0)): [89, 127, 35, 25, 16, 8, 0, 0, 0, 1]
(1, (1, 0, 1), (1, 1)): [69, 68, 17, 12, 16, 1, 1, 0, 2]
(1, (1, 0, 1), (1, 2)): [41, 37, 15, 14, 4, 2, 1]
(1, (1, 0, 1), (2, 0)): [32, 46, 15, 10, 5, 4]
(1, (1, 0, 1), (2, 1)): [35, 39, 8, 6, 9, 3, 1, 0, 2]
(1, (1, 0, 1), (2, 2)): [23, 30, 11, 3, 4, 2, 0, 0, 1]
(1, (1, 0, 1), (3, 0)): [12, 20, 6, 5, 3, 2]
(1, (1, 0, 1), (3, 1)): [12, 19, 5, 6, 7, 3]
(1, (1, 0, 1), (3, 2)): [18, 15, 9, 4, 7, 4, 0, 0, 1]
(1, (1, 1, 0), (0, 0)): [43670, 14065, 10056, 6757, 2986, 1296, 521, 203, 81, 37, 11, 7, 2, 3, 1]
(1, (1, 1, 0), (0, 1)): [324, 80, 67, 44, 18, 7, 4, 1]
(1, (1, 1, 0), (0, 2)): [112, 23, 23, 12, 6, 1]
(1, (1, 1, 0), (1, 0)): [305, 110, 77, 71, 35, 9, 3, 2]
(1, (1, 1, 0), (1, 1)): [244, 77, 53, 42, 18, 4, 5, 1]
(1, (1, 1, 0), (1, 2)): [169, 35, 27, 26, 10, 1, 1]
(1, (1, 1, 0), (2, 0)): [115, 45, 29, 28, 20, 5, 1, 1]
(1, (1, 1, 0), (2, 1)): [121, 50, 32, 29, 12, 1, 2, 1]
(1, (1, 1, 0), (2, 2)): [122, 30, 19, 16, 11]
(1, (1, 1, 0), (3, 0)): [36, 12, 10, 8, 12, 4, 1, 1]
(1, (1, 1, 0), (3, 1)): [52, 25, 15, 13, 12, 1, 3, 2]
(1, (1, 1, 0), (3, 2)): [66, 24, 13, 10, 12, 1, 2, 2]
(1, (1, 1, 1), (0, 0)): [8925, 7456, 4849, 3349, 2348, 1063, 435, 165, 75, 27, 11, 9, 4, 2, 1]
(1, (1, 1, 1), (0, 1)): [86, 59, 44, 24, 25, 7, 2, 1]
(1, (1, 1, 1), (0, 2)): [40, 24, 18, 6, 11, 1, 1]
(1, (1, 1, 1), (1, 0)): [80, 63, 56, 27, 27, 13, 8, 2, 1]
(1, (1, 1, 1), (1, 1)): [64, 40, 31, 18, 21, 6, 1]
(1, (1, 1, 1), (1, 2)): [48, 16, 21, 12, 12, 4, 1]
(1, (1, 1, 1), (2, 0)): [26, 27, 28, 15, 10, 8, 5, 2]
(1, (1, 1, 1), (2, 1)): [36, 30, 25, 10, 16, 2, 2, 1]
(1, (1, 1, 1), (2, 2)): [38, 16, 20, 9, 15, 3, 2]
(1, (1, 1, 1), (3, 0)): [9, 12, 8, 9, 4, 6, 3]
(1, (1, 1, 1), (3, 1)): [17, 13, 5, 6, 5, 4, 2, 1]
(1, (1, 1, 1), (3, 2)): [25, 11, 6, 12, 7, 4, 2]
(2, (0, 0, 0), (0, 0)): [340691, 14958, 5212, 1653, 599, 218, 77, 30, 7, 2, 2]
(2, (0, 0, 0), (0, 1)): [2650, 111, 47, 9, 5, 2]
(2, (0, 0, 0), (0, 2)): [865, 30, 10, 3]
(2, (0, 0, 0), (1, 0)): [2666, 174, 54, 17, 5, 3, 2]
(2, (0, 0, 0), (1, 1)): [2338, 109, 47, 9, 5, 3, 1]
(2, (0, 0, 0), (1, 2)): [1315, 49, 24, 5, 2, 1, 1]
(2, (0, 0, 0), (2, 0)): [1011, 75, 24, 8, 3, 2, 1]
(2, (0, 0, 0), (2, 1)): [1381, 72, 28, 8, 3, 2]
(2, (0, 0, 0), (2, 2)): [1120, 49, 20, 6, 2, 2]
(2, (0, 0, 0), (3, 0)): [381, 30, 15, 5, 1, 2, 1]
(2, (0, 0, 0), (3, 1)): [640, 40, 18, 7, 2, 3]
(2, (0, 0, 0), (3, 2)): [713, 39, 25, 5, 0, 3]
(2, (0, 0, 1), (0, 0)): [35971, 11902, 2222, 756, 275, 109, 37, 9, 1, 2, 0, 1]
(2, (0, 0, 1), (0, 1)): [212, 70, 12, 4, 4, 2, 1]
(2, (0, 0, 1), (0, 2)): [84, 18, 3, 1, 1]
(2, (0, 0, 1), (1, 0)): [260, 87, 24, 9, 3, 2]
(2, (0, 0, 1), (1, 1)): [187, 61, 16, 3, 3, 1, 1]
(2, (0, 0, 1), (1, 2)): [113, 25, 5, 2, 2, 0, 1]
(2, (0, 0, 1), (2, 0)): [117, 37, 10, 7, 3, 2]
(2, (0, 0, 1), (2, 1)): [118, 36, 11, 3, 4]
(2, (0, 0, 1), (2, 2)): [105, 20, 6, 3, 3, 0, 1]
(2, (0, 0, 1), (3, 0)): [63, 21, 7, 5, 0, 2]
(2, (0, 0, 1), (3, 1)): [57, 16, 5, 4, 2]
(2, (0, 0, 1), (3, 2)): [69, 18, 5, 2, 2]
(2, (0, 1, 0), (0, 0)): [90713, 21220, 5260, 1823, 605, 222, 63, 17, 5, 1, 1]
(2, (0, 1, 0), (0, 1)): [532, 107, 22, 4, 7, 1, 1]
(2, (0, 1, 0), (0, 2)): [184, 23, 7, 0, 3]
(2, (0, 1, 0), (1, 0)): [764, 142, 65, 24, 7, 4, 1]
(2, (0, 1, 0), (1, 1)): [487, 101, 27, 8, 4, 3, 1]
(2, (0, 1, 0), (1, 2)): [267, 47, 11, 5, 2]
(2, (0, 1, 0), (2, 0)): [385, 66, 36, 18, 5, 1, 1]
(2, (0, 1, 0), (2, 1)): [321, 59, 15, 5, 3, 1]
(2, (0, 1, 0), (2, 2)): [259, 37, 9, 5, 3]
(2, (0, 1, 0), (3, 0)): [230, 33, 26, 12, 4, 0, 1]
(2, (0, 1, 0), (3, 1)): [185, 35, 15, 7, 5, 0, 1]
(2, (0, 1, 0), (3, 2)): [191, 32, 8, 3, 3, 0, 1]
(2, (0, 1, 1), (0, 0)): [22291, 1974, 5343, 1411, 537, 177, 71, 26, 11, 3, 1]
(2, (0, 1, 1), (0, 1)): [136, 10, 23, 5, 2, 1, 1, 1]
(2, (0, 1, 1), (0, 2)): [52, 2, 10, 2, 1, 0, 1]
(2, (0, 1, 1), (1, 0)): [197, 20, 37, 15, 10, 1, 1]
(2, (0, 1, 1), (1, 1)): [117, 9, 21, 7, 3, 1, 0, 1]
(2, (0, 1, 1), (1, 2)): [79, 5, 12, 4, 2, 0, 1]
(2, (0, 1, 1), (2, 0)): [109, 16, 16, 10, 8, 1, 1]
(2, (0, 1, 1), (2, 1)): [61, 8, 14, 5, 2, 1]
(2, (0, 1, 1), (2, 2)): [63, 5, 14, 3]
(2, (0, 1, 1), (3, 0)): [75, 11, 10, 5, 7, 1, 1]
(2, (0, 1, 1), (3, 1)): [34, 4, 5, 2, 0, 1]
(2, (0, 1, 1), (3, 2)): [42, 6, 11, 3, 0, 1]
(2, (1, 0, 0), (0, 0)): [199368, 15447, 9015, 2964, 997, 313, 129, 43, 12, 4, 3]
(2, (1, 0, 0), (0, 1)): [1270, 73, 56, 16, 5, 4, 1]
(2, (1, 0, 0), (0, 2)): [429, 18, 15, 6, 2, 1, 1]
(2, (1, 0, 0), (1, 0)): [1423, 115, 81, 36, 12, 3, 3]
(2, (1, 0, 0), (1, 1)): [1024, 74, 62, 17, 3, 1]
(2, (1, 0, 0), (1, 2)): [611, 26, 24, 14, 2, 1]
(2, (1, 0, 0), (2, 0)): [505, 50, 34, 19, 9, 0, 2]
(2, (1, 0, 0), (2, 1)): [561, 45, 41, 9, 4, 1]
(2, (1, 0, 0), (2, 2)): [473, 24, 27, 6, 3, 2]
(2, (1, 0, 0), (3, 0)): [160, 24, 8, 13, 3, 0, 2]
(2, (1, 0, 0), (3, 1)): [233, 24, 22, 8, 4, 0, 2]
(2, (1, 0, 0), (3, 2)): [281, 22, 16, 5, 2, 2]
(2, (1, 0, 1), (0, 0)): [33260, 8819, 3762, 2042, 637, 241, 83, 29, 12, 2, 0, 1]
(2, (1, 0, 1), (0, 1)): [242, 45, 24, 19, 9, 1]
(2, (1, 0, 1), (0, 2)): [91, 7, 7, 7, 2]
(2, (1, 0, 1), (1, 0)): [246, 53, 27, 22, 9, 3, 1]
(2, (1, 0, 1), (1, 1)): [203, 37, 21, 14, 8, 0, 1]
(2, (1, 0, 1), (1, 2)): [120, 11, 4, 7, 2]
(2, (1, 0, 1), (2, 0)): [75, 14, 13, 11, 1, 1]
(2, (1, 0, 1), (2, 1)): [109, 23, 10, 7, 6]
(2, (1, 0, 1), (2, 2)): [83, 10, 5, 3, 3]
(2, (1, 0, 1), (3, 0)): [32, 4, 8, 7, 1]
(2, (1, 0, 1), (3, 1)): [48, 9, 5, 6, 3]
(2, (1, 0, 1), (3, 2)): [57, 11, 3, 2, 4]
(2, (1, 1, 0), (0, 0)): [75249, 12092, 6435, 3876, 1294, 440, 133, 48, 18, 7, 4, 0, 0, 1]
(2, (1, 1, 0), (0, 1)): [565, 81, 37, 30, 6, 3, 1]
(2, (1, 1, 0), (0, 2)): [200, 27, 11, 4]
(2, (1, 1, 0), (1, 0)): [576, 79, 62, 48, 12, 4, 2, 1]
(2, (1, 1, 0), (1, 1)): [450, 49, 38, 31, 7, 4]
(2, (1, 1, 0), (1, 2)): [268, 30, 20, 11, 0, 2]
(2, (1, 1, 0), (2, 0)): [231, 35, 21, 22, 8, 2, 1, 1]
(2, (1, 1, 0), (2, 1)): [274, 26, 18, 21, 6, 2]
(2, (1, 1, 0), (2, 2)): [203, 27, 15, 16, 4, 2]
(2, (1, 1, 0), (3, 0)): [88, 15, 11, 9, 4, 2, 1]
(2, (1, 1, 0), (3, 1)): [124, 13, 12, 11, 1, 3, 1]
(2, (1, 1, 0), (3, 2)): [138, 15, 8, 13, 4, 1, 1]
(2, (1, 1, 1), (0, 0)): [22074, 3366, 3876, 2024, 1360, 458, 152, 57, 25, 5, 4, 0, 0, 1]
(2, (1, 1, 1), (0, 1)): [196, 18, 29, 19, 18, 1, 1, 0, 1]
(2, (1, 1, 1), (0, 2)): [92, 1, 7, 3, 3, 1, 0, 0, 1]
(2, (1, 1, 1), (1, 0)): [166, 51, 37, 28, 12, 5, 4]
(2, (1, 1, 1), (1, 1)): [144, 26, 26, 19, 15, 1, 2]
(2, (1, 1, 1), (1, 2)): [96, 7, 9, 10, 5, 1, 1]
(2, (1, 1, 1), (2, 0)): [53, 41, 14, 13, 5, 3, 3]
(2, (1, 1, 1), (2, 1)): [66, 21, 15, 11, 9, 1, 3]
(2, (1, 1, 1), (2, 2)): [71, 11, 9, 11, 6, 0, 1]
(2, (1, 1, 1), (3, 0)): [16, 32, 5, 8, 1, 2]
(2, (1, 1, 1), (3, 1)): [28, 23, 5, 7, 5, 1, 2]
(2, (1, 1, 1), (3, 2)): [41, 16, 8, 11, 6, 1, 2]
