(0, (0, 0, 0)): [35296, 6765, 3089, 1361, 614, 247, 111, 33, 22, 11, 3, 1, 1]
(0, (0, 0, 1)): [103, 315, 78, 42, 16, 11, 5, 0, 0, 1, 1, 1]
(0, (0, 1, 0)): [1338, 1228, 484, 228, 128, 40, 24, 9, 8, 3, 1]
(0, (0, 1, 1)): [91, 167, 184, 92, 45, 24, 7, 6, 1]
(0, (1, 0, 0)): [6364, 1942, 1437, 663, 293, 131, 58, 15, 15, 6, 1, 1, 1]
(0, (1, 0, 1)): [147, 409, 172, 118, 58, 26, 11, 4, 2, 3, 1, 1]
(0, (1, 1, 0)): [990, 571, 375, 294, 144, 68, 32, 9, 11, 3, 1]
(0, (1, 1, 1)): [95, 201, 134, 88, 75, 39, 14, 4, 3, 1]
(1, (0, 0, 0)): [27641, 3083, 1262, 485, 206, 77, 20, 11, 1, 1]
(1, (0, 0, 1)): [707, 959, 186, 79, 46, 10, 11, 3, 2, 1]
(1, (0, 1, 0)): [3557, 1386, 561, 225, 114, 32, 12, 6, 4, 1]
(1, (0, 1, 1)): [532, 417, 334, 147, 70, 34, 10, 1, 4, 1, 0, 0, 1]
(1, (1, 0, 0)): [9389, 1565, 1155, 445, 205, 74, 29, 12, 2, 2, 0, 0, 1]
(1, (1, 0, 1)): [805, 777, 254, 173, 72, 24, 16, 3, 2, 2, 0, 1]
(1, (1, 1, 0)): [2695, 715, 490, 371, 163, 60, 28, 13, 3, 1]
(1, (1, 1, 1)): [551, 402, 246, 146, 129, 61, 20, 8, 5, 1]
(2, (0, 0, 0)): [24562, 1190, 405, 133, 41, 11, 4]
(2, (0, 0, 1)): [2320, 557, 140, 55, 13, 5, 1, 0, 1]
(2, (0, 1, 0)): [5845, 1114, 375, 111, 47, 8, 1, 1]
(2, (0, 1, 1)): [1398, 120, 226, 79, 32, 10, 7, 1]
(2, (1, 0, 0)): [11385, 782, 633, 201, 62, 19, 12, 2]
(2, (1, 0, 1)): [2131, 447, 199, 117, 38, 16, 6, 1, 1]
(2, (1, 1, 0)): [4392, 606, 308, 220, 71, 21, 8, 6]
(2, (1, 1, 1)): [1412, 196, 210, 89, 86, 31, 7, 4, 2]
