(0, (0, 0, 0)): [30435, 5742, 2495, 1112, 460, 199, 74, 31, 9, 7, 0, 1, 0, 1]
(0, (0, 0, 1)): [125, 379, 81, 41, 20, 6, 4, 3]
(0, (0, 1, 0)): [1207, 1036, 436, 217, 69, 36, 18, 10, 1, 2]
(0, (0, 1, 1)): [86, 149, 151, 73, 33, 21, 5, 0, 3, 1]
(0, (1, 0, 0)): [5753, 2031, 1192, 579, 253, 124, 43, 17, 4, 6]
(0, (1, 0, 1)): [149, 432, 160, 112, 45, 26, 11, 6, 2]
(0, (1, 1, 0)): [805, 538, 369, 245, 131, 69, 32, 10, 2, 6]
(0, (1, 1, 1)): [87, 171, 101, 78, 66, 42, 20, 5, 4, 1]
(1, (0, 0, 0)): [23631, 2499, 974, 385, 147, 53, 15, 5, 3, 0, 0, 1, 0, 1]
(1, (0, 0, 1)): [679, 942, 189, 75, 35, 8, 2, 3, 1, 0, 1]
(1, (0, 1, 0)): [3420, 1368, 531, 230, 83, 39, 10, 2, 1, 1]
(1, (0, 1, 1)): [511, 391, 328, 133, 66, 24, 9, 3, 2, 1, 0, 1]
(1, (1, 0, 0)): [8276, 1441, 918, 394, 153, 46, 20, 6, 4, 1, 0, 1, 0, 1]
(1, (1, 0, 1)): [712, 772, 253, 156, 56, 23, 16, 4, 2, 1]
(1, (1, 1, 0)): [2419, 687, 435, 322, 119, 47, 17, 4, 2, 2, 0, 0, 0, 1]
(1, (1, 1, 1)): [514, 405, 236, 122, 100, 40, 16, 5, 4, 3, 0, 1, 0, 1]
(2, (0, 0, 0)): [20646, 950, 276, 77, 23, 7, 2, 1]
(2, (0, 0, 1)): [1913, 553, 116, 32, 18, 4]
(2, (0, 1, 0)): [5198, 1008, 296, 88, 34, 13, 2, 2]
(2, (0, 1, 1)): [1071, 93, 196, 51, 23, 6, 3]
(2, (1, 0, 0)): [10024, 730, 446, 140, 47, 12, 5]
(2, (1, 0, 1)): [1901, 424, 162, 103, 28, 11, 4]
(2, (1, 1, 0)): [4058, 600, 297, 189, 75, 13, 5, 1]
(2, (1, 1, 1)): [1156, 160, 194, 85, 74, 21, 9]
