(0, (0, 0, 0)): [28811, 5851, 2671, 1159, 504, 182, 92, 44, 18, 3, 3]
(0, (0, 0, 1)): [115, 372, 105, 49, 31, 9, 3, 1, 0, 0, 1]
(0, (0, 1, 0)): [1224, 1131, 457, 222, 103, 45, 21, 8, 3, 1]
(0, (0, 1, 1)): [81, 153, 165, 74, 41, 16, 11, 4, 3]
(0, (1, 0, 0)): [5956, 2036, 1266, 623, 264, 105, 51, 25, 11, 2, 3]
(0, (1, 0, 1)): [148, 457, 200, 120, 65, 26, 13, 5, 3, 0, 1]
(0, (1, 1, 0)): [853, 515, 355, 273, 139, 51, 28, 17, 7, 2, 1]
(0, (1, 1, 1)): [71, 138, 112, 89, 68, 32, 15, 8, 1, 2, 2]
(1, (0, 0, 0)): [23791, 2647, 1114, 404, 150, 47, 28, 11, 3, 1]
(1, (0, 0, 1)): [678, 1011, 183, 88, 33, 14, 6, 3, 1, 0, 1]
(1, (0, 1, 0)): [3530, 1436, 536, 231, 95, 40, 16, 6, 1]
(1, (0, 1, 1)): [497, 435, 331, 122, 69, 18, 13, 3, 5]
(1, (1, 0, 0)): [8279, 1555, 1001, 372, 154, 50, 30, 10, 2, 1]
(1, (1, 0, 1)): [699, 829, 256, 183, 78, 29, 13, 1, 2, 1]
(1, (1, 1, 0)): [2407, 723, 476, 284, 138, 39, 22, 10, 5]
(1, (1, 1, 1)): [436, 334, 216, 141, 106, 27, 25, 8, 6, 0, 1]
(2, (0, 0, 0)): [20862, 919, 336, 108, 29, 11, 3, 0, 1]
(2, (0, 0, 1)): [2019, 522, 97, 35, 18, 6, 1, 2]
(2, (0, 1, 0)): [5358, 1103, 322, 112, 34, 16, 4, 1]
(2, (0, 1, 1)): [1119, 89, 224, 54, 21, 6, 6, 2]
(2, (1, 0, 0)): [10096, 708, 509, 156, 43, 13, 6, 3, 1]
(2, (1, 0, 1)): [1830, 403, 165, 105, 38, 15, 3, 3, 1]
(2, (1, 1, 0)): [4091, 629, 316, 205, 67, 17, 11, 3, 1]
(2, (1, 1, 1)): [1086, 160, 198, 88, 63, 19, 8, 3]
