(0, (0, 0, 0)): [18172, 3241, 1458, 597, 259, 118, 45, 14, 5, 0, 4]
(0, (0, 0, 1)): [119, 278, 94, 26, 16, 5, 3, 1]
(0, (0, 1, 0)): [539, 560, 210, 84, 41, 13, 5, 1, 2, 1, 1]
(0, (0, 1, 1)): [55, 63, 100, 48, 21, 15, 4, 1]
(0, (1, 0, 0)): [4104, 1382, 741, 359, 149, 63, 26, 9, 2, 0, 3]
(0, (1, 0, 1)): [97, 218, 109, 52, 36, 7, 5, 2, 1]
(0, (1, 1, 0)): [547, 343, 260, 160, 89, 36, 16, 5, 1, 1, 2]
(0, (1, 1, 1)): [56, 90, 74, 57, 50, 20, 8, 4, 1, 1, 1]
(1, (0, 0, 0)): [14228, 1321, 516, 170, 75, 41, 12, 4, 2, 0, 1]
(1, (0, 0, 1)): [586, 823, 143, 49, 23, 7, 4, 2]
(1, (0, 1, 0)): [2295, 1079, 356, 137, 38, 22, 8, 5, 1]
(1, (0, 1, 1)): [387, 316, 318, 117, 43, 25, 2, 3]
(1, (1, 0, 0)): [5585, 992, 507, 211, 77, 43, 13, 2, 3]
(1, (1, 0, 1)): [372, 464, 194, 92, 36, 17, 6, 2, 1]
(1, (1, 1, 0)): [1382, 403, 276, 191, 77, 30, 14, 2, 3]
(1, (1, 1, 1)): [269, 217, 123, 92, 56, 28, 11, 4, 2]
(2, (0, 0, 0)): [12368, 421, 149, 41, 17, 4, 2, 1, 0, 0, 1]
(2, (0, 0, 1)): [1565, 542, 79, 22, 9, 0, 1]
(2, (0, 1, 0)): [3899, 839, 200, 53, 8, 5, 1, 1]
(2, (0, 1, 1)): [948, 99, 205, 35, 18, 4, 2]
(2, (1, 0, 0)): [6735, 483, 229, 76, 21, 6, 4, 2, 0, 0, 1]
(2, (1, 0, 1)): [974, 272, 134, 44, 11, 3, 2]
(2, (1, 1, 0)): [2098, 288, 166, 82, 23, 10, 3, 2, 0, 0, 1]
(2, (1, 1, 1)): [634, 106, 88, 39, 31, 8, 6, 2, 1, 1, 1]
