(0, (0, 0, 0)): [1051952, 206510, 93807, 42152, 18539, 7706, 3148, 1265, 493, 198, 77, 43, 10, 10, 1, 0, 1]
(0, (0, 0, 1)): [4083, 11151, 3002, 1455, 684, 282, 122, 38, 12, 9, 5, 2, 1, 2]
(0, (0, 1, 0)): [40693, 35675, 14037, 6891, 3196, 1342, 563, 237, 97, 49, 14, 3, 2, 5, 1, 0, 1]
(0, (0, 1, 1)): [3280, 5177, 5945, 2799, 1434, 701, 284, 127, 63, 27, 5, 4, 2, 0, 1, 0, 1]
(0, (1, 0, 0)): [218151, 69404, 44791, 21842, 10253, 4540, 1845, 773, 315, 129, 54, 26, 8, 7, 1, 0, 1]
(0, (1, 0, 1)): [5684, 15347, 6162, 4364, 2219, 1023, 468, 171, 92, 30, 21, 6, 2, 2, 1]
(0, (1, 1, 0)): [31037, 18283, 13377, 9775, 5047, 2368, 960, 442, 180, 83, 33, 15, 4, 3, 0, 0, 1]
(0, (1, 1, 1)): [3285, 5002, 4312, 3017, 2430, 1225, 545, 250, 116, 53, 20, 6, 4, 2, 0, 0, 1]
(1, (0, 0, 0)): [864502, 93167, 37743, 14838, 5658, 2045, 821, 279, 95, 37, 14, 9, 2, 1]
(1, (0, 0, 1)): [23126, 30949, 6116, 2647, 1064, 449, 145, 47, 21, 10, 6, 2, 1, 1]
(1, (0, 1, 0)): [117486, 47030, 17680, 7687, 3076, 1174, 385, 178, 61, 20, 14, 2, 3]
(1, (0, 1, 1)): [17927, 13711, 11487, 4615, 2450, 938, 365, 150, 53, 22, 3, 3, 1]
(1, (1, 0, 0)): [313208, 52868, 35103, 14579, 5886, 2219, 911, 317, 114, 45, 13, 11, 2, 1]
(1, (1, 0, 1)): [26797, 27642, 8705, 6009, 2591, 1011, 419, 150, 41, 22, 3, 4]
(1, (1, 1, 0)): [88933, 25109, 16548, 12215, 4959, 1965, 765, 319, 127, 38, 15, 9, 4, 1]
(1, (1, 1, 1)): [18879, 12842, 8535, 5323, 3993, 1677, 669, 256, 99, 36, 9, 6, 4, 2]
(2, (0, 0, 0)): [756376, 34818, 11424, 3635, 1169, 352, 121, 36, 4, 5, 3]
(2, (0, 0, 1)): [67470, 18868, 4116, 1369, 475, 154, 39, 16, 4]
(2, (0, 1, 0)): [181799, 35440, 10238, 3609, 1206, 389, 108, 42, 10, 9, 5]
(2, (0, 1, 1)): [40260, 3115, 7983, 2249, 908, 287, 97, 24, 10, 1, 2]
(2, (1, 0, 0)): [375735, 25847, 18067, 5678, 1801, 578, 225, 57, 7, 7, 3, 1]
(2, (1, 0, 1)): [68286, 14902, 5723, 3650, 1240, 396, 128, 41, 13, 5, 0, 1]
(2, (1, 1, 0)): [150210, 21446, 10649, 7780, 2504, 768, 278, 92, 23, 13, 3, 2]
(2, (1, 1, 1)): [43694, 5564, 7035, 3340, 2557, 773, 273, 85, 21, 3, 4, 3]
