(0, (0, 0, 0)): [226262, 46505, 21909, 10076, 4573, 2023, 870, 365, 145, 67, 29, 11, 7, 3, 2]
(0, (0, 0, 1)): [1109, 3677, 1074, 500, 254, 97, 55, 31, 9, 4, 1, 1, 3]
(0, (0, 1, 0)): [7208, 7690, 2996, 1342, 701, 329, 131, 63, 29, 16, 5, 1]
(0, (0, 1, 1)): [637, 1213, 1629, 771, 398, 193, 77, 39, 15, 7, 2, 1, 0, 1, 1]
(0, (1, 0, 0)): [50909, 18356, 11219, 5680, 2666, 1199, 542, 228, 86, 42, 22, 8, 5, 3, 2]
(0, (1, 0, 1)): [1205, 3728, 1702, 1148, 655, 292, 161, 58, 30, 14, 5, 5, 2, 0, 1]
(0, (1, 1, 0)): [6608, 4485, 3677, 2505, 1352, 653, 294, 142, 51, 26, 18, 3, 1, 1]
(0, (1, 1, 1)): [688, 1249, 1065, 896, 738, 355, 164, 81, 35, 17, 9, 2, 0, 1, 1]
(1, (0, 0, 0)): [178361, 19533, 8078, 3194, 1294, 550, 204, 79, 32, 13, 3, 2]
(1, (0, 0, 1)): [6104, 9713, 1954, 768, 345, 140, 49, 28, 10, 2, 3, 2, 1]
(1, (0, 1, 0)): [26567, 13422, 4562, 1849, 750, 318, 132, 52, 12, 7, 2, 3, 2]
(1, (0, 1, 1)): [4533, 4007, 4185, 1608, 713, 295, 118, 45, 21, 8, 5, 3, 0, 1]
(1, (1, 0, 0)): [73998, 14254, 8481, 3733, 1483, 644, 231, 84, 40, 19, 5, 6, 1, 2]
(1, (1, 0, 1)): [5991, 7704, 2748, 1670, 708, 319, 120, 50, 15, 15, 5, 2]
(1, (1, 1, 0)): [18693, 6082, 4336, 2957, 1265, 566, 211, 81, 35, 16, 4, 3, 0, 3]
(1, (1, 1, 1)): [3561, 3010, 1912, 1429, 980, 445, 170, 70, 26, 10, 3, 1, 0, 1]
(2, (0, 0, 0)): [152881, 6568, 2190, 717, 244, 93, 33, 13, 2, 1, 1]
(2, (0, 0, 1)): [19315, 6463, 1184, 370, 126, 58, 18, 4]
(2, (0, 1, 0)): [43722, 10286, 2507, 825, 273, 104, 30, 9, 2, 1]
(2, (0, 1, 1)): [11449, 1026, 2755, 733, 259, 86, 34, 7, 6, 1, 1]
(2, (1, 0, 0)): [90633, 7224, 3850, 1269, 420, 134, 60, 19, 5, 1, 1]
(2, (1, 0, 1)): [15991, 4422, 1939, 950, 297, 120, 39, 18, 6, 0, 0, 1]
(2, (1, 1, 0)): [29825, 4733, 2619, 1533, 511, 174, 52, 13, 7, 4, 2, 0, 0, 1]
(2, (1, 1, 1)): [8896, 1377, 1521, 827, 542, 175, 62, 22, 12, 2, 2, 0, 0, 1]
