(0, (0, 0, 0)): [24261, 3910, 1624, 670, 279, 81, 49, 12, 4, 3, 1]
(0, (0, 0, 1)): [116, 239, 60, 21, 10, 2]
(0, (0, 1, 0)): [815, 635, 248, 94, 33, 12, 10, 0, 2, 1, 1]
(0, (0, 1, 1)): [84, 91, 101, 45, 24, 11, 4, 1, 1, 1]
(0, (1, 0, 0)): [4439, 1372, 785, 355, 158, 45, 26, 11, 2, 2, 1]
(0, (1, 0, 1)): [126, 323, 136, 82, 32, 10, 9, 2, 1]
(0, (1, 1, 0)): [593, 327, 226, 157, 59, 28, 13, 3, 1]
(0, (1, 1, 1)): [68, 108, 86, 51, 23, 20, 11, 2]
(1, (0, 0, 0)): [18880, 1751, 611, 234, 81, 21, 21, 1, 1, 1]
(1, (0, 0, 1)): [470, 519, 95, 27, 16, 5, 3, 0, 1]
(1, (0, 1, 0)): [2312, 891, 301, 106, 46, 16, 7, 4, 1, 1, 1]
(1, (0, 1, 1)): [348, 251, 187, 67, 31, 13, 5, 0, 1]
(1, (1, 0, 0)): [6394, 998, 584, 236, 86, 17, 20, 2, 3]
(1, (1, 0, 1)): [497, 549, 154, 84, 35, 13, 10, 1, 1]
(1, (1, 1, 0)): [1711, 459, 294, 205, 71, 17, 11, 2, 2]
(1, (1, 1, 1)): [370, 232, 158, 100, 50, 17, 7, 2, 3]
(2, (0, 0, 0)): [16325, 642, 193, 70, 20, 7, 3]
(2, (0, 0, 1)): [1220, 327, 67, 11, 7, 2]
(2, (0, 1, 0)): [3559, 664, 173, 53, 18, 3, 1, 1, 0, 1, 1]
(2, (0, 1, 1)): [769, 57, 154, 34, 9, 4]
(2, (1, 0, 0)): [7836, 448, 279, 98, 24, 12, 5]
(2, (1, 0, 1)): [1318, 298, 100, 45, 22, 7, 3, 0, 0, 1]
(2, (1, 1, 0)): [2894, 385, 185, 131, 31, 14, 4, 1, 1]
(2, (1, 1, 1)): [827, 102, 137, 49, 38, 10, 4, 2, 1]
