(0, (0, 0, 0), (0, 0)): [33173, 6792, 3257, 1430, 689, 302, 161, 56, 22, 10, 6, 1]
(0, (0, 0, 0), (0, 1)): [16934, 3550, 1696, 732, 355, 154, 88, 25, 10, 6, 3, 1]
(0, (0, 0, 0), (0, 2)): [6882, 1400, 650, 296, 133, 58, 33, 14, 4, 3, 1]
(0, (0, 0, 0), (1, 0)): [12369, 2454, 1213, 529, 264, 118, 53, 25, 10, 3, 2]
(0, (0, 0, 0), (1, 1)): [13310, 2723, 1332, 569, 289, 122, 61, 21, 8, 3, 3]
(0, (0, 0, 0), (1, 2)): [10229, 2147, 994, 441, 205, 92, 48, 22, 10, 3, 4]
(0, (0, 0, 0), (2, 0)): [3492, 706, 347, 160, 72, 31, 13, 7, 4, 2]
(0, (0, 0, 0), (2, 1)): [6162, 1242, 608, 271, 127, 62, 24, 13, 2, 4]
(0, (0, 0, 0), (2, 2)): [7695, 1602, 727, 315, 155, 73, 36, 12, 3, 3, 1]
(0, (0, 0, 0), (3, 0)): [603, 124, 62, 27, 6, 6, 4, 0, 2]
(0, (0, 0, 0), (3, 1)): [1942, 414, 213, 79, 40, 20, 8, 3, 2, 1]
(0, (0, 0, 0), (3, 2)): [3933, 830, 371, 168, 79, 34, 11, 5, 0, 3]
(0, (0, 0, 1), (0, 0)): [83, 286, 80, 48, 20, 16, 5, 1, 2]
(0, (0, 0, 1), (0, 1)): [43, 162, 33, 22, 7, 5, 2, 1, 1]
(0, (0, 0, 1), (0, 2)): [14, 59, 11, 8, 4, 2, 1, 1]
(0, (0, 0, 1), (1, 0)): [29, 102, 40, 21, 9, 8, 3, 0, 1]
(0, (0, 0, 1), (1, 1)): [30, 128, 31, 18, 9, 6, 2, 0, 1]
(0, (0, 0, 1), (1, 2)): [16, 102, 21, 11, 3, 4, 2, 1, 1]
(0, (0, 0, 1), (2, 0)): [13, 26, 12, 5, 1, 4]
(0, (0, 0, 1), (2, 1)): [15, 57, 16, 12, 6, 3]
(0, (0, 0, 1), (2, 2)): [13, 71, 20, 14, 5, 2, 1, 1, 1]
(0, (0, 0, 1), (3, 0)): [4, 2, 4, 1, 0, 1]
(0, (0, 0, 1), (3, 1)): [7, 13, 6, 3, 1, 2]
(0, (0, 0, 1), (3, 2)): [9, 22, 10, 12, 2]
(0, (0, 1, 0), (0, 0)): [1390, 1260, 530, 267, 113, 54, 38, 8, 5, 1]
(0, (0, 1, 0), (0, 1)): [717, 684, 272, 150, 61, 26, 21, 4, 3, 1]
(0, (0, 1, 0), (0, 2)): [274, 275, 98, 58, 24, 11, 7, 1, 1]
(0, (0, 1, 0), (1, 0)): [524, 435, 194, 91, 39, 23, 12, 3, 2]
(0, (0, 1, 0), (1, 1)): [573, 509, 222, 107, 45, 19, 10, 4, 1]
(0, (0, 1, 0), (1, 2)): [416, 408, 164, 89, 31, 19, 12, 3, 2]
(0, (0, 1, 0), (2, 0)): [156, 121, 49, 26, 10, 8, 3, 0, 2]
(0, (0, 1, 0), (2, 1)): [278, 238, 98, 44, 18, 10, 3, 1]
(0, (0, 1, 0), (2, 2)): [338, 312, 121, 51, 27, 14, 10, 1]
(0, (0, 1, 0), (3, 0)): [38, 19, 7, 7, 2, 1, 1, 0, 2]
(0, (0, 1, 0), (3, 1)): [105, 73, 33, 13, 5, 4, 1, 0, 2]
(0, (0, 1, 0), (3, 2)): [197, 165, 61, 27, 14, 7, 2]
(0, (0, 1, 1), (0, 0)): [119, 179, 219, 104, 49, 36, 15, 8, 1, 1]
(0, (0, 1, 1), (0, 1)): [72, 87, 115, 52, 22, 19, 6, 4]
(0, (0, 1, 1), (0, 2)): [24, 45, 47, 17, 9, 8, 4, 1]
(0, (0, 1, 1), (1, 0)): [36, 72, 75, 43, 22, 10, 7, 4, 1, 1]
(0, (0, 1, 1), (1, 1)): [48, 70, 83, 44, 20, 13, 4, 4, 1, 1]
(0, (0, 1, 1), (1, 2)): [35, 58, 58, 26, 14, 9, 3, 3, 0, 1]
(0, (0, 1, 1), (2, 0)): [13, 19, 25, 11, 7, 0, 2, 1]
(0, (0, 1, 1), (2, 1)): [24, 34, 40, 25, 10, 6, 0, 1, 1]
(0, (0, 1, 1), (2, 2)): [27, 43, 58, 22, 13, 7, 3, 2, 0, 1]
(0, (0, 1, 1), (3, 0)): [5, 1, 8, 1, 1, 0, 1]
(0, (0, 1, 1), (3, 1)): [13, 6, 18, 7, 4, 2, 1, 0, 1]
(0, (0, 1, 1), (3, 2)): [19, 20, 32, 16, 8, 4, 0, 0, 1]
(0, (1, 0, 0), (0, 0)): [6721, 1967, 1491, 707, 336, 175, 91, 36, 9, 5, 3, 1]
(0, (1, 0, 0), (0, 1)): [3410, 1031, 777, 357, 174, 87, 54, 14, 5, 2, 1, 1]
(0, (1, 0, 0), (0, 2)): [1353, 426, 287, 137, 64, 34, 20, 7, 2, 0, 1]
(0, (1, 0, 0), (1, 0)): [2540, 700, 559, 257, 132, 68, 27, 19, 3, 3, 2]
(0, (1, 0, 0), (1, 1)): [2690, 761, 628, 275, 146, 67, 37, 14, 4, 3, 2]
(0, (1, 0, 0), (1, 2)): [2066, 635, 454, 204, 98, 57, 30, 13, 4, 1, 3]
(0, (1, 0, 0), (2, 0)): [734, 196, 155, 88, 38, 18, 8, 5, 1, 2]
(0, (1, 0, 0), (2, 1)): [1229, 336, 292, 141, 72, 34, 17, 8, 1, 4]
(0, (1, 0, 0), (2, 2)): [1538, 482, 340, 156, 80, 50, 22, 9, 2, 3, 1]
(0, (1, 0, 0), (3, 0)): [136, 40, 30, 13, 4, 4, 2]
(0, (1, 0, 0), (3, 1)): [406, 103, 95, 39, 24, 10, 5, 1, 0, 1]
(0, (1, 0, 0), (3, 2)): [804, 244, 178, 89, 47, 22, 7, 4, 0, 3]
(0, (1, 0, 1), (0, 0)): [184, 437, 181, 111, 71, 41, 23, 9, 3, 1]
(0, (1, 0, 1), (0, 1)): [93, 207, 86, 52, 40, 17, 16, 0, 2, 1]
(0, (1, 0, 1), (0, 2)): [31, 70, 27, 20, 12, 7, 6]
(0, (1, 0, 1), (1, 0)): [73, 173, 73, 49, 25, 19, 5, 7, 1]
(0, (1, 0, 1), (1, 1)): [66, 179, 71, 52, 30, 14, 10, 5, 2, 1]
(0, (1, 0, 1), (1, 2)): [54, 127, 50, 40, 17, 13, 10, 3, 1]
(0, (1, 0, 1), (2, 0)): [22, 42, 20, 9, 6, 8, 1, 0, 1]
(0, (1, 0, 1), (2, 1)): [30, 84, 40, 21, 15, 12, 3, 1, 0, 1]
(0, (1, 0, 1), (2, 2)): [43, 119, 37, 28, 21, 12, 6, 0, 1, 1]
(0, (1, 0, 1), (3, 0)): [6, 9, 1, 1, 1, 0, 0, 0, 1]
(0, (1, 0, 1), (3, 1)): [8, 24, 15, 9, 4, 7, 0, 1, 1]
(0, (1, 0, 1), (3, 2)): [17, 49, 21, 14, 11, 5, 1, 1, 0, 1]
(0, (1, 1, 0), (0, 0)): [1040, 633, 458, 348, 192, 87, 50, 14, 5, 3, 3, 1]
(0, (1, 1, 0), (0, 1)): [521, 338, 237, 183, 99, 45, 32, 7, 4, 1, 1, 1]
(0, (1, 1, 0), (0, 2)): [204, 135, 78, 77, 37, 22, 11, 5, 2, 0, 1]
(0, (1, 1, 0), (1, 0)): [393, 230, 172, 126, 76, 32, 13, 7, 1, 2, 2]
(0, (1, 1, 0), (1, 1)): [425, 240, 210, 136, 87, 26, 22, 4, 2, 1, 2]
(0, (1, 1, 0), (1, 2)): [326, 204, 140, 93, 67, 26, 19, 7, 2, 0, 3]
(0, (1, 1, 0), (2, 0)): [103, 65, 38, 43, 26, 10, 2, 2, 0, 1]
(0, (1, 1, 0), (2, 1)): [195, 107, 94, 77, 43, 13, 6, 2, 0, 2]
(0, (1, 1, 0), (2, 2)): [249, 141, 113, 86, 51, 26, 12, 5, 1, 1, 1]
(0, (1, 1, 0), (3, 0)): [25, 11, 10, 6, 2, 4, 1]
(0, (1, 1, 0), (3, 1)): [68, 32, 34, 15, 18, 4, 3, 0, 0, 1]
(0, (1, 1, 0), (3, 2)): [135, 67, 67, 44, 32, 16, 6, 1, 0, 1]
(0, (1, 1, 1), (0, 0)): [125, 197, 160, 107, 99, 48, 31, 12, 3, 1, 1]
(0, (1, 1, 1), (0, 1)): [66, 97, 78, 57, 49, 25, 18, 3, 1]
(0, (1, 1, 1), (0, 2)): [21, 35, 29, 24, 17, 14, 3, 2]
(0, (1, 1, 1), (1, 0)): [45, 76, 59, 41, 42, 17, 11, 8, 2, 1, 1]
(0, (1, 1, 1), (1, 1)): [53, 78, 73, 44, 45, 13, 18, 5, 2, 0, 1]
(0, (1, 1, 1), (1, 2)): [35, 60, 48, 31, 36, 14, 12, 4, 0, 0, 1]
(0, (1, 1, 1), (2, 0)): [10, 23, 8, 12, 11, 3, 2, 2, 1, 1]
(0, (1, 1, 1), (2, 1)): [24, 41, 28, 22, 19, 4, 4, 3, 1, 1]
(0, (1, 1, 1), (2, 2)): [30, 45, 40, 26, 26, 11, 7, 3, 0, 1]
(0, (1, 1, 1), (3, 0)): [3, 3, 2, 3, 3, 1, 1, 0, 1]
(0, (1, 1, 1), (3, 1)): [8, 14, 10, 9, 8, 1, 3, 1, 2]
(0, (1, 1, 1), (3, 2)): [14, 14, 21, 14, 12, 4, 5, 2, 1]
(1, (0, 0, 0), (0, 0)): [27275, 3128, 1302, 484, 257, 74, 37, 9, 6, 3, 2]
(1, (0, 0, 0), (0, 1)): [13975, 1608, 692, 249, 127, 36, 19, 4, 2, 2, 1]
(1, (0, 0, 0), (0, 2)): [5705, 625, 287, 111, 50, 12, 4, 3, 0, 2]
(1, (0, 0, 0), (1, 0)): [10139, 1157, 470, 182, 102, 31, 12, 4, 3]
(1, (0, 0, 0), (1, 1)): [10974, 1269, 515, 204, 97, 32, 15, 2, 2]
(1, (0, 0, 0), (1, 2)): [8458, 947, 404, 160, 83, 19, 9, 4, 2, 1]
(1, (0, 0, 0), (2, 0)): [2845, 339, 137, 49, 25, 6, 3, 2, 1]
(1, (0, 0, 0), (2, 1)): [5088, 601, 232, 95, 33, 15, 4, 3, 1]
(1, (0, 0, 0), (2, 2)): [6348, 689, 274, 109, 50, 13, 6, 1]
(1, (0, 0, 0), (3, 0)): [476, 52, 19, 7, 0, 1, 1]
(1, (0, 0, 0), (3, 1)): [1582, 201, 79, 28, 9, 3, 0, 1]
(1, (0, 0, 0), (3, 2)): [3212, 375, 137, 52, 18, 5]
(1, (0, 0, 1), (0, 0)): [703, 974, 186, 87, 35, 21, 6, 0, 1, 1, 1]
(1, (0, 0, 1), (0, 1)): [339, 548, 89, 44, 16, 11, 3, 0, 1, 1]
(1, (0, 0, 1), (0, 2)): [130, 216, 32, 16, 8, 5, 1, 0, 1, 1]
(1, (0, 0, 1), (1, 0)): [269, 335, 80, 31, 14, 9, 3]
(1, (0, 0, 1), (1, 1)): [286, 433, 85, 36, 14, 10, 2]
(1, (0, 0, 1), (1, 2)): [195, 338, 61, 23, 14, 8, 3, 0, 1]
(1, (0, 0, 1), (2, 0)): [77, 93, 16, 5, 5, 3, 2]
(1, (0, 0, 1), (2, 1)): [134, 194, 39, 19, 6, 3, 2]
(1, (0, 0, 1), (2, 2)): [160, 253, 47, 19, 8, 6, 3]
(1, (0, 0, 1), (3, 0)): [26, 12, 4, 1, 0, 1]
(1, (0, 0, 1), (3, 1)): [58, 52, 11, 3, 2, 2, 1]
(1, (0, 0, 1), (3, 2)): [99, 132, 22, 10, 3, 2, 1]
(1, (0, 1, 0), (0, 0)): [3590, 1428, 560, 259, 126, 43, 15, 3, 1, 2, 1]
(1, (0, 1, 0), (0, 1)): [1853, 722, 292, 124, 61, 19, 10, 0, 1, 1]
(1, (0, 1, 0), (0, 2)): [753, 292, 128, 52, 28, 8, 1, 0, 1]
(1, (0, 1, 0), (1, 0)): [1321, 515, 200, 100, 48, 20, 4, 2]
(1, (0, 1, 0), (1, 1)): [1447, 531, 213, 102, 56, 16, 4]
(1, (0, 1, 0), (1, 2)): [1120, 438, 188, 85, 50, 13, 2, 0, 1]
(1, (0, 1, 0), (2, 0)): [370, 155, 55, 31, 6, 3, 2, 2]
(1, (0, 1, 0), (2, 1)): [621, 257, 85, 47, 10, 8, 4, 2]
(1, (0, 1, 0), (2, 2)): [843, 310, 130, 65, 27, 10, 3, 1]
(1, (0, 1, 0), (3, 0)): [70, 23, 9, 4, 1]
(1, (0, 1, 0), (3, 1)): [212, 91, 33, 12, 5, 2, 0, 1]
(1, (0, 1, 0), (3, 2)): [460, 166, 70, 29, 9, 2, 1, 1]
(1, (0, 1, 1), (0, 0)): [548, 482, 405, 151, 85, 38, 13, 5, 3, 1, 0, 1]
(1, (0, 1, 1), (0, 1)): [276, 244, 208, 77, 46, 22, 8, 4, 2, 1, 0, 1]
(1, (0, 1, 1), (0, 2)): [104, 95, 81, 35, 21, 7, 3, 3, 1, 1]
(1, (0, 1, 1), (1, 0)): [218, 186, 155, 56, 34, 15, 5, 1, 1]
(1, (0, 1, 1), (1, 1)): [220, 204, 171, 62, 33, 18, 5, 0, 1]
(1, (0, 1, 1), (1, 2)): [179, 145, 129, 57, 24, 15, 4, 2, 2, 1]
(1, (0, 1, 1), (2, 0)): [69, 45, 39, 14, 16, 3, 2, 1, 1]
(1, (0, 1, 1), (2, 1)): [104, 86, 79, 22, 18, 8, 3, 1, 1]
(1, (0, 1, 1), (2, 2)): [125, 121, 87, 27, 14, 11, 0, 0, 2]
(1, (0, 1, 1), (3, 0)): [13, 5, 9, 2, 3, 1, 1]
(1, (0, 1, 1), (3, 1)): [35, 25, 32, 7, 9, 2, 1]
(1, (0, 1, 1), (3, 2)): [69, 64, 50, 18, 10, 5]
(1, (1, 0, 0), (0, 0)): [9934, 1574, 1190, 505, 212, 87, 40, 9, 6, 2, 2]
(1, (1, 0, 0), (0, 1)): [5085, 837, 620, 264, 98, 43, 21, 6, 2, 1, 1]
(1, (1, 0, 0), (0, 2)): [2064, 335, 243, 116, 38, 13, 7, 5, 1, 1]
(1, (1, 0, 0), (1, 0)): [3691, 557, 439, 178, 95, 35, 14, 3, 2, 1]
(1, (1, 0, 0), (1, 1)): [3952, 636, 471, 204, 81, 41, 18, 2, 1]
(1, (1, 0, 0), (1, 2)): [3069, 488, 365, 163, 59, 28, 14, 6, 1, 1]
(1, (1, 0, 0), (2, 0)): [1056, 149, 131, 47, 24, 10, 3, 1, 1, 1]
(1, (1, 0, 0), (2, 1)): [1813, 286, 238, 88, 34, 21, 4, 1, 1, 1]
(1, (1, 0, 0), (2, 2)): [2289, 352, 249, 104, 40, 21, 7, 1, 0, 1]
(1, (1, 0, 0), (3, 0)): [186, 23, 16, 5, 2, 2, 1]
(1, (1, 0, 0), (3, 1)): [556, 85, 79, 26, 8, 3]
(1, (1, 0, 0), (3, 2)): [1139, 178, 127, 52, 12, 4, 0, 1, 0, 1]
(1, (1, 0, 1), (0, 0)): [849, 774, 270, 181, 91, 37, 16, 4, 0, 1]
(1, (1, 0, 1), (0, 1)): [450, 407, 147, 86, 47, 23, 11, 2]
(1, (1, 0, 1), (0, 2)): [178, 168, 50, 35, 21, 11, 7, 1]
(1, (1, 0, 1), (1, 0)): [309, 266, 100, 71, 32, 12, 3, 1, 0, 1]
(1, (1, 0, 1), (1, 1)): [344, 312, 126, 74, 33, 14, 4, 1]
(1, (1, 0, 1), (1, 2)): [264, 245, 91, 56, 31, 14, 8, 2]
(1, (1, 0, 1), (2, 0)): [86, 73, 27, 15, 9, 6, 2, 1, 0, 1]
(1, (1, 0, 1), (2, 1)): [164, 130, 51, 29, 15, 6, 2, 1, 0, 1]
(1, (1, 0, 1), (2, 2)): [195, 162, 65, 42, 23, 9, 6, 2, 0, 1]
(1, (1, 0, 1), (3, 0)): [14, 14, 6, 0, 2, 2]
(1, (1, 0, 1), (3, 1)): [45, 42, 21, 5, 6, 3]
(1, (1, 0, 1), (3, 2)): [99, 83, 37, 16, 10, 6, 2, 1, 0, 1]
(1, (1, 1, 0), (0, 0)): [2998, 819, 539, 430, 192, 68, 44, 11, 4, 2, 1]
(1, (1, 1, 0), (0, 1)): [1522, 435, 291, 235, 99, 38, 27, 7, 2, 1, 1]
(1, (1, 1, 0), (0, 2)): [627, 159, 110, 97, 39, 16, 8, 6, 2]
(1, (1, 1, 0), (1, 0)): [1147, 309, 182, 141, 76, 24, 11, 3, 1]
(1, (1, 1, 0), (1, 1)): [1226, 338, 215, 169, 77, 26, 16, 2]
(1, (1, 1, 0), (1, 2)): [940, 260, 174, 136, 61, 22, 16, 6, 1]
(1, (1, 1, 0), (2, 0)): [318, 97, 49, 44, 24, 7, 3, 0, 1]
(1, (1, 1, 0), (2, 1)): [534, 174, 94, 78, 31, 12, 3, 0, 1]
(1, (1, 1, 0), (2, 2)): [701, 203, 116, 105, 46, 12, 9, 1]
(1, (1, 1, 0), (3, 0)): [57, 16, 6, 8, 3, 1, 1]
(1, (1, 1, 0), (3, 1)): [165, 52, 24, 21, 7, 2]
(1, (1, 1, 0), (3, 2)): [361, 107, 55, 46, 16, 4, 1, 1]
(1, (1, 1, 1), (0, 0)): [684, 501, 316, 208, 163, 72, 37, 10, 3, 3, 1]
(1, (1, 1, 1), (0, 1)): [348, 272, 163, 106, 87, 37, 22, 5, 0, 1, 1]
(1, (1, 1, 1), (0, 2)): [123, 91, 59, 43, 38, 16, 6, 4, 0, 1]
(1, (1, 1, 1), (1, 0)): [263, 180, 124, 78, 67, 30, 11, 5, 2, 1]
(1, (1, 1, 1), (1, 1)): [288, 204, 129, 86, 70, 29, 13, 2]
(1, (1, 1, 1), (1, 2)): [205, 153, 91, 69, 54, 26, 11, 4, 0, 1]
(1, (1, 1, 1), (2, 0)): [75, 57, 35, 21, 18, 7, 3, 2, 2, 1]
(1, (1, 1, 1), (2, 1)): [141, 109, 63, 35, 27, 12, 5, 2, 2, 1]
(1, (1, 1, 1), (2, 2)): [160, 127, 74, 46, 35, 19, 7, 2, 1, 1]
(1, (1, 1, 1), (3, 0)): [15, 12, 4, 4, 2, 0, 1]
(1, (1, 1, 1), (3, 1)): [49, 38, 16, 10, 11, 0, 1]
(1, (1, 1, 1), (3, 2)): [95, 63, 43, 25, 20, 7, 2, 2, 1, 1]
(2, (0, 0, 0), (0, 0)): [23909, 1225, 421, 110, 61, 10, 4, 1, 3, 1]
(2, (0, 0, 0), (0, 1)): [12230, 627, 220, 64, 41, 5, 1, 0, 1]
(2, (0, 0, 0), (0, 2)): [4972, 259, 88, 19, 19, 3]
(2, (0, 0, 0), (1, 0)): [8919, 461, 154, 38, 13, 4, 2, 1, 2]
(2, (0, 0, 0), (1, 1)): [9647, 487, 172, 50, 17, 3, 2, 1, 2]
(2, (0, 0, 0), (1, 2)): [7431, 371, 126, 39, 16, 2, 1, 1, 2]
(2, (0, 0, 0), (2, 0)): [2504, 134, 50, 12, 3, 1, 1]
(2, (0, 0, 0), (2, 1)): [4530, 219, 79, 23, 8, 1, 2]
(2, (0, 0, 0), (2, 2)): [5584, 259, 94, 31, 11, 0, 2]
(2, (0, 0, 0), (3, 0)): [398, 25, 8, 2]
(2, (0, 0, 0), (3, 1)): [1424, 74, 25, 5, 1, 1]
(2, (0, 0, 0), (3, 2)): [2847, 146, 46, 16, 3, 1]
(2, (0, 0, 1), (0, 0)): [2282, 566, 121, 49, 21, 7, 1, 1]
(2, (0, 0, 1), (0, 1)): [1166, 291, 67, 21, 12, 2, 1]
(2, (0, 0, 1), (0, 2)): [466, 108, 27, 10, 5]
(2, (0, 0, 1), (1, 0)): [833, 204, 47, 26, 7, 4, 0, 1]
(2, (0, 0, 1), (1, 1)): [901, 229, 44, 24, 10, 2, 1, 1]
(2, (0, 0, 1), (1, 2)): [672, 157, 33, 17, 9, 1, 0, 1]
(2, (0, 0, 1), (2, 0)): [236, 58, 14, 5, 1]
(2, (0, 0, 1), (2, 1)): [412, 105, 22, 10, 3, 0, 1]
(2, (0, 0, 1), (2, 2)): [515, 113, 25, 8, 5, 0, 1]
(2, (0, 0, 1), (3, 0)): [54, 8, 2, 1]
(2, (0, 0, 1), (3, 1)): [153, 30, 6, 2, 2]
(2, (0, 0, 1), (3, 2)): [296, 64, 12, 3, 2]
(2, (0, 1, 0), (0, 0)): [5948, 1125, 344, 132, 41, 19, 6, 2, 1]
(2, (0, 1, 0), (0, 1)): [3103, 603, 180, 68, 18, 9, 1]
(2, (0, 1, 0), (0, 2)): [1277, 247, 69, 27, 10, 2]
(2, (0, 1, 0), (1, 0)): [2190, 383, 129, 49, 18, 9, 5, 1]
(2, (0, 1, 0), (1, 1)): [2406, 430, 140, 58, 10, 6, 3, 1]
(2, (0, 1, 0), (1, 2)): [1879, 349, 110, 49, 11, 6, 1, 1]
(2, (0, 1, 0), (2, 0)): [617, 116, 40, 11, 4, 3, 2]
(2, (0, 1, 0), (2, 1)): [1068, 189, 71, 19, 3, 3, 4]
(2, (0, 1, 0), (2, 2)): [1388, 238, 86, 35, 8, 2, 4]
(2, (0, 1, 0), (3, 0)): [111, 22, 4, 1, 2, 1]
(2, (0, 1, 0), (3, 1)): [334, 68, 22, 6, 2, 2]
(2, (0, 1, 0), (3, 2)): [712, 125, 41, 15, 2, 2]
(2, (0, 1, 1), (0, 0)): [1431, 112, 278, 76, 39, 12, 6, 1]
(2, (0, 1, 1), (0, 1)): [751, 54, 155, 46, 21, 4, 1, 1]
(2, (0, 1, 1), (0, 2)): [308, 20, 64, 23, 9, 2]
(2, (0, 1, 1), (1, 0)): [539, 50, 90, 23, 14, 8, 3]
(2, (0, 1, 1), (1, 1)): [577, 49, 107, 29, 12, 5, 3]
(2, (0, 1, 1), (1, 2)): [478, 39, 84, 25, 9, 5, 2]
(2, (0, 1, 1), (2, 0)): [160, 16, 28, 3, 3, 2]
(2, (0, 1, 1), (2, 1)): [255, 19, 51, 9, 7, 2, 1]
(2, (0, 1, 1), (2, 2)): [343, 29, 57, 16, 6, 4, 1]
(2, (0, 1, 1), (3, 0)): [37, 4, 2]
(2, (0, 1, 1), (3, 1)): [82, 8, 11, 0, 1]
(2, (0, 1, 1), (3, 2)): [164, 20, 28, 8, 2, 1]
(2, (1, 0, 0), (0, 0)): [11772, 833, 612, 178, 81, 17, 7, 0, 4, 1]
(2, (1, 0, 0), (0, 1)): [6006, 440, 320, 98, 48, 6, 2, 0, 1]
(2, (1, 0, 0), (0, 2)): [2456, 180, 128, 42, 18, 0, 1]
(2, (1, 0, 0), (1, 0)): [4326, 294, 222, 64, 26, 7, 2, 0, 3]
(2, (1, 0, 0), (1, 1)): [4714, 330, 241, 74, 26, 6, 2, 0, 2]
(2, (1, 0, 0), (1, 2)): [3630, 272, 194, 60, 20, 3, 3, 0, 2]
(2, (1, 0, 0), (2, 0)): [1187, 77, 70, 19, 6, 3, 1]
(2, (1, 0, 0), (2, 1)): [2152, 140, 113, 33, 14, 3, 1]
(2, (1, 0, 0), (2, 2)): [2700, 190, 137, 38, 13, 2, 1]
(2, (1, 0, 0), (3, 0)): [198, 12, 11, 2, 0, 1]
(2, (1, 0, 0), (3, 1)): [634, 37, 36, 10, 1, 2]
(2, (1, 0, 0), (3, 2)): [1324, 93, 62, 19, 4, 2]
(2, (1, 0, 1), (0, 0)): [2227, 424, 171, 135, 53, 9, 7]
(2, (1, 0, 1), (0, 1)): [1164, 228, 91, 62, 36, 3, 4]
(2, (1, 0, 1), (0, 2)): [477, 84, 34, 27, 14, 0, 3]
(2, (1, 0, 1), (1, 0)): [806, 146, 60, 56, 13, 4, 3]
(2, (1, 0, 1), (1, 1)): [893, 191, 80, 53, 20, 4, 2]
(2, (1, 0, 1), (1, 2)): [713, 141, 61, 39, 22, 1, 2]
(2, (1, 0, 1), (2, 0)): [223, 37, 15, 14, 3, 0, 1]
(2, (1, 0, 1), (2, 1)): [386, 74, 24, 26, 7, 1, 3]
(2, (1, 0, 1), (2, 2)): [506, 106, 37, 30, 11, 1, 4]
(2, (1, 0, 1), (3, 0)): [41, 6, 3, 2, 2]
(2, (1, 0, 1), (3, 1)): [121, 18, 12, 9, 5]
(2, (1, 0, 1), (3, 2)): [257, 48, 13, 17, 7, 0, 2]
(2, (1, 1, 0), (0, 0)): [4906, 669, 341, 292, 95, 33, 14, 1, 5, 1]
(2, (1, 1, 0), (0, 1)): [2482, 325, 179, 155, 54, 14, 5, 0, 1]
(2, (1, 1, 0), (0, 2)): [986, 152, 73, 64, 18, 3, 3, 0, 1]
(2, (1, 1, 0), (1, 0)): [1855, 262, 122, 99, 33, 11, 5, 1, 3]
(2, (1, 1, 0), (1, 1)): [1995, 239, 142, 114, 36, 17, 4, 1, 1]
(2, (1, 1, 0), (1, 2)): [1516, 205, 111, 93, 20, 12, 6, 1, 2]
(2, (1, 1, 0), (2, 0)): [541, 75, 25, 28, 11, 2, 2]
(2, (1, 1, 0), (2, 1)): [904, 110, 48, 47, 20, 6, 2]
(2, (1, 1, 0), (2, 2)): [1131, 142, 72, 67, 16, 7, 5]
(2, (1, 1, 0), (3, 0)): [91, 12, 6, 3, 1]
(2, (1, 1, 0), (3, 1)): [265, 38, 13, 13, 3, 1]
(2, (1, 1, 0), (3, 2)): [564, 77, 25, 27, 9, 1]
(2, (1, 1, 1), (0, 0)): [1649, 234, 243, 141, 116, 41, 13, 1, 4, 1]
(2, (1, 1, 1), (0, 1)): [856, 114, 137, 66, 69, 14, 6, 0, 1]
(2, (1, 1, 1), (0, 2)): [333, 45, 61, 31, 23, 6, 4, 0, 1]
(2, (1, 1, 1), (1, 0)): [609, 90, 84, 55, 37, 19, 4, 0, 1]
(2, (1, 1, 1), (1, 1)): [690, 96, 97, 48, 49, 13, 3]
(2, (1, 1, 1), (1, 2)): [509, 65, 79, 44, 33, 10, 4, 0, 1]
(2, (1, 1, 1), (2, 0)): [158, 25, 20, 15, 11, 7, 2]
(2, (1, 1, 1), (2, 1)): [294, 43, 40, 19, 26, 10, 3]
(2, (1, 1, 1), (2, 2)): [383, 58, 56, 29, 22, 12, 4]
(2, (1, 1, 1), (3, 0)): [37, 8, 3, 2, 2]
(2, (1, 1, 1), (3, 1)): [95, 19, 12, 4, 7, 1]
(2, (1, 1, 1), (3, 2)): [205, 38, 27, 13, 11, 2, 1]
