(0, (0, 0, 0), (0, 0)): [298155, 61218, 28875, 13252, 6064, 2654, 1163, 475, 188, 94, 40, 18, 9, 3, 2]
(0, (0, 0, 0), (0, 1)): [937, 174, 72, 26, 14, 2, 1, 2, 0, 1]
(0, (0, 0, 0), (0, 2)): [381, 71, 24, 8, 4, 0, 1, 1]
(0, (0, 0, 0), (1, 0)): [821, 170, 73, 27, 16, 14, 4, 1, 0, 1]
(0, (0, 0, 0), (1, 1)): [684, 129, 52, 18, 13, 2, 0, 2]
(0, (0, 0, 0), (1, 2)): [446, 74, 24, 11, 4, 0, 0, 1]
(0, (0, 0, 0), (2, 0)): [336, 75, 41, 17, 8, 11, 2, 0, 0, 1]
(0, (0, 0, 0), (2, 1)): [394, 75, 30, 11, 5, 4, 1, 1]
(0, (0, 0, 0), (2, 2)): [380, 64, 14, 7, 5, 2, 0, 1]
(0, (0, 0, 0), (3, 0)): [155, 39, 27, 13, 7, 9, 1]
(0, (0, 0, 0), (3, 1)): [167, 39, 25, 8, 2, 1, 2]
(0, (0, 0, 0), (3, 2)): [216, 41, 26, 9, 6, 1, 1]
(0, (0, 0, 1), (0, 0)): [1442, 4766, 1359, 652, 324, 130, 68, 38, 9, 5, 2, 1, 3]
(0, (0, 0, 1), (0, 1)): [2, 6, 3, 1]
(0, (0, 0, 1), (1, 0)): [2, 14, 2, 2, 1]
(0, (0, 0, 1), (1, 1)): [3, 6, 2, 0, 1]
(0, (0, 0, 1), (2, 1)): [0, 4, 2, 1]
(0, (0, 1, 0), (0, 0)): [9595, 10105, 3902, 1819, 967, 428, 179, 79, 36, 20, 7, 2]
(0, (0, 1, 0), (0, 1)): [23, 27, 3, 2, 1, 1]
(0, (0, 1, 0), (1, 0)): [34, 24, 3, 5, 1]
(0, (0, 1, 0), (1, 1)): [24, 12, 2, 1]
(0, (0, 1, 0), (2, 0)): [11, 16, 1, 4]
(0, (0, 1, 0), (2, 1)): [8, 7, 1, 3]
(0, (0, 1, 0), (2, 2)): [7, 7, 0, 3]
(0, (0, 1, 0), (3, 0)): [9, 9, 1, 2]
(0, (0, 1, 0), (3, 1)): [5, 1, 1, 2]
(0, (0, 1, 1), (0, 0)): [857, 1596, 2109, 987, 510, 250, 101, 49, 23, 8, 4, 1, 0, 1, 1]
(0, (0, 1, 1), (0, 1)): [4, 5, 6, 1, 3, 0, 0, 0, 1]
(0, (0, 1, 1), (0, 2)): [3, 3, 2, 0, 2]
(0, (0, 1, 1), (1, 0)): [2, 3, 7, 3, 1, 1, 2]
(0, (0, 1, 1), (1, 1)): [2, 2, 6, 2, 2, 0, 0, 0, 1]
(0, (0, 1, 1), (1, 2)): [1, 0, 4, 1, 3]
(0, (0, 1, 1), (2, 0)): [0, 2, 4, 2, 0, 1]
(0, (0, 1, 1), (2, 2)): [0, 0, 2, 1, 2]
(0, (0, 1, 1), (3, 0)): [0, 1, 4, 1, 0, 1]
(0, (1, 0, 0), (0, 0)): [66833, 23930, 14761, 7404, 3521, 1610, 707, 292, 115, 65, 30, 12, 5, 3, 2]
(0, (1, 0, 0), (0, 1)): [180, 37, 34, 9, 9, 4, 3, 1]
(0, (1, 0, 0), (0, 2)): [64, 9, 13, 2, 2, 2, 1, 1]
(0, (1, 0, 0), (1, 0)): [157, 60, 37, 10, 5, 3, 1, 0, 1]
(0, (1, 0, 0), (1, 1)): [114, 34, 24, 8, 6, 1]
(0, (1, 0, 0), (1, 2)): [59, 11, 16, 2, 3, 2]
(0, (1, 0, 0), (2, 0)): [59, 26, 14, 6, 3, 1, 1, 0, 1]
(0, (1, 0, 0), (2, 1)): [59, 21, 11, 5, 3, 0, 1, 0, 1]
(0, (1, 0, 0), (2, 2)): [53, 9, 12, 3, 1, 1, 0, 0, 1]
(0, (1, 0, 0), (3, 0)): [28, 14, 6, 3, 1, 1]
(0, (1, 0, 0), (3, 1)): [24, 10, 3, 1, 1, 1]
(0, (1, 0, 0), (3, 2)): [20, 6, 6, 1, 0, 1]
(0, (1, 0, 1), (0, 0)): [1610, 4897, 2228, 1475, 855, 389, 211, 81, 38, 22, 6, 6, 2, 0, 1]
(0, (1, 0, 1), (0, 1)): [5, 7, 1, 4, 1, 0, 3]
(0, (1, 0, 1), (0, 2)): [3, 6, 0, 2, 0, 0, 2]
(0, (1, 0, 1), (1, 0)): [6, 14, 5, 0, 2]
(0, (1, 0, 1), (1, 1)): [3, 5, 3, 0, 2, 0, 1]
(0, (1, 0, 1), (1, 2)): [2, 4, 1, 1, 1]
(0, (1, 0, 1), (2, 2)): [1, 4, 2, 0, 1]
(0, (1, 0, 1), (3, 2)): [1, 3, 2]
(0, (1, 1, 0), (0, 0)): [8717, 5891, 4879, 3278, 1778, 838, 381, 177, 66, 37, 23, 5, 1, 1]
(0, (1, 1, 0), (0, 1)): [31, 13, 9, 6, 1, 3]
(0, (1, 1, 0), (0, 2)): [8, 3, 6, 3, 1, 1]
(0, (1, 1, 0), (1, 0)): [14, 8, 12, 13, 4, 3, 2, 1]
(0, (1, 1, 0), (1, 1)): [16, 9, 4, 5, 1, 3]
(0, (1, 1, 0), (1, 2)): [13, 5, 4, 4]
(0, (1, 1, 0), (2, 2)): [5, 5, 1, 2, 1, 1, 1]
(0, (1, 1, 0), (3, 2)): [5, 1, 3, 1, 2, 1]
(0, (1, 1, 1), (0, 0)): [890, 1636, 1430, 1172, 941, 460, 231, 106, 49, 28, 12, 4, 0, 1, 1]
(0, (1, 1, 1), (0, 1)): [0, 3, 5, 2, 3, 0, 0, 0, 1]
(0, (1, 1, 1), (1, 0)): [1, 4, 6, 1, 4, 2]
(0, (1, 1, 1), (1, 1)): [1, 4, 2, 1, 4, 1]
(0, (1, 1, 1), (1, 2)): [1, 2, 2, 0, 3]
(0, (1, 1, 1), (2, 0)): [0, 1, 5, 0, 2]
(0, (1, 1, 1), (2, 1)): [0, 2, 2, 1, 1, 1]
(0, (1, 1, 1), (2, 2)): [0, 2, 1, 1, 1, 1]
(1, (0, 0, 0), (0, 0)): [235292, 25767, 10775, 4214, 1713, 697, 288, 106, 40, 13, 5, 4, 2]
(1, (0, 0, 0), (0, 1)): [732, 76, 26, 7, 4, 0, 0, 1]
(1, (0, 0, 0), (0, 2)): [307, 17, 10, 4, 1, 0, 0, 1]
(1, (0, 0, 0), (1, 0)): [640, 75, 30, 7, 3, 3, 0, 1]
(1, (0, 0, 0), (1, 1)): [546, 61, 23, 7, 2, 1]
(1, (0, 0, 0), (1, 2)): [344, 31, 13, 5, 1, 1]
(1, (0, 0, 0), (2, 0)): [227, 32, 16, 3, 2, 1]
(1, (0, 0, 0), (2, 1)): [272, 35, 20, 6, 2]
(1, (0, 0, 0), (2, 2)): [268, 27, 14, 7, 1, 1]
(1, (0, 0, 0), (3, 0)): [96, 10, 5, 0, 1, 1]
(1, (0, 0, 0), (3, 1)): [114, 22, 11, 0, 1]
(1, (0, 0, 0), (3, 2)): [156, 21, 16, 3, 0, 1]
(1, (0, 0, 1), (0, 0)): [7968, 12603, 2506, 1047, 453, 175, 68, 39, 12, 5, 5, 3, 2]
(1, (0, 0, 1), (0, 1)): [22, 33, 4, 0, 1]
(1, (0, 0, 1), (0, 2)): [9, 15]
(1, (0, 0, 1), (1, 1)): [19, 21, 5, 1, 2]
(1, (0, 0, 1), (1, 2)): [12, 14, 3, 1]
(1, (0, 1, 0), (0, 0)): [35026, 17600, 5946, 2455, 1003, 427, 162, 66, 17, 11, 2, 3, 2]
(1, (0, 1, 0), (0, 1)): [93, 43, 12, 6, 0, 1, 1, 1]
(1, (0, 1, 0), (0, 2)): [34, 17, 2, 0, 0, 1, 1]
(1, (0, 1, 0), (1, 0)): [102, 56, 12, 9, 6, 2]
(1, (0, 1, 0), (1, 1)): [85, 37, 8, 8, 2, 1, 0, 1]
(1, (0, 1, 0), (1, 2)): [55, 22, 7, 1, 1]
(1, (0, 1, 0), (2, 0)): [42, 19, 6, 4, 4, 1]
(1, (0, 1, 0), (2, 1)): [44, 18, 1, 7, 0, 2, 0, 1]
(1, (0, 1, 0), (2, 2)): [39, 16, 6, 5, 1, 1]
(1, (0, 1, 0), (3, 1)): [23, 7, 1, 3, 2, 1]
(1, (0, 1, 0), (3, 2)): [33, 3, 5, 5, 0, 1]
(1, (0, 1, 1), (0, 0)): [5968, 5267, 5419, 2061, 926, 390, 159, 62, 27, 10, 6, 3, 0, 1]
(1, (0, 1, 1), (0, 1)): [22, 6, 16, 3, 0, 0, 0, 1]
(1, (0, 1, 1), (0, 2)): [12, 2, 5, 1]
(1, (0, 1, 1), (1, 0)): [27, 6, 8, 5, 6, 2, 1, 1]
(1, (0, 1, 1), (1, 1)): [13, 2, 12, 4, 1]
(1, (0, 1, 1), (1, 2)): [11, 0, 6, 1]
(1, (0, 1, 1), (2, 0)): [17, 6, 2, 1, 3, 2, 1, 1]
(1, (0, 1, 1), (2, 1)): [8, 3, 7, 2]
(1, (0, 1, 1), (3, 0)): [11, 4, 1, 0, 3, 2, 1, 1]
(1, (0, 1, 1), (3, 1)): [4, 1, 2, 1]
(1, (0, 1, 1), (3, 2)): [6, 1, 4]
(1, (1, 0, 0), (0, 0)): [97368, 18651, 11250, 4913, 1974, 850, 321, 109, 55, 25, 7, 8, 2, 2]
(1, (1, 0, 0), (0, 1)): [283, 41, 33, 9, 4, 3, 2]
(1, (1, 0, 0), (0, 2)): [115, 20, 14, 4]
(1, (1, 0, 0), (1, 0)): [247, 52, 36, 11, 3, 3, 0, 1]
(1, (1, 0, 0), (1, 1)): [201, 29, 20, 6, 3, 3, 1, 1]
(1, (1, 0, 0), (1, 2)): [143, 16, 12, 2, 2, 0, 1]
(1, (1, 0, 0), (2, 0)): [91, 20, 19, 6, 2, 1]
(1, (1, 0, 0), (2, 1)): [92, 16, 16, 4, 1, 3, 0, 1]
(1, (1, 0, 0), (2, 2)): [89, 13, 12, 3, 2, 1]
(1, (1, 0, 0), (3, 0)): [37, 12, 7, 3, 2]
(1, (1, 0, 0), (3, 1)): [41, 9, 5, 4, 0, 1, 0, 1]
(1, (1, 0, 0), (3, 2)): [50, 7, 8, 4, 0, 1]
(1, (1, 0, 1), (0, 0)): [7865, 10214, 3605, 2234, 943, 415, 158, 61, 21, 17, 6, 2]
(1, (1, 0, 1), (0, 1)): [20, 17, 8, 6, 2, 1]
(1, (1, 0, 1), (0, 2)): [17, 5, 4, 5, 1, 1]
(1, (1, 0, 1), (1, 0)): [19, 28, 4, 7, 3, 2, 0, 1]
(1, (1, 0, 1), (1, 1)): [8, 15, 5, 5, 2]
(1, (1, 0, 1), (1, 2)): [11, 6, 7, 6, 1]
(1, (1, 0, 1), (2, 0)): [9, 11, 1, 2, 2, 1]
(1, (1, 0, 1), (2, 2)): [3, 6, 4, 2]
(1, (1, 0, 1), (3, 0)): [5, 6, 0, 0, 1, 1]
(1, (1, 0, 1), (3, 1)): [3, 3, 0, 1, 1]
(1, (1, 0, 1), (3, 2)): [1, 5, 3, 2, 1]
(1, (1, 1, 0), (0, 0)): [24744, 7969, 5768, 3864, 1688, 755, 279, 105, 44, 21, 5, 5, 1, 3]
(1, (1, 1, 0), (0, 1)): [65, 16, 12, 8, 5, 1, 1]
(1, (1, 1, 0), (0, 2)): [25, 9, 3, 4, 3]
(1, (1, 1, 0), (1, 0)): [65, 14, 16, 12, 7, 1]
(1, (1, 1, 0), (1, 1)): [59, 9, 8, 4, 1, 0, 1]
(1, (1, 1, 0), (1, 2)): [34, 5, 3, 3, 3]
(1, (1, 1, 0), (2, 0)): [19, 4, 6, 5, 6]
(1, (1, 1, 0), (2, 1)): [26, 8, 4, 4, 1, 0, 1]
(1, (1, 1, 0), (2, 2)): [27, 4, 2, 2, 2]
(1, (1, 1, 0), (3, 1)): [6, 5, 4, 0, 0, 0, 1]
(1, (1, 1, 0), (3, 2)): [10, 6, 2, 1, 2]
(1, (1, 1, 1), (0, 0)): [4755, 3992, 2553, 1881, 1283, 587, 236, 96, 39, 15, 6, 3, 1, 1]
(1, (1, 1, 1), (0, 1)): [16, 12, 6, 3, 0, 1, 0, 1]
(1, (1, 1, 1), (0, 2)): [9, 6, 3, 1, 0, 1]
(1, (1, 1, 1), (1, 0)): [13, 8, 13, 6, 9, 3, 3, 1]
(1, (1, 1, 1), (1, 1)): [14, 6, 5, 5, 3, 1, 1, 1]
(1, (1, 1, 1), (1, 2)): [6, 4, 0, 4, 1, 2, 1, 1]
(1, (1, 1, 1), (2, 2)): [3, 3, 2, 1, 1, 1, 2, 1]
(2, (0, 0, 0), (0, 0)): [201709, 8664, 2948, 920, 325, 119, 45, 18, 3, 1, 1]
(2, (0, 0, 0), (0, 1)): [647, 29, 6, 3]
(2, (0, 0, 0), (0, 2)): [243, 10, 2, 2]
(2, (0, 0, 0), (1, 0)): [643, 40, 14, 5, 2]
(2, (0, 0, 0), (1, 1)): [546, 26, 12, 2]
(2, (0, 0, 0), (1, 2)): [325, 10, 8, 2]
(2, (0, 0, 0), (2, 0)): [253, 14, 4, 3, 1]
(2, (0, 0, 0), (2, 1)): [328, 18, 4, 2]
(2, (0, 0, 0), (2, 2)): [289, 12, 8, 4]
(2, (0, 0, 0), (3, 0)): [100, 6, 4, 2, 1]
(2, (0, 0, 0), (3, 1)): [143, 8, 1]
(2, (0, 0, 0), (3, 2)): [189, 12, 6, 2]
(2, (0, 0, 1), (0, 0)): [24821, 8324, 1497, 475, 170, 71, 22, 7]
(2, (0, 0, 1), (0, 1)): [58, 26, 4]
(2, (0, 0, 1), (0, 2)): [29, 10, 4]
(2, (0, 0, 1), (1, 0)): [60, 26, 4, 0, 0, 1]
(2, (0, 0, 1), (1, 1)): [41, 18, 1]
(2, (0, 0, 1), (1, 2)): [33, 14, 3]
(2, (0, 0, 1), (2, 0)): [32, 8, 3, 0, 0, 1]
(2, (0, 0, 1), (2, 1)): [25, 9, 1]
(2, (0, 0, 1), (2, 2)): [25, 10, 3]
(2, (0, 1, 0), (0, 0)): [57357, 13445, 3279, 1110, 367, 131, 41, 11, 3, 1]
(2, (0, 1, 0), (0, 1)): [142, 24, 5, 2, 2]
(2, (0, 1, 0), (0, 2)): [59, 4, 1, 1, 1]
(2, (0, 1, 0), (1, 0)): [185, 36, 13, 3, 1, 1]
(2, (0, 1, 0), (1, 1)): [125, 27, 5, 0, 1]
(2, (0, 1, 0), (1, 2)): [76, 10, 2, 1, 2]
(2, (0, 1, 0), (2, 0)): [88, 17, 9, 3, 1, 1]
(2, (0, 1, 0), (2, 1)): [84, 17, 5, 1, 0, 1]
(2, (0, 1, 0), (2, 2)): [78, 7, 2, 1, 1]
(2, (0, 1, 0), (3, 0)): [49, 11, 5, 1, 1]
(2, (0, 1, 0), (3, 1)): [46, 11, 2, 1, 1, 1]
(2, (0, 1, 0), (3, 2)): [58, 10, 3, 0, 1, 1]
(2, (0, 1, 1), (0, 0)): [14729, 1334, 3585, 963, 328, 122, 39, 12, 8, 1, 1]
(2, (0, 1, 1), (0, 1)): [44, 3, 9, 1, 1]
(2, (0, 1, 1), (0, 2)): [21, 0, 3, 1, 1]
(2, (0, 1, 1), (1, 0)): [53, 2, 19, 4, 1, 1]
(2, (0, 1, 1), (1, 1)): [31, 2, 11, 1]
(2, (0, 1, 1), (1, 2)): [21, 1, 5, 2, 1]
(2, (0, 1, 1), (2, 0)): [31, 1, 9, 3, 0, 1]
(2, (0, 1, 1), (2, 2)): [16, 1, 4]
(2, (0, 1, 1), (3, 0)): [26, 0, 7, 2, 0, 1]
(2, (0, 1, 1), (3, 2)): [13, 0, 6]
(2, (1, 0, 0), (0, 0)): [119541, 9411, 5128, 1694, 567, 184, 80, 26, 7, 1, 1]
(2, (1, 0, 0), (0, 1)): [303, 12, 11, 3, 1]
(2, (1, 0, 0), (0, 2)): [104, 5, 3]
(2, (1, 0, 0), (1, 0)): [305, 15, 13, 5, 1, 1]
(2, (1, 0, 0), (1, 1)): [231, 8, 7, 4, 1]
(2, (1, 0, 0), (1, 2)): [128, 5, 4, 3]
(2, (1, 0, 0), (2, 0)): [113, 8, 3, 4]
(2, (1, 0, 0), (2, 1)): [111, 6, 2, 0, 1]
(2, (1, 0, 0), (2, 2)): [97, 6, 3, 1]
(2, (1, 0, 0), (3, 0)): [38, 3, 1, 3]
(2, (1, 0, 0), (3, 1)): [48, 2, 2]
(2, (1, 0, 0), (3, 2)): [51, 2, 1, 1]
(2, (1, 0, 1), (0, 0)): [21064, 5728, 2510, 1261, 406, 161, 50, 21, 6, 0, 0, 1]
(2, (1, 0, 1), (0, 1)): [44, 8, 4, 4, 0, 1]
(2, (1, 0, 1), (0, 2)): [19, 2, 2, 2]
(2, (1, 0, 1), (1, 0)): [44, 6, 6, 5, 0, 1]
(2, (1, 0, 1), (1, 1)): [23, 5, 0, 2]
(2, (1, 0, 1), (1, 2)): [14, 2, 0, 2]
(2, (1, 0, 1), (2, 0)): [22, 3, 4, 3]
(2, (1, 0, 1), (2, 1)): [10, 0, 1, 2]
(2, (1, 0, 1), (2, 2)): [9, 1, 0, 1]
(2, (1, 1, 0), (0, 0)): [39747, 6304, 3541, 2077, 683, 240, 71, 17, 8, 4, 2, 0, 0, 1]
(2, (1, 1, 0), (0, 1)): [117, 11, 8, 3, 1]
(2, (1, 1, 0), (0, 2)): [52, 5, 4, 1]
(2, (1, 1, 0), (1, 0)): [90, 9, 9, 10, 2, 2, 0, 1]
(2, (1, 1, 0), (1, 1)): [60, 7, 3, 3, 1]
(2, (1, 1, 0), (1, 2)): [42, 6, 1, 2]
(2, (1, 1, 0), (2, 0)): [46, 4, 4, 5, 1, 1, 0, 1]
(2, (1, 1, 0), (2, 1)): [40, 4, 3, 1, 1]
(2, (1, 1, 0), (2, 2)): [34, 5, 1, 2, 1]
(2, (1, 1, 0), (3, 0)): [20, 2, 3, 2, 1, 1]
(2, (1, 1, 0), (3, 1)): [16, 0, 4, 3]
(2, (1, 1, 0), (3, 2)): [20, 1, 4, 2, 1]
(2, (1, 1, 1), (0, 0)): [11823, 1811, 2052, 1116, 740, 247, 85, 30, 16, 2, 2, 0, 0, 1]
(2, (1, 1, 1), (0, 1)): [39, 3, 10, 3, 2, 1]
(2, (1, 1, 1), (0, 2)): [23, 2, 1, 0, 0, 1]
(2, (1, 1, 1), (1, 0)): [31, 11, 5, 10, 0, 1]
(2, (1, 1, 1), (1, 1)): [21, 2, 10, 3]
(2, (1, 1, 1), (1, 2)): [17, 2, 3, 1, 0, 1]
(2, (1, 1, 1), (2, 0)): [14, 10, 1, 7, 0, 1]
(2, (1, 1, 1), (2, 1)): [11, 2, 5, 4]
(2, (1, 1, 1), (2, 2)): [14, 3, 4, 3]
(2, (1, 1, 1), (3, 0)): [5, 8, 0, 5, 0, 1]
(2, (1, 1, 1), (3, 1)): [7, 1, 1, 2]
(2, (1, 1, 1), (3, 2)): [9, 3, 2, 4]
