(0, (0, 0, 0), (0, 0)): [27091, 5220, 2270, 1060, 406, 190, 69, 33, 16, 6, 5, 2]
(0, (0, 0, 0), (0, 1)): [189, 34, 13, 10, 2]
(0, (0, 0, 0), (0, 2)): [66, 15, 5, 3, 1]
(0, (0, 0, 0), (1, 0)): [170, 42, 21, 9, 7, 2, 0, 0, 0, 0, 1]
(0, (0, 0, 0), (1, 1)): [155, 26, 12, 8, 1, 2, 0, 0, 0, 0, 1]
(0, (0, 0, 0), (1, 2)): [101, 20, 7, 7, 0, 2]
(0, (0, 0, 0), (2, 0)): [64, 18, 7, 4, 4]
(0, (0, 0, 0), (2, 1)): [91, 18, 10, 4, 3]
(0, (0, 0, 0), (2, 2)): [94, 16, 7, 7, 1, 1]
(0, (0, 0, 0), (3, 0)): [23, 9, 1, 1, 2]
(0, (0, 0, 0), (3, 1)): [43, 9, 4, 3, 1]
(0, (0, 0, 0), (3, 2)): [55, 9, 5, 1, 1, 1]
(0, (0, 0, 1), (0, 0)): [127, 273, 66, 42, 14, 7, 3, 1, 1]
(0, (0, 0, 1), (0, 1)): [0, 6, 1, 1]
(0, (0, 0, 1), (0, 2)): [0, 3, 1]
(0, (0, 0, 1), (1, 0)): [0, 1, 0, 2, 1]
(0, (0, 0, 1), (1, 1)): [0, 1, 0, 1, 1]
(0, (0, 0, 1), (1, 2)): [0, 3, 1, 1]
(0, (0, 0, 1), (2, 0)): [0, 0, 0, 1]
(0, (0, 0, 1), (2, 1)): [0, 0, 0, 1]
(0, (0, 0, 1), (2, 2)): [0, 1, 0, 2]
(0, (0, 0, 1), (3, 2)): [0, 0, 0, 2]
(0, (0, 1, 0), (0, 0)): [983, 765, 273, 163, 70, 33, 14, 7, 2, 1]
(0, (0, 1, 0), (0, 1)): [11, 3, 2, 0, 2]
(0, (0, 1, 0), (0, 2)): [2, 0, 1, 0, 1]
(0, (0, 1, 0), (1, 0)): [6, 3, 0, 2, 1]
(0, (0, 1, 0), (1, 1)): [12, 5, 1, 1]
(0, (0, 1, 0), (1, 2)): [6, 2, 0, 1, 1]
(0, (0, 1, 0), (2, 0)): [2, 0, 0, 1]
(0, (0, 1, 0), (2, 1)): [6, 0, 1]
(0, (0, 1, 0), (2, 2)): [7, 1, 0, 1]
(0, (0, 1, 0), (3, 1)): [1]
(0, (0, 1, 0), (3, 2)): [4]
(0, (0, 1, 1), (0, 0)): [96, 122, 126, 68, 32, 15, 7, 3, 3, 1]
(0, (0, 1, 1), (0, 1)): [0, 2, 1, 1, 2]
(0, (0, 1, 1), (0, 2)): [0, 0, 1]
(0, (0, 1, 1), (1, 0)): [1, 1, 0, 2]
(0, (0, 1, 1), (1, 1)): [0, 2, 0, 2, 2]
(0, (0, 1, 1), (1, 2)): [0, 2]
(0, (0, 1, 1), (2, 0)): [1, 1, 0, 1]
(0, (0, 1, 1), (2, 1)): [0, 1, 0, 1, 2]
(0, (0, 1, 1), (2, 2)): [0, 1, 0, 0, 1]
(0, (0, 1, 1), (3, 0)): [1, 0, 0, 1]
(0, (0, 1, 1), (3, 1)): [1, 1, 0, 1]
(0, (0, 1, 1), (3, 2)): [1, 0, 0, 0, 1]
(0, (1, 0, 0), (0, 0)): [5703, 1824, 1106, 574, 248, 121, 36, 22, 10, 5, 4, 1]
(0, (1, 0, 0), (0, 1)): [39, 21, 8, 7, 1]
(0, (1, 0, 0), (0, 2)): [16, 8, 2, 4]
(0, (1, 0, 0), (1, 0)): [35, 12, 3, 7, 2, 3]
(0, (1, 0, 0), (1, 1)): [30, 8, 7, 7, 1, 1]
(0, (1, 0, 0), (1, 2)): [23, 8, 2, 8]
(0, (1, 0, 0), (2, 0)): [7, 4, 1, 2, 1, 2]
(0, (1, 0, 0), (2, 1)): [15, 8, 3, 2, 2, 2]
(0, (1, 0, 0), (2, 2)): [15, 6, 2, 3]
(0, (1, 0, 0), (3, 0)): [3, 0, 1, 1, 0, 1]
(0, (1, 0, 0), (3, 1)): [5, 5, 2, 2, 2, 2]
(0, (1, 0, 0), (3, 2)): [10, 6, 1, 1, 1, 1]
(0, (1, 0, 1), (0, 0)): [171, 371, 151, 109, 51, 29, 12, 3, 4, 1, 2]
(0, (1, 0, 1), (0, 1)): [2, 2, 0, 3, 1]
(0, (1, 0, 1), (0, 2)): [1, 0, 0, 1]
(0, (1, 0, 1), (1, 0)): [0, 2, 1, 1, 2]
(0, (1, 0, 1), (1, 1)): [1, 4, 0, 2, 1]
(0, (1, 0, 1), (1, 2)): [2, 1, 0, 2]
(0, (1, 0, 1), (2, 1)): [0, 0, 0, 1, 1]
(0, (1, 0, 1), (2, 2)): [1, 1, 0, 2, 1]
(0, (1, 0, 1), (3, 2)): [0, 1, 0, 1]
(0, (1, 1, 0), (0, 0)): [750, 477, 338, 258, 128, 60, 18, 12, 5, 5, 1, 1]
(0, (1, 1, 0), (0, 1)): [8, 3, 2, 5, 2]
(0, (1, 1, 0), (0, 2)): [5, 1, 1]
(0, (1, 1, 0), (1, 0)): [6, 7, 0, 2, 1, 2]
(0, (1, 1, 0), (1, 1)): [3, 4, 0, 6, 1, 2]
(0, (1, 1, 0), (1, 2)): [1, 2, 1, 0, 0, 2]
(0, (1, 1, 0), (2, 0)): [1, 2, 0, 0, 1]
(0, (1, 1, 0), (2, 1)): [1, 4, 0, 3, 1]
(0, (1, 1, 0), (2, 2)): [1, 2, 1, 1, 1, 1]
(0, (1, 1, 0), (3, 0)): [0, 0, 0, 0, 1]
(0, (1, 1, 0), (3, 1)): [0, 2, 0, 2]
(0, (1, 1, 0), (3, 2)): [0, 1, 0, 0, 1]
(0, (1, 1, 1), (0, 0)): [72, 142, 96, 71, 67, 37, 13, 8, 3, 1, 1]
(0, (1, 1, 1), (0, 1)): [1, 2]
(0, (1, 1, 1), (0, 2)): [0, 1]
(0, (1, 1, 1), (1, 0)): [0, 1, 0, 1, 0, 1]
(0, (1, 1, 1), (1, 1)): [0, 1, 0, 1, 0, 1]
(0, (1, 1, 1), (1, 2)): [0, 2, 0, 1, 0, 1]
(0, (1, 1, 1), (2, 2)): [0, 1, 0, 1]
(0, (1, 1, 1), (3, 2)): [0, 1]
(1, (0, 0, 0), (0, 0)): [22144, 2311, 952, 345, 112, 46, 22, 12, 3, 1, 1, 1]
(1, (0, 0, 0), (0, 1)): [173, 13, 9, 2, 2]
(1, (0, 0, 0), (0, 2)): [47, 4, 4, 0, 1]
(1, (0, 0, 0), (1, 0)): [144, 26, 11, 4, 1]
(1, (0, 0, 0), (1, 1)): [144, 19, 5, 3, 1]
(1, (0, 0, 0), (1, 2)): [86, 10, 4, 1, 1]
(1, (0, 0, 0), (2, 0)): [47, 7, 5, 3, 1]
(1, (0, 0, 0), (2, 1)): [87, 11, 6, 2, 1]
(1, (0, 0, 0), (2, 2)): [73, 8, 3, 1, 1]
(1, (0, 0, 0), (3, 0)): [15, 2, 2, 2]
(1, (0, 0, 0), (3, 1)): [38, 2, 3, 2]
(1, (0, 0, 0), (3, 2)): [44, 3, 1, 1, 1]
(1, (0, 0, 1), (0, 0)): [580, 683, 109, 59, 26, 8, 3, 2]
(1, (0, 0, 1), (0, 1)): [4, 5, 0, 2]
(1, (0, 0, 1), (0, 2)): [0, 1, 0, 1]
(1, (0, 0, 1), (1, 0)): [2, 7, 1]
(1, (0, 0, 1), (1, 1)): [3, 3, 1, 1]
(1, (0, 0, 1), (1, 2)): [2, 1]
(1, (0, 0, 1), (2, 0)): [1, 5]
(1, (0, 0, 1), (2, 1)): [1, 2]
(1, (0, 0, 1), (2, 2)): [1, 1]
(1, (0, 0, 1), (3, 0)): [0, 2]
(1, (0, 0, 1), (3, 2)): [0, 1]
(1, (0, 1, 0), (0, 0)): [2788, 1115, 398, 168, 68, 30, 9, 4, 1, 1, 2]
(1, (0, 1, 0), (0, 1)): [32, 8, 3, 1, 1]
(1, (0, 1, 0), (0, 2)): [16, 3, 2, 0, 1]
(1, (0, 1, 0), (1, 0)): [16, 11, 7, 2, 1]
(1, (0, 1, 0), (1, 1)): [17, 9, 2, 1]
(1, (0, 1, 0), (1, 2)): [17, 3, 3, 0, 1]
(1, (0, 1, 0), (2, 0)): [7, 3, 4, 2, 1]
(1, (0, 1, 0), (2, 1)): [10, 8, 3, 2, 1]
(1, (0, 1, 0), (2, 2)): [14, 6, 2, 1, 1]
(1, (0, 1, 0), (3, 0)): [3, 0, 1]
(1, (0, 1, 0), (3, 1)): [5, 2, 1, 1, 1]
(1, (0, 1, 0), (3, 2)): [8, 3, 1, 1, 1]
(1, (0, 1, 1), (0, 0)): [487, 305, 273, 104, 58, 24, 9, 5, 0, 1, 0, 1]
(1, (0, 1, 1), (0, 1)): [4, 1, 1, 0, 0, 0, 0, 1]
(1, (0, 1, 1), (0, 2)): [2, 1, 1]
(1, (0, 1, 1), (1, 0)): [2, 1, 4, 2]
(1, (0, 1, 1), (1, 1)): [2, 0, 2, 0, 0, 0, 0, 1]
(1, (0, 1, 1), (1, 2)): [3]
(1, (0, 1, 1), (2, 0)): [1, 1, 2, 2]
(1, (0, 1, 1), (2, 1)): [1, 1, 2, 1, 0, 0, 0, 1]
(1, (0, 1, 1), (2, 2)): [2, 1, 1, 1, 0, 0, 0, 1]
(1, (0, 1, 1), (3, 0)): [1, 0, 1]
(1, (0, 1, 1), (3, 1)): [1]
(1, (0, 1, 1), (3, 2)): [1, 0, 0, 1, 0, 0, 0, 1]
(1, (1, 0, 0), (0, 0)): [8101, 1332, 880, 376, 126, 49, 23, 14, 2, 1, 1, 1]
(1, (1, 0, 0), (0, 1)): [45, 6, 5, 5, 2]
(1, (1, 0, 0), (0, 2)): [16, 0, 2, 1, 1]
(1, (1, 0, 0), (1, 0)): [69, 10, 11, 5]
(1, (1, 0, 0), (1, 1)): [50, 5, 6, 5, 1]
(1, (1, 0, 0), (1, 2)): [29, 3, 6, 2]
(1, (1, 0, 0), (2, 0)): [29, 2, 5, 2]
(1, (1, 0, 0), (2, 1)): [35, 1, 3, 3, 1]
(1, (1, 0, 0), (2, 2)): [33, 2, 5, 3]
(1, (1, 0, 0), (3, 0)): [8, 1, 0, 1]
(1, (1, 0, 0), (3, 1)): [16, 1, 0, 1]
(1, (1, 0, 0), (3, 2)): [13, 1, 2, 4]
(1, (1, 0, 1), (0, 0)): [729, 707, 208, 142, 57, 17, 8, 5, 0, 1]
(1, (1, 0, 1), (0, 1)): [8, 8, 0, 2]
(1, (1, 0, 1), (0, 2)): [2, 2, 0, 1]
(1, (1, 0, 1), (1, 0)): [6, 4, 1, 1]
(1, (1, 0, 1), (1, 1)): [7, 5]
(1, (1, 0, 1), (1, 2)): [4, 2]
(1, (1, 0, 1), (2, 0)): [2, 2]
(1, (1, 0, 1), (2, 1)): [5, 4]
(1, (1, 0, 1), (2, 2)): [4, 3]
(1, (1, 0, 1), (3, 2)): [3, 1]
(1, (1, 1, 0), (0, 0)): [2160, 681, 407, 318, 107, 56, 19, 11, 3, 1]
(1, (1, 1, 0), (0, 1)): [20, 10, 2, 1, 3, 0, 0, 0, 1]
(1, (1, 1, 0), (0, 2)): [11, 3, 2, 1, 1, 0, 0, 0, 1]
(1, (1, 1, 0), (1, 0)): [21, 4, 4, 3, 2]
(1, (1, 1, 0), (1, 1)): [12, 8, 2, 1, 1]
(1, (1, 1, 0), (1, 2)): [8, 5, 2]
(1, (1, 1, 0), (2, 0)): [7, 1, 1, 1]
(1, (1, 1, 0), (2, 1)): [9, 2]
(1, (1, 1, 0), (2, 2)): [9, 3]
(1, (1, 1, 0), (3, 0)): [3, 0, 1, 1]
(1, (1, 1, 0), (3, 1)): [5]
(1, (1, 1, 0), (3, 2)): [1]
(1, (1, 1, 1), (0, 0)): [500, 345, 227, 148, 93, 58, 17, 11, 1, 1, 1, 1]
(1, (1, 1, 1), (0, 1)): [4, 0, 0, 1]
(1, (1, 1, 1), (0, 2)): [2]
(1, (1, 1, 1), (1, 0)): [4, 3, 0, 2, 1]
(1, (1, 1, 1), (1, 1)): [4, 0, 0, 2]
(1, (1, 1, 1), (1, 2)): [4, 0, 0, 2]
(1, (1, 1, 1), (2, 0)): [1, 2, 0, 1]
(1, (1, 1, 1), (2, 1)): [1, 1, 0, 1]
(1, (1, 1, 1), (2, 2)): [1]
(1, (1, 1, 1), (3, 0)): [0, 1]
(1, (1, 1, 1), (3, 1)): [1, 1, 0, 1]
(2, (0, 0, 0), (0, 0)): [19349, 874, 300, 83, 18, 7, 4, 1]
(2, (0, 0, 0), (0, 1)): [158, 4, 1]
(2, (0, 0, 0), (0, 2)): [57]
(2, (0, 0, 0), (1, 0)): [122, 7, 1, 1]
(2, (0, 0, 0), (1, 1)): [124, 2, 2]
(2, (0, 0, 0), (1, 2)): [86]
(2, (0, 0, 0), (2, 0)): [52, 3, 0, 1]
(2, (0, 0, 0), (2, 1)): [66, 2, 1, 1]
(2, (0, 0, 0), (2, 2)): [67, 0, 1]
(2, (0, 0, 0), (3, 0)): [17, 1]
(2, (0, 0, 0), (3, 1)): [31, 2, 0, 1]
(2, (0, 0, 0), (3, 2)): [41, 0, 1]
(2, (0, 0, 1), (0, 0)): [1531, 401, 98, 32, 12, 1, 2, 0, 1]
(2, (0, 0, 1), (0, 1)): [15, 2]
(2, (0, 0, 1), (0, 2)): [5]
(2, (0, 0, 1), (1, 0)): [18, 7, 1, 3]
(2, (0, 0, 1), (1, 1)): [17, 5]
(2, (0, 0, 1), (1, 2)): [11, 2]
(2, (0, 0, 1), (2, 0)): [7, 4, 1, 2]
(2, (0, 0, 1), (2, 1)): [9, 4]
(2, (0, 0, 1), (2, 2)): [10, 4]
(2, (0, 0, 1), (3, 0)): [4, 2, 1, 2]
(2, (0, 0, 1), (3, 1)): [3, 4]
(2, (0, 0, 1), (3, 2)): [4, 3]
(2, (0, 1, 0), (0, 0)): [4421, 882, 236, 93, 30, 8, 3, 1, 1, 1, 1]
(2, (0, 1, 0), (0, 1)): [42, 6, 3, 1]
(2, (0, 1, 0), (0, 2)): [20, 0, 1]
(2, (0, 1, 0), (1, 0)): [48, 5, 3, 3]
(2, (0, 1, 0), (1, 1)): [35, 3, 2]
(2, (0, 1, 0), (1, 2)): [27, 1, 1]
(2, (0, 1, 0), (2, 0)): [20, 3, 2, 3]
(2, (0, 1, 0), (2, 1)): [16, 0, 2, 2]
(2, (0, 1, 0), (2, 2)): [21]
(2, (0, 1, 0), (3, 0)): [14, 3, 1, 1]
(2, (0, 1, 0), (3, 1)): [10, 1, 1, 1]
(2, (0, 1, 0), (3, 2)): [8]
(2, (0, 1, 1), (0, 0)): [926, 81, 175, 57, 19, 4, 1, 0, 2]
(2, (0, 1, 1), (0, 1)): [10, 0, 1]
(2, (0, 1, 1), (0, 2)): [7]
(2, (0, 1, 1), (1, 0)): [10, 0, 1, 1, 1]
(2, (0, 1, 1), (1, 1)): [6, 0, 0, 1]
(2, (0, 1, 1), (1, 2)): [9]
(2, (0, 1, 1), (2, 0)): [5, 0, 1]
(2, (0, 1, 1), (2, 1)): [2, 0, 1]
(2, (0, 1, 1), (2, 2)): [7]
(2, (0, 1, 1), (3, 0)): [3]
(2, (0, 1, 1), (3, 2)): [3]
(2, (1, 0, 0), (0, 0)): [9829, 666, 467, 140, 35, 12, 5, 1]
(2, (1, 0, 0), (0, 1)): [63, 3, 3]
(2, (1, 0, 0), (0, 2)): [20, 0, 1]
(2, (1, 0, 0), (1, 0)): [70, 4, 7, 2]
(2, (1, 0, 0), (1, 1)): [52, 2, 6]
(2, (1, 0, 0), (1, 2)): [33, 1, 3]
(2, (1, 0, 0), (2, 0)): [24, 3, 2, 1]
(2, (1, 0, 0), (2, 1)): [24, 1, 4]
(2, (1, 0, 0), (2, 2)): [30, 1, 3]
(2, (1, 0, 0), (3, 0)): [10, 2, 0, 1]
(2, (1, 0, 0), (3, 1)): [11]
(2, (1, 0, 0), (3, 2)): [12, 1, 2]
(2, (1, 0, 1), (0, 0)): [1771, 379, 149, 108, 23, 9, 5, 1, 2, 1]
(2, (1, 0, 1), (0, 1)): [19, 5, 0, 1]
(2, (1, 0, 1), (0, 2)): [8, 2]
(2, (1, 0, 1), (1, 0)): [15, 1, 2, 4]
(2, (1, 0, 1), (1, 1)): [16, 2, 1, 1]
(2, (1, 0, 1), (1, 2)): [7, 1]
(2, (1, 0, 1), (2, 0)): [7, 1, 0, 1]
(2, (1, 0, 1), (2, 1)): [7, 0, 1, 1]
(2, (1, 0, 1), (2, 2)): [2, 1, 1, 1]
(2, (1, 0, 1), (3, 0)): [3]
(2, (1, 0, 1), (3, 1)): [4]
(2, (1, 0, 1), (3, 2)): [2, 1, 1]
(2, (1, 1, 0), (0, 0)): [3857, 590, 301, 192, 65, 20, 10, 2, 1, 1]
(2, (1, 1, 0), (0, 1)): [30, 3, 2, 3]
(2, (1, 1, 0), (0, 2)): [15, 0, 1]
(2, (1, 1, 0), (1, 0)): [29, 5, 5, 1, 1]
(2, (1, 1, 0), (1, 1)): [24, 3, 2, 2]
(2, (1, 1, 0), (1, 2)): [19, 1, 1]
(2, (1, 1, 0), (2, 0)): [11, 4, 2, 1, 1]
(2, (1, 1, 0), (2, 1)): [12, 2, 2, 1, 1]
(2, (1, 1, 0), (2, 2)): [14, 2, 2, 1]
(2, (1, 1, 0), (3, 0)): [4, 4]
(2, (1, 1, 0), (3, 1)): [5, 2, 0, 0, 1]
(2, (1, 1, 0), (3, 2)): [5, 1, 0, 0, 1]
(2, (1, 1, 1), (0, 0)): [1164, 189, 185, 93, 74, 26, 10, 5, 1]
(2, (1, 1, 1), (0, 1)): [6, 4, 0, 0, 1]
(2, (1, 1, 1), (0, 2)): [4, 1, 0, 0, 1]
(2, (1, 1, 1), (1, 0)): [8, 1, 1]
(2, (1, 1, 1), (1, 1)): [5, 2, 1]
(2, (1, 1, 1), (1, 2)): [4, 1]
(2, (1, 1, 1), (2, 0)): [2, 1]
(2, (1, 1, 1), (2, 1)): [3, 0, 1]
(2, (1, 1, 1), (2, 2)): [3, 1]
(2, (1, 1, 1), (3, 0)): [0, 1]
(2, (1, 1, 1), (3, 1)): [0, 1]
(2, (1, 1, 1), (3, 2)): [3, 1]
