(0, (0, 0, 0)): [32849, 6939, 3268, 1574, 700, 346, 141, 47, 24, 6, 6, 4]
(0, (0, 0, 1)): [94, 311, 76, 57, 18, 8, 6, 0, 1, 0, 2]
(0, (0, 1, 0)): [1380, 1303, 553, 304, 138, 73, 22, 4, 5, 1]
(0, (0, 1, 1)): [86, 200, 234, 117, 62, 34, 9, 8, 4, 0, 2]
(0, (1, 0, 0)): [6563, 2032, 1485, 765, 383, 202, 68, 30, 17, 5, 4, 3]
(0, (1, 0, 1)): [152, 456, 174, 159, 84, 35, 14, 4, 3, 3, 3]
(0, (1, 1, 0)): [1092, 597, 457, 339, 189, 101, 43, 16, 11, 3, 2, 1]
(0, (1, 1, 1)): [122, 223, 159, 106, 96, 59, 35, 13, 6, 3, 1]
(1, (0, 0, 0)): [27115, 3186, 1308, 560, 210, 86, 45, 10, 2]
(1, (0, 0, 1)): [727, 1013, 190, 121, 42, 14, 8, 0, 3]
(1, (0, 1, 0)): [3620, 1484, 648, 308, 94, 50, 20, 7, 1, 1]
(1, (0, 1, 1)): [507, 440, 407, 175, 80, 26, 13, 6, 2, 0, 1]
(1, (1, 0, 0)): [9789, 1629, 1177, 531, 229, 92, 32, 15, 3, 1, 0, 2]
(1, (1, 0, 1)): [841, 846, 277, 226, 90, 39, 16, 5, 2, 3, 1]
(1, (1, 1, 0)): [3124, 824, 545, 451, 207, 86, 26, 18, 7, 0, 0, 2]
(1, (1, 1, 1)): [615, 511, 323, 220, 172, 53, 29, 14, 5, 0, 1, 1]
(2, (0, 0, 0)): [23781, 1215, 402, 136, 42, 15, 8, 2]
(2, (0, 0, 1)): [2249, 593, 144, 56, 28, 9, 3]
(2, (0, 1, 0)): [5884, 1151, 386, 142, 48, 19, 7, 2]
(2, (0, 1, 1)): [1415, 107, 289, 107, 43, 10, 4]
(2, (1, 0, 0)): [11669, 835, 613, 208, 74, 24, 13, 4, 0, 1]
(2, (1, 0, 1)): [2257, 451, 211, 129, 53, 16, 6, 1, 0, 1]
(2, (1, 1, 0)): [4952, 711, 347, 310, 95, 32, 13, 4, 1]
(2, (1, 1, 1)): [1582, 211, 276, 147, 109, 28, 10, 2, 1]
