(0, (0, 0, 0), (0, 0)): [28969, 5728, 2653, 1182, 511, 204, 88, 31, 14, 11, 3, 0, 1]
(0, (0, 0, 0), (0, 1)): [113, 20, 6, 1, 2]
(0, (0, 0, 0), (0, 2)): [60, 7, 3, 0, 1]
(0, (0, 0, 0), (1, 0)): [71, 10, 5, 3, 0, 1, 1]
(0, (0, 0, 0), (1, 1)): [80, 18, 7, 3, 0, 1]
(0, (0, 0, 0), (1, 2)): [101, 14, 9, 1, 1]
(0, (0, 0, 0), (2, 1)): [12, 4, 1, 1, 0, 1]
(0, (0, 0, 0), (2, 2)): [58, 9, 2, 2, 1, 1]
(0, (0, 0, 0), (3, 2)): [30, 5, 0, 1]
(0, (0, 0, 1), (0, 0)): [99, 323, 100, 40, 27, 13, 4, 0, 0, 0, 1]
(0, (0, 0, 1), (0, 1)): [1, 1]
(0, (0, 0, 1), (0, 2)): [1]
(0, (0, 0, 1), (1, 1)): [0, 1]
(0, (0, 0, 1), (1, 2)): [1, 1]
(0, (0, 1, 0), (0, 0)): [1121, 1047, 429, 207, 118, 42, 19, 7, 3, 2, 1]
(0, (0, 1, 0), (0, 1)): [12, 3, 2, 0, 1]
(0, (0, 1, 0), (0, 2)): [8, 1, 0, 0, 1]
(0, (0, 1, 0), (1, 0)): [2, 2, 1]
(0, (0, 1, 0), (1, 1)): [4, 4, 3]
(0, (0, 1, 0), (1, 2)): [9, 4, 3, 0, 1]
(0, (0, 1, 0), (2, 1)): [1, 1]
(0, (0, 1, 0), (2, 2)): [6, 2, 1, 0, 1]
(0, (0, 1, 0), (3, 2)): [3, 0, 1]
(0, (0, 1, 1), (0, 0)): [90, 146, 159, 90, 38, 26, 11, 6, 7, 1, 0, 0, 1]
(0, (0, 1, 1), (0, 1)): [2, 1]
(0, (0, 1, 1), (1, 1)): [2, 1]
(0, (0, 1, 1), (1, 2)): [2, 1]
(0, (0, 1, 1), (2, 2)): [1]
(0, (0, 1, 1), (3, 2)): [1]
(0, (1, 0, 0), (0, 0)): [5996, 1886, 1255, 593, 273, 126, 50, 18, 11, 6, 2, 0, 1]
(0, (1, 0, 0), (0, 1)): [21, 8, 5, 1]
(0, (1, 0, 0), (0, 2)): [14, 3, 3]
(0, (1, 0, 0), (1, 0)): [10, 3, 4, 1, 0, 1, 1]
(0, (1, 0, 0), (1, 1)): [9, 7, 6, 1, 0, 1]
(0, (1, 0, 0), (1, 2)): [18, 6, 8, 1]
(0, (1, 0, 0), (2, 1)): [2, 1, 1, 0, 0, 1]
(0, (1, 0, 0), (2, 2)): [11, 4, 2, 1, 0, 1]
(0, (1, 0, 0), (3, 2)): [4, 3, 0, 1]
(0, (1, 0, 1), (0, 0)): [148, 431, 165, 118, 68, 26, 12, 5, 2, 2, 1]
(0, (1, 0, 1), (0, 1)): [0, 4, 1]
(0, (1, 0, 1), (0, 2)): [0, 1]
(0, (1, 0, 1), (1, 1)): [0, 3, 1]
(0, (1, 0, 1), (1, 2)): [0, 4, 1]
(0, (1, 0, 1), (2, 2)): [0, 2, 1]
(0, (1, 0, 1), (3, 2)): [0, 2, 1]
(0, (1, 1, 0), (0, 0)): [855, 521, 363, 259, 131, 61, 28, 5, 6, 4, 1]
(0, (1, 1, 0), (0, 1)): [2, 0, 2]
(0, (1, 1, 0), (0, 2)): [2, 0, 1]
(0, (1, 1, 0), (1, 0)): [2, 2, 0, 0, 0, 1, 1]
(0, (1, 1, 0), (1, 1)): [0, 2, 1]
(0, (1, 1, 0), (1, 2)): [2, 0, 2]
(0, (1, 1, 1), (0, 0)): [89, 137, 97, 76, 65, 29, 14, 4, 7, 3, 1]
(0, (1, 1, 1), (0, 1)): [1, 1]
(0, (1, 1, 1), (1, 1)): [1, 1]
(0, (1, 1, 1), (1, 2)): [1, 1]
(0, (1, 1, 1), (2, 2)): [1, 1]
(0, (1, 1, 1), (3, 2)): [1, 1]
(1, (0, 0, 0), (0, 0)): [23884, 2572, 1066, 441, 156, 53, 22, 6, 2, 2]
(1, (0, 0, 0), (0, 1)): [90, 10, 1, 0, 1]
(1, (0, 0, 0), (0, 2)): [45, 4]
(1, (0, 0, 0), (1, 0)): [62, 6, 1, 2]
(1, (0, 0, 0), (1, 1)): [72, 8, 1, 2]
(1, (0, 0, 0), (1, 2)): [83, 6, 1]
(1, (0, 0, 0), (2, 1)): [11, 2, 0, 1]
(1, (0, 0, 0), (2, 2)): [48, 4, 0, 1]
(1, (0, 0, 0), (3, 2)): [26, 2]
(1, (0, 0, 1), (0, 0)): [604, 913, 217, 80, 34, 13, 8, 1]
(1, (0, 0, 1), (0, 1)): [6, 3, 1]
(1, (0, 0, 1), (0, 2)): [4, 1]
(1, (0, 0, 1), (1, 0)): [3, 1]
(1, (0, 0, 1), (1, 1)): [4, 3, 1]
(1, (0, 0, 1), (1, 2)): [6, 2, 1]
(1, (0, 0, 1), (2, 1)): [2, 1]
(1, (0, 0, 1), (2, 2)): [5, 1]
(1, (0, 0, 1), (3, 2)): [2]
(1, (0, 1, 0), (0, 0)): [3234, 1312, 513, 204, 87, 30, 9, 4, 3, 1]
(1, (0, 1, 0), (0, 1)): [19, 3, 1, 0, 1]
(1, (0, 1, 0), (0, 2)): [8, 1, 0, 0, 1]
(1, (0, 1, 0), (1, 0)): [4, 2, 1, 2]
(1, (0, 1, 0), (1, 1)): [13, 3, 2, 2]
(1, (0, 1, 0), (1, 2)): [15, 3, 1, 0, 1]
(1, (0, 1, 0), (2, 1)): [1, 1, 0, 1]
(1, (0, 1, 0), (2, 2)): [7, 2, 0, 1, 1]
(1, (0, 1, 0), (3, 2)): [4, 1]
(1, (0, 1, 1), (0, 0)): [448, 360, 277, 121, 79, 23, 13, 4, 1, 2]
(1, (0, 1, 1), (0, 1)): [4, 3]
(1, (0, 1, 1), (0, 2)): [1, 1]
(1, (0, 1, 1), (1, 0)): [2, 1, 0, 1]
(1, (0, 1, 1), (1, 1)): [4, 2]
(1, (0, 1, 1), (1, 2)): [4, 2]
(1, (0, 1, 1), (2, 2)): [1, 1]
(1, (0, 1, 1), (3, 2)): [1, 1]
(1, (1, 0, 0), (0, 0)): [8618, 1434, 945, 400, 156, 61, 19, 7, 2, 4]
(1, (1, 0, 0), (0, 1)): [22, 8, 2, 0, 1]
(1, (1, 0, 0), (0, 2)): [13, 1, 1]
(1, (1, 0, 0), (1, 0)): [24, 4, 3, 1]
(1, (1, 0, 0), (1, 1)): [22, 8, 3]
(1, (1, 0, 0), (1, 2)): [24, 7, 3]
(1, (1, 0, 0), (2, 1)): [4, 1, 1]
(1, (1, 0, 0), (2, 2)): [11, 2, 1]
(1, (1, 0, 0), (3, 2)): [3, 1]
(1, (1, 0, 1), (0, 0)): [714, 741, 231, 166, 78, 40, 15, 3, 1]
(1, (1, 0, 1), (0, 1)): [1, 1]
(1, (1, 0, 1), (0, 2)): [1]
(1, (1, 0, 1), (1, 0)): [2]
(1, (1, 0, 1), (1, 1)): [1, 1]
(1, (1, 0, 1), (1, 2)): [1, 1]
(1, (1, 0, 1), (2, 2)): [1]
(1, (1, 0, 1), (3, 2)): [1]
(1, (1, 1, 0), (0, 0)): [2378, 703, 464, 333, 129, 50, 17, 10, 5, 1]
(1, (1, 1, 0), (0, 1)): [10, 3, 0, 0, 1]
(1, (1, 1, 0), (0, 2)): [5, 1]
(1, (1, 1, 0), (1, 0)): [10, 2, 1, 1, 0, 1]
(1, (1, 1, 0), (1, 1)): [10, 3, 1]
(1, (1, 1, 0), (1, 2)): [11, 4, 1]
(1, (1, 1, 0), (2, 1)): [1]
(1, (1, 1, 0), (2, 2)): [3, 1]
(1, (1, 1, 0), (3, 2)): [1, 1]
(1, (1, 1, 1), (0, 0)): [517, 345, 193, 146, 122, 54, 21, 5, 4, 2]
(1, (1, 1, 1), (0, 1)): [2, 1]
(1, (1, 1, 1), (1, 0)): [1, 0, 1, 1]
(1, (1, 1, 1), (1, 1)): [2, 1]
(1, (1, 1, 1), (1, 2)): [2, 1]
(1, (1, 1, 1), (2, 2)): [1]
(1, (1, 1, 1), (3, 2)): [1]
(2, (0, 0, 0), (0, 0)): [21157, 1004, 325, 114, 29, 11, 2, 0, 0, 1]
(2, (0, 0, 0), (0, 1)): [80, 3]
(2, (0, 0, 0), (0, 2)): [42, 1]
(2, (0, 0, 0), (1, 0)): [49, 2]
(2, (0, 0, 0), (1, 1)): [56, 3]
(2, (0, 0, 0), (1, 2)): [68, 1]
(2, (0, 0, 0), (2, 1)): [9, 1]
(2, (0, 0, 0), (2, 2)): [43, 1]
(2, (0, 0, 0), (3, 2)): [23]
(2, (0, 0, 1), (0, 0)): [1919, 567, 131, 44, 12, 2]
(2, (0, 0, 1), (0, 1)): [17, 1]
(2, (0, 0, 1), (0, 2)): [10]
(2, (0, 0, 1), (1, 0)): [3, 1, 0, 1]
(2, (0, 0, 1), (1, 1)): [7, 1]
(2, (0, 0, 1), (1, 2)): [13]
(2, (0, 0, 1), (2, 1)): [1, 1]
(2, (0, 0, 1), (2, 2)): [7, 1]
(2, (0, 0, 1), (3, 2)): [5]
(2, (0, 1, 0), (0, 0)): [5027, 970, 285, 114, 34, 7, 2, 1, 1, 1]
(2, (0, 1, 0), (0, 1)): [19, 3, 0, 0, 1]
(2, (0, 1, 0), (0, 2)): [10, 0, 0, 0, 1]
(2, (0, 1, 0), (1, 0)): [7, 2, 1]
(2, (0, 1, 0), (1, 1)): [13, 3, 1]
(2, (0, 1, 0), (1, 2)): [15, 2, 0, 0, 1]
(2, (0, 1, 0), (2, 1)): [1]
(2, (0, 1, 0), (2, 2)): [8, 0, 0, 0, 1]
(2, (0, 1, 0), (3, 2)): [3]
(2, (0, 1, 1), (0, 0)): [1072, 100, 239, 67, 35, 11, 4, 2]
(2, (0, 1, 1), (0, 1)): [7, 0, 0, 1]
(2, (0, 1, 1), (0, 2)): [3, 0, 0, 1]
(2, (0, 1, 1), (1, 0)): [4, 0, 1]
(2, (0, 1, 1), (1, 1)): [6, 0, 1]
(2, (0, 1, 1), (1, 2)): [8, 0, 1, 1]
(2, (0, 1, 1), (2, 2)): [3, 0, 0, 1]
(2, (0, 1, 1), (3, 2)): [3]
(2, (1, 0, 0), (0, 0)): [10393, 656, 508, 163, 54, 15, 5, 1, 0, 1]
(2, (1, 0, 0), (0, 1)): [30, 0, 0, 1]
(2, (1, 0, 0), (0, 2)): [10, 0, 0, 1]
(2, (1, 0, 0), (1, 0)): [22, 2, 1]
(2, (1, 0, 0), (1, 1)): [26, 2]
(2, (1, 0, 0), (1, 2)): [29, 0, 0, 1]
(2, (1, 0, 0), (2, 1)): [4]
(2, (1, 0, 0), (2, 2)): [13, 0, 0, 1]
(2, (1, 0, 0), (3, 2)): [7]
(2, (1, 0, 1), (0, 0)): [1832, 400, 155, 106, 39, 12, 3]
(2, (1, 0, 1), (0, 1)): [6]
(2, (1, 0, 1), (0, 2)): [6]
(2, (1, 0, 1), (1, 0)): [4, 1, 1, 0, 0, 1]
(2, (1, 0, 1), (1, 1)): [3, 1]
(2, (1, 0, 1), (1, 2)): [6]
(2, (1, 0, 1), (2, 1)): [1, 1]
(2, (1, 0, 1), (2, 2)): [5, 1]
(2, (1, 0, 1), (3, 2)): [3]
(2, (1, 1, 0), (0, 0)): [4090, 548, 295, 203, 71, 22, 7, 2, 1, 1]
(2, (1, 1, 0), (0, 1)): [19, 0, 0, 0, 1]
(2, (1, 1, 0), (0, 2)): [7]
(2, (1, 1, 0), (1, 0)): [7, 4, 1]
(2, (1, 1, 0), (1, 1)): [15, 2, 1]
(2, (1, 1, 0), (1, 2)): [16, 1]
(2, (1, 1, 0), (2, 1)): [2]
(2, (1, 1, 0), (2, 2)): [7]
(2, (1, 1, 0), (3, 2)): [3]
(2, (1, 1, 1), (0, 0)): [1145, 174, 197, 78, 70, 18, 7, 2, 1]
(2, (1, 1, 1), (0, 1)): [7, 0, 0, 1, 1]
(2, (1, 1, 1), (0, 2)): [3, 0, 0, 1]
(2, (1, 1, 1), (1, 0)): [6, 1]
(2, (1, 1, 1), (1, 1)): [7]
(2, (1, 1, 1), (1, 2)): [6, 0, 0, 1]
(2, (1, 1, 1), (2, 1)): [1]
(2, (1, 1, 1), (2, 2)): [3, 0, 0, 1]
(2, (1, 1, 1), (3, 2)): [2]
