(0, (0, 0, 0)): [71, 8, 6, 6]
(0, (0, 0, 1)): [0, 1, 0, 1]
(0, (0, 1, 0)): [1, 1]
(0, (0, 1, 1)): [2]
(0, (1, 0, 0)): [7, 5, 4, 3]
(0, (1, 0, 1)): [1, 1]
(0, (1, 1, 0)): [1, 0, 1, 1]
(1, (0, 0, 0)): [65, 2, 3, 2]
(1, (0, 0, 1)): [1, 2]
(1, (0, 1, 0)): [3, 3, 1, 1]
(1, (0, 1, 1)): [3, 0, 3, 2]
(1, (1, 0, 0)): [18, 2, 3, 3]
(1, (1, 0, 1)): [4, 3, 1, 1]
(1, (1, 1, 0)): [4, 1, 1, 1]
(1, (1, 1, 1)): [0, 0, 1]
(2, (0, 0, 0)): [56, 1, 3]
(2, (0, 0, 1)): [4]
(2, (0, 1, 0)): [6, 2, 1]
(2, (0, 1, 1)): [3, 0, 4, 1]
(2, (1, 0, 0)): [28, 0, 5]
(2, (1, 0, 1)): [3, 0, 1]
(2, (1, 1, 0)): [6]
