(0, (0, 0, 0), (0, 0)): [728512, 147581, 69765, 31980, 14539, 6401, 2646, 1113, 469, 217, 91, 46, 23, 6, 3, 1, 0, 1]
(0, (0, 0, 0), (0, 1)): [16343, 3006, 1453, 639, 286, 128, 42, 22, 6, 5, 1, 0, 2, 1, 0, 1]
(0, (0, 0, 0), (0, 2)): [5928, 947, 454, 205, 91, 27, 14, 9, 2, 1, 0, 0, 1]
(0, (0, 0, 0), (1, 0)): [15105, 3278, 1687, 755, 375, 158, 74, 28, 11, 5, 2]
(0, (0, 0, 0), (1, 1)): [13904, 2711, 1359, 618, 292, 124, 41, 21, 6, 3, 2, 0, 1, 1, 0, 1]
(0, (0, 0, 0), (1, 2)): [8922, 1537, 728, 313, 165, 63, 19, 9, 5, 2, 0, 0, 2]
(0, (0, 0, 0), (2, 0)): [5010, 1194, 656, 324, 154, 72, 36, 13, 4, 2, 1]
(0, (0, 0, 0), (2, 1)): [7453, 1572, 862, 409, 192, 81, 34, 19, 3, 1, 1, 0, 0, 1]
(0, (0, 0, 0), (2, 2)): [7105, 1319, 684, 305, 153, 67, 19, 10, 3, 3, 1, 0, 2]
(0, (0, 0, 0), (3, 0)): [1665, 415, 279, 149, 65, 38, 16, 5, 3, 0, 1]
(0, (0, 0, 0), (3, 1)): [3017, 738, 473, 247, 101, 49, 19, 12, 4]
(0, (0, 0, 0), (3, 2)): [4085, 864, 556, 258, 121, 49, 14, 8, 5, 2, 0, 0, 2]
(0, (0, 0, 1), (0, 0)): [3049, 9653, 2688, 1264, 636, 288, 125, 68, 28, 16, 4, 1, 3, 1]
(0, (0, 0, 1), (0, 1)): [66, 168, 54, 18, 11, 6, 2, 1, 0, 1, 0, 0, 0, 1]
(0, (0, 0, 1), (0, 2)): [27, 64, 14, 6, 5, 1]
(0, (0, 0, 1), (1, 0)): [63, 159, 40, 24, 16, 9, 1, 2, 1]
(0, (0, 0, 1), (1, 1)): [54, 118, 40, 15, 12, 6, 1, 1, 0, 1, 0, 0, 0, 1]
(0, (0, 0, 1), (1, 2)): [38, 87, 23, 9, 6, 0, 1, 1, 0, 1]
(0, (0, 0, 1), (2, 0)): [29, 76, 19, 12, 5, 6, 1, 1, 1]
(0, (0, 0, 1), (2, 1)): [34, 74, 24, 12, 9, 5]
(0, (0, 0, 1), (2, 2)): [37, 67, 21, 7, 5, 1]
(0, (0, 0, 1), (3, 0)): [7, 33, 8, 6, 1, 3, 1, 1, 1]
(0, (0, 0, 1), (3, 1)): [14, 31, 9, 7, 6, 4, 0, 1]
(0, (0, 0, 1), (3, 2)): [20, 38, 9, 5, 4, 4, 0, 1]
(0, (0, 1, 0), (0, 0)): [23614, 23024, 9097, 4315, 2147, 963, 395, 174, 80, 45, 14, 5, 3, 0, 1]
(0, (0, 1, 0), (0, 1)): [504, 418, 162, 79, 25, 20, 7, 4, 1]
(0, (0, 1, 0), (0, 2)): [200, 129, 51, 20, 4, 8, 2, 0, 1]
(0, (0, 1, 0), (1, 0)): [481, 433, 183, 96, 46, 26, 8, 2, 1]
(0, (0, 1, 0), (1, 1)): [415, 356, 149, 76, 27, 14, 7, 4]
(0, (0, 1, 0), (1, 2)): [278, 219, 83, 43, 14, 10, 3, 1, 1]
(0, (0, 1, 0), (2, 0)): [165, 150, 63, 37, 21, 17, 2, 0, 1]
(0, (0, 1, 0), (2, 1)): [206, 186, 79, 44, 13, 16, 4, 3]
(0, (0, 1, 0), (2, 2)): [214, 163, 74, 38, 11, 7, 5, 1, 1]
(0, (0, 1, 0), (3, 0)): [61, 55, 28, 23, 14, 5, 1, 0, 1]
(0, (0, 1, 0), (3, 1)): [82, 79, 42, 24, 15, 8, 1, 1]
(0, (0, 1, 0), (3, 2)): [127, 100, 59, 29, 14, 6, 4]
(0, (0, 1, 1), (0, 0)): [2119, 3678, 4671, 2118, 1165, 546, 233, 112, 53, 23, 8, 6, 0, 2, 1, 0, 0, 1]
(0, (0, 1, 1), (0, 1)): [40, 53, 86, 35, 19, 7, 5, 3]
(0, (0, 1, 1), (0, 2)): [22, 19, 33, 12, 10, 4, 3, 2]
(0, (0, 1, 1), (1, 0)): [49, 82, 112, 53, 39, 15, 5, 5, 4, 0, 0, 1]
(0, (0, 1, 1), (1, 1)): [27, 52, 73, 32, 19, 4, 3, 2, 1]
(0, (0, 1, 1), (1, 2)): [24, 26, 41, 18, 13, 5, 3, 2, 1]
(0, (0, 1, 1), (2, 0)): [33, 46, 57, 28, 22, 11, 3, 4, 3, 0, 0, 1]
(0, (0, 1, 1), (2, 1)): [21, 34, 51, 22, 12, 3, 2, 4, 2]
(0, (0, 1, 1), (2, 2)): [27, 27, 38, 15, 7, 4, 2, 2, 2]
(0, (0, 1, 1), (3, 0)): [19, 29, 29, 20, 16, 10, 1, 1, 0, 0, 0, 1]
(0, (0, 1, 1), (3, 1)): [9, 19, 19, 10, 9, 0, 0, 1, 1]
(0, (0, 1, 1), (3, 2)): [14, 15, 29, 12, 7, 3, 2, 3, 2]
(0, (1, 0, 0), (0, 0)): [160220, 53974, 34786, 17274, 8350, 3844, 1635, 707, 308, 139, 62, 29, 14, 4, 2, 1, 0, 1]
(0, (1, 0, 0), (0, 1)): [3455, 925, 700, 324, 174, 79, 28, 14, 6]
(0, (1, 0, 0), (0, 2)): [1311, 271, 227, 88, 48, 19, 11, 2, 5]
(0, (1, 0, 0), (1, 0)): [3007, 979, 749, 359, 183, 66, 40, 13, 6, 5, 2]
(0, (1, 0, 0), (1, 1)): [2596, 756, 585, 273, 137, 54, 23, 13, 5, 3]
(0, (1, 0, 0), (1, 2)): [1651, 403, 330, 134, 68, 24, 15, 7, 3, 1]
(0, (1, 0, 0), (2, 0)): [947, 335, 247, 138, 76, 29, 11, 5, 2, 2, 2]
(0, (1, 0, 0), (2, 1)): [1273, 382, 300, 163, 86, 36, 13, 5, 3, 3]
(0, (1, 0, 0), (2, 2)): [1176, 311, 242, 117, 62, 20, 12, 7, 2, 2]
(0, (1, 0, 0), (3, 0)): [280, 121, 96, 62, 39, 9, 3, 4, 0, 1, 1]
(0, (1, 0, 0), (3, 1)): [485, 172, 132, 82, 55, 15, 4, 2, 3, 1, 1]
(0, (1, 0, 0), (3, 2)): [603, 193, 142, 81, 58, 15, 5, 5, 2, 2]
(0, (1, 0, 1), (0, 0)): [3576, 11815, 4825, 3330, 1783, 839, 410, 177, 79, 35, 16, 9, 4, 0, 1, 0, 0, 1]
(0, (1, 0, 1), (0, 1)): [74, 213, 86, 56, 23, 13, 9, 2, 1, 0, 0, 0, 1]
(0, (1, 0, 1), (0, 2)): [27, 76, 20, 20, 9, 7, 4, 0, 1]
(0, (1, 0, 1), (1, 0)): [66, 230, 88, 70, 33, 16, 2, 3, 4, 1, 1]
(0, (1, 0, 1), (1, 1)): [65, 171, 59, 49, 20, 11, 5, 1, 2, 0, 1]
(0, (1, 0, 1), (1, 2)): [51, 92, 30, 25, 10, 9, 3, 1, 2]
(0, (1, 0, 1), (2, 0)): [23, 86, 40, 25, 15, 9, 0, 3, 1, 1]
(0, (1, 0, 1), (2, 1)): [21, 107, 38, 29, 16, 6, 1, 0, 2, 0, 1]
(0, (1, 0, 1), (2, 2)): [42, 85, 27, 17, 10, 5, 2, 1, 1, 0, 1]
(0, (1, 0, 1), (3, 0)): [13, 30, 18, 13, 7, 6, 0, 3]
(0, (1, 0, 1), (3, 1)): [8, 40, 14, 14, 11, 4]
(0, (1, 0, 1), (3, 2)): [14, 41, 22, 10, 9, 3, 1, 0, 1, 0, 1]
(0, (1, 1, 0), (0, 0)): [21991, 14274, 11171, 7841, 4265, 2039, 901, 441, 179, 76, 38, 17, 6, 1]
(0, (1, 1, 0), (0, 1)): [509, 272, 191, 150, 83, 34, 11, 10, 2, 0, 1]
(0, (1, 1, 0), (0, 2)): [203, 97, 63, 47, 31, 11, 5, 6]
(0, (1, 1, 0), (1, 0)): [399, 248, 210, 150, 78, 45, 15, 10, 1, 3]
(0, (1, 1, 0), (1, 1)): [336, 188, 150, 110, 49, 28, 11, 8, 2, 1, 1]
(0, (1, 1, 0), (1, 2)): [233, 103, 83, 62, 32, 14, 4, 9, 1, 1]
(0, (1, 1, 0), (2, 0)): [112, 81, 68, 57, 32, 19, 4, 4, 1, 1]
(0, (1, 1, 0), (2, 1)): [160, 101, 72, 61, 33, 17, 7, 5, 1, 1]
(0, (1, 1, 0), (2, 2)): [159, 82, 65, 44, 23, 14, 2, 7, 1, 2]
(0, (1, 1, 0), (3, 0)): [29, 29, 27, 20, 12, 7, 2, 1, 1]
(0, (1, 1, 0), (3, 1)): [62, 41, 38, 36, 17, 10, 6, 2, 2]
(0, (1, 1, 0), (3, 2)): [92, 47, 41, 36, 15, 9, 1, 4, 1]
(0, (1, 1, 1), (0, 0)): [2240, 4169, 3491, 2694, 2160, 1065, 506, 264, 110, 46, 28, 10, 1, 1, 1]
(0, (1, 1, 1), (0, 1)): [65, 80, 74, 50, 33, 20, 7, 5, 4, 2, 1, 1]
(0, (1, 1, 1), (0, 2)): [31, 36, 21, 15, 17, 5, 2, 1, 3, 0, 0, 1]
(0, (1, 1, 1), (1, 0)): [45, 93, 91, 62, 61, 29, 8, 9, 2, 0, 1]
(0, (1, 1, 1), (1, 1)): [47, 66, 76, 50, 27, 20, 7, 7, 1, 1, 1]
(0, (1, 1, 1), (1, 2)): [42, 45, 38, 19, 12, 10, 3, 2, 4, 0, 0, 1]
(0, (1, 1, 1), (2, 0)): [12, 37, 24, 26, 31, 10, 2, 3, 1, 0, 1]
(0, (1, 1, 1), (2, 1)): [25, 32, 32, 29, 24, 13, 3, 3, 1]
(0, (1, 1, 1), (2, 2)): [24, 31, 30, 22, 14, 9, 3, 3, 1, 0, 0, 1]
(0, (1, 1, 1), (3, 0)): [2, 12, 12, 11, 11, 2, 1, 2, 0, 0, 1]
(0, (1, 1, 1), (3, 2)): [8, 11, 18, 19, 10, 6, 3, 0, 1, 0, 0, 1]
(1, (0, 0, 0), (0, 0)): [582967, 64350, 26848, 10684, 4320, 1649, 631, 242, 99, 40, 19, 11, 5, 2, 0, 1]
(1, (0, 0, 0), (0, 1)): [13211, 1366, 585, 218, 86, 22, 11, 7, 1, 0, 0, 0, 0, 1]
(1, (0, 0, 0), (0, 2)): [4800, 403, 171, 60, 22, 5, 1, 1]
(1, (0, 0, 0), (1, 0)): [12726, 1597, 702, 253, 122, 44, 18, 6, 0, 1, 0, 0, 0, 0, 0, 1]
(1, (0, 0, 0), (1, 1)): [11477, 1290, 528, 189, 89, 34, 16, 5, 1, 1, 0, 0, 0, 1]
(1, (0, 0, 0), (1, 2)): [7207, 652, 257, 109, 48, 19, 7, 2]
(1, (0, 0, 0), (2, 0)): [4410, 608, 314, 104, 50, 19, 7, 4, 0, 0, 0, 0, 0, 0, 0, 1]
(1, (0, 0, 0), (2, 1)): [6383, 795, 344, 117, 60, 19, 9, 5, 0, 1]
(1, (0, 0, 0), (2, 2)): [6009, 601, 261, 99, 45, 25, 10, 3]
(1, (0, 0, 0), (3, 0)): [1421, 218, 146, 49, 25, 8, 4, 0, 0, 0, 0, 0, 0, 0, 0, 1]
(1, (0, 0, 0), (3, 1)): [2680, 416, 221, 76, 45, 7, 2, 3]
(1, (0, 0, 0), (3, 2)): [3446, 428, 224, 78, 42, 17, 9, 3]
(1, (0, 0, 1), (0, 0)): [16142, 24384, 4846, 2022, 865, 381, 146, 63, 31, 9, 5, 4, 3, 1]
(1, (0, 0, 1), (0, 1)): [324, 354, 80, 26, 13, 7, 5]
(1, (0, 0, 1), (0, 2)): [131, 111, 25, 6, 2, 1, 3]
(1, (0, 0, 1), (1, 0)): [325, 471, 95, 47, 23, 12, 5, 2, 1]
(1, (0, 0, 1), (1, 1)): [286, 347, 65, 27, 14, 6, 2, 2]
(1, (0, 0, 1), (1, 2)): [214, 187, 28, 11, 9, 2, 2]
(1, (0, 0, 1), (2, 0)): [142, 194, 42, 23, 12, 7, 5, 0, 1]
(1, (0, 0, 1), (2, 1)): [138, 202, 32, 16, 7, 7, 5, 2]
(1, (0, 0, 1), (2, 2)): [144, 154, 26, 11, 5, 2, 1]
(1, (0, 0, 1), (3, 0)): [62, 80, 24, 15, 8, 3, 2, 0, 1]
(1, (0, 0, 1), (3, 1)): [78, 103, 13, 12, 3, 3, 3, 2]
(1, (0, 0, 1), (3, 2)): [88, 93, 20, 10, 5, 2, 3]
(1, (0, 1, 0), (0, 0)): [78370, 36920, 13212, 5589, 2319, 918, 321, 150, 42, 27, 14, 7, 5, 1, 1]
(1, (0, 1, 0), (0, 1)): [1461, 579, 227, 94, 30, 11, 6, 2, 1]
(1, (0, 1, 0), (0, 2)): [567, 206, 67, 21, 8, 4, 2]
(1, (0, 1, 0), (1, 0)): [1760, 804, 294, 176, 77, 25, 10, 3, 0, 0, 1, 0, 0, 1]
(1, (0, 1, 0), (1, 1)): [1292, 504, 213, 98, 36, 12, 7, 3, 1, 0, 0, 0, 0, 1]
(1, (0, 1, 0), (1, 2)): [820, 293, 116, 40, 14, 6, 5, 2]
(1, (0, 1, 0), (2, 0)): [774, 356, 131, 96, 38, 15, 6, 2, 0, 0, 1]
(1, (0, 1, 0), (2, 1)): [711, 306, 111, 67, 29, 10, 6, 2, 0, 0, 1, 0, 0, 1]
(1, (0, 1, 0), (2, 2)): [658, 266, 104, 37, 21, 4, 3, 1]
(1, (0, 1, 0), (3, 0)): [411, 172, 56, 69, 26, 8, 3, 1]
(1, (0, 1, 0), (3, 1)): [352, 136, 51, 42, 17, 7, 2, 1, 0, 0, 0, 0, 0, 1]
(1, (0, 1, 0), (3, 2)): [370, 150, 67, 39, 22, 0, 3, 1, 0, 0, 0, 0, 0, 1]
(1, (0, 1, 1), (0, 0)): [13302, 11161, 10619, 4200, 2179, 868, 350, 147, 74, 19, 8, 4, 1, 2, 0, 1]
(1, (0, 1, 1), (0, 1)): [202, 154, 126, 46, 24, 14, 5, 1]
(1, (0, 1, 1), (0, 2)): [100, 47, 40, 14, 7, 3, 1]
(1, (0, 1, 1), (1, 0)): [386, 288, 212, 107, 74, 27, 11, 7, 3, 1]
(1, (0, 1, 1), (1, 1)): [176, 134, 118, 45, 23, 6, 5, 2]
(1, (0, 1, 1), (1, 2)): [131, 71, 62, 28, 8, 4, 1]
(1, (0, 1, 1), (2, 0)): [258, 190, 121, 73, 59, 25, 9, 6, 3, 1]
(1, (0, 1, 1), (2, 1)): [107, 88, 63, 29, 12, 8, 6, 1]
(1, (0, 1, 1), (2, 2)): [99, 73, 61, 25, 13, 2, 1, 1]
(1, (0, 1, 1), (3, 0)): [213, 153, 98, 56, 53, 21, 6, 6, 3, 1]
(1, (0, 1, 1), (3, 1)): [55, 41, 28, 14, 5, 6, 5]
(1, (0, 1, 1), (3, 2)): [64, 51, 32, 13, 8, 3, 1]
(1, (1, 0, 0), (0, 0)): [232963, 42237, 26862, 11673, 4798, 1939, 754, 274, 132, 57, 21, 15, 4, 2, 0, 2]
(1, (1, 0, 0), (0, 1)): [4968, 694, 538, 210, 92, 30, 14, 3, 1, 2]
(1, (1, 0, 0), (0, 2)): [1772, 218, 185, 58, 28, 9, 6, 1, 0, 2]
(1, (1, 0, 0), (1, 0)): [4743, 838, 610, 290, 119, 41, 22, 8, 1, 2, 0, 0, 1, 0, 0, 1]
(1, (1, 0, 0), (1, 1)): [4044, 589, 465, 177, 73, 28, 12, 6, 1, 0, 0, 0, 0, 0, 0, 1]
(1, (1, 0, 0), (1, 2)): [2471, 309, 263, 81, 41, 15, 5, 4, 0, 1]
(1, (1, 0, 0), (2, 0)): [1534, 304, 226, 140, 52, 22, 9, 0, 1, 2, 0, 0, 1]
(1, (1, 0, 0), (2, 1)): [2071, 350, 286, 127, 51, 17, 9, 2, 2, 0, 0, 0, 0, 0, 0, 1]
(1, (1, 0, 0), (2, 2)): [1875, 263, 232, 88, 37, 11, 5, 3, 1, 1]
(1, (1, 0, 0), (3, 0)): [466, 103, 71, 59, 24, 10, 4, 0, 0, 2, 0, 0, 1]
(1, (1, 0, 0), (3, 1)): [792, 182, 131, 77, 27, 12, 6, 1, 0, 1, 0, 0, 0, 0, 0, 1]
(1, (1, 0, 0), (3, 2)): [974, 184, 138, 68, 28, 12, 5, 1, 1, 1, 0, 0, 0, 0, 0, 1]
(1, (1, 0, 1), (0, 0)): [18071, 22686, 7442, 4839, 2097, 906, 339, 137, 55, 42, 12, 3, 0, 1]
(1, (1, 0, 1), (0, 1)): [399, 347, 106, 88, 40, 14, 9, 1, 3, 2]
(1, (1, 0, 1), (0, 2)): [176, 106, 35, 26, 7, 6, 4, 0, 0, 1]
(1, (1, 0, 1), (1, 0)): [379, 439, 133, 96, 53, 15, 4, 0, 0, 2]
(1, (1, 0, 1), (1, 1)): [307, 289, 88, 76, 41, 5, 6, 1, 2]
(1, (1, 0, 1), (1, 2)): [230, 152, 50, 45, 16, 4, 5, 1, 0, 1]
(1, (1, 0, 1), (2, 0)): [143, 155, 46, 27, 21, 9, 1, 0, 0, 1]
(1, (1, 0, 1), (2, 1)): [146, 156, 49, 38, 24, 6, 4, 0, 2]
(1, (1, 0, 1), (2, 2)): [151, 119, 44, 23, 15, 3, 5, 0, 1]
(1, (1, 0, 1), (3, 0)): [55, 65, 15, 10, 10, 5, 0, 0, 0, 1]
(1, (1, 0, 1), (3, 1)): [59, 74, 17, 19, 17, 6]
(1, (1, 0, 1), (3, 2)): [77, 68, 26, 18, 15, 6, 3, 0, 1]
(1, (1, 1, 0), (0, 0)): [63319, 20001, 13948, 9650, 4231, 1807, 706, 283, 118, 52, 18, 10, 6, 4, 1]
(1, (1, 1, 0), (0, 1)): [1368, 349, 232, 184, 74, 30, 17, 4, 1]
(1, (1, 1, 0), (0, 2)): [544, 140, 78, 61, 22, 8, 3]
(1, (1, 1, 0), (1, 0)): [1259, 434, 300, 225, 98, 36, 16, 7, 1, 2, 0, 0, 2, 1]
(1, (1, 1, 0), (1, 1)): [1047, 290, 211, 156, 69, 27, 16, 5, 0, 2]
(1, (1, 1, 0), (1, 2)): [759, 182, 119, 91, 36, 13, 8, 1]
(1, (1, 1, 0), (2, 0)): [433, 155, 109, 85, 36, 14, 3, 2, 1, 0, 0, 0, 2, 1]
(1, (1, 1, 0), (2, 1)): [523, 177, 129, 91, 36, 17, 7, 2, 0, 1, 0, 0, 1]
(1, (1, 1, 0), (2, 2)): [553, 147, 82, 65, 35, 11, 4, 1]
(1, (1, 1, 0), (3, 0)): [120, 57, 34, 26, 21, 9, 1, 2, 1, 0, 0, 0, 1]
(1, (1, 1, 0), (3, 1)): [223, 86, 63, 48, 24, 9, 6, 2, 0, 1, 0, 0, 1]
(1, (1, 1, 0), (3, 2)): [301, 90, 63, 40, 27, 12, 6, 3, 0, 1, 0, 0, 1]
(1, (1, 1, 1), (0, 0)): [13135, 10570, 6846, 4605, 3396, 1463, 601, 225, 101, 37, 14, 11, 6, 2, 1, 1]
(1, (1, 1, 1), (0, 1)): [342, 219, 144, 88, 75, 28, 14, 4, 3]
(1, (1, 1, 1), (0, 2)): [176, 77, 49, 26, 30, 7, 7]
(1, (1, 1, 1), (1, 0)): [290, 224, 150, 99, 81, 37, 15, 6, 2, 2, 0, 1, 1]
(1, (1, 1, 1), (1, 1)): [239, 151, 117, 78, 67, 28, 6, 4, 1]
(1, (1, 1, 1), (1, 2)): [193, 75, 70, 40, 34, 20, 7]
(1, (1, 1, 1), (2, 0)): [88, 93, 63, 41, 25, 18, 9, 3, 1, 1, 0, 1, 1]
(1, (1, 1, 1), (2, 1)): [121, 107, 73, 50, 40, 13, 7, 4, 1, 1, 0, 1]
(1, (1, 1, 1), (2, 2)): [132, 75, 60, 50, 33, 14, 6, 1]
(1, (1, 1, 1), (3, 0)): [17, 33, 17, 19, 8, 11, 4, 0, 1, 0, 0, 0, 1]
(1, (1, 1, 1), (3, 1)): [34, 55, 24, 24, 18, 10, 5, 3, 0, 0, 0, 0, 1]
(1, (1, 1, 1), (3, 2)): [70, 48, 30, 32, 20, 12, 3, 2]
(2, (0, 0, 0), (0, 0)): [502177, 22759, 7890, 2481, 891, 297, 109, 36, 7, 3, 3, 0, 1]
(2, (0, 0, 0), (0, 1)): [11462, 496, 177, 40, 27, 6, 5, 1]
(2, (0, 0, 0), (0, 2)): [4028, 132, 37, 11, 6, 1, 1, 1]
(2, (0, 0, 0), (1, 0)): [11602, 672, 225, 65, 31, 9, 3, 0, 0, 0, 0, 0, 1]
(2, (0, 0, 0), (1, 1)): [10285, 520, 187, 37, 27, 5, 6]
(2, (0, 0, 0), (1, 2)): [6331, 236, 81, 18, 12, 3, 3]
(2, (0, 0, 0), (2, 0)): [4195, 248, 105, 40, 15, 5, 1, 0, 0, 0, 0, 0, 1]
(2, (0, 0, 0), (2, 1)): [5943, 309, 117, 38, 9, 4, 3]
(2, (0, 0, 0), (2, 2)): [5313, 241, 88, 24, 11, 4, 1]
(2, (0, 0, 0), (3, 0)): [1444, 100, 59, 20, 11, 2, 1, 0, 0, 0, 0, 0, 1]
(2, (0, 0, 0), (3, 1)): [2705, 152, 81, 27, 10, 4, 2]
(2, (0, 0, 0), (3, 2)): [3383, 182, 91, 22, 7, 4]
(2, (0, 0, 1), (0, 0)): [48349, 15591, 2990, 1031, 368, 143, 43, 12, 2, 2, 0, 1]
(2, (0, 0, 1), (0, 1)): [913, 257, 57, 21, 9, 3, 1]
(2, (0, 0, 1), (0, 2)): [355, 65, 18, 4, 1, 1]
(2, (0, 0, 1), (1, 0)): [1068, 308, 75, 28, 9, 2, 0, 1]
(2, (0, 0, 1), (1, 1)): [867, 215, 52, 18, 8, 1, 1]
(2, (0, 0, 1), (1, 2)): [569, 104, 22, 9, 2, 1, 1]
(2, (0, 0, 1), (2, 0)): [436, 132, 34, 19, 6, 2, 0, 1]
(2, (0, 0, 1), (2, 1)): [497, 121, 40, 14, 9, 0, 0, 1]
(2, (0, 0, 1), (2, 2)): [468, 88, 28, 6, 3, 1, 1]
(2, (0, 0, 1), (3, 0)): [220, 58, 18, 12, 2, 2]
(2, (0, 0, 1), (3, 1)): [248, 62, 18, 13, 6]
(2, (0, 0, 1), (3, 2)): [291, 63, 21, 8, 2, 1]
(2, (0, 1, 0), (0, 0)): [126543, 28478, 7379, 2591, 857, 289, 87, 20, 5, 2, 2, 0, 1]
(2, (0, 1, 0), (0, 1)): [2345, 422, 115, 43, 13, 1, 1]
(2, (0, 1, 0), (0, 2)): [877, 119, 31, 10, 4]
(2, (0, 1, 0), (1, 0)): [3127, 542, 237, 92, 21, 13, 5, 1, 0, 0, 0, 0, 1]
(2, (0, 1, 0), (1, 1)): [2196, 380, 138, 44, 12, 4, 3, 1]
(2, (0, 1, 0), (1, 2)): [1342, 195, 54, 28, 3]
(2, (0, 1, 0), (2, 0)): [1469, 233, 119, 63, 15, 8, 3, 0, 0, 0, 0, 0, 1]
(2, (0, 1, 0), (2, 1)): [1350, 244, 88, 30, 8, 6, 3, 1, 0, 0, 0, 0, 1]
(2, (0, 1, 0), (2, 2)): [1201, 179, 56, 33, 5, 3, 0, 1]
(2, (0, 1, 0), (3, 0)): [822, 109, 70, 44, 12, 3, 2]
(2, (0, 1, 0), (3, 1)): [633, 113, 56, 20, 8, 3, 3, 0, 0, 0, 0, 0, 1]
(2, (0, 1, 0), (3, 2)): [781, 124, 51, 28, 5, 3, 1, 0, 0, 0, 0, 0, 1]
(2, (0, 1, 1), (0, 0)): [30234, 2685, 7062, 1857, 725, 241, 90, 32, 11, 4, 3, 1, 0, 1]
(2, (0, 1, 1), (0, 1)): [511, 44, 89, 22, 4, 3, 1, 3]
(2, (0, 1, 1), (0, 2)): [209, 17, 29, 7, 2, 1, 1]
(2, (0, 1, 1), (1, 0)): [720, 78, 144, 49, 24, 5, 3, 0, 0, 0, 1]
(2, (0, 1, 1), (1, 1)): [476, 35, 83, 20, 6, 2, 1, 2]
(2, (0, 1, 1), (1, 2)): [309, 21, 42, 8, 3, 1, 2, 1]
(2, (0, 1, 1), (2, 0)): [366, 48, 70, 32, 19, 5, 1, 0, 0, 0, 1]
(2, (0, 1, 1), (2, 1)): [261, 24, 62, 13, 5, 3]
(2, (0, 1, 1), (2, 2)): [259, 24, 46, 12, 2, 3, 1, 1]
(2, (0, 1, 1), (3, 0)): [255, 37, 38, 19, 17, 4, 1, 0, 0, 0, 1]
(2, (0, 1, 1), (3, 1)): [138, 13, 27, 8, 4, 1]
(2, (0, 1, 1), (3, 2)): [179, 21, 33, 8, 4, 4, 0, 1]
(2, (1, 0, 0), (0, 0)): [284759, 21277, 13353, 4240, 1434, 441, 183, 54, 13, 8, 4, 0, 1]
(2, (1, 0, 0), (0, 1)): [5685, 301, 259, 66, 30, 7, 5, 1]
(2, (1, 0, 0), (0, 2)): [2036, 83, 69, 14, 10, 1, 1]
(2, (1, 0, 0), (1, 0)): [5905, 498, 358, 133, 37, 9, 6, 1, 0, 0, 0, 0, 1]
(2, (1, 0, 0), (1, 1)): [4712, 301, 255, 75, 23, 3, 3]
(2, (1, 0, 0), (1, 2)): [2926, 143, 108, 40, 11, 2]
(2, (1, 0, 0), (2, 0)): [1999, 192, 128, 64, 17, 4, 3, 0, 0, 0, 0, 0, 1]
(2, (1, 0, 0), (2, 1)): [2417, 159, 142, 46, 20, 5, 2, 0, 0, 0, 0, 0, 1]
(2, (1, 0, 0), (2, 2)): [2230, 132, 110, 35, 13, 4, 1]
(2, (1, 0, 0), (3, 0)): [651, 90, 37, 38, 4, 1, 2]
(2, (1, 0, 0), (3, 1)): [1049, 108, 67, 39, 9, 3, 2, 0, 0, 0, 0, 0, 1]
(2, (1, 0, 0), (3, 2)): [1245, 106, 73, 33, 9, 6, 1, 0, 0, 0, 0, 0, 1]
(2, (1, 0, 1), (0, 0)): [46478, 11950, 4886, 2821, 911, 316, 118, 39, 15, 3, 0, 2, 1]
(2, (1, 0, 1), (0, 1)): [981, 195, 87, 57, 18, 1, 2, 1, 0, 0, 0, 1]
(2, (1, 0, 1), (0, 2)): [384, 53, 26, 13, 7]
(2, (1, 0, 1), (1, 0)): [908, 208, 101, 68, 27, 10, 3]
(2, (1, 0, 1), (1, 1)): [753, 155, 67, 52, 16, 4, 4, 1, 0, 0, 0, 1]
(2, (1, 0, 1), (1, 2)): [499, 68, 31, 21, 7, 2, 1, 1, 0, 0, 0, 1]
(2, (1, 0, 1), (2, 0)): [315, 73, 53, 25, 9, 4, 1]
(2, (1, 0, 1), (2, 1)): [415, 95, 32, 27, 13, 3]
(2, (1, 0, 1), (2, 2)): [366, 56, 22, 15, 8, 3, 1, 1, 0, 0, 0, 1]
(2, (1, 0, 1), (3, 0)): [115, 22, 26, 12, 6, 1, 1]
(2, (1, 0, 1), (3, 1)): [189, 37, 23, 16, 6, 1, 1]
(2, (1, 0, 1), (3, 2)): [221, 44, 21, 9, 7, 3, 1, 1]
(2, (1, 1, 0), (0, 0)): [110082, 17478, 8959, 5747, 1900, 634, 190, 67, 25, 12, 5, 1, 2, 1]
(2, (1, 1, 0), (0, 1)): [2335, 322, 148, 105, 31, 6, 4, 1, 0, 0, 0, 0, 1]
(2, (1, 1, 0), (0, 2)): [911, 102, 42, 24, 8, 1, 1]
(2, (1, 1, 0), (1, 0)): [2308, 352, 199, 158, 50, 19, 6, 2, 1, 1]
(2, (1, 1, 0), (1, 1)): [1917, 260, 137, 107, 26, 6, 2, 2, 1, 1, 0, 0, 1]
(2, (1, 1, 0), (1, 2)): [1295, 146, 72, 42, 11, 3, 2, 1]
(2, (1, 1, 0), (2, 0)): [805, 136, 88, 65, 26, 12, 3, 1]
(2, (1, 1, 0), (2, 1)): [1043, 135, 92, 71, 21, 10, 2, 1, 1, 1, 0, 0, 1]
(2, (1, 1, 0), (2, 2)): [979, 121, 62, 56, 13, 4, 3, 1, 1]
(2, (1, 1, 0), (3, 0)): [290, 55, 36, 25, 12, 5, 1]
(2, (1, 1, 0), (3, 1)): [455, 72, 54, 36, 10, 8, 2, 1, 0, 0, 0, 0, 1]
(2, (1, 1, 0), (3, 2)): [552, 76, 48, 36, 13, 3, 2, 1, 1]
(2, (1, 1, 1), (0, 0)): [32054, 4821, 5457, 2784, 1955, 655, 207, 81, 32, 6, 5, 0, 1, 1]
(2, (1, 1, 1), (0, 1)): [804, 74, 108, 58, 41, 6, 5, 2, 1, 0, 0, 0, 1]
(2, (1, 1, 1), (0, 2)): [359, 18, 25, 16, 12, 2, 1, 0, 1]
(2, (1, 1, 1), (1, 0)): [645, 191, 114, 71, 49, 22, 6, 1, 1, 0, 1]
(2, (1, 1, 1), (1, 1)): [613, 89, 100, 53, 36, 5, 3, 0, 0, 0, 1, 0, 1]
(2, (1, 1, 1), (1, 2)): [449, 37, 41, 22, 15, 4, 2, 0, 0, 0, 1]
(2, (1, 1, 1), (2, 0)): [176, 129, 32, 31, 24, 15, 4, 1]
(2, (1, 1, 1), (2, 1)): [267, 86, 57, 27, 28, 7, 4, 0, 0, 0, 0, 0, 1]
(2, (1, 1, 1), (2, 2)): [304, 48, 39, 25, 16, 5, 2, 0, 0, 0, 1]
(2, (1, 1, 1), (3, 0)): [38, 89, 11, 19, 7, 8, 1]
(2, (1, 1, 1), (3, 1)): [87, 92, 21, 20, 20, 5, 4]
(2, (1, 1, 1), (3, 2)): [141, 73, 25, 26, 16, 7, 4, 0, 0, 0, 1]
