(0, (0, 0, 0), (0, 0)): [107775, 21292, 9951, 4412, 2021, 882, 325, 132, 49, 21, 8, 6, 2]
(0, (0, 0, 0), (0, 1)): [5726, 1009, 454, 225, 75, 44, 16, 9, 1]
(0, (0, 0, 0), (0, 2)): [2191, 327, 142, 72, 30, 13, 5, 1, 1]
(0, (0, 0, 0), (1, 0)): [5248, 1080, 528, 233, 120, 59, 19, 10, 6, 3]
(0, (0, 0, 0), (1, 1)): [4885, 936, 418, 207, 83, 37, 16, 7, 1, 1]
(0, (0, 0, 0), (1, 2)): [3283, 537, 233, 116, 55, 27, 5, 1, 1, 1]
(0, (0, 0, 0), (2, 0)): [1700, 360, 208, 98, 41, 30, 6, 6, 2, 1]
(0, (0, 0, 0), (2, 1)): [2590, 510, 282, 122, 55, 25, 7, 8, 2, 1]
(0, (0, 0, 0), (2, 2)): [2603, 444, 239, 106, 49, 29, 6, 1, 1, 2]
(0, (0, 0, 0), (3, 0)): [568, 126, 85, 46, 15, 14, 4, 3, 1]
(0, (0, 0, 0), (3, 1)): [1030, 239, 152, 77, 28, 17, 2, 7, 1]
(0, (0, 0, 0), (3, 2)): [1371, 300, 181, 80, 35, 19, 3, 2, 2, 1]
(0, (0, 0, 1), (0, 0)): [427, 1124, 273, 145, 65, 41, 12, 6, 1, 4]
(0, (0, 0, 1), (0, 1)): [27, 60, 15, 8, 4, 3, 0, 1, 0, 1]
(0, (0, 0, 1), (0, 2)): [12, 21, 2, 4, 2, 1]
(0, (0, 0, 1), (1, 0)): [22, 60, 11, 7, 5, 3, 0, 1]
(0, (0, 0, 1), (1, 1)): [21, 46, 14, 4, 5, 2, 0, 1, 0, 1]
(0, (0, 0, 1), (1, 2)): [17, 33, 7, 4, 2, 0, 0, 1, 0, 1]
(0, (0, 0, 1), (2, 0)): [9, 32, 3, 4, 2, 2]
(0, (0, 0, 1), (2, 1)): [10, 33, 6, 4, 3, 2]
(0, (0, 0, 1), (2, 2)): [12, 29, 7, 3, 2]
(0, (0, 0, 1), (3, 0)): [4, 10, 2, 1, 1, 1]
(0, (0, 0, 1), (3, 1)): [7, 16, 3, 2, 3, 1]
(0, (0, 0, 1), (3, 2)): [5, 18, 3, 1, 2, 1]
(0, (0, 1, 0), (0, 0)): [3536, 3059, 1210, 587, 283, 114, 40, 16, 8, 4, 0, 0, 1]
(0, (0, 1, 0), (0, 1)): [173, 137, 46, 24, 8, 4, 3, 2]
(0, (0, 1, 0), (0, 2)): [71, 45, 16, 5, 2, 1, 1]
(0, (0, 1, 0), (1, 0)): [175, 139, 69, 32, 10, 8, 2, 1]
(0, (0, 1, 0), (1, 1)): [138, 130, 52, 26, 4, 4, 2, 2]
(0, (0, 1, 0), (1, 2)): [91, 88, 37, 11, 5, 1, 1, 1]
(0, (0, 1, 0), (2, 0)): [66, 43, 17, 13, 6, 4]
(0, (0, 1, 0), (2, 1)): [81, 65, 19, 17, 2, 3, 0, 1]
(0, (0, 1, 0), (2, 2)): [82, 59, 23, 12, 5, 1, 1]
(0, (0, 1, 0), (3, 0)): [21, 11, 8, 7, 3, 2]
(0, (0, 1, 0), (3, 1)): [29, 26, 12, 9, 1, 3]
(0, (0, 1, 0), (3, 2)): [48, 37, 17, 11, 3, 2, 1]
(0, (0, 1, 1), (0, 0)): [333, 502, 594, 260, 162, 68, 28, 19, 6, 6, 1, 1]
(0, (0, 1, 1), (0, 1)): [14, 22, 29, 9, 3, 2, 2, 2]
(0, (0, 1, 1), (0, 2)): [10, 10, 7, 3, 1, 2, 2, 1]
(0, (0, 1, 1), (1, 0)): [16, 23, 38, 14, 16, 6, 0, 2, 2]
(0, (0, 1, 1), (1, 1)): [8, 16, 31, 10, 4, 1, 0, 2, 1]
(0, (0, 1, 1), (1, 2)): [8, 13, 15, 5, 3, 2, 1, 1, 1]
(0, (0, 1, 1), (2, 0)): [11, 11, 18, 5, 11, 4, 0, 1, 1]
(0, (0, 1, 1), (2, 1)): [6, 8, 19, 4, 3, 1, 0, 2, 1]
(0, (0, 1, 1), (2, 2)): [7, 10, 14, 1, 2, 1, 1, 0, 2]
(0, (0, 1, 1), (3, 0)): [7, 9, 10, 3, 7, 4]
(0, (0, 1, 1), (3, 1)): [3, 4, 7, 2, 2, 0, 0, 1]
(0, (0, 1, 1), (3, 2)): [1, 6, 9, 2, 2, 1, 1, 1, 2]
(0, (1, 0, 0), (0, 0)): [23190, 6922, 4830, 2272, 1107, 526, 197, 89, 39, 12, 4, 4, 1]
(0, (1, 0, 0), (0, 1)): [1291, 320, 227, 97, 60, 28, 12, 6, 3]
(0, (1, 0, 0), (0, 2)): [516, 100, 82, 24, 12, 8, 4, 1, 3]
(0, (1, 0, 0), (1, 0)): [1018, 310, 262, 118, 47, 28, 9, 4, 4, 1]
(0, (1, 0, 0), (1, 1)): [898, 247, 218, 87, 44, 22, 7, 5, 2, 1]
(0, (1, 0, 0), (1, 2)): [632, 148, 125, 43, 20, 6, 4, 5, 2, 1]
(0, (1, 0, 0), (2, 0)): [321, 105, 79, 47, 19, 10, 3, 0, 2]
(0, (1, 0, 0), (2, 1)): [414, 118, 107, 48, 20, 16, 5, 0, 2]
(0, (1, 0, 0), (2, 2)): [446, 113, 85, 41, 19, 9, 5, 3, 1]
(0, (1, 0, 0), (3, 0)): [89, 42, 32, 20, 9, 2, 2]
(0, (1, 0, 0), (3, 1)): [140, 56, 52, 30, 12, 6, 1, 0, 2]
(0, (1, 0, 0), (3, 2)): [206, 70, 59, 33, 16, 6, 2, 3, 2]
(0, (1, 0, 1), (0, 0)): [530, 1576, 604, 421, 217, 106, 45, 16, 7, 4, 3]
(0, (1, 0, 1), (0, 1)): [35, 77, 28, 16, 8, 3, 3]
(0, (1, 0, 1), (0, 2)): [11, 27, 7, 5, 3, 1, 1]
(0, (1, 0, 1), (1, 0)): [30, 74, 21, 24, 11, 5, 1, 2, 2]
(0, (1, 0, 1), (1, 1)): [30, 60, 17, 15, 8, 2, 2]
(0, (1, 0, 1), (1, 2)): [27, 37, 12, 9, 2, 1, 2]
(0, (1, 0, 1), (2, 0)): [12, 22, 9, 9, 6, 4, 0, 2, 1]
(0, (1, 0, 1), (2, 1)): [6, 36, 9, 9, 9, 3, 1, 0, 1]
(0, (1, 0, 1), (2, 2)): [18, 28, 8, 4, 5, 1, 2]
(0, (1, 0, 1), (3, 0)): [9, 6, 4, 3, 1, 2, 0, 2]
(0, (1, 0, 1), (3, 1)): [2, 16, 2, 7, 4, 1]
(0, (1, 0, 1), (3, 2)): [9, 12, 5, 3, 3, 1, 1]
(0, (1, 1, 0), (0, 0)): [3331, 1834, 1340, 1002, 542, 249, 104, 54, 19, 5, 1, 3]
(0, (1, 1, 0), (0, 1)): [171, 82, 67, 46, 20, 10, 3, 4, 1]
(0, (1, 1, 0), (0, 2)): [69, 30, 19, 14, 5, 5, 2, 2]
(0, (1, 1, 0), (1, 0)): [153, 73, 64, 48, 18, 14, 5, 3]
(0, (1, 1, 0), (1, 1)): [122, 60, 51, 34, 9, 7, 5, 5, 1]
(0, (1, 1, 0), (1, 2)): [94, 32, 29, 19, 6, 7, 0, 6, 1]
(0, (1, 1, 0), (2, 0)): [51, 27, 18, 18, 8, 5]
(0, (1, 1, 0), (2, 1)): [62, 33, 16, 20, 6, 5, 5, 1]
(0, (1, 1, 0), (2, 2)): [71, 21, 15, 11, 5, 6, 1, 4, 1]
(0, (1, 1, 0), (3, 0)): [13, 9, 7, 5, 3, 3]
(0, (1, 1, 0), (3, 1)): [29, 13, 9, 11, 6, 2, 3, 1]
(0, (1, 1, 0), (3, 2)): [41, 11, 8, 11, 2, 4, 0, 2]
(0, (1, 1, 1), (0, 0)): [401, 541, 461, 311, 278, 131, 64, 39, 12, 8, 1]
(0, (1, 1, 1), (0, 1)): [27, 28, 29, 16, 10, 11, 4, 3, 1]
(0, (1, 1, 1), (0, 2)): [13, 13, 10, 3, 3, 3, 1, 0, 1]
(0, (1, 1, 1), (1, 0)): [21, 25, 24, 18, 18, 8, 3, 4, 1]
(0, (1, 1, 1), (1, 1)): [23, 23, 25, 18, 8, 11, 4, 3]
(0, (1, 1, 1), (1, 2)): [20, 18, 16, 6, 3, 6, 0, 1, 1]
(0, (1, 1, 1), (2, 0)): [5, 8, 9, 8, 9, 3, 1, 2]
(0, (1, 1, 1), (2, 1)): [12, 7, 9, 12, 5, 6, 3]
(0, (1, 1, 1), (2, 2)): [13, 7, 13, 8, 4, 5, 1]
(0, (1, 1, 1), (3, 0)): [1, 5, 5, 3, 5, 0, 1, 2]
(0, (1, 1, 1), (3, 1)): [2, 6, 7, 5, 2, 3, 1, 1]
(0, (1, 1, 1), (3, 2)): [4, 4, 8, 6, 3, 5, 2]
(1, (0, 0, 0), (0, 0)): [87702, 9701, 4001, 1531, 661, 220, 81, 24, 10, 4, 5, 1]
(1, (0, 0, 0), (0, 1)): [4671, 466, 180, 78, 23, 6, 6, 2]
(1, (0, 0, 0), (0, 2)): [1756, 138, 51, 16, 9, 2, 1]
(1, (0, 0, 0), (1, 0)): [4340, 532, 226, 84, 41, 18, 3, 2]
(1, (0, 0, 0), (1, 1)): [4119, 440, 167, 70, 27, 14, 5, 2]
(1, (0, 0, 0), (1, 2)): [2664, 213, 82, 38, 22, 9, 3]
(1, (0, 0, 0), (2, 0)): [1439, 195, 101, 38, 15, 6, 1, 1]
(1, (0, 0, 0), (2, 1)): [2219, 280, 115, 47, 13, 4, 2, 3]
(1, (0, 0, 0), (2, 2)): [2228, 215, 99, 41, 20, 10, 3]
(1, (0, 0, 0), (3, 0)): [444, 66, 43, 13, 10, 4, 1]
(1, (0, 0, 0), (3, 1)): [870, 138, 68, 26, 12, 2, 0, 3]
(1, (0, 0, 0), (3, 2)): [1223, 144, 76, 26, 14, 7, 3, 1]
(1, (0, 0, 1), (0, 0)): [2100, 2765, 544, 216, 93, 56, 14, 3, 2]
(1, (0, 0, 1), (0, 1)): [122, 118, 25, 10, 5, 4, 2]
(1, (0, 0, 1), (0, 2)): [46, 36, 9, 2, 0, 1, 2]
(1, (0, 0, 1), (1, 0)): [102, 154, 29, 14, 8, 2, 1, 1]
(1, (0, 0, 1), (1, 1)): [114, 110, 22, 11, 8, 2, 0, 1]
(1, (0, 0, 1), (1, 2)): [91, 70, 9, 4, 4, 1, 1]
(1, (0, 0, 1), (2, 0)): [37, 63, 7, 5, 4, 0, 1]
(1, (0, 0, 1), (2, 1)): [40, 67, 8, 6, 5, 2, 1, 1]
(1, (0, 0, 1), (2, 2)): [56, 48, 10, 3, 2, 1, 1]
(1, (0, 0, 1), (3, 0)): [16, 19, 5, 3, 2]
(1, (0, 0, 1), (3, 1)): [19, 34, 2, 3, 1, 1, 1, 1]
(1, (0, 0, 1), (3, 2)): [33, 25, 5, 2, 2, 1, 2]
(1, (0, 1, 0), (0, 0)): [10805, 4348, 1747, 722, 316, 106, 25, 8, 4, 1, 2]
(1, (0, 1, 0), (0, 1)): [521, 192, 86, 35, 7, 5, 1, 1]
(1, (0, 1, 0), (0, 2)): [217, 63, 28, 3, 1, 3, 1]
(1, (0, 1, 0), (1, 0)): [576, 242, 98, 52, 21, 6, 6]
(1, (0, 1, 0), (1, 1)): [440, 159, 86, 35, 10, 3, 2, 1]
(1, (0, 1, 0), (1, 2)): [316, 94, 51, 11, 3, 3, 2, 1]
(1, (0, 1, 0), (2, 0)): [259, 117, 40, 24, 11, 4, 4]
(1, (0, 1, 0), (2, 1)): [217, 105, 45, 18, 7, 2, 2]
(1, (0, 1, 0), (2, 2)): [219, 92, 44, 6, 7, 2, 2]
(1, (0, 1, 0), (3, 0)): [157, 46, 13, 19, 7, 3, 3]
(1, (0, 1, 0), (3, 1)): [115, 47, 12, 13, 3, 3, 1]
(1, (0, 1, 0), (3, 2)): [123, 50, 20, 9, 5, 0, 3]
(1, (0, 1, 1), (0, 0)): [1824, 1289, 1177, 453, 273, 98, 39, 21, 4, 1]
(1, (0, 1, 1), (0, 1)): [77, 44, 49, 21, 7, 4]
(1, (0, 1, 1), (0, 2)): [40, 17, 16, 8, 2, 2]
(1, (0, 1, 1), (1, 0)): [137, 88, 71, 31, 18, 11, 4, 3, 1]
(1, (0, 1, 1), (1, 1)): [67, 36, 48, 15, 8, 1]
(1, (0, 1, 1), (1, 2)): [53, 20, 26, 10, 4, 2]
(1, (0, 1, 1), (2, 0)): [86, 58, 41, 23, 13, 11, 4, 3, 1]
(1, (0, 1, 1), (2, 1)): [40, 24, 21, 8, 4, 1]
(1, (0, 1, 1), (2, 2)): [37, 23, 23, 8, 5, 2]
(1, (0, 1, 1), (3, 0)): [68, 44, 35, 19, 11, 10, 3, 3, 1]
(1, (0, 1, 1), (3, 1)): [21, 8, 13, 6, 2]
(1, (0, 1, 1), (3, 2)): [27, 12, 9, 6, 4, 1]
(1, (1, 0, 0), (0, 0)): [33234, 5386, 3782, 1583, 692, 256, 88, 35, 15, 5, 1, 0, 1]
(1, (1, 0, 0), (0, 1)): [1850, 231, 173, 68, 28, 13, 4, 2, 1]
(1, (1, 0, 0), (0, 2)): [698, 82, 58, 17, 9, 4, 1, 1]
(1, (1, 0, 0), (1, 0)): [1624, 256, 179, 92, 42, 13, 9, 2, 0, 1]
(1, (1, 0, 0), (1, 1)): [1436, 180, 150, 60, 21, 13, 4, 3, 1]
(1, (1, 0, 0), (1, 2)): [955, 98, 95, 32, 11, 6, 0, 3]
(1, (1, 0, 0), (2, 0)): [538, 87, 64, 42, 21, 5, 3, 0, 0, 1]
(1, (1, 0, 0), (2, 1)): [731, 115, 90, 37, 22, 5, 5, 1, 1]
(1, (1, 0, 0), (2, 2)): [689, 81, 88, 24, 10, 3, 3, 3, 1]
(1, (1, 0, 0), (3, 0)): [154, 23, 20, 18, 8, 2, 1, 0, 0, 1]
(1, (1, 0, 0), (3, 1)): [269, 61, 37, 25, 11, 5, 2, 0, 0, 1]
(1, (1, 0, 0), (3, 2)): [353, 65, 53, 26, 9, 3, 2, 1, 1, 1]
(1, (1, 0, 1), (0, 0)): [2733, 2811, 842, 626, 298, 104, 40, 16, 5, 3]
(1, (1, 0, 1), (0, 1)): [135, 124, 35, 33, 13, 3, 4, 1]
(1, (1, 0, 1), (0, 2)): [63, 40, 15, 9, 2, 0, 3]
(1, (1, 0, 1), (1, 0)): [141, 135, 40, 38, 18, 2, 1]
(1, (1, 0, 1), (1, 1)): [98, 101, 25, 29, 12, 2, 2, 1]
(1, (1, 0, 1), (1, 2)): [83, 53, 12, 15, 3, 1, 3, 1]
(1, (1, 0, 1), (2, 0)): [57, 46, 15, 12, 9, 1]
(1, (1, 0, 1), (2, 1)): [44, 57, 19, 18, 12, 1, 1]
(1, (1, 0, 1), (2, 2)): [59, 42, 16, 10, 6, 0, 3]
(1, (1, 0, 1), (3, 0)): [28, 13, 5, 5, 3, 1]
(1, (1, 0, 1), (3, 1)): [23, 30, 6, 7, 8]
(1, (1, 0, 1), (3, 2)): [31, 27, 7, 6, 4, 0, 1]
(1, (1, 1, 0), (0, 0)): [9186, 2614, 1747, 1307, 580, 234, 77, 35, 16, 3, 0, 1, 1]
(1, (1, 1, 0), (0, 1)): [500, 117, 67, 55, 30, 14, 6, 1, 1]
(1, (1, 1, 0), (0, 2)): [208, 53, 24, 16, 8, 5, 2]
(1, (1, 1, 0), (1, 0)): [432, 151, 95, 70, 28, 14, 9, 4, 0, 1]
(1, (1, 1, 0), (1, 1)): [370, 103, 68, 54, 26, 14, 6, 2, 0, 1]
(1, (1, 1, 0), (1, 2)): [278, 69, 41, 27, 13, 7, 4]
(1, (1, 1, 0), (2, 0)): [150, 47, 33, 28, 6, 5, 2, 1]
(1, (1, 1, 0), (2, 1)): [183, 61, 48, 33, 14, 8, 3, 1]
(1, (1, 1, 0), (2, 2)): [208, 55, 26, 26, 10, 5, 1]
(1, (1, 1, 0), (3, 0)): [36, 18, 8, 8, 4, 3, 0, 1]
(1, (1, 1, 0), (3, 1)): [78, 26, 24, 19, 7, 6, 2]
(1, (1, 1, 0), (3, 2)): [116, 32, 21, 17, 6, 7, 1]
(1, (1, 1, 1), (0, 0)): [1999, 1305, 882, 549, 463, 183, 67, 36, 6, 3, 0, 1, 1]
(1, (1, 1, 1), (0, 1)): [119, 67, 50, 30, 19, 15, 7, 1, 1]
(1, (1, 1, 1), (0, 2)): [64, 19, 17, 12, 8, 4, 3]
(1, (1, 1, 1), (1, 0)): [102, 69, 48, 38, 23, 13, 3, 4]
(1, (1, 1, 1), (1, 1)): [79, 52, 42, 27, 20, 15, 3, 2]
(1, (1, 1, 1), (1, 2)): [69, 23, 23, 14, 7, 11, 2]
(1, (1, 1, 1), (2, 0)): [28, 27, 20, 17, 5, 4, 2, 1]
(1, (1, 1, 1), (2, 1)): [41, 36, 22, 20, 8, 8, 3, 2]
(1, (1, 1, 1), (2, 2)): [52, 21, 20, 20, 6, 9, 2]
(1, (1, 1, 1), (3, 0)): [3, 8, 6, 7, 3, 2, 1]
(1, (1, 1, 1), (3, 1)): [7, 21, 9, 9, 6, 3, 2, 2]
(1, (1, 1, 1), (3, 2)): [21, 15, 7, 11, 4, 5, 1, 1]
(2, (0, 0, 0), (0, 0)): [76708, 3732, 1266, 380, 146, 40, 20, 2, 0, 1, 1]
(2, (0, 0, 0), (0, 1)): [3981, 161, 56, 11, 11, 2, 2, 1]
(2, (0, 0, 0), (0, 2)): [1461, 49, 11, 3, 4, 0, 1, 1]
(2, (0, 0, 0), (1, 0)): [3910, 221, 65, 17, 13, 1]
(2, (0, 0, 0), (1, 1)): [3619, 170, 57, 12, 10, 1, 1]
(2, (0, 0, 0), (1, 2)): [2282, 81, 25, 6, 5, 0, 2]
(2, (0, 0, 0), (2, 0)): [1353, 78, 30, 10, 5]
(2, (0, 0, 0), (2, 1)): [2040, 103, 28, 12, 2, 1]
(2, (0, 0, 0), (2, 2)): [1947, 83, 28, 8, 2, 0, 1]
(2, (0, 0, 0), (3, 0)): [465, 29, 20, 5, 4]
(2, (0, 0, 0), (3, 1)): [937, 44, 21, 6, 4, 1]
(2, (0, 0, 0), (3, 2)): [1213, 59, 23, 5, 2, 1]
(2, (0, 0, 1), (0, 0)): [6058, 1785, 367, 139, 41, 18, 1, 1, 1]
(2, (0, 0, 1), (0, 1)): [319, 79, 23, 8]
(2, (0, 0, 1), (0, 2)): [127, 14, 8, 2]
(2, (0, 0, 1), (1, 0)): [386, 101, 20, 12, 2]
(2, (0, 0, 1), (1, 1)): [321, 72, 17, 9]
(2, (0, 0, 1), (1, 2)): [221, 29, 6, 4]
(2, (0, 0, 1), (2, 0)): [151, 47, 8, 7, 2]
(2, (0, 0, 1), (2, 1)): [178, 38, 14, 7, 1]
(2, (0, 0, 1), (2, 2)): [180, 33, 8, 3]
(2, (0, 0, 1), (3, 0)): [68, 22, 5, 5, 1]
(2, (0, 0, 1), (3, 1)): [74, 19, 5, 7]
(2, (0, 0, 1), (3, 2)): [94, 18, 8, 4]
(2, (0, 1, 0), (0, 0)): [17082, 3390, 1017, 356, 127, 33, 9, 0, 0, 1, 1]
(2, (0, 1, 0), (0, 1)): [813, 147, 37, 16, 4]
(2, (0, 1, 0), (0, 2)): [320, 49, 11, 3, 1]
(2, (0, 1, 0), (1, 0)): [1002, 186, 78, 23, 7, 5, 2]
(2, (0, 1, 0), (1, 1)): [758, 129, 49, 14, 5, 0, 1]
(2, (0, 1, 0), (1, 2)): [506, 69, 19, 7, 1]
(2, (0, 1, 0), (2, 0)): [465, 80, 35, 15, 5, 5, 1]
(2, (0, 1, 0), (2, 1)): [434, 102, 32, 10, 2, 2, 1]
(2, (0, 1, 0), (2, 2)): [442, 69, 18, 8, 1, 1]
(2, (0, 1, 0), (3, 0)): [262, 37, 18, 12, 5, 3, 1]
(2, (0, 1, 0), (3, 1)): [175, 43, 15, 5, 1, 2, 1]
(2, (0, 1, 0), (3, 2)): [264, 50, 14, 8, 1, 2]
(2, (0, 1, 1), (0, 0)): [3829, 324, 798, 214, 88, 28, 11, 1, 0, 0, 1]
(2, (0, 1, 1), (0, 1)): [187, 18, 31, 6, 0, 1]
(2, (0, 1, 1), (0, 2)): [79, 9, 10, 2]
(2, (0, 1, 1), (1, 0)): [242, 23, 51, 18, 5, 1]
(2, (0, 1, 1), (1, 1)): [178, 10, 30, 8, 0, 1]
(2, (0, 1, 1), (1, 2)): [112, 9, 14, 2]
(2, (0, 1, 1), (2, 0)): [112, 10, 26, 11, 4, 1]
(2, (0, 1, 1), (2, 1)): [99, 6, 24, 4, 1, 2]
(2, (0, 1, 1), (2, 2)): [101, 7, 19, 5, 1, 2]
(2, (0, 1, 1), (3, 0)): [73, 10, 13, 5, 3]
(2, (0, 1, 1), (3, 1)): [48, 4, 10, 3, 2]
(2, (0, 1, 1), (3, 2)): [67, 5, 16, 1, 2, 2]
(2, (1, 0, 0), (0, 0)): [40370, 2706, 2060, 603, 207, 62, 28, 7, 0, 2, 1]
(2, (1, 0, 0), (0, 1)): [2061, 106, 79, 22, 11, 2, 3]
(2, (1, 0, 0), (0, 2)): [767, 34, 20, 3, 3]
(2, (1, 0, 0), (1, 0)): [2080, 162, 115, 36, 10, 2, 2, 1]
(2, (1, 0, 0), (1, 1)): [1726, 94, 77, 23, 8, 1, 2]
(2, (1, 0, 0), (1, 2)): [1101, 48, 25, 11, 4]
(2, (1, 0, 0), (2, 0)): [683, 60, 33, 15, 3, 1, 1]
(2, (1, 0, 0), (2, 1)): [855, 48, 41, 14, 5, 2, 1]
(2, (1, 0, 0), (2, 2)): [892, 42, 33, 11, 5]
(2, (1, 0, 0), (3, 0)): [216, 29, 9, 9]
(2, (1, 0, 0), (3, 1)): [370, 40, 16, 10, 1, 2]
(2, (1, 0, 0), (3, 2)): [486, 34, 20, 9, 3, 1]
(2, (1, 0, 1), (0, 0)): [6645, 1501, 513, 355, 141, 40, 18, 2, 3]
(2, (1, 0, 1), (0, 1)): [320, 63, 25, 17, 0, 0, 2]
(2, (1, 0, 1), (0, 2)): [120, 18, 6, 4]
(2, (1, 0, 1), (1, 0)): [306, 59, 28, 20, 7, 1, 1]
(2, (1, 0, 1), (1, 1)): [257, 44, 22, 16, 0, 1, 2]
(2, (1, 0, 1), (1, 2)): [166, 19, 14, 7, 0, 0, 1]
(2, (1, 0, 1), (2, 0)): [103, 20, 16, 5, 7, 0, 1]
(2, (1, 0, 1), (2, 1)): [134, 26, 9, 8, 3, 1]
(2, (1, 0, 1), (2, 2)): [119, 17, 11, 6, 1, 0, 1]
(2, (1, 0, 1), (3, 0)): [38, 3, 9, 1, 4, 0, 1]
(2, (1, 0, 1), (3, 1)): [68, 9, 7, 3, 1, 1, 1]
(2, (1, 0, 1), (3, 2)): [75, 14, 9, 5, 1, 0, 1]
(2, (1, 1, 0), (0, 0)): [15930, 2345, 1125, 834, 289, 93, 22, 10, 1, 3, 0, 1]
(2, (1, 1, 0), (0, 1)): [831, 103, 51, 35, 9, 1, 1, 1]
(2, (1, 1, 0), (0, 2)): [363, 30, 16, 8, 2, 1]
(2, (1, 1, 0), (1, 0)): [810, 134, 59, 44, 18, 5, 2]
(2, (1, 1, 0), (1, 1)): [679, 89, 46, 36, 7, 1, 1, 1]
(2, (1, 1, 0), (1, 2)): [497, 48, 22, 14, 5, 1, 0, 1]
(2, (1, 1, 0), (2, 0)): [264, 53, 27, 19, 9, 4, 2]
(2, (1, 1, 0), (2, 1)): [360, 49, 35, 26, 5, 3, 2]
(2, (1, 1, 0), (2, 2)): [370, 40, 21, 19, 2, 1, 1, 1]
(2, (1, 1, 0), (3, 0)): [93, 15, 12, 4, 4, 2]
(2, (1, 1, 0), (3, 1)): [155, 26, 23, 9, 4, 2, 1]
(2, (1, 1, 0), (3, 2)): [193, 28, 16, 6, 3, 0, 1, 1]
(2, (1, 1, 1), (0, 0)): [4572, 613, 712, 336, 272, 84, 27, 10, 3]
(2, (1, 1, 1), (0, 1)): [294, 25, 34, 14, 8, 2, 1]
(2, (1, 1, 1), (0, 2)): [130, 10, 4, 7, 4, 1]
(2, (1, 1, 1), (1, 0)): [192, 52, 40, 18, 18, 8, 2]
(2, (1, 1, 1), (1, 1)): [205, 28, 34, 13, 8, 2, 1]
(2, (1, 1, 1), (1, 2)): [161, 15, 13, 7, 4, 2]
(2, (1, 1, 1), (2, 0)): [49, 33, 10, 9, 10, 6, 1]
(2, (1, 1, 1), (2, 1)): [80, 31, 22, 6, 7, 3, 1]
(2, (1, 1, 1), (2, 2)): [106, 19, 13, 7, 5, 3]
(2, (1, 1, 1), (3, 0)): [9, 18, 2, 6, 4, 3, 1]
(2, (1, 1, 1), (3, 1)): [21, 32, 6, 5, 7, 1, 2]
(2, (1, 1, 1), (3, 2)): [39, 28, 8, 6, 5, 2, 2]
