(0, (0, 0, 0), (0, 0)): [1003582, 199082, 92529, 42177, 18840, 8133, 3369, 1411, 567, 264, 108, 53, 25, 8, 3, 1, 0, 1]
(0, (0, 0, 0), (0, 1)): [18068, 3279, 1580, 697, 307, 133, 46, 25, 6, 5, 1, 0, 2, 1, 0, 1]
(0, (0, 0, 0), (0, 2)): [6623, 1036, 502, 222, 99, 29, 16, 10, 2, 1, 0, 0, 1]
(0, (0, 0, 0), (1, 0)): [16765, 3582, 1838, 823, 399, 168, 80, 30, 11, 5, 3]
(0, (0, 0, 0), (1, 1)): [15365, 2933, 1477, 671, 312, 130, 45, 23, 6, 3, 3, 0, 1, 1, 0, 1]
(0, (0, 0, 0), (1, 2)): [9936, 1672, 797, 345, 179, 67, 21, 10, 5, 2, 0, 0, 2]
(0, (0, 0, 0), (2, 0)): [5559, 1324, 715, 354, 162, 78, 38, 13, 4, 2, 1]
(0, (0, 0, 0), (2, 1)): [8201, 1721, 928, 438, 202, 86, 38, 20, 3, 1, 1, 0, 0, 1]
(0, (0, 0, 0), (2, 2)): [7880, 1443, 737, 335, 165, 72, 21, 11, 3, 3, 1, 0, 2]
(0, (0, 0, 0), (3, 0)): [1830, 458, 293, 158, 69, 40, 17, 5, 3, 0, 1]
(0, (0, 0, 0), (3, 1)): [3318, 812, 503, 258, 104, 52, 21, 13, 4]
(0, (0, 0, 0), (3, 2)): [4527, 948, 593, 279, 129, 53, 15, 10, 5, 2, 0, 0, 2]
(0, (0, 0, 1), (0, 0)): [4209, 12535, 3393, 1622, 801, 337, 146, 72, 31, 17, 4, 1, 3, 1]
(0, (0, 1, 0), (0, 0)): [33604, 31179, 12220, 5772, 2823, 1240, 520, 220, 94, 55, 17, 5, 3, 2, 1]
(0, (0, 1, 0), (0, 1)): [573, 468, 178, 86, 30, 21, 8, 5, 1]
(0, (0, 1, 0), (0, 2)): [227, 145, 62, 24, 6, 9, 3, 0, 1]
(0, (0, 1, 0), (1, 0)): [538, 476, 204, 106, 52, 28, 10, 2, 1]
(0, (0, 1, 0), (1, 1)): [460, 396, 162, 82, 32, 14, 7, 5]
(0, (0, 1, 0), (1, 2)): [311, 243, 89, 49, 18, 10, 3, 2, 1]
(0, (0, 1, 0), (2, 0)): [194, 167, 68, 40, 21, 18, 4, 0, 1]
(0, (0, 1, 0), (2, 1)): [237, 203, 89, 46, 14, 16, 5, 3]
(0, (0, 1, 0), (2, 2)): [245, 178, 81, 39, 13, 7, 6, 1, 1]
(0, (0, 1, 0), (3, 0)): [73, 62, 31, 25, 14, 6, 2, 0, 1]
(0, (0, 1, 0), (3, 2)): [148, 111, 64, 30, 17, 6, 5]
(0, (0, 1, 1), (0, 0)): [2984, 4935, 6020, 2816, 1505, 698, 302, 143, 68, 28, 9, 6, 1, 2, 1, 0, 0, 1]
(0, (0, 1, 1), (0, 1)): [45, 61, 92, 38, 23, 7, 5, 3]
(0, (1, 0, 0), (0, 0)): [216913, 71582, 45678, 22588, 10779, 4872, 2070, 894, 367, 169, 74, 34, 15, 4, 2, 1, 0, 1]
(0, (1, 0, 0), (0, 1)): [3830, 1032, 763, 357, 187, 81, 29, 14, 6]
(0, (1, 0, 0), (0, 2)): [1475, 307, 249, 96, 54, 20, 12, 2, 5]
(0, (1, 0, 0), (1, 0)): [3331, 1073, 803, 391, 192, 73, 42, 15, 6, 6, 2]
(0, (1, 0, 0), (1, 1)): [2855, 835, 633, 301, 148, 55, 23, 14, 5, 4]
(0, (1, 0, 0), (1, 2)): [1860, 443, 354, 146, 75, 24, 16, 7, 3, 2]
(0, (1, 0, 0), (2, 0)): [1044, 360, 260, 148, 78, 33, 13, 6, 2, 2, 2]
(0, (1, 0, 0), (2, 1)): [1384, 422, 326, 178, 91, 38, 14, 6, 3, 3]
(0, (1, 0, 0), (2, 2)): [1291, 335, 263, 125, 66, 21, 14, 7, 2, 3]
(0, (1, 0, 0), (3, 0)): [303, 126, 101, 65, 40, 10, 3, 4, 0, 1, 1]
(0, (1, 0, 0), (3, 2)): [658, 208, 161, 84, 60, 16, 6, 5, 2, 3]
(0, (1, 0, 1), (0, 0)): [5112, 15622, 6331, 4362, 2343, 1061, 524, 216, 100, 47, 20, 11, 5, 1, 1, 0, 0, 1]
(0, (1, 0, 1), (0, 1)): [79, 229, 96, 63, 29, 13, 11, 2, 1, 0, 0, 0, 1]
(0, (1, 0, 1), (0, 2)): [28, 87, 25, 24, 11, 7, 4, 0, 1]
(0, (1, 0, 1), (1, 0)): [74, 249, 94, 76, 37, 16, 2, 3, 4, 1, 1]
(0, (1, 0, 1), (1, 2)): [52, 100, 32, 27, 12, 9, 3, 1, 2]
(0, (1, 0, 1), (2, 2)): [43, 93, 28, 20, 12, 5, 2, 1, 1, 0, 1]
(0, (1, 1, 0), (0, 0)): [29609, 18885, 14430, 10248, 5433, 2608, 1130, 543, 211, 95, 44, 21, 6, 1]
(0, (1, 1, 0), (0, 1)): [560, 304, 209, 161, 89, 36, 13, 11, 2, 0, 1]
(0, (1, 1, 0), (0, 2)): [222, 110, 70, 49, 34, 13, 6, 6]
(0, (1, 1, 0), (1, 0)): [431, 272, 223, 159, 86, 46, 16, 10, 1, 3]
(0, (1, 1, 0), (1, 1)): [372, 204, 164, 118, 56, 29, 12, 9, 2, 1, 1]
(0, (1, 1, 0), (1, 2)): [259, 117, 90, 66, 36, 15, 4, 10, 1, 1]
(0, (1, 1, 0), (2, 0)): [120, 89, 70, 61, 33, 19, 5, 4, 1, 1]
(0, (1, 1, 0), (2, 1)): [171, 112, 74, 70, 36, 17, 9, 5, 1, 1]
(0, (1, 1, 0), (2, 2)): [171, 96, 70, 52, 24, 15, 3, 7, 1, 2]
(0, (1, 1, 1), (0, 0)): [2938, 5513, 4553, 3444, 2729, 1378, 639, 324, 135, 59, 31, 12, 2, 1, 1]
(1, (0, 0, 0), (0, 0)): [808796, 87463, 36036, 14324, 5605, 2132, 827, 318, 124, 50, 22, 13, 6, 2, 0, 1]
(1, (0, 0, 0), (0, 1)): [14638, 1477, 638, 239, 87, 23, 11, 8, 1, 0, 0, 0, 0, 1]
(1, (0, 0, 0), (0, 2)): [5406, 436, 183, 64, 22, 6, 1, 1]
(1, (0, 0, 0), (1, 0)): [14099, 1747, 770, 282, 129, 48, 21, 6, 0, 1, 0, 0, 0, 0, 0, 1]
(1, (0, 0, 0), (1, 1)): [12622, 1395, 576, 207, 93, 37, 17, 6, 1, 1, 0, 0, 0, 1]
(1, (0, 0, 0), (1, 2)): [8036, 705, 281, 118, 51, 23, 8, 2]
(1, (0, 0, 0), (2, 0)): [4896, 673, 345, 117, 52, 20, 8, 4, 0, 0, 0, 0, 0, 0, 0, 1]
(1, (0, 0, 0), (2, 1)): [7019, 866, 371, 132, 60, 20, 9, 6, 0, 1]
(1, (0, 0, 0), (2, 2)): [6667, 653, 290, 108, 47, 27, 11, 4]
(1, (0, 0, 0), (3, 0)): [1575, 243, 164, 54, 26, 8, 5, 0, 0, 0, 0, 0, 0, 0, 0, 1]
(1, (0, 0, 0), (3, 1)): [2961, 453, 239, 83, 46, 7, 3, 3]
(1, (0, 0, 0), (3, 2)): [3809, 465, 245, 84, 44, 17, 10, 3]
(1, (0, 0, 1), (0, 0)): [21937, 31386, 6192, 2605, 1103, 466, 177, 71, 33, 10, 5, 4, 4, 1]
(1, (0, 0, 1), (0, 1)): [369, 383, 86, 29, 14, 7, 5]
(1, (0, 0, 1), (1, 0)): [366, 520, 108, 52, 25, 12, 5, 3, 1]
(1, (0, 0, 1), (1, 1)): [322, 375, 73, 32, 17, 6, 2, 2]
(1, (0, 0, 1), (1, 2)): [240, 203, 31, 13, 11, 2, 2]
(1, (0, 0, 1), (2, 0)): [162, 214, 47, 25, 12, 7, 5, 1, 1]
(1, (0, 0, 1), (2, 1)): [156, 223, 38, 19, 8, 7, 5, 2]
(1, (0, 0, 1), (2, 2)): [164, 165, 31, 14, 6, 2, 1]
(1, (0, 0, 1), (3, 1)): [88, 111, 15, 12, 4, 3, 3, 2]
(1, (0, 0, 1), (3, 2)): [106, 102, 22, 11, 5, 2, 3]
(1, (0, 1, 0), (0, 0)): [106961, 48433, 17379, 7324, 2992, 1168, 405, 196, 52, 30, 18, 7, 7, 2, 1]
(1, (0, 1, 0), (0, 1)): [1663, 651, 248, 106, 31, 12, 6, 2, 1]
(1, (0, 1, 0), (0, 2)): [659, 227, 75, 23, 9, 5, 2]
(1, (0, 1, 0), (1, 0)): [1983, 895, 322, 184, 81, 25, 12, 4, 0, 0, 1, 0, 0, 1]
(1, (0, 1, 0), (1, 1)): [1463, 567, 233, 106, 37, 12, 7, 3, 1, 0, 0, 0, 0, 1]
(1, (0, 1, 0), (1, 2)): [947, 334, 133, 43, 15, 6, 5, 2]
(1, (0, 1, 0), (2, 0)): [866, 394, 145, 99, 41, 15, 8, 3, 0, 0, 1]
(1, (0, 1, 0), (2, 1)): [796, 345, 122, 73, 30, 10, 6, 2, 0, 0, 1, 0, 0, 1]
(1, (0, 1, 0), (2, 2)): [755, 302, 111, 39, 21, 4, 3, 1]
(1, (0, 1, 0), (3, 0)): [465, 188, 61, 70, 29, 8, 5, 2]
(1, (0, 1, 0), (3, 1)): [394, 156, 57, 45, 19, 7, 3, 1, 0, 0, 0, 0, 0, 1]
(1, (0, 1, 0), (3, 2)): [427, 168, 74, 41, 23, 0, 4, 1, 0, 0, 0, 0, 0, 1]
(1, (0, 1, 1), (0, 0)): [17884, 14352, 13306, 5301, 2725, 1077, 435, 181, 82, 23, 8, 6, 1, 2, 0, 1]
(1, (0, 1, 1), (0, 1)): [228, 165, 138, 55, 24, 14, 6, 2]
(1, (0, 1, 1), (1, 0)): [421, 323, 241, 114, 81, 29, 11, 7, 3, 1]
(1, (0, 1, 1), (1, 1)): [194, 143, 132, 50, 25, 6, 5, 3]
(1, (0, 1, 1), (1, 2)): [148, 77, 74, 32, 10, 4, 2]
(1, (0, 1, 1), (2, 0)): [281, 212, 136, 77, 63, 27, 9, 6, 3, 1]
(1, (0, 1, 1), (2, 2)): [110, 78, 67, 28, 17, 2, 1, 2]
(1, (0, 1, 1), (3, 0)): [231, 169, 108, 59, 55, 23, 6, 6, 3, 1]
(1, (0, 1, 1), (3, 2)): [68, 55, 36, 14, 9, 3, 1, 1]
(1, (1, 0, 0), (0, 0)): [314479, 55465, 35498, 15219, 6164, 2445, 967, 354, 161, 67, 24, 19, 4, 2, 0, 2]
(1, (1, 0, 0), (0, 1)): [5535, 765, 587, 245, 95, 32, 14, 3, 1, 2]
(1, (1, 0, 0), (0, 2)): [2005, 235, 208, 70, 28, 10, 6, 1, 0, 2]
(1, (1, 0, 0), (1, 0)): [5239, 922, 672, 312, 133, 44, 24, 9, 1, 2, 0, 0, 1, 0, 0, 1]
(1, (1, 0, 0), (1, 1)): [4442, 650, 504, 203, 81, 29, 13, 6, 1, 0, 0, 0, 0, 0, 0, 1]
(1, (1, 0, 0), (1, 2)): [2753, 337, 291, 99, 44, 16, 5, 4, 0, 1]
(1, (1, 0, 0), (2, 0)): [1710, 335, 254, 146, 57, 23, 10, 0, 1, 2, 0, 0, 1]
(1, (1, 0, 0), (2, 1)): [2280, 378, 308, 139, 56, 17, 10, 2, 2, 0, 0, 0, 0, 0, 0, 1]
(1, (1, 0, 0), (2, 2)): [2087, 284, 256, 96, 39, 11, 5, 3, 1, 1]
(1, (1, 0, 0), (3, 0)): [511, 112, 82, 63, 25, 10, 4, 0, 0, 2, 0, 0, 1]
(1, (1, 0, 0), (3, 1)): [870, 202, 144, 85, 30, 12, 6, 1, 0, 1, 0, 0, 0, 0, 0, 1]
(1, (1, 0, 0), (3, 2)): [1075, 202, 155, 79, 29, 12, 5, 1, 1, 1, 0, 0, 0, 0, 0, 1]
(1, (1, 0, 1), (0, 0)): [24884, 29582, 9608, 6280, 2683, 1124, 442, 175, 59, 43, 12, 4, 0, 1]
(1, (1, 0, 1), (1, 0)): [418, 476, 158, 108, 59, 17, 5, 1, 0, 2]
(1, (1, 0, 1), (2, 0)): [159, 166, 54, 33, 23, 10, 1, 1, 0, 1]
(1, (1, 0, 1), (2, 1)): [156, 172, 56, 43, 26, 6, 4, 0, 2]
(1, (1, 1, 0), (0, 0)): [85706, 26605, 18012, 12662, 5398, 2256, 885, 360, 148, 59, 21, 12, 6, 4, 1]
(1, (1, 1, 0), (0, 1)): [1544, 400, 253, 198, 79, 30, 18, 5, 2]
(1, (1, 1, 0), (0, 2)): [617, 156, 83, 67, 24, 8, 4, 0, 1]
(1, (1, 1, 0), (1, 0)): [1394, 463, 331, 254, 108, 40, 19, 8, 1, 2, 0, 0, 2, 1]
(1, (1, 1, 0), (1, 1)): [1156, 322, 234, 168, 74, 29, 18, 7, 0, 2]
(1, (1, 1, 0), (1, 2)): [852, 206, 130, 101, 39, 14, 8, 1]
(1, (1, 1, 0), (2, 0)): [483, 169, 115, 100, 41, 16, 4, 2, 1, 0, 0, 0, 2, 1]
(1, (1, 1, 0), (2, 2)): [617, 159, 93, 73, 37, 12, 4, 1]
(1, (1, 1, 0), (3, 2)): [327, 95, 68, 43, 30, 14, 8, 4, 0, 1, 0, 0, 1]
(1, (1, 1, 1), (0, 0)): [17783, 13997, 9039, 5945, 4300, 1844, 747, 283, 116, 43, 16, 14, 6, 2, 1, 1]
(1, (1, 1, 1), (1, 0)): [327, 245, 164, 108, 85, 38, 16, 6, 2, 2, 0, 1, 1]
(1, (1, 1, 1), (1, 1)): [272, 166, 126, 88, 71, 28, 6, 4, 1]
(1, (1, 1, 1), (1, 2)): [215, 87, 82, 51, 35, 20, 7]
(1, (1, 1, 1), (2, 0)): [98, 100, 65, 43, 26, 18, 10, 3, 1, 1, 0, 1, 1]
(1, (1, 1, 1), (2, 1)): [138, 113, 76, 52, 43, 13, 8, 4, 1, 1, 0, 1]
(1, (1, 1, 1), (2, 2)): [148, 81, 65, 57, 34, 14, 6, 1]
(1, (1, 1, 1), (3, 0)): [18, 37, 19, 19, 8, 11, 4, 0, 1, 0, 0, 0, 1]
(1, (1, 1, 1), (3, 2)): [74, 52, 33, 35, 22, 12, 3, 2]
(2, (0, 0, 0), (0, 0)): [698609, 31338, 10640, 3417, 1147, 376, 134, 41, 8, 3, 5, 0, 1]
(2, (0, 0, 0), (0, 1)): [12642, 538, 191, 45, 27, 6, 6, 1]
(2, (0, 0, 0), (0, 2)): [4522, 143, 40, 14, 6, 1, 1, 1]
(2, (0, 0, 0), (1, 0)): [12816, 737, 248, 72, 31, 10, 3, 0, 0, 0, 0, 0, 1]
(2, (0, 0, 0), (1, 1)): [11247, 567, 203, 39, 27, 5, 6]
(2, (0, 0, 0), (1, 2)): [7031, 258, 87, 23, 12, 3, 3]
(2, (0, 0, 0), (2, 0)): [4667, 278, 114, 44, 15, 6, 1, 0, 0, 0, 0, 0, 1]
(2, (0, 0, 0), (2, 1)): [6533, 342, 128, 38, 9, 4, 3]
(2, (0, 0, 0), (2, 2)): [5903, 263, 96, 25, 11, 4, 1]
(2, (0, 0, 0), (3, 0)): [1592, 108, 63, 23, 11, 3, 1, 0, 0, 0, 0, 0, 1]
(2, (0, 0, 0), (3, 1)): [2973, 165, 86, 29, 10, 5, 2]
(2, (0, 0, 0), (3, 2)): [3748, 198, 96, 24, 7, 4]
(2, (0, 0, 1), (0, 0)): [63745, 19918, 3888, 1341, 480, 170, 48, 13, 3, 2, 0, 1]
(2, (0, 0, 1), (0, 1)): [1016, 281, 63, 22, 9, 3, 1]
(2, (0, 0, 1), (0, 2)): [393, 70, 20, 4, 1, 1]
(2, (0, 0, 1), (1, 0)): [1197, 358, 81, 36, 9, 3, 0, 1]
(2, (0, 0, 1), (1, 1)): [970, 242, 58, 19, 8, 1, 1]
(2, (0, 0, 1), (1, 2)): [629, 114, 25, 9, 2, 1, 1]
(2, (0, 0, 1), (2, 1)): [560, 137, 43, 16, 9, 1, 0, 1]
(2, (0, 0, 1), (2, 2)): [520, 96, 33, 6, 3, 2, 1]
(2, (0, 0, 1), (3, 1)): [278, 72, 18, 14, 6]
(2, (0, 0, 1), (3, 2)): [318, 70, 24, 9, 2, 1]
(2, (0, 1, 0), (0, 0)): [170591, 37167, 9815, 3446, 1130, 383, 110, 31, 7, 4, 4, 0, 1]
(2, (0, 1, 0), (0, 1)): [2646, 470, 129, 49, 13, 1, 1]
(2, (0, 1, 0), (0, 2)): [1000, 137, 34, 10, 4]
(2, (0, 1, 0), (1, 0)): [3511, 601, 255, 104, 24, 14, 5, 1, 0, 0, 0, 0, 1]
(2, (0, 1, 0), (1, 1)): [2469, 413, 149, 53, 12, 4, 3, 1]
(2, (0, 1, 0), (1, 2)): [1541, 218, 58, 32, 3]
(2, (0, 1, 0), (2, 0)): [1655, 264, 130, 69, 17, 9, 3, 0, 0, 0, 0, 0, 1]
(2, (0, 1, 0), (2, 1)): [1505, 265, 93, 33, 9, 6, 3, 1, 0, 0, 0, 0, 1]
(2, (0, 1, 0), (2, 2)): [1348, 201, 58, 34, 5, 3, 0, 1]
(2, (0, 1, 0), (3, 0)): [932, 122, 78, 49, 13, 4, 2]
(2, (0, 1, 0), (3, 1)): [715, 124, 61, 21, 9, 3, 3, 0, 0, 0, 0, 0, 1]
(2, (0, 1, 0), (3, 2)): [870, 138, 53, 28, 5, 3, 1, 0, 0, 0, 0, 0, 1]
(2, (0, 1, 1), (0, 0)): [39801, 3459, 8901, 2398, 944, 304, 113, 38, 15, 4, 3, 1, 0, 1]
(2, (0, 1, 1), (1, 0)): [803, 84, 158, 56, 25, 7, 4, 0, 0, 0, 1]
(2, (0, 1, 1), (2, 0)): [411, 51, 78, 35, 20, 6, 1, 0, 0, 0, 1]
(2, (0, 1, 1), (2, 1)): [289, 26, 72, 16, 5, 4]
(2, (0, 1, 1), (2, 2)): [299, 26, 52, 13, 2, 4, 1, 1]
(2, (0, 1, 1), (3, 2)): [202, 23, 38, 10, 4, 4, 0, 1]
(2, (1, 0, 0), (0, 0)): [382400, 27639, 17758, 5682, 1830, 578, 237, 65, 16, 8, 6, 0, 1]
(2, (1, 0, 0), (0, 1)): [6286, 335, 283, 72, 30, 7, 6, 1]
(2, (1, 0, 0), (0, 2)): [2267, 89, 77, 15, 10, 1, 1]
(2, (1, 0, 0), (1, 0)): [6519, 536, 391, 147, 39, 11, 7, 1, 0, 0, 0, 0, 1]
(2, (1, 0, 0), (1, 1)): [5221, 328, 271, 80, 24, 3, 4]
(2, (1, 0, 0), (1, 2)): [3267, 158, 118, 42, 11, 2]
(2, (1, 0, 0), (2, 0)): [2188, 207, 139, 70, 17, 5, 4, 0, 0, 0, 0, 0, 1]
(2, (1, 0, 0), (2, 1)): [2658, 169, 148, 51, 20, 6, 2, 0, 0, 0, 0, 0, 1]
(2, (1, 0, 0), (2, 2)): [2471, 143, 116, 37, 13, 5, 1]
(2, (1, 0, 0), (3, 0)): [720, 95, 42, 42, 4, 1, 3]
(2, (1, 0, 0), (3, 1)): [1148, 115, 70, 41, 9, 3, 2, 0, 0, 0, 0, 0, 1]
(2, (1, 0, 0), (3, 2)): [1376, 115, 78, 33, 9, 7, 1, 0, 0, 0, 0, 0, 1]
(2, (1, 0, 1), (0, 0)): [63480, 15665, 6207, 3684, 1186, 408, 149, 47, 19, 6, 0, 2, 1]
(2, (1, 0, 1), (0, 1)): [1097, 225, 95, 63, 20, 1, 2, 1, 0, 0, 0, 1]
(2, (1, 0, 1), (0, 2)): [438, 68, 29, 13, 8]
(2, (1, 0, 1), (1, 0)): [1013, 233, 109, 78, 29, 11, 4]
(2, (1, 0, 1), (1, 2)): [574, 84, 33, 24, 9, 2, 1, 1, 0, 0, 0, 1]
(2, (1, 0, 1), (2, 0)): [357, 83, 56, 28, 10, 4, 2]
(2, (1, 0, 1), (2, 1)): [455, 107, 36, 31, 14, 4]
(2, (1, 0, 1), (3, 0)): [130, 25, 27, 14, 6, 1, 2]
(2, (1, 0, 1), (3, 1)): [208, 42, 25, 18, 6, 1, 2]
(2, (1, 1, 0), (0, 0)): [148641, 23058, 11653, 7722, 2467, 824, 265, 90, 34, 14, 7, 1, 2, 1]
(2, (1, 1, 0), (0, 1)): [2631, 355, 162, 116, 32, 7, 4, 2, 0, 0, 0, 0, 1]
(2, (1, 1, 0), (0, 2)): [1047, 109, 46, 28, 8, 1, 1]
(2, (1, 1, 0), (1, 0)): [2551, 378, 228, 175, 52, 19, 7, 2, 1, 1]
(2, (1, 1, 0), (1, 1)): [2126, 284, 146, 119, 26, 7, 3, 2, 1, 1, 0, 0, 1]
(2, (1, 1, 0), (1, 2)): [1472, 162, 77, 47, 11, 3, 2, 1]
(2, (1, 1, 0), (2, 0)): [895, 146, 101, 71, 26, 12, 3, 1]
(2, (1, 1, 0), (2, 1)): [1146, 145, 101, 77, 21, 11, 3, 1, 1, 1, 0, 0, 1]
(2, (1, 1, 0), (2, 2)): [1096, 132, 69, 63, 13, 4, 4, 1, 1]
(2, (1, 1, 0), (3, 1)): [494, 75, 60, 38, 10, 8, 2, 1, 0, 0, 0, 0, 1]
(2, (1, 1, 1), (0, 0)): [43200, 6342, 7230, 3619, 2577, 839, 275, 100, 38, 7, 6, 0, 1, 1]
(2, (1, 1, 1), (1, 0)): [705, 202, 131, 77, 52, 22, 6, 1, 1, 0, 1]
