(0, (0, 0, 0), (0, 0)): [293095, 61490, 29263, 13662, 6251, 2768, 1212, 510, 214, 109, 38, 21, 11, 3, 2]
(0, (0, 0, 1), (0, 0)): [1290, 4613, 1319, 652, 325, 130, 67, 36, 14, 7, 2, 1, 2]
(0, (0, 1, 0), (0, 0)): [9524, 10150, 3953, 1877, 983, 463, 191, 91, 41, 25, 5, 3, 1]
(0, (0, 1, 1), (0, 0)): [847, 1632, 2136, 989, 520, 253, 114, 53, 25, 9, 5, 1, 0, 1, 1]
(0, (1, 0, 0), (0, 0)): [65206, 23593, 14778, 7528, 3610, 1669, 747, 313, 132, 70, 28, 13, 7, 3, 2]
(0, (1, 0, 1), (0, 0)): [1580, 5124, 2284, 1580, 874, 419, 218, 89, 42, 24, 8, 6, 2, 0, 1]
(0, (1, 1, 0), (0, 0)): [8548, 5897, 4847, 3332, 1788, 855, 407, 184, 74, 39, 20, 7, 3, 1]
(0, (1, 1, 1), (0, 0)): [864, 1645, 1424, 1177, 923, 464, 243, 107, 50, 26, 11, 3, 0, 1, 1]
(1, (0, 0, 0), (0, 0)): [232010, 26103, 11036, 4429, 1784, 704, 292, 120, 47, 16, 6, 5, 2]
(1, (0, 0, 1), (0, 0)): [7367, 11957, 2426, 1033, 443, 179, 73, 40, 16, 6, 5, 3, 1]
(1, (0, 1, 0), (0, 0)): [33619, 17096, 5862, 2443, 1037, 439, 159, 74, 22, 16, 2, 4, 3]
(1, (0, 1, 0), (1, 0)): [34, 20, 7, 4, 3, 1]
(1, (0, 1, 0), (2, 0)): [16, 10, 3, 2, 3, 1]
(1, (0, 1, 1), (0, 0)): [5823, 5199, 5240, 2030, 976, 393, 170, 71, 37, 9, 5, 2, 1, 1]
(1, (1, 0, 0), (0, 0)): [96416, 18642, 11403, 5072, 2050, 860, 340, 130, 61, 28, 9, 8, 2, 2]
(1, (1, 0, 1), (0, 0)): [7977, 10384, 3594, 2313, 960, 446, 169, 65, 25, 21, 6, 2]
(1, (1, 1, 0), (0, 0)): [24742, 8113, 5918, 3947, 1757, 783, 307, 114, 43, 23, 4, 6, 1, 3]
(1, (1, 1, 1), (0, 0)): [4877, 4113, 2667, 1930, 1317, 599, 247, 95, 44, 18, 5, 3, 1, 1]
(2, (0, 0, 0), (0, 0)): [198468, 8813, 3095, 970, 347, 136, 46, 19, 3, 1, 1]
(2, (0, 0, 1), (0, 0)): [23731, 7900, 1502, 496, 178, 81, 26, 8, 0, 1]
(2, (0, 0, 1), (1, 0)): [21, 7, 3, 0, 0, 1]
(2, (0, 0, 1), (2, 0)): [13, 3, 2, 0, 0, 1]
(2, (0, 0, 1), (3, 0)): [10, 2, 2, 0, 0, 1]
(2, (0, 1, 0), (0, 0)): [55004, 13138, 3248, 1112, 371, 135, 42, 12, 4, 1]
(2, (0, 1, 0), (1, 0)): [47, 11, 6, 2, 1]
(2, (0, 1, 0), (2, 0)): [31, 6, 5, 2, 1]
(2, (0, 1, 0), (3, 0)): [21, 6, 4, 1, 1]
(2, (0, 1, 1), (0, 0)): [14191, 1246, 3466, 945, 338, 130, 44, 16, 8, 2, 1]
(2, (1, 0, 0), (0, 0)): [118714, 9446, 5337, 1782, 616, 205, 85, 26, 9, 2, 1]
(2, (1, 0, 1), (0, 0)): [21484, 5746, 2532, 1342, 432, 175, 56, 24, 8, 1, 0, 1]
(2, (1, 1, 0), (0, 0)): [40668, 6566, 3618, 2186, 732, 265, 77, 21, 14, 5, 2, 0, 0, 1]
(2, (1, 1, 0), (1, 0)): [34, 4, 6, 6, 2, 2, 0, 1]
(2, (1, 1, 0), (2, 0)): [24, 3, 2, 4, 1, 1, 0, 1]
(2, (1, 1, 0), (3, 0)): [15, 2, 1, 1, 1, 1]
(2, (1, 1, 1), (0, 0)): [12101, 1845, 2193, 1166, 796, 283, 87, 34, 16, 1, 2, 0, 0, 1]
