(0, (0, 0, 0), (0, 0)): [66702, 13145, 6003, 2651, 1204, 539, 189, 74, 30, 11, 6, 3]
(0, (0, 0, 0), (0, 1)): [3789, 660, 294, 145, 41, 29, 9, 7, 1]
(0, (0, 0, 0), (0, 2)): [1455, 223, 96, 48, 15, 9, 4, 1, 1]
(0, (0, 0, 0), (1, 0)): [3464, 706, 324, 148, 77, 38, 11, 5, 4, 2]
(0, (0, 0, 0), (1, 1)): [3234, 620, 262, 134, 50, 23, 8, 5, 1, 1]
(0, (0, 0, 0), (1, 2)): [2165, 367, 149, 74, 32, 17, 3, 1, 1, 1]
(0, (0, 0, 0), (2, 0)): [1089, 236, 125, 62, 28, 21, 4, 3]
(0, (0, 0, 0), (2, 1)): [1723, 338, 183, 80, 32, 18, 5, 5, 1]
(0, (0, 0, 0), (2, 2)): [1704, 286, 172, 69, 30, 18, 4, 0, 0, 1]
(0, (0, 0, 0), (3, 0)): [369, 83, 50, 30, 12, 10, 2, 1]
(0, (0, 0, 0), (3, 1)): [668, 166, 93, 48, 18, 12, 2, 3, 1]
(0, (0, 0, 0), (3, 2)): [894, 210, 122, 50, 22, 15, 2, 0, 1, 1]
(0, (0, 0, 1), (0, 0)): [254, 662, 158, 77, 26, 27, 4, 5, 1, 2]
(0, (0, 0, 1), (0, 1)): [18, 30, 11, 6, 0, 1, 0, 1]
(0, (0, 0, 1), (0, 2)): [7, 14, 1, 3]
(0, (0, 0, 1), (1, 0)): [14, 37, 7, 6, 2, 1, 0, 1]
(0, (0, 0, 1), (1, 1)): [17, 18, 8, 3, 2, 0, 0, 1]
(0, (0, 0, 1), (1, 2)): [12, 19, 4, 3, 1, 0, 0, 1]
(0, (0, 0, 1), (2, 0)): [5, 22, 3, 4, 0, 1]
(0, (0, 0, 1), (2, 1)): [6, 17, 3, 4, 1]
(0, (0, 0, 1), (2, 2)): [7, 13, 6, 3, 1]
(0, (0, 0, 1), (3, 0)): [2, 5, 2, 1]
(0, (0, 0, 1), (3, 1)): [5, 10, 2, 2, 1]
(0, (0, 0, 1), (3, 2)): [4, 10, 3, 1]
(0, (0, 1, 0), (0, 0)): [2148, 1875, 728, 354, 173, 73, 27, 10, 6, 3]
(0, (0, 1, 0), (0, 1)): [111, 81, 24, 11, 7, 2, 1, 1]
(0, (0, 1, 0), (0, 2)): [45, 29, 10, 2, 2, 1]
(0, (0, 1, 0), (1, 0)): [111, 82, 40, 24, 4, 3, 1, 1]
(0, (0, 1, 0), (1, 1)): [90, 77, 25, 16, 3, 2, 1, 1]
(0, (0, 1, 0), (1, 2)): [59, 59, 18, 4, 4, 1, 0, 1]
(0, (0, 1, 0), (2, 0)): [41, 23, 12, 10, 2]
(0, (0, 1, 0), (2, 1)): [49, 39, 12, 12, 1]
(0, (0, 1, 0), (2, 2)): [45, 39, 12, 9, 3]
(0, (0, 1, 0), (3, 0)): [15, 6, 4, 5, 2]
(0, (0, 1, 0), (3, 1)): [17, 13, 6, 7, 1]
(0, (0, 1, 0), (3, 2)): [28, 22, 9, 7, 1]
(0, (0, 1, 1), (0, 0)): [219, 309, 330, 154, 100, 39, 16, 6, 4, 2, 1]
(0, (0, 1, 1), (0, 1)): [5, 12, 18, 9, 2, 1, 1]
(0, (0, 1, 1), (0, 2)): [5, 5, 4, 3, 0, 1, 1]
(0, (0, 1, 1), (1, 0)): [12, 15, 25, 5, 11, 2, 0, 1, 1]
(0, (0, 1, 1), (1, 1)): [4, 11, 21, 9, 3, 0, 0, 1, 1]
(0, (0, 1, 1), (1, 2)): [5, 9, 8, 5, 2, 1, 0, 0, 1]
(0, (0, 1, 1), (2, 0)): [8, 6, 12, 0, 8, 1]
(0, (0, 1, 1), (2, 1)): [4, 6, 16, 2, 2]
(0, (0, 1, 1), (3, 0)): [5, 5, 5, 0, 5, 1]
(0, (0, 1, 1), (3, 1)): [3, 3, 5, 0, 2]
(0, (0, 1, 1), (3, 2)): [1, 4, 6, 1, 2, 1, 0, 0, 1]
(0, (1, 0, 0), (0, 0)): [14266, 4215, 2903, 1343, 681, 323, 119, 45, 26, 7, 2, 1]
(0, (1, 0, 0), (0, 1)): [837, 205, 134, 59, 37, 19, 7, 2, 2]
(0, (1, 0, 0), (0, 2)): [333, 67, 52, 14, 8, 7, 2, 0, 2]
(0, (1, 0, 0), (1, 0)): [670, 191, 174, 71, 27, 16, 4, 2, 2, 1]
(0, (1, 0, 0), (1, 1)): [598, 154, 138, 55, 21, 11, 5, 2, 1, 1]
(0, (1, 0, 0), (1, 2)): [405, 99, 82, 26, 9, 3, 3, 2, 2, 1]
(0, (1, 0, 0), (2, 0)): [216, 61, 52, 26, 10, 6, 1, 0, 1]
(0, (1, 0, 0), (2, 1)): [273, 69, 71, 29, 10, 9, 3, 0, 1]
(0, (1, 0, 0), (2, 2)): [295, 73, 55, 23, 10, 7, 4, 1, 1]
(0, (1, 0, 0), (3, 0)): [62, 27, 20, 10, 5, 1, 1]
(0, (1, 0, 0), (3, 1)): [87, 33, 37, 20, 5, 2, 0, 0, 1]
(0, (1, 0, 0), (3, 2)): [131, 55, 44, 20, 8, 5, 1, 1, 2]
(0, (1, 0, 1), (0, 0)): [308, 965, 364, 239, 127, 56, 29, 11, 4, 3, 1]
(0, (1, 0, 1), (0, 1)): [22, 47, 15, 11, 5, 0, 3]
(0, (1, 0, 1), (0, 2)): [8, 20, 4, 3, 1, 0, 1]
(0, (1, 0, 1), (1, 0)): [17, 45, 15, 13, 7, 4, 1, 2, 2]
(0, (1, 0, 1), (1, 1)): [20, 36, 10, 13, 4, 1, 2]
(0, (1, 0, 1), (1, 2)): [19, 24, 7, 6, 0, 0, 2]
(0, (1, 0, 1), (2, 0)): [6, 14, 7, 4, 5, 3, 0, 2, 1]
(0, (1, 0, 1), (2, 1)): [4, 20, 7, 5, 5, 3, 1, 0, 1]
(0, (1, 0, 1), (2, 2)): [11, 18, 7, 3, 1, 0, 2]
(0, (1, 0, 1), (3, 0)): [3, 4, 3, 3, 1, 1, 0, 2]
(0, (1, 0, 1), (3, 1)): [2, 12, 2, 5, 3, 1]
(0, (1, 0, 1), (3, 2)): [4, 9, 4, 2, 0, 1, 1]
(0, (1, 1, 0), (0, 0)): [2106, 1135, 793, 580, 335, 155, 63, 24, 13, 3, 0, 1]
(0, (1, 1, 0), (0, 1)): [119, 54, 36, 29, 9, 6, 3, 3, 1]
(0, (1, 1, 0), (0, 2)): [50, 23, 10, 6, 1, 4, 2, 2]
(0, (1, 1, 0), (1, 0)): [114, 47, 43, 30, 12, 10, 3, 2]
(0, (1, 1, 0), (1, 1)): [90, 42, 33, 21, 6, 4, 3, 3, 1]
(0, (1, 1, 0), (1, 2)): [75, 20, 20, 12, 2, 5, 0, 5, 1]
(0, (1, 1, 0), (2, 0)): [37, 14, 11, 11, 4, 2]
(0, (1, 1, 0), (2, 1)): [47, 22, 10, 10, 5, 3, 3]
(0, (1, 1, 0), (2, 2)): [50, 15, 12, 5, 2, 4, 0, 3, 1]
(0, (1, 1, 0), (3, 0)): [10, 4, 6, 3, 1, 1]
(0, (1, 1, 0), (3, 1)): [23, 7, 9, 8, 4, 1, 2]
(0, (1, 1, 0), (3, 2)): [32, 6, 7, 7, 2, 2]
(0, (1, 1, 1), (0, 0)): [262, 344, 277, 184, 168, 78, 37, 16, 9, 5]
(0, (1, 1, 1), (0, 1)): [22, 22, 20, 9, 8, 7, 3, 3, 1]
(0, (1, 1, 1), (0, 2)): [10, 11, 7, 1, 2, 2, 1, 0, 1]
(0, (1, 1, 1), (1, 0)): [12, 15, 16, 13, 11, 4, 2, 1, 1]
(0, (1, 1, 1), (1, 1)): [15, 17, 20, 11, 6, 6, 3, 3]
(0, (1, 1, 1), (1, 2)): [14, 12, 13, 4, 3, 3, 0, 1, 1]
(0, (1, 1, 1), (2, 0)): [4, 5, 5, 6, 4, 2]
(0, (1, 1, 1), (2, 1)): [8, 6, 6, 8, 3, 3, 2]
(0, (1, 1, 1), (2, 2)): [9, 5, 11, 6, 3, 2, 1]
(0, (1, 1, 1), (3, 0)): [1, 3, 3, 2, 3]
(0, (1, 1, 1), (3, 1)): [2, 5, 5, 5, 0, 2]
(0, (1, 1, 1), (3, 2)): [2, 4, 7, 6, 1, 2, 1]
(1, (0, 0, 0), (0, 0)): [54313, 6036, 2423, 953, 389, 133, 44, 15, 3, 1, 4]
(1, (0, 0, 0), (0, 1)): [3065, 295, 114, 48, 12, 2, 2, 1]
(1, (0, 0, 0), (0, 2)): [1149, 84, 28, 8, 5, 0, 1]
(1, (0, 0, 0), (1, 0)): [2880, 345, 144, 54, 28, 13, 3, 2]
(1, (0, 0, 0), (1, 1)): [2728, 283, 102, 44, 15, 11, 2, 1]
(1, (0, 0, 0), (1, 2)): [1730, 128, 48, 24, 12, 6, 1]
(1, (0, 0, 0), (2, 0)): [944, 117, 67, 27, 12, 4, 1, 1]
(1, (0, 0, 0), (2, 1)): [1459, 172, 78, 31, 8, 2, 1, 2]
(1, (0, 0, 0), (2, 2)): [1428, 129, 59, 27, 8, 6, 1]
(1, (0, 0, 0), (3, 0)): [288, 44, 26, 8, 8, 3, 1]
(1, (0, 0, 0), (3, 1)): [571, 88, 44, 17, 11, 1, 0, 2]
(1, (0, 0, 0), (3, 2)): [807, 91, 44, 17, 8, 4, 1, 1]
(1, (0, 0, 1), (0, 0)): [1250, 1674, 299, 120, 52, 35, 8, 2, 2]
(1, (0, 0, 1), (0, 1)): [87, 73, 13, 7, 3, 3, 1]
(1, (0, 0, 1), (0, 2)): [34, 22, 4, 2, 0, 1, 1]
(1, (0, 0, 1), (1, 0)): [63, 91, 14, 8, 5, 1, 0, 1]
(1, (0, 0, 1), (1, 1)): [79, 64, 10, 7, 5, 2, 0, 1]
(1, (0, 0, 1), (1, 2)): [68, 38, 2, 3, 2, 1]
(1, (0, 0, 1), (2, 0)): [18, 40, 2, 3, 3]
(1, (0, 0, 1), (2, 1)): [26, 38, 6, 4, 4, 2, 0, 1]
(1, (0, 0, 1), (2, 2)): [39, 26, 5, 2, 1, 1]
(1, (0, 0, 1), (3, 0)): [8, 13, 0, 2, 2]
(1, (0, 0, 1), (3, 1)): [12, 23, 1, 3, 1, 1, 0, 1]
(1, (0, 0, 1), (3, 2)): [24, 14, 3, 1, 1, 1]
(1, (0, 1, 0), (0, 0)): [6655, 2658, 1046, 438, 182, 78, 10, 4, 2, 1, 2]
(1, (0, 1, 0), (0, 1)): [337, 126, 51, 21, 4, 4]
(1, (0, 1, 0), (0, 2)): [148, 42, 15, 2, 0, 3]
(1, (0, 1, 0), (1, 0)): [371, 151, 62, 30, 16, 6]
(1, (0, 1, 0), (1, 1)): [278, 102, 57, 16, 5, 3]
(1, (0, 1, 0), (1, 2)): [200, 65, 32, 5, 0, 3]
(1, (0, 1, 0), (2, 0)): [155, 72, 28, 13, 10, 4]
(1, (0, 1, 0), (2, 1)): [135, 65, 29, 9, 6, 2]
(1, (0, 1, 0), (2, 2)): [136, 62, 30, 2, 5, 2]
(1, (0, 1, 0), (3, 0)): [91, 25, 9, 11, 6, 3]
(1, (0, 1, 0), (3, 1)): [65, 24, 9, 10, 2, 3]
(1, (0, 1, 0), (3, 2)): [82, 32, 11, 5, 4]
(1, (0, 1, 1), (0, 0)): [1138, 775, 676, 273, 163, 66, 26, 13, 4]
(1, (0, 1, 1), (0, 1)): [46, 24, 23, 11, 7, 4]
(1, (0, 1, 1), (0, 2)): [28, 11, 11, 5, 2, 2]
(1, (0, 1, 1), (1, 0)): [87, 48, 47, 24, 10, 8, 4, 2, 1]
(1, (0, 1, 1), (1, 1)): [37, 16, 22, 9, 7, 1]
(1, (0, 1, 1), (1, 2)): [28, 10, 14, 6, 4, 2]
(1, (0, 1, 1), (2, 0)): [55, 33, 27, 18, 7, 8, 4, 2, 1]
(1, (0, 1, 1), (2, 1)): [28, 12, 8, 4, 3]
(1, (0, 1, 1), (2, 2)): [24, 10, 11, 5, 4, 1]
(1, (0, 1, 1), (3, 0)): [45, 25, 24, 15, 6, 8, 3, 2, 1]
(1, (0, 1, 1), (3, 1)): [13, 5, 6, 3, 1]
(1, (0, 1, 1), (3, 2)): [15, 6, 4, 3, 3, 1]
(1, (1, 0, 0), (0, 0)): [20341, 3276, 2324, 984, 418, 153, 53, 26, 7, 3, 1]
(1, (1, 0, 0), (0, 1)): [1175, 138, 113, 46, 20, 10, 2, 1]
(1, (1, 0, 0), (0, 2)): [437, 57, 40, 11, 8, 3]
(1, (1, 0, 0), (1, 0)): [1071, 153, 97, 64, 28, 8, 4, 2, 0, 1]
(1, (1, 0, 0), (1, 1)): [943, 100, 84, 44, 14, 10, 2, 3]
(1, (1, 0, 0), (1, 2)): [627, 60, 60, 23, 10, 3, 0, 2]
(1, (1, 0, 0), (2, 0)): [357, 57, 40, 28, 15, 4, 2, 0, 0, 1]
(1, (1, 0, 0), (2, 1)): [495, 70, 51, 27, 14, 5, 3, 1]
(1, (1, 0, 0), (2, 2)): [446, 43, 51, 16, 8, 2, 2, 2]
(1, (1, 0, 0), (3, 0)): [102, 15, 15, 9, 6, 1, 1, 0, 0, 1]
(1, (1, 0, 0), (3, 1)): [180, 41, 25, 20, 8, 5, 1, 0, 0, 1]
(1, (1, 0, 0), (3, 2)): [228, 39, 31, 18, 7, 2, 2, 1, 0, 1]
(1, (1, 0, 1), (0, 0)): [1654, 1713, 498, 368, 180, 58, 27, 8, 2, 1]
(1, (1, 0, 1), (0, 1)): [96, 70, 19, 19, 10, 3, 3, 1]
(1, (1, 0, 1), (0, 2)): [50, 25, 6, 6, 1, 0, 3]
(1, (1, 0, 1), (1, 0)): [94, 81, 26, 25, 10, 1, 1]
(1, (1, 0, 1), (1, 1)): [67, 54, 15, 18, 9, 2, 1, 1]
(1, (1, 0, 1), (1, 2)): [58, 36, 5, 11, 3, 1, 2, 1]
(1, (1, 0, 1), (2, 0)): [36, 29, 11, 6, 7]
(1, (1, 0, 1), (2, 1)): [33, 29, 12, 11, 8, 1, 1]
(1, (1, 0, 1), (2, 2)): [43, 25, 9, 4, 3, 0, 2]
(1, (1, 0, 1), (3, 0)): [16, 11, 4, 1, 3]
(1, (1, 0, 1), (3, 1)): [19, 14, 4, 5, 8]
(1, (1, 0, 1), (3, 2)): [21, 15, 3, 1, 3, 0, 1]
(1, (1, 1, 0), (0, 0)): [5740, 1613, 1073, 797, 348, 143, 41, 26, 7, 2]
(1, (1, 1, 0), (0, 1)): [315, 77, 44, 31, 20, 9, 4, 1]
(1, (1, 1, 0), (0, 2)): [139, 36, 17, 10, 6, 3, 1]
(1, (1, 1, 0), (1, 0)): [268, 97, 57, 43, 18, 8, 0, 4, 0, 1]
(1, (1, 1, 0), (1, 1)): [225, 67, 44, 28, 13, 8, 1, 2, 0, 1]
(1, (1, 1, 0), (1, 2)): [171, 40, 29, 16, 8, 6, 2]
(1, (1, 1, 0), (2, 0)): [97, 28, 18, 19, 4, 4, 0, 1]
(1, (1, 1, 0), (2, 1)): [109, 42, 27, 21, 7, 3, 0, 1]
(1, (1, 1, 0), (2, 2)): [133, 36, 17, 16, 7, 2]
(1, (1, 1, 0), (3, 0)): [22, 8, 5, 5, 3, 2, 0, 1]
(1, (1, 1, 0), (3, 1)): [42, 17, 17, 13, 3, 3]
(1, (1, 1, 0), (3, 2)): [74, 22, 14, 15, 3, 1]
(1, (1, 1, 1), (0, 0)): [1282, 833, 553, 351, 282, 113, 42, 24, 3, 2]
(1, (1, 1, 1), (0, 1)): [81, 43, 33, 13, 14, 9, 5, 1, 1]
(1, (1, 1, 1), (0, 2)): [46, 14, 14, 5, 6, 3, 2]
(1, (1, 1, 1), (1, 0)): [70, 50, 34, 26, 10, 8, 1, 3]
(1, (1, 1, 1), (1, 1)): [49, 32, 26, 18, 11, 10, 3, 1]
(1, (1, 1, 1), (1, 2)): [52, 15, 14, 8, 4, 8, 2]
(1, (1, 1, 1), (2, 0)): [20, 20, 16, 13, 4, 1, 0, 1]
(1, (1, 1, 1), (2, 1)): [25, 21, 17, 15, 4, 4, 2, 2]
(1, (1, 1, 1), (2, 2)): [37, 13, 12, 14, 5, 6, 2]
(1, (1, 1, 1), (3, 0)): [2, 7, 5, 4, 2, 1]
(1, (1, 1, 1), (3, 1)): [4, 15, 6, 7, 1, 1, 0, 2]
(1, (1, 1, 1), (3, 2)): [15, 8, 5, 7, 2, 3, 0, 1]
(2, (0, 0, 0), (0, 0)): [47450, 2298, 739, 237, 86, 22, 10, 2, 0, 0, 1]
(2, (0, 0, 0), (0, 1)): [2637, 97, 40, 9, 7, 0, 1, 1]
(2, (0, 0, 0), (0, 2)): [932, 31, 9, 2, 2, 0, 0, 1]
(2, (0, 0, 0), (1, 0)): [2603, 129, 42, 9, 8]
(2, (0, 0, 0), (1, 1)): [2434, 94, 36, 9, 6, 0, 1]
(2, (0, 0, 0), (1, 2)): [1511, 44, 16, 5, 3, 0, 1]
(2, (0, 0, 0), (2, 0)): [890, 47, 23, 4, 4]
(2, (0, 0, 0), (2, 1)): [1355, 62, 20, 7, 2]
(2, (0, 0, 0), (2, 2)): [1286, 47, 19, 5, 2, 0, 1]
(2, (0, 0, 0), (3, 0)): [299, 16, 16, 3, 4]
(2, (0, 0, 0), (3, 1)): [625, 28, 16, 3, 4]
(2, (0, 0, 0), (3, 2)): [809, 34, 17, 2, 2]
(2, (0, 0, 1), (0, 0)): [3653, 1059, 202, 77, 20, 13, 0, 1]
(2, (0, 0, 1), (0, 1)): [224, 41, 12, 5]
(2, (0, 0, 1), (0, 2)): [86, 7, 3, 1]
(2, (0, 0, 1), (1, 0)): [246, 56, 11, 6, 1]
(2, (0, 0, 1), (1, 1)): [214, 40, 11, 6]
(2, (0, 0, 1), (1, 2)): [150, 17, 2, 4]
(2, (0, 0, 1), (2, 0)): [94, 25, 6, 4, 1]
(2, (0, 0, 1), (2, 1)): [114, 22, 10, 5]
(2, (0, 0, 1), (2, 2)): [122, 16, 4, 3]
(2, (0, 0, 1), (3, 0)): [45, 11, 4, 2, 1]
(2, (0, 0, 1), (3, 1)): [55, 10, 4, 3]
(2, (0, 0, 1), (3, 2)): [63, 12, 4, 3]
(2, (0, 1, 0), (0, 0)): [10463, 2102, 634, 232, 73, 22, 4, 0, 0, 0, 1]
(2, (0, 1, 0), (0, 1)): [537, 94, 24, 11, 3]
(2, (0, 1, 0), (0, 2)): [210, 32, 10, 2, 1]
(2, (0, 1, 0), (1, 0)): [622, 121, 49, 14, 5, 2, 2]
(2, (0, 1, 0), (1, 1)): [491, 86, 28, 10, 4, 0, 1]
(2, (0, 1, 0), (1, 2)): [333, 43, 13, 4, 1]
(2, (0, 1, 0), (2, 0)): [302, 50, 22, 8, 3, 2, 1]
(2, (0, 1, 0), (2, 1)): [279, 70, 20, 8, 1, 0, 1]
(2, (0, 1, 0), (2, 2)): [280, 46, 14, 7, 1]
(2, (0, 1, 0), (3, 0)): [167, 24, 9, 7, 3, 2, 1]
(2, (0, 1, 0), (3, 1)): [116, 32, 6, 3, 1, 1, 1]
(2, (0, 1, 0), (3, 2)): [170, 34, 9, 7, 1]
(2, (0, 1, 1), (0, 0)): [2362, 199, 475, 119, 49, 20, 7, 1]
(2, (0, 1, 1), (0, 1)): [118, 11, 16, 4, 0, 1]
(2, (0, 1, 1), (0, 2)): [48, 6, 9, 1]
(2, (0, 1, 1), (1, 0)): [152, 14, 30, 12, 4]
(2, (0, 1, 1), (1, 1)): [110, 5, 12, 7, 0, 1]
(2, (0, 1, 1), (1, 2)): [73, 4, 10, 2]
(2, (0, 1, 1), (2, 0)): [73, 4, 16, 6, 3]
(2, (0, 1, 1), (2, 1)): [59, 4, 13, 3, 0, 1]
(2, (0, 1, 1), (2, 2)): [67, 5, 14, 5, 0, 1]
(2, (0, 1, 1), (3, 0)): [46, 4, 8, 3, 3]
(2, (0, 1, 1), (3, 1)): [29, 2, 6, 1, 2]
(2, (0, 1, 1), (3, 2)): [42, 5, 11, 0, 1, 1]
(2, (1, 0, 0), (0, 0)): [24752, 1626, 1244, 379, 134, 34, 15, 5, 0, 1, 1]
(2, (1, 0, 0), (0, 1)): [1340, 63, 42, 16, 9, 1, 2]
(2, (1, 0, 0), (0, 2)): [491, 21, 14, 2, 2]
(2, (1, 0, 0), (1, 0)): [1374, 97, 85, 21, 7, 0, 1, 1]
(2, (1, 0, 0), (1, 1)): [1129, 53, 47, 19, 7]
(2, (1, 0, 0), (1, 2)): [700, 26, 18, 10, 3]
(2, (1, 0, 0), (2, 0)): [463, 35, 26, 6, 3, 0, 1]
(2, (1, 0, 0), (2, 1)): [585, 28, 23, 10, 5]
(2, (1, 0, 0), (2, 2)): [582, 19, 22, 10, 4]
(2, (1, 0, 0), (3, 0)): [147, 19, 8, 3]
(2, (1, 0, 0), (3, 1)): [256, 27, 10, 5, 1]
(2, (1, 0, 0), (3, 2)): [317, 21, 12, 6, 3]
(2, (1, 0, 1), (0, 0)): [3969, 934, 309, 208, 80, 23, 7, 0, 1]
(2, (1, 0, 1), (0, 1)): [225, 43, 18, 9, 0, 0, 1]
(2, (1, 0, 1), (0, 2)): [82, 11, 5, 1]
(2, (1, 0, 1), (1, 0)): [187, 37, 15, 17, 5, 1, 1]
(2, (1, 0, 1), (1, 1)): [166, 30, 13, 11, 0, 1, 1]
(2, (1, 0, 1), (1, 2)): [110, 10, 10, 6, 0, 0, 1]
(2, (1, 0, 1), (2, 0)): [60, 12, 6, 4, 5, 0, 1]
(2, (1, 0, 1), (2, 1)): [88, 18, 3, 5, 2, 1]
(2, (1, 0, 1), (2, 2)): [79, 9, 6, 3, 0, 0, 1]
(2, (1, 0, 1), (3, 0)): [19, 0, 4, 1, 3, 0, 1]
(2, (1, 0, 1), (3, 1)): [42, 6, 3, 3, 1, 1, 1]
(2, (1, 0, 1), (3, 2)): [52, 10, 5, 4, 1, 0, 1]
(2, (1, 1, 0), (0, 0)): [9837, 1417, 704, 534, 173, 53, 14, 7, 0, 1]
(2, (1, 1, 0), (0, 1)): [558, 63, 30, 21, 6, 1, 1, 1]
(2, (1, 1, 0), (0, 2)): [237, 16, 10, 6, 2, 1]
(2, (1, 1, 0), (1, 0)): [517, 81, 39, 30, 11, 1, 2]
(2, (1, 1, 0), (1, 1)): [457, 52, 26, 25, 4, 0, 1, 1]
(2, (1, 1, 0), (1, 2)): [317, 28, 17, 11, 5, 1, 0, 1]
(2, (1, 1, 0), (2, 0)): [165, 35, 20, 11, 5, 1, 2]
(2, (1, 1, 0), (2, 1)): [242, 30, 21, 17, 2, 1, 2]
(2, (1, 1, 0), (2, 2)): [235, 25, 16, 14, 2, 1, 1, 1]
(2, (1, 1, 0), (3, 0)): [58, 9, 9, 1, 2]
(2, (1, 1, 0), (3, 1)): [98, 16, 12, 3, 1, 0, 1]
(2, (1, 1, 0), (3, 2)): [114, 17, 9, 4, 1, 0, 1, 1]
(2, (1, 1, 1), (0, 0)): [2847, 379, 441, 225, 162, 51, 17, 6, 1]
(2, (1, 1, 1), (0, 1)): [171, 13, 15, 6, 5, 1, 1]
(2, (1, 1, 1), (0, 2)): [74, 6, 2, 4, 2]
(2, (1, 1, 1), (1, 0)): [125, 29, 26, 14, 11, 3, 2]
(2, (1, 1, 1), (1, 1)): [125, 16, 15, 8, 7, 0, 1]
(2, (1, 1, 1), (1, 2)): [99, 7, 6, 2, 3]
(2, (1, 1, 1), (2, 0)): [34, 17, 7, 6, 5, 3, 1]
(2, (1, 1, 1), (2, 1)): [53, 16, 7, 4, 6, 2, 1]
(2, (1, 1, 1), (2, 2)): [71, 10, 6, 1, 3, 2]
(2, (1, 1, 1), (3, 0)): [8, 12, 2, 3, 0, 1, 1]
(2, (1, 1, 1), (3, 1)): [15, 18, 2, 3, 3, 0, 2]
(2, (1, 1, 1), (3, 2)): [28, 16, 3, 2, 3, 2, 2]
