(0, (0, 0, 0), (0, 0)): [28995, 5727, 2635, 1148, 494, 179, 92, 44, 18, 3, 3]
(0, (0, 0, 0), (0, 1)): [105, 13, 9, 4, 1, 1]
(0, (0, 0, 0), (0, 2)): [35, 3, 1]
(0, (0, 0, 0), (1, 0)): [79, 20, 9, 0, 2, 1]
(0, (0, 0, 0), (1, 1)): [110, 22, 11, 4, 2, 2]
(0, (0, 0, 0), (1, 2)): [53, 8, 8, 1, 1, 1]
(0, (0, 0, 0), (2, 0)): [25, 6, 5, 0, 1]
(0, (0, 0, 0), (2, 1)): [55, 14, 3, 2, 1, 1]
(0, (0, 0, 0), (2, 2)): [41, 4, 5, 2, 1, 1]
(0, (0, 0, 0), (3, 0)): [25, 6, 5, 0, 1]
(0, (0, 0, 0), (3, 1)): [37, 8, 6, 1, 1, 1]
(0, (0, 0, 0), (3, 2)): [40, 5, 7, 2, 0, 1]
(0, (0, 0, 1), (0, 0)): [116, 370, 103, 49, 30, 9, 3, 1, 0, 0, 1]
(0, (0, 0, 1), (0, 1)): [2]
(0, (0, 0, 1), (0, 2)): [1]
(0, (0, 0, 1), (1, 0)): [0, 0, 1, 0, 1]
(0, (0, 0, 1), (1, 1)): [1, 0, 1, 0, 1]
(0, (0, 0, 1), (1, 2)): [0, 0, 1]
(0, (0, 0, 1), (2, 1)): [1, 0, 0, 0, 1]
(0, (0, 0, 1), (2, 2)): [1, 0, 1]
(0, (0, 0, 1), (3, 1)): [0, 0, 0, 0, 1]
(0, (0, 0, 1), (3, 2)): [1]
(0, (0, 1, 0), (0, 0)): [1240, 1124, 451, 220, 101, 45, 21, 9, 3, 1]
(0, (0, 1, 0), (0, 1)): [3, 4, 0, 1]
(0, (0, 1, 0), (0, 2)): [2, 1]
(0, (0, 1, 0), (1, 0)): [2, 3, 3]
(0, (0, 1, 0), (1, 1)): [2, 4, 1, 1]
(0, (0, 1, 0), (1, 2)): [0, 2, 1, 1]
(0, (0, 1, 0), (2, 0)): [1, 2, 2]
(0, (0, 1, 0), (2, 1)): [1, 2]
(0, (0, 1, 0), (2, 2)): [0, 0, 1, 1]
(0, (0, 1, 0), (3, 0)): [1, 2, 2]
(0, (0, 1, 0), (3, 1)): [2, 2, 1]
(0, (0, 1, 0), (3, 2)): [1, 1, 1]
(0, (0, 1, 1), (0, 0)): [86, 148, 165, 73, 42, 16, 11, 4, 3]
(0, (0, 1, 1), (0, 1)): [0, 0, 1]
(0, (0, 1, 1), (1, 1)): [0, 0, 1]
(0, (1, 0, 0), (0, 0)): [6049, 1969, 1253, 616, 260, 104, 51, 25, 11, 2, 3]
(0, (1, 0, 0), (0, 1)): [20, 7, 3, 3, 1, 1]
(0, (1, 0, 0), (0, 2)): [6, 2, 1]
(0, (1, 0, 0), (1, 0)): [22, 3, 4, 0, 2]
(0, (1, 0, 0), (1, 1)): [24, 5, 3, 3, 2, 1]
(0, (1, 0, 0), (1, 2)): [8, 5, 3, 1, 1]
(0, (1, 0, 0), (2, 0)): [6, 2, 2, 0, 1]
(0, (1, 0, 0), (2, 1)): [16, 1, 1, 1, 1, 1]
(0, (1, 0, 0), (2, 2)): [3, 1, 1, 1, 1]
(0, (1, 0, 0), (3, 0)): [6, 2, 2, 0, 1]
(0, (1, 0, 0), (3, 1)): [9, 1, 3, 1, 1, 1]
(0, (1, 0, 0), (3, 2)): [9, 1, 3, 1, 0, 1]
(0, (1, 0, 1), (0, 0)): [157, 449, 198, 118, 64, 26, 13, 5, 3, 0, 1]
(0, (1, 0, 1), (0, 1)): [4, 2]
(0, (1, 0, 1), (0, 2)): [2]
(0, (1, 0, 1), (1, 1)): [2, 2]
(0, (1, 0, 1), (1, 2)): [2, 1]
(0, (1, 0, 1), (2, 1)): [1]
(0, (1, 0, 1), (2, 2)): [2]
(0, (1, 0, 1), (3, 2)): [1]
(0, (1, 1, 0), (0, 0)): [877, 499, 353, 270, 138, 51, 28, 16, 7, 2, 1]
(0, (1, 1, 0), (0, 1)): [2, 3, 1, 1, 0, 1]
(0, (1, 1, 0), (0, 2)): [0, 1, 1]
(0, (1, 1, 0), (1, 0)): [2, 1, 1]
(0, (1, 1, 0), (1, 1)): [3, 2, 0, 1, 0, 1]
(0, (1, 1, 0), (1, 2)): [1, 3, 1]
(0, (1, 1, 0), (2, 0)): [1, 1, 1]
(0, (1, 1, 0), (2, 1)): [1, 0, 0, 0, 0, 1]
(0, (1, 1, 0), (2, 2)): [0, 1]
(0, (1, 1, 0), (3, 0)): [1, 1, 1]
(0, (1, 1, 0), (3, 1)): [0, 0, 1, 0, 0, 1]
(0, (1, 1, 0), (3, 2)): [0, 0, 1, 0, 0, 1]
(0, (1, 1, 1), (0, 0)): [86, 127, 111, 88, 67, 32, 15, 8, 1, 2, 2]
(0, (1, 1, 1), (0, 1)): [2, 0, 1, 0, 1, 1]
(0, (1, 1, 1), (0, 2)): [1, 0, 1]
(0, (1, 1, 1), (1, 1)): [1, 0, 0, 0, 1, 1]
(0, (1, 1, 1), (1, 2)): [0, 0, 1]
(0, (1, 1, 1), (2, 1)): [1, 0, 0, 0, 1, 1]
(0, (1, 1, 1), (2, 2)): [1]
(0, (1, 1, 1), (3, 1)): [0, 0, 0, 0, 1, 1]
(0, (1, 1, 1), (3, 2)): [1, 0, 0, 0, 1, 1]
(1, (0, 0, 0), (0, 0)): [23873, 2598, 1096, 403, 146, 45, 28, 11, 3, 1]
(1, (0, 0, 0), (0, 1)): [84, 3, 5, 1]
(1, (0, 0, 0), (0, 2)): [27]
(1, (0, 0, 0), (1, 0)): [61, 16, 4, 0, 0, 1]
(1, (0, 0, 0), (1, 1)): [87, 14, 6, 1, 0, 1]
(1, (0, 0, 0), (1, 2)): [47, 2, 3, 0, 0, 1]
(1, (0, 0, 0), (2, 0)): [21, 4, 3]
(1, (0, 0, 0), (2, 1)): [39, 11, 2, 1]
(1, (0, 0, 0), (2, 2)): [38, 3, 3, 1, 0, 1]
(1, (0, 0, 0), (3, 0)): [21, 4, 3]
(1, (0, 0, 0), (3, 1)): [28, 7, 4]
(1, (0, 0, 0), (3, 2)): [32, 4, 5, 1]
(1, (0, 0, 1), (0, 0)): [686, 1002, 181, 89, 33, 14, 6, 3, 1, 0, 1]
(1, (0, 0, 1), (0, 1)): [3, 6, 0, 2]
(1, (0, 0, 1), (0, 2)): [2, 1]
(1, (0, 0, 1), (1, 0)): [2, 3, 0, 1, 1]
(1, (0, 0, 1), (1, 1)): [1, 7, 0, 3, 1]
(1, (0, 0, 1), (1, 2)): [0, 3, 0, 2]
(1, (0, 0, 1), (2, 0)): [2, 1]
(1, (0, 0, 1), (2, 1)): [0, 3, 0, 1, 1]
(1, (0, 0, 1), (2, 2)): [0, 2, 0, 2]
(1, (0, 0, 1), (3, 0)): [2, 1]
(1, (0, 0, 1), (3, 1)): [1, 1, 0, 1, 1]
(1, (0, 0, 1), (3, 2)): [1, 1]
(1, (0, 1, 0), (0, 0)): [3582, 1400, 527, 228, 92, 40, 16, 6, 1]
(1, (0, 1, 0), (0, 1)): [8, 4, 1, 2]
(1, (0, 1, 0), (0, 2)): [4]
(1, (0, 1, 0), (1, 0)): [12, 5, 0, 0, 2, 1]
(1, (0, 1, 0), (1, 1)): [11, 7, 1, 2, 1, 1]
(1, (0, 1, 0), (1, 2)): [3, 1, 0, 1, 1, 1]
(1, (0, 1, 0), (2, 0)): [4, 1, 0, 0, 1]
(1, (0, 1, 0), (2, 1)): [7, 5, 1, 1]
(1, (0, 1, 0), (2, 2)): [1, 1, 1, 1, 1, 1]
(1, (0, 1, 0), (3, 0)): [4, 1, 0, 0, 1]
(1, (0, 1, 0), (3, 1)): [8, 5, 0, 1]
(1, (0, 1, 0), (3, 2)): [4, 3, 1, 1]
(1, (0, 1, 1), (0, 0)): [516, 426, 326, 121, 69, 18, 13, 3, 5]
(1, (0, 1, 1), (0, 1)): [1, 2, 1, 1]
(1, (0, 1, 1), (0, 2)): [1]
(1, (0, 1, 1), (1, 0)): [1, 0, 0, 1]
(1, (0, 1, 1), (1, 1)): [0, 2, 1, 1]
(1, (0, 1, 1), (1, 2)): [0, 2, 1, 1]
(1, (0, 1, 1), (2, 0)): [1, 0, 0, 1]
(1, (0, 1, 1), (2, 2)): [0, 1, 1, 1]
(1, (0, 1, 1), (3, 0)): [1, 0, 0, 1]
(1, (1, 0, 0), (0, 0)): [8337, 1521, 990, 369, 149, 48, 30, 10, 2, 1]
(1, (1, 0, 0), (0, 1)): [38, 1, 6]
(1, (1, 0, 0), (0, 2)): [8]
(1, (1, 0, 0), (1, 0)): [30, 7, 3, 0, 0, 1]
(1, (1, 0, 0), (1, 1)): [46, 6, 7, 0, 0, 1]
(1, (1, 0, 0), (1, 2)): [19, 2, 4, 0, 0, 1]
(1, (1, 0, 0), (2, 0)): [9, 1, 1]
(1, (1, 0, 0), (2, 1)): [26, 4, 2]
(1, (1, 0, 0), (2, 2)): [16, 2, 3, 0, 0, 1]
(1, (1, 0, 0), (3, 0)): [9, 1, 1]
(1, (1, 0, 0), (3, 1)): [17, 2, 3]
(1, (1, 0, 0), (3, 2)): [19, 1, 3]
(1, (1, 0, 1), (0, 0)): [722, 811, 253, 182, 76, 29, 13, 1, 2, 1]
(1, (1, 0, 1), (0, 1)): [4, 3, 1, 2]
(1, (1, 0, 1), (0, 2)): [3, 1]
(1, (1, 0, 1), (1, 0)): [1, 1, 1]
(1, (1, 0, 1), (1, 1)): [1, 3, 1, 2]
(1, (1, 0, 1), (1, 2)): [2, 1, 0, 1]
(1, (1, 0, 1), (2, 0)): [1, 0, 1]
(1, (1, 0, 1), (2, 1)): [0, 1, 1, 1]
(1, (1, 0, 1), (2, 2)): [1, 0, 0, 1]
(1, (1, 0, 1), (3, 0)): [1, 0, 1]
(1, (1, 0, 1), (3, 1)): [1, 1, 1, 1]
(1, (1, 0, 1), (3, 2)): [1, 0, 1, 1]
(1, (1, 1, 0), (0, 0)): [2459, 687, 471, 279, 133, 38, 22, 10, 5]
(1, (1, 1, 0), (0, 1)): [11, 1, 1]
(1, (1, 1, 0), (0, 2)): [3, 1]
(1, (1, 1, 0), (1, 0)): [10, 4, 1, 0, 1]
(1, (1, 1, 0), (1, 1)): [16, 2, 1]
(1, (1, 1, 0), (1, 2)): [9, 2]
(1, (1, 1, 0), (2, 0)): [2, 1, 1, 0, 1]
(1, (1, 1, 0), (2, 1)): [8, 1, 1]
(1, (1, 1, 0), (2, 2)): [4, 1]
(1, (1, 1, 0), (3, 0)): [2, 1, 1, 0, 1]
(1, (1, 1, 0), (3, 1)): [2, 0, 2]
(1, (1, 1, 0), (3, 2)): [1, 0, 2]
(1, (1, 1, 1), (0, 0)): [465, 312, 213, 139, 104, 27, 25, 8, 6, 0, 1]
(1, (1, 1, 1), (0, 1)): [2, 1, 0, 1]
(1, (1, 1, 1), (0, 2)): [1, 1]
(1, (1, 1, 1), (1, 0)): [2, 2]
(1, (1, 1, 1), (1, 1)): [1, 2, 0, 1]
(1, (1, 1, 1), (1, 2)): [1, 2, 0, 1]
(1, (1, 1, 1), (2, 0)): [2]
(1, (1, 1, 1), (2, 1)): [0, 1]
(1, (1, 1, 1), (2, 2)): [0, 1, 0, 1]
(1, (1, 1, 1), (3, 0)): [2]
(2, (0, 0, 0), (0, 0)): [20885, 908, 333, 106, 29, 10, 3, 0, 1]
(2, (0, 0, 0), (0, 1)): [64, 1, 0, 1]
(2, (0, 0, 0), (0, 2)): [20, 1]
(2, (0, 0, 0), (1, 0)): [52, 3, 1, 1]
(2, (0, 0, 0), (1, 1)): [70, 2, 0, 2]
(2, (0, 0, 0), (1, 2)): [36, 1, 0, 1]
(2, (0, 0, 0), (2, 0)): [17, 1, 1]
(2, (0, 0, 0), (2, 1)): [33, 2, 0, 1]
(2, (0, 0, 0), (2, 2)): [31, 0, 0, 2]
(2, (0, 0, 0), (3, 0)): [17, 1, 1]
(2, (0, 0, 0), (3, 1)): [20, 1, 1]
(2, (0, 0, 0), (3, 2)): [25, 0, 1, 1]
(2, (0, 0, 1), (0, 0)): [2023, 518, 95, 35, 18, 6, 1, 2]
(2, (0, 0, 1), (0, 1)): [9, 4]
(2, (0, 0, 1), (0, 2)): [2]
(2, (0, 0, 1), (1, 0)): [9, 2]
(2, (0, 0, 1), (1, 1)): [9, 5]
(2, (0, 0, 1), (1, 2)): [3, 3]
(2, (0, 0, 1), (2, 0)): [6]
(2, (0, 0, 1), (2, 1)): [6, 1]
(2, (0, 0, 1), (2, 2)): [0, 2]
(2, (0, 0, 1), (3, 0)): [6]
(2, (0, 0, 1), (3, 1)): [9, 1]
(2, (0, 0, 1), (3, 2)): [7, 1]
(2, (0, 1, 0), (0, 0)): [5370, 1097, 319, 111, 33, 15, 4, 1]
(2, (0, 1, 0), (0, 1)): [28, 3, 0, 2]
(2, (0, 1, 0), (0, 2)): [8, 1]
(2, (0, 1, 0), (1, 0)): [19, 4]
(2, (0, 1, 0), (1, 1)): [33, 4, 0, 2]
(2, (0, 1, 0), (1, 2)): [6, 1]
(2, (0, 1, 0), (2, 0)): [4, 1]
(2, (0, 1, 0), (2, 1)): [20, 4, 0, 2]
(2, (0, 1, 0), (2, 2)): [7, 0, 0, 1]
(2, (0, 1, 0), (3, 0)): [4, 1]
(2, (0, 1, 0), (3, 1)): [14, 3, 0, 1]
(2, (0, 1, 0), (3, 2)): [12, 2, 0, 2]
(2, (0, 1, 1), (0, 0)): [1128, 83, 222, 53, 20, 6, 6, 2]
(2, (0, 1, 1), (0, 1)): [0, 0, 1]
(2, (0, 1, 1), (1, 0)): [3, 0, 2]
(2, (0, 1, 1), (1, 1)): [3, 0, 1]
(2, (0, 1, 1), (2, 0)): [0, 0, 2]
(2, (0, 1, 1), (2, 1)): [3, 0, 1]
(2, (0, 1, 1), (3, 0)): [0, 0, 2]
(2, (0, 1, 1), (3, 1)): [0, 0, 3]
(2, (0, 1, 1), (3, 2)): [0, 0, 3]
(2, (1, 0, 0), (0, 0)): [10125, 693, 505, 154, 41, 12, 6, 3, 1]
(2, (1, 0, 0), (0, 1)): [33, 0, 1]
(2, (1, 0, 0), (0, 2)): [12]
(2, (1, 0, 0), (1, 0)): [33, 2, 4, 1]
(2, (1, 0, 0), (1, 1)): [34, 1, 2, 1]
(2, (1, 0, 0), (1, 2)): [17, 0, 1, 1]
(2, (1, 0, 0), (2, 0)): [13, 1, 2]
(2, (1, 0, 0), (2, 1)): [19, 1]
(2, (1, 0, 0), (2, 2)): [17, 0, 1, 1]
(2, (1, 0, 0), (3, 0)): [13, 1, 2]
(2, (1, 0, 0), (3, 1)): [14, 0, 2]
(2, (1, 0, 0), (3, 2)): [16, 0, 2]
(2, (1, 0, 1), (0, 0)): [1844, 399, 164, 102, 37, 14, 3, 3, 1]
(2, (1, 0, 1), (0, 1)): [9, 0, 2, 2]
(2, (1, 0, 1), (0, 2)): [3]
(2, (1, 0, 1), (1, 0)): [5]
(2, (1, 0, 1), (1, 1)): [7, 0, 2, 2]
(2, (1, 0, 1), (1, 2)): [4]
(2, (1, 0, 1), (2, 0)): [3]
(2, (1, 0, 1), (2, 1)): [4, 0, 2, 2]
(2, (1, 0, 1), (2, 2)): [1, 0, 0, 1]
(2, (1, 0, 1), (3, 0)): [3]
(2, (1, 0, 1), (3, 1)): [4, 0, 2, 1]
(2, (1, 0, 1), (3, 2)): [5, 0, 2, 2]
(2, (1, 1, 0), (0, 0)): [4119, 611, 314, 200, 62, 16, 11, 3, 1]
(2, (1, 1, 0), (0, 1)): [19, 1, 1, 1]
(2, (1, 1, 0), (0, 2)): [4]
(2, (1, 1, 0), (1, 0)): [15, 2, 2, 1]
(2, (1, 1, 0), (1, 1)): [24, 2, 1, 2]
(2, (1, 1, 0), (1, 2)): [12, 0, 0, 1]
(2, (1, 1, 0), (2, 0)): [3, 0, 2]
(2, (1, 1, 0), (2, 1)): [9, 2, 1, 1]
(2, (1, 1, 0), (2, 2)): [10, 0, 0, 1]
(2, (1, 1, 0), (3, 0)): [3, 0, 2]
(2, (1, 1, 0), (3, 1)): [4, 1, 3, 1]
(2, (1, 1, 0), (3, 2)): [3, 1, 3, 1]
(2, (1, 1, 1), (0, 0)): [1106, 147, 198, 85, 59, 19, 8, 3]
(2, (1, 1, 1), (0, 1)): [4]
(2, (1, 1, 1), (0, 2)): [2]
(2, (1, 1, 1), (1, 0)): [5, 0, 1]
(2, (1, 1, 1), (1, 1)): [4]
(2, (1, 1, 1), (1, 2)): [3]
(2, (1, 1, 1), (2, 0)): [3, 0, 1]
(2, (1, 1, 1), (2, 1)): [2]
(2, (1, 1, 1), (3, 0)): [3, 0, 1]
(2, (1, 1, 1), (3, 1)): [1, 0, 1]
(2, (1, 1, 1), (3, 2)): [0, 0, 1]
