(0, (0, 0, 0)): [28762, 5118, 2221, 998, 427, 177, 71, 32, 11, 4, 1]
(0, (0, 0, 1)): [106, 322, 90, 43, 10, 4, 3, 0, 1]
(0, (0, 1, 0)): [1092, 947, 345, 172, 89, 35, 9, 9, 3]
(0, (0, 1, 1)): [77, 144, 176, 70, 35, 15, 5, 1]
(0, (1, 0, 0)): [5696, 1974, 1129, 544, 257, 109, 42, 20, 7, 2, 1]
(0, (1, 0, 1)): [144, 385, 160, 112, 65, 17, 15, 6, 3]
(0, (1, 1, 0)): [758, 524, 369, 246, 124, 74, 18, 11, 6]
(0, (1, 1, 1)): [78, 147, 118, 81, 50, 29, 10, 8, 4]
(1, (0, 0, 0)): [22059, 2172, 863, 327, 115, 49, 27, 8, 2, 2]
(1, (0, 0, 1)): [595, 802, 168, 75, 32, 7, 3, 1]
(1, (0, 1, 0)): [3274, 1350, 439, 177, 79, 32, 14, 5, 0, 0, 1]
(1, (0, 1, 1)): [418, 368, 320, 115, 52, 27, 6, 2, 1]
(1, (1, 0, 0)): [8025, 1395, 843, 341, 119, 51, 26, 4, 2, 1, 1]
(1, (1, 0, 1)): [685, 745, 259, 133, 65, 30, 12, 6, 1]
(1, (1, 1, 0)): [2287, 706, 447, 304, 122, 52, 24, 3, 4, 1, 1]
(1, (1, 1, 1)): [443, 365, 250, 144, 84, 44, 14, 3, 2]
(2, (0, 0, 0)): [19111, 788, 229, 77, 23, 11, 4, 1, 0, 1]
(2, (0, 0, 1)): [1709, 494, 83, 29, 15, 5, 2]
(2, (0, 1, 0)): [4837, 935, 243, 73, 35, 6, 4]
(2, (0, 1, 1)): [997, 88, 222, 53, 23, 7, 2, 1, 1]
(2, (1, 0, 0)): [9582, 710, 380, 123, 33, 14, 6, 1, 0, 2]
(2, (1, 0, 1)): [1682, 401, 140, 83, 22, 9, 3, 0, 1, 1]
(2, (1, 1, 0)): [3803, 566, 252, 182, 74, 18, 9, 1, 0, 1]
(2, (1, 1, 1)): [1082, 150, 166, 88, 73, 21, 7, 3, 1]
