(0, (0, 0, 0)): [56674, 10160, 4327, 1854, 802, 297, 118, 36, 16, 5, 5]
(0, (0, 0, 1)): [350, 901, 256, 99, 45, 16, 8, 3, 1]
(0, (0, 1, 0)): [1704, 1701, 591, 256, 127, 37, 17, 4, 4, 2, 1]
(0, (0, 1, 1)): [162, 248, 302, 147, 51, 28, 12, 4]
(0, (1, 0, 0)): [12738, 4341, 2261, 1095, 462, 188, 66, 22, 11, 3, 4]
(0, (1, 0, 1)): [296, 679, 318, 167, 98, 27, 17, 7, 3]
(0, (1, 1, 0)): [1603, 1036, 786, 499, 263, 100, 39, 14, 8, 4, 3]
(0, (1, 1, 1)): [189, 286, 231, 201, 144, 62, 29, 15, 9, 4, 2]
(1, (0, 0, 0)): [44520, 4065, 1570, 544, 228, 82, 30, 11, 3, 1, 1]
(1, (0, 0, 1)): [1824, 2490, 453, 165, 68, 23, 10, 2, 1]
(1, (0, 1, 0)): [7250, 3288, 996, 404, 133, 50, 16, 8, 1]
(1, (0, 1, 1)): [1188, 964, 939, 343, 126, 54, 14, 4, 1]
(1, (1, 0, 0)): [17365, 3170, 1640, 643, 239, 103, 29, 9, 3, 1]
(1, (1, 0, 1)): [1154, 1508, 573, 292, 120, 41, 10, 5, 1, 1]
(1, (1, 1, 0)): [4298, 1277, 880, 549, 218, 82, 25, 8, 3]
(1, (1, 1, 1)): [839, 648, 393, 288, 177, 76, 29, 13, 2]
(2, (0, 0, 0)): [38615, 1292, 396, 105, 40, 11, 4, 3, 1, 0, 1]
(2, (0, 0, 1)): [4963, 1597, 226, 70, 20, 5, 2]
(2, (0, 1, 0)): [11975, 2506, 549, 167, 42, 17, 2, 2]
(2, (0, 1, 1)): [2942, 282, 624, 144, 44, 11, 4, 1]
(2, (1, 0, 0)): [20915, 1504, 662, 188, 67, 18, 9, 4, 1, 0, 1]
(2, (1, 0, 1)): [3040, 853, 402, 135, 39, 11, 4]
(2, (1, 1, 0)): [6293, 911, 518, 257, 69, 19, 6, 5, 1, 0, 1]
(2, (1, 1, 1)): [1972, 321, 276, 146, 87, 22, 9, 3, 1, 1, 1]
