(0, (0, 0, 0)): [387403, 80440, 38205, 17777, 8122, 3586, 1516, 647, 264, 137, 54, 23, 13, 3, 2]
(0, (0, 0, 1)): [1808, 6110, 1707, 820, 425, 177, 81, 43, 20, 7, 2, 1, 3]
(0, (0, 1, 0)): [12642, 13291, 5183, 2443, 1260, 585, 241, 105, 50, 31, 8, 3, 1]
(0, (0, 1, 1)): [1127, 2091, 2755, 1272, 663, 323, 141, 61, 33, 10, 5, 2, 0, 1, 1]
(0, (1, 0, 0)): [86276, 30888, 19396, 9812, 4724, 2156, 921, 411, 165, 90, 39, 15, 8, 3, 2]
(0, (1, 0, 1)): [2059, 6630, 2938, 1991, 1101, 515, 270, 109, 50, 25, 9, 8, 2, 0, 1]
(0, (1, 1, 0)): [11356, 7783, 6434, 4394, 2392, 1111, 494, 251, 99, 48, 27, 7, 4, 1]
(0, (1, 1, 1)): [1157, 2180, 1897, 1566, 1237, 619, 292, 142, 63, 31, 18, 4, 0, 1, 1]
(1, (0, 0, 0)): [306823, 34102, 14332, 5751, 2326, 918, 378, 148, 56, 21, 9, 5, 2]
(1, (0, 0, 1)): [9893, 15755, 3137, 1325, 569, 230, 96, 46, 17, 8, 5, 3, 2]
(1, (0, 1, 0)): [44727, 22452, 7691, 3214, 1355, 563, 202, 94, 26, 21, 5, 4, 3]
(1, (0, 1, 1)): [7647, 6790, 6828, 2646, 1260, 516, 200, 86, 45, 14, 6, 3, 1, 1]
(1, (1, 0, 0)): [126804, 24312, 14823, 6577, 2637, 1124, 436, 161, 73, 33, 11, 9, 2, 2]
(1, (1, 0, 1)): [10231, 13271, 4615, 2941, 1249, 556, 210, 77, 29, 25, 7, 2]
(1, (1, 1, 0)): [32883, 10667, 7787, 5213, 2270, 1008, 390, 158, 60, 27, 8, 6, 1, 3]
(1, (1, 1, 1)): [6518, 5482, 3555, 2547, 1749, 789, 318, 129, 55, 22, 8, 3, 1, 1]
(2, (0, 0, 0)): [263024, 11545, 4024, 1256, 452, 170, 59, 25, 4, 1, 2]
(2, (0, 0, 1)): [30665, 10205, 1880, 633, 221, 88, 33, 9, 0, 1]
(2, (0, 1, 0)): [73298, 17361, 4262, 1447, 478, 172, 53, 15, 4, 1]
(2, (0, 1, 1)): [18501, 1629, 4494, 1198, 441, 161, 53, 18, 10, 3, 1]
(2, (1, 0, 0)): [155842, 12261, 6938, 2298, 783, 250, 104, 33, 10, 2, 2]
(2, (1, 0, 1)): [27192, 7334, 3186, 1677, 525, 205, 69, 27, 9, 1, 0, 1]
(2, (1, 1, 0)): [54494, 8730, 4815, 2868, 943, 333, 108, 34, 15, 5, 3, 0, 0, 1]
(2, (1, 1, 1)): [16233, 2455, 2848, 1525, 1041, 364, 121, 43, 19, 3, 3, 0, 0, 1]
