(0, (0, 0, 0)): [346, 49, 19, 11, 4, 1, 1]
(0, (0, 0, 1)): [1, 5, 4]
(0, (0, 1, 0)): [14, 4, 1, 1]
(0, (1, 0, 0)): [72, 21, 8, 6, 2, 0, 1]
(0, (1, 1, 0)): [11, 7, 3, 4, 1, 0, 1]
(0, (1, 1, 1)): [2, 2, 0, 1, 0, 1, 1]
(1, (0, 0, 0)): [270, 23, 5, 4, 2, 1]
(1, (0, 0, 1)): [15, 14, 2]
(1, (0, 1, 0)): [44, 17, 3, 2]
(1, (0, 1, 1)): [8, 8, 5, 5, 0, 1]
(1, (1, 0, 0)): [96, 15, 3, 4, 1, 1]
(1, (1, 0, 1)): [1, 2, 3, 1, 1]
(1, (1, 1, 0)): [22, 8, 1, 5, 1]
(1, (1, 1, 1)): [4, 3, 2, 4, 1, 1]
(2, (0, 0, 0)): [233, 5, 3, 1, 2]
(2, (0, 0, 1)): [37, 14, 1, 0, 1]
(2, (0, 1, 0)): [62, 11, 2, 1]
(2, (0, 1, 1)): [18, 4, 5]
(2, (1, 0, 0)): [129, 4, 5, 2, 1]
(2, (1, 0, 1)): [17, 5, 3, 1]
(2, (1, 1, 0)): [30, 3, 5, 1, 1]
(2, (1, 1, 1)): [11, 2, 2, 1, 1]
