(0, (0, 0, 0)): [23605, 4281, 1886, 857, 341, 129, 49, 20, 5, 3, 0, 0, 1, 1]
(0, (0, 0, 1)): [107, 250, 60, 35, 15, 1, 2]
(0, (0, 1, 0)): [818, 646, 267, 118, 56, 21, 2, 2, 0, 1, 0, 0, 0, 1]
(0, (0, 1, 1)): [62, 96, 108, 58, 23, 11, 6, 2, 1, 0, 0, 0, 1]
(0, (1, 0, 0)): [4472, 1369, 904, 421, 180, 63, 30, 12, 4, 1, 0, 0, 1]
(0, (1, 0, 1)): [133, 307, 131, 82, 54, 12, 7, 3, 2, 2, 0, 1, 1, 1]
(0, (1, 1, 0)): [565, 344, 237, 183, 87, 36, 12, 13, 2]
(0, (1, 1, 1)): [63, 104, 82, 53, 47, 20, 9, 7, 1, 0, 0, 0, 1]
(1, (0, 0, 0)): [18328, 1995, 726, 307, 108, 43, 12, 7, 2, 1]
(1, (0, 0, 1)): [526, 572, 119, 43, 21, 4, 1]
(1, (0, 1, 0)): [2265, 946, 329, 153, 51, 11, 4, 3, 1]
(1, (0, 1, 1)): [375, 251, 195, 92, 46, 11, 6, 7, 0, 0, 0, 1]
(1, (1, 0, 0)): [6459, 1148, 718, 289, 105, 45, 13, 5, 2, 1, 1]
(1, (1, 0, 1)): [565, 589, 160, 113, 48, 16, 4, 2, 1]
(1, (1, 1, 0)): [1658, 513, 295, 254, 83, 39, 9, 2, 1, 0, 0, 1]
(1, (1, 1, 1)): [340, 240, 140, 99, 71, 22, 6, 5, 0, 0, 0, 1]
(2, (0, 0, 0)): [16144, 708, 212, 77, 21, 5, 2]
(2, (0, 0, 1)): [1225, 349, 70, 22, 4, 1, 1]
(2, (0, 1, 0)): [3567, 683, 186, 87, 15, 4, 1, 1]
(2, (0, 1, 1)): [754, 59, 139, 35, 13, 5, 0, 2]
(2, (1, 0, 0)): [7734, 500, 378, 109, 33, 10, 3, 1, 1]
(2, (1, 0, 1)): [1334, 284, 96, 74, 14, 5, 1, 1, 1]
(2, (1, 1, 0)): [2906, 447, 198, 169, 40, 12, 3, 1]
(2, (1, 1, 1)): [805, 117, 140, 62, 33, 10, 1, 1, 1]
