(0, (0, 0, 0), (0, 0)): [21775, 4295, 2080, 920, 434, 176, 67, 33, 8, 5, 2, 2, 1]
(0, (0, 0, 0), (0, 1)): [1271, 256, 122, 51, 26, 12, 7, 2, 1]
(0, (0, 0, 0), (0, 2)): [488, 100, 53, 23, 11, 3, 2, 2]
(0, (0, 0, 0), (1, 0)): [761, 161, 73, 28, 21, 8, 2, 2, 1]
(0, (0, 0, 0), (1, 1)): [934, 195, 84, 39, 29, 12, 6, 2, 2]
(0, (0, 0, 0), (1, 2)): [626, 128, 57, 27, 18, 3, 5, 0, 1]
(0, (0, 0, 0), (2, 0)): [157, 25, 10, 3, 2, 1]
(0, (0, 0, 0), (2, 1)): [347, 75, 36, 10, 10, 7, 1, 2]
(0, (0, 0, 0), (2, 2)): [352, 79, 36, 12, 13, 6, 3, 1]
(0, (0, 0, 0), (3, 0)): [14, 3, 1]
(0, (0, 0, 0), (3, 1)): [63, 14, 9, 0, 2, 1, 0, 1]
(0, (0, 0, 0), (3, 2)): [127, 26, 12, 3, 7, 2]
(0, (0, 0, 1), (0, 0)): [106, 269, 57, 33, 19, 6, 4, 1]
(0, (0, 0, 1), (0, 1)): [7, 29, 2, 2, 3, 1]
(0, (0, 0, 1), (0, 2)): [2, 13, 0, 1, 2]
(0, (0, 0, 1), (1, 0)): [3, 7, 3, 0, 1]
(0, (0, 0, 1), (1, 1)): [3, 15, 2, 1, 2]
(0, (0, 0, 1), (1, 2)): [4, 9, 0, 0, 2]
(0, (0, 0, 1), (2, 0)): [1, 0, 1]
(0, (0, 0, 1), (2, 1)): [1, 8, 2]
(0, (0, 0, 1), (2, 2)): [2, 6, 1, 0, 1]
(0, (0, 0, 1), (3, 1)): [0, 4]
(0, (0, 0, 1), (3, 2)): [0, 4]
(0, (0, 1, 0), (0, 0)): [746, 661, 256, 125, 64, 24, 6, 3, 0, 1]
(0, (0, 1, 0), (0, 1)): [42, 35, 20, 7, 2, 4, 1]
(0, (0, 1, 0), (0, 2)): [19, 17, 9, 4]
(0, (0, 1, 0), (1, 0)): [20, 33, 17, 7, 3, 1, 1, 1]
(0, (0, 1, 0), (1, 1)): [32, 27, 13, 9, 3, 3, 1, 1]
(0, (0, 1, 0), (1, 2)): [20, 16, 10, 7, 1, 2]
(0, (0, 1, 0), (2, 0)): [6, 6, 4, 1]
(0, (0, 1, 0), (2, 1)): [10, 12, 9, 3, 0, 0, 1, 1]
(0, (0, 1, 0), (2, 2)): [13, 12, 4, 5, 0, 2]
(0, (0, 1, 0), (3, 0)): [0, 1, 1]
(0, (0, 1, 0), (3, 1)): [3, 3, 4, 0, 0, 0, 1, 1]
(0, (0, 1, 0), (3, 2)): [4, 6, 3, 1]
(0, (0, 1, 1), (0, 0)): [64, 97, 130, 62, 29, 18, 9, 7, 1, 3, 0, 1]
(0, (0, 1, 1), (0, 1)): [5, 3, 9, 2, 5, 0, 1, 1, 1]
(0, (0, 1, 1), (0, 2)): [1, 0, 6, 1, 3, 0, 0, 1]
(0, (0, 1, 1), (1, 0)): [1, 6, 0, 2, 0, 2]
(0, (0, 1, 1), (1, 1)): [4, 5, 3, 2, 2, 1, 1, 0, 1]
(0, (0, 1, 1), (1, 2)): [2, 1, 3, 2, 2, 0, 1, 0, 1]
(0, (0, 1, 1), (2, 0)): [0, 1, 0, 1]
(0, (0, 1, 1), (2, 1)): [1, 4, 2, 1, 0, 1]
(0, (0, 1, 1), (2, 2)): [1, 3, 2, 2, 1, 1]
(0, (0, 1, 1), (3, 1)): [0, 0, 1]
(0, (0, 1, 1), (3, 2)): [1, 0, 1, 1, 0, 1]
(0, (1, 0, 0), (0, 0)): [4752, 1442, 1043, 484, 219, 103, 43, 28, 6, 4, 2, 2, 1]
(0, (1, 0, 0), (0, 1)): [270, 91, 63, 27, 13, 6, 6, 2, 1]
(0, (1, 0, 0), (0, 2)): [106, 34, 31, 10, 7, 3, 2, 2]
(0, (1, 0, 0), (1, 0)): [183, 61, 40, 16, 18, 6, 2, 2, 1]
(0, (1, 0, 0), (1, 1)): [205, 69, 49, 18, 20, 5, 6, 2, 2]
(0, (1, 0, 0), (1, 2)): [138, 41, 28, 13, 10, 1, 6, 0, 1]
(0, (1, 0, 0), (2, 0)): [44, 9, 1, 3, 1, 1]
(0, (1, 0, 0), (2, 1)): [79, 35, 19, 5, 8, 5, 0, 2]
(0, (1, 0, 0), (2, 2)): [82, 24, 18, 8, 8, 4, 2, 1]
(0, (1, 0, 0), (3, 0)): [4]
(0, (1, 0, 0), (3, 1)): [15, 7, 5, 0, 2, 0, 0, 1]
(0, (1, 0, 0), (3, 2)): [32, 9, 6, 3, 6, 1]
(0, (1, 0, 1), (0, 0)): [118, 319, 134, 87, 46, 25, 8, 3, 1, 1, 2]
(0, (1, 0, 1), (0, 1)): [3, 18, 8, 6, 2, 3]
(0, (1, 0, 1), (0, 2)): [1, 11, 3, 1, 1]
(0, (1, 0, 1), (1, 0)): [5, 17, 5, 2, 3]
(0, (1, 0, 1), (1, 1)): [3, 13, 7, 2, 2]
(0, (1, 0, 1), (1, 2)): [4, 8, 1, 3, 1]
(0, (1, 0, 1), (2, 0)): [2, 4, 0, 0, 1]
(0, (1, 0, 1), (2, 1)): [0, 7, 4, 0, 1]
(0, (1, 0, 1), (2, 2)): [2, 4, 2, 2, 1]
(0, (1, 0, 1), (3, 1)): [0, 0, 2]
(0, (1, 0, 1), (3, 2)): [0, 1, 2, 1]
(0, (1, 1, 0), (0, 0)): [662, 341, 273, 222, 106, 51, 17, 18, 3, 2, 1, 2]
(0, (1, 1, 0), (0, 1)): [33, 22, 20, 12, 6, 5]
(0, (1, 1, 0), (0, 2)): [9, 13, 9, 5, 2, 2]
(0, (1, 1, 0), (1, 0)): [18, 18, 11, 10, 9, 2, 1, 1]
(0, (1, 1, 0), (1, 1)): [29, 16, 14, 10, 12, 4, 1, 1]
(0, (1, 1, 0), (1, 2)): [17, 10, 14, 7, 5, 1]
(0, (1, 1, 0), (2, 0)): [5, 1, 0, 2, 0, 1]
(0, (1, 1, 0), (2, 1)): [9, 6, 3, 2, 7, 3, 0, 1]
(0, (1, 1, 0), (2, 2)): [9, 7, 5, 3, 6, 3, 0, 1]
(0, (1, 1, 0), (3, 0)): [1]
(0, (1, 1, 0), (3, 1)): [2, 2, 0, 0, 1]
(0, (1, 1, 0), (3, 2)): [3, 5, 1, 1, 4]
(0, (1, 1, 1), (0, 0)): [77, 97, 95, 72, 58, 29, 14, 13, 1, 2, 1]
(0, (1, 1, 1), (0, 1)): [2, 3, 8, 2, 5, 2, 1]
(0, (1, 1, 1), (0, 2)): [0, 1, 2, 0, 3, 1]
(0, (1, 1, 1), (1, 0)): [5, 6, 2, 6, 3, 3, 1, 1]
(0, (1, 1, 1), (1, 1)): [4, 5, 5, 5, 5, 2, 2, 1]
(0, (1, 1, 1), (1, 2)): [1, 0, 2, 3, 4, 1, 1]
(0, (1, 1, 1), (2, 0)): [2, 0, 0, 2, 0, 1]
(0, (1, 1, 1), (2, 1)): [2, 4, 3, 3, 1, 2, 1, 1]
(0, (1, 1, 1), (2, 2)): [2, 2, 4, 5, 2, 1, 1, 1]
(0, (1, 1, 1), (3, 1)): [1, 1, 1]
(0, (1, 1, 1), (3, 2)): [1, 1, 2, 1]
(1, (0, 0, 0), (0, 0)): [17703, 1908, 827, 306, 151, 39, 16, 2, 2]
(1, (0, 0, 0), (0, 1)): [1047, 113, 50, 17, 8, 2, 1]
(1, (0, 0, 0), (0, 2)): [404, 41, 22, 7, 3]
(1, (0, 0, 0), (1, 0)): [604, 77, 20, 11, 2, 1]
(1, (0, 0, 0), (1, 1)): [759, 90, 27, 18, 5, 3, 1]
(1, (0, 0, 0), (1, 2)): [512, 64, 23, 8, 4, 1]
(1, (0, 0, 0), (2, 0)): [115, 15, 4, 0, 1]
(1, (0, 0, 0), (2, 1)): [280, 33, 10, 4, 2, 1, 1]
(1, (0, 0, 0), (2, 2)): [280, 42, 13, 3, 4, 1, 1]
(1, (0, 0, 0), (3, 0)): [11, 3]
(1, (0, 0, 0), (3, 1)): [52, 8, 1]
(1, (0, 0, 0), (3, 2)): [102, 13, 2, 0, 1]
(1, (0, 0, 1), (0, 0)): [492, 596, 114, 55, 26, 12, 4]
(1, (0, 0, 1), (0, 1)): [28, 42, 5, 4, 2, 1, 2]
(1, (0, 0, 1), (0, 2)): [11, 18, 2, 2, 0, 0, 2]
(1, (0, 0, 1), (1, 0)): [21, 22, 7, 1, 1, 1]
(1, (0, 0, 1), (1, 1)): [20, 25, 7, 3, 2, 1]
(1, (0, 0, 1), (1, 2)): [11, 22, 3, 1, 2, 1]
(1, (0, 0, 1), (2, 0)): [4, 5, 1]
(1, (0, 0, 1), (2, 1)): [9, 13, 4]
(1, (0, 0, 1), (2, 2)): [5, 11, 3, 1, 1]
(1, (0, 0, 1), (3, 0)): [0, 1]
(1, (0, 0, 1), (3, 1)): [1, 4]
(1, (0, 0, 1), (3, 2)): [1, 5]
(1, (0, 1, 0), (0, 0)): [2216, 914, 381, 146, 62, 12, 10, 2, 1]
(1, (0, 1, 0), (0, 1)): [139, 47, 21, 10, 3, 1, 3, 1]
(1, (0, 1, 0), (0, 2)): [58, 16, 8, 4, 1, 0, 3, 1]
(1, (0, 1, 0), (1, 0)): [78, 34, 15, 6, 0, 0, 2]
(1, (0, 1, 0), (1, 1)): [99, 40, 17, 10, 2, 1, 2]
(1, (0, 1, 0), (1, 2)): [66, 26, 11, 8, 2, 1, 2]
(1, (0, 1, 0), (2, 0)): [16, 8, 3, 1]
(1, (0, 1, 0), (2, 1)): [31, 19, 8, 3, 1, 0, 1]
(1, (0, 1, 0), (2, 2)): [34, 16, 7, 5, 2, 1]
(1, (0, 1, 0), (3, 0)): [1, 1]
(1, (0, 1, 0), (3, 1)): [7, 4, 0, 0, 1, 0, 1]
(1, (0, 1, 0), (3, 2)): [12, 6, 1, 1, 2]
(1, (0, 1, 1), (0, 0)): [358, 267, 262, 95, 49, 14, 4, 5, 0, 1]
(1, (0, 1, 1), (0, 1)): [23, 20, 18, 3, 6]
(1, (0, 1, 1), (0, 2)): [8, 8, 12, 2, 2]
(1, (0, 1, 1), (1, 0)): [18, 12, 7, 5, 2, 1]
(1, (0, 1, 1), (1, 1)): [23, 12, 8, 1, 5, 1]
(1, (0, 1, 1), (1, 2)): [11, 7, 13, 0, 4]
(1, (0, 1, 1), (2, 0)): [2, 2, 2, 1, 1]
(1, (0, 1, 1), (2, 1)): [8, 9, 1, 0, 0, 1]
(1, (0, 1, 1), (2, 2)): [7, 8, 4, 0, 3]
(1, (0, 1, 1), (3, 1)): [1, 2]
(1, (0, 1, 1), (3, 2)): [4, 5]
(1, (1, 0, 0), (0, 0)): [6805, 1110, 798, 309, 152, 45, 20, 3, 3, 0, 0, 0, 1]
(1, (1, 0, 0), (0, 1)): [417, 71, 57, 17, 12, 3, 5]
(1, (1, 0, 0), (0, 2)): [179, 31, 27, 7, 4, 2, 2]
(1, (1, 0, 0), (1, 0)): [248, 48, 23, 16, 3, 3]
(1, (1, 0, 0), (1, 1)): [300, 54, 34, 19, 10, 4, 3]
(1, (1, 0, 0), (1, 2)): [208, 36, 22, 9, 7, 1, 5]
(1, (1, 0, 0), (2, 0)): [53, 6, 3]
(1, (1, 0, 0), (2, 1)): [125, 23, 11, 5, 1, 3]
(1, (1, 0, 0), (2, 2)): [125, 21, 12, 4, 5, 1, 2]
(1, (1, 0, 0), (3, 0)): [6, 1]
(1, (1, 0, 0), (3, 1)): [18, 5, 1, 0, 0, 1]
(1, (1, 0, 0), (3, 2)): [47, 8, 3, 1, 1]
(1, (1, 0, 1), (0, 0)): [578, 619, 176, 135, 59, 25, 8, 2, 3, 1]
(1, (1, 0, 1), (0, 1)): [27, 40, 11, 11, 7, 1, 1]
(1, (1, 0, 1), (0, 2)): [11, 15, 2, 5, 2, 1, 1]
(1, (1, 0, 1), (1, 0)): [17, 21, 9, 5, 3]
(1, (1, 0, 1), (1, 1)): [15, 34, 13, 8, 8]
(1, (1, 0, 1), (1, 2)): [10, 18, 8, 4, 3, 1]
(1, (1, 0, 1), (2, 0)): [6, 1, 1]
(1, (1, 0, 1), (2, 1)): [9, 10, 3, 4, 5]
(1, (1, 0, 1), (2, 2)): [6, 9, 5, 3, 3]
(1, (1, 0, 1), (3, 0)): [1]
(1, (1, 0, 1), (3, 1)): [2, 1, 1, 1, 2]
(1, (1, 0, 1), (3, 2)): [3, 4, 3, 1, 2]
(1, (1, 1, 0), (0, 0)): [1847, 495, 370, 247, 122, 41, 16, 5, 3, 1, 0, 1, 1]
(1, (1, 1, 0), (0, 1)): [112, 30, 27, 17, 7, 5, 3]
(1, (1, 1, 0), (0, 2)): [55, 16, 6, 5, 2, 4, 2]
(1, (1, 1, 0), (1, 0)): [69, 27, 10, 9, 7, 2, 1]
(1, (1, 1, 0), (1, 1)): [76, 25, 17, 17, 11, 3, 2]
(1, (1, 1, 0), (1, 2)): [60, 16, 10, 11, 5, 2, 3]
(1, (1, 1, 0), (2, 0)): [13, 3, 2]
(1, (1, 1, 0), (2, 1)): [21, 11, 6, 5, 5, 2]
(1, (1, 1, 0), (2, 2)): [25, 15, 7, 3, 7, 1, 1]
(1, (1, 1, 0), (3, 0)): [2]
(1, (1, 1, 0), (3, 1)): [3, 2, 0, 2, 1, 1]
(1, (1, 1, 0), (3, 2)): [14, 9, 2, 3, 4]
(1, (1, 1, 1), (0, 0)): [390, 249, 163, 111, 90, 37, 11, 7, 1, 1, 0, 1, 1]
(1, (1, 1, 1), (0, 1)): [26, 19, 11, 9, 11, 4, 1]
(1, (1, 1, 1), (0, 2)): [9, 8, 7, 3, 5, 3]
(1, (1, 1, 1), (1, 0)): [20, 11, 4, 8, 5, 3, 1]
(1, (1, 1, 1), (1, 1)): [26, 13, 7, 11, 11, 3, 2]
(1, (1, 1, 1), (1, 2)): [15, 5, 4, 6, 7, 2, 1]
(1, (1, 1, 1), (2, 0)): [2, 1, 0, 1]
(1, (1, 1, 1), (2, 1)): [7, 9, 2, 4, 4, 2]
(1, (1, 1, 1), (2, 2)): [7, 9, 1, 5, 7, 1, 1]
(1, (1, 1, 1), (3, 1)): [2, 1, 1, 1]
(1, (1, 1, 1), (3, 2)): [3, 5, 0, 1, 2]
(2, (0, 0, 0), (0, 0)): [15517, 761, 264, 73, 37, 10, 2]
(2, (0, 0, 0), (0, 1)): [910, 54, 8, 4, 1, 1, 1]
(2, (0, 0, 0), (0, 2)): [348, 14, 4, 2]
(2, (0, 0, 0), (1, 0)): [538, 31, 6, 0, 1]
(2, (0, 0, 0), (1, 1)): [667, 45, 4, 2, 1, 1, 1]
(2, (0, 0, 0), (1, 2)): [449, 30, 3, 1, 1]
(2, (0, 0, 0), (2, 0)): [105, 6, 1, 0, 1]
(2, (0, 0, 0), (2, 1)): [245, 15, 3, 1, 1, 0, 1]
(2, (0, 0, 0), (2, 2)): [245, 24, 2, 0, 1, 0, 1]
(2, (0, 0, 0), (3, 0)): [9, 1]
(2, (0, 0, 0), (3, 1)): [50, 2, 1]
(2, (0, 0, 0), (3, 2)): [86, 5, 1]
(2, (0, 0, 1), (0, 0)): [1233, 380, 87, 37, 13, 2, 0, 0, 1]
(2, (0, 0, 1), (0, 1)): [84, 18, 7, 3]
(2, (0, 0, 1), (0, 2)): [34, 6, 6]
(2, (0, 0, 1), (1, 0)): [52, 17, 5, 1, 1]
(2, (0, 0, 1), (1, 1)): [63, 15, 3, 4]
(2, (0, 0, 1), (1, 2)): [39, 7, 3, 1]
(2, (0, 0, 1), (2, 0)): [7, 3, 2, 0, 1]
(2, (0, 0, 1), (2, 1)): [30, 11, 1, 0, 1]
(2, (0, 0, 1), (2, 2)): [29, 4, 2]
(2, (0, 0, 1), (3, 0)): [1]
(2, (0, 0, 1), (3, 1)): [4, 3]
(2, (0, 0, 1), (3, 2)): [10, 3]
(2, (0, 1, 0), (0, 0)): [3516, 683, 201, 66, 29, 7, 1]
(2, (0, 1, 0), (0, 1)): [216, 40, 15, 3, 0, 1]
(2, (0, 1, 0), (0, 2)): [76, 14, 7, 1]
(2, (0, 1, 0), (1, 0)): [112, 22, 8, 4]
(2, (0, 1, 0), (1, 1)): [169, 29, 11, 5, 0, 1]
(2, (0, 1, 0), (1, 2)): [100, 25, 8, 2]
(2, (0, 1, 0), (2, 0)): [21, 5, 0, 1]
(2, (0, 1, 0), (2, 1)): [59, 9, 3, 2, 0, 1]
(2, (0, 1, 0), (2, 2)): [63, 18, 2, 2, 0, 1]
(2, (0, 1, 0), (3, 1)): [9, 1]
(2, (0, 1, 0), (3, 2)): [16, 4]
(2, (0, 1, 1), (0, 0)): [777, 53, 165, 51, 21, 3, 1, 0, 0, 0, 1]
(2, (0, 1, 1), (0, 1)): [38, 5, 12, 0, 1]
(2, (0, 1, 1), (0, 2)): [15, 3, 5]
(2, (0, 1, 1), (1, 0)): [36, 1, 6, 2, 1]
(2, (0, 1, 1), (1, 1)): [43, 0, 8, 2, 1]
(2, (0, 1, 1), (1, 2)): [19, 1, 5, 1, 1]
(2, (0, 1, 1), (2, 0)): [3, 1]
(2, (0, 1, 1), (2, 1)): [16, 1, 3, 1]
(2, (0, 1, 1), (2, 2)): [16, 1, 2, 1]
(2, (0, 1, 1), (3, 1)): [1]
(2, (0, 1, 1), (3, 2)): [3]
(2, (1, 0, 0), (0, 0)): [8269, 576, 424, 127, 46, 11, 5, 1]
(2, (1, 0, 0), (0, 1)): [488, 42, 13, 7, 1, 1, 2]
(2, (1, 0, 0), (0, 2)): [181, 12, 5, 4]
(2, (1, 0, 0), (1, 0)): [277, 28, 14, 4]
(2, (1, 0, 0), (1, 1)): [358, 37, 14, 6, 1, 1, 2]
(2, (1, 0, 0), (1, 2)): [245, 25, 5, 2, 1, 0, 1]
(2, (1, 0, 0), (2, 0)): [55, 6, 1, 1]
(2, (1, 0, 0), (2, 1)): [141, 16, 5, 3, 0, 0, 1]
(2, (1, 0, 0), (2, 2)): [145, 20, 6, 2, 1, 0, 2]
(2, (1, 0, 0), (3, 0)): [4, 2]
(2, (1, 0, 0), (3, 1)): [29, 4, 1]
(2, (1, 0, 0), (3, 2)): [52, 5, 1]
(2, (1, 0, 1), (0, 0)): [1402, 315, 112, 87, 36, 5, 8, 0, 1]
(2, (1, 0, 1), (0, 1)): [65, 13, 6, 5, 1]
(2, (1, 0, 1), (0, 2)): [27, 7, 1, 1, 1]
(2, (1, 0, 1), (1, 0)): [43, 7, 4, 5, 2]
(2, (1, 0, 1), (1, 1)): [52, 6, 7, 9, 2]
(2, (1, 0, 1), (1, 2)): [32, 4, 5, 2, 2]
(2, (1, 0, 1), (2, 0)): [7, 1]
(2, (1, 0, 1), (2, 1)): [17, 3, 2, 5, 1]
(2, (1, 0, 1), (2, 2)): [19, 4, 2, 3, 2]
(2, (1, 0, 1), (3, 1)): [4, 2]
(2, (1, 0, 1), (3, 2)): [9, 2]
(2, (1, 1, 0), (0, 0)): [3249, 489, 235, 152, 66, 21, 1, 2, 0, 0, 0, 1]
(2, (1, 1, 0), (0, 1)): [190, 27, 15, 12, 5, 2]
(2, (1, 1, 0), (0, 2)): [85, 10, 3, 5]
(2, (1, 1, 0), (1, 0)): [99, 28, 10, 2, 1]
(2, (1, 1, 0), (1, 1)): [127, 31, 12, 8, 5, 2]
(2, (1, 1, 0), (1, 2)): [95, 19, 8, 7, 2]
(2, (1, 1, 0), (2, 0)): [21, 4, 2, 1]
(2, (1, 1, 0), (2, 1)): [40, 8, 6, 2, 1, 1]
(2, (1, 1, 0), (2, 2)): [53, 16, 5, 2, 2, 1]
(2, (1, 1, 0), (3, 0)): [3, 2]
(2, (1, 1, 0), (3, 1)): [7, 3]
(2, (1, 1, 0), (3, 2)): [22, 6]
(2, (1, 1, 1), (0, 0)): [894, 110, 141, 67, 51, 14, 4, 1, 1]
(2, (1, 1, 1), (0, 1)): [61, 8, 12, 7, 4]
(2, (1, 1, 1), (0, 2)): [23, 2, 3, 2, 1]
(2, (1, 1, 1), (1, 0)): [35, 6, 6, 2, 1]
(2, (1, 1, 1), (1, 1)): [44, 8, 11, 6, 3]
(2, (1, 1, 1), (1, 2)): [26, 3, 5, 2, 2]
(2, (1, 1, 1), (2, 0)): [2, 0, 1]
(2, (1, 1, 1), (2, 1)): [15, 6, 6, 2, 1]
(2, (1, 1, 1), (2, 2)): [19, 7, 5, 3, 2]
(2, (1, 1, 1), (3, 1)): [3]
(2, (1, 1, 1), (3, 2)): [8, 2]
