(0, (0, 0, 0), (0, 0)): [22442, 4262, 1798, 847, 335, 144, 53, 22, 7, 2, 0, 0, 1]
(0, (0, 0, 0), (0, 1)): [197, 32, 8, 2, 1]
(0, (0, 0, 0), (0, 2)): [150, 27, 8, 2]
(0, (0, 0, 0), (1, 0)): [105, 24, 8, 4, 0, 0, 1]
(0, (0, 0, 0), (1, 1)): [98, 14, 1, 1, 1]
(0, (0, 0, 0), (1, 2)): [143, 24, 7]
(0, (0, 0, 0), (2, 0)): [54, 15, 7, 3, 0, 0, 1]
(0, (0, 0, 0), (2, 1)): [42, 8, 3, 1]
(0, (0, 0, 0), (2, 2)): [75, 10, 6]
(0, (0, 0, 0), (3, 0)): [16, 2, 1, 2, 0, 0, 1]
(0, (0, 0, 0), (3, 1)): [13, 4, 0, 1]
(0, (0, 0, 0), (3, 2)): [27, 7, 0, 1]
(0, (0, 0, 1), (0, 0)): [113, 231, 41, 28, 22, 5, 3, 1, 0, 1]
(0, (0, 0, 1), (0, 1)): [1]
(0, (0, 0, 1), (0, 2)): [1]
(0, (0, 0, 1), (1, 0)): [0, 1]
(0, (0, 0, 1), (2, 0)): [0, 1]
(0, (0, 0, 1), (3, 0)): [0, 1]
(0, (0, 1, 0), (0, 0)): [819, 619, 242, 126, 52, 23, 6, 6, 0, 1]
(0, (0, 1, 0), (0, 1)): [7, 3, 2]
(0, (0, 1, 0), (0, 2)): [6, 3, 2]
(0, (0, 1, 0), (1, 0)): [3, 4]
(0, (0, 1, 0), (1, 1)): [3, 2]
(0, (0, 1, 0), (1, 2)): [7, 3, 2]
(0, (0, 1, 0), (2, 0)): [1, 2]
(0, (0, 1, 0), (2, 1)): [1, 1]
(0, (0, 1, 0), (2, 2)): [2, 1, 1]
(0, (0, 1, 0), (3, 0)): [0, 1]
(0, (0, 1, 0), (3, 1)): [1, 1]
(0, (0, 1, 0), (3, 2)): [2, 1]
(0, (0, 1, 1), (0, 0)): [73, 101, 93, 56, 26, 12, 4, 2, 0, 1]
(0, (0, 1, 1), (0, 1)): [1, 1]
(0, (0, 1, 1), (0, 2)): [1]
(0, (0, 1, 1), (1, 0)): [0, 0, 1, 1, 1]
(0, (0, 1, 1), (1, 1)): [0, 1]
(0, (0, 1, 1), (1, 2)): [1, 1]
(0, (0, 1, 1), (2, 0)): [0, 0, 1, 1, 1]
(0, (0, 1, 1), (2, 1)): [0, 0, 0, 1]
(0, (0, 1, 1), (2, 2)): [0, 1]
(0, (0, 1, 1), (3, 0)): [0, 0, 1, 0, 1]
(0, (0, 1, 1), (3, 1)): [0, 0, 0, 1]
(0, (0, 1, 1), (3, 2)): [0, 1, 0, 1]
(0, (1, 0, 0), (0, 0)): [4631, 1363, 864, 420, 185, 78, 39, 13, 1, 1]
(0, (1, 0, 0), (0, 1)): [34, 12, 1, 0, 1]
(0, (1, 0, 0), (0, 2)): [29, 9, 1]
(0, (1, 0, 0), (1, 0)): [28, 5, 4, 2, 0, 0, 1]
(0, (1, 0, 0), (1, 1)): [15, 3, 1, 0, 1]
(0, (1, 0, 0), (1, 2)): [22, 7, 2]
(0, (1, 0, 0), (2, 0)): [18, 5, 3, 2, 0, 0, 1]
(0, (1, 0, 0), (2, 1)): [10, 5, 1, 1]
(0, (1, 0, 0), (2, 2)): [12, 4, 3]
(0, (1, 0, 0), (3, 0)): [7, 1, 1, 1, 0, 0, 1]
(0, (1, 0, 0), (3, 1)): [5, 3, 0, 1]
(0, (1, 0, 0), (3, 2)): [7, 5, 0, 1]
(0, (1, 0, 1), (0, 0)): [130, 317, 113, 72, 41, 14, 12, 1]
(0, (1, 0, 1), (0, 1)): [0, 3]
(0, (1, 0, 1), (0, 2)): [0, 3]
(0, (1, 0, 1), (1, 0)): [0, 0, 0, 1, 1]
(0, (1, 0, 1), (2, 0)): [0, 0, 0, 1, 1]
(0, (1, 0, 1), (3, 0)): [0, 0, 0, 1, 1]
(0, (1, 1, 0), (0, 0)): [611, 353, 240, 179, 85, 39, 15, 7, 1]
(0, (1, 1, 0), (0, 1)): [7, 3]
(0, (1, 1, 0), (0, 2)): [5, 1]
(0, (1, 1, 0), (1, 0)): [2, 0, 0, 0, 0, 1, 1]
(0, (1, 1, 0), (1, 1)): [4, 2]
(0, (1, 1, 0), (1, 2)): [3, 2]
(0, (1, 1, 0), (2, 0)): [0, 0, 0, 0, 0, 1, 1]
(0, (1, 1, 0), (2, 2)): [1, 2]
(0, (1, 1, 0), (3, 0)): [0, 0, 0, 0, 0, 1, 1]
(0, (1, 1, 0), (3, 2)): [1, 2]
(0, (1, 1, 1), (0, 0)): [77, 87, 80, 62, 56, 20, 7, 3, 1]
(0, (1, 1, 1), (0, 1)): [1]
(0, (1, 1, 1), (1, 0)): [1]
(0, (1, 1, 1), (1, 1)): [2]
(0, (1, 1, 1), (1, 2)): [2]
(0, (1, 1, 1), (2, 2)): [1]
(0, (1, 1, 1), (3, 2)): [1]
(1, (0, 0, 0), (0, 0)): [18406, 1956, 734, 317, 92, 40, 9, 3, 6, 0, 0, 0, 1]
(1, (0, 0, 0), (0, 1)): [166, 13, 5, 2]
(1, (0, 0, 0), (0, 2)): [124, 12, 5, 2]
(1, (0, 0, 0), (1, 0)): [80, 11, 4, 2]
(1, (0, 0, 0), (1, 1)): [84, 6, 0, 1]
(1, (0, 0, 0), (1, 2)): [120, 10, 3]
(1, (0, 0, 0), (2, 0)): [38, 6, 4, 1]
(1, (0, 0, 0), (2, 1)): [34, 3, 1]
(1, (0, 0, 0), (2, 2)): [64, 5, 1]
(1, (0, 0, 0), (3, 0)): [10, 0, 0, 1]
(1, (0, 0, 0), (3, 1)): [9, 1]
(1, (0, 0, 0), (3, 2)): [20, 2]
(1, (0, 0, 1), (0, 0)): [467, 557, 107, 50, 25, 6, 1, 1, 0, 0, 0, 0, 1]
(1, (0, 0, 1), (0, 1)): [7, 0, 1, 1]
(1, (0, 0, 1), (0, 2)): [5, 0, 1, 1]
(1, (0, 0, 1), (1, 0)): [3, 3]
(1, (0, 0, 1), (1, 1)): [3, 1]
(1, (0, 0, 1), (1, 2)): [5, 1, 1]
(1, (0, 0, 1), (2, 0)): [2, 2]
(1, (0, 0, 1), (2, 1)): [2, 1]
(1, (0, 0, 1), (2, 2)): [3, 1]
(1, (0, 0, 1), (3, 0)): [0, 1]
(1, (0, 0, 1), (3, 1)): [2, 1]
(1, (0, 0, 1), (3, 2)): [4, 1]
(1, (0, 1, 0), (0, 0)): [2325, 866, 332, 159, 44, 31, 5, 4, 1, 0, 1, 0, 1]
(1, (0, 1, 0), (0, 1)): [23, 7, 1, 0, 1]
(1, (0, 1, 0), (0, 2)): [21, 6, 1]
(1, (0, 1, 0), (1, 0)): [11, 4, 3]
(1, (0, 1, 0), (1, 1)): [6, 2, 1, 0, 1]
(1, (0, 1, 0), (1, 2)): [18, 7, 1]
(1, (0, 1, 0), (2, 0)): [7, 3, 2]
(1, (0, 1, 0), (2, 1)): [5, 3, 1]
(1, (0, 1, 0), (2, 2)): [6, 2, 1]
(1, (0, 1, 0), (3, 0)): [2, 1]
(1, (0, 1, 0), (3, 1)): [3, 2, 1]
(1, (0, 1, 0), (3, 2)): [4, 2, 1]
(1, (0, 1, 1), (0, 0)): [400, 255, 225, 72, 41, 13, 8, 0, 1]
(1, (0, 1, 1), (0, 1)): [3, 1]
(1, (0, 1, 1), (0, 2)): [3]
(1, (0, 1, 1), (1, 0)): [1, 2]
(1, (0, 1, 1), (1, 1)): [0, 1]
(1, (0, 1, 1), (1, 2)): [1, 1]
(1, (0, 1, 1), (2, 0)): [1, 2]
(1, (0, 1, 1), (2, 2)): [0, 1]
(1, (0, 1, 1), (3, 0)): [1, 1]
(1, (0, 1, 1), (3, 2)): [0, 1]
(1, (1, 0, 0), (0, 0)): [6527, 1038, 721, 290, 100, 44, 19, 4, 4, 0, 0, 1]
(1, (1, 0, 0), (0, 1)): [36, 4, 4]
(1, (1, 0, 0), (0, 2)): [30, 4, 4]
(1, (1, 0, 0), (1, 0)): [43, 9, 2, 3]
(1, (1, 0, 0), (1, 1)): [23, 1, 0, 1]
(1, (1, 0, 0), (1, 2)): [29, 5, 2]
(1, (1, 0, 0), (2, 0)): [26, 8, 2, 2]
(1, (1, 0, 0), (2, 1)): [14, 4]
(1, (1, 0, 0), (2, 2)): [13, 3, 1]
(1, (1, 0, 0), (3, 0)): [6, 1, 1, 2]
(1, (1, 0, 0), (3, 1)): [8, 1]
(1, (1, 0, 0), (3, 2)): [9, 1]
(1, (1, 0, 1), (0, 0)): [538, 504, 161, 125, 47, 19, 5, 4]
(1, (1, 0, 1), (0, 1)): [5, 3, 1]
(1, (1, 0, 1), (0, 2)): [4, 3, 1]
(1, (1, 0, 1), (1, 0)): [3, 3, 1, 1]
(1, (1, 0, 1), (1, 1)): [4, 0, 0, 1]
(1, (1, 0, 1), (1, 2)): [4, 2, 1]
(1, (1, 0, 1), (2, 0)): [0, 3, 1]
(1, (1, 0, 1), (2, 2)): [2]
(1, (1, 0, 1), (3, 0)): [0, 1, 1]
(1, (1, 0, 1), (3, 2)): [1]
(1, (1, 1, 0), (0, 0)): [1753, 474, 332, 240, 77, 37, 15, 2, 4]
(1, (1, 1, 0), (0, 1)): [8, 2]
(1, (1, 1, 0), (0, 2)): [6, 2]
(1, (1, 1, 0), (1, 0)): [7, 4, 2, 1]
(1, (1, 1, 0), (1, 1)): [4]
(1, (1, 1, 0), (1, 2)): [6, 1]
(1, (1, 1, 0), (2, 0)): [5, 4, 2, 1]
(1, (1, 1, 0), (2, 1)): [3, 2]
(1, (1, 1, 0), (2, 2)): [5, 2]
(1, (1, 1, 0), (3, 0)): [2, 1, 1, 1]
(1, (1, 1, 0), (3, 1)): [1]
(1, (1, 1, 0), (3, 2)): [1]
(1, (1, 1, 1), (0, 0)): [430, 248, 162, 94, 55, 22, 10, 2, 1]
(1, (1, 1, 1), (0, 1)): [4]
(1, (1, 1, 1), (0, 2)): [3]
(1, (1, 1, 1), (1, 0)): [1, 2]
(1, (1, 1, 1), (1, 1)): [1]
(1, (1, 1, 1), (1, 2)): [3]
(1, (1, 1, 1), (2, 0)): [1, 2]
(1, (1, 1, 1), (2, 1)): [0, 1]
(1, (1, 1, 1), (2, 2)): [1, 1]
(1, (1, 1, 1), (3, 0)): [1]
(1, (1, 1, 1), (3, 2)): [1]
(2, (0, 0, 0), (0, 0)): [16270, 764, 218, 91, 21, 6, 1, 0, 1]
(2, (0, 0, 0), (0, 1)): [152, 8, 2]
(2, (0, 0, 0), (0, 2)): [114, 7, 2]
(2, (0, 0, 0), (1, 0)): [65, 5, 2]
(2, (0, 0, 0), (1, 1)): [73, 5]
(2, (0, 0, 0), (1, 2)): [107, 6, 2]
(2, (0, 0, 0), (2, 0)): [30, 1, 2]
(2, (0, 0, 0), (2, 1)): [29, 1, 1]
(2, (0, 0, 0), (2, 2)): [62, 2, 1]
(2, (0, 0, 0), (3, 0)): [11]
(2, (0, 0, 0), (3, 1)): [5, 1]
(2, (0, 0, 0), (3, 2)): [15, 2]
(2, (0, 0, 1), (0, 0)): [1205, 336, 62, 28, 12, 2]
(2, (0, 0, 1), (0, 1)): [17, 0, 2]
(2, (0, 0, 1), (0, 2)): [14, 0, 2]
(2, (0, 0, 1), (1, 0)): [8]
(2, (0, 0, 1), (1, 1)): [5]
(2, (0, 0, 1), (1, 2)): [10, 0, 2]
(2, (0, 0, 1), (2, 0)): [6]
(2, (0, 0, 1), (2, 1)): [6]
(2, (0, 0, 1), (2, 2)): [4]
(2, (0, 0, 1), (3, 1)): [4]
(2, (0, 0, 1), (3, 2)): [6]
(2, (0, 1, 0), (0, 0)): [3646, 700, 219, 77, 21, 6, 1, 1]
(2, (0, 1, 0), (0, 1)): [22, 2, 0, 1, 1]
(2, (0, 1, 0), (0, 2)): [20, 2]
(2, (0, 1, 0), (1, 0)): [15, 3, 2, 1]
(2, (0, 1, 0), (1, 1)): [9, 2, 0, 1, 1]
(2, (0, 1, 0), (1, 2)): [19, 3]
(2, (0, 1, 0), (2, 0)): [8, 1, 2, 1]
(2, (0, 1, 0), (2, 1)): [4, 1]
(2, (0, 1, 0), (2, 2)): [7, 1]
(2, (0, 1, 0), (3, 0)): [3, 0, 0, 1]
(2, (0, 1, 0), (3, 1)): [2]
(2, (0, 1, 0), (3, 2)): [3]
(2, (0, 1, 1), (0, 0)): [756, 51, 141, 34, 24, 3, 3, 1]
(2, (0, 1, 1), (0, 1)): [4, 0, 1]
(2, (0, 1, 1), (0, 2)): [4, 0, 1]
(2, (0, 1, 1), (1, 0)): [3]
(2, (0, 1, 1), (1, 1)): [3]
(2, (0, 1, 1), (1, 2)): [2]
(2, (1, 0, 0), (0, 0)): [7863, 531, 365, 117, 24, 12, 3, 0, 1]
(2, (1, 0, 0), (0, 1)): [46, 5, 2]
(2, (1, 0, 0), (0, 2)): [36, 4, 2]
(2, (1, 0, 0), (1, 0)): [34, 7, 3]
(2, (1, 0, 0), (1, 1)): [23, 3]
(2, (1, 0, 0), (1, 2)): [36, 6, 1]
(2, (1, 0, 0), (2, 0)): [21, 5, 3]
(2, (1, 0, 0), (2, 1)): [10, 3, 1]
(2, (1, 0, 0), (2, 2)): [13, 2, 1]
(2, (1, 0, 0), (3, 0)): [5, 1, 1]
(2, (1, 0, 0), (3, 1)): [6, 2]
(2, (1, 0, 0), (3, 2)): [11, 3]
(2, (1, 0, 1), (0, 0)): [1270, 287, 111, 81, 23, 6, 5, 1, 1]
(2, (1, 0, 1), (0, 1)): [9, 3, 1]
(2, (1, 0, 1), (0, 2)): [9, 3, 1]
(2, (1, 0, 1), (1, 0)): [8, 2]
(2, (1, 0, 1), (1, 1)): [4]
(2, (1, 0, 1), (1, 2)): [6, 2]
(2, (1, 0, 1), (2, 0)): [4, 2]
(2, (1, 0, 1), (2, 1)): [2]
(2, (1, 0, 1), (2, 2)): [3]
(2, (1, 0, 1), (3, 0)): [2]
(2, (1, 1, 0), (0, 0)): [3108, 422, 215, 145, 38, 14, 4, 1, 1]
(2, (1, 1, 0), (0, 1)): [26, 4, 0, 1]
(2, (1, 1, 0), (0, 2)): [19, 4]
(2, (1, 1, 0), (1, 0)): [13, 5, 1]
(2, (1, 1, 0), (1, 1)): [11, 2, 0, 1]
(2, (1, 1, 0), (1, 2)): [19, 3]
(2, (1, 1, 0), (2, 0)): [9, 3, 1]
(2, (1, 1, 0), (2, 1)): [4, 1]
(2, (1, 1, 0), (2, 2)): [7]
(2, (1, 1, 0), (3, 0)): [2, 1]
(2, (1, 1, 0), (3, 1)): [2, 1]
(2, (1, 1, 0), (3, 2)): [5, 1]
(2, (1, 1, 1), (0, 0)): [891, 96, 122, 56, 57, 14, 10, 1]
(2, (1, 1, 1), (0, 1)): [4]
(2, (1, 1, 1), (0, 2)): [4]
(2, (1, 1, 1), (1, 0)): [7]
(2, (1, 1, 1), (1, 1)): [3]
(2, (1, 1, 1), (1, 2)): [4]
(2, (1, 1, 1), (2, 0)): [4]
(2, (1, 1, 1), (2, 1)): [2]
(2, (1, 1, 1), (2, 2)): [2]
(2, (1, 1, 1), (3, 0)): [1]
(2, (1, 1, 1), (3, 1)): [1]
(2, (1, 1, 1), (3, 2)): [1]
