(0, (0, 0, 0), (0, 0)): [78, 10, 3, 3]
(0, (0, 0, 1), (0, 0)): [1, 1]
(0, (0, 1, 0), (0, 0)): [2, 1]
(0, (1, 0, 0), (0, 0)): [22, 5, 3, 1]
(0, (1, 1, 0), (0, 0)): [4, 2, 2, 1]
(0, (1, 1, 1), (0, 0)): [1, 1]
(1, (0, 0, 0), (0, 0)): [55, 3, 0, 2]
(1, (0, 0, 1), (0, 0)): [2, 3, 1]
(1, (0, 1, 0), (0, 0)): [15, 3, 1, 1]
(1, (0, 1, 1), (0, 0)): [1, 2, 1, 2]
(1, (1, 0, 0), (0, 0)): [21, 4, 0, 2]
(1, (1, 0, 1), (0, 0)): [1, 1, 1, 2]
(1, (1, 1, 0), (0, 0)): [5, 2, 1]
(1, (1, 1, 1), (0, 0)): [2, 1, 1]
(2, (0, 0, 0), (0, 0)): [47, 1]
(2, (0, 0, 1), (0, 0)): [6, 3]
(2, (0, 1, 0), (0, 0)): [18, 2, 1]
(2, (0, 1, 1), (0, 0)): [6, 1]
(2, (1, 0, 0), (0, 0)): [32, 1]
(2, (1, 0, 1), (0, 0)): [6, 1]
(2, (1, 1, 0), (0, 0)): [7]
(2, (1, 1, 1), (0, 0)): [4]
