(0, (0, 0, 0), (0, 0)): [22564, 4053, 2006, 817, 335, 150, 60, 23, 13, 5, 2, 1]
(0, (0, 0, 0), (0, 1)): [832, 121, 53, 25, 12, 2, 1, 1]
(0, (0, 0, 0), (0, 2)): [325, 38, 16, 9, 5, 2, 1, 1]
(0, (0, 0, 0), (1, 0)): [684, 114, 62, 17, 15, 5, 1, 1]
(0, (0, 0, 0), (1, 1)): [687, 99, 58, 18, 12, 2]
(0, (0, 0, 0), (1, 2)): [475, 51, 32, 14, 9, 3, 1, 1]
(0, (0, 0, 0), (2, 0)): [194, 41, 23, 8, 4, 3]
(0, (0, 0, 0), (2, 1)): [319, 60, 30, 12, 5, 2]
(0, (0, 0, 0), (2, 2)): [342, 48, 25, 9, 5, 3, 0, 1]
(0, (0, 0, 0), (3, 0)): [48, 12, 2, 1, 2, 1]
(0, (0, 0, 0), (3, 1)): [110, 25, 11, 4, 1, 1]
(0, (0, 0, 0), (3, 2)): [171, 34, 17, 6, 1, 1, 0, 1]
(0, (0, 0, 1), (0, 0)): [76, 219, 56, 23, 16, 5, 2, 0, 1]
(0, (0, 0, 1), (0, 1)): [1, 10, 2, 0, 2]
(0, (0, 0, 1), (0, 2)): [0, 6, 1]
(0, (0, 0, 1), (1, 0)): [1, 6, 3, 1]
(0, (0, 0, 1), (1, 1)): [1, 6, 3, 0, 2]
(0, (0, 0, 1), (1, 2)): [1, 6, 0, 0, 2]
(0, (0, 0, 1), (2, 0)): [0, 1, 1, 1]
(0, (0, 0, 1), (2, 1)): [0, 2, 2]
(0, (0, 0, 1), (2, 2)): [1, 5, 0, 0, 2]
(0, (0, 0, 1), (3, 1)): [0, 0, 2]
(0, (0, 0, 1), (3, 2)): [1, 1, 1, 0, 2]
(0, (0, 1, 0), (0, 0)): [823, 632, 277, 105, 54, 16, 7, 6, 2]
(0, (0, 1, 0), (0, 1)): [28, 22, 3, 2, 3, 1, 0, 1]
(0, (0, 1, 0), (0, 2)): [9, 6, 2, 1, 1, 1]
(0, (0, 1, 0), (1, 0)): [22, 12, 7, 4, 3]
(0, (0, 1, 0), (1, 1)): [18, 15, 5, 2, 3, 0, 0, 1]
(0, (0, 1, 0), (1, 2)): [14, 9, 1, 1, 2, 0, 0, 1]
(0, (0, 1, 0), (2, 0)): [13, 4, 1, 1]
(0, (0, 1, 0), (2, 1)): [10, 7, 3, 1]
(0, (0, 1, 0), (2, 2)): [14, 7, 2, 0, 2]
(0, (0, 1, 0), (3, 0)): [6, 0, 1]
(0, (0, 1, 0), (3, 1)): [7, 1, 1]
(0, (0, 1, 0), (3, 2)): [12, 3, 1, 0, 2]
(0, (0, 1, 1), (0, 0)): [78, 100, 110, 56, 31, 5, 5, 1, 0, 2]
(0, (0, 1, 1), (0, 1)): [3, 3, 1, 1]
(0, (0, 1, 1), (0, 2)): [1, 2, 0, 1]
(0, (0, 1, 1), (1, 0)): [2, 7, 3, 4]
(0, (0, 1, 1), (1, 1)): [3, 2, 1, 1]
(0, (0, 1, 1), (1, 2)): [2, 2]
(0, (0, 1, 1), (2, 0)): [1, 5, 2, 3]
(0, (0, 1, 1), (2, 1)): [2, 3, 2, 3]
(0, (0, 1, 1), (2, 2)): [3, 4, 2, 1]
(0, (0, 1, 1), (3, 0)): [1, 3, 0, 1]
(0, (0, 1, 1), (3, 1)): [0, 0, 0, 1]
(0, (0, 1, 1), (3, 2)): [0, 2, 0, 1]
(0, (1, 0, 0), (0, 0)): [4647, 1351, 869, 387, 185, 83, 31, 15, 8, 4, 1, 1]
(0, (1, 0, 0), (0, 1)): [173, 48, 25, 9, 4, 1]
(0, (1, 0, 0), (0, 2)): [76, 15, 10, 1, 2]
(0, (1, 0, 0), (1, 0)): [131, 42, 17, 8, 5, 2, 0, 2, 0, 1]
(0, (1, 0, 0), (1, 1)): [106, 42, 17, 7, 6, 0, 0, 1, 0, 1]
(0, (1, 0, 0), (1, 2)): [79, 22, 8, 3, 4, 0, 0, 0, 0, 1]
(0, (1, 0, 0), (2, 0)): [38, 11, 3, 2, 0, 1, 0, 1]
(0, (1, 0, 0), (2, 1)): [46, 16, 10, 3, 1, 0, 0, 1]
(0, (1, 0, 0), (2, 2)): [42, 8, 9, 2, 2, 0, 0, 0, 0, 1]
(0, (1, 0, 0), (3, 0)): [6, 4, 2, 1]
(0, (1, 0, 0), (3, 1)): [16, 8, 5, 1, 1]
(0, (1, 0, 0), (3, 2)): [26, 6, 7, 0, 1, 0, 0, 0, 0, 1]
(0, (1, 0, 1), (0, 0)): [121, 270, 112, 74, 39, 18, 8, 4, 2, 1, 1]
(0, (1, 0, 1), (0, 1)): [3, 6, 5, 3, 2]
(0, (1, 0, 1), (0, 2)): [0, 4, 3, 2, 1]
(0, (1, 0, 1), (1, 0)): [3, 8, 1, 1, 1]
(0, (1, 0, 1), (1, 1)): [2, 4, 3, 0, 2]
(0, (1, 0, 1), (1, 2)): [0, 3, 2, 2, 2]
(0, (1, 0, 1), (2, 0)): [1]
(0, (1, 0, 1), (2, 1)): [1, 2, 0, 0, 1]
(0, (1, 0, 1), (2, 2)): [1, 3, 0, 2, 1]
(0, (1, 0, 1), (3, 2)): [0, 2, 0, 0, 1]
(0, (1, 1, 0), (0, 0)): [607, 341, 245, 168, 86, 50, 20, 4, 3, 2, 0, 1]
(0, (1, 1, 0), (0, 1)): [18, 11, 12, 4, 2, 0, 1]
(0, (1, 1, 0), (0, 2)): [5, 3, 4, 2, 1, 0, 1]
(0, (1, 1, 0), (1, 0)): [14, 12, 4, 1, 3, 1]
(0, (1, 1, 0), (1, 1)): [14, 9, 6, 2, 3, 1]
(0, (1, 1, 0), (1, 2)): [9, 6, 4, 2, 2]
(0, (1, 1, 0), (2, 0)): [2, 3]
(0, (1, 1, 0), (2, 1)): [4, 4, 0, 2]
(0, (1, 1, 0), (2, 2)): [7, 6, 3, 3]
(0, (1, 1, 0), (3, 1)): [1]
(0, (1, 1, 0), (3, 2)): [3, 2, 1]
(0, (1, 1, 1), (0, 0)): [67, 80, 70, 54, 38, 21, 13, 4, 3, 3, 0, 1]
(0, (1, 1, 1), (0, 1)): [2, 6, 4, 3]
(0, (1, 1, 1), (0, 2)): [1, 2, 3]
(0, (1, 1, 1), (1, 0)): [0, 2, 4, 1, 1]
(0, (1, 1, 1), (1, 1)): [1, 4, 3, 2]
(0, (1, 1, 1), (1, 2)): [1, 3, 1]
(0, (1, 1, 1), (2, 0)): [0, 1, 1, 1, 1]
(0, (1, 1, 1), (2, 1)): [0, 1, 2, 1, 1]
(0, (1, 1, 1), (2, 2)): [0, 1, 1, 1]
(0, (1, 1, 1), (3, 0)): [0, 1, 0, 1]
(0, (1, 1, 1), (3, 2)): [0, 0, 1]
(1, (0, 0, 0), (0, 0)): [18565, 1791, 838, 332, 94, 50, 21, 7, 2, 1, 1]
(1, (0, 0, 0), (0, 1)): [677, 39, 27, 13, 0, 1]
(1, (0, 0, 0), (0, 2)): [284, 13, 3, 3, 0, 1]
(1, (0, 0, 0), (1, 0)): [599, 47, 29, 10, 6, 2, 1]
(1, (0, 0, 0), (1, 1)): [567, 32, 28, 11, 3, 1]
(1, (0, 0, 0), (1, 2)): [393, 11, 13, 5, 2, 2]
(1, (0, 0, 0), (2, 0)): [199, 16, 14, 4, 2, 1]
(1, (0, 0, 0), (2, 1)): [301, 27, 14, 8, 0, 1]
(1, (0, 0, 0), (2, 2)): [316, 14, 16, 5, 1, 1]
(1, (0, 0, 0), (3, 0)): [54, 5, 9, 1, 1]
(1, (0, 0, 0), (3, 1)): [116, 13, 11, 3, 1]
(1, (0, 0, 0), (3, 2)): [151, 12, 13, 1, 1]
(1, (0, 0, 1), (0, 0)): [447, 561, 114, 49, 15, 6, 2]
(1, (0, 0, 1), (0, 1)): [12, 12, 2, 1, 1]
(1, (0, 0, 1), (0, 2)): [8, 3]
(1, (0, 0, 1), (1, 0)): [11, 23, 2, 3, 1]
(1, (0, 0, 1), (1, 1)): [8, 13, 2, 3, 2]
(1, (0, 0, 1), (1, 2)): [8, 6, 0, 2, 2]
(1, (0, 0, 1), (2, 0)): [5, 7, 0, 1]
(1, (0, 0, 1), (2, 1)): [4, 12, 0, 1]
(1, (0, 0, 1), (2, 2)): [4, 4, 0, 2, 1]
(1, (0, 0, 1), (3, 0)): [3, 1, 0, 1]
(1, (0, 0, 1), (3, 1)): [1, 4]
(1, (0, 0, 1), (3, 2)): [1, 3, 0, 1]
(1, (0, 1, 0), (0, 0)): [2308, 874, 361, 122, 50, 17, 7, 8, 1]
(1, (0, 1, 0), (0, 1)): [77, 30, 9, 3, 0, 1]
(1, (0, 1, 0), (0, 2)): [37, 6, 3, 0, 0, 1]
(1, (0, 1, 0), (1, 0)): [80, 27, 10, 5, 3, 0, 1, 1]
(1, (0, 1, 0), (1, 1)): [71, 22, 8, 5, 1]
(1, (0, 1, 0), (1, 2)): [55, 15, 5, 1]
(1, (0, 1, 0), (2, 0)): [22, 11, 6, 0, 2, 0, 1, 1]
(1, (0, 1, 0), (2, 1)): [26, 12, 6, 2, 1]
(1, (0, 1, 0), (2, 2)): [32, 12, 2]
(1, (0, 1, 0), (3, 0)): [13, 5, 1, 0, 2, 0, 1, 1]
(1, (0, 1, 0), (3, 1)): [9, 7, 3, 0, 1, 0, 1]
(1, (0, 1, 0), (3, 2)): [14, 7, 2, 0, 0, 0, 1]
(1, (0, 1, 1), (0, 0)): [366, 240, 225, 79, 51, 15, 5, 3]
(1, (0, 1, 1), (0, 1)): [12, 5, 5, 3]
(1, (0, 1, 1), (0, 2)): [7, 1, 1, 1]
(1, (0, 1, 1), (1, 0)): [11, 12, 9, 3, 3]
(1, (0, 1, 1), (1, 1)): [6, 5, 9, 2, 1]
(1, (0, 1, 1), (1, 2)): [6, 3, 8, 2, 1]
(1, (0, 1, 1), (2, 0)): [7, 7, 3, 2, 1]
(1, (0, 1, 1), (2, 1)): [4, 2, 1, 1, 1]
(1, (0, 1, 1), (2, 2)): [5, 2, 3, 1, 2]
(1, (0, 1, 1), (3, 0)): [5, 4, 3, 1]
(1, (0, 1, 1), (3, 1)): [1, 0, 1, 1]
(1, (0, 1, 1), (3, 2)): [0, 1, 1, 0, 1]
(1, (1, 0, 0), (0, 0)): [6670, 1012, 760, 321, 120, 49, 19, 9, 1, 2]
(1, (1, 0, 0), (0, 1)): [245, 32, 24, 14, 2, 1]
(1, (1, 0, 0), (0, 2)): [99, 12, 9, 3]
(1, (1, 0, 0), (1, 0)): [212, 36, 25, 8, 9, 2, 1, 1]
(1, (1, 0, 0), (1, 1)): [176, 25, 17, 11, 5]
(1, (1, 0, 0), (1, 2)): [126, 11, 11, 4, 2]
(1, (1, 0, 0), (2, 0)): [60, 13, 13, 2, 2, 1, 1]
(1, (1, 0, 0), (2, 1)): [90, 14, 12, 6, 2]
(1, (1, 0, 0), (2, 2)): [77, 12, 9, 3, 1]
(1, (1, 0, 0), (3, 0)): [16, 3, 3, 2]
(1, (1, 0, 0), (3, 1)): [32, 6, 6, 5, 1]
(1, (1, 0, 0), (3, 2)): [47, 11, 6, 4]
(1, (1, 0, 1), (0, 0)): [530, 542, 157, 132, 47, 21, 12, 3]
(1, (1, 0, 1), (0, 1)): [17, 16, 6, 2, 1, 2]
(1, (1, 0, 1), (0, 2)): [7, 6, 2, 1]
(1, (1, 0, 1), (1, 0)): [17, 16, 8, 6, 4]
(1, (1, 0, 1), (1, 1)): [14, 12, 7, 2, 1, 1]
(1, (1, 0, 1), (1, 2)): [15, 5, 2, 0, 0, 1]
(1, (1, 0, 1), (2, 0)): [9, 2, 2, 2, 1]
(1, (1, 0, 1), (2, 1)): [4, 5, 2, 3, 2]
(1, (1, 0, 1), (2, 2)): [9, 6, 2, 1, 1]
(1, (1, 0, 1), (3, 0)): [4, 0, 1, 1]
(1, (1, 0, 1), (3, 1)): [3, 0, 0, 1, 1]
(1, (1, 0, 1), (3, 2)): [3, 2, 1, 0, 2]
(1, (1, 1, 0), (0, 0)): [1792, 509, 345, 248, 96, 36, 19, 10, 3, 2]
(1, (1, 1, 0), (0, 1)): [66, 22, 10, 7, 2, 0, 1, 1]
(1, (1, 1, 0), (0, 2)): [29, 8, 1, 3, 0, 0, 1]
(1, (1, 1, 0), (1, 0)): [54, 11, 13, 10, 5, 3, 1]
(1, (1, 1, 0), (1, 1)): [39, 14, 9, 7, 2, 2, 1, 1]
(1, (1, 1, 0), (1, 2)): [28, 13, 4, 5, 1, 1]
(1, (1, 1, 0), (2, 0)): [23, 4, 3, 5, 3, 1]
(1, (1, 1, 0), (2, 1)): [21, 5, 4, 4, 1, 0, 1, 1]
(1, (1, 1, 0), (2, 2)): [17, 4, 3, 5, 2, 1]
(1, (1, 1, 0), (3, 0)): [7, 2, 2, 2, 1, 1]
(1, (1, 1, 0), (3, 1)): [10, 4, 3, 3, 1, 1, 1, 1]
(1, (1, 1, 0), (3, 2)): [9, 2, 4, 2, 2, 1, 1, 1]
(1, (1, 1, 1), (0, 0)): [376, 249, 158, 105, 68, 28, 15, 2, 0, 2]
(1, (1, 1, 1), (0, 1)): [15, 3, 7, 4, 1]
(1, (1, 1, 1), (0, 2)): [9, 1, 4, 3]
(1, (1, 1, 1), (1, 0)): [12, 5, 4, 4, 0, 0, 1]
(1, (1, 1, 1), (1, 1)): [10, 3, 4, 3]
(1, (1, 1, 1), (1, 2)): [9, 3, 7, 4]
(1, (1, 1, 1), (2, 0)): [4, 2, 1, 0, 0, 0, 1]
(1, (1, 1, 1), (2, 1)): [6, 2, 1, 0, 0, 0, 1]
(1, (1, 1, 1), (2, 2)): [7, 1, 1, 3]
(1, (1, 1, 1), (3, 0)): [0, 1, 1]
(1, (1, 1, 1), (3, 1)): [0, 2, 1]
(1, (1, 1, 1), (3, 2)): [2, 1, 2, 1]
(2, (0, 0, 0), (0, 0)): [16151, 663, 244, 72, 15, 8, 3, 1, 0, 0, 1]
(2, (0, 0, 0), (0, 1)): [596, 15, 7, 3]
(2, (0, 0, 0), (0, 2)): [262, 3, 3, 2]
(2, (0, 0, 0), (1, 0)): [497, 15, 6, 3, 0, 1]
(2, (0, 0, 0), (1, 1)): [447, 15, 3]
(2, (0, 0, 0), (1, 2)): [337, 8, 2, 2]
(2, (0, 0, 0), (2, 0)): [157, 5, 2, 2, 0, 1]
(2, (0, 0, 0), (2, 1)): [253, 8, 1]
(2, (0, 0, 0), (2, 2)): [279, 7, 1]
(2, (0, 0, 0), (3, 0)): [43, 1, 1, 2, 0, 1]
(2, (0, 0, 0), (3, 1)): [103, 3, 0, 2, 0, 1]
(2, (0, 0, 0), (3, 2)): [150, 4, 1, 1]
(2, (0, 0, 1), (0, 0)): [1274, 338, 69, 18, 7, 5]
(2, (0, 0, 1), (0, 1)): [39, 11, 1, 1]
(2, (0, 0, 1), (0, 2)): [14, 2, 1]
(2, (0, 0, 1), (1, 0)): [44, 17, 1, 2, 0, 1]
(2, (0, 0, 1), (1, 1)): [42, 9, 0, 1]
(2, (0, 0, 1), (1, 2)): [25, 4, 1]
(2, (0, 0, 1), (2, 0)): [18, 8, 1, 1, 0, 1]
(2, (0, 0, 1), (2, 1)): [22, 1, 0, 1, 0, 1]
(2, (0, 0, 1), (2, 2)): [19, 1, 1, 0, 0, 1]
(2, (0, 0, 1), (3, 0)): [10, 4, 1, 1]
(2, (0, 0, 1), (3, 1)): [8, 2]
(2, (0, 0, 1), (3, 2)): [9, 0, 1]
(2, (0, 1, 0), (0, 0)): [3523, 663, 206, 60, 19, 12, 2, 2]
(2, (0, 1, 0), (0, 1)): [136, 20, 5, 3]
(2, (0, 1, 0), (0, 2)): [55, 9]
(2, (0, 1, 0), (1, 0)): [138, 21, 8, 4, 1, 1]
(2, (0, 1, 0), (1, 1)): [108, 15, 5, 4]
(2, (0, 1, 0), (1, 2)): [84, 10, 1, 2]
(2, (0, 1, 0), (2, 0)): [66, 9, 4, 3, 1, 1]
(2, (0, 1, 0), (2, 1)): [59, 10, 2, 2, 1]
(2, (0, 1, 0), (2, 2)): [59, 12, 1]
(2, (0, 1, 0), (3, 0)): [35, 3, 2, 3, 0, 1]
(2, (0, 1, 0), (3, 1)): [25, 3, 2, 1, 1]
(2, (0, 1, 0), (3, 2)): [30, 6, 2]
(2, (0, 1, 1), (0, 0)): [825, 59, 155, 51, 26, 7, 6]
(2, (0, 1, 1), (0, 1)): [25, 1, 5, 1, 2]
(2, (0, 1, 1), (0, 2)): [14, 1, 1, 1, 1]
(2, (0, 1, 1), (1, 0)): [28, 4, 4, 3, 0, 1, 1]
(2, (0, 1, 1), (1, 1)): [15, 2, 5, 3, 0, 1]
(2, (0, 1, 1), (1, 2)): [13, 0, 1, 1, 1]
(2, (0, 1, 1), (2, 0)): [17, 2, 3]
(2, (0, 1, 1), (2, 1)): [10, 2, 4, 2, 0, 1]
(2, (0, 1, 1), (2, 2)): [12, 2, 1, 0, 0, 1]
(2, (0, 1, 1), (3, 0)): [13, 1, 2]
(2, (0, 1, 1), (3, 1)): [6, 0, 2, 1]
(2, (0, 1, 1), (3, 2)): [9, 2, 2]
(2, (1, 0, 0), (0, 0)): [8055, 508, 385, 117, 35, 13, 10, 2, 0, 0, 1]
(2, (1, 0, 0), (0, 1)): [282, 14, 5, 2, 0, 0, 1]
(2, (1, 0, 0), (0, 2)): [116, 3, 2, 1]
(2, (1, 0, 0), (1, 0)): [238, 14, 13, 5, 2, 1]
(2, (1, 0, 0), (1, 1)): [202, 9, 4, 2, 1, 0, 1]
(2, (1, 0, 0), (1, 2)): [146, 6, 4, 2]
(2, (1, 0, 0), (2, 0)): [76, 6, 4, 3]
(2, (1, 0, 0), (2, 1)): [102, 3, 0, 1]
(2, (1, 0, 0), (2, 2)): [97, 5, 1, 2]
(2, (1, 0, 0), (3, 0)): [21, 3, 2, 2]
(2, (1, 0, 0), (3, 1)): [33, 4, 1, 1]
(2, (1, 0, 0), (3, 2)): [48, 4, 1]
(2, (1, 0, 1), (0, 0)): [1377, 299, 116, 71, 28, 9, 3, 0, 0, 1]
(2, (1, 0, 1), (0, 1)): [42, 12, 5, 1, 2]
(2, (1, 0, 1), (0, 2)): [18, 7, 2, 0, 1]
(2, (1, 0, 1), (1, 0)): [40, 13, 3, 3, 1]
(2, (1, 0, 1), (1, 1)): [32, 10, 1, 2]
(2, (1, 0, 1), (1, 2)): [30, 5, 1, 0, 1]
(2, (1, 0, 1), (2, 0)): [15, 3, 1, 0, 1]
(2, (1, 0, 1), (2, 1)): [15, 9, 1, 2, 1]
(2, (1, 0, 1), (2, 2)): [12, 5, 1, 1, 1]
(2, (1, 0, 1), (3, 0)): [7, 1, 1]
(2, (1, 0, 1), (3, 1)): [10, 3]
(2, (1, 0, 1), (3, 2)): [9, 1, 1, 0, 1]
(2, (1, 1, 0), (0, 0)): [3098, 422, 210, 151, 40, 19, 9, 6, 1, 0, 1]
(2, (1, 1, 0), (0, 1)): [113, 13, 5, 5, 1, 0, 0, 1]
(2, (1, 1, 0), (0, 2)): [54, 2, 2, 1]
(2, (1, 1, 0), (1, 0)): [81, 9, 8, 5, 1]
(2, (1, 1, 0), (1, 1)): [67, 9, 2, 4]
(2, (1, 1, 0), (1, 2)): [59, 6, 1, 2]
(2, (1, 1, 0), (2, 0)): [31, 2, 4, 3]
(2, (1, 1, 0), (2, 1)): [38, 2, 3, 1]
(2, (1, 1, 0), (2, 2)): [42, 2, 2, 1]
(2, (1, 1, 0), (3, 0)): [11, 0, 1, 1]
(2, (1, 1, 0), (3, 1)): [9, 1, 2]
(2, (1, 1, 0), (3, 2)): [18, 1, 2]
(2, (1, 1, 1), (0, 0)): [913, 106, 137, 62, 54, 19, 10, 2, 1]
(2, (1, 1, 1), (0, 1)): [36, 1, 5, 0, 0, 1]
(2, (1, 1, 1), (0, 2)): [19, 1, 1]
(2, (1, 1, 1), (1, 0)): [18, 3, 9, 3, 1]
(2, (1, 1, 1), (1, 1)): [19, 1, 2, 2, 1]
(2, (1, 1, 1), (1, 2)): [23, 1, 1, 1]
(2, (1, 1, 1), (2, 0)): [3, 1, 4, 1]
(2, (1, 1, 1), (2, 1)): [6, 1, 2, 2, 1]
(2, (1, 1, 1), (2, 2)): [10, 2, 1, 2]
(2, (1, 1, 1), (3, 0)): [0, 0, 1]
(2, (1, 1, 1), (3, 1)): [2, 0, 2, 1]
(2, (1, 1, 1), (3, 2)): [3, 1, 1, 2]
