(0, (0, 0, 0), (0, 0)): [1334584, 266621, 122788, 55647, 24650, 10538, 4334, 1802, 722, 330, 134, 64, 30, 10, 3, 1, 0, 1]
(0, (0, 0, 0), (0, 1)): [21031, 3809, 1840, 814, 355, 143, 55, 27, 6, 5, 2, 0, 2, 1, 0, 1]
(0, (0, 0, 0), (0, 2)): [7760, 1226, 597, 255, 109, 33, 22, 10, 2, 1, 0, 0, 1]
(0, (0, 0, 0), (1, 0)): [19854, 4249, 2137, 952, 463, 190, 88, 31, 14, 5, 3]
(0, (0, 0, 0), (1, 1)): [17984, 3419, 1694, 780, 365, 144, 51, 24, 7, 3, 4, 0, 1, 1, 0, 1]
(0, (0, 0, 0), (1, 2)): [11753, 1962, 927, 405, 205, 78, 27, 11, 5, 2, 0, 0, 2]
(0, (0, 0, 0), (2, 0)): [6703, 1603, 841, 407, 192, 85, 42, 14, 6, 2, 1]
(0, (0, 0, 0), (2, 1)): [9632, 2012, 1063, 506, 235, 93, 43, 20, 5, 1, 1, 0, 0, 1]
(0, (0, 0, 0), (2, 2)): [9322, 1694, 860, 397, 190, 80, 24, 11, 5, 3, 1, 0, 2]
(0, (0, 0, 0), (3, 0)): [2227, 588, 353, 187, 83, 45, 17, 6, 3, 0, 1]
(0, (0, 0, 0), (3, 1)): [3961, 989, 581, 301, 124, 59, 23, 14, 4]
(0, (0, 0, 0), (3, 2)): [5385, 1119, 678, 324, 150, 63, 19, 10, 5, 2, 0, 0, 2]
(0, (0, 0, 1), (0, 0)): [5544, 16503, 4491, 2118, 1048, 437, 197, 86, 35, 19, 7, 3, 3, 2]
(0, (0, 0, 1), (0, 1)): [90, 220, 70, 23, 15, 7, 2, 1, 0, 1, 0, 0, 0, 1]
(0, (0, 0, 1), (0, 2)): [36, 88, 20, 7, 6, 1]
(0, (0, 0, 1), (1, 0)): [80, 206, 60, 35, 22, 11, 3, 2, 1, 0, 1]
(0, (0, 0, 1), (1, 1)): [75, 158, 54, 20, 16, 9, 1, 1, 0, 1, 1, 0, 0, 1]
(0, (0, 0, 1), (1, 2)): [54, 119, 31, 12, 9, 2, 1, 1, 0, 1, 1]
(0, (0, 0, 1), (2, 0)): [31, 92, 26, 18, 7, 6, 1, 1, 1]
(0, (0, 0, 1), (2, 1)): [43, 94, 34, 14, 10, 5]
(0, (0, 0, 1), (2, 2)): [53, 92, 30, 8, 8, 2, 0, 0, 0, 0, 1]
(0, (0, 0, 1), (3, 0)): [8, 40, 10, 9, 3, 3, 1, 1, 1]
(0, (0, 0, 1), (3, 1)): [19, 39, 15, 11, 7, 4, 0, 1]
(0, (0, 0, 1), (3, 2)): [29, 46, 17, 9, 8, 5, 0, 1, 0, 0, 1]
(0, (0, 1, 0), (0, 0)): [47130, 43526, 17090, 8195, 3934, 1682, 708, 307, 128, 72, 24, 6, 3, 2, 1]
(0, (0, 1, 0), (0, 1)): [698, 564, 228, 101, 42, 23, 8, 6, 2]
(0, (0, 1, 0), (0, 2)): [276, 177, 82, 28, 10, 11, 3, 1, 1]
(0, (0, 1, 0), (1, 0)): [677, 596, 238, 131, 63, 30, 12, 3, 1]
(0, (0, 1, 0), (1, 1)): [581, 483, 196, 95, 41, 14, 7, 6]
(0, (0, 1, 0), (1, 2)): [389, 295, 114, 54, 22, 12, 3, 3, 1]
(0, (0, 1, 0), (2, 0)): [243, 221, 84, 46, 23, 19, 5, 0, 1]
(0, (0, 1, 0), (2, 1)): [296, 263, 112, 51, 20, 16, 5, 4]
(0, (0, 1, 0), (2, 2)): [308, 228, 99, 44, 17, 9, 6, 1, 1]
(0, (0, 1, 0), (3, 0)): [93, 76, 36, 28, 15, 7, 3, 0, 1]
(0, (0, 1, 0), (3, 1)): [125, 112, 58, 30, 19, 9, 1, 2]
(0, (0, 1, 0), (3, 2)): [187, 139, 72, 35, 18, 6, 5]
(0, (0, 1, 1), (0, 0)): [3936, 6663, 7920, 3702, 1969, 928, 388, 182, 91, 38, 9, 6, 2, 2, 1, 0, 0, 1]
(0, (0, 1, 1), (0, 1)): [55, 78, 108, 47, 25, 9, 6, 3]
(0, (0, 1, 1), (0, 2)): [30, 29, 38, 18, 13, 4, 3, 2]
(0, (0, 1, 1), (1, 0)): [69, 118, 148, 76, 46, 17, 5, 5, 4, 1, 0, 1]
(0, (0, 1, 1), (1, 1)): [40, 73, 93, 45, 27, 6, 4, 2, 1]
(0, (0, 1, 1), (1, 2)): [33, 38, 51, 25, 18, 6, 4, 2, 1]
(0, (0, 1, 1), (2, 0)): [44, 65, 73, 38, 24, 13, 3, 4, 3, 1, 0, 1]
(0, (0, 1, 1), (2, 1)): [31, 54, 67, 31, 16, 4, 2, 4, 2]
(0, (0, 1, 1), (2, 2)): [35, 41, 51, 18, 10, 4, 3, 2, 2]
(0, (0, 1, 1), (3, 0)): [26, 38, 36, 26, 17, 11, 1, 1, 0, 1, 0, 1]
(0, (0, 1, 1), (3, 2)): [20, 24, 39, 16, 10, 3, 3, 3, 2]
(0, (1, 0, 0), (0, 0)): [285267, 95131, 60137, 29679, 14005, 6283, 2618, 1121, 469, 216, 92, 39, 21, 4, 2, 1, 0, 1]
(0, (1, 0, 0), (0, 1)): [4423, 1214, 881, 411, 210, 91, 33, 15, 6]
(0, (1, 0, 0), (0, 2)): [1696, 363, 295, 114, 60, 24, 14, 2, 5]
(0, (1, 0, 0), (1, 0)): [3890, 1299, 946, 456, 222, 88, 44, 15, 7, 6, 3]
(0, (1, 0, 0), (1, 1)): [3282, 976, 726, 344, 166, 66, 25, 15, 5, 4, 1]
(0, (1, 0, 0), (1, 2)): [2112, 532, 419, 179, 85, 34, 19, 8, 3, 2]
(0, (1, 0, 0), (2, 0)): [1232, 434, 315, 182, 94, 41, 14, 6, 3, 2, 2]
(0, (1, 0, 0), (2, 1)): [1599, 491, 374, 198, 99, 43, 15, 6, 4, 3]
(0, (1, 0, 0), (2, 2)): [1484, 393, 303, 144, 77, 28, 16, 8, 3, 3]
(0, (1, 0, 0), (3, 0)): [363, 157, 117, 81, 48, 14, 4, 4, 0, 1, 1]
(0, (1, 0, 0), (3, 1)): [614, 219, 167, 107, 65, 19, 5, 2, 3, 1, 1]
(0, (1, 0, 0), (3, 2)): [739, 246, 182, 100, 71, 21, 7, 6, 2, 3]
(0, (1, 0, 1), (0, 0)): [6839, 20723, 8388, 5797, 3036, 1371, 674, 274, 132, 55, 26, 13, 5, 1, 1, 0, 0, 1]
(0, (1, 0, 1), (0, 1)): [95, 262, 109, 74, 34, 17, 11, 2, 1, 0, 0, 0, 1]
(0, (1, 0, 1), (0, 2)): [36, 98, 30, 27, 12, 9, 4, 0, 1]
(0, (1, 0, 1), (1, 0)): [93, 301, 116, 90, 43, 18, 2, 3, 4, 1, 1]
(0, (1, 0, 1), (1, 1)): [81, 209, 77, 55, 32, 13, 6, 1, 2, 0, 1]
(0, (1, 0, 1), (1, 2)): [61, 116, 40, 31, 13, 11, 3, 1, 2]
(0, (1, 0, 1), (2, 0)): [37, 110, 51, 32, 16, 9, 0, 3, 1, 1]
(0, (1, 0, 1), (2, 1)): [29, 130, 54, 34, 21, 6, 1, 0, 2, 0, 1]
(0, (1, 0, 1), (2, 2)): [51, 107, 39, 25, 14, 6, 2, 1, 1, 0, 1]
(0, (1, 0, 1), (3, 0)): [19, 39, 19, 16, 7, 6, 0, 3]
(0, (1, 0, 1), (3, 1)): [15, 47, 20, 16, 12, 4]
(0, (1, 0, 1), (3, 2)): [22, 50, 30, 14, 12, 4, 1, 0, 1, 0, 1]
(0, (1, 1, 0), (0, 0)): [39142, 25000, 18719, 13301, 7049, 3336, 1412, 670, 275, 129, 58, 24, 9, 1]
(0, (1, 1, 0), (0, 1)): [639, 347, 235, 187, 106, 41, 19, 11, 3, 0, 1]
(0, (1, 1, 0), (0, 2)): [255, 122, 79, 62, 38, 15, 8, 6, 1]
(0, (1, 1, 0), (1, 0)): [515, 314, 260, 189, 100, 50, 19, 11, 1, 3]
(0, (1, 1, 0), (1, 1)): [422, 238, 188, 143, 65, 34, 18, 9, 2, 1, 1]
(0, (1, 1, 0), (1, 2)): [299, 134, 102, 84, 43, 19, 8, 10, 1, 1]
(0, (1, 1, 0), (2, 0)): [153, 103, 85, 66, 39, 20, 6, 4, 1, 1]
(0, (1, 1, 0), (2, 1)): [205, 124, 87, 82, 43, 19, 10, 5, 1, 1]
(0, (1, 1, 0), (2, 2)): [204, 108, 78, 62, 33, 17, 5, 7, 1, 2]
(0, (1, 1, 0), (3, 0)): [39, 35, 32, 23, 15, 7, 3, 1, 1]
(0, (1, 1, 0), (3, 1)): [79, 52, 41, 39, 18, 11, 8, 2, 2]
(0, (1, 1, 0), (3, 2)): [109, 64, 44, 44, 20, 10, 4, 4, 1]
(0, (1, 1, 1), (0, 0)): [3781, 7216, 5880, 4411, 3486, 1746, 800, 401, 174, 75, 38, 13, 3, 1, 1]
(0, (1, 1, 1), (0, 1)): [77, 100, 91, 60, 39, 25, 9, 5, 4, 3, 1, 1]
(0, (1, 1, 1), (0, 2)): [36, 44, 28, 18, 19, 6, 2, 1, 3, 1, 0, 1]
(0, (1, 1, 1), (1, 0)): [54, 118, 116, 78, 69, 34, 8, 10, 2, 0, 1]
(0, (1, 1, 1), (1, 1)): [56, 84, 93, 61, 34, 24, 9, 7, 1, 1, 1]
(0, (1, 1, 1), (1, 2)): [47, 61, 49, 25, 16, 14, 4, 2, 4, 0, 0, 1]
(0, (1, 1, 1), (2, 0)): [16, 45, 31, 32, 33, 10, 2, 4, 1, 0, 1]
(0, (1, 1, 1), (2, 1)): [30, 41, 42, 35, 27, 14, 3, 4, 1]
(0, (1, 1, 1), (2, 2)): [31, 43, 37, 29, 16, 12, 3, 4, 1, 0, 0, 1]
(0, (1, 1, 1), (3, 0)): [3, 15, 14, 15, 12, 2, 1, 2, 0, 0, 1]
(0, (1, 1, 1), (3, 1)): [6, 21, 16, 20, 10, 4, 1, 1, 0, 0, 1]
(0, (1, 1, 1), (3, 2)): [12, 15, 22, 22, 11, 8, 3, 1, 1, 0, 0, 1]
(1, (0, 0, 0), (0, 0)): [1081996, 117672, 48231, 18974, 7337, 2791, 1088, 398, 153, 62, 25, 15, 6, 3, 0, 1]
(1, (0, 0, 0), (0, 1)): [17100, 1703, 742, 280, 97, 26, 13, 8, 1, 0, 0, 0, 0, 1]
(1, (0, 0, 0), (0, 2)): [6328, 521, 216, 78, 27, 7, 2, 1]
(1, (0, 0, 0), (1, 0)): [16675, 2053, 893, 339, 148, 50, 26, 8, 0, 1, 0, 0, 0, 0, 0, 1]
(1, (0, 0, 0), (1, 1)): [14765, 1602, 667, 249, 103, 39, 21, 7, 1, 1, 0, 0, 0, 1]
(1, (0, 0, 0), (1, 2)): [9425, 827, 321, 137, 59, 24, 11, 2]
(1, (0, 0, 0), (2, 0)): [5865, 813, 395, 140, 62, 21, 10, 5, 0, 0, 0, 0, 0, 0, 0, 1]
(1, (0, 0, 0), (2, 1)): [8230, 997, 440, 157, 69, 21, 11, 6, 0, 1]
(1, (0, 0, 0), (2, 2)): [7784, 765, 334, 129, 57, 28, 13, 4]
(1, (0, 0, 0), (3, 0)): [1908, 299, 186, 66, 31, 9, 6, 1, 0, 0, 0, 0, 0, 0, 0, 1]
(1, (0, 0, 0), (3, 1)): [3491, 538, 276, 99, 50, 8, 6, 3]
(1, (0, 0, 0), (3, 2)): [4484, 561, 281, 98, 48, 17, 11, 3]
(1, (0, 0, 1), (0, 0)): [29548, 42079, 8335, 3512, 1462, 590, 229, 92, 42, 13, 8, 5, 4, 1]
(1, (0, 0, 1), (0, 1)): [430, 451, 106, 34, 15, 7, 5]
(1, (0, 0, 1), (0, 2)): [182, 155, 36, 7, 3, 1, 3]
(1, (0, 0, 1), (1, 0)): [471, 634, 130, 66, 30, 12, 5, 3, 1]
(1, (0, 0, 1), (1, 1)): [395, 438, 88, 37, 18, 6, 2, 2]
(1, (0, 0, 1), (1, 2)): [289, 239, 38, 13, 11, 2, 2]
(1, (0, 0, 1), (2, 0)): [202, 264, 57, 34, 15, 7, 5, 1, 1]
(1, (0, 0, 1), (2, 1)): [196, 266, 52, 23, 10, 7, 5, 2]
(1, (0, 0, 1), (2, 2)): [218, 196, 38, 15, 8, 2, 1]
(1, (0, 0, 1), (3, 0)): [94, 109, 32, 24, 9, 3, 2, 1, 1]
(1, (0, 0, 1), (3, 1)): [108, 138, 24, 17, 4, 3, 3, 2]
(1, (0, 0, 1), (3, 2)): [137, 125, 33, 13, 6, 2, 3]
(1, (0, 1, 0), (0, 0)): [145776, 64726, 23356, 9951, 4009, 1559, 540, 256, 71, 36, 20, 9, 9, 2, 1]
(1, (0, 1, 0), (0, 1)): [2037, 790, 298, 121, 37, 14, 6, 2, 1]
(1, (0, 1, 0), (0, 2)): [794, 280, 91, 29, 9, 5, 2]
(1, (0, 1, 0), (1, 0)): [2393, 1071, 387, 215, 95, 28, 12, 4, 0, 0, 1, 0, 0, 1]
(1, (0, 1, 0), (1, 1)): [1772, 677, 276, 124, 46, 15, 7, 3, 1, 0, 0, 0, 0, 1]
(1, (0, 1, 0), (1, 2)): [1144, 414, 165, 55, 17, 6, 5, 2]
(1, (0, 1, 0), (2, 0)): [1069, 493, 176, 114, 49, 16, 8, 3, 0, 0, 1]
(1, (0, 1, 0), (2, 1)): [969, 418, 142, 85, 37, 12, 6, 2, 0, 0, 1, 0, 0, 1]
(1, (0, 1, 0), (2, 2)): [915, 367, 143, 47, 23, 5, 3, 1]
(1, (0, 1, 0), (3, 0)): [588, 231, 75, 78, 33, 9, 5, 2]
(1, (0, 1, 0), (3, 1)): [512, 188, 67, 56, 22, 8, 3, 1, 0, 0, 0, 0, 0, 1]
(1, (0, 1, 0), (3, 2)): [547, 204, 93, 52, 25, 0, 4, 1, 0, 0, 0, 0, 0, 1]
(1, (0, 1, 1), (0, 0)): [23383, 18980, 17034, 6812, 3529, 1391, 542, 221, 105, 33, 10, 7, 2, 2, 0, 1]
(1, (0, 1, 1), (0, 1)): [277, 188, 155, 75, 29, 16, 7, 2]
(1, (0, 1, 1), (0, 2)): [140, 63, 51, 25, 8, 4, 3]
(1, (0, 1, 1), (1, 0)): [484, 387, 278, 140, 93, 34, 13, 8, 3, 1]
(1, (0, 1, 1), (1, 1)): [227, 166, 148, 60, 30, 8, 5, 4]
(1, (0, 1, 1), (1, 2)): [179, 94, 83, 40, 15, 6, 3]
(1, (0, 1, 1), (2, 0)): [322, 255, 163, 96, 74, 31, 11, 6, 3, 1]
(1, (0, 1, 1), (2, 1)): [132, 112, 83, 39, 16, 8, 7, 2]
(1, (0, 1, 1), (2, 2)): [131, 93, 77, 37, 19, 3, 2, 2]
(1, (0, 1, 1), (3, 0)): [265, 201, 124, 72, 63, 27, 7, 6, 3, 1]
(1, (0, 1, 1), (3, 1)): [67, 46, 38, 20, 7, 7, 5]
(1, (0, 1, 1), (3, 2)): [79, 61, 41, 22, 13, 4, 1, 1]
(1, (1, 0, 0), (0, 0)): [412351, 73080, 46798, 19775, 7970, 3153, 1257, 438, 195, 82, 29, 21, 4, 3, 0, 2]
(1, (1, 0, 0), (0, 1)): [6333, 890, 676, 291, 102, 36, 16, 3, 1, 2]
(1, (1, 0, 0), (0, 2)): [2325, 282, 242, 88, 29, 10, 6, 1, 0, 2]
(1, (1, 0, 0), (1, 0)): [6132, 1112, 799, 352, 149, 48, 28, 10, 1, 2, 0, 0, 1, 0, 0, 1]
(1, (1, 0, 0), (1, 1)): [5068, 745, 577, 243, 91, 32, 18, 7, 1, 0, 0, 0, 0, 0, 0, 1]
(1, (1, 0, 0), (1, 2)): [3157, 395, 330, 124, 48, 16, 6, 5, 0, 1]
(1, (1, 0, 0), (2, 0)): [2022, 411, 308, 156, 61, 24, 11, 0, 1, 2, 0, 0, 1]
(1, (1, 0, 0), (2, 1)): [2618, 440, 355, 152, 64, 17, 14, 2, 2, 0, 0, 0, 0, 0, 0, 1]
(1, (1, 0, 0), (2, 2)): [2391, 338, 293, 111, 43, 11, 7, 3, 1, 1]
(1, (1, 0, 0), (3, 0)): [610, 147, 103, 67, 27, 11, 5, 0, 0, 2, 0, 0, 1]
(1, (1, 0, 0), (3, 1)): [1001, 240, 167, 94, 33, 13, 8, 1, 0, 1, 0, 0, 0, 0, 0, 1]
(1, (1, 0, 0), (3, 2)): [1211, 236, 182, 90, 31, 13, 7, 1, 1, 1, 0, 0, 0, 0, 0, 1]
(1, (1, 0, 1), (0, 0)): [33038, 38855, 12401, 8233, 3512, 1453, 587, 222, 77, 50, 12, 5, 0, 1]
(1, (1, 0, 1), (0, 1)): [521, 466, 136, 113, 45, 17, 9, 2, 3, 2]
(1, (1, 0, 1), (0, 2)): [223, 152, 52, 39, 7, 6, 4, 1, 0, 1]
(1, (1, 0, 1), (1, 0)): [507, 562, 184, 131, 70, 20, 8, 1, 0, 2]
(1, (1, 0, 1), (1, 1)): [407, 382, 116, 95, 50, 7, 8, 1, 2]
(1, (1, 0, 1), (1, 2)): [297, 212, 69, 56, 17, 6, 6, 1, 0, 1]
(1, (1, 0, 1), (2, 0)): [193, 195, 62, 42, 25, 12, 2, 1, 0, 1]
(1, (1, 0, 1), (2, 1)): [191, 197, 65, 49, 30, 7, 5, 0, 2]
(1, (1, 0, 1), (2, 2)): [200, 164, 58, 31, 18, 4, 6, 0, 1]
(1, (1, 0, 1), (3, 0)): [72, 79, 21, 18, 10, 6, 1, 0, 0, 1]
(1, (1, 0, 1), (3, 1)): [77, 90, 23, 22, 19, 7]
(1, (1, 0, 1), (3, 2)): [94, 88, 35, 22, 18, 7, 4, 0, 1]
(1, (1, 1, 0), (0, 0)): [113400, 35053, 23392, 16559, 6921, 2857, 1127, 452, 192, 72, 25, 15, 8, 5, 1]
(1, (1, 1, 0), (0, 1)): [1821, 477, 296, 232, 88, 32, 20, 5, 2]
(1, (1, 1, 0), (0, 2)): [738, 182, 97, 84, 25, 8, 6, 0, 1]
(1, (1, 1, 0), (1, 0)): [1627, 558, 383, 292, 117, 43, 25, 10, 1, 3, 0, 0, 2, 1]
(1, (1, 1, 0), (1, 1)): [1335, 385, 274, 190, 83, 31, 18, 8, 0, 2]
(1, (1, 1, 0), (1, 2)): [977, 235, 153, 121, 42, 15, 9, 2]
(1, (1, 1, 0), (2, 0)): [579, 202, 126, 119, 46, 16, 8, 2, 1, 1, 0, 0, 2, 1]
(1, (1, 1, 0), (2, 1)): [682, 234, 162, 118, 46, 18, 11, 3, 0, 1, 0, 0, 1]
(1, (1, 1, 0), (2, 2)): [707, 186, 115, 89, 41, 14, 6, 1]
(1, (1, 1, 0), (3, 0)): [164, 81, 37, 38, 25, 11, 4, 2, 1, 1, 0, 0, 1]
(1, (1, 1, 0), (3, 1)): [296, 119, 71, 65, 29, 11, 9, 3, 0, 2, 0, 0, 1]
(1, (1, 1, 0), (3, 2)): [377, 119, 79, 54, 31, 15, 9, 4, 0, 2, 0, 0, 1]
(1, (1, 1, 1), (0, 0)): [23171, 18370, 11725, 7668, 5556, 2362, 956, 353, 155, 57, 19, 15, 7, 3, 1, 1]
(1, (1, 1, 1), (0, 1)): [427, 270, 170, 115, 85, 31, 17, 4, 3]
(1, (1, 1, 1), (0, 2)): [216, 97, 62, 36, 34, 8, 9]
(1, (1, 1, 1), (1, 0)): [377, 284, 199, 129, 95, 43, 17, 8, 2, 2, 0, 1, 1]
(1, (1, 1, 1), (1, 1)): [313, 197, 140, 103, 77, 30, 7, 5, 1]
(1, (1, 1, 1), (1, 2)): [240, 109, 90, 58, 39, 21, 7, 1]
(1, (1, 1, 1), (2, 0)): [115, 111, 80, 52, 31, 20, 11, 4, 1, 1, 0, 1, 1]
(1, (1, 1, 1), (2, 1)): [155, 128, 84, 64, 46, 15, 10, 4, 1, 1, 0, 1]
(1, (1, 1, 1), (2, 2)): [168, 95, 71, 66, 37, 16, 7, 1]
(1, (1, 1, 1), (3, 0)): [25, 40, 28, 23, 11, 11, 4, 1, 1, 0, 0, 0, 1]
(1, (1, 1, 1), (3, 1)): [42, 67, 37, 29, 23, 10, 5, 3, 0, 0, 0, 0, 1]
(1, (1, 1, 1), (3, 2)): [84, 60, 40, 40, 24, 13, 3, 2]
(2, (0, 0, 0), (0, 0)): [938428, 42408, 14297, 4562, 1485, 498, 170, 52, 9, 6, 5, 0, 1]
(2, (0, 0, 0), (0, 1)): [14732, 618, 213, 57, 27, 6, 6, 1]
(2, (0, 0, 0), (0, 2)): [5346, 165, 43, 17, 6, 1, 1, 1]
(2, (0, 0, 0), (1, 0)): [15163, 866, 289, 87, 37, 11, 4, 0, 0, 0, 0, 0, 1]
(2, (0, 0, 0), (1, 1)): [13156, 655, 223, 49, 28, 6, 6]
(2, (0, 0, 0), (1, 2)): [8311, 294, 96, 27, 13, 4, 3]
(2, (0, 0, 0), (2, 0)): [5624, 329, 139, 51, 19, 6, 2, 0, 0, 0, 0, 0, 1]
(2, (0, 0, 0), (2, 1)): [7628, 402, 146, 45, 11, 4, 4]
(2, (0, 0, 0), (2, 2)): [7000, 296, 110, 29, 11, 5, 1]
(2, (0, 0, 0), (3, 0)): [1947, 130, 76, 27, 13, 3, 1, 0, 0, 0, 0, 0, 1]
(2, (0, 0, 0), (3, 1)): [3554, 206, 106, 34, 14, 5, 3]
(2, (0, 0, 0), (3, 2)): [4405, 228, 111, 27, 9, 5]
(2, (0, 0, 1), (0, 0)): [86079, 26319, 5261, 1783, 635, 215, 61, 19, 3, 2, 0, 1]
(2, (0, 0, 1), (0, 1)): [1214, 325, 68, 23, 12, 3, 1]
(2, (0, 0, 1), (0, 2)): [473, 82, 21, 4, 3, 1]
(2, (0, 0, 1), (1, 0)): [1474, 413, 101, 41, 10, 5, 0, 1]
(2, (0, 0, 1), (1, 1)): [1177, 286, 66, 20, 9, 2, 1]
(2, (0, 0, 1), (1, 2)): [761, 139, 30, 10, 4, 1, 1]
(2, (0, 0, 1), (2, 0)): [616, 185, 49, 28, 6, 4, 0, 1]
(2, (0, 0, 1), (2, 1)): [671, 162, 49, 17, 9, 2, 0, 1]
(2, (0, 0, 1), (2, 2)): [625, 117, 39, 7, 4, 2, 1]
(2, (0, 0, 1), (3, 0)): [328, 86, 26, 17, 2, 3]
(2, (0, 0, 1), (3, 1)): [356, 86, 21, 15, 6, 2]
(2, (0, 0, 1), (3, 2)): [403, 85, 28, 10, 2, 1]
(2, (0, 1, 0), (0, 0)): [230238, 49076, 13139, 4616, 1516, 518, 146, 44, 10, 8, 5, 0, 1]
(2, (0, 1, 0), (0, 1)): [3109, 568, 147, 52, 16, 1, 1]
(2, (0, 1, 0), (0, 2)): [1175, 166, 42, 10, 5]
(2, (0, 1, 0), (1, 0)): [4175, 725, 297, 117, 28, 16, 5, 1, 0, 0, 0, 0, 1]
(2, (0, 1, 0), (1, 1)): [2898, 502, 170, 58, 14, 6, 3, 1]
(2, (0, 1, 0), (1, 2)): [1832, 262, 64, 33, 3]
(2, (0, 1, 0), (2, 0)): [1991, 324, 150, 78, 20, 9, 3, 0, 0, 0, 0, 0, 1]
(2, (0, 1, 0), (2, 1)): [1772, 324, 109, 35, 10, 8, 3, 1, 0, 0, 0, 0, 1]
(2, (0, 1, 0), (2, 2)): [1615, 247, 63, 35, 5, 4, 0, 1]
(2, (0, 1, 0), (3, 0)): [1132, 154, 90, 58, 16, 4, 2]
(2, (0, 1, 0), (3, 1)): [868, 164, 78, 24, 11, 3, 3, 0, 0, 0, 0, 0, 1]
(2, (0, 1, 0), (3, 2)): [1065, 173, 67, 30, 7, 4, 1, 0, 0, 0, 0, 0, 1]
(2, (0, 1, 1), (0, 0)): [52279, 4505, 11508, 3111, 1221, 386, 140, 47, 18, 4, 3, 1, 0, 1]
(2, (0, 1, 1), (0, 1)): [674, 51, 111, 28, 7, 3, 1, 3]
(2, (0, 1, 1), (0, 2)): [291, 22, 36, 8, 4, 1, 1]
(2, (0, 1, 1), (1, 0)): [952, 97, 194, 66, 29, 8, 4, 0, 0, 0, 1]
(2, (0, 1, 1), (1, 1)): [611, 42, 109, 30, 7, 4, 1, 2]
(2, (0, 1, 1), (1, 2)): [414, 26, 55, 12, 5, 1, 2, 1]
(2, (0, 1, 1), (2, 0)): [493, 59, 95, 39, 23, 6, 1, 0, 0, 0, 1]
(2, (0, 1, 1), (2, 1)): [351, 28, 82, 19, 7, 5]
(2, (0, 1, 1), (2, 2)): [360, 28, 58, 16, 3, 4, 1, 1]
(2, (0, 1, 1), (3, 0)): [343, 47, 57, 26, 20, 5, 1, 0, 0, 0, 1]
(2, (0, 1, 1), (3, 1)): [181, 16, 35, 11, 4, 2]
(2, (0, 1, 1), (3, 2)): [230, 23, 48, 14, 4, 4, 0, 1]
(2, (1, 0, 0), (0, 0)): [500098, 36178, 23516, 7444, 2376, 754, 303, 82, 17, 11, 6, 0, 1]
(2, (1, 0, 0), (0, 1)): [7254, 390, 323, 90, 33, 8, 7, 1]
(2, (1, 0, 0), (0, 2)): [2626, 104, 89, 19, 10, 1, 2]
(2, (1, 0, 0), (1, 0)): [7580, 623, 448, 176, 42, 12, 7, 2, 0, 0, 0, 0, 1]
(2, (1, 0, 0), (1, 1)): [5994, 374, 302, 101, 29, 3, 4, 1]
(2, (1, 0, 0), (1, 2)): [3748, 173, 136, 48, 13, 2, 1]
(2, (1, 0, 0), (2, 0)): [2600, 247, 156, 81, 17, 6, 4, 0, 0, 0, 0, 0, 1]
(2, (1, 0, 0), (2, 1)): [3129, 200, 163, 63, 22, 6, 2, 1, 0, 0, 0, 0, 1]
(2, (1, 0, 0), (2, 2)): [2880, 160, 128, 44, 15, 5, 1, 1]
(2, (1, 0, 0), (3, 0)): [851, 114, 50, 47, 4, 2, 3]
(2, (1, 0, 0), (3, 1)): [1362, 139, 79, 51, 10, 4, 2, 0, 0, 0, 0, 0, 1]
(2, (1, 0, 0), (3, 2)): [1632, 138, 87, 41, 10, 8, 1, 1, 0, 0, 0, 0, 1]
(2, (1, 0, 1), (0, 0)): [84766, 20579, 8078, 4873, 1558, 533, 184, 60, 21, 7, 0, 3, 1]
(2, (1, 0, 1), (0, 1)): [1286, 258, 110, 73, 21, 3, 2, 1, 0, 0, 0, 1]
(2, (1, 0, 1), (0, 2)): [516, 81, 31, 15, 9]
(2, (1, 0, 1), (1, 0)): [1217, 282, 134, 88, 31, 12, 4]
(2, (1, 0, 1), (1, 1)): [975, 197, 83, 68, 17, 8, 4, 1, 0, 0, 0, 1]
(2, (1, 0, 1), (1, 2)): [676, 105, 41, 30, 10, 4, 1, 1, 0, 0, 0, 1]
(2, (1, 0, 1), (2, 0)): [452, 106, 67, 34, 11, 4, 2]
(2, (1, 0, 1), (2, 1)): [536, 122, 48, 36, 14, 4]
(2, (1, 0, 1), (2, 2)): [482, 78, 32, 20, 9, 4, 1, 1, 0, 0, 0, 1]
(2, (1, 0, 1), (3, 0)): [161, 31, 30, 16, 7, 1, 2]
(2, (1, 0, 1), (3, 1)): [247, 51, 32, 18, 7, 1, 2]
(2, (1, 0, 1), (3, 2)): [283, 55, 32, 10, 8, 3, 2, 1]
(2, (1, 1, 0), (0, 0)): [195812, 30123, 15042, 10158, 3281, 1065, 355, 116, 40, 18, 7, 1, 2, 1]
(2, (1, 1, 0), (0, 1)): [3075, 422, 180, 140, 38, 7, 5, 3, 0, 0, 0, 0, 1]
(2, (1, 1, 0), (0, 2)): [1228, 132, 53, 38, 10, 1, 2, 1]
(2, (1, 1, 0), (1, 0)): [3019, 461, 269, 204, 57, 20, 8, 2, 1, 1]
(2, (1, 1, 0), (1, 1)): [2509, 340, 162, 135, 29, 7, 4, 2, 1, 1, 0, 0, 1]
(2, (1, 1, 0), (1, 2)): [1741, 198, 84, 56, 13, 3, 2, 2]
(2, (1, 1, 0), (2, 0)): [1062, 176, 121, 81, 30, 13, 3, 1]
(2, (1, 1, 0), (2, 1)): [1329, 173, 119, 86, 23, 11, 4, 1, 1, 1, 0, 0, 1]
(2, (1, 1, 0), (2, 2)): [1302, 154, 74, 72, 16, 4, 4, 2, 1]
(2, (1, 1, 0), (3, 0)): [376, 71, 49, 30, 13, 6, 1]
(2, (1, 1, 0), (3, 1)): [583, 89, 72, 42, 11, 9, 2, 1, 0, 0, 0, 0, 1]
(2, (1, 1, 0), (3, 2)): [726, 95, 62, 49, 17, 4, 3, 2, 1]
(2, (1, 1, 1), (0, 0)): [56233, 8186, 9510, 4651, 3362, 1078, 362, 126, 42, 8, 7, 1, 1, 1]
(2, (1, 1, 1), (0, 1)): [1037, 98, 142, 71, 47, 9, 5, 3, 1, 0, 0, 0, 1]
(2, (1, 1, 1), (0, 2)): [475, 25, 36, 25, 14, 2, 1, 1, 1]
(2, (1, 1, 1), (1, 0)): [832, 233, 156, 89, 58, 23, 6, 1, 2, 0, 1]
(2, (1, 1, 1), (1, 1)): [781, 111, 123, 63, 42, 7, 3, 0, 0, 0, 1, 0, 1]
(2, (1, 1, 1), (1, 2)): [592, 48, 52, 31, 17, 4, 2, 1, 0, 0, 1]
(2, (1, 1, 1), (2, 0)): [225, 155, 45, 39, 27, 16, 4, 1, 1]
(2, (1, 1, 1), (2, 1)): [335, 102, 72, 35, 33, 9, 4, 0, 0, 0, 0, 0, 1]
(2, (1, 1, 1), (2, 2)): [391, 58, 48, 34, 18, 5, 2, 0, 0, 0, 1]
(2, (1, 1, 1), (3, 0)): [48, 104, 16, 24, 9, 8, 1, 0, 1]
(2, (1, 1, 1), (3, 1)): [108, 105, 30, 26, 24, 6, 4]
(2, (1, 1, 1), (3, 2)): [178, 83, 33, 38, 20, 7, 4, 0, 0, 0, 1]
