(0, (0, 0, 0)): [148769, 29030, 13031, 5905, 2647, 1127, 480, 179, 66, 28, 16, 1, 0, 1, 2]
(0, (0, 0, 1)): [824, 2392, 684, 319, 154, 63, 30, 16, 3, 1]
(0, (0, 1, 0)): [4602, 4731, 1704, 774, 413, 178, 64, 14, 18, 8, 4]
(0, (0, 1, 1)): [396, 727, 940, 423, 225, 106, 43, 12, 8, 1, 0, 0, 0, 0, 1]
(0, (1, 0, 0)): [33556, 11867, 6835, 3422, 1546, 692, 309, 115, 41, 15, 12, 1, 0, 1, 2]
(0, (1, 0, 1)): [771, 2112, 980, 621, 356, 156, 79, 28, 11, 4, 0, 0, 0, 0, 1]
(0, (1, 1, 0)): [4215, 2863, 2345, 1572, 821, 380, 167, 68, 28, 11, 9, 1, 0, 1]
(0, (1, 1, 1)): [459, 773, 679, 610, 466, 217, 96, 53, 23, 13, 7, 1, 0, 0, 1]
(1, (0, 0, 0)): [116850, 11910, 4738, 1812, 756, 299, 102, 44, 8, 7, 2]
(1, (0, 0, 1)): [4369, 6518, 1242, 497, 219, 85, 30, 11, 4, 1, 0, 1]
(1, (0, 1, 0)): [18343, 8864, 2898, 1143, 454, 183, 63, 27, 3, 3, 1]
(1, (0, 1, 1)): [3023, 2600, 2703, 1036, 418, 176, 60, 21, 5, 3, 1, 1, 0, 1]
(1, (1, 0, 0)): [47741, 8910, 5005, 2176, 839, 360, 108, 50, 12, 7, 2, 0, 0, 1]
(1, (1, 0, 1)): [3576, 4554, 1691, 951, 411, 174, 54, 25, 5, 4]
(1, (1, 1, 0)): [11862, 3784, 2659, 1760, 720, 305, 93, 41, 18, 6, 3, 0, 0, 2]
(1, (1, 1, 1)): [2221, 1867, 1175, 896, 573, 257, 86, 47, 15, 4, 1, 0, 0, 1]
(2, (0, 0, 0)): [100214, 3909, 1256, 390, 145, 46, 15, 8, 1, 1, 1]
(2, (0, 0, 1)): [12904, 4403, 711, 219, 80, 26, 12, 1]
(2, (0, 1, 0)): [30082, 6694, 1592, 500, 154, 54, 18, 5, 1, 1]
(2, (0, 1, 1)): [7779, 712, 1824, 475, 147, 48, 15, 2, 3, 0, 1]
(2, (1, 0, 0)): [57889, 4442, 2110, 700, 230, 70, 28, 13, 3, 0, 1]
(2, (1, 0, 1)): [9402, 2724, 1188, 514, 148, 49, 21, 5, 3, 0, 0, 1]
(2, (1, 1, 0)): [18367, 2860, 1526, 875, 272, 92, 24, 12, 2, 0, 2, 0, 0, 1]
(2, (1, 1, 1)): [5456, 881, 899, 524, 303, 89, 31, 11, 5, 1, 2, 0, 0, 1]
