(0, (0, 0, 0), (0, 0)): [11526, 2090, 833, 328, 140, 52, 13, 4, 2, 2]
(0, (0, 0, 0), (0, 1)): [30, 6, 1, 1]
(0, (0, 0, 0), (0, 2)): [11, 3]
(0, (0, 0, 0), (1, 0)): [21, 7, 1, 1, 1]
(0, (0, 0, 0), (1, 1)): [23, 4, 1, 1]
(0, (0, 0, 0), (1, 2)): [19, 4, 1]
(0, (0, 0, 0), (2, 0)): [5, 5, 0, 0, 1]
(0, (0, 0, 0), (2, 1)): [8, 4, 0, 1]
(0, (0, 0, 0), (2, 2)): [17, 4, 1, 1]
(0, (0, 0, 0), (3, 0)): [3, 2, 0, 0, 1]
(0, (0, 0, 0), (3, 1)): [3, 2]
(0, (0, 0, 0), (3, 2)): [7, 2, 1, 1]
(0, (0, 0, 1), (0, 0)): [66, 209, 56, 19, 5, 3, 2]
(0, (0, 0, 1), (0, 1)): [0, 0, 1]
(0, (0, 0, 1), (0, 2)): [0, 0, 1]
(0, (0, 1, 0), (0, 0)): [332, 315, 123, 37, 18, 6, 2]
(0, (0, 1, 0), (0, 1)): [1]
(0, (0, 1, 0), (1, 0)): [2, 1]
(0, (0, 1, 0), (1, 1)): [1, 1]
(0, (0, 1, 0), (2, 0)): [1]
(0, (0, 1, 0), (3, 0)): [1]
(0, (0, 1, 1), (0, 0)): [41, 55, 57, 25, 10, 0, 2]
(0, (0, 1, 1), (1, 0)): [0, 0, 0, 1]
(0, (0, 1, 1), (2, 0)): [0, 0, 0, 1]
(0, (0, 1, 1), (3, 0)): [0, 0, 0, 1]
(0, (0, 1, 1), (3, 1)): [0, 0, 0, 1]
(0, (0, 1, 1), (3, 2)): [0, 0, 0, 1]
(0, (1, 0, 0), (0, 0)): [2574, 882, 417, 185, 77, 33, 8, 3, 1, 2]
(0, (1, 0, 0), (0, 1)): [3, 1, 1]
(0, (1, 0, 0), (0, 2)): [2]
(0, (1, 0, 0), (1, 0)): [5, 1, 0, 1, 1]
(0, (1, 0, 0), (1, 1)): [1, 1, 1, 1, 1]
(0, (1, 0, 0), (1, 2)): [2, 0, 0, 0, 1]
(0, (1, 0, 0), (2, 0)): [2, 1]
(0, (1, 0, 0), (2, 1)): [1, 2, 0, 1]
(0, (1, 0, 0), (2, 2)): [1, 0, 0, 0, 1]
(0, (1, 0, 0), (3, 0)): [1]
(0, (1, 0, 0), (3, 1)): [1, 2]
(0, (1, 0, 0), (3, 2)): [0, 1]
(0, (1, 0, 1), (0, 0)): [58, 131, 59, 37, 17, 4, 3, 1, 1]
(0, (1, 0, 1), (0, 1)): [0, 0, 0, 1]
(0, (1, 0, 1), (0, 2)): [0, 0, 0, 1]
(0, (1, 0, 1), (1, 0)): [1]
(0, (1, 1, 0), (0, 0)): [333, 201, 132, 78, 37, 21, 4, 1, 0, 2]
(0, (1, 1, 0), (0, 1)): [1, 1]
(0, (1, 1, 0), (1, 0)): [1]
(0, (1, 1, 1), (0, 0)): [42, 70, 42, 34, 26, 13, 3, 3, 2, 2]
(1, (0, 0, 0), (0, 0)): [9109, 832, 301, 107, 43, 13, 1, 1, 1]
(1, (0, 0, 0), (0, 1)): [28, 4]
(1, (0, 0, 0), (0, 2)): [7, 1]
(1, (0, 0, 0), (1, 0)): [23, 2, 2]
(1, (0, 0, 0), (1, 1)): [22, 3]
(1, (0, 0, 0), (1, 2)): [16, 2]
(1, (0, 0, 0), (2, 0)): [7, 0, 2]
(1, (0, 0, 0), (2, 1)): [9, 2, 1]
(1, (0, 0, 0), (2, 2)): [14]
(1, (0, 0, 0), (3, 0)): [5, 0, 1]
(1, (0, 0, 0), (3, 1)): [4, 1, 1]
(1, (0, 0, 0), (3, 2)): [7]
(1, (0, 0, 1), (0, 0)): [347, 478, 103, 28, 11, 6, 2]
(1, (0, 0, 1), (1, 0)): [1, 2]
(1, (0, 0, 1), (1, 1)): [1, 1]
(1, (0, 0, 1), (1, 2)): [1]
(1, (0, 1, 0), (0, 0)): [1426, 659, 189, 63, 23, 6, 3, 1]
(1, (0, 1, 0), (0, 1)): [6]
(1, (0, 1, 0), (1, 0)): [4, 1]
(1, (0, 1, 0), (1, 1)): [6, 1]
(1, (0, 1, 0), (1, 2)): [3]
(1, (0, 1, 0), (2, 0)): [2]
(1, (0, 1, 0), (2, 1)): [2]
(1, (0, 1, 0), (2, 2)): [1]
(1, (0, 1, 0), (3, 0)): [2]
(1, (0, 1, 0), (3, 2)): [1]
(1, (0, 1, 1), (0, 0)): [236, 196, 179, 59, 22, 8, 2]
(1, (0, 1, 1), (0, 1)): [1, 0, 1]
(1, (0, 1, 1), (1, 0)): [2, 1]
(1, (0, 1, 1), (1, 1)): [0, 0, 1]
(1, (0, 1, 1), (2, 0)): [2, 1]
(1, (0, 1, 1), (2, 1)): [0, 1, 1]
(1, (0, 1, 1), (2, 2)): [0, 1]
(1, (0, 1, 1), (3, 0)): [2]
(1, (0, 1, 1), (3, 2)): [0, 1]
(1, (1, 0, 0), (0, 0)): [3456, 638, 306, 117, 42, 18, 1, 1]
(1, (1, 0, 0), (0, 1)): [6, 1, 2]
(1, (1, 0, 0), (0, 2)): [1]
(1, (1, 0, 0), (1, 0)): [7, 0, 1]
(1, (1, 0, 0), (1, 1)): [6, 0, 1]
(1, (1, 0, 0), (1, 2)): [2]
(1, (1, 0, 0), (2, 0)): [1, 0, 1]
(1, (1, 0, 0), (2, 1)): [2, 0, 1]
(1, (1, 0, 0), (2, 2)): [2]
(1, (1, 0, 0), (3, 0)): [0, 0, 1]
(1, (1, 0, 0), (3, 2)): [1]
(1, (1, 0, 1), (0, 0)): [216, 320, 126, 60, 23, 6, 1]
(1, (1, 0, 1), (0, 1)): [0, 2]
(1, (1, 0, 1), (0, 2)): [0, 1]
(1, (1, 0, 1), (1, 0)): [1, 1]
(1, (1, 0, 1), (1, 1)): [0, 1]
(1, (1, 0, 1), (1, 2)): [0, 2]
(1, (1, 0, 1), (2, 0)): [1]
(1, (1, 0, 1), (2, 1)): [1]
(1, (1, 0, 1), (2, 2)): [1, 1]
(1, (1, 0, 1), (3, 2)): [0, 1]
(1, (1, 1, 0), (0, 0)): [874, 267, 147, 86, 39, 10, 3]
(1, (1, 1, 0), (0, 1)): [0, 1, 1, 0, 1]
(1, (1, 1, 0), (0, 2)): [0, 0, 1]
(1, (1, 1, 0), (1, 0)): [2, 0, 1]
(1, (1, 1, 0), (1, 1)): [2]
(1, (1, 1, 0), (1, 2)): [0, 0, 1]
(1, (1, 1, 0), (2, 1)): [2]
(1, (1, 1, 0), (2, 2)): [1]
(1, (1, 1, 0), (3, 2)): [1]
(1, (1, 1, 1), (0, 0)): [160, 135, 79, 55, 30, 9, 4, 1]
(1, (1, 1, 1), (0, 1)): [0, 0, 1]
(1, (1, 1, 1), (0, 2)): [0, 0, 1]
(1, (1, 1, 1), (1, 0)): [1, 0, 0, 0, 1]
(1, (1, 1, 1), (1, 1)): [1, 0, 0, 0, 1]
(1, (1, 1, 1), (1, 2)): [1, 0, 0, 0, 1]
(2, (0, 0, 0), (0, 0)): [7884, 273, 68, 16, 8, 4, 0, 1, 1]
(2, (0, 0, 0), (0, 1)): [20]
(2, (0, 0, 0), (0, 2)): [6]
(2, (0, 0, 0), (1, 0)): [25, 2]
(2, (0, 0, 0), (1, 1)): [20]
(2, (0, 0, 0), (1, 2)): [11]
(2, (0, 0, 0), (2, 0)): [6, 1]
(2, (0, 0, 0), (2, 1)): [9]
(2, (0, 0, 0), (2, 2)): [6]
(2, (0, 0, 0), (3, 0)): [3, 1]
(2, (0, 0, 0), (3, 1)): [3, 1]
(2, (0, 0, 0), (3, 2)): [3, 1]
(2, (0, 0, 1), (0, 0)): [1006, 308, 38, 10, 1, 2]
(2, (0, 0, 1), (0, 1)): [4, 2]
(2, (0, 0, 1), (0, 2)): [2, 1]
(2, (0, 0, 1), (1, 0)): [2, 1]
(2, (0, 0, 1), (1, 1)): [1]
(2, (0, 0, 1), (1, 2)): [1, 1]
(2, (0, 0, 1), (2, 0)): [1]
(2, (0, 0, 1), (2, 2)): [1, 1]
(2, (0, 1, 0), (0, 0)): [2300, 486, 97, 26, 9, 7, 0, 1]
(2, (0, 1, 0), (0, 1)): [5, 1]
(2, (0, 1, 0), (0, 2)): [1]
(2, (0, 1, 0), (1, 0)): [7, 1, 1]
(2, (0, 1, 0), (1, 1)): [4]
(2, (0, 1, 0), (1, 2)): [3]
(2, (0, 1, 0), (2, 0)): [5, 1, 1]
(2, (0, 1, 0), (2, 1)): [5, 1, 1]
(2, (0, 1, 0), (2, 2)): [3]
(2, (0, 1, 0), (3, 0)): [1]
(2, (0, 1, 0), (3, 1)): [0, 0, 1]
(2, (0, 1, 0), (3, 2)): [2, 0, 1]
(2, (0, 1, 1), (0, 0)): [626, 48, 104, 27, 12, 1, 1]
(2, (0, 1, 1), (1, 0)): [1]
(2, (1, 0, 0), (0, 0)): [4163, 287, 115, 30, 18, 6, 2, 1, 1]
(2, (1, 0, 0), (0, 1)): [9]
(2, (1, 0, 0), (0, 2)): [4]
(2, (1, 0, 0), (1, 0)): [11]
(2, (1, 0, 0), (1, 1)): [7]
(2, (1, 0, 0), (1, 2)): [3]
(2, (1, 0, 0), (2, 0)): [2]
(2, (1, 0, 0), (2, 1)): [5]
(2, (1, 0, 0), (2, 2)): [3]
(2, (1, 0, 0), (3, 0)): [1]
(2, (1, 0, 0), (3, 1)): [1]
(2, (1, 0, 1), (0, 0)): [609, 163, 74, 24, 12, 4]
(2, (1, 1, 0), (0, 0)): [1228, 184, 92, 44, 17, 4, 1, 2, 1]
(2, (1, 1, 0), (0, 1)): [1, 1]
(2, (1, 1, 0), (0, 2)): [1]
(2, (1, 1, 0), (1, 0)): [3]
(2, (1, 1, 0), (1, 1)): [1, 1]
(2, (1, 1, 0), (1, 2)): [1]
(2, (1, 1, 0), (2, 0)): [1]
(2, (1, 1, 0), (2, 1)): [2, 1]
(2, (1, 1, 0), (2, 2)): [1]
(2, (1, 1, 0), (3, 1)): [1]
(2, (1, 1, 0), (3, 2)): [1]
(2, (1, 1, 1), (0, 0)): [387, 62, 53, 23, 21, 6]
(2, (1, 1, 1), (0, 1)): [1, 1]
(2, (1, 1, 1), (0, 2)): [0, 1]
(2, (1, 1, 1), (1, 0)): [2, 0, 1]
(2, (1, 1, 1), (1, 1)): [2, 0, 1]
(2, (1, 1, 1), (2, 0)): [1]
(2, (1, 1, 1), (2, 1)): [2, 0, 1]
(2, (1, 1, 1), (2, 2)): [1, 0, 1]
(2, (1, 1, 1), (3, 2)): [1, 0, 1]
