(0, (0, 0, 0)): [28272, 5743, 2764, 1355, 597, 263, 115, 47, 19, 8, 4, 2]
(0, (0, 0, 1)): [53, 207, 69, 33, 16, 5, 1, 4]
(0, (0, 1, 0)): [1037, 875, 402, 212, 102, 42, 15, 8, 5, 3, 0, 1]
(0, (0, 1, 1)): [75, 142, 189, 87, 50, 18, 13, 9, 5, 0, 2]
(0, (1, 0, 0)): [5424, 1482, 1244, 689, 311, 151, 69, 26, 15, 6, 2, 1]
(0, (1, 0, 1)): [115, 313, 131, 115, 48, 22, 16, 3, 2, 2]
(0, (1, 1, 0)): [887, 505, 354, 332, 147, 84, 41, 16, 7, 5, 1, 2]
(0, (1, 1, 1)): [89, 147, 147, 103, 84, 51, 29, 13, 6, 2, 0, 1]
(1, (0, 0, 0)): [23836, 2800, 1128, 451, 177, 64, 30, 14, 1, 0, 2]
(1, (0, 0, 1)): [426, 625, 147, 54, 27, 8, 2, 2, 0, 1]
(1, (0, 1, 0)): [2619, 1013, 460, 215, 84, 26, 13, 6]
(1, (0, 1, 1)): [428, 387, 297, 141, 69, 28, 10, 5, 3, 1]
(1, (1, 0, 0)): [8337, 1276, 1029, 466, 210, 76, 31, 13, 4, 0, 2]
(1, (1, 0, 1)): [615, 607, 191, 137, 68, 26, 14, 6, 1]
(1, (1, 1, 0)): [2322, 629, 411, 366, 151, 62, 29, 12, 3, 0, 2]
(1, (1, 1, 1)): [468, 362, 235, 130, 138, 77, 34, 15, 3, 0, 1]
(2, (0, 0, 0)): [21258, 1105, 362, 109, 36, 5, 3, 1]
(2, (0, 0, 1)): [1639, 428, 119, 44, 8, 2, 3, 1]
(2, (0, 1, 0)): [4590, 830, 287, 106, 33, 9, 3, 2, 1]
(2, (0, 1, 1)): [1172, 90, 230, 72, 40, 8, 2]
(2, (1, 0, 0)): [10163, 651, 578, 168, 70, 20, 5, 2]
(2, (1, 0, 1)): [1724, 316, 132, 123, 39, 8, 4, 1]
(2, (1, 1, 0)): [3733, 504, 262, 223, 81, 24, 9, 5]
(2, (1, 1, 1)): [1223, 187, 205, 96, 109, 30, 13, 1]
