(0, (0, 0, 0), (0, 0)): [26668, 4547, 2024, 830, 387, 126, 60, 24, 11, 4, 2, 1]
(0, (0, 0, 0), (0, 1)): [56, 10, 3, 2]
(0, (0, 0, 0), (0, 2)): [43, 9, 0, 2]
(0, (0, 0, 0), (1, 0)): [59, 13, 10, 1, 1]
(0, (0, 0, 0), (1, 2)): [14, 4]
(0, (0, 0, 0), (2, 0)): [34, 6, 5, 1, 1]
(0, (0, 0, 0), (2, 1)): [34, 6, 5, 1, 1]
(0, (0, 0, 0), (2, 2)): [36, 8, 4]
(0, (0, 0, 1), (0, 0)): [100, 260, 60, 37, 9, 3, 0, 0, 1]
(0, (0, 0, 1), (1, 0)): [0, 1]
(0, (0, 1, 0), (0, 0)): [978, 786, 261, 107, 54, 24, 14, 0, 2, 1, 2]
(0, (0, 1, 0), (0, 1)): [4, 3, 0, 1]
(0, (0, 1, 0), (0, 2)): [4, 3, 0, 1]
(0, (0, 1, 0), (1, 0)): [2, 2, 3]
(0, (0, 1, 0), (1, 2)): [2]
(0, (0, 1, 0), (2, 0)): [0, 1]
(0, (0, 1, 0), (2, 1)): [0, 1]
(0, (0, 1, 0), (2, 2)): [2]
(0, (0, 1, 1), (0, 0)): [90, 106, 136, 68, 25, 14, 3, 3, 3]
(0, (1, 0, 0), (0, 0)): [5457, 1557, 1006, 450, 245, 81, 36, 17, 9, 2, 0, 1]
(0, (1, 0, 0), (0, 1)): [8, 4, 2]
(0, (1, 0, 0), (0, 2)): [6, 4]
(0, (1, 0, 0), (1, 0)): [15, 6, 5, 0, 1]
(0, (1, 0, 0), (1, 2)): [3, 2]
(0, (1, 0, 0), (2, 0)): [7, 1, 4, 0, 1]
(0, (1, 0, 0), (2, 1)): [7, 1, 4, 0, 1]
(0, (1, 0, 0), (2, 2)): [6, 2, 3]
(0, (1, 0, 1), (0, 0)): [165, 338, 153, 86, 50, 17, 10, 1, 4, 2]
(0, (1, 0, 1), (0, 1)): [0, 1]
(0, (1, 0, 1), (0, 2)): [0, 1]
(0, (1, 0, 1), (1, 0)): [0, 0, 1]
(0, (1, 0, 1), (1, 2)): [0, 1]
(0, (1, 0, 1), (2, 0)): [0, 0, 1]
(0, (1, 0, 1), (2, 1)): [0, 0, 1]
(0, (1, 0, 1), (2, 2)): [0, 1, 1]
(0, (1, 1, 0), (0, 0)): [748, 416, 336, 210, 105, 44, 17, 13, 6, 0, 2, 1]
(0, (1, 1, 0), (0, 1)): [3, 0, 0, 1]
(0, (1, 1, 0), (0, 2)): [2, 0, 0, 1]
(0, (1, 1, 0), (1, 0)): [1, 1, 1]
(0, (1, 1, 0), (1, 2)): [1]
(0, (1, 1, 0), (2, 0)): [0, 1, 1]
(0, (1, 1, 0), (2, 1)): [0, 1, 1]
(0, (1, 1, 0), (2, 2)): [1, 1, 1]
(0, (1, 1, 1), (0, 0)): [83, 112, 104, 72, 41, 24, 10, 4, 4, 1, 2, 1]
(0, (1, 1, 1), (1, 0)): [0, 1]
(0, (1, 1, 1), (2, 0)): [0, 1]
(0, (1, 1, 1), (2, 1)): [0, 1]
(0, (1, 1, 1), (2, 2)): [0, 1]
(1, (0, 0, 0), (0, 0)): [21838, 2009, 824, 293, 108, 28, 15, 7]
(1, (0, 0, 0), (0, 1)): [46, 5, 1, 1]
(1, (0, 0, 0), (0, 2)): [34, 3, 0, 1]
(1, (0, 0, 0), (1, 0)): [51, 7, 1, 1]
(1, (0, 0, 0), (1, 2)): [9, 1]
(1, (0, 0, 0), (2, 0)): [29, 4, 0, 1]
(1, (0, 0, 0), (2, 1)): [29, 4, 0, 1]
(1, (0, 0, 0), (2, 2)): [28, 5]
(1, (0, 0, 1), (0, 0)): [544, 637, 121, 52, 18, 7, 1]
(1, (0, 0, 1), (0, 1)): [1]
(1, (0, 0, 1), (0, 2)): [1]
(1, (0, 0, 1), (1, 0)): [0, 1, 1]
(1, (0, 0, 1), (1, 2)): [1]
(1, (0, 0, 1), (2, 0)): [0, 1]
(1, (0, 0, 1), (2, 1)): [0, 1]
(1, (0, 0, 1), (2, 2)): [1]
(1, (0, 1, 0), (0, 0)): [2788, 1043, 357, 151, 65, 17, 7, 2, 1]
(1, (0, 1, 0), (0, 1)): [8, 4, 1]
(1, (0, 1, 0), (0, 2)): [8, 2]
(1, (0, 1, 0), (1, 0)): [10, 3]
(1, (0, 1, 0), (1, 2)): [3]
(1, (0, 1, 0), (2, 0)): [4, 1]
(1, (0, 1, 0), (2, 1)): [4, 1]
(1, (0, 1, 0), (2, 2)): [5, 1]
(1, (0, 1, 1), (0, 0)): [448, 294, 259, 101, 49, 16, 6, 6, 1]
(1, (0, 1, 1), (0, 1)): [1]
(1, (0, 1, 1), (1, 0)): [2, 1, 1, 1]
(1, (0, 1, 1), (2, 0)): [2, 1, 1, 1]
(1, (0, 1, 1), (2, 1)): [2, 1, 1, 1]
(1, (0, 1, 1), (2, 2)): [1, 1, 1]
(1, (1, 0, 0), (0, 0)): [7939, 1162, 758, 286, 117, 34, 13, 8, 1]
(1, (1, 0, 0), (0, 1)): [15, 0, 1, 1]
(1, (1, 0, 0), (0, 2)): [11, 0, 0, 1]
(1, (1, 0, 0), (1, 0)): [23, 7, 2, 0, 1]
(1, (1, 0, 0), (1, 2)): [3]
(1, (1, 0, 0), (2, 0)): [11, 3, 1, 0, 1]
(1, (1, 0, 0), (2, 1)): [11, 3, 1, 0, 1]
(1, (1, 0, 0), (2, 2)): [8, 2]
(1, (1, 0, 1), (0, 0)): [680, 592, 200, 119, 44, 19, 7, 1]
(1, (1, 0, 1), (0, 1)): [1, 1, 0, 1]
(1, (1, 0, 1), (0, 2)): [1, 1, 0, 1]
(1, (1, 0, 1), (1, 0)): [0, 3, 0, 1]
(1, (1, 0, 1), (1, 2)): [0, 1]
(1, (1, 0, 1), (2, 0)): [0, 1, 0, 1]
(1, (1, 0, 1), (2, 1)): [0, 1, 0, 1]
(1, (1, 0, 1), (2, 2)): [0, 2]
(1, (1, 1, 0), (0, 0)): [2204, 599, 357, 263, 107, 30, 13, 12, 4]
(1, (1, 1, 0), (0, 1)): [6, 0, 0, 1]
(1, (1, 1, 0), (0, 2)): [3, 0, 0, 1]
(1, (1, 1, 0), (1, 0)): [4, 2, 0, 0, 1]
(1, (1, 1, 0), (1, 2)): [2]
(1, (1, 1, 0), (2, 0)): [2, 2, 0, 0, 1]
(1, (1, 1, 0), (2, 1)): [2, 2, 0, 0, 1]
(1, (1, 1, 0), (2, 2)): [3, 1]
(1, (1, 1, 1), (0, 0)): [438, 298, 213, 111, 67, 23, 10, 8, 1]
(1, (1, 1, 1), (1, 0)): [2]
(1, (1, 1, 1), (2, 0)): [2]
(1, (1, 1, 1), (2, 1)): [2]
(1, (1, 1, 1), (2, 2)): [1]
(2, (0, 0, 0), (0, 0)): [18653, 739, 259, 63, 23, 3, 4, 1]
(2, (0, 0, 0), (0, 1)): [39, 4, 1]
(2, (0, 0, 0), (0, 2)): [29, 4]
(2, (0, 0, 0), (1, 0)): [40, 1, 0, 1]
(2, (0, 0, 0), (1, 2)): [8, 2]
(2, (0, 0, 0), (2, 0)): [24, 1, 0, 1]
(2, (0, 0, 0), (2, 1)): [24, 1, 0, 1]
(2, (0, 0, 0), (2, 2)): [25, 3]
(2, (0, 0, 1), (0, 0)): [1453, 388, 83, 23, 10, 2]
(2, (0, 0, 1), (0, 1)): [4]
(2, (0, 0, 1), (0, 2)): [4]
(2, (0, 0, 1), (1, 0)): [0, 0, 2, 1]
(2, (0, 0, 1), (1, 2)): [2]
(2, (0, 0, 1), (2, 0)): [0, 0, 1, 1]
(2, (0, 0, 1), (2, 1)): [0, 0, 1, 1]
(2, (0, 0, 1), (2, 2)): [2]
(2, (0, 1, 0), (0, 0)): [4207, 772, 193, 63, 23, 9, 3, 1]
(2, (0, 1, 0), (0, 1)): [11, 4]
(2, (0, 1, 0), (0, 2)): [9, 2]
(2, (0, 1, 0), (1, 0)): [19, 1, 1, 1]
(2, (0, 1, 0), (1, 2)): [2]
(2, (0, 1, 0), (2, 0)): [12, 0, 1, 1]
(2, (0, 1, 0), (2, 1)): [12, 0, 1, 1]
(2, (0, 1, 0), (2, 2)): [9]
(2, (0, 1, 1), (0, 0)): [893, 74, 177, 54, 17, 5, 1]
(2, (0, 1, 1), (0, 1)): [3]
(2, (0, 1, 1), (0, 2)): [1]
(2, (0, 1, 1), (1, 0)): [3, 0, 0, 1]
(2, (0, 1, 1), (2, 0)): [2, 0, 0, 1]
(2, (0, 1, 1), (2, 1)): [2, 0, 0, 1]
(2, (0, 1, 1), (2, 2)): [1]
(2, (1, 0, 0), (0, 0)): [9355, 541, 381, 97, 36, 6, 6, 1]
(2, (1, 0, 0), (0, 1)): [23, 2, 1]
(2, (1, 0, 0), (0, 2)): [17, 2]
(2, (1, 0, 0), (1, 0)): [25, 1, 1]
(2, (1, 0, 0), (1, 2)): [7, 1]
(2, (1, 0, 0), (2, 0)): [15, 1, 1]
(2, (1, 0, 0), (2, 1)): [15, 1, 1]
(2, (1, 0, 0), (2, 2)): [17, 2]
(2, (1, 0, 1), (0, 0)): [1551, 295, 106, 74, 20, 5, 2]
(2, (1, 0, 1), (0, 1)): [6, 1, 0, 1]
(2, (1, 0, 1), (0, 2)): [5, 1, 0, 1]
(2, (1, 0, 1), (1, 0)): [1]
(2, (1, 0, 1), (1, 2)): [2, 1]
(2, (1, 0, 1), (2, 0)): [1]
(2, (1, 0, 1), (2, 1)): [1]
(2, (1, 0, 1), (2, 2)): [3, 1]
(2, (1, 1, 0), (0, 0)): [3674, 467, 237, 151, 49, 12, 7, 3, 1]
(2, (1, 1, 0), (0, 1)): [8, 1, 0, 1]
(2, (1, 1, 0), (0, 2)): [6, 0, 0, 1]
(2, (1, 1, 0), (1, 0)): [14, 3]
(2, (1, 1, 0), (1, 2)): [3]
(2, (1, 1, 0), (2, 0)): [8, 3]
(2, (1, 1, 0), (2, 1)): [8, 3]
(2, (1, 1, 0), (2, 2)): [8, 1]
(2, (1, 1, 1), (0, 0)): [1085, 116, 142, 63, 47, 12, 5, 3, 1]
(2, (1, 1, 1), (0, 1)): [2]
(2, (1, 1, 1), (0, 2)): [2]
(2, (1, 1, 1), (1, 0)): [3, 0, 0, 1]
(2, (1, 1, 1), (2, 0)): [3, 0, 0, 1]
(2, (1, 1, 1), (2, 1)): [3, 0, 0, 1]
(2, (1, 1, 1), (2, 2)): [2]
