(0, (0, 0, 0)): [1305982, 260508, 120106, 54402, 24080, 10327, 4246, 1773, 710, 324, 133, 63, 29, 10, 3, 1, 0, 1]
(0, (0, 0, 1)): [5440, 16182, 4422, 2075, 1030, 430, 190, 83, 34, 19, 7, 2, 3, 2]
(0, (0, 1, 0)): [45990, 42490, 16653, 7962, 3848, 1642, 694, 301, 125, 71, 24, 6, 3, 2, 1]
(0, (0, 1, 1)): [3868, 6509, 7763, 3625, 1925, 907, 383, 179, 89, 38, 9, 6, 2, 2, 1, 0, 0, 1]
(0, (1, 0, 0)): [279395, 93101, 58887, 29023, 13703, 6163, 2569, 1107, 463, 211, 91, 39, 20, 4, 2, 1, 0, 1]
(0, (1, 0, 1)): [6676, 20295, 8223, 5668, 2976, 1344, 655, 268, 130, 55, 26, 12, 5, 1, 1, 0, 0, 1]
(0, (1, 1, 0)): [38301, 24499, 18338, 13004, 6901, 3285, 1390, 662, 273, 125, 56, 24, 9, 1]
(0, (1, 1, 1)): [3730, 7069, 5760, 4324, 3427, 1713, 783, 391, 171, 71, 36, 13, 3, 1, 1]
(1, (0, 0, 0)): [1058316, 114871, 47105, 18573, 7158, 2745, 1067, 391, 152, 62, 25, 15, 6, 3, 0, 1]
(1, (0, 0, 1)): [28845, 41202, 8139, 3430, 1430, 579, 227, 89, 40, 13, 8, 5, 4, 1]
(1, (0, 1, 0)): [142550, 63298, 22864, 9713, 3911, 1528, 530, 251, 69, 36, 20, 8, 8, 2, 1]
(1, (0, 1, 1)): [22927, 18625, 16702, 6673, 3459, 1369, 534, 219, 103, 33, 10, 7, 2, 2, 0, 1]
(1, (1, 0, 0)): [403863, 71508, 45730, 19370, 7791, 3087, 1234, 431, 194, 81, 29, 21, 4, 3, 0, 2]
(1, (1, 0, 1)): [32310, 38040, 12161, 8073, 3428, 1427, 581, 219, 76, 50, 12, 5, 0, 1]
(1, (1, 1, 0)): [110875, 34321, 22912, 16191, 6801, 2813, 1107, 442, 191, 71, 25, 14, 8, 5, 1]
(1, (1, 1, 1)): [22699, 17979, 11468, 7516, 5446, 2325, 945, 347, 154, 57, 19, 15, 7, 3, 1, 1]
(2, (0, 0, 0)): [917389, 41371, 13960, 4466, 1453, 490, 164, 50, 9, 6, 5, 0, 1]
(2, (0, 0, 1)): [84057, 25749, 5148, 1741, 618, 212, 61, 19, 3, 2, 0, 1]
(2, (0, 1, 0)): [225076, 48040, 12885, 4502, 1480, 509, 144, 42, 10, 8, 5, 0, 1]
(2, (0, 1, 1)): [51148, 4408, 11258, 3029, 1198, 376, 138, 47, 18, 4, 3, 1, 0, 1]
(2, (1, 0, 0)): [490022, 35433, 22986, 7286, 2315, 739, 294, 81, 17, 11, 6, 0, 1]
(2, (1, 0, 1)): [82908, 20147, 7897, 4767, 1517, 523, 182, 55, 21, 7, 0, 2, 1]
(2, (1, 1, 0)): [191666, 29496, 14763, 9920, 3213, 1045, 341, 113, 40, 18, 7, 1, 2, 1]
(2, (1, 1, 1)): [55099, 8012, 9324, 4561, 3293, 1055, 353, 121, 42, 8, 6, 0, 1, 1]
