(0, (0, 0, 0)): [1346765, 269771, 123586, 56402, 25109, 10672, 4381, 1743, 694, 285, 125, 65, 15, 14, 2, 0, 1]
(0, (0, 0, 1)): [4831, 13699, 3724, 1850, 877, 373, 157, 49, 19, 15, 10, 2, 1, 2]
(0, (0, 1, 0)): [52890, 46960, 18623, 9353, 4381, 1848, 802, 337, 131, 67, 23, 12, 4, 5, 2, 0, 1]
(0, (0, 1, 1)): [4185, 6779, 7849, 3726, 1923, 939, 398, 159, 87, 40, 10, 6, 3, 2, 1, 0, 1]
(0, (1, 0, 0)): [277902, 87884, 58164, 28883, 13777, 6164, 2510, 1057, 444, 180, 87, 34, 10, 12, 1, 0, 1]
(0, (1, 0, 1)): [7091, 19356, 7839, 5689, 2958, 1370, 624, 244, 125, 48, 28, 9, 4, 3, 1]
(0, (1, 1, 0)): [40589, 24002, 17431, 13017, 6819, 3229, 1325, 596, 255, 114, 48, 21, 5, 4, 0, 0, 1]
(0, (1, 1, 1)): [4288, 6776, 5713, 4002, 3328, 1692, 745, 336, 175, 74, 32, 10, 5, 3, 0, 0, 1]
(1, (0, 0, 0)): [1108567, 122434, 50043, 19825, 7669, 2892, 1128, 387, 128, 54, 19, 12, 2, 1]
(1, (0, 0, 1)): [29473, 39699, 8007, 3543, 1402, 583, 213, 65, 32, 12, 7, 4, 1, 1]
(1, (0, 1, 0)): [150598, 59926, 23052, 10115, 4080, 1620, 555, 245, 74, 30, 19, 2, 4]
(1, (0, 1, 1)): [22867, 18039, 14927, 6164, 3285, 1267, 509, 204, 78, 31, 5, 3, 1]
(1, (1, 0, 0)): [400535, 67459, 45977, 19417, 7968, 3096, 1259, 446, 154, 65, 23, 14, 2, 1]
(1, (1, 0, 1)): [34367, 35288, 11222, 7904, 3462, 1374, 565, 216, 67, 30, 8, 4, 1]
(1, (1, 1, 0)): [115663, 32441, 21544, 16272, 6676, 2742, 1063, 425, 161, 61, 24, 13, 4, 1]
(1, (1, 1, 1)): [24750, 17015, 11115, 7072, 5508, 2318, 938, 362, 138, 49, 13, 8, 4, 2]
(2, (0, 0, 0)): [972262, 46442, 15373, 4888, 1577, 489, 159, 52, 7, 5, 3]
(2, (0, 0, 1)): [88148, 24144, 5486, 1851, 647, 216, 53, 22, 7, 3, 0, 1]
(2, (0, 1, 0)): [235899, 45779, 13624, 4829, 1676, 529, 158, 54, 12, 11, 6]
(2, (0, 1, 1)): [53027, 4027, 10372, 3123, 1237, 409, 123, 37, 12, 2, 2]
(2, (1, 0, 0)): [480806, 33292, 23904, 7568, 2481, 793, 292, 84, 17, 7, 4, 1]
(2, (1, 0, 1)): [88351, 19086, 7361, 5007, 1708, 538, 176, 52, 18, 6, 2, 2]
(2, (1, 1, 0)): [194428, 27581, 13959, 10272, 3355, 1050, 370, 127, 31, 17, 5, 2]
(2, (1, 1, 1)): [57734, 7424, 9227, 4522, 3543, 1071, 378, 124, 32, 8, 5, 3]
