(0, (0, 0, 0)): [16658, 3323, 1533, 686, 293, 139, 47, 19, 10, 1]
(0, (0, 0, 1)): [59, 166, 34, 22, 5, 11, 0, 3, 1]
(0, (0, 1, 0)): [522, 458, 167, 96, 48, 10, 2, 1]
(0, (0, 1, 1)): [50, 89, 71, 42, 29, 10, 2, 1, 1]
(0, (1, 0, 0)): [3558, 1081, 730, 343, 162, 80, 31, 11, 7, 1]
(0, (1, 0, 1)): [65, 250, 93, 53, 30, 12, 4, 1]
(0, (1, 1, 0)): [526, 275, 188, 149, 75, 41, 16, 5, 3, 1]
(0, (1, 1, 1)): [57, 95, 55, 43, 42, 26, 7, 4, 3, 1]
(1, (0, 0, 0)): [13624, 1475, 638, 255, 98, 37, 11, 4, 2]
(1, (0, 0, 1)): [324, 417, 64, 33, 14, 3, 0, 0, 1]
(1, (0, 1, 0)): [1586, 655, 257, 115, 43, 19, 2, 1]
(1, (0, 1, 1)): [269, 195, 165, 72, 45, 15, 6, 6, 1]
(1, (1, 0, 0)): [5144, 808, 620, 275, 95, 34, 17, 10, 4]
(1, (1, 0, 1)): [386, 424, 123, 90, 29, 11, 7, 2, 1]
(1, (1, 1, 0)): [1428, 417, 282, 215, 85, 34, 14, 8, 2]
(1, (1, 1, 1)): [316, 217, 150, 94, 65, 27, 11, 8, 1, 1]
(2, (0, 0, 0)): [11917, 564, 193, 60, 23, 9, 2]
(2, (0, 0, 1)): [899, 266, 56, 18, 2, 3]
(2, (0, 1, 0)): [2628, 492, 150, 57, 23, 5, 1]
(2, (0, 1, 1)): [577, 48, 118, 36, 12, 5, 3]
(2, (1, 0, 0)): [6185, 392, 322, 94, 31, 13, 3, 2]
(2, (1, 0, 1)): [930, 221, 79, 55, 21, 5, 1]
(2, (1, 1, 0)): [2432, 352, 177, 140, 49, 16, 3, 2]
(2, (1, 1, 1)): [702, 104, 113, 56, 38, 11, 3, 1]
