(0, (0, 0, 0)): [532704, 108470, 51329, 23757, 10858, 4793, 2007, 873, 364, 183, 73, 35, 19, 4, 3, 1]
(0, (0, 0, 1)): [2303, 7572, 2147, 1013, 516, 207, 102, 60, 23, 12, 3, 1, 3]
(0, (0, 1, 0)): [17241, 17536, 6814, 3234, 1642, 759, 319, 139, 63, 37, 12, 5, 2, 0, 1]
(0, (0, 1, 1)): [1524, 2802, 3600, 1616, 889, 423, 181, 86, 44, 16, 5, 4, 0, 1, 1]
(0, (1, 0, 0)): [118429, 41043, 25968, 13004, 6329, 2887, 1252, 549, 235, 118, 50, 21, 12, 3, 2]
(0, (1, 0, 1)): [2686, 8994, 3722, 2580, 1389, 651, 335, 140, 66, 29, 12, 9, 3, 0, 1]
(0, (1, 1, 0)): [16035, 10680, 8656, 5932, 3278, 1540, 692, 345, 140, 64, 31, 12, 6, 1]
(0, (1, 1, 1)): [1621, 3088, 2631, 2086, 1660, 813, 383, 201, 85, 36, 21, 8, 1, 1, 1]
(1, (0, 0, 0)): [423175, 46440, 19362, 7811, 3127, 1242, 477, 197, 78, 34, 13, 10, 3, 2, 0, 1]
(1, (0, 0, 1)): [12375, 19386, 3820, 1609, 684, 280, 124, 57, 27, 9, 5, 4, 3, 1]
(1, (0, 1, 0)): [59000, 28836, 10068, 4239, 1765, 716, 274, 128, 32, 25, 10, 5, 5, 1, 1]
(1, (0, 1, 1)): [10035, 8763, 8501, 3340, 1682, 683, 268, 115, 61, 17, 7, 4, 1, 1]
(1, (1, 0, 0)): [172574, 32265, 19866, 8714, 3510, 1479, 566, 213, 102, 49, 17, 15, 2, 2, 0, 1]
(1, (1, 0, 1)): [13420, 17437, 5821, 3726, 1575, 708, 271, 106, 46, 34, 11, 3]
(1, (1, 1, 0)): [46497, 14934, 10617, 7177, 3155, 1368, 555, 216, 85, 43, 13, 9, 4, 4, 1]
(1, (1, 1, 1)): [9546, 7932, 5157, 3536, 2517, 1126, 466, 171, 79, 31, 11, 9, 4, 2, 1]
(2, (0, 0, 0)): [362670, 15908, 5529, 1762, 627, 230, 79, 31, 7, 2, 2]
(2, (0, 0, 1)): [37536, 12380, 2331, 796, 285, 115, 37, 10, 1, 2, 0, 1]
(2, (0, 1, 0)): [95700, 22215, 5545, 1928, 640, 231, 68, 18, 5, 1, 1, 0, 1]
(2, (0, 1, 1)): [23390, 2073, 5566, 1480, 568, 190, 72, 28, 11, 4, 1]
(2, (1, 0, 0)): [211267, 16276, 9565, 3118, 1047, 337, 135, 44, 12, 5, 3]
(2, (1, 0, 1)): [34932, 9224, 3916, 2139, 657, 252, 89, 29, 12, 2, 0, 2]
(2, (1, 1, 0)): [80272, 12899, 6797, 4118, 1370, 476, 140, 52, 20, 8, 5, 0, 1, 1]
(2, (1, 1, 1)): [23506, 3579, 4087, 2138, 1454, 501, 159, 60, 28, 6, 4, 0, 0, 1]
