(0, (0, 0, 0), (0, 0)): [33898, 6648, 3151, 1445, 651, 288, 118, 58, 16, 10, 4, 1]
(0, (0, 0, 0), (0, 1)): [18216, 3213, 1495, 662, 285, 125, 44, 26, 3, 6, 2]
(0, (0, 0, 0), (0, 2)): [7598, 1184, 542, 231, 100, 47, 11, 9, 1, 3]
(0, (0, 0, 0), (1, 0)): [12471, 2645, 1320, 621, 292, 134, 60, 24, 11, 3, 1]
(0, (0, 0, 0), (1, 1)): [14090, 2655, 1290, 590, 258, 117, 44, 19, 7, 4, 2]
(0, (0, 0, 0), (1, 2)): [10767, 1758, 857, 362, 155, 76, 23, 13, 4, 3, 1]
(0, (0, 0, 0), (2, 0)): [3936, 908, 477, 240, 130, 47, 28, 10, 4, 1]
(0, (0, 0, 0), (2, 1)): [6944, 1416, 733, 321, 164, 65, 28, 14, 1, 1]
(0, (0, 0, 0), (2, 2)): [8506, 1480, 770, 324, 157, 74, 19, 8, 3, 2, 1]
(0, (0, 0, 0), (3, 0)): [1045, 278, 165, 90, 49, 19, 11, 2, 2, 1]
(0, (0, 0, 0), (3, 1)): [2585, 618, 348, 174, 91, 31, 17, 4, 1]
(0, (0, 0, 0), (3, 2)): [4492, 886, 495, 242, 95, 51, 20, 4, 2]
(0, (0, 0, 1), (0, 0)): [83, 247, 68, 35, 16, 9, 9, 1, 0, 1]
(0, (0, 0, 1), (0, 1)): [50, 99, 28, 11, 8, 2, 4]
(0, (0, 0, 1), (0, 2)): [24, 30, 11, 4, 1, 1, 1]
(0, (0, 0, 1), (1, 0)): [22, 116, 31, 22, 7, 5, 5, 1, 0, 1]
(0, (0, 0, 1), (1, 1)): [24, 106, 32, 13, 8, 2, 5, 1]
(0, (0, 0, 1), (1, 2)): [19, 58, 20, 9, 5, 1, 4]
(0, (0, 0, 1), (2, 0)): [15, 46, 9, 11, 4, 3, 2, 0, 0, 1]
(0, (0, 0, 1), (2, 1)): [17, 69, 13, 10, 5, 2, 1, 1, 0, 1]
(0, (0, 0, 1), (2, 2)): [19, 66, 18, 9, 3, 0, 2, 1]
(0, (0, 0, 1), (3, 0)): [7, 17, 3, 5, 0, 2, 2]
(0, (0, 0, 1), (3, 1)): [7, 26, 7, 5, 2, 2, 2, 0, 0, 1]
(0, (0, 0, 1), (3, 2)): [12, 47, 9, 6, 2, 2]
(0, (0, 1, 0), (0, 0)): [1327, 1050, 455, 235, 103, 58, 23, 12, 6, 3, 1]
(0, (0, 1, 0), (0, 1)): [678, 457, 215, 105, 44, 22, 7, 5, 2, 3, 1]
(0, (0, 1, 0), (0, 2)): [301, 163, 82, 36, 17, 5, 5, 1, 0, 1]
(0, (0, 1, 0), (1, 0)): [495, 440, 174, 105, 44, 28, 10, 5, 4]
(0, (0, 1, 0), (1, 1)): [515, 385, 160, 83, 30, 27, 8, 6, 3, 1, 1]
(0, (0, 1, 0), (1, 2)): [417, 240, 115, 64, 26, 13, 5, 1, 1]
(0, (0, 1, 0), (2, 0)): [201, 149, 70, 45, 22, 12, 4, 1, 2]
(0, (0, 1, 0), (2, 1)): [284, 206, 92, 47, 22, 21, 6, 4, 1, 1, 1]
(0, (0, 1, 0), (2, 2)): [340, 216, 92, 54, 27, 14, 5, 2, 2, 0, 1]
(0, (0, 1, 0), (3, 0)): [63, 37, 22, 18, 6, 3, 1, 1, 1]
(0, (0, 1, 0), (3, 1)): [128, 73, 44, 25, 10, 12, 3, 2, 1, 1]
(0, (0, 1, 0), (3, 2)): [228, 122, 49, 26, 16, 9, 5, 1, 2, 1, 1]
(0, (0, 1, 1), (0, 0)): [131, 157, 186, 92, 44, 22, 11, 6, 3, 1, 1, 1]
(0, (0, 1, 1), (0, 1)): [64, 61, 75, 38, 15, 10, 3, 2, 3, 1, 0, 1]
(0, (0, 1, 1), (0, 2)): [31, 24, 34, 15, 6, 3, 2, 0, 1, 0, 0, 1]
(0, (0, 1, 1), (1, 0)): [57, 78, 80, 41, 22, 10, 6, 4, 0, 0, 1]
(0, (0, 1, 1), (1, 1)): [59, 67, 52, 32, 18, 5, 2, 1]
(0, (0, 1, 1), (1, 2)): [52, 42, 35, 18, 11, 2, 3, 0, 1]
(0, (0, 1, 1), (2, 0)): [17, 26, 35, 18, 10, 6, 3, 3, 0, 0, 1]
(0, (0, 1, 1), (2, 1)): [22, 43, 41, 20, 11, 4, 2, 2, 0, 0, 1]
(0, (0, 1, 1), (2, 2)): [42, 43, 36, 24, 9, 3]
(0, (0, 1, 1), (3, 0)): [9, 10, 12, 7, 3, 2, 2, 2]
(0, (0, 1, 1), (3, 1)): [7, 16, 19, 10, 3, 2, 1, 1, 0, 0, 1]
(0, (0, 1, 1), (3, 2)): [19, 26, 25, 14, 2, 1, 1]
(0, (1, 0, 0), (0, 0)): [6513, 1791, 1354, 678, 361, 146, 59, 32, 10, 5, 3, 1]
(0, (1, 0, 0), (0, 1)): [3257, 818, 617, 308, 160, 71, 21, 12, 5, 3]
(0, (1, 0, 0), (0, 2)): [1366, 307, 241, 112, 49, 28, 6, 2, 3, 2]
(0, (1, 0, 0), (1, 0)): [2403, 744, 559, 284, 157, 55, 34, 14, 4, 2, 3, 1]
(0, (1, 0, 0), (1, 1)): [2425, 650, 487, 236, 138, 55, 28, 10, 3, 1, 2]
(0, (1, 0, 0), (1, 2)): [1745, 419, 315, 151, 80, 35, 15, 6, 4, 1, 1]
(0, (1, 0, 0), (2, 0)): [718, 253, 206, 105, 64, 18, 8, 4, 2, 2, 1, 1]
(0, (1, 0, 0), (2, 1)): [1164, 321, 265, 134, 80, 26, 20, 9, 1]
(0, (1, 0, 0), (2, 2)): [1343, 333, 254, 132, 61, 27, 22, 8, 4]
(0, (1, 0, 0), (3, 0)): [185, 95, 64, 36, 25, 6, 3, 0, 2, 1]
(0, (1, 0, 0), (3, 1)): [404, 174, 124, 67, 48, 15, 8, 3, 1]
(0, (1, 0, 0), (3, 2)): [671, 212, 163, 100, 61, 17, 19, 6, 3]
(0, (1, 0, 1), (0, 0)): [165, 376, 138, 141, 67, 27, 16, 8, 2, 0, 1]
(0, (1, 0, 1), (0, 1)): [83, 177, 55, 55, 33, 10, 9, 5, 1, 0, 1]
(0, (1, 0, 1), (0, 2)): [39, 76, 23, 16, 11, 5, 3, 3, 1]
(0, (1, 0, 1), (1, 0)): [68, 144, 61, 67, 23, 13, 5, 2, 1]
(0, (1, 0, 1), (1, 1)): [70, 128, 51, 49, 19, 8, 4, 1, 1]
(0, (1, 0, 1), (1, 2)): [52, 101, 38, 28, 13, 7, 2, 2, 2]
(0, (1, 0, 1), (2, 0)): [20, 55, 14, 26, 7, 6, 1, 2]
(0, (1, 0, 1), (2, 1)): [30, 61, 23, 25, 14, 6, 3, 1]
(0, (1, 0, 1), (2, 2)): [40, 73, 28, 30, 11, 8, 3, 1, 1]
(0, (1, 0, 1), (3, 0)): [8, 13, 2, 10, 3, 3, 0, 1]
(0, (1, 0, 1), (3, 1)): [12, 12, 8, 11, 7, 3, 1, 1]
(0, (1, 0, 1), (3, 2)): [22, 28, 22, 11, 9, 5, 2, 1, 1]
(0, (1, 1, 0), (0, 0)): [1085, 557, 396, 308, 191, 79, 25, 15, 5, 2, 1]
(0, (1, 1, 0), (0, 1)): [545, 248, 186, 143, 85, 34, 11, 6, 4, 1]
(0, (1, 1, 0), (0, 2)): [226, 110, 70, 56, 33, 11, 3, 2, 2]
(0, (1, 1, 0), (1, 0)): [382, 228, 148, 116, 76, 34, 11, 8, 1, 0, 1]
(0, (1, 1, 0), (1, 1)): [381, 202, 129, 118, 64, 21, 9, 6, 2]
(0, (1, 1, 0), (1, 2)): [294, 132, 103, 81, 46, 15, 6, 4]
(0, (1, 1, 0), (2, 0)): [125, 75, 58, 39, 34, 14, 6, 3, 0, 0, 1]
(0, (1, 1, 0), (2, 1)): [188, 113, 60, 60, 41, 17, 4, 3, 1]
(0, (1, 1, 0), (2, 2)): [247, 101, 58, 61, 44, 12, 5, 5]
(0, (1, 1, 0), (3, 0)): [31, 18, 20, 7, 12, 6, 2, 2, 0, 0, 1]
(0, (1, 1, 0), (3, 1)): [65, 48, 32, 25, 27, 9, 2, 2, 0, 0, 1]
(0, (1, 1, 0), (3, 2)): [114, 63, 35, 31, 29, 9, 7, 4]
(0, (1, 1, 1), (0, 0)): [125, 152, 123, 102, 107, 45, 19, 10, 3, 2, 1]
(0, (1, 1, 1), (0, 1)): [67, 68, 50, 40, 61, 22, 6, 6, 1]
(0, (1, 1, 1), (0, 2)): [29, 34, 25, 23, 26, 8, 4, 2]
(0, (1, 1, 1), (1, 0)): [48, 62, 53, 41, 33, 18, 12, 3, 2, 2, 1]
(0, (1, 1, 1), (1, 1)): [53, 51, 36, 27, 39, 21, 9, 4, 3, 2]
(0, (1, 1, 1), (1, 2)): [48, 29, 28, 27, 34, 14, 5, 2, 1, 1]
(0, (1, 1, 1), (2, 0)): [13, 24, 17, 19, 10, 6, 3, 2]
(0, (1, 1, 1), (2, 1)): [24, 30, 21, 17, 17, 6, 4, 4, 2]
(0, (1, 1, 1), (2, 2)): [28, 26, 20, 20, 23, 9, 4, 2, 1]
(0, (1, 1, 1), (3, 0)): [1, 6, 4, 8, 1, 4, 2, 1]
(0, (1, 1, 1), (3, 1)): [8, 12, 8, 8, 5, 5, 2, 3]
(0, (1, 1, 1), (3, 2)): [5, 20, 11, 11, 12, 9, 1, 4, 1]
(1, (0, 0, 0), (0, 0)): [28445, 3222, 1356, 519, 195, 79, 20, 16, 2, 3]
(1, (0, 0, 0), (0, 1)): [14999, 1556, 615, 230, 88, 41, 13, 5, 0, 1]
(1, (0, 0, 0), (0, 2)): [6426, 514, 204, 69, 39, 17, 5, 1]
(1, (0, 0, 0), (1, 0)): [10795, 1299, 588, 241, 85, 34, 4, 10, 2, 1]
(1, (0, 0, 0), (1, 1)): [11938, 1321, 564, 218, 72, 37, 9, 9, 0, 1]
(1, (0, 0, 0), (1, 2)): [9300, 796, 336, 119, 52, 27, 5, 4]
(1, (0, 0, 0), (2, 0)): [3515, 486, 221, 108, 33, 10, 1, 2, 2]
(1, (0, 0, 0), (2, 1)): [6036, 741, 318, 136, 44, 21, 2, 2]
(1, (0, 0, 0), (2, 2)): [7459, 725, 314, 137, 50, 24, 5, 4]
(1, (0, 0, 0), (3, 0)): [985, 150, 88, 45, 12, 2, 0, 1, 1]
(1, (0, 0, 0), (3, 1)): [2356, 327, 173, 73, 22, 13, 0, 2]
(1, (0, 0, 0), (3, 2)): [4045, 446, 244, 88, 31, 19, 3, 4]
(1, (0, 0, 1), (0, 0)): [623, 838, 187, 81, 34, 19, 10, 5, 1]
(1, (0, 0, 1), (0, 1)): [287, 368, 74, 32, 13, 1, 5, 3]
(1, (0, 0, 1), (0, 2)): [137, 131, 29, 9, 5, 1, 1]
(1, (0, 0, 1), (1, 0)): [278, 372, 82, 46, 17, 12, 3, 2, 1]
(1, (0, 0, 1), (1, 1)): [245, 321, 75, 34, 12, 2, 5, 4]
(1, (0, 0, 1), (1, 2)): [205, 180, 52, 20, 6, 1, 4, 1]
(1, (0, 0, 1), (2, 0)): [120, 140, 31, 17, 9, 8, 2, 1, 1]
(1, (0, 0, 1), (2, 1)): [133, 195, 41, 24, 7, 2, 2, 2]
(1, (0, 0, 1), (2, 2)): [184, 186, 45, 19, 5, 1, 4, 2]
(1, (0, 0, 1), (3, 0)): [57, 51, 14, 8, 6, 6, 2, 1, 1]
(1, (0, 0, 1), (3, 1)): [58, 79, 23, 12, 7, 2, 1, 1]
(1, (0, 0, 1), (3, 2)): [106, 117, 25, 19, 5, 2, 3, 1]
(1, (0, 1, 0), (0, 0)): [3231, 1242, 476, 220, 107, 28, 21, 6, 0, 3]
(1, (0, 1, 0), (0, 1)): [1572, 546, 229, 97, 44, 10, 10, 3, 0, 1]
(1, (0, 1, 0), (0, 2)): [674, 219, 88, 30, 21, 5, 3]
(1, (0, 1, 0), (1, 0)): [1367, 562, 200, 101, 54, 15, 10, 2, 0, 2]
(1, (0, 1, 0), (1, 1)): [1286, 493, 183, 104, 34, 8, 6, 3, 0, 1]
(1, (0, 1, 0), (1, 2)): [972, 321, 115, 53, 30, 6, 3]
(1, (0, 1, 0), (2, 0)): [558, 204, 81, 46, 25, 9, 5, 0, 0, 1]
(1, (0, 1, 0), (2, 1)): [728, 277, 112, 63, 24, 6, 5, 3]
(1, (0, 1, 0), (2, 2)): [793, 273, 112, 53, 26, 5, 3, 1]
(1, (0, 1, 0), (3, 0)): [212, 69, 35, 27, 14, 5, 1, 0, 0, 1]
(1, (0, 1, 0), (3, 1)): [328, 120, 48, 39, 15, 7, 4, 2]
(1, (0, 1, 0), (3, 2)): [516, 184, 66, 46, 20, 5, 6, 2]
(1, (0, 1, 1), (0, 0)): [545, 463, 344, 146, 73, 33, 11, 8, 1, 1]
(1, (0, 1, 1), (0, 1)): [265, 182, 155, 57, 33, 9, 4, 5, 0, 1]
(1, (0, 1, 1), (0, 2)): [136, 56, 73, 17, 13, 5, 2, 1]
(1, (0, 1, 1), (1, 0)): [246, 210, 137, 80, 28, 24, 6, 1]
(1, (0, 1, 1), (1, 1)): [214, 153, 111, 63, 23, 10, 3, 2, 0, 1]
(1, (0, 1, 1), (1, 2)): [191, 103, 96, 39, 15, 6, 1, 1, 0, 1]
(1, (0, 1, 1), (2, 0)): [117, 98, 60, 30, 15, 14, 4, 1]
(1, (0, 1, 1), (2, 1)): [108, 79, 64, 30, 10, 4, 2, 1]
(1, (0, 1, 1), (2, 2)): [139, 90, 82, 35, 10, 3, 1, 1]
(1, (0, 1, 1), (3, 0)): [81, 56, 29, 17, 14, 11, 4, 1]
(1, (0, 1, 1), (3, 1)): [45, 36, 20, 12, 6, 3, 1, 1]
(1, (0, 1, 1), (3, 2)): [80, 61, 36, 21, 9, 0, 1]
(1, (1, 0, 0), (0, 0)): [9891, 1458, 1272, 514, 194, 83, 26, 18, 3, 3]
(1, (1, 0, 0), (0, 1)): [4845, 650, 557, 218, 87, 37, 13, 10, 0, 1]
(1, (1, 0, 0), (0, 2)): [2098, 221, 199, 74, 31, 13, 5, 3, 0, 1]
(1, (1, 0, 0), (1, 0)): [3816, 604, 527, 237, 83, 37, 11, 5, 3, 2]
(1, (1, 0, 0), (1, 1)): [3681, 536, 444, 207, 65, 28, 11, 5, 1, 2]
(1, (1, 0, 0), (1, 2)): [2727, 325, 276, 124, 41, 20, 7, 2, 0, 1]
(1, (1, 0, 0), (2, 0)): [1242, 209, 174, 92, 34, 17, 4, 3, 2]
(1, (1, 0, 0), (2, 1)): [1765, 261, 232, 114, 45, 16, 10, 3, 0, 1]
(1, (1, 0, 0), (2, 2)): [2026, 256, 209, 113, 45, 15, 9, 2, 0, 2]
(1, (1, 0, 0), (3, 0)): [337, 66, 54, 43, 12, 6, 1, 1, 2]
(1, (1, 0, 0), (3, 1)): [660, 130, 98, 62, 25, 9, 3, 1, 1]
(1, (1, 0, 0), (3, 2)): [1030, 159, 135, 75, 34, 12, 7, 0, 0, 2]
(1, (1, 0, 1), (0, 0)): [776, 744, 258, 200, 81, 36, 14, 9, 2, 1]
(1, (1, 0, 1), (0, 1)): [368, 322, 100, 87, 31, 14, 4, 3, 0, 1]
(1, (1, 0, 1), (0, 2)): [165, 133, 38, 36, 13, 3, 1]
(1, (1, 0, 1), (1, 0)): [322, 291, 108, 82, 40, 14, 6, 5, 2]
(1, (1, 0, 1), (1, 1)): [285, 237, 75, 74, 32, 11, 3, 3, 1]
(1, (1, 0, 1), (1, 2)): [218, 161, 53, 45, 18, 5, 2, 1, 1]
(1, (1, 0, 1), (2, 0)): [120, 94, 37, 23, 11, 6, 3, 2, 1]
(1, (1, 0, 1), (2, 1)): [132, 111, 40, 34, 20, 5, 4, 2]
(1, (1, 0, 1), (2, 2)): [156, 113, 42, 35, 20, 3, 2, 0, 1]
(1, (1, 0, 1), (3, 0)): [55, 31, 15, 3, 7, 4, 1, 1]
(1, (1, 0, 1), (3, 1)): [56, 49, 17, 16, 8, 2, 2, 1]
(1, (1, 0, 1), (3, 2)): [82, 65, 23, 23, 14, 1, 3, 1, 1]
(1, (1, 1, 0), (0, 0)): [2767, 714, 506, 414, 187, 73, 27, 8, 5, 3]
(1, (1, 1, 0), (0, 1)): [1384, 326, 234, 199, 89, 40, 9, 2, 2, 2]
(1, (1, 1, 0), (0, 2)): [620, 134, 79, 79, 34, 11, 3, 0, 1]
(1, (1, 1, 0), (1, 0)): [1037, 305, 210, 168, 70, 23, 15, 5, 3, 1]
(1, (1, 1, 0), (1, 1)): [1017, 259, 192, 159, 64, 37, 10, 3, 2, 1]
(1, (1, 1, 0), (1, 2)): [798, 185, 122, 86, 48, 19, 9, 3, 2, 1]
(1, (1, 1, 0), (2, 0)): [348, 110, 69, 59, 26, 6, 7, 2, 0, 1]
(1, (1, 1, 0), (2, 1)): [502, 143, 103, 92, 35, 17, 4, 1, 1, 1]
(1, (1, 1, 0), (2, 2)): [615, 160, 104, 77, 39, 19, 6, 3, 3]
(1, (1, 1, 0), (3, 0)): [95, 38, 22, 15, 11, 0, 2]
(1, (1, 1, 0), (3, 1)): [176, 73, 51, 36, 21, 7, 2, 0, 0, 1]
(1, (1, 1, 0), (3, 2)): [300, 103, 73, 44, 31, 9, 1, 3, 2]
(1, (1, 1, 1), (0, 0)): [659, 408, 246, 164, 139, 55, 22, 9, 4, 2]
(1, (1, 1, 1), (0, 1)): [351, 175, 101, 72, 59, 20, 8, 4, 2, 2]
(1, (1, 1, 1), (0, 2)): [182, 67, 41, 33, 31, 9, 3, 1]
(1, (1, 1, 1), (1, 0)): [232, 166, 100, 69, 64, 28, 12, 2, 2]
(1, (1, 1, 1), (1, 1)): [238, 143, 82, 55, 44, 20, 9, 4, 0, 2]
(1, (1, 1, 1), (1, 2)): [231, 95, 50, 40, 33, 20, 4, 2, 0, 1]
(1, (1, 1, 1), (2, 0)): [64, 62, 36, 19, 21, 12, 4, 1, 1]
(1, (1, 1, 1), (2, 1)): [100, 78, 45, 24, 28, 10, 7, 1, 1, 1]
(1, (1, 1, 1), (2, 2)): [129, 73, 41, 25, 32, 15, 5, 2]
(1, (1, 1, 1), (3, 0)): [13, 26, 19, 9, 8, 6, 1, 1]
(1, (1, 1, 1), (3, 1)): [29, 39, 32, 12, 11, 5, 3, 0, 1, 1]
(1, (1, 1, 1), (3, 2)): [58, 59, 27, 15, 13, 9, 2]
(2, (0, 0, 0), (0, 0)): [25114, 1244, 367, 118, 52, 13, 2, 1]
(2, (0, 0, 0), (0, 1)): [12999, 542, 171, 46, 20, 6]
(2, (0, 0, 0), (0, 2)): [5515, 141, 51, 22, 3, 2]
(2, (0, 0, 0), (1, 0)): [9784, 534, 160, 62, 26, 6, 2, 1]
(2, (0, 0, 0), (1, 1)): [10641, 505, 160, 42, 24, 7]
(2, (0, 0, 0), (1, 2)): [7964, 255, 88, 28, 11, 3]
(2, (0, 0, 0), (2, 0)): [3260, 187, 65, 35, 12, 2, 2]
(2, (0, 0, 0), (2, 1)): [5526, 263, 105, 30, 18, 5]
(2, (0, 0, 0), (2, 2)): [6655, 254, 91, 28, 17, 3]
(2, (0, 0, 0), (3, 0)): [1021, 65, 25, 20, 4, 0, 1]
(2, (0, 0, 0), (3, 1)): [2265, 126, 62, 24, 6, 0, 1]
(2, (0, 0, 0), (3, 2)): [3795, 176, 87, 26, 14, 2, 1]
(2, (0, 0, 1), (0, 0)): [2072, 471, 134, 37, 17, 4, 3, 1]
(2, (0, 0, 1), (0, 1)): [963, 224, 55, 15, 6, 3, 1]
(2, (0, 0, 1), (0, 2)): [429, 72, 18, 6, 1, 1]
(2, (0, 0, 1), (1, 0)): [959, 195, 64, 21, 8, 1, 2, 1]
(2, (0, 0, 1), (1, 1)): [853, 191, 44, 18, 4, 2, 2]
(2, (0, 0, 1), (1, 2)): [646, 100, 35, 10, 2]
(2, (0, 0, 1), (2, 0)): [401, 70, 34, 7, 8, 0, 1, 1]
(2, (0, 0, 1), (2, 1)): [467, 110, 30, 11, 5, 1, 2]
(2, (0, 0, 1), (2, 2)): [563, 99, 41, 13, 5, 1]
(2, (0, 0, 1), (3, 0)): [203, 21, 12, 4, 4, 0, 1, 1]
(2, (0, 0, 1), (3, 1)): [216, 47, 14, 2, 1]
(2, (0, 0, 1), (3, 2)): [359, 61, 34, 8, 4]
(2, (0, 1, 0), (0, 0)): [5587, 1008, 328, 106, 40, 12, 8, 2]
(2, (0, 1, 0), (0, 1)): [2693, 443, 118, 37, 12, 5, 3]
(2, (0, 1, 0), (0, 2)): [1225, 150, 30, 12, 1, 2, 1]
(2, (0, 1, 0), (1, 0)): [2439, 438, 169, 61, 25, 6, 4, 2]
(2, (0, 1, 0), (1, 1)): [2202, 370, 144, 31, 15, 5, 4, 1]
(2, (0, 1, 0), (1, 2)): [1799, 207, 67, 15, 5, 3, 2]
(2, (0, 1, 0), (2, 0)): [1070, 187, 60, 38, 16, 3, 2, 1]
(2, (0, 1, 0), (2, 1)): [1256, 231, 71, 26, 12, 1, 3]
(2, (0, 1, 0), (2, 2)): [1557, 210, 72, 21, 11, 2, 1]
(2, (0, 1, 0), (3, 0)): [497, 79, 33, 25, 12, 3, 2, 1]
(2, (0, 1, 0), (3, 1)): [562, 104, 38, 20, 6, 1, 2]
(2, (0, 1, 0), (3, 2)): [946, 144, 45, 23, 8, 2, 2]
(2, (0, 1, 1), (0, 0)): [1425, 106, 231, 97, 40, 12, 1, 1]
(2, (0, 1, 1), (0, 1)): [681, 47, 89, 38, 14, 6, 0, 1]
(2, (0, 1, 1), (0, 2)): [331, 22, 33, 13, 4]
(2, (0, 1, 1), (1, 0)): [643, 57, 115, 50, 23, 4, 1]
(2, (0, 1, 1), (1, 1)): [564, 42, 83, 32, 15, 7, 0, 1]
(2, (0, 1, 1), (1, 2)): [490, 38, 45, 17, 11, 3]
(2, (0, 1, 1), (2, 0)): [290, 24, 49, 27, 14, 1, 1]
(2, (0, 1, 1), (2, 1)): [311, 22, 48, 23, 8, 3]
(2, (0, 1, 1), (2, 2)): [429, 37, 42, 14, 10, 2]
(2, (0, 1, 1), (3, 0)): [156, 15, 21, 18, 10, 1, 1]
(2, (0, 1, 1), (3, 1)): [126, 9, 23, 13, 4, 3]
(2, (0, 1, 1), (3, 2)): [256, 24, 33, 7, 6, 1]
(2, (1, 0, 0), (0, 0)): [12031, 736, 635, 196, 67, 19, 5, 1]
(2, (1, 0, 0), (0, 1)): [5915, 313, 260, 69, 22, 7, 0, 1]
(2, (1, 0, 0), (0, 2)): [2494, 101, 72, 21, 5, 3]
(2, (1, 0, 0), (1, 0)): [4709, 322, 267, 99, 33, 10, 4]
(2, (1, 0, 0), (1, 1)): [4577, 282, 226, 74, 25, 5, 2]
(2, (1, 0, 0), (1, 2)): [3396, 143, 124, 42, 12, 3]
(2, (1, 0, 0), (2, 0)): [1528, 120, 98, 41, 12, 5, 2]
(2, (1, 0, 0), (2, 1)): [2300, 157, 121, 46, 13, 6, 1]
(2, (1, 0, 0), (2, 2)): [2638, 136, 105, 36, 14, 3, 1]
(2, (1, 0, 0), (3, 0)): [447, 53, 32, 16, 4, 2, 1]
(2, (1, 0, 0), (3, 1)): [892, 88, 56, 39, 3, 4, 1]
(2, (1, 0, 0), (3, 2)): [1349, 104, 69, 32, 11, 2, 1]
(2, (1, 0, 1), (0, 0)): [2084, 383, 179, 116, 52, 10, 4, 4]
(2, (1, 0, 1), (0, 1)): [1028, 157, 71, 48, 18, 4, 3, 2]
(2, (1, 0, 1), (0, 2)): [467, 44, 31, 12, 6, 1, 0, 2]
(2, (1, 0, 1), (1, 0)): [837, 164, 86, 48, 26, 4, 1, 2]
(2, (1, 0, 1), (1, 1)): [795, 111, 58, 54, 19, 4, 3]
(2, (1, 0, 1), (1, 2)): [571, 64, 42, 20, 9, 1, 1]
(2, (1, 0, 1), (2, 0)): [265, 66, 35, 18, 11, 1, 0, 1]
(2, (1, 0, 1), (2, 1)): [398, 59, 39, 34, 13, 2, 2]
(2, (1, 0, 1), (2, 2)): [430, 51, 39, 21, 9, 1, 2]
(2, (1, 0, 1), (3, 0)): [87, 20, 17, 6, 5]
(2, (1, 0, 1), (3, 1)): [162, 25, 13, 19, 10, 1, 1]
(2, (1, 0, 1), (3, 2)): [241, 27, 18, 18, 10, 1, 1]
(2, (1, 1, 0), (0, 0)): [4477, 594, 318, 248, 95, 23, 7, 2, 0, 1]
(2, (1, 1, 0), (0, 1)): [2229, 259, 131, 104, 45, 6, 2, 0, 0, 1]
(2, (1, 1, 0), (0, 2)): [980, 84, 40, 34, 8, 2, 0, 0, 0, 1]
(2, (1, 1, 0), (1, 0)): [1764, 252, 149, 110, 39, 16, 3, 1]
(2, (1, 1, 0), (1, 1)): [1804, 210, 116, 88, 39, 11, 2]
(2, (1, 1, 0), (1, 2)): [1386, 124, 67, 56, 24, 3, 1]
(2, (1, 1, 0), (2, 0)): [573, 84, 59, 46, 18, 5, 2, 1]
(2, (1, 1, 0), (2, 1)): [919, 126, 79, 56, 24, 6, 1]
(2, (1, 1, 0), (2, 2)): [1108, 118, 71, 48, 18, 5, 1]
(2, (1, 1, 0), (3, 0)): [171, 27, 22, 16, 13, 2, 2, 1]
(2, (1, 1, 0), (3, 1)): [351, 52, 40, 28, 18, 4, 1]
(2, (1, 1, 0), (3, 2)): [558, 65, 45, 36, 19, 4, 2]
(2, (1, 1, 1), (0, 0)): [1503, 202, 200, 119, 116, 28, 11, 6, 1, 1]
(2, (1, 1, 1), (0, 1)): [837, 77, 87, 52, 44, 11, 7, 1, 0, 1]
(2, (1, 1, 1), (0, 2)): [396, 22, 31, 19, 20, 2, 2]
(2, (1, 1, 1), (1, 0)): [511, 109, 94, 52, 57, 14, 3, 5, 1]
(2, (1, 1, 1), (1, 1)): [587, 92, 67, 43, 34, 11, 6, 3, 0, 1]
(2, (1, 1, 1), (1, 2)): [494, 47, 39, 29, 19, 6, 4, 0, 0, 1]
(2, (1, 1, 1), (2, 0)): [153, 53, 35, 23, 28, 8, 0, 3, 1]
(2, (1, 1, 1), (2, 1)): [266, 62, 34, 28, 21, 8, 3, 3]
(2, (1, 1, 1), (2, 2)): [332, 54, 32, 27, 22, 5, 4, 3]
(2, (1, 1, 1), (3, 0)): [31, 33, 12, 10, 11, 5, 0, 2, 1]
(2, (1, 1, 1), (3, 1)): [93, 51, 20, 16, 13, 5, 1]
(2, (1, 1, 1), (3, 2)): [156, 53, 20, 21, 19, 6, 2, 1]
