(0, (0, 0, 0), (0, 0)): [22676, 4190, 1866, 830, 354, 151, 57, 27, 10, 1, 1]
(0, (0, 0, 0), (0, 1)): [1527, 239, 108, 45, 23, 5, 2, 0, 1]
(0, (0, 0, 0), (0, 2)): [635, 78, 35, 20, 4, 2, 1, 0, 1]
(0, (0, 0, 0), (1, 0)): [1354, 262, 112, 59, 14, 9, 5, 2, 1]
(0, (0, 0, 0), (1, 1)): [1217, 207, 83, 37, 19, 5, 0, 1]
(0, (0, 0, 0), (1, 2)): [920, 133, 51, 26, 13, 3, 1, 0, 1]
(0, (0, 0, 0), (2, 0)): [442, 90, 53, 31, 4, 4, 4, 1, 1]
(0, (0, 0, 0), (2, 1)): [599, 125, 61, 30, 10, 2, 1, 1]
(0, (0, 0, 0), (2, 2)): [659, 117, 53, 28, 12, 3, 0, 0, 1]
(0, (0, 0, 0), (3, 0)): [127, 28, 19, 13, 1, 2, 2, 1, 1]
(0, (0, 0, 0), (3, 1)): [219, 57, 30, 15, 3, 2, 3, 1, 1]
(0, (0, 0, 0), (3, 2)): [327, 61, 40, 14, 8, 3, 0, 0, 1]
(0, (0, 0, 1), (0, 0)): [97, 237, 56, 33, 16, 9, 2]
(0, (0, 0, 1), (0, 1)): [8, 22, 3, 1]
(0, (0, 0, 1), (0, 2)): [3, 9]
(0, (0, 0, 1), (1, 0)): [4, 13, 5, 0, 1]
(0, (0, 0, 1), (1, 1)): [6, 14, 4, 1]
(0, (0, 0, 1), (1, 2)): [4, 12, 1]
(0, (0, 0, 1), (2, 0)): [1, 6, 2]
(0, (0, 0, 1), (2, 1)): [2, 9, 3, 1]
(0, (0, 0, 1), (2, 2)): [6, 11, 2]
(0, (0, 0, 1), (3, 0)): [1, 2]
(0, (0, 0, 1), (3, 1)): [0, 2]
(0, (0, 0, 1), (3, 2)): [2, 4, 2]
(0, (0, 1, 0), (0, 0)): [791, 616, 265, 123, 56, 21, 9, 8, 3, 1]
(0, (0, 1, 0), (0, 1)): [54, 54, 13, 10, 3, 2, 0, 0, 1]
(0, (0, 1, 0), (0, 2)): [23, 17, 3, 4, 1, 1, 0, 0, 1]
(0, (0, 1, 0), (1, 0)): [37, 29, 20, 7, 2, 1, 0, 1]
(0, (0, 1, 0), (1, 1)): [40, 35, 15, 8, 3, 1]
(0, (0, 1, 0), (1, 2)): [33, 20, 4, 8, 1, 0, 0, 0, 1]
(0, (0, 1, 0), (2, 0)): [11, 10, 10, 1, 1, 1]
(0, (0, 1, 0), (2, 1)): [20, 21, 14, 3, 1, 1]
(0, (0, 1, 0), (2, 2)): [21, 20, 8, 8, 1, 0, 0, 0, 1]
(0, (0, 1, 0), (3, 0)): [2, 4, 4, 0, 1]
(0, (0, 1, 0), (3, 1)): [6, 6, 7, 0, 1]
(0, (0, 1, 0), (3, 2)): [13, 11, 8, 4, 2]
(0, (0, 1, 1), (0, 0)): [78, 78, 114, 59, 29, 14, 4, 1, 0, 0, 1]
(0, (0, 1, 1), (0, 1)): [3, 2, 7, 2, 2, 2]
(0, (0, 1, 1), (0, 2)): [2, 0, 4, 1, 1, 1]
(0, (0, 1, 1), (1, 0)): [2, 7, 5, 4, 0, 2, 1]
(0, (0, 1, 1), (1, 1)): [2, 6, 5, 1, 1, 1]
(0, (0, 1, 1), (1, 2)): [3, 4, 4, 1, 1, 1]
(0, (0, 1, 1), (2, 0)): [1, 3, 3, 3, 0, 2, 1]
(0, (0, 1, 1), (2, 1)): [1, 2, 2, 1]
(0, (0, 1, 1), (2, 2)): [3, 3, 1, 1, 0, 1]
(0, (0, 1, 1), (3, 0)): [0, 2, 2, 1, 0, 2, 1]
(0, (0, 1, 1), (3, 1)): [0, 2, 1]
(0, (0, 1, 1), (3, 2)): [1, 2, 1]
(0, (1, 0, 0), (0, 0)): [4604, 1361, 888, 423, 195, 90, 33, 14, 7, 0, 1]
(0, (1, 0, 0), (0, 1)): [311, 81, 43, 27, 7, 4, 2, 0, 1]
(0, (1, 0, 0), (0, 2)): [128, 25, 10, 10, 1, 1, 1, 0, 1]
(0, (1, 0, 0), (1, 0)): [246, 72, 62, 23, 9, 3, 2, 2, 1]
(0, (1, 0, 0), (1, 1)): [216, 57, 40, 18, 12, 4, 0, 1, 1]
(0, (1, 0, 0), (1, 2)): [144, 33, 23, 16, 3, 1, 1, 1]
(0, (1, 0, 0), (2, 0)): [82, 25, 24, 7, 0, 0, 1]
(0, (1, 0, 0), (2, 1)): [108, 30, 22, 8, 7, 1, 1]
(0, (1, 0, 0), (2, 2)): [93, 22, 15, 7, 3, 1, 1, 1]
(0, (1, 0, 0), (3, 0)): [21, 8, 8, 5]
(0, (1, 0, 0), (3, 1)): [52, 13, 8, 5, 1]
(0, (1, 0, 0), (3, 2)): [51, 11, 5, 4, 2, 0, 0, 1]
(0, (1, 0, 1), (0, 0)): [114, 314, 114, 76, 39, 19, 5, 7]
(0, (1, 0, 1), (0, 1)): [6, 17, 5, 5, 1, 1, 0, 1]
(0, (1, 0, 1), (0, 2)): [2, 4, 2, 2]
(0, (1, 0, 1), (1, 0)): [4, 16, 6, 4, 2, 1]
(0, (1, 0, 1), (1, 1)): [5, 10, 4, 4, 0, 2]
(0, (1, 0, 1), (1, 2)): [5, 5, 2, 3, 0, 2]
(0, (1, 0, 1), (2, 0)): [1, 9, 3, 1, 1]
(0, (1, 0, 1), (2, 1)): [1, 4, 3, 1]
(0, (1, 0, 1), (2, 2)): [3, 5, 1, 3, 0, 1]
(0, (1, 0, 1), (3, 0)): [0, 6, 1, 1, 1]
(0, (1, 0, 1), (3, 1)): [0, 4, 2]
(0, (1, 0, 1), (3, 2)): [0, 1, 2, 0, 0, 1]
(0, (1, 1, 0), (0, 0)): [601, 335, 244, 186, 75, 53, 20, 8, 3, 0, 1]
(0, (1, 1, 0), (0, 1)): [39, 21, 19, 11, 6, 4, 1, 0, 1]
(0, (1, 1, 0), (0, 2)): [23, 8, 7, 4, 1, 1]
(0, (1, 1, 0), (1, 0)): [24, 16, 11, 9, 1, 2, 1, 1]
(0, (1, 1, 0), (1, 1)): [19, 14, 14, 10, 4, 3, 2, 0, 1]
(0, (1, 1, 0), (1, 2)): [17, 8, 4, 5, 3, 0, 1]
(0, (1, 1, 0), (2, 0)): [8, 4, 1, 2, 0, 1]
(0, (1, 1, 0), (2, 1)): [10, 6, 3, 4, 1, 1, 0, 0, 1]
(0, (1, 1, 0), (2, 2)): [9, 4, 2, 4, 3]
(0, (1, 1, 0), (3, 0)): [1, 1, 0, 1]
(0, (1, 1, 0), (3, 1)): [1, 3, 1, 3, 0, 1, 0, 0, 1]
(0, (1, 1, 0), (3, 2)): [4, 3, 2, 3, 3, 1]
(0, (1, 1, 1), (0, 0)): [51, 92, 77, 62, 48, 27, 13, 4, 1, 0, 1]
(0, (1, 1, 1), (0, 1)): [3, 7, 1, 1, 5, 1, 0, 0, 1]
(0, (1, 1, 1), (0, 2)): [0, 2, 0, 1, 3, 0, 0, 0, 1]
(0, (1, 1, 1), (1, 0)): [2, 2, 3, 6, 1]
(0, (1, 1, 1), (1, 1)): [3, 3, 2, 4, 2, 1]
(0, (1, 1, 1), (1, 2)): [2, 3, 0, 1, 1, 0, 0, 0, 1]
(0, (1, 1, 1), (2, 0)): [0, 1]
(0, (1, 1, 1), (2, 1)): [1, 2, 0, 3, 0, 1]
(0, (1, 1, 1), (2, 2)): [0, 1, 0, 2]
(0, (1, 1, 1), (3, 0)): [0, 1]
(0, (1, 1, 1), (3, 2)): [0, 0, 0, 2]
(1, (0, 0, 0), (0, 0)): [18734, 1956, 766, 286, 112, 35, 13, 6, 2]
(1, (0, 0, 0), (0, 1)): [1246, 117, 49, 14, 4, 3]
(1, (0, 0, 0), (0, 2)): [512, 37, 17, 6, 1]
(1, (0, 0, 0), (1, 0)): [1156, 131, 43, 19, 5, 2, 1]
(1, (0, 0, 0), (1, 1)): [1002, 100, 36, 8, 4, 3]
(1, (0, 0, 0), (1, 2)): [700, 61, 18, 8, 2, 2]
(1, (0, 0, 0), (2, 0)): [411, 45, 15, 9, 2, 0, 1]
(1, (0, 0, 0), (2, 1)): [572, 47, 20, 3, 2, 1, 1]
(1, (0, 0, 0), (2, 2)): [559, 46, 17, 2, 1, 3, 1]
(1, (0, 0, 0), (3, 0)): [124, 17, 5, 7, 1]
(1, (0, 0, 0), (3, 1)): [255, 20, 13, 4, 3]
(1, (0, 0, 0), (3, 2)): [314, 28, 10, 3, 2, 0, 1]
(1, (0, 0, 1), (0, 0)): [452, 548, 113, 49, 17, 11, 2]
(1, (0, 0, 1), (0, 1)): [31, 37, 7, 3, 1]
(1, (0, 0, 1), (0, 2)): [17, 13, 3]
(1, (0, 0, 1), (1, 0)): [29, 39, 8, 5, 2, 2]
(1, (0, 0, 1), (1, 1)): [23, 37, 6, 4, 1]
(1, (0, 0, 1), (1, 2)): [17, 23, 3, 0, 1]
(1, (0, 0, 1), (2, 0)): [14, 13, 3, 0, 1, 1]
(1, (0, 0, 1), (2, 1)): [16, 19, 3, 1, 0, 1]
(1, (0, 0, 1), (2, 2)): [12, 17, 4, 0, 1]
(1, (0, 0, 1), (3, 0)): [7, 5, 2]
(1, (0, 0, 1), (3, 1)): [8, 10, 2, 0, 0, 1]
(1, (0, 0, 1), (3, 2)): [5, 10, 3, 0, 1]
(1, (0, 1, 0), (0, 0)): [2270, 928, 340, 133, 65, 16, 2, 3, 2]
(1, (0, 1, 0), (0, 1)): [169, 58, 16, 7, 3]
(1, (0, 1, 0), (0, 2)): [71, 24, 4, 4, 2]
(1, (0, 1, 0), (1, 0)): [149, 77, 23, 14, 3, 1]
(1, (0, 1, 0), (1, 1)): [132, 47, 14, 5, 2]
(1, (0, 1, 0), (1, 2)): [86, 32, 8, 5, 2]
(1, (0, 1, 0), (2, 0)): [60, 37, 11, 3]
(1, (0, 1, 0), (2, 1)): [72, 31, 7, 4]
(1, (0, 1, 0), (2, 2)): [77, 27, 10, 2, 2]
(1, (0, 1, 0), (3, 0)): [35, 15, 4, 1]
(1, (0, 1, 0), (3, 1)): [34, 11, 4, 1]
(1, (0, 1, 0), (3, 2)): [51, 17, 7, 0, 1]
(1, (0, 1, 1), (0, 0)): [387, 230, 212, 90, 52, 22, 8, 0, 2]
(1, (0, 1, 1), (0, 1)): [15, 13, 11, 2, 1, 3]
(1, (0, 1, 1), (0, 2)): [8, 6, 2, 0, 0, 1]
(1, (0, 1, 1), (1, 0)): [35, 27, 14, 6, 4, 2, 2]
(1, (0, 1, 1), (1, 1)): [13, 11, 9, 1, 1]
(1, (0, 1, 1), (1, 2)): [11, 11, 4, 0, 0, 1]
(1, (0, 1, 1), (2, 0)): [24, 17, 8, 6, 4, 2, 1]
(1, (0, 1, 1), (2, 1)): [5, 8, 7, 2, 1, 0, 1]
(1, (0, 1, 1), (2, 2)): [9, 6, 8, 2, 0, 0, 1]
(1, (0, 1, 1), (3, 0)): [22, 11, 6, 4, 4, 2]
(1, (0, 1, 1), (3, 1)): [3, 7, 1, 1, 1, 1]
(1, (0, 1, 1), (3, 2)): [5, 6, 5, 2]
(1, (1, 0, 0), (0, 0)): [6693, 1001, 676, 294, 137, 33, 18, 6, 1]
(1, (1, 0, 0), (0, 1)): [424, 54, 35, 14, 11]
(1, (1, 0, 0), (0, 2)): [163, 15, 13, 5, 2]
(1, (1, 0, 0), (1, 0)): [401, 73, 43, 25, 5, 2, 1]
(1, (1, 0, 0), (1, 1)): [357, 52, 29, 14, 6, 0, 1]
(1, (1, 0, 0), (1, 2)): [228, 29, 15, 5, 3]
(1, (1, 0, 0), (2, 0)): [119, 23, 20, 13, 0, 2]
(1, (1, 0, 0), (2, 1)): [170, 29, 21, 12, 1, 0, 1]
(1, (1, 0, 0), (2, 2)): [178, 20, 14, 5, 1]
(1, (1, 0, 0), (3, 0)): [34, 5, 6, 6, 0, 2]
(1, (1, 0, 0), (3, 1)): [65, 11, 14, 4, 1, 1]
(1, (1, 0, 0), (3, 2)): [97, 9, 12, 1, 1]
(1, (1, 0, 1), (0, 0)): [527, 529, 183, 107, 62, 22, 8, 4, 0, 1]
(1, (1, 0, 1), (0, 1)): [37, 27, 8, 5, 3, 1]
(1, (1, 0, 1), (0, 2)): [20, 6, 2, 1, 1, 1]
(1, (1, 0, 1), (1, 0)): [36, 28, 13, 6, 4]
(1, (1, 0, 1), (1, 1)): [33, 24, 8, 4, 3]
(1, (1, 0, 1), (1, 2)): [24, 10, 4, 2, 2]
(1, (1, 0, 1), (2, 0)): [12, 7, 7]
(1, (1, 0, 1), (2, 1)): [16, 10, 4]
(1, (1, 0, 1), (2, 2)): [19, 10, 2, 1, 2]
(1, (1, 0, 1), (3, 0)): [5, 4, 2]
(1, (1, 0, 1), (3, 1)): [4, 3, 2]
(1, (1, 0, 1), (3, 2)): [9, 3, 2, 0, 1]
(1, (1, 1, 0), (0, 0)): [1697, 516, 308, 231, 96, 28, 12, 5, 2]
(1, (1, 1, 0), (0, 1)): [123, 31, 17, 19, 2, 1]
(1, (1, 1, 0), (0, 2)): [55, 16, 5, 8]
(1, (1, 1, 0), (1, 0)): [110, 33, 25, 13, 4, 1]
(1, (1, 1, 0), (1, 1)): [86, 19, 17, 9, 1]
(1, (1, 1, 0), (1, 2)): [70, 13, 9, 6]
(1, (1, 1, 0), (2, 0)): [40, 14, 11, 4, 2]
(1, (1, 1, 0), (2, 1)): [44, 12, 12, 4]
(1, (1, 1, 0), (2, 2)): [46, 12, 5, 4]
(1, (1, 1, 0), (3, 0)): [10, 6, 2, 0, 1]
(1, (1, 1, 0), (3, 1)): [19, 7, 5, 2, 1]
(1, (1, 1, 0), (3, 2)): [24, 6, 6, 3]
(1, (1, 1, 1), (0, 0)): [375, 251, 152, 98, 78, 27, 12, 1, 3]
(1, (1, 1, 1), (0, 1)): [35, 17, 9, 4, 4, 0, 1]
(1, (1, 1, 1), (0, 2)): [22, 7, 3, 0, 2]
(1, (1, 1, 1), (1, 0)): [22, 14, 9, 3, 5, 2]
(1, (1, 1, 1), (1, 1)): [22, 11, 8, 4, 2, 1, 1]
(1, (1, 1, 1), (1, 2)): [21, 4, 6, 1, 2, 1, 1]
(1, (1, 1, 1), (2, 0)): [8, 7, 3, 0, 2, 1]
(1, (1, 1, 1), (2, 1)): [13, 9, 6, 2, 3]
(1, (1, 1, 1), (2, 2)): [12, 9, 3, 2, 2]
(1, (1, 1, 1), (3, 0)): [0, 3, 0, 0, 0, 1]
(1, (1, 1, 1), (3, 1)): [1, 5, 2, 0, 0, 1]
(1, (1, 1, 1), (3, 2)): [2, 3, 2, 1, 1, 1]
(2, (0, 0, 0), (0, 0)): [16322, 734, 239, 68, 20, 6, 0, 1]
(2, (0, 0, 0), (0, 1)): [1059, 39, 17, 2, 1]
(2, (0, 0, 0), (0, 2)): [426, 14, 6]
(2, (0, 0, 0), (1, 0)): [991, 54, 21, 6, 1]
(2, (0, 0, 0), (1, 1)): [835, 44, 19, 3, 1]
(2, (0, 0, 0), (1, 2)): [603, 16, 11]
(2, (0, 0, 0), (2, 0)): [383, 18, 8, 4, 1]
(2, (0, 0, 0), (2, 1)): [488, 30, 12, 3]
(2, (0, 0, 0), (2, 2)): [481, 17, 11, 1]
(2, (0, 0, 0), (3, 0)): [109, 8, 2, 2, 1]
(2, (0, 0, 0), (3, 1)): [202, 15, 6, 3, 1]
(2, (0, 0, 0), (3, 2)): [278, 14, 13, 1, 1]
(2, (0, 0, 1), (0, 0)): [1218, 340, 60, 23, 10, 1, 0, 1]
(2, (0, 0, 1), (0, 1)): [94, 25, 1, 1, 2]
(2, (0, 0, 1), (0, 2)): [42, 11, 0, 1]
(2, (0, 0, 1), (1, 0)): [86, 35, 2, 2, 1]
(2, (0, 0, 1), (1, 1)): [75, 22, 1, 1, 1]
(2, (0, 0, 1), (1, 2)): [59, 15, 1]
(2, (0, 0, 1), (2, 0)): [34, 10, 2, 1]
(2, (0, 0, 1), (2, 1)): [40, 11, 2, 1, 1]
(2, (0, 0, 1), (2, 2)): [47, 7, 3]
(2, (0, 0, 1), (3, 0)): [20, 5]
(2, (0, 0, 1), (3, 1)): [19, 5, 0, 1, 1]
(2, (0, 0, 1), (3, 2)): [30, 2, 1, 1]
(2, (0, 1, 0), (0, 0)): [3542, 686, 190, 76, 30, 5, 0, 1]
(2, (0, 1, 0), (0, 1)): [244, 40, 9, 2, 1]
(2, (0, 1, 0), (0, 2)): [100, 11, 1, 1]
(2, (0, 1, 0), (1, 0)): [303, 51, 17, 12, 1, 1]
(2, (0, 1, 0), (1, 1)): [232, 36, 7, 2]
(2, (0, 1, 0), (1, 2)): [155, 22, 4, 2]
(2, (0, 1, 0), (2, 0)): [137, 25, 14, 9, 1, 1]
(2, (0, 1, 0), (2, 1)): [125, 23, 5, 3, 0, 1]
(2, (0, 1, 0), (2, 2)): [113, 20, 5, 5, 0, 1]
(2, (0, 1, 0), (3, 0)): [91, 10, 10, 7, 1]
(2, (0, 1, 0), (3, 1)): [54, 10, 7, 1]
(2, (0, 1, 0), (3, 2)): [69, 17, 8, 4]
(2, (0, 1, 1), (0, 0)): [772, 62, 174, 36, 18, 3]
(2, (0, 1, 1), (0, 1)): [43, 4, 7, 1]
(2, (0, 1, 1), (0, 2)): [18, 3, 1]
(2, (0, 1, 1), (1, 0)): [59, 5, 15, 4, 2, 1]
(2, (0, 1, 1), (1, 1)): [45, 3, 10, 2, 1]
(2, (0, 1, 1), (1, 2)): [33, 2, 3]
(2, (0, 1, 1), (2, 0)): [30, 2, 6, 3, 1, 1]
(2, (0, 1, 1), (2, 1)): [29, 1, 7, 1, 1]
(2, (0, 1, 1), (2, 2)): [30, 2, 4, 1, 1]
(2, (0, 1, 1), (3, 0)): [17, 1, 3, 3, 1, 1]
(2, (0, 1, 1), (3, 1)): [14, 0, 2, 1]
(2, (0, 1, 1), (3, 2)): [19, 2, 1, 2, 1]
(2, (1, 0, 0), (0, 0)): [8070, 469, 369, 115, 35, 6, 2, 1]
(2, (1, 0, 0), (0, 1)): [504, 27, 23, 4, 2]
(2, (1, 0, 0), (0, 2)): [213, 5, 9, 1, 1]
(2, (1, 0, 0), (1, 0)): [446, 30, 24, 10]
(2, (1, 0, 0), (1, 1)): [384, 27, 17, 5, 1]
(2, (1, 0, 0), (1, 2)): [295, 12, 13, 2, 1]
(2, (1, 0, 0), (2, 0)): [130, 8, 8, 7]
(2, (1, 0, 0), (2, 1)): [167, 4, 8, 3]
(2, (1, 0, 0), (2, 2)): [177, 11, 13, 1]
(2, (1, 0, 0), (3, 0)): [43, 5, 2, 6]
(2, (1, 0, 0), (3, 1)): [80, 5, 3, 4]
(2, (1, 0, 0), (3, 2)): [94, 6, 9, 4]
(2, (1, 0, 1), (0, 0)): [1312, 295, 122, 79, 27, 6, 2, 5]
(2, (1, 0, 1), (0, 1)): [96, 23, 11, 2, 1]
(2, (1, 0, 1), (0, 2)): [42, 5, 3]
(2, (1, 0, 1), (1, 0)): [70, 17, 5, 7, 1, 1]
(2, (1, 0, 1), (1, 1)): [63, 15, 7, 5, 1, 1]
(2, (1, 0, 1), (1, 2)): [47, 6, 2, 2, 1, 1]
(2, (1, 0, 1), (2, 0)): [24, 6, 3, 2]
(2, (1, 0, 1), (2, 1)): [37, 7, 4, 2]
(2, (1, 0, 1), (2, 2)): [35, 2, 0, 2, 0, 1]
(2, (1, 0, 1), (3, 0)): [8, 2, 1]
(2, (1, 0, 1), (3, 1)): [13, 3, 4]
(2, (1, 0, 1), (3, 2)): [18, 2, 3, 2, 0, 1]
(2, (1, 1, 0), (0, 0)): [3110, 449, 204, 174, 49, 10, 4, 1]
(2, (1, 1, 0), (0, 1)): [218, 26, 9, 8, 1]
(2, (1, 1, 0), (0, 2)): [100, 8, 3, 2]
(2, (1, 1, 0), (1, 0)): [159, 22, 13, 15, 2, 1]
(2, (1, 1, 0), (1, 1)): [150, 22, 7, 13, 2]
(2, (1, 1, 0), (1, 2)): [118, 16, 2, 5, 1]
(2, (1, 1, 0), (2, 0)): [53, 9, 3, 1, 1]
(2, (1, 1, 0), (2, 1)): [64, 8, 6, 7]
(2, (1, 1, 0), (2, 2)): [86, 11, 2, 7, 1]
(2, (1, 1, 0), (3, 0)): [23, 3, 1, 1]
(2, (1, 1, 0), (3, 1)): [28, 5, 2, 2]
(2, (1, 1, 0), (3, 2)): [36, 3, 3, 4, 1]
(2, (1, 1, 1), (0, 0)): [863, 106, 142, 61, 58, 12, 3, 4]
(2, (1, 1, 1), (0, 1)): [57, 4, 11, 6, 3]
(2, (1, 1, 1), (0, 2)): [32, 0, 4, 2, 1]
(2, (1, 1, 1), (1, 0)): [55, 14, 6, 4, 5, 1]
(2, (1, 1, 1), (1, 1)): [49, 8, 7, 6, 4]
(2, (1, 1, 1), (1, 2)): [40, 2, 4, 3]
(2, (1, 1, 1), (2, 0)): [15, 5, 2, 0, 2, 1]
(2, (1, 1, 1), (2, 1)): [20, 7, 4, 3, 4, 1]
(2, (1, 1, 1), (2, 2)): [24, 3, 3, 5, 2]
(2, (1, 1, 1), (3, 0)): [5, 4, 1]
(2, (1, 1, 1), (3, 1)): [9, 4, 2, 0, 2]
(2, (1, 1, 1), (3, 2)): [12, 4, 2, 3]
