(0, (0, 0, 0), (0, 0)): [33131, 6742, 3161, 1482, 701, 312, 135, 52, 11, 9, 7, 3, 0, 2]
(0, (0, 0, 0), (0, 1)): [16698, 3423, 1621, 750, 340, 153, 66, 32, 8, 4, 2, 3, 0, 2]
(0, (0, 0, 0), (0, 2)): [7239, 1505, 719, 316, 143, 69, 30, 10, 3, 2, 0, 1, 0, 2]
(0, (0, 0, 0), (1, 0)): [12249, 2467, 1131, 562, 266, 113, 54, 15, 2, 4, 4]
(0, (0, 0, 0), (1, 1)): [13453, 2759, 1256, 604, 297, 117, 51, 22, 4, 4, 2, 1]
(0, (0, 0, 0), (1, 2)): [9928, 1986, 933, 442, 224, 101, 45, 18, 4, 4, 1, 2, 0, 1]
(0, (0, 0, 0), (2, 0)): [3152, 653, 288, 154, 62, 38, 12, 5]
(0, (0, 0, 0), (2, 1)): [6199, 1300, 622, 291, 122, 57, 22, 11, 0, 1, 1]
(0, (0, 0, 0), (2, 2)): [7832, 1596, 737, 350, 147, 60, 34, 19, 3, 3, 2]
(0, (0, 0, 0), (3, 0)): [611, 107, 50, 31, 10, 4, 1, 1]
(0, (0, 0, 0), (3, 1)): [1690, 346, 176, 89, 34, 19, 4, 3]
(0, (0, 0, 0), (3, 2)): [3317, 679, 335, 162, 56, 34, 18, 8, 1, 3, 1]
(0, (0, 0, 1), (0, 0)): [93, 259, 70, 40, 25, 14, 7, 0, 2, 1, 1]
(0, (0, 0, 1), (0, 1)): [41, 123, 35, 12, 11, 8, 5, 0, 1, 1]
(0, (0, 0, 1), (0, 2)): [17, 50, 17, 3, 5, 1, 4]
(0, (0, 0, 1), (1, 0)): [43, 105, 30, 24, 11, 5, 1, 0, 1, 0, 1]
(0, (0, 0, 1), (1, 1)): [36, 103, 34, 16, 10, 6, 2, 0, 2, 0, 1]
(0, (0, 0, 1), (1, 2)): [28, 72, 22, 12, 9, 4, 3, 0, 1, 0, 1]
(0, (0, 0, 1), (2, 0)): [10, 28, 6, 9, 3, 2]
(0, (0, 0, 1), (2, 1)): [14, 47, 15, 11, 3, 5, 1]
(0, (0, 0, 1), (2, 2)): [21, 57, 12, 12, 2, 2, 1, 0, 1, 0, 1]
(0, (0, 0, 1), (3, 0)): [1, 9, 0, 1, 2]
(0, (0, 0, 1), (3, 1)): [3, 15, 4, 4, 2, 2]
(0, (0, 0, 1), (3, 2)): [7, 25, 3, 4, 0, 2, 0, 0, 1]
(0, (0, 1, 0), (0, 0)): [1324, 1224, 462, 265, 134, 41, 23, 10, 0, 1, 1, 3]
(0, (0, 1, 0), (0, 1)): [666, 626, 231, 154, 68, 24, 14, 5, 0, 0, 1, 3]
(0, (0, 1, 0), (0, 2)): [298, 282, 108, 59, 35, 9, 5, 3, 0, 0, 0, 1]
(0, (0, 1, 0), (1, 0)): [520, 448, 173, 85, 44, 15, 6, 3, 0, 1]
(0, (0, 1, 0), (1, 1)): [532, 488, 176, 119, 52, 16, 9, 5, 0, 1, 1, 1]
(0, (0, 1, 0), (1, 2)): [405, 355, 117, 89, 52, 19, 8, 5, 0, 1, 1, 2]
(0, (0, 1, 0), (2, 0)): [140, 117, 51, 15, 10, 6, 3]
(0, (0, 1, 0), (2, 1)): [253, 230, 99, 45, 20, 8, 4, 3]
(0, (0, 1, 0), (2, 2)): [315, 276, 112, 68, 35, 12, 8, 6, 0, 1]
(0, (0, 1, 0), (3, 0)): [26, 18, 5, 3, 1]
(0, (0, 1, 0), (3, 1)): [75, 60, 19, 10, 5, 1]
(0, (0, 1, 0), (3, 2)): [138, 119, 53, 28, 13, 5, 5, 2]
(0, (0, 1, 1), (0, 0)): [102, 171, 208, 99, 53, 24, 14, 3, 3, 2, 1]
(0, (0, 1, 1), (0, 1)): [55, 91, 109, 45, 28, 12, 4, 2, 2, 1, 1]
(0, (0, 1, 1), (0, 2)): [25, 39, 46, 20, 17, 5, 1, 0, 1, 1]
(0, (0, 1, 1), (1, 0)): [35, 67, 70, 36, 18, 5, 8, 1, 1, 1]
(0, (0, 1, 1), (1, 1)): [39, 75, 93, 40, 23, 7, 8, 2, 1, 1]
(0, (0, 1, 1), (1, 2)): [30, 60, 63, 25, 21, 8, 6, 2, 1, 2]
(0, (0, 1, 1), (2, 0)): [7, 16, 18, 7, 3, 1, 2]
(0, (0, 1, 1), (2, 1)): [15, 31, 45, 19, 8, 1, 4]
(0, (0, 1, 1), (2, 2)): [20, 38, 39, 15, 10, 5, 6, 2, 1, 2]
(0, (0, 1, 1), (3, 0)): [1, 3, 4, 2, 1]
(0, (0, 1, 1), (3, 1)): [7, 12, 14, 9, 1]
(0, (0, 1, 1), (3, 2)): [8, 20, 23, 11, 4, 1, 2, 1, 0, 2]
(0, (1, 0, 0), (0, 0)): [6625, 1960, 1435, 713, 383, 169, 73, 33, 6, 5, 4, 0, 0, 2]
(0, (1, 0, 0), (0, 1)): [3346, 993, 738, 352, 193, 86, 31, 23, 4, 4, 1, 0, 0, 2]
(0, (1, 0, 0), (0, 2)): [1416, 445, 320, 150, 76, 47, 11, 6, 2, 2, 0, 0, 0, 2]
(0, (1, 0, 0), (1, 0)): [2424, 724, 525, 274, 146, 58, 34, 8, 1, 1, 2]
(0, (1, 0, 0), (1, 1)): [2689, 809, 586, 285, 157, 60, 28, 14, 2, 2]
(0, (1, 0, 0), (1, 2)): [1989, 563, 428, 209, 126, 56, 25, 12, 2, 4, 0, 0, 0, 1]
(0, (1, 0, 0), (2, 0)): [612, 181, 137, 80, 40, 16, 8, 3]
(0, (1, 0, 0), (2, 1)): [1183, 382, 288, 141, 71, 25, 11, 4]
(0, (1, 0, 0), (2, 2)): [1500, 439, 330, 166, 83, 33, 23, 12, 1, 2]
(0, (1, 0, 0), (3, 0)): [130, 33, 21, 16, 5, 3, 1, 1]
(0, (1, 0, 0), (3, 1)): [345, 105, 83, 40, 16, 8, 3, 1]
(0, (1, 0, 0), (3, 2)): [661, 187, 149, 76, 31, 17, 11, 5, 0, 2]
(0, (1, 0, 1), (0, 0)): [162, 398, 168, 124, 77, 31, 14, 8, 2, 3, 0, 1, 0, 1]
(0, (1, 0, 1), (0, 1)): [83, 192, 81, 58, 38, 15, 5, 5, 1, 1, 0, 1, 0, 1]
(0, (1, 0, 1), (0, 2)): [39, 73, 40, 23, 16, 5, 3, 3, 1, 0, 0, 0, 0, 1]
(0, (1, 0, 1), (1, 0)): [58, 149, 61, 50, 28, 13, 9, 1, 0, 2]
(0, (1, 0, 1), (1, 1)): [61, 175, 61, 42, 34, 12, 5, 2, 0, 1]
(0, (1, 0, 1), (1, 2)): [51, 106, 48, 36, 28, 6, 6, 4, 1, 1]
(0, (1, 0, 1), (2, 0)): [17, 29, 19, 17, 5, 6, 4]
(0, (1, 0, 1), (2, 1)): [28, 78, 37, 20, 14, 10, 3, 1]
(0, (1, 0, 1), (2, 2)): [34, 85, 44, 29, 18, 6, 6, 3, 1, 1]
(0, (1, 0, 1), (3, 0)): [3, 6, 3, 4]
(0, (1, 0, 1), (3, 1)): [12, 24, 13, 4, 3, 2]
(0, (1, 0, 1), (3, 2)): [15, 32, 19, 14, 6, 2, 3, 0, 1]
(0, (1, 1, 0), (0, 0)): [1093, 621, 398, 337, 189, 88, 38, 21, 2, 1, 3]
(0, (1, 1, 0), (0, 1)): [541, 308, 210, 176, 87, 41, 15, 12, 1, 1]
(0, (1, 1, 0), (0, 2)): [249, 150, 90, 73, 41, 21, 5, 3]
(0, (1, 1, 0), (1, 0)): [395, 240, 151, 115, 80, 33, 17, 7, 1, 0, 2]
(0, (1, 1, 0), (1, 1)): [420, 242, 164, 134, 76, 37, 15, 9, 1]
(0, (1, 1, 0), (1, 2)): [320, 177, 119, 107, 59, 29, 12, 7, 1]
(0, (1, 1, 0), (2, 0)): [91, 69, 43, 30, 24, 6, 4, 3]
(0, (1, 1, 0), (2, 1)): [186, 116, 90, 54, 38, 13, 5, 3]
(0, (1, 1, 0), (2, 2)): [227, 145, 98, 85, 40, 22, 13, 8, 1]
(0, (1, 1, 0), (3, 0)): [22, 10, 8, 7, 2, 0, 1, 1]
(0, (1, 1, 0), (3, 1)): [51, 25, 31, 15, 9, 1, 3, 1]
(0, (1, 1, 0), (3, 2)): [102, 55, 45, 33, 16, 13, 7, 2]
(0, (1, 1, 1), (0, 0)): [115, 173, 132, 100, 99, 51, 16, 10, 2, 2, 2]
(0, (1, 1, 1), (0, 1)): [50, 87, 67, 48, 42, 17, 6, 6]
(0, (1, 1, 1), (0, 2)): [27, 48, 32, 20, 18, 8, 1, 1]
(0, (1, 1, 1), (1, 0)): [50, 65, 50, 39, 46, 24, 8, 4, 2, 1, 1]
(0, (1, 1, 1), (1, 1)): [40, 60, 51, 37, 43, 21, 9, 5, 1]
(0, (1, 1, 1), (1, 2)): [32, 47, 35, 23, 30, 17, 9, 4, 1]
(0, (1, 1, 1), (2, 0)): [13, 20, 19, 14, 15, 6, 2, 1]
(0, (1, 1, 1), (2, 1)): [23, 33, 38, 23, 26, 8, 2, 1]
(0, (1, 1, 1), (2, 2)): [18, 30, 32, 26, 26, 13, 7, 4, 1]
(0, (1, 1, 1), (3, 0)): [3, 3, 3, 4, 3, 1, 1, 1]
(0, (1, 1, 1), (3, 1)): [10, 8, 14, 11, 8, 3, 3, 1]
(0, (1, 1, 1), (3, 2)): [7, 10, 18, 15, 12, 4, 5, 2]
(1, (0, 0, 0), (0, 0)): [27367, 3078, 1328, 537, 216, 101, 29, 10, 2, 4, 1]
(1, (0, 0, 0), (0, 1)): [13806, 1555, 687, 274, 99, 47, 15, 7, 2, 2, 1]
(1, (0, 0, 0), (0, 2)): [6016, 658, 292, 113, 40, 20, 6, 3, 1]
(1, (0, 0, 0), (1, 0)): [10096, 1118, 457, 204, 87, 38, 12, 3, 0, 1]
(1, (0, 0, 0), (1, 1)): [11107, 1258, 522, 222, 96, 36, 14, 4, 0, 1]
(1, (0, 0, 0), (1, 2)): [8161, 907, 383, 154, 54, 29, 9, 4, 1]
(1, (0, 0, 0), (2, 0)): [2609, 297, 113, 58, 18, 16, 1, 2]
(1, (0, 0, 0), (2, 1)): [5188, 578, 254, 113, 42, 24, 7, 4, 0, 1]
(1, (0, 0, 0), (2, 2)): [6512, 740, 298, 129, 42, 16, 4, 4, 1, 1]
(1, (0, 0, 0), (3, 0)): [492, 48, 26, 13, 5]
(1, (0, 0, 0), (3, 1)): [1385, 150, 80, 38, 15, 7, 0, 2]
(1, (0, 0, 0), (3, 2)): [2739, 317, 147, 65, 20, 11, 2, 3, 0, 1]
(1, (0, 0, 1), (0, 0)): [694, 957, 204, 96, 37, 11, 7, 5, 0, 0, 0, 1]
(1, (0, 0, 1), (0, 1)): [357, 490, 92, 56, 19, 3, 4, 3, 0, 0, 0, 1]
(1, (0, 0, 1), (0, 2)): [148, 221, 44, 27, 6, 1, 2, 1, 0, 0, 0, 1]
(1, (0, 0, 1), (1, 0)): [268, 345, 78, 35, 13, 8, 3, 2]
(1, (0, 0, 1), (1, 1)): [302, 379, 76, 42, 13, 6, 3, 3]
(1, (0, 0, 1), (1, 2)): [232, 278, 57, 35, 6, 5, 2, 2, 0, 0, 0, 1]
(1, (0, 0, 1), (2, 0)): [61, 79, 22, 7, 6, 2, 1]
(1, (0, 0, 1), (2, 1)): [112, 175, 42, 19, 6, 3, 2, 1]
(1, (0, 0, 1), (2, 2)): [167, 215, 46, 27, 2, 3, 3, 2]
(1, (0, 0, 1), (3, 0)): [20, 13, 2, 0, 1]
(1, (0, 0, 1), (3, 1)): [36, 42, 10, 6, 2, 1]
(1, (0, 0, 1), (3, 2)): [69, 91, 19, 14, 2, 1, 1, 2]
(1, (0, 1, 0), (0, 0)): [3560, 1448, 589, 243, 84, 38, 23, 7, 1, 0, 1, 0, 1]
(1, (0, 1, 0), (0, 1)): [1786, 715, 291, 119, 44, 20, 9, 4, 1, 0, 1, 0, 1]
(1, (0, 1, 0), (0, 2)): [732, 311, 122, 50, 15, 8, 3, 1, 0, 0, 1, 0, 1]
(1, (0, 1, 0), (1, 0)): [1344, 511, 222, 99, 25, 10, 10, 2]
(1, (0, 1, 0), (1, 1)): [1439, 595, 251, 104, 35, 12, 11, 2]
(1, (0, 1, 0), (1, 2)): [1053, 436, 180, 84, 23, 14, 9, 3, 0, 0, 1]
(1, (0, 1, 0), (2, 0)): [350, 117, 48, 29, 7, 5]
(1, (0, 1, 0), (2, 1)): [678, 246, 116, 61, 11, 4, 2]
(1, (0, 1, 0), (2, 2)): [827, 324, 148, 69, 13, 7, 7]
(1, (0, 1, 0), (3, 0)): [66, 20, 10, 3, 2]
(1, (0, 1, 0), (3, 1)): [197, 72, 37, 14, 5]
(1, (0, 1, 0), (3, 2)): [359, 139, 72, 29, 6, 2, 4]
(1, (0, 1, 1), (0, 0)): [522, 432, 339, 159, 95, 29, 9, 7, 2, 2, 1]
(1, (0, 1, 1), (0, 1)): [280, 224, 181, 85, 45, 13, 4, 5, 2, 1, 1]
(1, (0, 1, 1), (0, 2)): [125, 95, 75, 38, 23, 6, 1, 2, 1, 0, 1]
(1, (0, 1, 1), (1, 0)): [185, 157, 124, 58, 42, 11, 4, 0, 0, 1]
(1, (0, 1, 1), (1, 1)): [208, 190, 142, 62, 39, 14, 3, 1, 0, 2]
(1, (0, 1, 1), (1, 2)): [148, 150, 107, 51, 36, 11, 3, 1, 0, 2]
(1, (0, 1, 1), (2, 0)): [48, 37, 37, 19, 14, 1, 3]
(1, (0, 1, 1), (2, 1)): [105, 70, 82, 27, 21, 2, 3, 1]
(1, (0, 1, 1), (2, 2)): [120, 101, 89, 36, 23, 7, 3, 2, 0, 1]
(1, (0, 1, 1), (3, 0)): [8, 7, 4, 4, 1]
(1, (0, 1, 1), (3, 1)): [25, 22, 18, 6, 8]
(1, (0, 1, 1), (3, 2)): [46, 41, 40, 16, 9, 6, 0, 1, 0, 1]
(1, (1, 0, 0), (0, 0)): [9541, 1547, 1184, 519, 229, 97, 28, 13, 5, 5]
(1, (1, 0, 0), (0, 1)): [4774, 790, 602, 266, 104, 47, 16, 10, 4, 3]
(1, (1, 0, 0), (0, 2)): [2028, 345, 265, 114, 40, 25, 9, 2, 2]
(1, (1, 0, 0), (1, 0)): [3557, 555, 435, 187, 98, 37, 11, 3, 1, 1]
(1, (1, 0, 0), (1, 1)): [3913, 652, 466, 216, 99, 31, 10, 6, 1, 2]
(1, (1, 0, 0), (1, 2)): [2833, 458, 356, 159, 68, 34, 12, 3, 2, 1]
(1, (1, 0, 0), (2, 0)): [958, 137, 113, 46, 23, 16, 2, 2]
(1, (1, 0, 0), (2, 1)): [1815, 303, 218, 98, 51, 20, 4, 5, 0, 1]
(1, (1, 0, 0), (2, 2)): [2222, 384, 275, 113, 53, 21, 8, 5, 1, 1]
(1, (1, 0, 0), (3, 0)): [187, 25, 25, 10, 2, 1]
(1, (1, 0, 0), (3, 1)): [501, 81, 63, 28, 11, 8, 0, 2]
(1, (1, 0, 0), (3, 2)): [962, 156, 136, 56, 19, 15, 5, 4, 0, 1]
(1, (1, 0, 1), (0, 0)): [863, 868, 261, 196, 94, 34, 16, 8, 3, 1, 1, 0, 1]
(1, (1, 0, 1), (0, 1)): [460, 446, 142, 103, 45, 15, 5, 5, 1, 1, 1, 0, 1]
(1, (1, 0, 1), (0, 2)): [203, 179, 62, 51, 19, 5, 2, 0, 0, 1, 1, 0, 1]
(1, (1, 0, 1), (1, 0)): [301, 309, 90, 73, 40, 13, 9, 3, 1]
(1, (1, 0, 1), (1, 1)): [347, 364, 111, 73, 44, 14, 5, 6, 2]
(1, (1, 0, 1), (1, 2)): [273, 263, 85, 68, 35, 12, 5, 2, 2, 1, 1]
(1, (1, 0, 1), (2, 0)): [72, 76, 17, 24, 12, 3, 1]
(1, (1, 0, 1), (2, 1)): [139, 167, 41, 41, 16, 5, 0, 4]
(1, (1, 0, 1), (2, 2)): [193, 210, 62, 40, 25, 7, 4, 4, 1]
(1, (1, 0, 1), (3, 0)): [17, 9, 4, 1, 1]
(1, (1, 0, 1), (3, 1)): [41, 38, 10, 9, 6, 3, 0, 1]
(1, (1, 0, 1), (3, 2)): [90, 76, 20, 13, 13, 6, 2, 1, 1]
(1, (1, 1, 0), (0, 0)): [2982, 818, 549, 430, 179, 80, 29, 11, 3, 3, 0, 1]
(1, (1, 1, 0), (0, 1)): [1470, 421, 278, 220, 94, 42, 15, 7, 3, 1, 0, 1]
(1, (1, 1, 0), (0, 2)): [640, 180, 125, 96, 45, 24, 6, 2, 2, 0, 0, 1]
(1, (1, 1, 0), (1, 0)): [1101, 304, 202, 149, 66, 31, 12, 3, 0, 1]
(1, (1, 1, 0), (1, 1)): [1167, 344, 215, 179, 72, 32, 14, 4, 0, 1]
(1, (1, 1, 0), (1, 2)): [852, 259, 167, 136, 52, 33, 11, 4, 1]
(1, (1, 1, 0), (2, 0)): [271, 89, 58, 31, 15, 8, 1, 2]
(1, (1, 1, 0), (2, 1)): [527, 159, 99, 85, 36, 15, 6, 2, 0, 1]
(1, (1, 1, 0), (2, 2)): [663, 225, 119, 103, 37, 27, 14, 2, 0, 1]
(1, (1, 1, 0), (3, 0)): [65, 19, 15, 3, 1, 1]
(1, (1, 1, 0), (3, 1)): [141, 44, 29, 19, 7, 4, 0, 1]
(1, (1, 1, 0), (3, 2)): [313, 93, 60, 50, 11, 11, 9, 3, 0, 1]
(1, (1, 1, 1), (0, 0)): [654, 447, 270, 177, 167, 51, 24, 14, 2, 2, 1]
(1, (1, 1, 1), (0, 1)): [333, 221, 148, 101, 81, 23, 11, 8, 1, 0, 1]
(1, (1, 1, 1), (0, 2)): [153, 91, 80, 53, 40, 10, 2, 2, 1, 0, 1]
(1, (1, 1, 1), (1, 0)): [240, 166, 91, 65, 62, 22, 10, 3, 0, 1]
(1, (1, 1, 1), (1, 1)): [267, 202, 91, 71, 67, 23, 10, 7, 0, 1]
(1, (1, 1, 1), (1, 2)): [215, 141, 80, 64, 56, 18, 10, 5]
(1, (1, 1, 1), (2, 0)): [55, 34, 26, 23, 15, 2, 3]
(1, (1, 1, 1), (2, 1)): [106, 86, 50, 44, 30, 7, 3, 3, 0, 1]
(1, (1, 1, 1), (2, 2)): [142, 101, 60, 51, 41, 18, 7, 3, 0, 1]
(1, (1, 1, 1), (3, 0)): [13, 8, 5, 4, 2]
(1, (1, 1, 1), (3, 1)): [32, 29, 12, 11, 10, 0, 0, 1]
(1, (1, 1, 1), (3, 2)): [63, 51, 27, 26, 20, 8, 3, 2, 0, 1]
(2, (0, 0, 0), (0, 0)): [24227, 1189, 422, 132, 52, 20, 2, 2, 1]
(2, (0, 0, 0), (0, 1)): [12272, 590, 222, 66, 28, 12, 1, 2, 1]
(2, (0, 0, 0), (0, 2)): [5364, 244, 95, 28, 8, 6, 0, 2, 1]
(2, (0, 0, 0), (1, 0)): [8904, 447, 149, 52, 18, 5, 1]
(2, (0, 0, 0), (1, 1)): [9847, 487, 169, 50, 25, 7, 2]
(2, (0, 0, 0), (1, 2)): [7274, 336, 121, 34, 14, 6, 0, 2, 1]
(2, (0, 0, 0), (2, 0)): [2265, 132, 35, 20, 5, 1]
(2, (0, 0, 0), (2, 1)): [4562, 257, 82, 23, 12, 4, 2]
(2, (0, 0, 0), (2, 2)): [5777, 287, 89, 30, 12, 5, 1, 2, 1]
(2, (0, 0, 0), (3, 0)): [422, 20, 4, 3, 2]
(2, (0, 0, 0), (3, 1)): [1222, 66, 18, 8, 6, 1]
(2, (0, 0, 0), (3, 2)): [2445, 145, 36, 10, 8, 2, 1]
(2, (0, 0, 1), (0, 0)): [2193, 554, 153, 54, 16, 5, 2, 1]
(2, (0, 0, 1), (0, 1)): [1129, 285, 83, 31, 7, 3, 0, 1]
(2, (0, 0, 1), (0, 2)): [487, 130, 38, 11, 1]
(2, (0, 0, 1), (1, 0)): [820, 204, 56, 22, 7, 2, 2]
(2, (0, 0, 1), (1, 1)): [894, 228, 64, 27, 10, 4, 2]
(2, (0, 0, 1), (1, 2)): [660, 157, 49, 24, 4, 3, 1]
(2, (0, 0, 1), (2, 0)): [211, 53, 13, 7, 2, 1]
(2, (0, 0, 1), (2, 1)): [434, 117, 34, 11, 3, 1]
(2, (0, 0, 1), (2, 2)): [513, 121, 39, 15, 4, 3]
(2, (0, 0, 1), (3, 0)): [37, 7, 1, 1]
(2, (0, 0, 1), (3, 1)): [125, 30, 11, 3, 1]
(2, (0, 0, 1), (3, 2)): [228, 50, 15, 5, 4]
(2, (0, 1, 0), (0, 0)): [5876, 1138, 360, 131, 56, 17, 9, 1]
(2, (0, 1, 0), (0, 1)): [2940, 575, 168, 61, 27, 7, 6, 1]
(2, (0, 1, 0), (0, 2)): [1275, 253, 62, 17, 12, 2]
(2, (0, 1, 0), (1, 0)): [2197, 389, 136, 58, 20, 6, 3]
(2, (0, 1, 0), (1, 1)): [2390, 462, 144, 64, 18, 4, 7]
(2, (0, 1, 0), (1, 2)): [1760, 333, 109, 35, 16, 4, 4]
(2, (0, 1, 0), (2, 0)): [579, 104, 32, 22, 7, 5]
(2, (0, 1, 0), (2, 1)): [1111, 208, 64, 27, 9, 6, 3]
(2, (0, 1, 0), (2, 2)): [1382, 262, 80, 29, 11, 5, 2]
(2, (0, 1, 0), (3, 0)): [109, 18, 6, 5, 1]
(2, (0, 1, 0), (3, 1)): [314, 72, 21, 11, 3, 1, 1]
(2, (0, 1, 0), (3, 2)): [578, 128, 35, 10, 5, 2]
(2, (0, 1, 1), (0, 0)): [1325, 91, 235, 106, 34, 12, 2, 1]
(2, (0, 1, 1), (0, 1)): [685, 43, 121, 53, 16, 5, 0, 1]
(2, (0, 1, 1), (0, 2)): [303, 22, 41, 16, 8, 3, 0, 1]
(2, (0, 1, 1), (1, 0)): [486, 35, 90, 40, 13, 4, 2]
(2, (0, 1, 1), (1, 1)): [521, 35, 113, 49, 17, 6]
(2, (0, 1, 1), (1, 2)): [411, 25, 70, 39, 10, 6]
(2, (0, 1, 1), (2, 0)): [120, 8, 23, 10, 2]
(2, (0, 1, 1), (2, 1)): [237, 16, 48, 18, 8, 2]
(2, (0, 1, 1), (2, 2)): [312, 17, 57, 22, 9, 6]
(2, (0, 1, 1), (3, 0)): [19, 1, 5, 2]
(2, (0, 1, 1), (3, 1)): [59, 4, 12, 7, 1]
(2, (0, 1, 1), (3, 2)): [128, 9, 25, 11, 4, 4]
(2, (1, 0, 0), (0, 0)): [11493, 787, 613, 202, 82, 30, 2, 3, 1]
(2, (1, 0, 0), (0, 1)): [5801, 396, 302, 102, 36, 16, 1, 3, 1]
(2, (1, 0, 0), (0, 2)): [2548, 184, 129, 43, 10, 6, 0, 2]
(2, (1, 0, 0), (1, 0)): [4252, 287, 232, 72, 32, 9, 1]
(2, (1, 0, 0), (1, 1)): [4683, 318, 250, 83, 38, 13, 2, 1]
(2, (1, 0, 0), (1, 2)): [3450, 221, 184, 57, 24, 9, 1, 3]
(2, (1, 0, 0), (2, 0)): [1116, 66, 56, 22, 9, 1]
(2, (1, 0, 0), (2, 1)): [2147, 161, 118, 34, 18, 5]
(2, (1, 0, 0), (2, 2)): [2724, 184, 138, 51, 16, 2, 1, 2]
(2, (1, 0, 0), (3, 0)): [203, 5, 8, 6, 1]
(2, (1, 0, 0), (3, 1)): [597, 40, 33, 14, 6, 2]
(2, (1, 0, 0), (3, 2)): [1173, 85, 65, 29, 8, 2, 1]
(2, (1, 0, 1), (0, 0)): [2219, 455, 191, 142, 51, 18, 6]
(2, (1, 0, 1), (0, 1)): [1099, 246, 92, 70, 23, 13, 4]
(2, (1, 0, 1), (0, 2)): [457, 107, 40, 33, 11, 5, 1]
(2, (1, 0, 1), (1, 0)): [838, 163, 81, 52, 24, 2, 2]
(2, (1, 0, 1), (1, 1)): [906, 193, 85, 54, 15, 8, 4]
(2, (1, 0, 1), (1, 2)): [637, 153, 46, 49, 12, 9, 2]
(2, (1, 0, 1), (2, 0)): [233, 41, 15, 12, 7]
(2, (1, 0, 1), (2, 1)): [421, 82, 47, 24, 10, 2, 1]
(2, (1, 0, 1), (2, 2)): [501, 115, 33, 38, 9, 6, 1]
(2, (1, 0, 1), (3, 0)): [61, 3, 1, 0, 1]
(2, (1, 0, 1), (3, 1)): [141, 16, 15, 7, 3, 1]
(2, (1, 0, 1), (3, 2)): [251, 45, 20, 12, 6, 1, 1]
(2, (1, 1, 0), (0, 0)): [4814, 656, 337, 271, 92, 34, 6, 2, 1]
(2, (1, 1, 0), (0, 1)): [2421, 325, 142, 140, 50, 19, 4, 2, 1]
(2, (1, 1, 0), (0, 2)): [1070, 139, 62, 51, 20, 7, 2, 2]
(2, (1, 1, 0), (1, 0)): [1795, 253, 146, 98, 30, 12, 1]
(2, (1, 1, 0), (1, 1)): [1980, 274, 130, 118, 39, 15, 3]
(2, (1, 1, 0), (1, 2)): [1483, 188, 93, 81, 32, 9, 3, 2]
(2, (1, 1, 0), (2, 0)): [437, 65, 42, 28, 7, 2]
(2, (1, 1, 0), (2, 1)): [875, 136, 68, 49, 14, 8, 1]
(2, (1, 1, 0), (2, 2)): [1168, 159, 78, 56, 21, 6, 3, 2]
(2, (1, 1, 0), (3, 0)): [82, 15, 7, 5]
(2, (1, 1, 0), (3, 1)): [222, 42, 19, 16, 3, 2, 1]
(2, (1, 1, 0), (3, 2)): [515, 67, 39, 36, 9, 4, 2, 1]
(2, (1, 1, 1), (0, 0)): [1562, 186, 237, 130, 105, 32, 5, 4, 1]
(2, (1, 1, 1), (0, 1)): [798, 100, 113, 63, 55, 19, 2, 4, 1]
(2, (1, 1, 1), (0, 2)): [354, 48, 55, 21, 26, 6, 1, 2]
(2, (1, 1, 1), (1, 0)): [586, 67, 93, 55, 37, 9, 3]
(2, (1, 1, 1), (1, 1)): [628, 79, 87, 52, 46, 16, 4, 1]
(2, (1, 1, 1), (1, 2)): [494, 59, 69, 39, 34, 12, 4, 1]
(2, (1, 1, 1), (2, 0)): [135, 15, 25, 20, 7]
(2, (1, 1, 1), (2, 1)): [264, 39, 39, 29, 15, 6, 1]
(2, (1, 1, 1), (2, 2)): [350, 43, 46, 31, 27, 10, 2, 1]
(2, (1, 1, 1), (3, 0)): [26, 2, 6, 4, 1]
(2, (1, 1, 1), (3, 1)): [73, 10, 14, 9, 3, 0, 1]
(2, (1, 1, 1), (3, 2)): [159, 19, 26, 20, 12, 4, 2, 1]
