(0, (0, 0, 0), (0, 0)): [32232, 7175, 3525, 1707, 778, 385, 164, 66, 24, 13, 6, 3]
(0, (0, 0, 0), (0, 1)): [15016, 3310, 1664, 798, 365, 181, 90, 31, 16, 5, 3]
(0, (0, 0, 0), (0, 2)): [6513, 1506, 765, 325, 161, 76, 37, 15, 5]
(0, (0, 0, 0), (1, 0)): [13100, 2995, 1404, 694, 323, 147, 57, 29, 6, 6, 2, 3]
(0, (0, 0, 0), (1, 1)): [13072, 2931, 1392, 691, 311, 143, 59, 22, 13, 6, 3, 2]
(0, (0, 0, 0), (1, 2)): [9434, 2118, 999, 474, 222, 106, 37, 18, 4, 3, 2, 2]
(0, (0, 0, 0), (2, 0)): [3454, 765, 360, 163, 91, 44, 19, 11, 2, 2, 1]
(0, (0, 0, 0), (2, 1)): [6094, 1397, 677, 333, 153, 70, 34, 14, 5, 3, 2]
(0, (0, 0, 0), (2, 2)): [6942, 1555, 756, 364, 183, 85, 36, 21, 3, 3, 2, 2]
(0, (0, 0, 0), (3, 0)): [584, 131, 65, 25, 15, 11, 4, 2]
(0, (0, 0, 0), (3, 1)): [1751, 395, 169, 100, 41, 25, 9, 5, 0, 0, 1]
(0, (0, 0, 0), (3, 2)): [3113, 677, 341, 154, 85, 44, 16, 13, 1, 1, 2, 2]
(0, (0, 0, 1), (0, 0)): [78, 265, 100, 56, 14, 10, 8, 2]
(0, (0, 0, 1), (0, 1)): [29, 103, 49, 25, 10, 4, 7, 1]
(0, (0, 0, 1), (0, 2)): [15, 48, 27, 8, 4, 2]
(0, (0, 0, 1), (1, 0)): [37, 118, 41, 25, 2, 5, 1, 1]
(0, (0, 0, 1), (1, 1)): [30, 111, 37, 27, 6, 4, 4, 2]
(0, (0, 0, 1), (1, 2)): [18, 80, 37, 20, 3, 4, 0, 1]
(0, (0, 0, 1), (2, 0)): [9, 26, 10, 7, 0, 1]
(0, (0, 0, 1), (2, 1)): [14, 50, 17, 12, 1, 1, 2]
(0, (0, 0, 1), (2, 2)): [20, 55, 18, 14, 0, 2]
(0, (0, 0, 1), (3, 0)): [3, 6, 0, 1]
(0, (0, 0, 1), (3, 1)): [2, 13, 6, 3, 0, 0, 1]
(0, (0, 0, 1), (3, 2)): [9, 23, 8, 2, 0, 1, 1]
(0, (0, 1, 0), (0, 0)): [1343, 1252, 497, 266, 144, 47, 31, 17, 1, 3, 0, 1]
(0, (0, 1, 0), (0, 1)): [633, 581, 227, 119, 65, 23, 18, 11, 0, 1]
(0, (0, 1, 0), (0, 2)): [263, 256, 99, 50, 26, 11, 7, 6]
(0, (0, 1, 0), (1, 0)): [544, 517, 217, 109, 60, 18, 7, 4, 0, 1, 0, 1]
(0, (0, 1, 0), (1, 1)): [553, 480, 204, 103, 49, 18, 10, 4, 0, 1, 0, 1]
(0, (0, 1, 0), (1, 2)): [390, 343, 148, 80, 38, 14, 8, 5, 0, 1, 0, 1]
(0, (0, 1, 0), (2, 0)): [154, 145, 64, 29, 22, 3, 2, 2]
(0, (0, 1, 0), (2, 1)): [268, 245, 109, 53, 30, 6, 5, 3]
(0, (0, 1, 0), (2, 2)): [299, 272, 121, 60, 34, 10, 3, 3, 0, 0, 0, 1]
(0, (0, 1, 0), (3, 0)): [28, 24, 8, 3, 3]
(0, (0, 1, 0), (3, 1)): [71, 63, 27, 16, 10, 1, 1, 1]
(0, (0, 1, 0), (3, 2)): [143, 115, 57, 27, 18, 6, 1, 1, 0, 0, 0, 1]
(0, (0, 1, 1), (0, 0)): [114, 166, 213, 94, 49, 33, 13, 2, 7, 0, 1]
(0, (0, 1, 1), (0, 1)): [54, 87, 114, 42, 20, 12, 6, 1, 3]
(0, (0, 1, 1), (0, 2)): [24, 46, 53, 20, 10, 4, 3, 1, 2]
(0, (0, 1, 1), (1, 0)): [43, 67, 77, 39, 25, 14, 6, 1, 3, 0, 1]
(0, (0, 1, 1), (1, 1)): [46, 63, 83, 31, 23, 15, 5, 0, 2]
(0, (0, 1, 1), (1, 2)): [28, 50, 73, 17, 16, 10, 4, 1, 1]
(0, (0, 1, 1), (2, 0)): [10, 14, 18, 11, 4, 3, 2, 0, 2]
(0, (0, 1, 1), (2, 1)): [24, 27, 38, 24, 12, 8, 1, 0, 2]
(0, (0, 1, 1), (2, 2)): [21, 40, 53, 27, 13, 8, 2]
(0, (0, 1, 1), (3, 0)): [2, 3, 3, 4, 0, 0, 1]
(0, (0, 1, 1), (3, 1)): [6, 8, 9, 9, 3, 1, 1]
(0, (0, 1, 1), (3, 2)): [8, 14, 17, 10, 6, 4, 1]
(0, (1, 0, 0), (0, 0)): [6692, 2083, 1618, 849, 413, 201, 86, 36, 18, 6, 6, 1]
(0, (1, 0, 0), (0, 1)): [3086, 961, 775, 393, 186, 107, 41, 13, 13, 1, 3]
(0, (1, 0, 0), (0, 2)): [1365, 437, 355, 170, 87, 47, 15, 5, 5]
(0, (1, 0, 0), (1, 0)): [2729, 867, 621, 359, 176, 67, 36, 18, 4, 4, 2, 1]
(0, (1, 0, 0), (1, 1)): [2694, 858, 627, 345, 170, 71, 33, 15, 9, 3, 3]
(0, (1, 0, 0), (1, 2)): [1962, 631, 440, 233, 125, 56, 20, 12, 2, 2, 2]
(0, (1, 0, 0), (2, 0)): [713, 207, 151, 76, 47, 21, 15, 5, 1, 1, 1]
(0, (1, 0, 0), (2, 1)): [1287, 390, 312, 161, 83, 36, 20, 5, 3, 1, 2]
(0, (1, 0, 0), (2, 2)): [1416, 462, 340, 181, 105, 46, 21, 14, 1, 1, 2]
(0, (1, 0, 0), (3, 0)): [113, 32, 27, 16, 4, 6, 3]
(0, (1, 0, 0), (3, 1)): [382, 116, 75, 52, 17, 14, 4, 1, 0, 0, 1]
(0, (1, 0, 0), (3, 2)): [643, 195, 145, 78, 43, 23, 9, 7, 1, 0, 2]
(0, (1, 0, 1), (0, 0)): [148, 474, 192, 155, 95, 36, 26, 8, 2, 3]
(0, (1, 0, 1), (0, 1)): [66, 216, 85, 75, 40, 13, 15, 3, 1, 1]
(0, (1, 0, 1), (0, 2)): [29, 92, 51, 27, 17, 8, 8, 2]
(0, (1, 0, 1), (1, 0)): [56, 207, 85, 59, 37, 21, 8, 5, 1, 2]
(0, (1, 0, 1), (1, 1)): [54, 183, 67, 71, 41, 12, 10, 3, 1]
(0, (1, 0, 1), (1, 2)): [40, 131, 47, 46, 32, 10, 13, 3]
(0, (1, 0, 1), (2, 0)): [16, 56, 25, 14, 9, 9, 2, 2, 0, 1]
(0, (1, 0, 1), (2, 1)): [25, 87, 49, 37, 13, 5, 3, 1, 1]
(0, (1, 0, 1), (2, 2)): [28, 101, 40, 38, 21, 9, 4, 3]
(0, (1, 0, 1), (3, 0)): [2, 12, 3, 1, 1, 1]
(0, (1, 0, 1), (3, 1)): [5, 28, 10, 8, 2, 1, 1]
(0, (1, 0, 1), (3, 2)): [12, 48, 21, 16, 9, 4, 0, 1]
(0, (1, 1, 0), (0, 0)): [1075, 649, 502, 389, 211, 117, 47, 23, 10, 6, 3, 1]
(0, (1, 1, 0), (0, 1)): [485, 310, 230, 181, 90, 58, 19, 7, 4, 1, 2]
(0, (1, 1, 0), (0, 2)): [206, 134, 112, 83, 39, 27, 6, 4, 1]
(0, (1, 1, 0), (1, 0)): [459, 272, 215, 163, 101, 42, 23, 13, 4, 4, 1, 1]
(0, (1, 1, 0), (1, 1)): [450, 289, 191, 154, 87, 39, 14, 8, 4, 3, 1]
(0, (1, 1, 0), (1, 2)): [322, 204, 129, 109, 54, 34, 5, 7, 2, 2, 1]
(0, (1, 1, 0), (2, 0)): [120, 66, 58, 32, 32, 12, 11, 5, 1, 1, 1]
(0, (1, 1, 0), (2, 1)): [213, 132, 114, 71, 57, 20, 13, 5, 1, 2, 1]
(0, (1, 1, 0), (2, 2)): [231, 162, 131, 88, 63, 28, 9, 8, 1, 1, 1]
(0, (1, 1, 0), (3, 0)): [17, 15, 13, 3, 5, 3, 1]
(0, (1, 1, 0), (3, 1)): [57, 40, 32, 19, 16, 8, 1, 1]
(0, (1, 1, 0), (3, 2)): [113, 76, 53, 34, 30, 16, 5, 6, 1]
(0, (1, 1, 1), (0, 0)): [110, 198, 168, 99, 126, 60, 35, 15, 7, 2, 1]
(0, (1, 1, 1), (0, 1)): [47, 89, 71, 44, 55, 36, 21, 7, 3, 0, 1]
(0, (1, 1, 1), (0, 2)): [23, 42, 36, 19, 23, 18, 8, 4, 1]
(0, (1, 1, 1), (1, 0)): [45, 87, 78, 44, 65, 22, 9, 6, 2, 1]
(0, (1, 1, 1), (1, 1)): [43, 83, 69, 43, 62, 24, 10, 3, 2]
(0, (1, 1, 1), (1, 2)): [28, 60, 42, 28, 44, 19, 8, 2, 1]
(0, (1, 1, 1), (2, 0)): [9, 25, 23, 12, 22, 7, 4, 3, 1]
(0, (1, 1, 1), (2, 1)): [21, 41, 40, 22, 34, 13, 7, 3, 1]
(0, (1, 1, 1), (2, 2)): [19, 51, 48, 24, 37, 14, 6, 2, 1]
(0, (1, 1, 1), (3, 0)): [1, 3, 5, 4, 6, 2]
(0, (1, 1, 1), (3, 1)): [8, 10, 12, 7, 15, 3, 0, 1]
(0, (1, 1, 1), (3, 2)): [12, 21, 24, 11, 21, 8, 2, 2, 1]
(1, (0, 0, 0), (0, 0)): [26565, 3347, 1458, 596, 220, 122, 45, 16, 2, 3, 1]
(1, (0, 0, 0), (0, 1)): [12388, 1562, 678, 284, 109, 54, 29, 9, 1, 1]
(1, (0, 0, 0), (0, 2)): [5364, 709, 305, 108, 51, 19, 13, 5]
(1, (0, 0, 0), (1, 0)): [10821, 1398, 585, 227, 92, 48, 12, 6, 1, 2, 1]
(1, (0, 0, 0), (1, 1)): [10823, 1386, 574, 237, 83, 49, 16, 4, 2, 1, 1]
(1, (0, 0, 0), (1, 2)): [7814, 1014, 412, 158, 61, 30, 10, 2, 1, 0, 1]
(1, (0, 0, 0), (2, 0)): [2836, 359, 156, 60, 25, 15, 2, 2, 0, 1]
(1, (0, 0, 0), (2, 1)): [5006, 669, 287, 126, 33, 25, 5, 4, 1, 1]
(1, (0, 0, 0), (2, 2)): [5768, 731, 313, 125, 44, 26, 9, 4, 1, 1, 1]
(1, (0, 0, 0), (3, 0)): [485, 60, 26, 7, 8, 2, 1, 1]
(1, (0, 0, 0), (3, 1)): [1420, 187, 78, 41, 13, 6, 2, 2]
(1, (0, 0, 0), (3, 2)): [2564, 316, 149, 51, 23, 11, 4, 3, 0, 1, 1]
(1, (0, 0, 1), (0, 0)): [695, 984, 230, 89, 44, 12, 9, 1]
(1, (0, 0, 1), (0, 1)): [327, 466, 116, 36, 24, 4, 5, 1]
(1, (0, 0, 1), (0, 2)): [145, 231, 60, 18, 12, 1, 1, 1]
(1, (0, 0, 1), (1, 0)): [284, 406, 90, 39, 17, 7, 2]
(1, (0, 0, 1), (1, 1)): [271, 382, 91, 24, 18, 4, 6]
(1, (0, 0, 1), (1, 2)): [180, 309, 74, 19, 13, 3, 2]
(1, (0, 0, 1), (2, 0)): [81, 95, 17, 8, 3, 1]
(1, (0, 0, 1), (2, 1)): [153, 170, 35, 15, 8, 2, 5]
(1, (0, 0, 1), (2, 2)): [157, 220, 46, 19, 10, 1, 4]
(1, (0, 0, 1), (3, 0)): [12, 13, 1, 2]
(1, (0, 0, 1), (3, 1)): [36, 38, 8, 3, 1, 0, 2]
(1, (0, 0, 1), (3, 2)): [74, 76, 18, 5, 4, 0, 1]
(1, (0, 1, 0), (0, 0)): [3651, 1475, 601, 297, 110, 58, 20, 6, 3, 1]
(1, (0, 1, 0), (0, 1)): [1720, 662, 270, 150, 51, 29, 11, 2, 1]
(1, (0, 1, 0), (0, 2)): [739, 300, 128, 61, 31, 10, 5]
(1, (0, 1, 0), (1, 0)): [1479, 635, 259, 108, 45, 20, 6, 3, 2, 1]
(1, (0, 1, 0), (1, 1)): [1480, 615, 228, 115, 40, 24, 7, 4, 1]
(1, (0, 1, 0), (1, 2)): [1046, 426, 167, 87, 35, 14, 6, 1]
(1, (0, 1, 0), (2, 0)): [394, 158, 76, 25, 12, 5, 0, 0, 1, 1]
(1, (0, 1, 0), (2, 1)): [710, 303, 114, 47, 14, 8, 3, 2, 1, 1]
(1, (0, 1, 0), (2, 2)): [788, 331, 125, 64, 26, 11, 7, 2, 1, 1]
(1, (0, 1, 0), (3, 0)): [68, 22, 13, 3, 1, 2]
(1, (0, 1, 0), (3, 1)): [219, 82, 33, 13, 1, 4, 1, 1]
(1, (0, 1, 0), (3, 2)): [357, 151, 54, 33, 12, 6, 4, 2, 1, 1]
(1, (0, 1, 1), (0, 0)): [517, 506, 375, 178, 94, 54, 11, 8, 3, 1, 1]
(1, (0, 1, 1), (0, 1)): [228, 254, 173, 100, 47, 28, 7, 6, 1, 1]
(1, (0, 1, 1), (0, 2)): [104, 105, 81, 42, 22, 11, 5, 1, 1]
(1, (0, 1, 1), (1, 0)): [217, 195, 150, 58, 35, 17, 3, 1, 2]
(1, (0, 1, 1), (1, 1)): [219, 199, 133, 71, 35, 21, 2, 5, 0, 1]
(1, (0, 1, 1), (1, 2)): [154, 145, 104, 48, 30, 14, 1, 4]
(1, (0, 1, 1), (2, 0)): [51, 67, 47, 13, 9, 3, 0, 0, 1]
(1, (0, 1, 1), (2, 1)): [114, 107, 75, 33, 13, 4, 1, 1, 0, 1]
(1, (0, 1, 1), (2, 2)): [119, 106, 84, 32, 24, 11, 2, 5]
(1, (0, 1, 1), (3, 0)): [9, 16, 10, 1, 2]
(1, (0, 1, 1), (3, 1)): [27, 38, 27, 6, 2, 1, 0, 0, 0, 1]
(1, (0, 1, 1), (3, 2)): [57, 50, 42, 10, 10, 4, 2, 2, 0, 1]
(1, (1, 0, 0), (0, 0)): [9824, 1655, 1308, 585, 244, 134, 48, 19, 4, 3, 3]
(1, (1, 0, 0), (0, 1)): [4541, 786, 616, 285, 127, 67, 28, 11, 3, 1, 1]
(1, (1, 0, 0), (0, 2)): [1953, 380, 276, 109, 61, 23, 13, 3, 1]
(1, (1, 0, 0), (1, 0)): [4011, 683, 502, 224, 97, 44, 17, 7, 1, 2, 1]
(1, (1, 0, 0), (1, 1)): [3939, 662, 498, 249, 96, 50, 19, 7, 3, 1, 2]
(1, (1, 0, 0), (1, 2)): [2838, 501, 350, 164, 76, 32, 10, 3, 1, 0, 1]
(1, (1, 0, 0), (2, 0)): [1067, 172, 137, 51, 26, 12, 6, 2, 0, 1]
(1, (1, 0, 0), (2, 1)): [1870, 333, 249, 109, 42, 26, 7, 3, 1, 1, 1]
(1, (1, 0, 0), (2, 2)): [2086, 369, 262, 125, 56, 29, 11, 5, 1, 1, 1]
(1, (1, 0, 0), (3, 0)): [181, 21, 23, 9, 4, 3, 2, 1]
(1, (1, 0, 0), (3, 1)): [554, 88, 74, 36, 11, 9, 4, 2, 0, 0, 1]
(1, (1, 0, 0), (3, 2)): [962, 151, 137, 48, 23, 12, 7, 2, 0, 1, 2]
(1, (1, 0, 1), (0, 0)): [861, 915, 298, 221, 112, 47, 14, 5, 1, 1]
(1, (1, 0, 1), (0, 1)): [383, 409, 142, 111, 53, 22, 11, 1, 1, 1]
(1, (1, 0, 1), (0, 2)): [176, 195, 69, 46, 21, 5, 7, 1]
(1, (1, 0, 1), (1, 0)): [365, 399, 118, 87, 47, 15, 2, 3]
(1, (1, 0, 1), (1, 1)): [340, 352, 121, 96, 45, 18, 2, 1, 0, 1]
(1, (1, 0, 1), (1, 2)): [240, 251, 90, 70, 36, 11, 6, 0, 0, 1]
(1, (1, 0, 1), (2, 0)): [99, 113, 25, 17, 13, 3, 2, 2]
(1, (1, 0, 1), (2, 1)): [166, 189, 53, 43, 19, 3, 1, 2]
(1, (1, 0, 1), (2, 2)): [190, 202, 63, 65, 26, 8, 4, 2, 0, 1]
(1, (1, 0, 1), (3, 0)): [16, 21, 6, 0, 0, 1, 1]
(1, (1, 0, 1), (3, 1)): [45, 55, 15, 4, 1, 1, 1]
(1, (1, 0, 1), (3, 2)): [89, 89, 27, 22, 9, 1, 4, 1]
(1, (1, 1, 0), (0, 0)): [3085, 870, 572, 510, 210, 122, 38, 13, 5, 4, 3]
(1, (1, 1, 0), (0, 1)): [1443, 407, 252, 241, 109, 58, 20, 7, 3, 2, 2]
(1, (1, 1, 0), (0, 2)): [599, 192, 117, 99, 50, 25, 8, 2, 1]
(1, (1, 1, 0), (1, 0)): [1253, 359, 241, 206, 75, 48, 14, 6, 2, 2, 1]
(1, (1, 1, 0), (1, 1)): [1290, 348, 214, 199, 83, 45, 18, 4, 3, 3, 3]
(1, (1, 1, 0), (1, 2)): [911, 253, 151, 127, 61, 36, 9, 4, 1, 2, 2]
(1, (1, 1, 0), (2, 0)): [322, 89, 64, 59, 19, 14, 3, 1, 1]
(1, (1, 1, 0), (2, 1)): [566, 189, 122, 107, 41, 20, 7, 1, 2, 0, 1]
(1, (1, 1, 0), (2, 2)): [627, 212, 134, 112, 52, 32, 11, 5, 2, 2, 2]
(1, (1, 1, 0), (3, 0)): [62, 12, 10, 10, 3, 5, 1, 1]
(1, (1, 1, 0), (3, 1)): [176, 38, 34, 31, 9, 7, 3, 1, 0, 0, 1]
(1, (1, 1, 0), (3, 2)): [304, 90, 58, 43, 22, 14, 8, 5, 1, 1, 2]
(1, (1, 1, 1), (0, 0)): [653, 498, 280, 225, 185, 93, 36, 20, 4, 1]
(1, (1, 1, 1), (0, 1)): [283, 226, 131, 101, 102, 47, 21, 9, 1, 1]
(1, (1, 1, 1), (0, 2)): [132, 99, 57, 40, 40, 17, 9, 4]
(1, (1, 1, 1), (1, 0)): [276, 214, 114, 96, 63, 34, 9, 8, 1]
(1, (1, 1, 1), (1, 1)): [248, 199, 109, 94, 79, 36, 12, 5, 1, 1]
(1, (1, 1, 1), (1, 2)): [171, 140, 77, 55, 65, 25, 7, 4, 0, 1]
(1, (1, 1, 1), (2, 0)): [77, 61, 31, 25, 15, 11, 1, 2]
(1, (1, 1, 1), (2, 1)): [134, 112, 64, 56, 31, 12, 6, 2]
(1, (1, 1, 1), (2, 2)): [139, 132, 84, 52, 51, 23, 8, 6, 0, 1]
(1, (1, 1, 1), (3, 0)): [12, 9, 3, 1, 1, 4, 0, 1]
(1, (1, 1, 1), (3, 1)): [34, 21, 12, 10, 7, 5, 1, 1]
(1, (1, 1, 1), (3, 2)): [70, 43, 33, 24, 21, 14, 6, 5]
(2, (0, 0, 0), (0, 0)): [23606, 1364, 496, 150, 53, 17, 7, 4]
(2, (0, 0, 0), (0, 1)): [11072, 659, 230, 71, 24, 4, 3, 2]
(2, (0, 0, 0), (0, 2)): [4845, 296, 102, 32, 7, 0, 1, 2]
(2, (0, 0, 0), (1, 0)): [9558, 537, 198, 59, 25, 7, 3, 1]
(2, (0, 0, 0), (1, 1)): [9617, 548, 184, 58, 16, 6, 3, 1]
(2, (0, 0, 0), (1, 2)): [6972, 400, 136, 44, 12, 3, 1, 1]
(2, (0, 0, 0), (2, 0)): [2485, 134, 47, 14, 10, 3]
(2, (0, 0, 0), (2, 1)): [4434, 245, 92, 31, 8, 6, 1, 1]
(2, (0, 0, 0), (2, 2)): [5121, 280, 111, 39, 8, 4, 1]
(2, (0, 0, 0), (3, 0)): [415, 27, 10, 1, 3]
(2, (0, 0, 0), (3, 1)): [1229, 68, 23, 7, 3, 1, 0, 1]
(2, (0, 0, 0), (3, 2)): [2249, 122, 46, 12, 5, 1, 0, 1]
(2, (0, 0, 1), (0, 0)): [2261, 616, 166, 59, 19, 9, 2, 1, 0, 1]
(2, (0, 0, 1), (0, 1)): [1044, 280, 89, 26, 12, 3]
(2, (0, 0, 1), (0, 2)): [463, 116, 39, 16, 4, 1]
(2, (0, 0, 1), (1, 0)): [926, 256, 63, 25, 5, 5, 1, 1]
(2, (0, 0, 1), (1, 1)): [906, 250, 60, 15, 11, 3, 1]
(2, (0, 0, 1), (1, 2)): [625, 176, 41, 18, 6, 0, 1]
(2, (0, 0, 1), (2, 0)): [238, 71, 22, 8, 1, 2, 0, 1]
(2, (0, 0, 1), (2, 1)): [460, 114, 34, 6, 2, 1, 0, 1]
(2, (0, 0, 1), (2, 2)): [477, 136, 26, 12, 3, 0, 1, 1]
(2, (0, 0, 1), (3, 0)): [42, 15, 2, 1]
(2, (0, 0, 1), (3, 1)): [146, 35, 7, 1]
(2, (0, 0, 1), (3, 2)): [233, 56, 8, 5, 2]
(2, (0, 1, 0), (0, 0)): [6095, 1151, 368, 135, 40, 14, 5, 1]
(2, (0, 1, 0), (0, 1)): [2839, 550, 166, 62, 15, 7, 3, 1]
(2, (0, 1, 0), (0, 2)): [1226, 259, 71, 22, 5, 4, 1, 1]
(2, (0, 1, 0), (1, 0)): [2524, 469, 138, 55, 19, 3, 2]
(2, (0, 1, 0), (1, 1)): [2541, 467, 142, 63, 17, 5, 3]
(2, (0, 1, 0), (1, 2)): [1815, 336, 103, 38, 7, 3, 3]
(2, (0, 1, 0), (2, 0)): [637, 124, 39, 13, 7, 1]
(2, (0, 1, 0), (2, 1)): [1174, 212, 59, 26, 8, 1]
(2, (0, 1, 0), (2, 2)): [1326, 252, 73, 25, 5, 1, 1]
(2, (0, 1, 0), (3, 0)): [114, 25, 7, 1, 2]
(2, (0, 1, 0), (3, 1)): [355, 64, 21, 9, 3]
(2, (0, 1, 0), (3, 2)): [601, 109, 41, 10, 6, 0, 1]
(2, (0, 1, 1), (0, 0)): [1419, 101, 286, 91, 34, 28, 3, 1]
(2, (0, 1, 1), (0, 1)): [642, 46, 128, 45, 16, 12, 2, 1]
(2, (0, 1, 1), (0, 2)): [283, 23, 56, 23, 9, 7, 1, 1]
(2, (0, 1, 1), (1, 0)): [586, 41, 131, 32, 10, 10, 1]
(2, (0, 1, 1), (1, 1)): [587, 36, 120, 33, 11, 8, 2]
(2, (0, 1, 1), (1, 2)): [430, 25, 86, 27, 9, 5, 0, 1]
(2, (0, 1, 1), (2, 0)): [138, 12, 33, 7, 4, 4]
(2, (0, 1, 1), (2, 1)): [273, 18, 62, 19, 5, 6, 1]
(2, (0, 1, 1), (2, 2)): [306, 17, 77, 21, 8, 4, 1]
(2, (0, 1, 1), (3, 0)): [28, 1, 5, 0, 2]
(2, (0, 1, 1), (3, 1)): [86, 5, 22, 4, 1, 2]
(2, (0, 1, 1), (3, 2)): [151, 9, 29, 6, 2, 1]
(2, (1, 0, 0), (0, 0)): [11853, 875, 742, 250, 74, 28, 10, 4, 2]
(2, (1, 0, 0), (0, 1)): [5518, 415, 351, 120, 33, 9, 4, 2, 1]
(2, (1, 0, 0), (0, 2)): [2461, 191, 147, 51, 12, 3, 1, 2]
(2, (1, 0, 0), (1, 0)): [4842, 351, 287, 90, 32, 12, 5, 1]
(2, (1, 0, 0), (1, 1)): [4700, 353, 282, 98, 24, 14, 4, 1, 1]
(2, (1, 0, 0), (1, 2)): [3412, 276, 195, 70, 20, 11, 1, 1, 1]
(2, (1, 0, 0), (2, 0)): [1356, 84, 75, 19, 14, 2, 3]
(2, (1, 0, 0), (2, 1)): [2279, 161, 145, 43, 14, 6, 3, 1]
(2, (1, 0, 0), (2, 2)): [2578, 189, 155, 60, 15, 8, 4, 0, 1]
(2, (1, 0, 0), (3, 0)): [226, 10, 11, 1, 3]
(2, (1, 0, 0), (3, 1)): [658, 48, 35, 13, 2, 1, 0, 1]
(2, (1, 0, 0), (3, 2)): [1142, 74, 65, 25, 7, 2, 0, 1]
(2, (1, 0, 1), (0, 0)): [2334, 487, 185, 159, 43, 13, 5, 2, 0, 1]
(2, (1, 0, 1), (0, 1)): [1074, 233, 88, 79, 17, 3, 3, 1, 0, 1]
(2, (1, 0, 1), (0, 2)): [478, 104, 38, 37, 6, 2, 1, 1]
(2, (1, 0, 1), (1, 0)): [960, 193, 76, 59, 17, 5, 1, 1]
(2, (1, 0, 1), (1, 1)): [886, 179, 71, 64, 16, 1, 2, 1, 0, 1]
(2, (1, 0, 1), (1, 2)): [653, 136, 47, 55, 10, 1, 2, 1, 0, 1]
(2, (1, 0, 1), (2, 0)): [292, 55, 18, 16, 5, 2]
(2, (1, 0, 1), (2, 1)): [456, 93, 39, 25, 10, 1, 0, 1]
(2, (1, 0, 1), (2, 2)): [526, 112, 39, 37, 11, 1, 1, 0, 0, 1]
(2, (1, 0, 1), (3, 0)): [37, 7, 5, 3, 1]
(2, (1, 0, 1), (3, 1)): [121, 23, 13, 4, 1, 0, 0, 1]
(2, (1, 0, 1), (3, 2)): [196, 52, 19, 12, 7, 0, 0, 1]
(2, (1, 1, 0), (0, 0)): [5127, 701, 416, 317, 101, 37, 12, 6, 2]
(2, (1, 1, 0), (0, 1)): [2364, 334, 190, 154, 47, 18, 6, 4, 1]
(2, (1, 1, 0), (0, 2)): [1066, 155, 87, 65, 18, 12, 2, 2]
(2, (1, 1, 0), (1, 0)): [2122, 268, 155, 126, 42, 13, 5, 1]
(2, (1, 1, 0), (1, 1)): [2074, 264, 159, 132, 40, 14, 4, 2, 1]
(2, (1, 1, 0), (1, 2)): [1538, 215, 114, 93, 28, 12, 1, 0, 1]
(2, (1, 1, 0), (2, 0)): [555, 72, 37, 30, 13, 5, 4]
(2, (1, 1, 0), (2, 1)): [961, 122, 81, 58, 19, 9, 5, 2]
(2, (1, 1, 0), (2, 2)): [1100, 143, 90, 75, 21, 8, 5, 1, 1]
(2, (1, 1, 0), (3, 0)): [105, 10, 6, 3, 1, 1]
(2, (1, 1, 0), (3, 1)): [293, 30, 19, 23, 3, 2, 0, 1]
(2, (1, 1, 0), (3, 2)): [514, 56, 37, 33, 13, 4, 0, 1]
(2, (1, 1, 1), (0, 0)): [1625, 228, 257, 134, 118, 39, 14, 7, 2]
(2, (1, 1, 1), (0, 1)): [754, 112, 125, 65, 51, 16, 8, 3, 1]
(2, (1, 1, 1), (0, 2)): [347, 51, 52, 28, 21, 7, 4, 2]
(2, (1, 1, 1), (1, 0)): [668, 88, 95, 47, 48, 15, 3, 2]
(2, (1, 1, 1), (1, 1)): [630, 93, 100, 47, 44, 11, 3, 2, 1]
(2, (1, 1, 1), (1, 2)): [478, 58, 74, 43, 27, 4, 2, 2, 1]
(2, (1, 1, 1), (2, 0)): [202, 22, 26, 11, 20, 10, 2]
(2, (1, 1, 1), (2, 1)): [313, 48, 51, 22, 25, 9, 2, 1]
(2, (1, 1, 1), (2, 2)): [360, 48, 57, 26, 23, 8, 3, 1, 1]
(2, (1, 1, 1), (3, 0)): [37, 6, 4, 1, 2, 2]
(2, (1, 1, 1), (3, 1)): [101, 14, 13, 9, 6, 3, 0, 1]
(2, (1, 1, 1), (3, 2)): [187, 18, 28, 11, 14, 3, 0, 1]
