(0, (0, 0, 0)): [963685, 187374, 84705, 37910, 16492, 6844, 2759, 1113, 429, 177, 71, 31, 10, 6, 1]
(0, (0, 0, 1)): [3827, 10325, 2757, 1334, 617, 246, 107, 35, 11, 9, 5, 2, 0, 1]
(0, (0, 1, 0)): [37153, 32293, 12670, 6154, 2822, 1190, 503, 212, 82, 42, 13, 2, 1, 2, 1]
(0, (0, 1, 1)): [3021, 4658, 5345, 2522, 1282, 630, 252, 111, 55, 26, 4, 3, 2]
(0, (1, 0, 0)): [199921, 63400, 40509, 19724, 9176, 4037, 1615, 683, 277, 119, 50, 19, 8, 3, 1]
(0, (1, 0, 1)): [5245, 14046, 5626, 3920, 1995, 898, 409, 153, 80, 28, 19, 5, 1, 1, 1]
(0, (1, 1, 0)): [28232, 16563, 12004, 8738, 4503, 2104, 853, 389, 162, 74, 29, 10, 4, 3]
(0, (1, 1, 1)): [3003, 4477, 3841, 2711, 2181, 1098, 487, 223, 104, 45, 15, 4, 4, 1]
(1, (0, 0, 0)): [791617, 84415, 34082, 13328, 5026, 1821, 727, 245, 88, 34, 14, 6, 2, 1]
(1, (0, 0, 1)): [21232, 28183, 5562, 2376, 948, 394, 131, 40, 19, 9, 5, 1, 1]
(1, (0, 1, 0)): [107160, 42831, 15979, 6918, 2730, 1034, 337, 160, 54, 15, 12, 2, 3]
(1, (0, 1, 1)): [16348, 12365, 10434, 4177, 2217, 844, 334, 128, 47, 21, 3, 3, 1]
(1, (1, 0, 0)): [286555, 48203, 31742, 13126, 5265, 1973, 808, 272, 103, 41, 13, 7, 2, 1]
(1, (1, 0, 1)): [24487, 25218, 7926, 5446, 2336, 888, 382, 137, 35, 20, 3, 3]
(1, (1, 1, 0)): [80875, 22919, 14945, 10991, 4403, 1736, 670, 278, 115, 33, 11, 6, 4, 1]
(1, (1, 1, 1)): [17170, 11641, 7679, 4814, 3570, 1477, 578, 216, 89, 31, 6, 4, 3, 1]
(2, (0, 0, 0)): [691993, 31418, 10296, 3274, 1036, 309, 107, 33, 4, 5, 3]
(2, (0, 0, 1)): [61048, 17120, 3675, 1220, 427, 137, 33, 14, 4]
(2, (0, 1, 0)): [165544, 32244, 9241, 3242, 1083, 350, 94, 36, 10, 8, 5]
(2, (0, 1, 1)): [36176, 2811, 7216, 1997, 807, 255, 84, 20, 8, 1, 1]
(2, (1, 0, 0)): [343572, 23542, 16293, 5125, 1598, 508, 195, 53, 6, 7, 3]
(2, (1, 0, 1)): [61939, 13516, 5136, 3294, 1087, 350, 112, 36, 12, 5, 0, 1]
(2, (1, 1, 0)): [137125, 19607, 9669, 6997, 2228, 675, 248, 85, 21, 12, 3, 1]
(2, (1, 1, 1)): [39485, 4964, 6354, 2982, 2258, 684, 241, 72, 19, 3, 2, 1]
