(0, (0, 0, 0), (0, 0)): [30254, 5748, 2791, 1331, 592, 250, 101, 36, 21, 5, 1, 2]
(0, (0, 0, 0), (0, 1)): [16123, 2871, 1324, 646, 282, 126, 37, 19, 6, 3, 1, 2]
(0, (0, 0, 0), (0, 2)): [7100, 1092, 468, 249, 99, 34, 15, 7, 3, 1, 0, 2]
(0, (0, 0, 0), (1, 0)): [11146, 2142, 1121, 527, 244, 94, 54, 15, 12, 1]
(0, (0, 0, 0), (1, 1)): [12301, 2236, 1117, 535, 254, 102, 32, 18, 8, 1, 1]
(0, (0, 0, 0), (1, 2)): [9711, 1559, 704, 355, 163, 56, 19, 9, 4, 1, 0, 1]
(0, (0, 0, 0), (2, 0)): [3439, 699, 420, 191, 80, 42, 28, 5, 6, 1]
(0, (0, 0, 0), (2, 1)): [5945, 1183, 631, 305, 126, 58, 33, 12, 6, 2, 1]
(0, (0, 0, 0), (2, 2)): [7669, 1336, 652, 317, 128, 60, 33, 11, 3, 0, 0, 1]
(0, (0, 0, 0), (3, 0)): [958, 213, 176, 66, 36, 18, 10, 1, 3]
(0, (0, 0, 0), (3, 1)): [2189, 491, 327, 155, 78, 35, 11, 5, 6, 0, 1]
(0, (0, 0, 0), (3, 2)): [3958, 783, 442, 235, 90, 46, 21, 9, 3, 0, 1, 1]
(0, (0, 0, 1), (0, 0)): [63, 197, 51, 27, 10, 2, 1]
(0, (0, 0, 1), (0, 1)): [28, 101, 24, 12, 3, 2]
(0, (0, 0, 1), (0, 2)): [12, 38, 11, 4, 0, 1]
(0, (0, 0, 1), (1, 0)): [32, 74, 21, 13, 7, 0, 1]
(0, (0, 0, 1), (1, 1)): [28, 75, 24, 9, 6]
(0, (0, 0, 1), (1, 2)): [23, 53, 17, 7, 4, 1]
(0, (0, 0, 1), (2, 0)): [15, 29, 3, 7, 1, 0, 1]
(0, (0, 0, 1), (2, 1)): [12, 43, 10, 7, 3]
(0, (0, 0, 1), (2, 2)): [19, 52, 14, 6, 4, 1]
(0, (0, 0, 1), (3, 0)): [8, 10, 1, 2]
(0, (0, 0, 1), (3, 1)): [6, 11, 5, 5]
(0, (0, 0, 1), (3, 2)): [14, 25, 10, 7, 1]
(0, (0, 1, 0), (0, 0)): [1094, 899, 380, 213, 88, 41, 21, 7, 7, 1]
(0, (0, 1, 0), (0, 1)): [535, 426, 163, 79, 42, 18, 9, 3, 3, 1]
(0, (0, 1, 0), (0, 2)): [246, 164, 70, 30, 16, 6, 2, 0, 1]
(0, (0, 1, 0), (1, 0)): [449, 340, 172, 104, 33, 16, 10, 3, 4]
(0, (0, 1, 0), (1, 1)): [462, 339, 142, 81, 33, 10, 13, 5, 3, 1]
(0, (0, 1, 0), (1, 2)): [369, 244, 96, 49, 25, 9, 4, 3, 2]
(0, (0, 1, 0), (2, 0)): [146, 116, 61, 51, 14, 7, 2, 0, 2]
(0, (0, 1, 0), (2, 1)): [224, 170, 88, 60, 15, 7, 8, 2, 2]
(0, (0, 1, 0), (2, 2)): [299, 228, 82, 59, 22, 9, 5, 2, 3]
(0, (0, 1, 0), (3, 0)): [53, 32, 12, 15, 7, 1, 0, 0, 1]
(0, (0, 1, 0), (3, 1)): [96, 79, 36, 27, 12, 2, 5]
(0, (0, 1, 0), (3, 2)): [172, 136, 53, 42, 13, 6, 2, 2, 1]
(0, (0, 1, 1), (0, 0)): [90, 151, 170, 88, 59, 23, 8, 8, 1, 1]
(0, (0, 1, 1), (0, 1)): [44, 83, 88, 39, 28, 9, 1, 2]
(0, (0, 1, 1), (0, 2)): [19, 39, 34, 14, 8, 3, 1]
(0, (0, 1, 1), (1, 0)): [39, 49, 64, 40, 25, 12, 5, 4, 1, 1]
(0, (0, 1, 1), (1, 1)): [42, 51, 67, 31, 22, 12, 3, 2, 0, 1]
(0, (0, 1, 1), (1, 2)): [30, 47, 48, 20, 7, 9]
(0, (0, 1, 1), (2, 0)): [16, 20, 14, 18, 12, 4, 1, 2]
(0, (0, 1, 1), (2, 1)): [24, 27, 22, 17, 19, 3, 3, 3, 0, 1]
(0, (0, 1, 1), (2, 2)): [33, 29, 33, 20, 15, 7]
(0, (0, 1, 1), (3, 0)): [7, 6, 7, 9, 4, 2, 1, 1]
(0, (0, 1, 1), (3, 1)): [12, 10, 11, 10, 7, 3, 2, 2, 0, 1]
(0, (0, 1, 1), (3, 2)): [13, 15, 18, 13, 10, 5, 1, 1]
(0, (1, 0, 0), (0, 0)): [5601, 1586, 1283, 619, 323, 147, 50, 24, 13, 2, 1]
(0, (1, 0, 0), (0, 1)): [2901, 722, 584, 283, 144, 59, 19, 6, 7, 2]
(0, (1, 0, 0), (0, 2)): [1322, 269, 220, 108, 57, 17, 3, 1]
(0, (1, 0, 0), (1, 0)): [2035, 651, 514, 262, 133, 57, 25, 13, 2, 0, 1]
(0, (1, 0, 0), (1, 1)): [2063, 599, 488, 219, 116, 53, 19, 8, 7, 2]
(0, (1, 0, 0), (1, 2)): [1619, 390, 319, 136, 90, 24, 11, 4, 2]
(0, (1, 0, 0), (2, 0)): [625, 212, 163, 105, 54, 22, 13, 7, 0, 0, 1]
(0, (1, 0, 0), (2, 1)): [959, 285, 240, 124, 61, 28, 11, 8, 1]
(0, (1, 0, 0), (2, 2)): [1130, 318, 238, 112, 71, 24, 7, 8, 2]
(0, (1, 0, 0), (3, 0)): [177, 66, 47, 36, 22, 9, 5, 2, 0, 0, 1]
(0, (1, 0, 0), (3, 1)): [359, 126, 112, 76, 31, 13, 5]
(0, (1, 0, 0), (3, 2)): [566, 188, 145, 82, 45, 17, 7, 4, 2]
(0, (1, 0, 1), (0, 0)): [112, 342, 127, 120, 56, 25, 10, 4, 4]
(0, (1, 0, 1), (0, 1)): [63, 174, 53, 51, 27, 11, 3, 2, 1]
(0, (1, 0, 1), (0, 2)): [32, 61, 19, 15, 8, 4, 1, 2]
(0, (1, 0, 1), (1, 0)): [40, 114, 52, 44, 23, 10, 6, 2, 2]
(0, (1, 0, 1), (1, 1)): [48, 123, 51, 36, 17, 12, 4]
(0, (1, 0, 1), (1, 2)): [31, 101, 32, 27, 14, 5, 2, 1]
(0, (1, 0, 1), (2, 0)): [9, 33, 15, 20, 11, 1, 2, 2, 2]
(0, (1, 0, 1), (2, 1)): [24, 52, 24, 15, 10, 6, 4, 1, 1]
(0, (1, 0, 1), (2, 2)): [24, 74, 25, 18, 15, 5, 3, 0, 1]
(0, (1, 0, 1), (3, 0)): [4, 10, 6, 7, 3, 0, 1, 1, 1]
(0, (1, 0, 1), (3, 1)): [8, 14, 9, 7, 3, 2, 2, 1]
(0, (1, 0, 1), (3, 2)): [13, 35, 16, 14, 5, 5, 1, 1]
(0, (1, 1, 0), (0, 0)): [893, 509, 360, 310, 158, 77, 30, 14, 7, 1]
(0, (1, 1, 0), (0, 1)): [455, 259, 164, 155, 70, 25, 9, 6, 3]
(0, (1, 1, 0), (0, 2)): [218, 101, 65, 58, 27, 13, 4, 4, 1]
(0, (1, 1, 0), (1, 0)): [310, 189, 144, 129, 69, 39, 15, 7]
(0, (1, 1, 0), (1, 1)): [324, 201, 122, 119, 60, 24, 5, 3, 2]
(0, (1, 1, 0), (1, 2)): [286, 135, 92, 76, 30, 16, 2, 3, 2]
(0, (1, 1, 0), (2, 0)): [101, 58, 61, 47, 26, 14, 12, 4]
(0, (1, 1, 0), (2, 1)): [157, 86, 70, 68, 40, 17, 9, 3]
(0, (1, 1, 0), (2, 2)): [206, 106, 76, 59, 31, 18, 6, 1]
(0, (1, 1, 0), (3, 0)): [23, 21, 16, 11, 10, 6, 7, 2]
(0, (1, 1, 0), (3, 1)): [45, 30, 35, 24, 16, 9, 6, 3]
(0, (1, 1, 0), (3, 2)): [94, 57, 50, 37, 27, 8, 8, 3]
(0, (1, 1, 1), (0, 0)): [82, 152, 113, 98, 78, 47, 25, 15, 4, 2]
(0, (1, 1, 1), (0, 1)): [42, 76, 47, 45, 38, 21, 14, 5, 2]
(0, (1, 1, 1), (0, 2)): [27, 43, 13, 16, 16, 5, 4, 2, 2]
(0, (1, 1, 1), (1, 0)): [33, 51, 48, 38, 22, 17, 10, 7, 1, 1]
(0, (1, 1, 1), (1, 1)): [29, 48, 41, 30, 25, 19, 9, 5]
(0, (1, 1, 1), (1, 2)): [24, 43, 25, 23, 21, 12, 5, 3, 1]
(0, (1, 1, 1), (2, 0)): [11, 17, 21, 14, 12, 8, 5, 1, 1]
(0, (1, 1, 1), (2, 1)): [15, 25, 19, 23, 15, 10, 7, 1]
(0, (1, 1, 1), (2, 2)): [17, 23, 18, 24, 16, 11, 7, 2]
(0, (1, 1, 1), (3, 0)): [3, 5, 7, 2, 3, 2, 1, 1]
(0, (1, 1, 1), (3, 1)): [7, 7, 8, 10, 7, 6]
(0, (1, 1, 1), (3, 2)): [7, 7, 14, 12, 8, 6, 4, 2]
(1, (0, 0, 0), (0, 0)): [25502, 2806, 1124, 510, 190, 62, 25, 6, 2, 2, 0, 2]
(1, (0, 0, 0), (0, 1)): [13378, 1340, 518, 247, 85, 29, 12, 3, 1, 0, 0, 1]
(1, (0, 0, 0), (0, 2)): [5983, 499, 176, 86, 34, 9, 3, 3]
(1, (0, 0, 0), (1, 0)): [9600, 1103, 481, 209, 70, 28, 11, 1, 1, 2, 0, 1]
(1, (0, 0, 0), (1, 1)): [10336, 1076, 442, 207, 65, 30, 13, 1, 1, 0, 0, 2]
(1, (0, 0, 0), (1, 2)): [8317, 737, 283, 115, 36, 16, 5, 2, 1]
(1, (0, 0, 0), (2, 0)): [3059, 392, 191, 73, 26, 12, 3, 0, 0, 2]
(1, (0, 0, 0), (2, 1)): [5148, 586, 245, 142, 40, 18, 9, 0, 0, 0, 0, 2]
(1, (0, 0, 0), (2, 2)): [6651, 641, 243, 126, 44, 17, 5, 1, 0, 0, 0, 1]
(1, (0, 0, 0), (3, 0)): [864, 118, 78, 27, 16, 3, 1, 0, 0, 1]
(1, (0, 0, 0), (3, 1)): [1983, 243, 133, 71, 21, 3, 6, 0, 0, 1]
(1, (0, 0, 0), (3, 2)): [3485, 430, 177, 98, 31, 8, 5, 1, 0, 0, 0, 1]
(1, (0, 0, 1), (0, 0)): [405, 648, 127, 70, 25, 13, 3, 0, 1]
(1, (0, 0, 1), (0, 1)): [217, 283, 52, 26, 8, 4]
(1, (0, 0, 1), (0, 2)): [98, 107, 13, 13, 2, 2]
(1, (0, 0, 1), (1, 0)): [159, 262, 52, 34, 15, 8, 2, 0, 1]
(1, (0, 0, 1), (1, 1)): [173, 245, 53, 24, 9, 2, 1]
(1, (0, 0, 1), (1, 2)): [152, 147, 29, 19, 7, 2, 1]
(1, (0, 0, 1), (2, 0)): [66, 97, 26, 18, 7, 4, 0, 0, 1]
(1, (0, 0, 1), (2, 1)): [88, 137, 36, 15, 8, 1]
(1, (0, 0, 1), (2, 2)): [126, 135, 31, 13, 6, 2, 1]
(1, (0, 0, 1), (3, 0)): [22, 36, 9, 7, 2, 3, 0, 0, 1]
(1, (0, 0, 1), (3, 1)): [40, 60, 22, 9, 4, 2, 0, 0, 1]
(1, (0, 0, 1), (3, 2)): [70, 76, 19, 9, 6, 3]
(1, (0, 1, 0), (0, 0)): [2745, 1034, 454, 238, 84, 21, 9, 6, 1]
(1, (0, 1, 0), (0, 1)): [1380, 495, 198, 110, 40, 8, 3, 1, 1]
(1, (0, 1, 0), (0, 2)): [605, 173, 77, 38, 23, 2, 0, 1]
(1, (0, 1, 0), (1, 0)): [1116, 418, 203, 108, 36, 8, 5, 5]
(1, (0, 1, 0), (1, 1)): [1125, 444, 170, 93, 28, 6, 5, 3]
(1, (0, 1, 0), (1, 2)): [857, 284, 106, 65, 21, 2, 2]
(1, (0, 1, 0), (2, 0)): [413, 135, 79, 46, 16, 5, 3, 2]
(1, (0, 1, 0), (2, 1)): [638, 227, 97, 53, 23, 4, 2, 4]
(1, (0, 1, 0), (2, 2)): [753, 243, 95, 63, 16, 3, 1, 3]
(1, (0, 1, 0), (3, 0)): [131, 48, 25, 20, 7, 4, 3]
(1, (0, 1, 0), (3, 1)): [266, 97, 46, 29, 16, 6, 3, 1]
(1, (0, 1, 0), (3, 2)): [448, 145, 59, 56, 14, 3, 3, 3]
(1, (0, 1, 1), (0, 0)): [464, 353, 327, 157, 81, 30, 11, 2, 1]
(1, (0, 1, 1), (0, 1)): [232, 153, 131, 67, 34, 13, 7, 1]
(1, (0, 1, 1), (0, 2)): [123, 61, 46, 20, 11, 5, 4]
(1, (0, 1, 1), (1, 0)): [210, 151, 139, 62, 37, 14, 4, 1, 1]
(1, (0, 1, 1), (1, 1)): [184, 125, 112, 59, 31, 12, 3, 1, 1]
(1, (0, 1, 1), (1, 2)): [173, 72, 71, 29, 19, 7, 2, 0, 1]
(1, (0, 1, 1), (2, 0)): [80, 63, 55, 28, 17, 7, 1]
(1, (0, 1, 1), (2, 1)): [94, 61, 67, 33, 22, 6, 1, 1]
(1, (0, 1, 1), (2, 2)): [140, 57, 73, 25, 16, 9, 0, 1, 1]
(1, (0, 1, 1), (3, 0)): [36, 34, 18, 15, 8, 5, 1]
(1, (0, 1, 1), (3, 1)): [41, 25, 24, 17, 12, 3, 1]
(1, (0, 1, 1), (3, 2)): [69, 39, 47, 12, 16, 6, 1, 1, 1]
(1, (1, 0, 0), (0, 0)): [8912, 1384, 1081, 489, 207, 75, 25, 7, 3, 2, 0, 1]
(1, (1, 0, 0), (0, 1)): [4548, 628, 490, 233, 93, 33, 7, 2, 2, 1]
(1, (1, 0, 0), (0, 2)): [1970, 236, 178, 87, 32, 13, 1, 0, 1]
(1, (1, 0, 0), (1, 0)): [3309, 582, 446, 190, 79, 31, 13, 3, 1, 0, 0, 1]
(1, (1, 0, 0), (1, 1)): [3349, 506, 378, 173, 67, 17, 10, 2, 0, 1, 0, 1]
(1, (1, 0, 0), (1, 2)): [2511, 310, 254, 103, 46, 14, 6, 0, 1, 1]
(1, (1, 0, 0), (2, 0)): [1069, 203, 172, 75, 31, 14, 6, 2, 1]
(1, (1, 0, 0), (2, 1)): [1644, 266, 214, 108, 39, 14, 5, 3]
(1, (1, 0, 0), (2, 2)): [1884, 254, 205, 89, 39, 13, 6, 1, 1, 1]
(1, (1, 0, 0), (3, 0)): [276, 76, 50, 22, 11, 4, 5, 0, 1]
(1, (1, 0, 0), (3, 1)): [618, 115, 97, 64, 17, 8, 5, 1, 1]
(1, (1, 0, 0), (3, 2)): [967, 175, 126, 69, 20, 7, 6, 0, 1, 1]
(1, (1, 0, 1), (0, 0)): [611, 702, 217, 191, 68, 27, 5, 4, 2, 1]
(1, (1, 0, 1), (0, 1)): [327, 315, 94, 97, 30, 11, 4, 1, 1, 1]
(1, (1, 0, 1), (0, 2)): [180, 117, 33, 33, 12, 1, 2, 0, 1]
(1, (1, 0, 1), (1, 0)): [220, 251, 94, 72, 25, 10, 1, 3, 1]
(1, (1, 0, 1), (1, 1)): [212, 225, 79, 67, 21, 7, 1, 3, 1, 1]
(1, (1, 0, 1), (1, 2)): [205, 146, 44, 49, 15, 4, 1, 1, 1]
(1, (1, 0, 1), (2, 0)): [69, 76, 33, 26, 12, 6, 1]
(1, (1, 0, 1), (2, 1)): [103, 104, 36, 27, 14, 6, 0, 1, 0, 1]
(1, (1, 0, 1), (2, 2)): [124, 105, 37, 29, 12, 6, 0, 2]
(1, (1, 0, 1), (3, 0)): [15, 20, 13, 11, 4, 1, 1]
(1, (1, 0, 1), (3, 1)): [40, 36, 17, 16, 7]
(1, (1, 0, 1), (3, 2)): [71, 56, 26, 11, 7, 4]
(1, (1, 1, 0), (0, 0)): [2448, 627, 467, 406, 160, 61, 26, 8, 1, 1]
(1, (1, 1, 0), (0, 1)): [1205, 324, 206, 180, 61, 25, 11, 4]
(1, (1, 1, 0), (0, 2)): [548, 139, 75, 69, 26, 10, 1, 1]
(1, (1, 1, 0), (1, 0)): [970, 235, 209, 169, 70, 24, 12, 3, 0, 1]
(1, (1, 1, 0), (1, 1)): [952, 237, 175, 157, 41, 20, 11, 4]
(1, (1, 1, 0), (1, 2)): [739, 163, 103, 102, 33, 15, 5, 3]
(1, (1, 1, 0), (2, 0)): [327, 89, 81, 54, 33, 7, 5, 1, 0, 1]
(1, (1, 1, 0), (2, 1)): [480, 113, 105, 81, 30, 13, 8, 2]
(1, (1, 1, 0), (2, 2)): [569, 135, 88, 75, 27, 13, 4, 1]
(1, (1, 1, 0), (3, 0)): [93, 39, 26, 13, 14, 2, 1]
(1, (1, 1, 0), (3, 1)): [182, 60, 50, 33, 17, 6, 6, 1]
(1, (1, 1, 0), (3, 2)): [290, 94, 68, 39, 21, 8, 2, 2]
(1, (1, 1, 1), (0, 0)): [443, 369, 219, 143, 124, 50, 22, 7, 1, 1]
(1, (1, 1, 1), (0, 1)): [238, 165, 106, 63, 59, 23, 8, 5, 1]
(1, (1, 1, 1), (0, 2)): [112, 60, 43, 28, 24, 7, 5, 1]
(1, (1, 1, 1), (1, 0)): [149, 148, 80, 62, 48, 21, 13, 2, 0, 1]
(1, (1, 1, 1), (1, 1)): [170, 152, 74, 46, 44, 13, 6, 4]
(1, (1, 1, 1), (1, 2)): [145, 98, 54, 29, 25, 5, 7, 1]
(1, (1, 1, 1), (2, 0)): [46, 47, 30, 21, 23, 9, 2, 1, 0, 1]
(1, (1, 1, 1), (2, 1)): [87, 71, 38, 29, 29, 14, 2, 3, 0, 1]
(1, (1, 1, 1), (2, 2)): [116, 79, 35, 29, 27, 10, 4]
(1, (1, 1, 1), (3, 0)): [7, 9, 13, 7, 8, 2, 1]
(1, (1, 1, 1), (3, 1)): [19, 21, 23, 10, 9, 7, 2, 2, 0, 1]
(1, (1, 1, 1), (3, 2)): [46, 30, 20, 18, 14, 11, 2, 1]
(2, (0, 0, 0), (0, 0)): [22537, 1165, 353, 102, 32, 8, 2, 3, 0, 0, 0, 1]
(2, (0, 0, 0), (0, 1)): [11704, 503, 138, 39, 13, 4, 2]
(2, (0, 0, 0), (0, 2)): [5178, 159, 41, 13, 5]
(2, (0, 0, 0), (1, 0)): [8554, 477, 174, 52, 16, 3, 0, 2]
(2, (0, 0, 0), (1, 1)): [9202, 425, 137, 48, 9, 4, 1, 1]
(2, (0, 0, 0), (1, 2)): [7190, 267, 76, 27, 7, 2]
(2, (0, 0, 0), (2, 0)): [2825, 189, 86, 19, 6, 1, 0, 1]
(2, (0, 0, 0), (2, 1)): [4626, 236, 88, 30, 4, 1, 1, 2]
(2, (0, 0, 0), (2, 2)): [5785, 231, 78, 30, 6, 2, 1, 1]
(2, (0, 0, 0), (3, 0)): [811, 64, 35, 9, 6]
(2, (0, 0, 0), (3, 1)): [1889, 120, 59, 21, 4, 0, 0, 1]
(2, (0, 0, 0), (3, 2)): [3232, 151, 78, 34, 5, 1, 0, 1]
(2, (0, 0, 1), (0, 0)): [1622, 443, 125, 47, 11, 2, 3, 0, 1]
(2, (0, 0, 1), (0, 1)): [778, 191, 51, 19, 3, 0, 1]
(2, (0, 0, 1), (0, 2)): [350, 56, 18, 6, 1, 0, 1]
(2, (0, 0, 1), (1, 0)): [702, 201, 59, 22, 6, 2, 2, 0, 1]
(2, (0, 0, 1), (1, 1)): [675, 176, 52, 18, 4]
(2, (0, 0, 1), (1, 2)): [537, 101, 21, 12, 2]
(2, (0, 0, 1), (2, 0)): [280, 76, 26, 13, 3, 1, 2, 0, 1]
(2, (0, 0, 1), (2, 1)): [369, 101, 38, 14, 2, 0, 1]
(2, (0, 0, 1), (2, 2)): [463, 96, 25, 16, 2, 0, 1]
(2, (0, 0, 1), (3, 0)): [113, 27, 11, 7, 2, 0, 1, 0, 1]
(2, (0, 0, 1), (3, 1)): [173, 42, 23, 6, 2, 0, 1, 0, 1]
(2, (0, 0, 1), (3, 2)): [272, 59, 22, 15, 2, 0, 2, 0, 1]
(2, (0, 1, 0), (0, 0)): [4801, 859, 290, 93, 37, 6, 3, 2, 1]
(2, (0, 1, 0), (0, 1)): [2397, 380, 123, 34, 11, 4, 1, 1, 1]
(2, (0, 1, 0), (0, 2)): [1027, 132, 38, 10, 4, 1, 1]
(2, (0, 1, 0), (1, 0)): [1978, 383, 132, 57, 23, 2, 1, 1]
(2, (0, 1, 0), (1, 1)): [1978, 323, 104, 39, 8, 5, 1, 1, 1]
(2, (0, 1, 0), (1, 2)): [1515, 197, 62, 20, 4, 2, 1, 0, 1]
(2, (0, 1, 0), (2, 0)): [790, 153, 58, 29, 15, 0, 0, 1]
(2, (0, 1, 0), (2, 1)): [1107, 186, 58, 30, 8, 2, 1, 1]
(2, (0, 1, 0), (2, 2)): [1342, 184, 56, 24, 4, 2, 2, 1]
(2, (0, 1, 0), (3, 0)): [297, 46, 24, 18, 8, 0, 0, 1]
(2, (0, 1, 0), (3, 1)): [494, 70, 30, 20, 5, 2]
(2, (0, 1, 0), (3, 2)): [835, 111, 34, 20, 5, 2, 1, 1]
(2, (0, 1, 1), (0, 0)): [1208, 88, 203, 77, 26, 12, 4, 1]
(2, (0, 1, 1), (0, 1)): [579, 35, 97, 31, 11, 6, 1]
(2, (0, 1, 1), (0, 2)): [266, 9, 31, 11, 7, 2, 1]
(2, (0, 1, 1), (1, 0)): [552, 49, 90, 38, 15, 6, 3, 1]
(2, (0, 1, 1), (1, 1)): [503, 40, 83, 31, 12, 6, 1]
(2, (0, 1, 1), (1, 2)): [417, 20, 48, 15, 7, 5, 1]
(2, (0, 1, 1), (2, 0)): [235, 24, 38, 14, 7, 4, 1, 1]
(2, (0, 1, 1), (2, 1)): [289, 30, 46, 21, 9, 3]
(2, (0, 1, 1), (2, 2)): [366, 25, 47, 15, 8, 5]
(2, (0, 1, 1), (3, 0)): [111, 13, 16, 6, 6, 3, 1, 1]
(2, (0, 1, 1), (3, 1)): [129, 15, 18, 7, 6, 2, 0, 1]
(2, (0, 1, 1), (3, 2)): [236, 21, 29, 11, 7, 5, 0, 1]
(2, (1, 0, 0), (0, 0)): [11011, 733, 518, 189, 45, 17, 2, 5, 1, 0, 0, 1]
(2, (1, 0, 0), (0, 1)): [5542, 308, 209, 76, 15, 11, 1, 1, 0, 0, 0, 1]
(2, (1, 0, 0), (0, 2)): [2344, 94, 57, 25, 6, 0, 0, 1, 0, 0, 0, 1]
(2, (1, 0, 0), (1, 0)): [4139, 341, 223, 88, 22, 4, 1, 3, 1]
(2, (1, 0, 0), (1, 1)): [4186, 279, 179, 72, 13, 8]
(2, (1, 0, 0), (1, 2)): [3114, 149, 95, 41, 9, 1, 0, 1, 0, 0, 0, 1]
(2, (1, 0, 0), (2, 0)): [1278, 130, 84, 37, 7, 1, 0, 1]
(2, (1, 0, 0), (2, 1)): [2050, 155, 95, 43, 6, 6, 0, 1]
(2, (1, 0, 0), (2, 2)): [2380, 144, 91, 37, 10, 2, 0, 1]
(2, (1, 0, 0), (3, 0)): [379, 53, 25, 7, 2]
(2, (1, 0, 0), (3, 1)): [805, 75, 47, 18, 5]
(2, (1, 0, 0), (3, 2)): [1282, 115, 64, 28, 10, 0, 0, 1]
(2, (1, 0, 1), (0, 0)): [1792, 361, 147, 126, 39, 9, 4, 3, 2, 1]
(2, (1, 0, 1), (0, 1)): [933, 143, 61, 47, 12, 3, 1, 1, 2]
(2, (1, 0, 1), (0, 2)): [407, 48, 20, 18, 7, 0, 1]
(2, (1, 0, 1), (1, 0)): [675, 156, 70, 65, 21, 5, 3, 1, 0, 1]
(2, (1, 0, 1), (1, 1)): [646, 119, 47, 37, 11, 4, 3, 2, 1, 1]
(2, (1, 0, 1), (1, 2)): [518, 64, 24, 19, 8, 2, 1, 1]
(2, (1, 0, 1), (2, 0)): [234, 49, 30, 24, 11, 2]
(2, (1, 0, 1), (2, 1)): [330, 60, 36, 24, 8, 3, 0, 0, 1, 1]
(2, (1, 0, 1), (2, 2)): [378, 61, 19, 17, 7, 1]
(2, (1, 0, 1), (3, 0)): [70, 12, 6, 10, 5, 1]
(2, (1, 0, 1), (3, 1)): [133, 19, 22, 11, 9, 3, 0, 0, 1, 1]
(2, (1, 0, 1), (3, 2)): [171, 32, 15, 14, 6, 2, 0, 0, 0, 1]
(2, (1, 1, 0), (0, 0)): [3976, 524, 280, 252, 67, 26, 4, 4, 1, 0, 1, 1]
(2, (1, 1, 0), (0, 1)): [1998, 256, 107, 103, 25, 10, 0, 0, 0, 0, 0, 1]
(2, (1, 1, 0), (0, 2)): [887, 81, 34, 37, 10]
(2, (1, 1, 0), (1, 0)): [1557, 189, 129, 113, 35, 13, 3, 4, 1]
(2, (1, 1, 0), (1, 1)): [1571, 191, 111, 86, 24, 12, 1, 1, 1, 0, 0, 1]
(2, (1, 1, 0), (1, 2)): [1235, 106, 65, 57, 12, 3, 0, 0, 0, 0, 0, 1]
(2, (1, 1, 0), (2, 0)): [537, 67, 47, 41, 16, 5, 2, 3]
(2, (1, 1, 0), (2, 1)): [822, 95, 63, 50, 18, 10, 1, 2, 1]
(2, (1, 1, 0), (2, 2)): [990, 74, 57, 51, 8, 4, 0, 0, 1]
(2, (1, 1, 0), (3, 0)): [158, 21, 27, 16, 6, 0, 2, 2]
(2, (1, 1, 0), (3, 1)): [350, 44, 35, 29, 13, 4, 1, 1]
(2, (1, 1, 0), (3, 2)): [591, 49, 49, 33, 8, 4]
(2, (1, 1, 1), (0, 0)): [1158, 178, 186, 96, 82, 27, 9, 4, 1, 1]
(2, (1, 1, 1), (0, 1)): [648, 62, 84, 44, 29, 12, 7, 1, 0, 1]
(2, (1, 1, 1), (0, 2)): [318, 22, 29, 6, 13, 4, 2]
(2, (1, 1, 1), (1, 0)): [387, 104, 75, 44, 40, 10, 2, 2, 1]
(2, (1, 1, 1), (1, 1)): [460, 68, 68, 44, 25, 10, 4, 3, 1]
(2, (1, 1, 1), (1, 2)): [397, 38, 37, 22, 19, 8, 2]
(2, (1, 1, 1), (2, 0)): [101, 54, 29, 18, 17, 5, 1]
(2, (1, 1, 1), (2, 1)): [186, 49, 39, 26, 13, 2, 3, 2]
(2, (1, 1, 1), (2, 2)): [281, 34, 34, 21, 16, 4, 2, 1]
(2, (1, 1, 1), (3, 0)): [16, 35, 14, 7, 9, 3]
(2, (1, 1, 1), (3, 1)): [50, 45, 18, 16, 10, 1, 1, 1]
(2, (1, 1, 1), (3, 2)): [120, 45, 21, 23, 11, 3, 2, 2]
