(0, (0, 0, 0), (0, 0)): [17600, 3212, 1353, 638, 286, 98, 36, 12, 4, 1]
(0, (0, 0, 0), (0, 1)): [221, 33, 10, 7, 2, 0, 1, 1]
(0, (0, 0, 0), (0, 2)): [94, 17, 2, 3, 0, 0, 1, 1]
(0, (0, 0, 0), (1, 0)): [156, 30, 12, 1, 0, 2, 2]
(0, (0, 0, 0), (1, 1)): [144, 21, 13, 5, 1]
(0, (0, 0, 0), (1, 2)): [114, 15, 5, 3, 0, 0, 0, 1]
(0, (0, 0, 0), (2, 0)): [49, 13, 4, 0, 0, 2, 1]
(0, (0, 0, 0), (2, 1)): [72, 16, 5, 2, 0, 1]
(0, (0, 0, 0), (2, 2)): [81, 16, 1, 1, 0, 1]
(0, (0, 0, 0), (3, 0)): [14, 6, 3, 0, 0, 1, 1]
(0, (0, 0, 0), (3, 1)): [21, 5, 5, 0, 0, 0, 1]
(0, (0, 0, 0), (3, 2)): [34, 11, 5, 0, 0, 1, 1]
(0, (0, 0, 1), (0, 0)): [124, 286, 79, 38, 18, 6, 2, 1]
(0, (0, 0, 1), (1, 0)): [1, 3]
(0, (0, 0, 1), (1, 1)): [1, 1]
(0, (0, 0, 1), (1, 2)): [1]
(0, (0, 0, 1), (2, 0)): [0, 2]
(0, (0, 0, 1), (2, 1)): [0, 1]
(0, (0, 1, 0), (0, 0)): [565, 568, 181, 96, 50, 10, 6]
(0, (0, 1, 0), (0, 1)): [6, 6, 1, 1]
(0, (0, 1, 0), (0, 2)): [2, 1, 0, 1]
(0, (0, 1, 0), (1, 0)): [9, 5, 1, 1]
(0, (0, 1, 0), (1, 1)): [8, 4, 1]
(0, (0, 1, 0), (1, 2)): [3, 2, 1, 1]
(0, (0, 1, 0), (2, 0)): [1, 4, 0, 1]
(0, (0, 1, 0), (2, 2)): [5, 1, 0, 1]
(0, (0, 1, 0), (3, 0)): [1, 2]
(0, (0, 1, 1), (0, 0)): [51, 80, 95, 51, 15, 9, 4, 1]
(0, (1, 0, 0), (0, 0)): [3924, 1331, 715, 363, 167, 71, 20, 7, 4, 1]
(0, (1, 0, 0), (0, 1)): [39, 5, 2, 2, 0, 1, 1]
(0, (1, 0, 0), (0, 2)): [14, 2, 0, 1, 0, 1, 1]
(0, (1, 0, 0), (1, 0)): [23, 13, 6, 1, 0, 1]
(0, (1, 0, 0), (1, 1)): [21, 6, 4, 0, 0, 1]
(0, (1, 0, 0), (1, 2)): [13, 2, 2, 0, 0, 2]
(0, (1, 0, 0), (2, 0)): [6, 5, 1, 1]
(0, (1, 0, 0), (2, 1)): [6, 6, 3, 1]
(0, (1, 0, 0), (2, 2)): [8, 2, 2, 1, 0, 1]
(0, (1, 0, 0), (3, 0)): [3, 1]
(0, (1, 0, 1), (0, 0)): [89, 204, 104, 51, 34, 11, 6, 2]
(0, (1, 1, 0), (0, 0)): [484, 327, 257, 181, 90, 31, 10, 5, 4, 1]
(0, (1, 1, 0), (1, 0)): [2, 1, 0, 1, 0, 1, 1]
(0, (1, 1, 0), (2, 0)): [1]
(0, (1, 1, 0), (2, 1)): [1]
(0, (1, 1, 0), (2, 2)): [1, 1]
(0, (1, 1, 1), (0, 0)): [67, 77, 71, 75, 45, 22, 12, 4, 4, 1]
(1, (0, 0, 0), (0, 0)): [13870, 1296, 506, 195, 77, 24, 10, 4]
(1, (0, 0, 0), (0, 1)): [169, 14, 5, 3, 1]
(1, (0, 0, 0), (0, 2)): [69, 3, 1, 2]
(1, (0, 0, 0), (1, 0)): [120, 14, 6, 2, 0, 1, 0, 1]
(1, (0, 0, 0), (1, 1)): [122, 11, 4, 1, 0, 1]
(1, (0, 0, 0), (1, 2)): [77, 6, 2, 2, 0, 1]
(1, (0, 0, 0), (2, 0)): [34, 7, 3, 2]
(1, (0, 0, 0), (2, 1)): [50, 6, 4, 2]
(1, (0, 0, 0), (2, 2)): [49, 2, 2, 2, 0, 1]
(1, (0, 0, 0), (3, 0)): [12, 2, 1]
(1, (0, 0, 0), (3, 1)): [14, 5, 2]
(1, (0, 0, 0), (3, 2)): [27, 4, 4, 1, 0, 1]
(1, (0, 0, 1), (0, 0)): [620, 829, 140, 63, 27, 7, 4]
(1, (0, 0, 1), (0, 1)): [8, 9]
(1, (0, 0, 1), (0, 2)): [4, 3]
(1, (0, 0, 1), (1, 0)): [5, 10, 1, 1, 1]
(1, (0, 0, 1), (1, 1)): [6, 8, 0, 1, 1]
(1, (0, 0, 1), (2, 1)): [2, 5]
(1, (0, 1, 0), (0, 0)): [2309, 1025, 299, 145, 55, 19, 1, 1]
(1, (0, 1, 0), (0, 1)): [20, 13, 3, 1, 0, 1]
(1, (0, 1, 0), (0, 2)): [7, 3, 0, 0, 0, 1]
(1, (0, 1, 0), (1, 0)): [22, 14, 1, 2, 1, 1]
(1, (0, 1, 0), (1, 1)): [20, 12, 0, 2, 1, 1]
(1, (0, 1, 0), (1, 2)): [14, 6, 0, 0, 1]
(1, (0, 1, 0), (2, 0)): [10, 3, 1]
(1, (0, 1, 0), (2, 1)): [7, 5, 0, 2, 0, 1]
(1, (0, 1, 0), (2, 2)): [10, 6, 0, 2, 1, 1]
(1, (0, 1, 0), (3, 0)): [4, 2, 1]
(1, (0, 1, 0), (3, 1)): [2, 2, 1]
(1, (0, 1, 1), (0, 0)): [387, 319, 316, 122, 36, 16, 3, 1]
(1, (0, 1, 1), (1, 0)): [3, 1, 2, 2]
(1, (0, 1, 1), (1, 1)): [4, 0, 5, 1]
(1, (0, 1, 1), (1, 2)): [3, 0, 3, 1]
(1, (0, 1, 1), (2, 2)): [2, 0, 1, 1]
(1, (0, 1, 1), (3, 2)): [1, 0, 1]
(1, (1, 0, 0), (0, 0)): [5509, 1032, 538, 223, 85, 38, 10, 4]
(1, (1, 0, 0), (0, 1)): [63, 5, 2, 4, 0, 1, 1]
(1, (1, 0, 0), (0, 2)): [28, 3, 0, 2]
(1, (1, 0, 0), (1, 0)): [39, 14, 8, 3, 0, 2]
(1, (1, 0, 0), (1, 1)): [33, 5, 2, 3, 0, 1]
(1, (1, 0, 0), (1, 2)): [33, 3, 1, 2]
(1, (1, 0, 0), (2, 0)): [11, 4, 3]
(1, (1, 0, 0), (2, 2)): [15, 3, 2, 3, 0, 1]
(1, (1, 0, 0), (3, 0)): [3, 2, 1]
(1, (1, 0, 0), (3, 1)): [4, 2, 1]
(1, (1, 0, 0), (3, 2)): [7, 3, 1, 1, 0, 1]
(1, (1, 0, 1), (0, 0)): [369, 470, 155, 96, 48, 10, 1, 2]
(1, (1, 0, 1), (0, 1)): [5, 2, 0, 2, 1]
(1, (1, 0, 1), (0, 2)): [3, 0, 0, 1]
(1, (1, 0, 1), (1, 0)): [5, 5, 0, 0, 1, 1]
(1, (1, 0, 1), (1, 1)): [1, 4, 0, 1, 1]
(1, (1, 0, 1), (1, 2)): [2, 2, 0, 0, 1]
(1, (1, 0, 1), (2, 0)): [3, 2, 0, 0, 1]
(1, (1, 1, 0), (0, 0)): [1342, 398, 291, 192, 64, 33, 5, 3]
(1, (1, 1, 0), (1, 0)): [11, 5, 0, 2]
(1, (1, 1, 0), (1, 1)): [15, 3, 2, 1]
(1, (1, 1, 0), (1, 2)): [13, 0, 1, 1]
(1, (1, 1, 0), (2, 2)): [6, 1, 1, 1]
(1, (1, 1, 1), (0, 0)): [280, 200, 132, 110, 65, 28, 7, 6]
(1, (1, 1, 1), (0, 1)): [2, 0, 0, 0, 0, 1]
(2, (0, 0, 0), (0, 0)): [12096, 402, 132, 33, 10, 1]
(2, (0, 0, 0), (0, 1)): [138, 3, 1]
(2, (0, 0, 0), (0, 2)): [57]
(2, (0, 0, 0), (1, 0)): [120, 5, 4, 0, 1]
(2, (0, 0, 0), (1, 1)): [113, 6, 1]
(2, (0, 0, 0), (1, 2)): [66, 0, 1]
(2, (0, 0, 0), (2, 0)): [44, 0, 3]
(2, (0, 0, 0), (2, 1)): [66, 6]
(2, (0, 0, 0), (2, 2)): [58, 2, 1]
(2, (0, 0, 0), (3, 0)): [13, 0, 3]
(2, (0, 0, 0), (3, 1)): [27, 2, 1]
(2, (0, 0, 0), (3, 2)): [40, 1]
(2, (0, 0, 1), (0, 0)): [1586, 508, 69, 22, 8, 1]
(2, (0, 0, 1), (0, 1)): [15, 5, 1]
(2, (0, 0, 1), (0, 2)): [8, 5, 1]
(2, (0, 0, 1), (1, 0)): [15, 6]
(2, (0, 0, 1), (1, 1)): [11]
(2, (0, 0, 1), (1, 2)): [11, 4, 1]
(2, (0, 0, 1), (2, 1)): [5]
(2, (0, 0, 1), (2, 2)): [5, 1, 1]
(2, (0, 0, 1), (3, 1)): [6]
(2, (0, 1, 0), (0, 0)): [3843, 764, 167, 61, 16, 3]
(2, (0, 1, 0), (0, 1)): [33, 5, 2, 1, 1]
(2, (0, 1, 0), (0, 2)): [15, 1]
(2, (0, 1, 0), (1, 0)): [42, 10, 4, 0, 0, 1]
(2, (0, 1, 0), (1, 1)): [31, 6, 2, 0, 1]
(2, (0, 1, 0), (1, 2)): [18, 2, 0, 0, 1]
(2, (0, 1, 0), (2, 0)): [18, 5, 2, 0, 0, 1]
(2, (0, 1, 0), (2, 1)): [18, 5, 1, 0, 0, 1]
(2, (0, 1, 0), (2, 2)): [12]
(2, (0, 1, 0), (3, 0)): [9, 3, 1]
(2, (0, 1, 0), (3, 1)): [14, 5, 0, 0, 0, 1]
(2, (0, 1, 0), (3, 2)): [6, 3, 0, 0, 0, 1]
(2, (0, 1, 1), (0, 0)): [915, 96, 213, 49, 12, 3, 1]
(2, (0, 1, 1), (0, 1)): [8, 0, 2]
(2, (0, 1, 1), (1, 0)): [11, 0, 9, 1]
(2, (0, 1, 1), (1, 1)): [9, 0, 4, 1]
(2, (0, 1, 1), (2, 0)): [4, 0, 5]
(2, (0, 1, 1), (2, 1)): [4, 0, 2]
(2, (0, 1, 1), (2, 2)): [2, 0, 1]
(2, (0, 1, 1), (3, 0)): [3, 0, 4]
(2, (0, 1, 1), (3, 1)): [2, 0, 3]
(2, (0, 1, 1), (3, 2)): [3, 0, 3]
(2, (1, 0, 0), (0, 0)): [6659, 474, 224, 60, 18, 3, 1]
(2, (1, 0, 0), (0, 1)): [67, 1, 3]
(2, (1, 0, 0), (0, 2)): [14]
(2, (1, 0, 0), (1, 0)): [63, 2, 4, 1, 1]
(2, (1, 0, 0), (1, 1)): [40, 1, 2, 0, 1]
(2, (1, 0, 0), (1, 2)): [18]
(2, (1, 0, 0), (2, 0)): [26, 1, 2, 1]
(2, (1, 0, 0), (2, 1)): [15, 1, 0, 0, 1]
(2, (1, 0, 0), (2, 2)): [6]
(2, (1, 0, 0), (3, 0)): [9, 1, 1, 1]
(2, (1, 0, 0), (3, 1)): [10, 1]
(2, (1, 0, 1), (0, 0)): [969, 262, 123, 44, 12, 2, 1]
(2, (1, 0, 1), (1, 0)): [12, 1, 4]
(2, (1, 0, 1), (2, 0)): [4, 0, 3]
(2, (1, 1, 0), (0, 0)): [1894, 271, 175, 96, 19, 4, 1]
(2, (1, 1, 0), (0, 1)): [19, 2, 1]
(2, (1, 1, 0), (0, 2)): [8, 1]
(2, (1, 1, 0), (1, 0)): [15, 1, 1, 1]
(2, (1, 1, 0), (1, 1)): [9]
(2, (1, 1, 0), (1, 2)): [6, 1]
(2, (1, 1, 1), (0, 0)): [618, 93, 87, 58, 26, 4, 3]
(2, (1, 1, 1), (0, 1)): [6, 0, 2, 0, 1]
(2, (1, 1, 1), (1, 1)): [2, 0, 1]
(2, (1, 1, 1), (2, 1)): [1, 0, 1]
