(0, (0, 0, 0), (0, 0)): [516596, 105125, 49582, 22991, 10550, 4601, 1910, 822, 348, 179, 71, 26, 17, 4, 2]
(0, (0, 0, 0), (0, 1)): [3709, 716, 328, 131, 68, 19, 6, 7, 1, 2, 1]
(0, (0, 0, 0), (0, 2)): [1282, 241, 104, 46, 18, 2, 4, 4, 0, 1]
(0, (0, 0, 0), (1, 0)): [3509, 730, 404, 170, 96, 38, 23, 7, 3, 2, 1]
(0, (0, 0, 0), (1, 1)): [3125, 585, 315, 130, 73, 20, 6, 7, 3, 0, 2]
(0, (0, 0, 0), (1, 2)): [1859, 320, 159, 57, 28, 4, 6, 4, 2]
(0, (0, 0, 0), (2, 0)): [1226, 304, 164, 71, 45, 22, 13, 3, 1, 1]
(0, (0, 0, 0), (2, 1)): [1733, 365, 200, 88, 51, 20, 8, 4, 1, 0, 1]
(0, (0, 0, 0), (2, 2)): [1553, 285, 133, 61, 38, 11, 2, 4, 1, 0, 1]
(0, (0, 0, 0), (3, 0)): [444, 130, 76, 39, 21, 17, 7, 0, 1]
(0, (0, 0, 0), (3, 1)): [708, 180, 109, 49, 24, 10, 8, 1, 2]
(0, (0, 0, 0), (3, 2)): [959, 196, 125, 54, 29, 7, 5, 2, 2]
(0, (0, 0, 1), (0, 0)): [2293, 7582, 2132, 1015, 515, 207, 100, 55, 22, 12, 2, 1, 3]
(0, (0, 0, 1), (0, 1)): [16, 31, 13, 4, 3, 0, 2]
(0, (0, 0, 1), (0, 2)): [6, 13, 2, 0, 1]
(0, (0, 0, 1), (1, 0)): [17, 43, 17, 8, 5, 0, 0, 1]
(0, (0, 0, 1), (1, 1)): [14, 22, 13, 5, 4, 0, 2]
(0, (0, 0, 1), (1, 2)): [11, 14, 5, 3, 3, 0, 1]
(0, (0, 0, 1), (2, 0)): [8, 20, 8, 4, 2, 0, 0, 1]
(0, (0, 0, 1), (2, 1)): [7, 15, 7, 2, 3]
(0, (0, 0, 1), (2, 2)): [8, 7, 5, 2, 2]
(0, (0, 0, 1), (3, 0)): [2, 10, 5, 3, 0, 0, 0, 1]
(0, (0, 0, 1), (3, 1)): [3, 5, 3, 1, 1, 0, 0, 1]
(0, (0, 0, 1), (3, 2)): [3, 6, 3, 1, 1, 0, 0, 1]
(0, (0, 1, 0), (0, 0)): [16784, 17203, 6601, 3142, 1605, 732, 301, 136, 60, 36, 13, 4, 2]
(0, (0, 1, 0), (0, 1)): [118, 84, 41, 15, 6, 4, 2, 1]
(0, (0, 1, 0), (0, 2)): [32, 18, 14, 5, 1, 4, 1]
(0, (0, 1, 0), (1, 0)): [110, 114, 30, 25, 8, 6, 2, 0, 1]
(0, (0, 1, 0), (1, 1)): [102, 75, 24, 19, 5, 3, 1, 1]
(0, (0, 1, 0), (1, 2)): [61, 42, 17, 10, 4, 3, 1]
(0, (0, 1, 0), (2, 0)): [35, 50, 14, 10, 4, 3, 1, 0, 1]
(0, (0, 1, 0), (2, 1)): [39, 36, 18, 12, 2, 5, 1, 1]
(0, (0, 1, 0), (2, 2)): [40, 24, 19, 9, 1, 2]
(0, (0, 1, 0), (3, 0)): [20, 22, 5, 6, 2, 0, 0, 0, 1]
(0, (0, 1, 0), (3, 1)): [19, 16, 7, 9, 3, 3, 1, 1]
(0, (0, 1, 0), (3, 2)): [22, 18, 14, 8, 4, 1, 1]
(0, (0, 1, 1), (0, 0)): [1505, 2732, 3535, 1594, 856, 409, 176, 80, 42, 15, 5, 3, 0, 1, 1]
(0, (0, 1, 1), (0, 1)): [7, 11, 19, 6, 7, 0, 2, 0, 1]
(0, (0, 1, 1), (0, 2)): [3, 4, 8, 3, 5, 0, 1]
(0, (0, 1, 1), (1, 0)): [13, 14, 26, 19, 7, 4, 3, 2, 1]
(0, (0, 1, 1), (1, 1)): [7, 8, 11, 8, 4, 2, 1, 0, 1]
(0, (0, 1, 1), (1, 2)): [2, 5, 7, 5, 7, 1]
(0, (0, 1, 1), (2, 0)): [6, 9, 18, 10, 5, 2, 1, 2, 1]
(0, (0, 1, 1), (2, 1)): [3, 6, 7, 4, 2, 1, 0, 1, 1]
(0, (0, 1, 1), (2, 2)): [2, 2, 7, 3, 3, 1, 0, 1]
(0, (0, 1, 1), (3, 0)): [5, 3, 12, 9, 3, 2, 1, 1]
(0, (0, 1, 1), (3, 1)): [5, 5, 3, 5, 2, 1, 0, 0, 1]
(0, (0, 1, 1), (3, 2)): [3, 3, 5, 4, 1, 1, 0, 1, 1]
(0, (1, 0, 0), (0, 0)): [114886, 40149, 25231, 12638, 6158, 2767, 1182, 515, 223, 116, 49, 17, 11, 3, 2]
(0, (1, 0, 0), (0, 1)): [787, 214, 168, 73, 47, 16, 9, 3, 1]
(0, (1, 0, 0), (0, 2)): [277, 55, 57, 17, 11, 5, 3, 1]
(0, (1, 0, 0), (1, 0)): [671, 248, 161, 82, 43, 18, 12, 4, 1, 2, 1]
(0, (1, 0, 0), (1, 1)): [570, 184, 130, 72, 36, 10, 5, 2, 1, 1]
(0, (1, 0, 0), (1, 2)): [325, 82, 81, 25, 13, 7, 3, 1]
(0, (1, 0, 0), (2, 0)): [215, 88, 47, 28, 23, 11, 5, 4, 1, 1, 1]
(0, (1, 0, 0), (2, 1)): [277, 95, 55, 43, 26, 8, 3, 1, 1, 1]
(0, (1, 0, 0), (2, 2)): [239, 71, 57, 28, 12, 5, 2, 1, 1]
(0, (1, 0, 0), (3, 0)): [77, 39, 19, 13, 12, 4, 0, 2, 0, 1]
(0, (1, 0, 0), (3, 1)): [103, 40, 22, 16, 16, 6, 1, 1, 0, 1]
(0, (1, 0, 0), (3, 2)): [122, 45, 32, 15, 13, 6, 1]
(0, (1, 0, 1), (0, 0)): [2614, 8675, 3674, 2497, 1362, 639, 323, 131, 62, 28, 10, 8, 3, 0, 1]
(0, (1, 0, 1), (0, 1)): [16, 44, 23, 15, 9, 3, 4, 1, 1]
(0, (1, 0, 1), (0, 2)): [7, 18, 8, 6, 2, 1, 3, 0, 1]
(0, (1, 0, 1), (1, 0)): [14, 58, 24, 13, 8, 4, 0, 2, 1]
(0, (1, 0, 1), (1, 1)): [11, 38, 16, 11, 6, 5, 1, 1, 1]
(0, (1, 0, 1), (1, 2)): [8, 18, 8, 7, 4, 1, 1, 1, 1]
(0, (1, 0, 1), (2, 0)): [5, 27, 12, 3, 5, 1, 0, 1]
(0, (1, 0, 1), (2, 1)): [7, 26, 7, 5, 5, 3, 0, 0, 1]
(0, (1, 0, 1), (2, 2)): [8, 19, 9, 4, 3, 2, 0, 1, 1]
(0, (1, 0, 1), (3, 0)): [2, 11, 7, 2, 2, 1, 0, 1]
(0, (1, 0, 1), (3, 1)): [2, 11, 4, 1, 4, 1]
(0, (1, 0, 1), (3, 2)): [3, 9, 5, 2, 2, 0, 0, 0, 1]
(0, (1, 1, 0), (0, 0)): [15393, 10316, 8467, 5757, 3168, 1452, 649, 326, 137, 64, 32, 9, 5, 1]
(0, (1, 1, 0), (0, 1)): [120, 64, 49, 35, 20, 9, 4, 2, 0, 0, 1]
(0, (1, 1, 0), (0, 2)): [37, 18, 18, 12, 11, 3, 2, 1]
(0, (1, 1, 0), (1, 0)): [84, 67, 58, 45, 24, 11, 6, 2, 0, 1]
(0, (1, 1, 0), (1, 1)): [80, 42, 36, 30, 11, 8, 3, 1, 0, 1, 1]
(0, (1, 1, 0), (1, 2)): [48, 17, 22, 18, 8, 2, 2, 1, 0, 1]
(0, (1, 1, 0), (2, 0)): [22, 23, 25, 16, 11, 4, 1, 2]
(0, (1, 1, 0), (2, 1)): [32, 28, 21, 12, 10, 7, 2, 1]
(0, (1, 1, 0), (2, 2)): [27, 22, 16, 14, 4, 3, 1, 1, 0, 1]
(0, (1, 1, 0), (3, 0)): [9, 10, 12, 7, 5, 1, 0, 2]
(0, (1, 1, 0), (3, 1)): [19, 13, 11, 8, 6, 4, 1, 1]
(0, (1, 1, 0), (3, 2)): [26, 12, 12, 10, 4, 1, 0, 1]
(0, (1, 1, 1), (0, 0)): [1565, 2960, 2551, 2054, 1601, 777, 365, 189, 85, 36, 22, 7, 0, 1, 1]
(0, (1, 1, 1), (0, 1)): [17, 19, 23, 17, 14, 2, 2, 0, 1, 1, 1]
(0, (1, 1, 1), (0, 2)): [7, 8, 6, 4, 7]
(0, (1, 1, 1), (1, 0)): [9, 27, 38, 17, 15, 7, 3, 4, 1]
(0, (1, 1, 1), (1, 1)): [12, 20, 24, 18, 13, 3, 4, 2, 0, 0, 1]
(0, (1, 1, 1), (1, 2)): [12, 10, 9, 7, 8, 1, 2]
(0, (1, 1, 1), (2, 0)): [2, 10, 11, 9, 6, 2, 0, 1, 1]
(0, (1, 1, 1), (2, 1)): [5, 12, 14, 8, 4, 2, 0, 2, 1]
(0, (1, 1, 1), (2, 2)): [7, 13, 9, 7, 3, 2, 2, 1]
(0, (1, 1, 1), (3, 0)): [0, 1, 5, 5, 4]
(0, (1, 1, 1), (3, 1)): [1, 2, 6, 8, 4]
(0, (1, 1, 1), (3, 2)): [3, 3, 7, 7, 3, 1, 1]
(1, (0, 0, 0), (0, 0)): [409682, 44737, 18607, 7527, 3016, 1198, 464, 187, 73, 29, 11, 6, 2, 1]
(1, (0, 0, 0), (0, 1)): [2943, 279, 126, 33, 24, 2, 1, 3, 1]
(1, (0, 0, 0), (0, 2)): [1065, 70, 39, 13, 4, 0, 0, 2]
(1, (0, 0, 0), (1, 0)): [2879, 348, 151, 50, 22, 11, 3, 1]
(1, (0, 0, 0), (1, 1)): [2465, 278, 111, 29, 19, 6, 2, 0, 1]
(1, (0, 0, 0), (1, 2)): [1490, 125, 52, 15, 8, 2, 1, 1]
(1, (0, 0, 0), (2, 0)): [1043, 145, 66, 19, 12, 5, 1]
(1, (0, 0, 0), (2, 1)): [1420, 182, 91, 23, 16, 4, 1]
(1, (0, 0, 0), (2, 2)): [1219, 125, 56, 15, 9, 4, 1]
(1, (0, 0, 0), (3, 0)): [354, 52, 23, 8, 6, 1]
(1, (0, 0, 0), (3, 1)): [620, 116, 46, 17, 10, 1]
(1, (0, 0, 0), (3, 2)): [759, 108, 56, 18, 8, 4]
(1, (0, 0, 1), (0, 0)): [12433, 19506, 3799, 1619, 692, 279, 120, 57, 26, 10, 6, 4, 3, 1]
(1, (0, 0, 1), (0, 1)): [74, 93, 18, 4, 2]
(1, (0, 0, 1), (0, 2)): [29, 34, 8]
(1, (0, 0, 1), (1, 0)): [96, 121, 23, 11, 6, 1, 2, 0, 1]
(1, (0, 0, 1), (1, 1)): [72, 82, 15, 6, 4]
(1, (0, 0, 1), (1, 2)): [43, 44, 10, 2, 1]
(1, (0, 0, 1), (2, 0)): [40, 44, 12, 8, 3, 1, 2, 0, 1]
(1, (0, 0, 1), (2, 1)): [34, 44, 6, 4, 2, 0, 1]
(1, (0, 0, 1), (2, 2)): [33, 27, 5, 0, 1]
(1, (0, 0, 1), (3, 0)): [19, 20, 10, 5, 3, 0, 1, 0, 1]
(1, (0, 0, 1), (3, 1)): [22, 28, 4, 5, 1, 0, 1]
(1, (0, 0, 1), (3, 2)): [23, 25, 4, 1, 1]
(1, (0, 1, 0), (0, 0)): [58296, 28671, 9878, 4122, 1732, 705, 266, 126, 31, 25, 8, 5, 4]
(1, (0, 1, 0), (0, 1)): [347, 155, 53, 23, 3, 4, 4, 2, 1]
(1, (0, 1, 0), (0, 2)): [117, 60, 10, 3, 1, 2, 2]
(1, (0, 1, 0), (1, 0)): [403, 240, 68, 40, 26, 9, 4, 1, 0, 0, 1]
(1, (0, 1, 0), (1, 1)): [310, 142, 46, 25, 11, 4, 4, 2, 1]
(1, (0, 1, 0), (1, 2)): [185, 74, 24, 8, 4, 1, 2]
(1, (0, 1, 0), (2, 0)): [173, 90, 33, 28, 14, 5, 2, 1, 0, 0, 1]
(1, (0, 1, 0), (2, 1)): [152, 77, 21, 21, 7, 5, 4, 2, 0, 0, 1]
(1, (0, 1, 0), (2, 2)): [129, 64, 18, 13, 4, 2, 1]
(1, (0, 1, 0), (3, 0)): [98, 51, 14, 19, 11, 1, 0, 1]
(1, (0, 1, 0), (3, 1)): [87, 34, 13, 12, 6, 3, 1, 1]
(1, (0, 1, 0), (3, 2)): [84, 29, 10, 13, 5, 1]
(1, (0, 1, 1), (0, 0)): [9968, 8690, 8496, 3326, 1626, 665, 254, 106, 56, 17, 7, 4, 1, 1]
(1, (0, 1, 1), (0, 1)): [61, 47, 38, 12, 8, 1, 1, 1]
(1, (0, 1, 1), (0, 2)): [26, 11, 10, 5, 3]
(1, (0, 1, 1), (1, 0)): [92, 63, 53, 27, 23, 9, 3, 3, 1, 1]
(1, (0, 1, 1), (1, 1)): [43, 40, 27, 13, 7, 1, 2, 1]
(1, (0, 1, 1), (1, 2)): [34, 12, 14, 9, 2, 0, 1]
(1, (0, 1, 1), (2, 0)): [67, 41, 34, 15, 16, 9, 2, 2, 1, 1]
(1, (0, 1, 1), (2, 1)): [27, 27, 21, 6, 2, 2, 1, 1]
(1, (0, 1, 1), (2, 2)): [27, 14, 15, 6, 2, 0, 0, 1]
(1, (0, 1, 1), (3, 0)): [51, 31, 24, 11, 16, 8, 2, 2, 1, 1]
(1, (0, 1, 1), (3, 1)): [15, 12, 7, 1, 2, 1, 1]
(1, (0, 1, 1), (3, 2)): [16, 12, 13, 1, 1, 1]
(1, (1, 0, 0), (0, 0)): [167452, 31554, 19177, 8491, 3389, 1429, 539, 199, 95, 42, 14, 11, 2, 2]
(1, (1, 0, 0), (0, 1)): [1123, 174, 112, 47, 19, 9, 7, 0, 0, 1]
(1, (1, 0, 0), (0, 2)): [383, 56, 40, 17, 4, 2, 4, 0, 0, 1]
(1, (1, 0, 0), (1, 0)): [1096, 218, 144, 65, 23, 11, 2, 3, 1]
(1, (1, 0, 0), (1, 1)): [876, 155, 92, 30, 16, 8, 2, 2]
(1, (1, 0, 0), (1, 2)): [521, 67, 49, 13, 8, 3, 3, 0, 0, 1]
(1, (1, 0, 0), (2, 0)): [365, 78, 59, 30, 12, 6, 1, 0, 1]
(1, (1, 0, 0), (2, 1)): [434, 91, 50, 26, 9, 7, 1, 1, 1]
(1, (1, 0, 0), (2, 2)): [383, 69, 41, 17, 8, 5, 1, 0, 0, 1]
(1, (1, 0, 0), (3, 0)): [123, 33, 28, 12, 8, 1]
(1, (1, 0, 0), (3, 1)): [165, 48, 24, 20, 6, 3, 1, 1]
(1, (1, 0, 0), (3, 2)): [187, 43, 24, 18, 4, 6, 1]
(1, (1, 0, 1), (0, 0)): [13015, 17071, 5731, 3639, 1549, 681, 258, 100, 42, 30, 9, 2]
(1, (1, 0, 1), (0, 1)): [87, 86, 25, 17, 9, 4, 1, 0, 3, 1]
(1, (1, 0, 1), (0, 2)): [45, 28, 9, 10, 1, 2, 1]
(1, (1, 0, 1), (1, 0)): [87, 134, 28, 24, 14, 7, 0, 1, 0, 1]
(1, (1, 0, 1), (1, 1)): [60, 73, 15, 13, 14, 0, 0, 0, 2]
(1, (1, 0, 1), (1, 2)): [41, 41, 14, 13, 5, 1, 1]
(1, (1, 0, 1), (2, 0)): [33, 50, 11, 7, 5, 4]
(1, (1, 0, 1), (2, 1)): [29, 39, 7, 4, 7, 2, 0, 0, 2]
(1, (1, 0, 1), (2, 2)): [23, 32, 9, 4, 4, 2, 0, 0, 1]
(1, (1, 0, 1), (3, 0)): [16, 22, 4, 4, 2, 2]
(1, (1, 0, 1), (3, 1)): [12, 20, 3, 4, 5, 2]
(1, (1, 0, 1), (3, 2)): [16, 18, 8, 4, 7, 3, 0, 0, 1]
(1, (1, 1, 0), (0, 0)): [44707, 14391, 10322, 6873, 3001, 1314, 522, 206, 79, 35, 11, 6, 2, 3]
(1, (1, 1, 0), (0, 1)): [310, 80, 70, 40, 20, 7, 4, 1]
(1, (1, 1, 0), (0, 2)): [106, 29, 24, 12, 6, 1]
(1, (1, 1, 0), (1, 0)): [280, 105, 74, 65, 31, 8, 3, 2]
(1, (1, 1, 0), (1, 1)): [235, 67, 51, 35, 15, 3, 5, 1]
(1, (1, 1, 0), (1, 2)): [158, 31, 27, 21, 9, 1, 1]
(1, (1, 1, 0), (2, 0)): [97, 45, 30, 26, 18, 4, 1, 1]
(1, (1, 1, 0), (2, 1)): [112, 52, 31, 25, 11, 1, 2, 1]
(1, (1, 1, 0), (2, 2)): [109, 29, 21, 13, 8]
(1, (1, 1, 0), (3, 0)): [27, 12, 10, 9, 11, 3, 1, 1]
(1, (1, 1, 0), (3, 1)): [42, 26, 15, 12, 10, 0, 3, 2]
(1, (1, 1, 0), (3, 2)): [56, 22, 12, 9, 9, 0, 2, 2]
(1, (1, 1, 1), (0, 0)): [9115, 7614, 4940, 3424, 2382, 1069, 437, 170, 74, 27, 11, 6, 2, 1]
(1, (1, 1, 1), (0, 1)): [79, 58, 35, 21, 19, 7, 2, 2]
(1, (1, 1, 1), (0, 2)): [37, 22, 15, 5, 6, 2, 1]
(1, (1, 1, 1), (1, 0)): [76, 56, 54, 27, 25, 8, 7, 2, 1]
(1, (1, 1, 1), (1, 1)): [65, 40, 28, 20, 19, 7, 2, 1]
(1, (1, 1, 1), (1, 2)): [48, 17, 16, 13, 10, 6, 2, 1]
(1, (1, 1, 1), (2, 0)): [21, 22, 26, 15, 10, 5, 4, 2]
(1, (1, 1, 1), (2, 1)): [35, 29, 22, 11, 15, 1, 2, 1]
(1, (1, 1, 1), (2, 2)): [40, 16, 15, 10, 14, 4, 3, 1]
(1, (1, 1, 1), (3, 0)): [7, 8, 8, 8, 4, 4, 2]
(1, (1, 1, 1), (3, 1)): [14, 11, 5, 5, 4, 2, 2, 1]
(1, (1, 1, 1), (3, 2)): [24, 9, 7, 11, 6, 4, 2]
(2, (0, 0, 0), (0, 0)): [350796, 15228, 5283, 1664, 605, 224, 76, 30, 7, 2, 2]
(2, (0, 0, 0), (0, 1)): [2637, 102, 38, 9, 6, 2]
(2, (0, 0, 0), (0, 2)): [880, 27, 9, 3]
(2, (0, 0, 0), (1, 0)): [2624, 159, 57, 18, 5, 2, 2]
(2, (0, 0, 0), (1, 1)): [2328, 100, 46, 11, 6, 3, 1]
(2, (0, 0, 0), (1, 2)): [1314, 41, 23, 5, 2, 1, 1]
(2, (0, 0, 0), (2, 0)): [969, 62, 24, 7, 2, 1, 1]
(2, (0, 0, 0), (2, 1)): [1358, 66, 27, 9, 4, 2]
(2, (0, 0, 0), (2, 2)): [1117, 44, 19, 8, 2, 2]
(2, (0, 0, 0), (3, 0)): [358, 28, 16, 4, 1, 1, 1]
(2, (0, 0, 0), (3, 1)): [613, 33, 15, 5, 3, 2]
(2, (0, 0, 0), (3, 2)): [712, 36, 20, 6, 0, 3]
(2, (0, 0, 1), (0, 0)): [37737, 12527, 2292, 781, 279, 109, 37, 10, 1, 2, 0, 1]
(2, (0, 0, 1), (0, 1)): [232, 76, 13, 4, 3, 2, 1]
(2, (0, 0, 1), (0, 2)): [90, 19, 6, 1]
(2, (0, 0, 1), (1, 0)): [262, 94, 20, 6, 1, 2]
(2, (0, 0, 1), (1, 1)): [199, 67, 12, 3, 3, 1, 1]
(2, (0, 0, 1), (1, 2)): [124, 30, 7, 2, 1, 0, 1]
(2, (0, 0, 1), (2, 0)): [120, 36, 11, 4, 1, 2]
(2, (0, 0, 1), (2, 1)): [120, 37, 7, 3, 2]
(2, (0, 0, 1), (2, 2)): [110, 23, 7, 3, 1, 0, 1]
(2, (0, 0, 1), (3, 0)): [64, 19, 7, 2, 0, 2]
(2, (0, 0, 1), (3, 1)): [60, 15, 5, 2, 2]
(2, (0, 0, 1), (3, 2)): [71, 17, 6, 2, 1]
(2, (0, 1, 0), (0, 0)): [94544, 22067, 5402, 1885, 626, 227, 69, 17, 6, 1]
(2, (0, 1, 0), (0, 1)): [548, 111, 21, 5, 6, 1, 1]
(2, (0, 1, 0), (0, 2)): [188, 21, 7, 1, 3]
(2, (0, 1, 0), (1, 0)): [778, 138, 57, 20, 7, 4, 1]
(2, (0, 1, 0), (1, 1)): [492, 105, 25, 7, 4, 3, 1]
(2, (0, 1, 0), (1, 2)): [275, 46, 13, 6, 3]
(2, (0, 1, 0), (2, 0)): [389, 64, 31, 15, 5, 1, 1]
(2, (0, 1, 0), (2, 1)): [327, 61, 13, 5, 2, 2]
(2, (0, 1, 0), (2, 2)): [272, 35, 9, 6, 2]
(2, (0, 1, 0), (3, 0)): [231, 34, 20, 8, 4, 0, 1]
(2, (0, 1, 0), (3, 1)): [183, 41, 12, 6, 5, 1, 1]
(2, (0, 1, 0), (3, 2)): [199, 36, 9, 3, 2, 1, 1]
(2, (0, 1, 1), (0, 0)): [23244, 2069, 5558, 1478, 557, 186, 68, 26, 10, 3, 1]
(2, (0, 1, 1), (0, 1)): [140, 9, 26, 3, 2, 0, 0, 1]
(2, (0, 1, 1), (0, 2)): [51, 2, 9, 2, 2]
(2, (0, 1, 1), (1, 0)): [194, 21, 45, 17, 9, 1, 1]
(2, (0, 1, 1), (1, 1)): [119, 9, 26, 4, 2, 0, 0, 1]
(2, (0, 1, 1), (1, 2)): [78, 5, 14, 4, 1]
(2, (0, 1, 1), (2, 0)): [112, 16, 21, 14, 6, 1, 1]
(2, (0, 1, 1), (2, 1)): [60, 7, 13, 6, 1]
(2, (0, 1, 1), (2, 2)): [64, 5, 14, 3]
(2, (0, 1, 1), (3, 0)): [79, 10, 15, 8, 6, 1, 1]
(2, (0, 1, 1), (3, 1)): [32, 3, 9, 3]
(2, (0, 1, 1), (3, 2)): [43, 4, 15, 3]
(2, (1, 0, 0), (0, 0)): [205282, 15872, 9144, 3003, 1010, 321, 127, 44, 12, 3, 3]
(2, (1, 0, 0), (0, 1)): [1291, 72, 52, 16, 5, 3, 1]
(2, (1, 0, 0), (0, 2)): [436, 19, 13, 4, 2, 1, 1]
(2, (1, 0, 0), (1, 0)): [1364, 96, 68, 33, 12, 2, 3]
(2, (1, 0, 0), (1, 1)): [996, 66, 50, 18, 4, 1]
(2, (1, 0, 0), (1, 2)): [593, 26, 20, 12, 2, 1]
(2, (1, 0, 0), (2, 0)): [493, 45, 26, 19, 9, 0, 2]
(2, (1, 0, 0), (2, 1)): [537, 41, 30, 9, 5, 1]
(2, (1, 0, 0), (2, 2)): [452, 25, 22, 6, 3, 2]
(2, (1, 0, 0), (3, 0)): [147, 20, 7, 12, 3, 0, 2]
(2, (1, 0, 0), (3, 1)): [220, 20, 17, 6, 3, 0, 2]
(2, (1, 0, 0), (3, 2)): [262, 21, 14, 4, 1, 2]
(2, (1, 0, 1), (0, 0)): [34281, 9152, 3897, 2082, 649, 246, 82, 30, 11, 2, 0, 1]
(2, (1, 0, 1), (0, 1)): [222, 48, 22, 19, 5, 2]
(2, (1, 0, 1), (0, 2)): [79, 9, 7, 8, 1]
(2, (1, 0, 1), (1, 0)): [237, 41, 26, 21, 8, 3, 1]
(2, (1, 0, 1), (1, 1)): [185, 36, 17, 14, 6, 0, 1]
(2, (1, 0, 1), (1, 2)): [98, 13, 4, 7, 1]
(2, (1, 0, 1), (2, 0)): [76, 10, 12, 11, 1, 1]
(2, (1, 0, 1), (2, 1)): [99, 18, 7, 8, 4]
(2, (1, 0, 1), (2, 2)): [63, 7, 4, 4, 2]
(2, (1, 0, 1), (3, 0)): [36, 2, 7, 6, 1]
(2, (1, 0, 1), (3, 1)): [47, 7, 5, 5, 3]
(2, (1, 0, 1), (3, 2)): [48, 6, 3, 2, 3]
(2, (1, 1, 0), (0, 0)): [76457, 12230, 6561, 3936, 1292, 448, 136, 48, 18, 6, 4, 0, 0, 1]
(2, (1, 1, 0), (0, 1)): [552, 75, 30, 25, 5, 3, 1]
(2, (1, 1, 0), (0, 2)): [202, 27, 11, 4]
(2, (1, 1, 0), (1, 0)): [535, 68, 53, 48, 10, 4, 2, 1]
(2, (1, 1, 0), (1, 1)): [418, 47, 27, 27, 6, 4]
(2, (1, 1, 0), (1, 2)): [248, 32, 15, 12, 1, 2]
(2, (1, 1, 0), (2, 0)): [214, 27, 19, 22, 6, 2, 1, 1]
(2, (1, 1, 0), (2, 1)): [260, 22, 13, 16, 4, 2]
(2, (1, 1, 0), (2, 2)): [191, 26, 10, 14, 2, 2]
(2, (1, 1, 0), (3, 0)): [83, 9, 11, 10, 4, 2, 1]
(2, (1, 1, 0), (3, 1)): [121, 6, 11, 13, 1, 3, 1]
(2, (1, 1, 0), (3, 2)): [134, 11, 9, 13, 2, 1, 1]
(2, (1, 1, 1), (0, 0)): [22513, 3421, 3921, 2061, 1353, 463, 152, 57, 24, 5, 4, 0, 0, 1]
(2, (1, 1, 1), (0, 1)): [194, 15, 32, 20, 13, 1, 1, 0, 1]
(2, (1, 1, 1), (0, 2)): [95, 2, 4, 3, 3, 1, 0, 0, 1]
(2, (1, 1, 1), (1, 0)): [157, 44, 31, 29, 6, 4, 3]
(2, (1, 1, 1), (1, 1)): [138, 19, 27, 19, 9, 1, 2]
(2, (1, 1, 1), (1, 2)): [96, 7, 8, 11, 4, 1, 1]
(2, (1, 1, 1), (2, 0)): [52, 38, 11, 15, 3, 2, 2]
(2, (1, 1, 1), (2, 1)): [63, 14, 14, 10, 6, 1, 2]
(2, (1, 1, 1), (2, 2)): [71, 12, 9, 11, 4, 0, 1]
(2, (1, 1, 1), (3, 0)): [16, 32, 4, 9, 0, 2]
(2, (1, 1, 1), (3, 1)): [29, 19, 5, 8, 2, 1, 1]
(2, (1, 1, 1), (3, 2)): [43, 16, 6, 13, 4, 1, 2]
