(0, (0, 0, 0)): [2035121, 417220, 192200, 88047, 39572, 17027, 7074, 2850, 1163, 503, 224, 111, 36, 21, 5, 1, 1, 1]
(0, (0, 0, 1)): [7522, 23298, 6400, 3119, 1507, 660, 286, 115, 49, 28, 16, 3, 4, 3]
(0, (0, 1, 0)): [74987, 70658, 27804, 13785, 6576, 2850, 1228, 503, 210, 112, 38, 17, 6, 6, 3, 0, 1]
(0, (0, 1, 1)): [5980, 10557, 12514, 5866, 3077, 1497, 633, 272, 141, 57, 18, 11, 3, 4, 2, 0, 1, 1]
(0, (1, 0, 0)): [427455, 142242, 92297, 45970, 22094, 9979, 4146, 1760, 743, 319, 155, 64, 23, 16, 3, 1, 1, 1]
(0, (1, 0, 1)): [10067, 30943, 12562, 8957, 4740, 2205, 1035, 414, 205, 85, 44, 19, 8, 3, 2, 0, 0, 1]
(0, (1, 1, 0)): [60707, 38570, 28579, 20842, 11137, 5247, 2235, 1027, 435, 193, 92, 37, 11, 5, 0, 0, 1]
(0, (1, 1, 1)): [5769, 11409, 9194, 6702, 5498, 2762, 1276, 595, 287, 119, 62, 21, 6, 4, 1, 0, 1]
(1, (0, 0, 0)): [1661637, 186177, 76384, 30367, 11938, 4539, 1779, 629, 224, 94, 35, 22, 7, 3, 0, 1]
(1, (0, 0, 1)): [44955, 64606, 12914, 5653, 2302, 955, 365, 129, 66, 24, 14, 8, 4, 2]
(1, (0, 1, 0)): [225081, 97949, 36252, 15816, 6385, 2563, 896, 399, 113, 60, 32, 9, 10, 2, 1]
(1, (0, 1, 1)): [35048, 29612, 25659, 10434, 5430, 2131, 849, 342, 153, 50, 14, 8, 2, 2, 0, 1]
(1, (1, 0, 0)): [621133, 109832, 72384, 30950, 12669, 5038, 2013, 713, 281, 121, 45, 32, 5, 3, 0, 2]
(1, (1, 0, 1)): [50674, 57919, 18597, 12687, 5526, 2268, 898, 348, 119, 72, 21, 7, 1, 1]
(1, (1, 1, 0)): [174923, 53081, 35312, 25890, 10888, 4537, 1773, 707, 275, 113, 44, 25, 9, 5, 1]
(1, (1, 1, 1)): [35758, 28702, 18010, 11705, 8942, 3776, 1552, 588, 241, 87, 30, 20, 9, 4, 1, 1]
(2, (0, 0, 0)): [1450090, 68685, 23007, 7294, 2461, 781, 264, 90, 18, 8, 5, 0, 1]
(2, (0, 0, 1)): [136155, 39927, 8487, 2893, 1039, 360, 101, 34, 8, 5, 0, 2]
(2, (0, 1, 0)): [359337, 74528, 20942, 7449, 2523, 833, 256, 78, 19, 12, 7, 0, 1]
(2, (0, 1, 1)): [82718, 6974, 17432, 5041, 1995, 655, 213, 70, 23, 6, 4, 1, 0, 1]
(2, (1, 0, 0)): [752074, 54538, 36825, 11703, 3909, 1232, 472, 137, 35, 15, 7, 1, 1]
(2, (1, 0, 1)): [132848, 31094, 12290, 7835, 2616, 844, 290, 86, 30, 10, 2, 4, 1]
(2, (1, 1, 0)): [298223, 45078, 22752, 15984, 5218, 1679, 572, 191, 62, 27, 10, 2, 2, 1]
(2, (1, 1, 1)): [87999, 12800, 14620, 7361, 5557, 1728, 587, 197, 66, 15, 10, 3, 1, 1]
