(0, (0, 0, 0), (0, 0)): [26714, 5132, 2330, 1095, 460, 172, 76, 27, 13, 5, 3, 0, 1]
(0, (0, 0, 0), (0, 1)): [548, 76, 35, 19, 8, 0, 0, 1]
(0, (0, 0, 0), (0, 2)): [193, 26, 15, 7, 2]
(0, (0, 0, 0), (1, 0)): [468, 116, 36, 19, 7, 4, 1]
(0, (0, 0, 0), (1, 1)): [449, 83, 30, 16, 10, 2, 1, 1]
(0, (0, 0, 0), (1, 2)): [299, 38, 17, 8, 5, 2, 1, 1]
(0, (0, 0, 0), (2, 0)): [149, 39, 13, 9, 1, 1]
(0, (0, 0, 0), (2, 1)): [230, 52, 21, 14, 4]
(0, (0, 0, 0), (2, 2)): [220, 32, 17, 9, 2, 1]
(0, (0, 0, 0), (3, 0)): [46, 15, 6, 5, 0, 1]
(0, (0, 0, 0), (3, 1)): [95, 30, 17, 10, 2, 1]
(0, (0, 0, 0), (3, 2)): [133, 24, 13, 11, 2, 1]
(0, (0, 0, 1), (0, 0)): [131, 306, 91, 43, 17, 8, 3, 1, 1]
(0, (0, 0, 1), (0, 1)): [7, 7, 2, 1]
(0, (0, 0, 1), (0, 2)): [3, 2, 1]
(0, (0, 0, 1), (1, 0)): [4, 4, 2, 0, 1]
(0, (0, 0, 1), (1, 1)): [4, 4, 1]
(0, (0, 0, 1), (1, 2)): [2, 3, 1]
(0, (0, 0, 1), (2, 0)): [0, 2]
(0, (0, 0, 1), (2, 1)): [2, 3]
(0, (0, 0, 1), (2, 2)): [2, 4]
(0, (0, 0, 1), (3, 0)): [0, 1]
(0, (0, 0, 1), (3, 1)): [2, 1]
(0, (0, 0, 1), (3, 2)): [3, 1]
(0, (0, 1, 0), (0, 0)): [1072, 892, 334, 192, 92, 27, 14, 2, 2, 2]
(0, (0, 1, 0), (0, 1)): [18, 17, 7, 2, 2]
(0, (0, 1, 0), (0, 2)): [9, 6, 1, 0, 1]
(0, (0, 1, 0), (1, 0)): [22, 11, 2, 1, 1]
(0, (0, 1, 0), (1, 1)): [19, 8, 6, 1, 1]
(0, (0, 1, 0), (1, 2)): [9, 5, 2, 1]
(0, (0, 1, 0), (2, 0)): [5, 7, 1]
(0, (0, 1, 0), (2, 1)): [6, 8, 1, 0, 1]
(0, (0, 1, 0), (2, 2)): [8, 5, 1]
(0, (0, 1, 0), (3, 0)): [2, 1]
(0, (0, 1, 0), (3, 1)): [1, 4, 0, 0, 1]
(0, (0, 1, 0), (3, 2)): [4, 3]
(0, (0, 1, 1), (0, 0)): [95, 132, 155, 79, 35, 11, 5, 7, 1]
(0, (0, 1, 1), (0, 1)): [1, 3, 3, 2]
(0, (0, 1, 1), (0, 2)): [1, 1, 2]
(0, (0, 1, 1), (1, 0)): [6, 3, 5, 1]
(0, (0, 1, 1), (1, 1)): [1, 2, 3, 3]
(0, (0, 1, 1), (1, 2)): [2, 1, 1, 3]
(0, (0, 1, 1), (2, 0)): [4, 1, 2]
(0, (0, 1, 1), (2, 1)): [2, 3, 3]
(0, (0, 1, 1), (2, 2)): [0, 2, 2, 1]
(0, (0, 1, 1), (3, 0)): [2, 0, 1]
(0, (0, 1, 1), (3, 1)): [1, 2, 3]
(0, (0, 1, 1), (3, 2)): [1, 1, 2]
(0, (1, 0, 0), (0, 0)): [5827, 1887, 1132, 580, 261, 90, 43, 15, 12, 4, 2, 0, 1]
(0, (1, 0, 0), (0, 1)): [104, 37, 15, 10, 3, 2]
(0, (1, 0, 0), (0, 2)): [33, 13, 3, 4]
(0, (1, 0, 0), (1, 0)): [104, 32, 25, 8, 3]
(0, (1, 0, 0), (1, 1)): [70, 22, 17, 8, 2, 2]
(0, (1, 0, 0), (1, 2)): [36, 15, 8, 8, 0, 2]
(0, (1, 0, 0), (2, 0)): [31, 9, 13, 5, 1]
(0, (1, 0, 0), (2, 1)): [29, 12, 10, 4]
(0, (1, 0, 0), (2, 2)): [21, 12, 7, 4, 0, 2]
(0, (1, 0, 0), (3, 0)): [10, 4, 5, 2, 1]
(0, (1, 0, 0), (3, 1)): [16, 5, 5, 4, 1]
(0, (1, 0, 0), (3, 2)): [12, 8, 3, 3, 1, 1]
(0, (1, 0, 1), (0, 0)): [172, 369, 166, 116, 57, 24, 14, 6, 1, 0, 1]
(0, (1, 0, 1), (0, 1)): [5, 3, 1, 2]
(0, (1, 0, 1), (0, 2)): [2, 0, 0, 1]
(0, (1, 0, 1), (1, 0)): [3, 5, 2, 3]
(0, (1, 0, 1), (1, 1)): [2, 2, 1, 1]
(0, (1, 0, 1), (1, 2)): [2, 1, 0, 1]
(0, (1, 0, 1), (2, 0)): [2, 1, 1]
(0, (1, 0, 1), (2, 1)): [1, 0, 1]
(0, (1, 0, 1), (2, 2)): [1, 0, 1, 1]
(0, (1, 0, 1), (3, 0)): [2]
(0, (1, 0, 1), (3, 1)): [1]
(0, (1, 1, 0), (0, 0)): [812, 491, 351, 254, 124, 55, 25, 8, 8, 2, 0, 0, 1]
(0, (1, 1, 0), (0, 1)): [14, 9, 7, 2, 2, 0, 1]
(0, (1, 1, 0), (0, 2)): [8, 2, 1, 0, 1, 0, 1]
(0, (1, 1, 0), (1, 0)): [16, 8, 7, 7, 4, 2]
(0, (1, 1, 0), (1, 1)): [6, 7, 5, 6, 2, 1]
(0, (1, 1, 0), (1, 2)): [4, 2, 0, 3, 2]
(0, (1, 1, 0), (2, 0)): [7, 3, 3, 0, 2]
(0, (1, 1, 0), (2, 1)): [5, 3, 1, 3, 3, 1]
(0, (1, 1, 0), (2, 2)): [6, 3, 0, 2, 5, 1]
(0, (1, 1, 0), (3, 0)): [3, 2, 1]
(0, (1, 1, 0), (3, 1)): [2, 3, 1]
(0, (1, 1, 0), (3, 2)): [4, 3, 0, 1, 2]
(0, (1, 1, 1), (0, 0)): [84, 112, 118, 87, 73, 24, 15, 4, 2]
(0, (1, 1, 1), (0, 1)): [4, 2, 2, 1, 1, 0, 1]
(0, (1, 1, 1), (0, 2)): [3, 1, 1, 1]
(0, (1, 1, 1), (1, 0)): [2, 3, 1, 0, 2, 2]
(0, (1, 1, 1), (1, 1)): [1, 1, 0, 0, 1, 1, 1]
(0, (1, 1, 1), (1, 2)): [2, 1, 0, 1, 1, 1]
(0, (1, 1, 1), (2, 0)): [1]
(0, (1, 1, 1), (2, 1)): [0, 1]
(0, (1, 1, 1), (2, 2)): [2, 1, 0, 1, 0, 1]
(0, (1, 1, 1), (3, 0)): [1]
(0, (1, 1, 1), (3, 2)): [1, 1, 0, 0, 0, 1]
(1, (0, 0, 0), (0, 0)): [21617, 2285, 933, 360, 140, 57, 19, 5, 2, 0, 1]
(1, (0, 0, 0), (0, 1)): [412, 36, 13, 5, 1]
(1, (0, 0, 0), (0, 2)): [152, 18, 4, 3]
(1, (0, 0, 0), (1, 0)): [425, 59, 14, 11, 4, 0, 0, 2]
(1, (0, 0, 0), (1, 1)): [391, 34, 7, 6, 4, 0, 0, 1]
(1, (0, 0, 0), (1, 2)): [235, 24, 3, 4, 3]
(1, (0, 0, 0), (2, 0)): [132, 22, 5, 6, 1, 0, 0, 1]
(1, (0, 0, 0), (2, 1)): [207, 13, 4, 3, 2]
(1, (0, 0, 0), (2, 2)): [185, 15, 2, 4, 3]
(1, (0, 0, 0), (3, 0)): [43, 11, 5, 3, 0, 0, 0, 1]
(1, (0, 0, 0), (3, 1)): [89, 16, 6, 2, 1]
(1, (0, 0, 0), (3, 2)): [104, 15, 2, 3, 1]
(1, (0, 0, 1), (0, 0)): [632, 779, 146, 72, 28, 7, 3, 0, 1, 1]
(1, (0, 0, 1), (0, 1)): [12, 7, 4]
(1, (0, 0, 1), (0, 2)): [4, 2, 1]
(1, (0, 0, 1), (1, 0)): [20, 17, 2, 1, 1]
(1, (0, 0, 1), (1, 1)): [17, 9, 4]
(1, (0, 0, 1), (1, 2)): [13, 7, 1]
(1, (0, 0, 1), (2, 0)): [6, 8, 1, 0, 1]
(1, (0, 0, 1), (2, 1)): [4, 4, 4, 0, 1]
(1, (0, 0, 1), (2, 2)): [11, 7, 0, 0, 1]
(1, (0, 0, 1), (3, 0)): [5, 4, 1]
(1, (0, 0, 1), (3, 1)): [2, 3, 3]
(1, (0, 0, 1), (3, 2)): [7, 2, 2, 0, 1]
(1, (0, 1, 0), (0, 0)): [3189, 1297, 465, 219, 79, 24, 14, 3, 3, 1]
(1, (0, 1, 0), (0, 1)): [78, 32, 7, 0, 0, 2]
(1, (0, 1, 0), (0, 2)): [32, 14]
(1, (0, 1, 0), (1, 0)): [79, 22, 5, 5, 2, 2]
(1, (0, 1, 0), (1, 1)): [64, 23, 8, 1, 1, 2]
(1, (0, 1, 0), (1, 2)): [37, 16, 4]
(1, (0, 1, 0), (2, 0)): [38, 8, 2, 3, 1, 1]
(1, (0, 1, 0), (2, 1)): [33, 14, 1, 3, 1, 1]
(1, (0, 1, 0), (2, 2)): [29, 12, 5, 1]
(1, (0, 1, 0), (3, 0)): [26, 5, 2, 1, 0, 1]
(1, (0, 1, 0), (3, 1)): [19, 5, 0, 1, 0, 1]
(1, (0, 1, 0), (3, 2)): [19, 10, 2, 1]
(1, (0, 1, 1), (0, 0)): [542, 402, 311, 115, 66, 27, 8, 6, 3, 2]
(1, (0, 1, 1), (0, 1)): [11, 5, 1, 2, 2]
(1, (0, 1, 1), (0, 2)): [4, 4, 0, 1]
(1, (0, 1, 1), (1, 0)): [13, 6, 8, 6, 1, 1, 0, 1]
(1, (0, 1, 1), (1, 1)): [5, 3, 2, 1, 2, 1, 0, 1]
(1, (0, 1, 1), (1, 2)): [4, 5, 2, 0, 2]
(1, (0, 1, 1), (2, 0)): [8, 4, 6, 5, 1]
(1, (0, 1, 1), (2, 1)): [5, 0, 0, 1]
(1, (0, 1, 1), (2, 2)): [2, 3, 1]
(1, (0, 1, 1), (3, 0)): [5, 3, 5, 3, 1]
(1, (0, 1, 1), (3, 1)): [1, 0, 0, 1]
(1, (0, 1, 1), (3, 2)): [1, 1, 1, 1]
(1, (1, 0, 0), (0, 0)): [8010, 1403, 916, 361, 160, 64, 21, 7, 3, 1, 2]
(1, (1, 0, 0), (0, 1)): [122, 19, 13, 3, 1]
(1, (1, 0, 0), (0, 2)): [42, 5, 4, 1]
(1, (1, 0, 0), (1, 0)): [135, 30, 15, 8, 2, 1]
(1, (1, 0, 0), (1, 1)): [98, 15, 6, 5]
(1, (1, 0, 0), (1, 2)): [46, 8, 4, 2]
(1, (1, 0, 0), (2, 0)): [40, 10, 5, 3, 1]
(1, (1, 0, 0), (2, 1)): [47, 10, 5, 1]
(1, (1, 0, 0), (2, 2)): [34, 6, 5, 1]
(1, (1, 0, 0), (3, 0)): [14, 7, 2, 2, 1]
(1, (1, 0, 0), (3, 1)): [18, 6, 3, 2, 1]
(1, (1, 0, 0), (3, 2)): [18, 3, 3, 2]
(1, (1, 0, 1), (0, 0)): [712, 755, 224, 156, 55, 19, 5, 0, 2, 1]
(1, (1, 0, 1), (0, 1)): [12, 12, 0, 5, 2]
(1, (1, 0, 1), (0, 2)): [4, 3, 0, 2]
(1, (1, 0, 1), (1, 0)): [20, 11, 7, 3, 2]
(1, (1, 0, 1), (1, 1)): [12, 10, 2, 3, 2]
(1, (1, 0, 1), (1, 2)): [8, 5, 1, 1]
(1, (1, 0, 1), (2, 0)): [9, 3, 2, 2]
(1, (1, 0, 1), (2, 1)): [7, 3, 3, 2, 1]
(1, (1, 0, 1), (2, 2)): [6, 7, 2, 2, 1]
(1, (1, 0, 1), (3, 0)): [2, 1, 0, 1]
(1, (1, 0, 1), (3, 1)): [2, 0, 1]
(1, (1, 0, 1), (3, 2)): [2, 3, 1]
(1, (1, 1, 0), (0, 0)): [2395, 715, 439, 337, 128, 47, 17, 5, 2, 0, 1, 1, 1]
(1, (1, 1, 0), (0, 1)): [47, 14, 8, 6, 2, 1]
(1, (1, 1, 0), (0, 2)): [23, 4, 2, 3, 1]
(1, (1, 1, 0), (1, 0)): [41, 22, 7, 6, 2, 2]
(1, (1, 1, 0), (1, 1)): [32, 17, 3, 3, 2, 1]
(1, (1, 1, 0), (1, 2)): [19, 7, 2, 2, 1]
(1, (1, 1, 0), (2, 0)): [11, 6, 2, 2, 1]
(1, (1, 1, 0), (2, 1)): [22, 12, 3, 1, 1, 1]
(1, (1, 1, 0), (2, 2)): [10, 8, 2, 2, 0, 1]
(1, (1, 1, 0), (3, 0)): [3, 3, 1, 2, 1]
(1, (1, 1, 0), (3, 1)): [12, 4, 1, 1, 1]
(1, (1, 1, 0), (3, 2)): [7, 6, 2, 1, 1]
(1, (1, 1, 1), (0, 0)): [547, 313, 221, 152, 96, 39, 14, 3, 3, 1, 1]
(1, (1, 1, 1), (0, 1)): [13, 9, 3, 2, 1]
(1, (1, 1, 1), (0, 2)): [4, 2, 2, 1]
(1, (1, 1, 1), (1, 0)): [9, 6, 6, 3, 2]
(1, (1, 1, 1), (1, 1)): [10, 10, 3, 3, 1]
(1, (1, 1, 1), (1, 2)): [5, 5, 4, 2, 1]
(1, (1, 1, 1), (2, 0)): [3, 1, 3, 0, 1]
(1, (1, 1, 1), (2, 1)): [2, 5, 0, 1]
(1, (1, 1, 1), (2, 2)): [2, 1, 2, 1]
(1, (1, 1, 1), (3, 0)): [2, 0, 3]
(1, (1, 1, 1), (3, 1)): [2, 2, 2]
(1, (1, 1, 1), (3, 2)): [0, 1]
(2, (0, 0, 0), (0, 0)): [18672, 838, 250, 88, 25, 6, 4]
(2, (0, 0, 0), (0, 1)): [365, 13, 6, 1]
(2, (0, 0, 0), (0, 2)): [144, 4]
(2, (0, 0, 0), (1, 0)): [354, 26, 3, 4]
(2, (0, 0, 0), (1, 1)): [313, 14, 5]
(2, (0, 0, 0), (1, 2)): [205, 4, 1]
(2, (0, 0, 0), (2, 0)): [128, 12, 3, 4]
(2, (0, 0, 0), (2, 1)): [175, 16, 5, 2]
(2, (0, 0, 0), (2, 2)): [180, 6, 4, 2]
(2, (0, 0, 0), (3, 0)): [44, 2, 1, 2]
(2, (0, 0, 0), (3, 1)): [80, 10, 3, 2]
(2, (0, 0, 0), (3, 2)): [103, 8, 3, 2]
(2, (0, 0, 1), (0, 0)): [1792, 530, 99, 36, 10, 6, 2]
(2, (0, 0, 1), (0, 1)): [36, 12, 1, 0, 1]
(2, (0, 0, 1), (0, 2)): [16, 4, 0, 0, 1]
(2, (0, 0, 1), (1, 0)): [43, 9, 1, 1, 0, 1]
(2, (0, 0, 1), (1, 1)): [35, 10, 2]
(2, (0, 0, 1), (1, 2)): [28, 7]
(2, (0, 0, 1), (2, 0)): [17, 3, 0, 1, 0, 1]
(2, (0, 0, 1), (2, 1)): [12, 5, 1]
(2, (0, 0, 1), (2, 2)): [15, 5]
(2, (0, 0, 1), (3, 0)): [11, 0, 0, 1, 0, 1]
(2, (0, 0, 1), (3, 1)): [11, 1, 1, 0, 0, 1]
(2, (0, 0, 1), (3, 2)): [9, 4]
(2, (0, 1, 0), (0, 0)): [4652, 925, 252, 112, 25, 9, 3, 1, 0, 2, 1]
(2, (0, 1, 0), (0, 1)): [81, 19, 5, 1, 1]
(2, (0, 1, 0), (0, 2)): [28, 5, 1]
(2, (0, 1, 0), (1, 0)): [88, 22, 5, 3]
(2, (0, 1, 0), (1, 1)): [77, 17, 4, 2, 1]
(2, (0, 1, 0), (1, 2)): [52, 6, 1, 1]
(2, (0, 1, 0), (2, 0)): [31, 7, 2, 2]
(2, (0, 1, 0), (2, 1)): [37, 10, 2, 1]
(2, (0, 1, 0), (2, 2)): [44, 7, 2, 1]
(2, (0, 1, 0), (3, 0)): [18, 4, 2, 2]
(2, (0, 1, 0), (3, 1)): [19, 4, 1, 2]
(2, (0, 1, 0), (3, 2)): [26, 5, 2, 1]
(2, (0, 1, 1), (0, 0)): [1115, 87, 228, 58, 22, 6, 1, 1, 1]
(2, (0, 1, 1), (0, 1)): [15, 1, 0, 1]
(2, (0, 1, 1), (0, 2)): [10]
(2, (0, 1, 1), (1, 0)): [32, 1, 5, 1, 1]
(2, (0, 1, 1), (1, 1)): [16, 1, 0, 1, 1]
(2, (0, 1, 1), (1, 2)): [8, 0, 0, 1]
(2, (0, 1, 1), (2, 0)): [15, 0, 2]
(2, (0, 1, 1), (2, 1)): [14, 0, 1, 0, 1]
(2, (0, 1, 1), (2, 2)): [13, 0, 0, 1]
(2, (0, 1, 1), (3, 0)): [11, 0, 1]
(2, (0, 1, 1), (3, 1)): [7, 0, 1]
(2, (0, 1, 1), (3, 2)): [5, 0, 1, 1]
(2, (1, 0, 0), (0, 0)): [9528, 630, 446, 128, 48, 16, 6, 1]
(2, (1, 0, 0), (0, 1)): [175, 10, 5, 1]
(2, (1, 0, 0), (0, 2)): [65, 2, 1]
(2, (1, 0, 0), (1, 0)): [170, 11, 4, 6, 0, 0, 0, 1]
(2, (1, 0, 0), (1, 1)): [131, 7, 1, 2, 0, 0, 0, 1]
(2, (1, 0, 0), (1, 2)): [71, 0, 2, 1]
(2, (1, 0, 0), (2, 0)): [56, 6, 2, 2]
(2, (1, 0, 0), (2, 1)): [69, 7, 1, 3, 0, 0, 0, 1]
(2, (1, 0, 0), (2, 2)): [51, 3, 1, 1, 0, 0, 0, 1]
(2, (1, 0, 0), (3, 0)): [22, 1]
(2, (1, 0, 0), (3, 1)): [39, 4, 1, 2]
(2, (1, 0, 0), (3, 2)): [38, 2, 0, 3, 0, 0, 0, 1]
(2, (1, 0, 1), (0, 0)): [1800, 387, 157, 91, 20, 8, 2, 1]
(2, (1, 0, 1), (0, 1)): [39, 2, 3, 2, 0, 1]
(2, (1, 0, 1), (0, 2)): [18, 0, 1, 1]
(2, (1, 0, 1), (1, 0)): [38, 6, 4, 1]
(2, (1, 0, 1), (1, 1)): [34, 5, 1, 2, 0, 1]
(2, (1, 0, 1), (1, 2)): [20, 3, 1, 2]
(2, (1, 0, 1), (2, 0)): [16, 0, 2]
(2, (1, 0, 1), (2, 1)): [19, 2, 3, 1]
(2, (1, 0, 1), (2, 2)): [18, 1]
(2, (1, 0, 1), (3, 0)): [4]
(2, (1, 0, 1), (3, 1)): [10, 2, 2]
(2, (1, 0, 1), (3, 2)): [10, 0, 1]
(2, (1, 1, 0), (0, 0)): [3976, 619, 303, 209, 77, 21, 5, 4, 1, 2]
(2, (1, 1, 0), (0, 1)): [72, 17, 3, 6, 0, 0, 0, 1]
(2, (1, 1, 0), (0, 2)): [24, 4, 0, 2, 0, 0, 0, 1]
(2, (1, 1, 0), (1, 0)): [76, 14, 5, 4, 1]
(2, (1, 1, 0), (1, 1)): [70, 15, 0, 4]
(2, (1, 1, 0), (1, 2)): [40, 7, 0, 2, 0, 0, 0, 1]
(2, (1, 1, 0), (2, 0)): [14, 2, 3, 1, 1]
(2, (1, 1, 0), (2, 1)): [32, 7, 2, 2]
(2, (1, 1, 0), (2, 2)): [30, 4, 0, 3, 0, 0, 0, 1]
(2, (1, 1, 0), (3, 0)): [6, 0, 1, 1]
(2, (1, 1, 0), (3, 1)): [15, 1, 3, 2]
(2, (1, 1, 0), (3, 2)): [15, 3, 1, 1, 0, 0, 0, 1]
(2, (1, 1, 1), (0, 0)): [1189, 151, 212, 90, 62, 17, 6, 4]
(2, (1, 1, 1), (0, 1)): [29, 2, 5, 4, 1, 0, 0, 1]
(2, (1, 1, 1), (0, 2)): [14, 0, 2, 3, 0, 0, 0, 1]
(2, (1, 1, 1), (1, 0)): [17, 6, 7, 1]
(2, (1, 1, 1), (1, 1)): [15, 4, 2, 1, 1]
(2, (1, 1, 1), (1, 2)): [14, 2, 2, 3, 0, 0, 0, 1]
(2, (1, 1, 1), (2, 0)): [7, 3, 4, 1]
(2, (1, 1, 1), (2, 1)): [4, 3, 2, 0, 1]
(2, (1, 1, 1), (2, 2)): [7, 3, 3, 1]
(2, (1, 1, 1), (3, 0)): [2, 2, 2, 1]
(2, (1, 1, 1), (3, 1)): [4, 0, 2, 1, 1]
(2, (1, 1, 1), (3, 2)): [4, 2, 3, 2, 1]
