(0, (0, 0, 0), (0, 0)): [15639, 3372, 1597, 750, 397, 145, 58, 34, 10, 8]
(0, (0, 0, 0), (0, 1)): [49, 9]
(0, (0, 0, 0), (0, 2)): [20, 1]
(0, (0, 0, 0), (1, 0)): [48, 7, 2, 3, 3]
(0, (0, 0, 0), (1, 1)): [34, 7, 2, 0, 2]
(0, (0, 0, 0), (1, 2)): [15, 2, 1]
(0, (0, 0, 0), (2, 0)): [19, 3, 0, 2, 1]
(0, (0, 0, 0), (2, 1)): [27, 5, 1, 0, 2]
(0, (0, 0, 0), (2, 2)): [16, 4, 1, 0, 2]
(0, (0, 0, 0), (3, 0)): [5, 1, 0, 2, 1]
(0, (0, 0, 0), (3, 1)): [13, 2, 0, 1, 1]
(0, (0, 0, 0), (3, 2)): [11, 0, 0, 1, 3]
(0, (0, 0, 1), (0, 0)): [80, 287, 87, 40, 22, 9, 7, 3]
(0, (0, 0, 1), (1, 0)): [0, 0, 0, 1]
(0, (0, 0, 1), (2, 0)): [0, 0, 0, 1]
(0, (0, 0, 1), (2, 1)): [0, 0, 0, 1]
(0, (0, 1, 0), (0, 0)): [483, 550, 191, 103, 65, 31, 7, 3, 1, 2]
(0, (0, 1, 0), (0, 1)): [1, 4]
(0, (0, 1, 0), (1, 0)): [1]
(0, (0, 1, 0), (1, 1)): [1, 2]
(0, (0, 1, 0), (1, 2)): [0, 1]
(0, (0, 1, 0), (2, 0)): [1]
(0, (0, 1, 0), (2, 1)): [1, 1]
(0, (0, 1, 0), (2, 2)): [0, 1]
(0, (0, 1, 0), (3, 2)): [0, 1]
(0, (0, 1, 1), (0, 0)): [42, 83, 110, 65, 35, 16, 5, 2, 1]
(0, (0, 1, 1), (0, 1)): [0, 1, 0, 0, 0, 0, 0, 0, 1]
(0, (0, 1, 1), (0, 2)): [0, 1]
(0, (0, 1, 1), (1, 0)): [0, 0, 0, 0, 0, 0, 1]
(0, (0, 1, 1), (1, 1)): [0, 0, 0, 0, 0, 0, 0, 0, 1]
(0, (0, 1, 1), (2, 1)): [0, 0, 0, 0, 0, 0, 0, 0, 1]
(0, (0, 1, 1), (3, 1)): [0, 0, 0, 0, 0, 0, 0, 0, 1]
(0, (0, 1, 1), (3, 2)): [0, 0, 0, 0, 0, 0, 0, 0, 1]
(0, (1, 0, 0), (0, 0)): [3629, 1339, 818, 454, 235, 80, 35, 22, 10, 4]
(0, (1, 0, 0), (0, 1)): [13, 4, 0, 1, 2]
(0, (1, 0, 0), (0, 2)): [5]
(0, (1, 0, 0), (1, 0)): [5, 3, 3, 0, 1, 0, 0, 0, 1]
(0, (1, 0, 0), (1, 1)): [8, 6, 2, 1, 1]
(0, (1, 0, 0), (1, 2)): [3, 2, 1]
(0, (1, 0, 0), (2, 0)): [2, 0, 0, 0, 1, 0, 0, 0, 1]
(0, (1, 0, 0), (2, 1)): [7, 0, 1, 0, 1, 0, 0, 0, 1]
(0, (1, 0, 0), (2, 2)): [8, 2, 1, 0, 0, 0, 0, 0, 1]
(0, (1, 0, 0), (3, 2)): [2, 1]
(0, (1, 0, 1), (0, 0)): [78, 235, 118, 76, 58, 25, 12, 7, 3, 1]
(0, (1, 0, 1), (1, 0)): [0, 1, 1]
(0, (1, 0, 1), (2, 0)): [0, 1]
(0, (1, 0, 1), (2, 1)): [0, 1]
(0, (1, 0, 1), (3, 1)): [0, 1]
(0, (1, 0, 1), (3, 2)): [0, 1]
(0, (1, 1, 0), (0, 0)): [445, 334, 301, 193, 106, 46, 23, 13, 7, 3]
(0, (1, 1, 0), (0, 1)): [0, 1]
(0, (1, 1, 0), (0, 2)): [0, 1]
(0, (1, 1, 0), (1, 0)): [0, 0, 0, 1, 0, 0, 0, 1]
(0, (1, 1, 0), (1, 2)): [0, 1]
(0, (1, 1, 0), (2, 0)): [0, 0, 0, 1, 0, 0, 0, 1]
(0, (1, 1, 0), (2, 2)): [0, 1]
(0, (1, 1, 0), (3, 0)): [0, 0, 0, 1, 0, 0, 0, 1]
(0, (1, 1, 0), (3, 1)): [0, 0, 0, 1]
(0, (1, 1, 0), (3, 2)): [0, 1]
(0, (1, 1, 1), (0, 0)): [50, 94, 91, 64, 55, 27, 13, 8, 3, 1]
(0, (1, 1, 1), (0, 1)): [0, 0, 0, 0, 1, 0, 0, 0, 1]
(0, (1, 1, 1), (1, 0)): [0, 0, 0, 1]
(0, (1, 1, 1), (1, 1)): [0, 0, 0, 1, 1]
(0, (1, 1, 1), (2, 1)): [0, 0, 0, 1]
(0, (1, 1, 1), (2, 2)): [0, 0, 0, 1]
(0, (1, 1, 1), (3, 2)): [0, 0, 0, 1]
(1, (0, 0, 0), (0, 0)): [12207, 1399, 615, 215, 115, 39, 12, 8, 0, 3]
(1, (0, 0, 0), (0, 1)): [36, 2, 1, 0, 1]
(1, (0, 0, 0), (0, 2)): [15]
(1, (0, 0, 0), (1, 0)): [44, 3]
(1, (0, 0, 0), (1, 1)): [30, 3, 1, 0, 1]
(1, (0, 0, 0), (1, 2)): [20, 1]
(1, (0, 0, 0), (2, 0)): [12]
(1, (0, 0, 0), (2, 1)): [12, 2, 1, 0, 1]
(1, (0, 0, 0), (2, 2)): [11, 2]
(1, (0, 0, 0), (3, 0)): [6]
(1, (0, 0, 0), (3, 1)): [8, 1]
(1, (0, 0, 0), (3, 2)): [8, 2]
(1, (0, 0, 1), (0, 0)): [446, 733, 156, 65, 41, 6, 4, 4]
(1, (0, 0, 1), (0, 1)): [2, 1]
(1, (0, 0, 1), (0, 2)): [1, 1]
(1, (0, 0, 1), (1, 0)): [1, 1]
(1, (0, 0, 1), (1, 1)): [2]
(1, (0, 0, 1), (1, 2)): [2]
(1, (0, 0, 1), (2, 0)): [0, 1]
(1, (0, 0, 1), (2, 1)): [0, 1]
(1, (0, 0, 1), (2, 2)): [1]
(1, (0, 0, 1), (3, 1)): [0, 1]
(1, (0, 0, 1), (3, 2)): [0, 1]
(1, (0, 1, 0), (0, 0)): [1975, 1002, 339, 172, 71, 21, 7, 4, 0, 1]
(1, (0, 1, 0), (0, 1)): [3, 2]
(1, (0, 1, 0), (0, 2)): [1, 2]
(1, (0, 1, 0), (1, 0)): [5, 2]
(1, (0, 1, 0), (1, 1)): [4, 1]
(1, (0, 1, 0), (1, 2)): [1, 1]
(1, (0, 1, 0), (2, 0)): [3]
(1, (0, 1, 0), (2, 1)): [4, 1]
(1, (0, 1, 0), (2, 2)): [1]
(1, (0, 1, 0), (3, 0)): [1]
(1, (0, 1, 0), (3, 1)): [3]
(1, (0, 1, 0), (3, 2)): [2]
(1, (0, 1, 1), (0, 0)): [323, 293, 338, 135, 58, 18, 6, 2]
(1, (0, 1, 1), (0, 1)): [0, 0, 1]
(1, (1, 0, 0), (0, 0)): [5229, 1022, 600, 286, 115, 40, 15, 8, 0, 2]
(1, (1, 0, 0), (0, 1)): [20, 3]
(1, (1, 0, 0), (0, 2)): [8, 1]
(1, (1, 0, 0), (1, 0)): [12, 1, 2, 1]
(1, (1, 0, 0), (1, 1)): [14, 2, 1]
(1, (1, 0, 0), (1, 2)): [9, 2]
(1, (1, 0, 0), (2, 0)): [7, 1, 0, 1]
(1, (1, 0, 0), (2, 1)): [7, 1]
(1, (1, 0, 0), (2, 2)): [7, 1]
(1, (1, 0, 0), (3, 0)): [2, 1]
(1, (1, 0, 0), (3, 1)): [3, 1]
(1, (1, 0, 0), (3, 2)): [2, 1]
(1, (1, 0, 1), (0, 0)): [410, 554, 198, 120, 58, 17, 13, 4, 1, 1]
(1, (1, 0, 1), (1, 0)): [0, 1]
(1, (1, 1, 0), (0, 0)): [1329, 423, 294, 240, 101, 38, 15, 6, 2, 3]
(1, (1, 1, 0), (0, 1)): [7, 1, 0, 0, 1]
(1, (1, 1, 0), (0, 2)): [3, 0, 0, 0, 1]
(1, (1, 1, 0), (1, 0)): [1, 1, 0, 1, 1]
(1, (1, 1, 0), (1, 1)): [5, 1, 0, 1]
(1, (1, 1, 0), (1, 2)): [4, 0, 0, 0, 1]
(1, (1, 1, 0), (2, 0)): [0, 1, 0, 0, 1]
(1, (1, 1, 0), (2, 1)): [1, 1, 0, 1]
(1, (1, 1, 0), (2, 2)): [2]
(1, (1, 1, 0), (3, 0)): [0, 1, 0, 0, 1]
(1, (1, 1, 0), (3, 1)): [0, 2]
(1, (1, 1, 0), (3, 2)): [0, 1]
(1, (1, 1, 1), (0, 0)): [254, 200, 118, 104, 67, 21, 8, 5, 3]
(1, (1, 1, 1), (0, 1)): [1, 2]
(1, (1, 1, 1), (0, 2)): [0, 1]
(1, (1, 1, 1), (1, 0)): [0, 0, 1, 1, 2]
(1, (1, 1, 1), (1, 1)): [1, 1, 0, 1, 1]
(1, (1, 1, 1), (1, 2)): [1, 1]
(1, (1, 1, 1), (2, 0)): [0, 0, 0, 0, 1]
(1, (1, 1, 1), (2, 1)): [0, 0, 0, 1, 1]
(1, (1, 1, 1), (2, 2)): [0, 0, 0, 0, 1]
(1, (1, 1, 1), (3, 1)): [0, 0, 0, 1]
(1, (1, 1, 1), (3, 2)): [0, 0, 0, 1, 1]
(2, (0, 0, 0), (0, 0)): [10438, 487, 163, 42, 31, 6, 1, 2, 0, 1]
(2, (0, 0, 0), (0, 1)): [33, 0, 1, 1]
(2, (0, 0, 0), (0, 2)): [8, 0, 1]
(2, (0, 0, 0), (1, 0)): [39, 1]
(2, (0, 0, 0), (1, 1)): [35, 0, 0, 1]
(2, (0, 0, 0), (1, 2)): [21, 0, 1]
(2, (0, 0, 0), (2, 0)): [11, 1]
(2, (0, 0, 0), (2, 1)): [18, 1, 0, 1]
(2, (0, 0, 0), (2, 2)): [20, 0, 0, 1]
(2, (0, 0, 0), (3, 0)): [4]
(2, (0, 0, 0), (3, 1)): [5]
(2, (0, 0, 0), (3, 2)): [12, 0, 0, 1]
(2, (0, 0, 1), (0, 0)): [1403, 535, 92, 28, 20, 3, 0, 1]
(2, (0, 0, 1), (0, 1)): [3, 1]
(2, (0, 0, 1), (1, 0)): [7, 2]
(2, (0, 0, 1), (1, 1)): [7, 1]
(2, (0, 0, 1), (1, 2)): [2]
(2, (0, 0, 1), (2, 0)): [3]
(2, (0, 0, 1), (2, 1)): [4]
(2, (0, 0, 1), (2, 2)): [2]
(2, (0, 0, 1), (3, 0)): [2]
(2, (0, 0, 1), (3, 1)): [4]
(2, (0, 0, 1), (3, 2)): [5]
(2, (0, 1, 0), (0, 0)): [3105, 741, 195, 64, 21, 9, 3, 1, 0, 1]
(2, (0, 1, 0), (0, 1)): [7, 2]
(2, (0, 1, 0), (0, 2)): [4, 1]
(2, (0, 1, 0), (1, 0)): [8, 1]
(2, (0, 1, 0), (1, 1)): [7, 2]
(2, (0, 1, 0), (1, 2)): [5, 1]
(2, (0, 1, 0), (2, 0)): [3]
(2, (0, 1, 0), (2, 1)): [5, 1]
(2, (0, 1, 0), (2, 2)): [6]
(2, (0, 1, 0), (3, 0)): [1]
(2, (0, 1, 0), (3, 2)): [1]
(2, (0, 1, 1), (0, 0)): [855, 72, 203, 60, 24, 6, 4]
(2, (0, 1, 1), (0, 1)): [4, 0, 1]
(2, (0, 1, 1), (0, 2)): [3]
(2, (0, 1, 1), (1, 0)): [3]
(2, (0, 1, 1), (1, 1)): [1, 0, 1]
(2, (0, 1, 1), (1, 2)): [3]
(2, (0, 1, 1), (2, 0)): [2]
(2, (0, 1, 1), (2, 2)): [2]
(2, (0, 1, 1), (3, 0)): [1]
(2, (0, 1, 1), (3, 1)): [1]
(2, (0, 1, 1), (3, 2)): [1]
(2, (1, 0, 0), (0, 0)): [6499, 535, 306, 107, 32, 6, 1, 4]
(2, (1, 0, 0), (0, 1)): [31, 1]
(2, (1, 0, 0), (0, 2)): [8, 1]
(2, (1, 0, 0), (1, 0)): [19, 1]
(2, (1, 0, 0), (1, 1)): [24]
(2, (1, 0, 0), (1, 2)): [15, 1]
(2, (1, 0, 0), (2, 0)): [7, 1]
(2, (1, 0, 0), (2, 1)): [10]
(2, (1, 0, 0), (2, 2)): [14, 1]
(2, (1, 0, 0), (3, 1)): [3]
(2, (1, 0, 0), (3, 2)): [2, 1]
(2, (1, 0, 1), (0, 0)): [1099, 347, 132, 62, 18, 6, 2, 3]
(2, (1, 0, 1), (0, 1)): [2]
(2, (1, 0, 1), (0, 2)): [1]
(2, (1, 0, 1), (1, 0)): [2]
(2, (1, 0, 1), (2, 0)): [1]
(2, (1, 0, 1), (3, 0)): [1]
(2, (1, 0, 1), (3, 1)): [1]
(2, (1, 0, 1), (3, 2)): [1]
(2, (1, 1, 0), (0, 0)): [2087, 349, 193, 112, 32, 6, 2]
(2, (1, 1, 0), (0, 1)): [5, 1]
(2, (1, 1, 0), (0, 2)): [2]
(2, (1, 1, 0), (1, 0)): [2, 0, 0, 1]
(2, (1, 1, 0), (1, 1)): [3, 1]
(2, (1, 1, 0), (1, 2)): [2]
(2, (1, 1, 0), (2, 0)): [1, 0, 0, 1]
(2, (1, 1, 0), (2, 1)): [1]
(2, (1, 1, 0), (2, 2)): [1]
(2, (1, 1, 0), (3, 0)): [1, 0, 0, 1]
(2, (1, 1, 0), (3, 1)): [2, 0, 0, 1]
(2, (1, 1, 0), (3, 2)): [1]
(2, (1, 1, 1), (0, 0)): [631, 105, 104, 73, 41, 6, 3]
(2, (1, 1, 1), (0, 1)): [1]
(2, (1, 1, 1), (1, 0)): [1, 0, 0, 1]
(2, (1, 1, 1), (2, 0)): [1, 0, 0, 1]
(2, (1, 1, 1), (2, 1)): [0, 0, 0, 1]
