(0, (0, 0, 0), (0, 0)): [29098, 5695, 2498, 1094, 491, 198, 76, 34, 7, 11, 1]
(0, (0, 0, 0), (0, 1)): [13779, 2751, 1180, 522, 226, 100, 40, 16, 1, 3, 1]
(0, (0, 0, 0), (0, 2)): [6166, 1183, 528, 227, 96, 40, 16, 7, 1, 2, 1]
(0, (0, 0, 0), (1, 0)): [10603, 2051, 931, 398, 186, 71, 28, 11, 3, 5]
(0, (0, 0, 0), (1, 1)): [9938, 1956, 886, 361, 165, 78, 30, 11, 1, 3]
(0, (0, 0, 0), (1, 2)): [7998, 1549, 717, 264, 123, 55, 21, 13, 1, 3, 1]
(0, (0, 0, 0), (2, 0)): [2976, 592, 249, 114, 55, 15, 5, 4, 1, 2]
(0, (0, 0, 0), (2, 1)): [4783, 1005, 412, 193, 86, 36, 13, 2, 1, 1]
(0, (0, 0, 0), (2, 2)): [5514, 1077, 477, 213, 77, 40, 17, 8, 1, 3]
(0, (0, 0, 0), (3, 0)): [599, 102, 55, 18, 7, 0, 0, 0, 0, 1]
(0, (0, 0, 0), (3, 1)): [1438, 316, 123, 52, 18, 5, 1, 0, 0, 1]
(0, (0, 0, 0), (3, 2)): [2559, 498, 228, 92, 39, 12, 5, 1, 0, 2]
(0, (0, 0, 1), (0, 0)): [91, 295, 76, 42, 8, 3, 0, 2, 0, 1]
(0, (0, 0, 1), (0, 1)): [47, 138, 32, 17, 3, 0, 0, 1]
(0, (0, 0, 1), (0, 2)): [17, 50, 14, 9, 1, 0, 0, 1]
(0, (0, 0, 1), (1, 0)): [28, 110, 27, 19, 3, 3, 0, 0, 0, 1]
(0, (0, 0, 1), (1, 1)): [39, 113, 25, 16, 4, 2, 0, 0, 0, 1]
(0, (0, 0, 1), (1, 2)): [25, 75, 22, 13, 4, 1, 0, 1]
(0, (0, 0, 1), (2, 0)): [10, 30, 6, 3, 0, 1]
(0, (0, 0, 1), (2, 1)): [16, 52, 7, 5, 1, 1]
(0, (0, 0, 1), (2, 2)): [21, 58, 14, 9, 1, 2]
(0, (0, 0, 1), (3, 0)): [1, 4, 1]
(0, (0, 0, 1), (3, 1)): [6, 14, 2]
(0, (0, 0, 1), (3, 2)): [7, 29, 4, 4]
(0, (0, 1, 0), (0, 0)): [1118, 1073, 421, 183, 87, 33, 19, 9, 4, 2]
(0, (0, 1, 0), (0, 1)): [529, 527, 219, 97, 48, 18, 7, 3, 1, 2]
(0, (0, 1, 0), (0, 2)): [226, 224, 98, 42, 19, 5, 4, 2, 1, 1]
(0, (0, 1, 0), (1, 0)): [416, 370, 146, 66, 26, 13, 8, 3, 3]
(0, (0, 1, 0), (1, 1)): [397, 365, 143, 71, 33, 12, 8, 1, 2]
(0, (0, 1, 0), (1, 2)): [317, 292, 111, 49, 26, 5, 7, 1, 1, 1]
(0, (0, 1, 0), (2, 0)): [111, 113, 41, 20, 6, 3, 0, 1]
(0, (0, 1, 0), (2, 1)): [175, 180, 70, 42, 14, 6, 2]
(0, (0, 1, 0), (2, 2)): [214, 203, 73, 43, 12, 6, 3, 1, 1]
(0, (0, 1, 0), (3, 0)): [21, 23, 9, 2]
(0, (0, 1, 0), (3, 1)): [48, 54, 16, 8, 2, 0, 1]
(0, (0, 1, 0), (3, 2)): [95, 106, 33, 18, 2, 2, 1]
(0, (0, 1, 1), (0, 0)): [75, 163, 195, 74, 50, 13, 11, 3, 1]
(0, (0, 1, 1), (0, 1)): [36, 81, 91, 35, 24, 4, 4, 1]
(0, (0, 1, 1), (0, 2)): [17, 33, 37, 13, 5, 1, 1, 1]
(0, (0, 1, 1), (1, 0)): [25, 59, 75, 26, 16, 4, 4, 2]
(0, (0, 1, 1), (1, 1)): [21, 58, 74, 25, 18, 4, 2, 1]
(0, (0, 1, 1), (1, 2)): [16, 45, 49, 12, 9, 2, 2, 1]
(0, (0, 1, 1), (2, 0)): [5, 15, 15, 5, 4, 0, 0, 1]
(0, (0, 1, 1), (2, 1)): [9, 22, 37, 14, 9, 1, 1]
(0, (0, 1, 1), (2, 2)): [13, 31, 39, 9, 9, 0, 2, 1]
(0, (0, 1, 1), (3, 0)): [1, 3, 5, 2, 0, 0, 0, 1]
(0, (0, 1, 1), (3, 1)): [3, 6, 14, 3, 3, 0, 0, 1]
(0, (0, 1, 1), (3, 2)): [5, 17, 24, 8, 4, 0, 0, 1]
(0, (1, 0, 0), (0, 0)): [5745, 1878, 1199, 536, 283, 124, 47, 27, 3, 8, 1]
(0, (1, 0, 0), (0, 1)): [2688, 865, 558, 256, 132, 66, 27, 10, 0, 2, 1]
(0, (1, 0, 0), (0, 2)): [1164, 376, 251, 107, 50, 28, 10, 4, 0, 1, 1]
(0, (1, 0, 0), (1, 0)): [2106, 711, 453, 198, 110, 41, 15, 12, 1, 4]
(0, (1, 0, 0), (1, 1)): [1957, 664, 425, 175, 104, 51, 17, 10, 0, 2]
(0, (1, 0, 0), (1, 2)): [1541, 512, 342, 126, 74, 37, 13, 11, 0, 2, 1]
(0, (1, 0, 0), (2, 0)): [583, 200, 117, 58, 27, 7, 3, 4, 1, 2]
(0, (1, 0, 0), (2, 1)): [967, 319, 197, 97, 51, 20, 8, 2, 1, 1]
(0, (1, 0, 0), (2, 2)): [1080, 361, 222, 105, 52, 23, 12, 7, 0, 3]
(0, (1, 0, 0), (3, 0)): [120, 41, 29, 10, 5, 0, 0, 0, 0, 1]
(0, (1, 0, 0), (3, 1)): [290, 112, 62, 27, 10, 4, 0, 0, 0, 1]
(0, (1, 0, 0), (3, 2)): [509, 173, 105, 46, 26, 8, 1, 1, 0, 2]
(0, (1, 0, 1), (0, 0)): [138, 417, 157, 123, 55, 30, 13, 6, 3, 1]
(0, (1, 0, 1), (0, 1)): [71, 200, 82, 62, 24, 17, 5, 3, 1, 1]
(0, (1, 0, 1), (0, 2)): [35, 79, 37, 23, 9, 4, 3, 3, 1, 1]
(0, (1, 0, 1), (1, 0)): [44, 155, 53, 40, 24, 12, 4, 2, 1]
(0, (1, 0, 1), (1, 1)): [46, 153, 60, 48, 21, 12, 3, 2]
(0, (1, 0, 1), (1, 2)): [41, 127, 44, 21, 15, 6, 2, 2]
(0, (1, 0, 1), (2, 0)): [7, 43, 10, 6, 11, 1, 1]
(0, (1, 0, 1), (2, 1)): [17, 65, 32, 28, 11, 7, 1, 1]
(0, (1, 0, 1), (2, 2)): [26, 93, 26, 24, 12, 8, 2, 2]
(0, (1, 0, 1), (3, 0)): [1, 5, 0, 1, 2]
(0, (1, 0, 1), (3, 1)): [5, 20, 5, 4, 2]
(0, (1, 0, 1), (3, 2)): [11, 43, 11, 11, 6, 2]
(0, (1, 1, 0), (0, 0)): [817, 484, 358, 240, 154, 68, 23, 16, 2, 5, 1]
(0, (1, 1, 0), (0, 1)): [383, 242, 160, 115, 81, 38, 14, 6, 1, 0, 1]
(0, (1, 1, 0), (0, 2)): [175, 96, 69, 40, 33, 17, 6, 1, 1, 0, 1]
(0, (1, 1, 0), (1, 0)): [304, 156, 142, 86, 51, 18, 8, 6, 0, 4]
(0, (1, 1, 0), (1, 1)): [275, 181, 121, 76, 56, 27, 9, 4, 0, 2]
(0, (1, 1, 0), (1, 2)): [231, 134, 98, 49, 37, 19, 7, 4, 0, 2, 1]
(0, (1, 1, 0), (2, 0)): [72, 41, 35, 30, 10, 3, 4, 3, 0, 2]
(0, (1, 1, 0), (2, 1)): [133, 85, 58, 50, 27, 8, 5, 0, 0, 1]
(0, (1, 1, 0), (2, 2)): [158, 87, 64, 50, 25, 9, 6, 2, 0, 3]
(0, (1, 1, 0), (3, 0)): [19, 8, 7, 6, 2, 0, 0, 0, 0, 1]
(0, (1, 1, 0), (3, 1)): [42, 25, 19, 15, 4, 4, 0, 0, 0, 1]
(0, (1, 1, 0), (3, 2)): [72, 31, 28, 23, 12, 6, 2, 1, 0, 2]
(0, (1, 1, 1), (0, 0)): [70, 117, 110, 77, 71, 37, 15, 7, 2, 3]
(0, (1, 1, 1), (0, 1)): [34, 51, 48, 39, 37, 20, 7, 2]
(0, (1, 1, 1), (0, 2)): [12, 21, 17, 15, 18, 7, 3, 1]
(0, (1, 1, 1), (1, 0)): [27, 41, 45, 26, 21, 10, 6, 3, 1, 3]
(0, (1, 1, 1), (1, 1)): [24, 30, 36, 24, 26, 16, 5, 1, 0, 1]
(0, (1, 1, 1), (1, 2)): [17, 26, 27, 12, 21, 10, 2, 1, 0, 1]
(0, (1, 1, 1), (2, 0)): [6, 14, 11, 9, 5, 0, 2, 1, 1, 2]
(0, (1, 1, 1), (2, 1)): [12, 21, 20, 17, 14, 4, 2, 0, 1, 1]
(0, (1, 1, 1), (2, 2)): [13, 18, 18, 16, 17, 6, 2, 0, 1, 2]
(0, (1, 1, 1), (3, 0)): [1, 1, 2, 2, 1, 0, 1, 1, 0, 1]
(0, (1, 1, 1), (3, 1)): [2, 4, 7, 4, 3, 1, 1, 1, 0, 1]
(0, (1, 1, 1), (3, 2)): [5, 4, 7, 5, 7, 2, 2, 1, 1, 2]
(1, (0, 0, 0), (0, 0)): [24179, 2582, 989, 420, 149, 46, 15, 1, 1]
(1, (0, 0, 0), (0, 1)): [11459, 1274, 469, 198, 63, 19, 8]
(1, (0, 0, 0), (0, 2)): [5161, 539, 205, 87, 30, 9, 4]
(1, (0, 0, 0), (1, 0)): [8815, 916, 367, 151, 60, 20, 5]
(1, (0, 0, 0), (1, 1)): [8236, 880, 347, 132, 42, 16, 4]
(1, (0, 0, 0), (1, 2)): [6641, 698, 281, 100, 30, 12, 3]
(1, (0, 0, 0), (2, 0)): [2471, 269, 104, 41, 24, 5, 1]
(1, (0, 0, 0), (2, 1)): [3974, 474, 163, 72, 30, 12, 2]
(1, (0, 0, 0), (2, 2)): [4568, 490, 194, 78, 20, 13, 2]
(1, (0, 0, 0), (3, 0)): [493, 37, 22, 6, 2]
(1, (0, 0, 0), (3, 1)): [1189, 143, 47, 17, 8, 1]
(1, (0, 0, 0), (3, 2)): [2120, 230, 94, 28, 12, 3, 1]
(1, (0, 0, 1), (0, 0)): [652, 958, 192, 75, 25, 12, 3, 0, 0, 1]
(1, (0, 0, 1), (0, 1)): [318, 446, 97, 33, 11, 7, 1, 0, 0, 1]
(1, (0, 0, 1), (0, 2)): [131, 180, 42, 18, 3, 3, 0, 0, 0, 1]
(1, (0, 0, 1), (1, 0)): [231, 363, 67, 30, 11, 4, 1]
(1, (0, 0, 1), (1, 1)): [242, 347, 64, 20, 12, 5, 2]
(1, (0, 0, 1), (1, 2)): [178, 236, 56, 18, 7, 4, 1, 0, 0, 1]
(1, (0, 0, 1), (2, 0)): [63, 112, 21, 14, 3]
(1, (0, 0, 1), (2, 1)): [112, 191, 33, 16, 6, 2, 1]
(1, (0, 0, 1), (2, 2)): [129, 191, 38, 18, 7, 2, 1]
(1, (0, 0, 1), (3, 0)): [12, 24, 4]
(1, (0, 0, 1), (3, 1)): [38, 59, 7, 0, 1, 1, 1]
(1, (0, 0, 1), (3, 2)): [63, 98, 17, 4, 2, 1, 1]
(1, (0, 1, 0), (0, 0)): [3337, 1374, 485, 217, 75, 42, 7, 1, 1, 1]
(1, (0, 1, 0), (0, 1)): [1599, 641, 234, 109, 44, 19, 4, 0, 1, 1]
(1, (0, 1, 0), (0, 2)): [695, 291, 100, 51, 21, 9, 4, 0, 1]
(1, (0, 1, 0), (1, 0)): [1162, 523, 179, 82, 20, 16, 2, 1]
(1, (0, 1, 0), (1, 1)): [1139, 483, 183, 79, 24, 17, 0, 1]
(1, (0, 1, 0), (1, 2)): [917, 362, 147, 57, 22, 16, 3, 1, 1]
(1, (0, 1, 0), (2, 0)): [317, 150, 50, 21, 5, 2]
(1, (0, 1, 0), (2, 1)): [519, 265, 85, 34, 12, 7]
(1, (0, 1, 0), (2, 2)): [585, 262, 93, 42, 13, 12, 0, 1]
(1, (0, 1, 0), (3, 0)): [59, 31, 7, 2, 1]
(1, (0, 1, 0), (3, 1)): [166, 78, 23, 10, 3]
(1, (0, 1, 0), (3, 2)): [278, 120, 40, 14, 5, 2]
(1, (0, 1, 1), (0, 0)): [459, 449, 355, 124, 72, 20, 11, 4, 1, 1]
(1, (0, 1, 1), (0, 1)): [214, 210, 179, 58, 39, 8, 5, 2, 1]
(1, (0, 1, 1), (0, 2)): [95, 90, 82, 20, 13, 4, 1]
(1, (0, 1, 1), (1, 0)): [170, 150, 115, 48, 23, 10, 6, 1]
(1, (0, 1, 1), (1, 1)): [152, 140, 111, 43, 33, 6, 4, 2]
(1, (0, 1, 1), (1, 2)): [118, 116, 89, 29, 21, 2, 3, 2]
(1, (0, 1, 1), (2, 0)): [50, 51, 37, 12, 3, 4, 1]
(1, (0, 1, 1), (2, 1)): [81, 62, 60, 24, 14, 5, 2]
(1, (0, 1, 1), (2, 2)): [89, 75, 58, 26, 17, 7, 5, 2]
(1, (0, 1, 1), (3, 0)): [10, 7, 10]
(1, (0, 1, 1), (3, 1)): [24, 23, 21, 4, 3]
(1, (0, 1, 1), (3, 2)): [37, 41, 26, 8, 6, 1, 0, 1]
(1, (1, 0, 0), (0, 0)): [8384, 1496, 901, 390, 155, 58, 24, 8, 3, 1]
(1, (1, 0, 0), (0, 1)): [3964, 721, 436, 185, 61, 23, 12, 2, 2]
(1, (1, 0, 0), (0, 2)): [1749, 305, 199, 92, 22, 14, 3, 1, 1]
(1, (1, 0, 0), (1, 0)): [3065, 538, 316, 137, 65, 23, 10, 4, 1]
(1, (1, 0, 0), (1, 1)): [2888, 521, 307, 126, 50, 18, 11, 4]
(1, (1, 0, 0), (1, 2)): [2275, 407, 250, 99, 37, 13, 5, 4, 1]
(1, (1, 0, 0), (2, 0)): [892, 157, 84, 38, 22, 6, 2, 1, 1]
(1, (1, 0, 0), (2, 1)): [1419, 272, 129, 73, 29, 13, 5, 1, 1]
(1, (1, 0, 0), (2, 2)): [1596, 289, 174, 75, 23, 13, 6, 3]
(1, (1, 0, 0), (3, 0)): [183, 23, 22, 4, 3]
(1, (1, 0, 0), (3, 1)): [425, 81, 38, 21, 9]
(1, (1, 0, 0), (3, 2)): [780, 141, 81, 31, 14, 2, 1]
(1, (1, 0, 1), (0, 0)): [721, 710, 257, 168, 67, 30, 10, 3, 0, 1]
(1, (1, 0, 1), (0, 1)): [375, 341, 120, 70, 31, 13, 4, 2]
(1, (1, 0, 1), (0, 2)): [174, 140, 48, 31, 16, 8, 2, 1]
(1, (1, 0, 1), (1, 0)): [234, 264, 98, 70, 27, 16, 5, 0, 0, 1]
(1, (1, 0, 1), (1, 1)): [227, 255, 92, 58, 22, 10, 3, 1, 0, 1]
(1, (1, 0, 1), (1, 2)): [207, 180, 61, 36, 18, 8, 4, 1, 0, 1]
(1, (1, 0, 1), (2, 0)): [64, 77, 29, 21, 8, 5, 3]
(1, (1, 0, 1), (2, 1)): [118, 153, 44, 30, 11, 8, 3]
(1, (1, 0, 1), (2, 2)): [130, 160, 45, 38, 7, 8, 6, 1, 0, 1]
(1, (1, 0, 1), (3, 0)): [8, 18, 6, 4, 1]
(1, (1, 0, 1), (3, 1)): [33, 41, 14, 6, 1, 1]
(1, (1, 0, 1), (3, 2)): [58, 71, 30, 17, 2, 1, 1]
(1, (1, 1, 0), (0, 0)): [2365, 648, 414, 316, 134, 57, 17, 6, 4]
(1, (1, 1, 0), (0, 1)): [1102, 315, 199, 161, 56, 24, 12, 1, 1]
(1, (1, 1, 0), (0, 2)): [470, 131, 105, 76, 21, 13, 5, 1, 1]
(1, (1, 1, 0), (1, 0)): [863, 239, 147, 114, 56, 23, 2, 5, 3]
(1, (1, 1, 0), (1, 1)): [810, 238, 128, 99, 49, 18, 6, 4, 2]
(1, (1, 1, 0), (1, 2)): [642, 184, 110, 84, 39, 19, 5, 4, 3]
(1, (1, 1, 0), (2, 0)): [238, 65, 39, 28, 16, 6, 1, 1, 1]
(1, (1, 1, 0), (2, 1)): [388, 108, 61, 57, 23, 10, 2, 1, 1]
(1, (1, 1, 0), (2, 2)): [424, 115, 87, 51, 26, 14, 2, 3, 2]
(1, (1, 1, 0), (3, 0)): [48, 11, 8, 5, 2]
(1, (1, 1, 0), (3, 1)): [132, 32, 17, 18, 7]
(1, (1, 1, 0), (3, 2)): [218, 51, 36, 24, 13, 5]
(1, (1, 1, 1), (0, 0)): [483, 336, 225, 144, 107, 41, 16, 5, 5]
(1, (1, 1, 1), (0, 1)): [235, 170, 109, 77, 41, 14, 9, 2, 2]
(1, (1, 1, 1), (0, 2)): [105, 72, 49, 29, 15, 3, 3, 0, 1]
(1, (1, 1, 1), (1, 0)): [175, 106, 75, 49, 46, 23, 6, 3, 2]
(1, (1, 1, 1), (1, 1)): [166, 109, 71, 56, 44, 17, 8, 3, 1]
(1, (1, 1, 1), (1, 2)): [123, 90, 55, 32, 28, 13, 5, 2, 2]
(1, (1, 1, 1), (2, 0)): [49, 35, 17, 12, 14, 7, 0, 0, 1]
(1, (1, 1, 1), (2, 1)): [90, 54, 32, 30, 18, 8, 2, 0, 1]
(1, (1, 1, 1), (2, 2)): [85, 54, 36, 27, 19, 11, 4, 2, 1]
(1, (1, 1, 1), (3, 0)): [8, 5, 3, 2, 2]
(1, (1, 1, 1), (3, 1)): [25, 13, 7, 6, 5]
(1, (1, 1, 1), (3, 2)): [37, 21, 18, 6, 6, 4, 0, 1]
(2, (0, 0, 0), (0, 0)): [21236, 963, 321, 102, 32, 7, 0, 0, 1]
(2, (0, 0, 0), (0, 1)): [10078, 480, 156, 47, 18, 3]
(2, (0, 0, 0), (0, 2)): [4525, 207, 63, 17, 9, 2]
(2, (0, 0, 0), (1, 0)): [7798, 335, 116, 34, 11, 4]
(2, (0, 0, 0), (1, 1)): [7289, 322, 121, 33, 11, 2]
(2, (0, 0, 0), (1, 2)): [5851, 281, 93, 27, 7, 1]
(2, (0, 0, 0), (2, 0)): [2178, 107, 31, 7, 5, 1]
(2, (0, 0, 0), (2, 1)): [3545, 164, 53, 13, 5, 1]
(2, (0, 0, 0), (2, 2)): [4078, 184, 61, 18, 4, 2]
(2, (0, 0, 0), (3, 0)): [431, 14, 6, 2, 1]
(2, (0, 0, 0), (3, 1)): [1057, 53, 10, 3, 2]
(2, (0, 0, 0), (3, 2)): [1852, 86, 24, 7, 3, 1]
(2, (0, 0, 1), (0, 0)): [2090, 583, 112, 28, 16, 7]
(2, (0, 0, 1), (0, 1)): [972, 291, 55, 13, 8, 2]
(2, (0, 0, 1), (0, 2)): [404, 123, 23, 6, 2]
(2, (0, 0, 1), (1, 0)): [772, 207, 41, 8, 5, 5]
(2, (0, 0, 1), (1, 1)): [737, 198, 38, 6, 8, 4]
(2, (0, 0, 1), (1, 2)): [575, 160, 32, 7, 3, 2]
(2, (0, 0, 1), (2, 0)): [211, 60, 12, 3, 1]
(2, (0, 0, 1), (2, 1)): [345, 96, 18, 4, 5, 2]
(2, (0, 0, 1), (2, 2)): [406, 82, 27, 6, 6, 2]
(2, (0, 0, 1), (3, 0)): [37, 16, 4]
(2, (0, 0, 1), (3, 1)): [110, 37, 9]
(2, (0, 0, 1), (3, 2)): [182, 51, 14, 2, 2]
(2, (0, 1, 0), (0, 0)): [5316, 1047, 306, 102, 28, 12, 1, 0, 1]
(2, (0, 1, 0), (0, 1)): [2520, 502, 138, 42, 12, 3]
(2, (0, 1, 0), (0, 2)): [1102, 216, 61, 21, 6, 1]
(2, (0, 1, 0), (1, 0)): [1902, 370, 117, 35, 13, 6, 1]
(2, (0, 1, 0), (1, 1)): [1809, 369, 120, 35, 7, 6, 1]
(2, (0, 1, 0), (1, 2)): [1448, 289, 95, 27, 4, 4]
(2, (0, 1, 0), (2, 0)): [523, 101, 24, 4, 5, 1]
(2, (0, 1, 0), (2, 1)): [843, 184, 41, 17, 8, 4, 1]
(2, (0, 1, 0), (2, 2)): [951, 198, 56, 23, 6, 7, 1]
(2, (0, 1, 0), (3, 0)): [104, 13, 5]
(2, (0, 1, 0), (3, 1)): [270, 48, 10, 3, 1]
(2, (0, 1, 0), (3, 2)): [486, 86, 28, 9, 5, 3, 1]
(2, (0, 1, 1), (0, 0)): [1127, 87, 230, 55, 26, 8, 2]
(2, (0, 1, 1), (0, 1)): [523, 35, 112, 23, 12, 3, 2]
(2, (0, 1, 1), (0, 2)): [232, 13, 48, 9, 4, 2, 1]
(2, (0, 1, 1), (1, 0)): [424, 37, 79, 23, 10, 4]
(2, (0, 1, 1), (1, 1)): [364, 34, 73, 21, 13, 1]
(2, (0, 1, 1), (1, 2)): [303, 24, 57, 14, 10, 1]
(2, (0, 1, 1), (2, 0)): [115, 11, 23, 4, 2, 2]
(2, (0, 1, 1), (2, 1)): [170, 17, 36, 6, 6, 2]
(2, (0, 1, 1), (2, 2)): [195, 19, 42, 7, 5, 2]
(2, (0, 1, 1), (3, 0)): [28, 1, 2]
(2, (0, 1, 1), (3, 1)): [70, 4, 9, 3, 1]
(2, (0, 1, 1), (3, 2)): [112, 7, 19, 5, 4]
(2, (1, 0, 0), (0, 0)): [10210, 740, 483, 146, 47, 13, 1, 0, 1]
(2, (1, 0, 0), (0, 1)): [4891, 344, 226, 70, 20, 7]
(2, (1, 0, 0), (0, 2)): [2198, 143, 88, 28, 10, 5]
(2, (1, 0, 0), (1, 0)): [3753, 271, 171, 57, 22, 4, 1]
(2, (1, 0, 0), (1, 1)): [3551, 237, 187, 50, 17, 3, 1]
(2, (1, 0, 0), (1, 2)): [2842, 210, 136, 36, 10, 4]
(2, (1, 0, 0), (2, 0)): [1064, 78, 42, 16, 8, 2]
(2, (1, 0, 0), (2, 1)): [1732, 112, 77, 26, 6, 1]
(2, (1, 0, 0), (2, 2)): [2046, 142, 97, 27, 7, 4]
(2, (1, 0, 0), (3, 0)): [233, 13, 12, 4, 2]
(2, (1, 0, 0), (3, 1)): [513, 36, 18, 6, 4]
(2, (1, 0, 0), (3, 2)): [940, 75, 35, 11, 6, 1]
(2, (1, 0, 1), (0, 0)): [1933, 435, 148, 94, 25, 6]
(2, (1, 0, 1), (0, 1)): [912, 220, 75, 45, 12, 4]
(2, (1, 0, 1), (0, 2)): [407, 88, 33, 20, 5, 2]
(2, (1, 0, 1), (1, 0)): [713, 161, 54, 37, 10, 2]
(2, (1, 0, 1), (1, 1)): [671, 161, 51, 32, 9, 4]
(2, (1, 0, 1), (1, 2)): [535, 142, 47, 22, 9, 4]
(2, (1, 0, 1), (2, 0)): [189, 36, 12, 8, 3]
(2, (1, 0, 1), (2, 1)): [316, 65, 21, 14, 3, 1]
(2, (1, 0, 1), (2, 2)): [349, 87, 30, 16, 10, 3]
(2, (1, 0, 1), (3, 0)): [36, 6, 3, 2, 1]
(2, (1, 0, 1), (3, 1)): [100, 17, 7, 6, 1]
(2, (1, 0, 1), (3, 2)): [157, 39, 6, 11, 4]
(2, (1, 1, 0), (0, 0)): [4050, 556, 300, 187, 66, 13, 4, 1, 1]
(2, (1, 1, 0), (0, 1)): [1914, 261, 140, 94, 34, 4, 1]
(2, (1, 1, 0), (0, 2)): [840, 115, 71, 45, 19, 3]
(2, (1, 1, 0), (1, 0)): [1481, 199, 121, 69, 22, 2, 2]
(2, (1, 1, 0), (1, 1)): [1389, 183, 117, 59, 20, 1, 1]
(2, (1, 1, 0), (1, 2)): [1128, 151, 90, 50, 16, 2]
(2, (1, 1, 0), (2, 0)): [418, 56, 32, 19, 7, 2, 1]
(2, (1, 1, 0), (2, 1)): [662, 87, 51, 31, 10, 2, 1]
(2, (1, 1, 0), (2, 2)): [757, 106, 63, 30, 9, 2]
(2, (1, 1, 0), (3, 0)): [86, 7, 6, 4, 1]
(2, (1, 1, 0), (3, 1)): [207, 29, 18, 8, 3]
(2, (1, 1, 0), (3, 2)): [356, 48, 36, 10, 6]
(2, (1, 1, 1), (0, 0)): [1134, 139, 178, 92, 67, 19, 5, 0, 1]
(2, (1, 1, 1), (0, 1)): [535, 72, 83, 52, 29, 4, 2]
(2, (1, 1, 1), (0, 2)): [226, 25, 31, 17, 16, 1, 2]
(2, (1, 1, 1), (1, 0)): [401, 42, 60, 33, 26, 11, 2, 0, 1]
(2, (1, 1, 1), (1, 1)): [390, 48, 65, 35, 20, 6, 1]
(2, (1, 1, 1), (1, 2)): [309, 35, 33, 20, 15, 2, 1]
(2, (1, 1, 1), (2, 0)): [109, 12, 17, 11, 12, 4, 0, 0, 1]
(2, (1, 1, 1), (2, 1)): [177, 19, 34, 18, 17, 6, 0, 0, 1]
(2, (1, 1, 1), (2, 2)): [204, 24, 33, 12, 13, 5]
(2, (1, 1, 1), (3, 0)): [22, 2, 5, 2, 2]
(2, (1, 1, 1), (3, 1)): [61, 6, 10, 7, 4]
(2, (1, 1, 1), (3, 2)): [106, 10, 14, 8, 8]
