(0, (0, 0, 0)): [366613, 76505, 36436, 16988, 7729, 3461, 1470, 624, 260, 133, 48, 24, 13, 3, 2]
(0, (0, 0, 1)): [1576, 5616, 1564, 758, 383, 157, 77, 43, 20, 7, 2, 1, 2]
(0, (0, 1, 0)): [11963, 12536, 4922, 2343, 1192, 571, 236, 108, 49, 29, 7, 4, 2]
(0, (0, 1, 1)): [1069, 2018, 2625, 1204, 645, 312, 139, 62, 32, 11, 5, 2, 0, 1, 1]
(0, (1, 0, 0)): [81370, 29081, 18412, 9296, 4503, 2083, 903, 391, 164, 88, 34, 15, 8, 3, 2]
(0, (1, 0, 1)): [1921, 6445, 2777, 1932, 1038, 501, 266, 108, 52, 25, 9, 7, 2, 0, 1]
(0, (1, 1, 0)): [10821, 7372, 6095, 4178, 2272, 1082, 487, 236, 95, 46, 24, 8, 4, 1]
(0, (1, 1, 1)): [1078, 2079, 1831, 1468, 1168, 596, 281, 132, 60, 29, 17, 4, 0, 1, 1]
(1, (0, 0, 0)): [290872, 32620, 13758, 5564, 2214, 881, 353, 144, 56, 20, 8, 6, 2]
(1, (0, 0, 1)): [8886, 14348, 2880, 1201, 519, 218, 89, 46, 19, 6, 6, 3, 1]
(1, (0, 1, 0)): [41284, 20847, 7173, 2981, 1265, 530, 194, 91, 25, 20, 4, 5, 3]
(1, (0, 1, 1)): [7143, 6326, 6298, 2461, 1206, 483, 196, 83, 45, 11, 5, 3, 1, 1]
(1, (1, 0, 0)): [120220, 23001, 14223, 6302, 2520, 1069, 413, 160, 69, 31, 12, 9, 2, 2]
(1, (1, 0, 1)): [9714, 12697, 4334, 2801, 1160, 537, 203, 75, 28, 24, 9, 2]
(1, (1, 1, 0)): [31503, 10229, 7485, 4980, 2194, 969, 378, 150, 54, 25, 6, 6, 1, 3]
(1, (1, 1, 1)): [6292, 5277, 3485, 2432, 1685, 763, 313, 115, 49, 20, 7, 4, 1, 1]
(2, (0, 0, 0)): [249012, 11057, 3871, 1225, 439, 171, 58, 24, 6, 1, 1]
(2, (0, 0, 1)): [28046, 9226, 1756, 588, 206, 88, 31, 8, 1, 1, 0, 1]
(2, (0, 1, 0)): [67556, 16120, 3996, 1360, 460, 167, 52, 13, 4, 1]
(2, (0, 1, 1)): [17059, 1467, 4148, 1116, 417, 149, 53, 19, 10, 3, 1]
(2, (1, 0, 0)): [147652, 11649, 6674, 2222, 766, 245, 98, 33, 11, 2, 2]
(2, (1, 0, 1)): [25844, 6893, 2961, 1614, 493, 200, 67, 28, 11, 1, 0, 1]
(2, (1, 1, 0)): [53139, 8576, 4640, 2783, 947, 334, 99, 32, 16, 5, 3, 0, 0, 1]
(2, (1, 1, 1)): [15685, 2347, 2811, 1485, 1009, 353, 109, 40, 19, 2, 3, 0, 0, 1]
