(0, (0, 0, 0), (0, 0)): [2270612, 464745, 213680, 97781, 43923, 18742, 7836, 3127, 1290, 558, 248, 118, 40, 22, 6, 1, 1, 1]
(0, (0, 0, 0), (0, 1)): [442464, 85760, 38965, 18085, 7999, 3412, 1419, 487, 229, 95, 47, 23, 6, 4, 1, 1]
(0, (0, 0, 0), (0, 2)): [171653, 29416, 13153, 6003, 2585, 1080, 447, 147, 71, 30, 8, 4, 4, 0, 1]
(0, (0, 0, 0), (1, 0)): [361107, 81144, 38398, 17871, 8380, 3525, 1545, 633, 247, 95, 52, 19, 4, 6, 2, 0, 1]
(0, (0, 0, 0), (1, 1)): [364840, 74308, 34393, 15964, 7204, 3067, 1298, 489, 219, 79, 50, 20, 3, 6, 0, 1, 1]
(0, (0, 0, 0), (1, 2)): [255987, 45586, 20769, 9364, 4140, 1721, 744, 272, 124, 43, 16, 8, 5, 1, 1]
(0, (0, 0, 0), (2, 0)): [114835, 28553, 14535, 6833, 3347, 1373, 607, 270, 95, 45, 23, 8, 2, 3, 1]
(0, (0, 0, 0), (2, 1)): [184293, 41274, 20151, 9383, 4412, 1864, 755, 334, 136, 54, 31, 13, 2, 4, 0, 0, 1]
(0, (0, 0, 0), (2, 2)): [201142, 39229, 18481, 8491, 3799, 1565, 676, 257, 127, 41, 19, 5, 5, 2, 1, 0, 1]
(0, (0, 0, 0), (3, 0)): [33021, 9287, 5478, 2750, 1361, 556, 254, 110, 39, 22, 12, 3, 0, 2, 1]
(0, (0, 0, 0), (3, 1)): [69635, 18220, 9819, 4776, 2334, 1012, 398, 202, 81, 33, 12, 10, 1, 4, 1]
(0, (0, 0, 0), (3, 2)): [105127, 23919, 12581, 5842, 2782, 1170, 479, 210, 95, 37, 13, 10, 4, 2, 1, 0, 1]
(0, (0, 0, 1), (0, 0)): [8124, 25310, 6939, 3396, 1636, 716, 308, 124, 52, 31, 18, 4, 4, 3]
(0, (0, 0, 1), (0, 1)): [1137, 3546, 962, 455, 210, 101, 37, 16, 9, 5, 4, 1, 0, 1]
(0, (0, 0, 1), (0, 2)): [511, 1326, 337, 159, 69, 38, 14, 6, 6, 0, 1]
(0, (0, 0, 1), (1, 0)): [1095, 3762, 1088, 601, 300, 134, 56, 20, 8, 4, 7]
(0, (0, 0, 1), (1, 1)): [1029, 3232, 873, 445, 230, 107, 36, 13, 5, 8, 3, 1, 0, 1]
(0, (0, 0, 1), (1, 2)): [821, 2078, 529, 263, 117, 65, 18, 9, 4, 4, 2]
(0, (0, 0, 1), (2, 0)): [404, 1366, 437, 273, 120, 57, 23, 12, 4, 1, 5]
(0, (0, 0, 1), (2, 1)): [552, 1818, 542, 317, 152, 68, 32, 11, 6, 4, 2, 1]
(0, (0, 0, 1), (2, 2)): [731, 1888, 513, 257, 133, 63, 19, 7, 3, 4, 2]
(0, (0, 0, 1), (3, 0)): [135, 458, 139, 110, 46, 23, 9, 3, 1, 0, 3]
(0, (0, 0, 1), (3, 1)): [229, 794, 238, 192, 85, 36, 20, 4, 3, 2, 0, 1]
(0, (0, 0, 1), (3, 2)): [405, 1132, 316, 220, 114, 46, 17, 4, 3, 3, 1]
(0, (0, 1, 0), (0, 0)): [84364, 79135, 31191, 15456, 7331, 3183, 1382, 568, 241, 121, 44, 18, 7, 6, 3, 0, 1]
(0, (0, 1, 0), (0, 1)): [16079, 14119, 5622, 2685, 1254, 532, 250, 96, 38, 18, 7, 4, 1, 1, 1]
(0, (0, 1, 0), (0, 2)): [6614, 4936, 1981, 898, 434, 188, 91, 32, 15, 4, 0, 1, 1]
(0, (0, 1, 0), (1, 0)): [15175, 14475, 6057, 3252, 1509, 705, 292, 124, 55, 18, 10, 4, 2, 2, 1, 0, 1]
(0, (0, 1, 0), (1, 1)): [13784, 12089, 4958, 2523, 1176, 503, 221, 95, 31, 21, 10, 4, 0, 2, 1]
(0, (0, 1, 0), (1, 2)): [9749, 7515, 3109, 1497, 674, 295, 124, 65, 19, 7, 3, 3, 1, 0, 1]
(0, (0, 1, 0), (2, 0)): [5508, 5191, 2322, 1329, 599, 316, 117, 56, 23, 5, 2, 3, 2, 1, 0, 0, 1]
(0, (0, 1, 0), (2, 1)): [7465, 6734, 2893, 1495, 726, 333, 155, 53, 23, 16, 5, 2, 1, 1, 0, 0, 1]
(0, (0, 1, 0), (2, 2)): [8194, 6380, 2795, 1322, 623, 270, 124, 51, 21, 8, 4, 2, 1, 0, 1, 0, 1]
(0, (0, 1, 0), (3, 0)): [1914, 1555, 797, 551, 245, 138, 53, 30, 10, 2, 0, 1, 1]
(0, (0, 1, 0), (3, 1)): [3313, 2784, 1331, 873, 393, 189, 78, 38, 7, 5, 2, 2, 0, 1]
(0, (0, 1, 0), (3, 2)): [4837, 3683, 1769, 971, 459, 222, 109, 39, 9, 8, 2, 1, 0, 0, 1, 0, 1]
(0, (0, 1, 1), (0, 0)): [6645, 11735, 13894, 6480, 3417, 1655, 705, 307, 149, 66, 20, 13, 3, 4, 2, 0, 1, 1]
(0, (0, 1, 1), (0, 1)): [1224, 2106, 2344, 1049, 563, 262, 124, 47, 18, 11, 3, 2, 1, 0, 0, 0, 1]
(0, (0, 1, 1), (0, 2)): [585, 805, 863, 396, 204, 100, 47, 22, 2, 4, 0, 1]
(0, (0, 1, 1), (1, 0)): [1154, 2158, 2591, 1293, 680, 363, 143, 59, 35, 12, 6, 5, 0, 1, 1]
(0, (0, 1, 1), (1, 1)): [997, 1819, 2110, 929, 512, 240, 105, 34, 18, 7, 6, 1, 1, 0, 0, 0, 1]
(0, (0, 1, 1), (1, 2)): [826, 1180, 1306, 565, 339, 157, 63, 24, 9, 2, 1, 1, 0, 0, 0, 0, 1]
(0, (0, 1, 1), (2, 0)): [472, 921, 968, 540, 316, 187, 64, 29, 23, 8, 2, 2, 0, 1, 1]
(0, (0, 1, 1), (2, 1)): [510, 986, 1134, 554, 261, 146, 58, 28, 11, 9, 4, 1, 1, 0, 1]
(0, (0, 1, 1), (2, 2)): [640, 1022, 1107, 502, 276, 132, 51, 22, 8, 7, 2, 1, 0, 0, 0, 0, 1]
(0, (0, 1, 1), (3, 0)): [250, 434, 422, 264, 181, 94, 35, 9, 16, 2, 1, 2, 0, 1]
(0, (0, 1, 1), (3, 1)): [216, 396, 458, 247, 158, 85, 31, 14, 13, 4, 1, 1, 0, 0, 1]
(0, (0, 1, 1), (3, 2)): [369, 569, 629, 342, 174, 102, 44, 20, 12, 4, 3, 0, 0, 0, 0, 0, 1]
(0, (1, 0, 0), (0, 0)): [473377, 156111, 102082, 50837, 24396, 10882, 4570, 1928, 821, 356, 171, 69, 25, 17, 4, 1, 1, 1]
(0, (1, 0, 0), (0, 1)): [82645, 24261, 16741, 8192, 3911, 1707, 725, 279, 137, 51, 27, 12, 1, 3]
(0, (1, 0, 0), (0, 2)): [32060, 8136, 5723, 2618, 1218, 529, 243, 94, 41, 16, 10, 3]
(0, (1, 0, 0), (1, 0)): [70202, 24544, 17274, 9050, 4460, 1985, 838, 355, 146, 69, 40, 11, 2, 6, 2, 0, 1]
(0, (1, 0, 0), (1, 1)): [62381, 19508, 13629, 6957, 3255, 1515, 620, 251, 108, 47, 23, 10, 1, 4, 1]
(0, (1, 0, 0), (1, 2)): [41800, 11331, 7950, 3897, 1793, 799, 350, 137, 64, 21, 6, 5, 0, 0, 1]
(0, (1, 0, 0), (2, 0)): [21826, 8324, 6147, 3404, 1751, 769, 327, 138, 50, 35, 21, 3, 2, 3, 0, 0, 1]
(0, (1, 0, 0), (2, 1)): [30076, 10216, 7300, 3873, 1870, 869, 351, 151, 67, 37, 20, 6, 0, 6, 0, 0, 1]
(0, (1, 0, 0), (2, 2)): [30293, 8903, 6323, 3111, 1493, 628, 305, 117, 57, 26, 12, 4, 0, 3]
(0, (1, 0, 0), (3, 0)): [5607, 2609, 1999, 1334, 695, 309, 136, 51, 22, 15, 8, 1, 1]
(0, (1, 0, 0), (3, 1)): [10764, 4341, 3191, 1979, 974, 478, 191, 84, 35, 18, 12, 2, 1, 2]
(0, (1, 0, 0), (3, 2)): [14284, 5265, 3668, 2051, 1010, 436, 208, 91, 41, 18, 10, 4, 0, 1]
(0, (1, 0, 1), (0, 0)): [11052, 33934, 13714, 9868, 5175, 2413, 1132, 462, 228, 96, 49, 20, 9, 3, 2, 0, 0, 1]
(0, (1, 0, 1), (0, 1)): [1954, 5200, 2106, 1593, 782, 379, 170, 63, 35, 14, 6, 1, 4, 1]
(0, (1, 0, 1), (0, 2)): [914, 1882, 748, 560, 261, 125, 54, 19, 11, 1, 2, 1, 2, 1]
(0, (1, 0, 1), (1, 0)): [1605, 5342, 2172, 1639, 900, 440, 187, 86, 47, 23, 15, 2, 0, 1, 1]
(0, (1, 0, 1), (1, 1)): [1488, 4118, 1750, 1261, 654, 291, 134, 62, 37, 15, 8, 1]
(0, (1, 0, 1), (1, 2)): [1213, 2480, 1048, 741, 382, 161, 70, 32, 19, 5, 2, 1, 2]
(0, (1, 0, 1), (2, 0)): [532, 1793, 732, 581, 332, 189, 73, 30, 17, 12, 5, 1]
(0, (1, 0, 1), (2, 1)): [696, 2095, 913, 675, 346, 190, 77, 31, 22, 14, 6]
(0, (1, 0, 1), (2, 2)): [901, 1904, 843, 604, 303, 146, 66, 34, 11, 9, 3]
(0, (1, 0, 1), (3, 0)): [171, 549, 253, 165, 125, 79, 28, 10, 7, 2, 1, 1]
(0, (1, 0, 1), (3, 1)): [276, 736, 380, 282, 187, 99, 37, 16, 14, 8, 3]
(0, (1, 0, 1), (3, 2)): [436, 966, 505, 338, 218, 112, 47, 21, 14, 11, 5]
(0, (1, 1, 0), (0, 0)): [67943, 42716, 31499, 23051, 12266, 5746, 2470, 1133, 482, 213, 102, 40, 12, 6, 1, 0, 1]
(0, (1, 1, 0), (0, 1)): [13161, 7211, 4928, 3771, 2053, 904, 435, 173, 70, 26, 16, 6, 0, 1, 1, 0, 1]
(0, (1, 1, 0), (0, 2)): [5508, 2544, 1701, 1301, 697, 319, 137, 70, 27, 12, 5]
(0, (1, 1, 0), (1, 0)): [10318, 6646, 4987, 3919, 2061, 1006, 429, 191, 84, 35, 20, 7, 3, 3]
(0, (1, 1, 0), (1, 1)): [9690, 5564, 3983, 3151, 1607, 736, 337, 136, 42, 19, 18, 2, 2, 2, 1, 0, 1]
(0, (1, 1, 0), (1, 2)): [7158, 3393, 2348, 1919, 963, 415, 190, 84, 32, 17, 5, 1, 0, 1, 0, 0, 1]
(0, (1, 1, 0), (2, 0)): [3028, 2214, 1699, 1321, 800, 410, 176, 79, 40, 13, 6, 5, 0, 1]
(0, (1, 1, 0), (2, 1)): [4481, 2805, 2116, 1634, 911, 421, 198, 81, 37, 10, 12, 4, 2, 0, 1]
(0, (1, 1, 0), (2, 2)): [5038, 2653, 1914, 1489, 791, 358, 162, 77, 27, 15, 7, 1, 0, 0, 0, 0, 1]
(0, (1, 1, 0), (3, 0)): [679, 713, 591, 444, 316, 162, 69, 29, 14, 6, 2, 2, 0, 1]
(0, (1, 1, 0), (3, 1)): [1525, 1183, 942, 745, 497, 262, 115, 40, 21, 8, 5, 2, 2, 0, 1]
(0, (1, 1, 0), (3, 2)): [2307, 1491, 1182, 938, 563, 277, 117, 58, 20, 9, 6, 0, 0, 0, 0, 0, 1]
(0, (1, 1, 1), (0, 0)): [6450, 12779, 10234, 7396, 6097, 3045, 1412, 664, 321, 130, 65, 25, 6, 4, 1, 0, 1]
(0, (1, 1, 1), (0, 1)): [1371, 2389, 1879, 1241, 1057, 539, 234, 115, 62, 23, 9, 5, 2, 1]
(0, (1, 1, 1), (0, 2)): [731, 934, 675, 447, 378, 184, 74, 39, 20, 8, 6, 2, 1]
(0, (1, 1, 1), (1, 0)): [904, 2110, 1709, 1216, 1044, 561, 246, 93, 57, 24, 10, 3, 0, 1, 0, 0, 1]
(0, (1, 1, 1), (1, 1)): [911, 1869, 1464, 980, 854, 465, 209, 98, 48, 18, 6, 3, 1, 1, 0, 0, 1]
(0, (1, 1, 1), (1, 2)): [847, 1284, 960, 613, 548, 256, 111, 55, 26, 10, 5, 3, 0, 1, 0, 0, 1]
(0, (1, 1, 1), (2, 0)): [254, 618, 580, 439, 388, 209, 81, 32, 17, 12, 4, 2, 0, 1]
(0, (1, 1, 1), (2, 1)): [410, 861, 748, 520, 430, 261, 101, 51, 33, 12, 3, 0, 1]
(0, (1, 1, 1), (2, 2)): [550, 941, 745, 490, 422, 225, 94, 52, 26, 13, 3, 1, 1]
(0, (1, 1, 1), (3, 0)): [47, 162, 157, 153, 117, 78, 38, 16, 4, 5, 3, 1, 0, 1]
(0, (1, 1, 1), (3, 1)): [113, 300, 299, 224, 190, 115, 57, 20, 10, 6, 2, 1, 0, 1]
(0, (1, 1, 1), (3, 2)): [207, 451, 413, 303, 270, 140, 81, 28, 17, 7, 2, 1, 1, 1]
(1, (0, 0, 0), (0, 0)): [1857469, 208080, 85035, 33784, 13279, 5030, 1969, 687, 248, 103, 36, 23, 8, 3, 0, 1]
(1, (0, 0, 0), (0, 1)): [364014, 37938, 15336, 6082, 2412, 884, 341, 124, 37, 13, 4, 5, 1, 1]
(1, (0, 0, 0), (0, 2)): [142647, 12566, 5095, 1882, 744, 271, 87, 32, 3, 4, 1, 3]
(1, (0, 0, 0), (1, 0)): [308945, 39315, 16413, 6624, 2706, 1023, 396, 123, 49, 22, 6, 3, 0, 0, 0, 1]
(1, (0, 0, 0), (1, 1)): [306646, 34514, 13993, 5593, 2281, 803, 357, 115, 40, 13, 6, 2, 1, 1]
(1, (0, 0, 0), (1, 2)): [213101, 20152, 8084, 3128, 1282, 442, 177, 48, 15, 7, 1, 2, 1]
(1, (0, 0, 0), (2, 0)): [102218, 14614, 6572, 2775, 1126, 444, 161, 55, 20, 13, 2, 2, 0, 0, 0, 1]
(1, (0, 0, 0), (2, 1)): [159652, 20088, 8637, 3465, 1451, 541, 189, 80, 18, 16, 6, 2]
(1, (0, 0, 0), (2, 2)): [172384, 18110, 7587, 3055, 1230, 432, 157, 58, 20, 8, 1, 1]
(1, (0, 0, 0), (3, 0)): [29964, 4829, 2672, 1184, 454, 195, 88, 22, 14, 6, 1, 1, 0, 0, 0, 1]
(1, (0, 0, 0), (3, 1)): [62965, 9442, 4710, 2010, 836, 323, 114, 45, 13, 6, 3]
(1, (0, 0, 0), (3, 2)): [93713, 11879, 5735, 2356, 997, 355, 121, 50, 12, 8, 3]
(1, (0, 0, 1), (0, 0)): [49679, 71171, 14240, 6275, 2547, 1051, 406, 143, 70, 25, 15, 8, 4, 2]
(1, (0, 0, 1), (0, 1)): [8587, 10516, 2126, 877, 317, 145, 69, 17, 4, 1, 3, 1]
(1, (0, 0, 1), (0, 2)): [3806, 3516, 663, 265, 105, 45, 20, 2, 3, 0, 1, 1]
(1, (0, 0, 1), (1, 0)): [8889, 13107, 2773, 1393, 557, 239, 82, 29, 22, 5, 2, 1]
(1, (0, 0, 1), (1, 1)): [7787, 9894, 2044, 924, 342, 143, 59, 18, 7, 3, 1, 1]
(1, (0, 0, 1), (1, 2)): [5927, 5629, 1122, 488, 190, 81, 37, 6, 5, 1, 1, 2]
(1, (0, 0, 1), (2, 0)): [3676, 5353, 1234, 711, 286, 123, 48, 17, 12, 3, 1]
(1, (0, 0, 1), (2, 1)): [4416, 5860, 1265, 637, 239, 102, 33, 17, 7, 2, 1]
(1, (0, 0, 1), (2, 2)): [5191, 5135, 1098, 516, 182, 75, 37, 9, 3, 1, 2, 2]
(1, (0, 0, 1), (3, 0)): [1725, 2154, 564, 395, 158, 73, 26, 8, 4, 1, 1]
(1, (0, 0, 1), (3, 1)): [1936, 2556, 647, 358, 140, 67, 21, 11, 4, 2]
(1, (0, 0, 1), (3, 2)): [3114, 3180, 785, 411, 151, 70, 34, 10, 3, 0, 1]
(1, (0, 1, 0), (0, 0)): [250058, 107859, 40067, 17438, 7075, 2812, 993, 433, 131, 64, 32, 10, 10, 2, 1]
(1, (0, 1, 0), (0, 1)): [44374, 17202, 6434, 2662, 1093, 457, 157, 72, 17, 11, 6, 1, 1]
(1, (0, 1, 0), (0, 2)): [17652, 6035, 2175, 818, 334, 151, 47, 22, 6, 4, 1, 1, 1]
(1, (0, 1, 0), (1, 0)): [46398, 19546, 7840, 3888, 1579, 627, 234, 93, 40, 15, 6, 0, 0, 1]
(1, (0, 1, 0), (1, 1)): [39752, 15632, 6060, 2716, 1118, 430, 169, 57, 21, 6, 5, 0, 0, 1]
(1, (0, 1, 0), (1, 2)): [27168, 9494, 3491, 1448, 560, 225, 81, 38, 12, 7, 1, 1]
(1, (0, 1, 0), (2, 0)): [19244, 7848, 3413, 1968, 829, 327, 115, 58, 21, 10, 5]
(1, (0, 1, 0), (2, 1)): [22876, 9054, 3817, 1859, 801, 301, 119, 42, 16, 6, 3, 0, 0, 1]
(1, (0, 1, 0), (2, 2)): [23597, 8279, 3285, 1435, 580, 241, 84, 29, 10, 6, 2]
(1, (0, 1, 0), (3, 0)): [8540, 3176, 1487, 1067, 469, 183, 66, 31, 11, 6, 2]
(1, (0, 1, 0), (3, 1)): [10601, 3951, 1910, 1155, 506, 169, 80, 38, 16, 5, 2, 0, 0, 1]
(1, (0, 1, 0), (3, 2)): [14435, 5050, 2305, 1194, 529, 182, 77, 29, 8, 7, 2, 0, 0, 1]
(1, (0, 1, 1), (0, 0)): [38696, 32738, 28118, 11480, 5928, 2358, 949, 373, 160, 54, 17, 9, 3, 2, 0, 1]
(1, (0, 1, 1), (0, 1)): [6076, 4624, 3923, 1579, 720, 253, 127, 53, 13, 1, 4]
(1, (0, 1, 1), (0, 2)): [2886, 1476, 1395, 567, 260, 77, 44, 20, 2, 0, 3]
(1, (0, 1, 1), (1, 0)): [7548, 6882, 5204, 2329, 1402, 580, 234, 87, 34, 16, 1, 2, 1]
(1, (0, 1, 1), (1, 1)): [5177, 4222, 3475, 1402, 695, 247, 108, 42, 15, 6, 0, 1]
(1, (0, 1, 1), (1, 2)): [4239, 2391, 2151, 832, 426, 135, 64, 28, 5, 3, 2, 1]
(1, (0, 1, 1), (2, 0)): [4172, 3627, 2612, 1296, 916, 400, 162, 61, 25, 9, 1, 1]
(1, (0, 1, 1), (2, 1)): [2806, 2395, 1958, 867, 434, 180, 78, 20, 9, 3]
(1, (0, 1, 1), (2, 2)): [3534, 2110, 1867, 763, 384, 121, 59, 17, 5, 1, 1, 1]
(1, (0, 1, 1), (3, 0)): [2977, 2393, 1566, 886, 747, 320, 126, 54, 21, 7, 1, 1]
(1, (0, 1, 1), (3, 1)): [1191, 1059, 848, 398, 246, 130, 44, 18, 8, 3]
(1, (0, 1, 1), (3, 2)): [1980, 1353, 1059, 514, 313, 111, 44, 17, 7, 2, 0, 1]
(1, (1, 0, 0), (0, 0)): [689196, 120884, 80336, 34281, 14021, 5542, 2211, 783, 306, 136, 48, 32, 7, 3, 0, 2]
(1, (1, 0, 0), (0, 1)): [120803, 18850, 12931, 5503, 2179, 861, 351, 128, 35, 18, 9, 4, 1]
(1, (1, 0, 0), (0, 2)): [46319, 6235, 4181, 1711, 664, 296, 117, 35, 8, 5, 4]
(1, (1, 0, 0), (1, 0)): [110100, 20641, 14672, 6602, 2751, 1091, 457, 157, 48, 27, 8, 4, 2, 0, 0, 1]
(1, (1, 0, 0), (1, 1)): [96307, 16085, 11233, 4928, 1985, 756, 321, 117, 38, 18, 6, 6, 1, 0, 0, 1]
(1, (1, 0, 0), (1, 2)): [63808, 9233, 6328, 2681, 1045, 397, 169, 61, 18, 7, 5, 1]
(1, (1, 0, 0), (2, 0)): [35839, 7328, 5432, 2687, 1146, 445, 194, 64, 24, 9, 3, 0, 1]
(1, (1, 0, 0), (2, 1)): [48072, 8781, 6267, 3032, 1208, 478, 199, 70, 23, 9, 5, 4, 1, 0, 0, 1]
(1, (1, 0, 0), (2, 2)): [48063, 7564, 5169, 2373, 940, 368, 153, 56, 13, 6, 3, 1, 1]
(1, (1, 0, 0), (3, 0)): [10074, 2407, 1720, 1043, 477, 179, 89, 23, 8, 4, 1, 0, 1]
(1, (1, 0, 0), (3, 1)): [18391, 4056, 2808, 1636, 669, 252, 130, 32, 15, 5, 3, 1, 0, 0, 0, 1]
(1, (1, 0, 0), (3, 2)): [23944, 4788, 3131, 1699, 659, 261, 124, 35, 16, 7, 4, 2, 1, 0, 0, 1]
(1, (1, 0, 1), (0, 0)): [56236, 63654, 20363, 13953, 6051, 2490, 990, 378, 134, 76, 21, 9, 2, 1]
(1, (1, 0, 1), (0, 1)): [10425, 9470, 2990, 2108, 899, 373, 136, 41, 24, 8, 3, 1, 2]
(1, (1, 0, 1), (0, 2)): [4618, 3119, 1019, 732, 311, 118, 56, 21, 9, 3, 2, 0, 1]
(1, (1, 0, 1), (1, 0)): [9055, 10097, 3403, 2459, 1147, 471, 182, 79, 25, 17, 0, 2]
(1, (1, 0, 1), (1, 1)): [8090, 7773, 2558, 1783, 733, 332, 115, 30, 15, 6, 0, 2, 1]
(1, (1, 0, 1), (1, 2)): [6008, 4400, 1506, 1041, 416, 181, 65, 28, 9, 3, 2]
(1, (1, 0, 1), (2, 0)): [3113, 3323, 1219, 903, 477, 194, 76, 39, 8, 8, 0, 1]
(1, (1, 0, 1), (2, 1)): [4032, 3908, 1336, 965, 466, 183, 70, 22, 13, 6, 0, 3]
(1, (1, 0, 1), (2, 2)): [4452, 3359, 1232, 835, 391, 144, 61, 20, 11, 3, 1]
(1, (1, 0, 1), (3, 0)): [1023, 1087, 432, 316, 190, 92, 30, 11, 1, 4]
(1, (1, 0, 1), (3, 1)): [1491, 1497, 614, 439, 229, 111, 31, 15, 2, 3, 0, 2]
(1, (1, 0, 1), (3, 2)): [2194, 1881, 771, 516, 296, 111, 39, 13, 8, 2, 0, 2]
(1, (1, 1, 0), (0, 0)): [194664, 58496, 38862, 28625, 12016, 4974, 1949, 778, 298, 125, 47, 25, 10, 5, 1]
(1, (1, 1, 0), (0, 1)): [37066, 9662, 6127, 4705, 1990, 800, 294, 124, 54, 19, 9, 4, 1]
(1, (1, 1, 0), (0, 2)): [15138, 3463, 2072, 1618, 664, 256, 81, 40, 15, 3, 3]
(1, (1, 1, 0), (1, 0)): [31314, 10063, 6736, 5265, 2264, 928, 414, 150, 37, 26, 11, 4, 2, 1]
(1, (1, 1, 0), (1, 1)): [29059, 8148, 5432, 4160, 1758, 704, 275, 120, 42, 23, 9, 4, 1]
(1, (1, 1, 0), (1, 2)): [20717, 5000, 3099, 2403, 1007, 349, 125, 63, 24, 5, 7, 2, 1]
(1, (1, 1, 0), (2, 0)): [9952, 3735, 2380, 1872, 938, 403, 190, 61, 16, 12, 6, 2, 2, 1]
(1, (1, 1, 0), (2, 1)): [14286, 4483, 3066, 2336, 1066, 472, 200, 65, 27, 12, 7, 2, 1]
(1, (1, 1, 0), (2, 2)): [15564, 4130, 2651, 2029, 938, 367, 140, 58, 25, 7, 3, 2, 1]
(1, (1, 1, 0), (3, 0)): [2550, 1354, 864, 581, 381, 159, 75, 32, 4, 6, 1, 2, 1]
(1, (1, 1, 0), (3, 1)): [5210, 2209, 1493, 1094, 593, 263, 107, 39, 12, 9, 4, 2, 1]
(1, (1, 1, 0), (3, 2)): [7704, 2613, 1777, 1305, 698, 260, 102, 40, 19, 9, 2, 1, 1]
(1, (1, 1, 1), (0, 0)): [39799, 31875, 19852, 12904, 9917, 4217, 1725, 651, 264, 95, 31, 22, 9, 4, 1, 1]
(1, (1, 1, 1), (0, 1)): [8113, 5478, 3338, 2141, 1700, 691, 285, 103, 47, 12, 3, 1, 0, 1]
(1, (1, 1, 1), (0, 2)): [3909, 1899, 1201, 778, 585, 217, 97, 27, 10, 7, 2, 0, 0, 1]
(1, (1, 1, 1), (1, 0)): [5919, 5404, 3271, 2123, 1812, 783, 363, 128, 45, 16, 6, 7, 2]
(1, (1, 1, 1), (1, 1)): [5882, 4465, 2748, 1791, 1422, 591, 275, 100, 39, 9, 3, 3]
(1, (1, 1, 1), (1, 2)): [4817, 2622, 1723, 1110, 829, 356, 155, 51, 22, 8, 1, 3, 0, 1]
(1, (1, 1, 1), (2, 0)): [1549, 1830, 1144, 721, 660, 311, 145, 56, 17, 7, 3, 3, 1]
(1, (1, 1, 1), (2, 1)): [2536, 2382, 1433, 923, 771, 338, 157, 56, 21, 6, 3, 2]
(1, (1, 1, 1), (2, 2)): [3248, 2160, 1383, 902, 706, 300, 141, 48, 20, 10, 1, 3, 0, 1]
(1, (1, 1, 1), (3, 0)): [265, 565, 398, 245, 198, 109, 53, 23, 6, 3, 0, 1, 1]
(1, (1, 1, 1), (3, 1)): [667, 1021, 664, 417, 354, 177, 68, 30, 14, 2, 2, 1, 1]
(1, (1, 1, 1), (3, 2)): [1255, 1272, 836, 540, 431, 219, 96, 35, 15, 4, 2, 1, 0, 1]
(2, (0, 0, 0), (0, 0)): [1622327, 77116, 25618, 8184, 2736, 859, 298, 99, 20, 8, 5, 0, 1]
(2, (0, 0, 0), (0, 1)): [314816, 13041, 4357, 1391, 506, 141, 49, 16, 3]
(2, (0, 0, 0), (0, 2)): [122126, 3579, 1234, 379, 147, 35, 3, 7]
(2, (0, 0, 0), (1, 0)): [280002, 16332, 5573, 1758, 605, 169, 70, 17, 7, 0, 0, 0, 1]
(2, (0, 0, 0), (1, 1)): [272239, 12905, 4395, 1389, 499, 152, 61, 12, 5]
(2, (0, 0, 0), (1, 2)): [185230, 6250, 2186, 713, 243, 70, 23, 8, 1]
(2, (0, 0, 0), (2, 0)): [97386, 6439, 2622, 784, 275, 72, 29, 7, 3, 0, 0, 0, 1]
(2, (0, 0, 0), (2, 1)): [147883, 8252, 3137, 916, 329, 94, 42, 10, 5]
(2, (0, 0, 0), (2, 2)): [156143, 6384, 2421, 742, 248, 74, 27, 7, 1]
(2, (0, 0, 0), (3, 0)): [30233, 2144, 1188, 364, 128, 36, 11, 4, 0, 0, 0, 0, 1]
(2, (0, 0, 0), (3, 1)): [61718, 4137, 1976, 619, 198, 57, 21, 7, 3]
(2, (0, 0, 0), (3, 2)): [90333, 4764, 2218, 674, 220, 74, 24, 7, 2]
(2, (0, 0, 1), (0, 0)): [151886, 43894, 9375, 3231, 1138, 397, 110, 36, 9, 6, 0, 2]
(2, (0, 0, 1), (0, 1)): [27395, 6455, 1413, 479, 153, 64, 13, 5, 1, 3]
(2, (0, 0, 1), (0, 2)): [11060, 1964, 426, 142, 45, 20, 4, 0, 0, 1]
(2, (0, 0, 1), (1, 0)): [30184, 8216, 2077, 802, 302, 94, 31, 10, 3, 1, 0, 1]
(2, (0, 0, 1), (1, 1)): [25401, 6233, 1393, 535, 180, 61, 13, 5, 1, 2]
(2, (0, 0, 1), (1, 2)): [17599, 3312, 692, 245, 95, 35, 8, 2, 0, 2]
(2, (0, 0, 1), (2, 0)): [13154, 3445, 1013, 454, 176, 53, 18, 6, 2, 1, 0, 1]
(2, (0, 0, 1), (2, 1)): [15217, 3878, 1021, 419, 149, 37, 12, 6, 0, 2]
(2, (0, 0, 1), (2, 2)): [15981, 3254, 778, 291, 106, 37, 8, 3]
(2, (0, 0, 1), (3, 0)): [6254, 1395, 493, 285, 100, 36, 12, 1, 2, 0, 0, 1]
(2, (0, 0, 1), (3, 1)): [7194, 1809, 581, 308, 98, 27, 11, 3, 0, 1]
(2, (0, 0, 1), (3, 2)): [10129, 2256, 639, 305, 107, 28, 11, 3, 0, 1]
(2, (0, 1, 0), (0, 0)): [400698, 82225, 23209, 8328, 2810, 904, 280, 81, 21, 13, 7, 0, 1]
(2, (0, 1, 0), (0, 1)): [71296, 12322, 3459, 1126, 420, 119, 36, 9, 6, 3, 1]
(2, (0, 1, 0), (0, 2)): [28685, 3684, 1050, 317, 111, 23, 9, 2, 3, 1]
(2, (0, 1, 0), (1, 0)): [79133, 15572, 5184, 2207, 712, 222, 81, 25, 1, 2, 0, 0, 1]
(2, (0, 1, 0), (1, 1)): [65434, 11837, 3509, 1252, 454, 127, 51, 13, 3, 2, 1]
(2, (0, 1, 0), (1, 2)): [45058, 6249, 1746, 622, 212, 46, 26, 7, 1, 1]
(2, (0, 1, 0), (2, 0)): [35345, 6603, 2490, 1314, 434, 134, 40, 15, 1, 2, 0, 0, 1]
(2, (0, 1, 0), (2, 1)): [38608, 7285, 2395, 954, 330, 98, 30, 7, 2, 2, 1, 0, 1]
(2, (0, 1, 0), (2, 2)): [40223, 6011, 1814, 719, 244, 64, 32, 9, 0, 2]
(2, (0, 1, 0), (3, 0)): [17902, 2840, 1242, 873, 282, 86, 28, 13, 1, 2]
(2, (0, 1, 0), (3, 1)): [17954, 3395, 1310, 678, 239, 68, 22, 6, 2, 1, 1, 0, 1]
(2, (0, 1, 0), (3, 2)): [25237, 4008, 1430, 743, 242, 63, 39, 8, 0, 1, 0, 0, 1]
(2, (0, 1, 1), (0, 0)): [92710, 7716, 19169, 5608, 2213, 733, 241, 78, 24, 7, 5, 1, 0, 1]
(2, (0, 1, 1), (0, 1)): [16815, 1072, 2851, 829, 290, 106, 26, 9, 1, 2]
(2, (0, 1, 1), (0, 2)): [7241, 364, 879, 260, 99, 30, 8, 2, 0, 2]
(2, (0, 1, 1), (1, 0)): [19013, 1772, 3629, 1325, 597, 208, 68, 22, 5, 0, 3]
(2, (0, 1, 1), (1, 1)): [15093, 1036, 2699, 849, 311, 122, 29, 11, 4, 0, 1]
(2, (0, 1, 1), (1, 2)): [11377, 613, 1526, 449, 174, 59, 11, 4, 1, 2, 1]
(2, (0, 1, 1), (2, 0)): [9103, 1001, 1649, 689, 394, 127, 43, 15, 1, 0, 2]
(2, (0, 1, 1), (2, 1)): [8854, 683, 1662, 560, 259, 85, 23, 8, 3, 0, 1]
(2, (0, 1, 1), (2, 2)): [10152, 647, 1437, 494, 183, 72, 13, 4, 3, 1]
(2, (0, 1, 1), (3, 0)): [5268, 683, 847, 402, 266, 99, 27, 12, 0, 0, 1]
(2, (0, 1, 1), (3, 1)): [4142, 383, 762, 292, 171, 58, 19, 8, 1, 0, 1]
(2, (0, 1, 1), (3, 2)): [6378, 510, 979, 374, 176, 74, 13, 7, 4, 1]
(2, (1, 0, 0), (0, 0)): [833944, 60330, 40961, 13052, 4314, 1360, 525, 152, 38, 15, 7, 1, 1]
(2, (1, 0, 0), (0, 1)): [145565, 8963, 6119, 1978, 669, 215, 89, 32, 10, 1, 0, 1]
(2, (1, 0, 0), (0, 2)): [55679, 2471, 1638, 552, 179, 49, 25, 9, 4]
(2, (1, 0, 0), (1, 0)): [136225, 11337, 8096, 2791, 954, 274, 113, 29, 8, 2, 0, 0, 1]
(2, (1, 0, 0), (1, 1)): [119550, 8127, 5669, 1923, 645, 192, 80, 24, 7, 1]
(2, (1, 0, 0), (1, 2)): [78853, 3987, 2583, 942, 300, 80, 33, 10, 4]
(2, (1, 0, 0), (2, 0)): [45649, 4397, 3021, 1231, 428, 132, 50, 18, 6, 2, 0, 0, 1]
(2, (1, 0, 0), (2, 1)): [61853, 4891, 3473, 1285, 427, 133, 54, 14, 5, 0, 0, 0, 1]
(2, (1, 0, 0), (2, 2)): [61316, 3801, 2430, 926, 308, 91, 40, 9, 4]
(2, (1, 0, 0), (3, 0)): [13463, 1638, 961, 561, 190, 58, 21, 10, 3, 2]
(2, (1, 0, 0), (3, 1)): [24893, 2581, 1681, 822, 242, 77, 30, 8, 3, 1, 0, 0, 1]
(2, (1, 0, 0), (3, 2)): [32477, 2813, 1722, 816, 260, 89, 30, 13, 1, 1, 0, 0, 1]
(2, (1, 0, 1), (0, 0)): [147924, 34238, 13535, 8697, 2875, 938, 317, 90, 32, 11, 2, 4, 2]
(2, (1, 0, 1), (0, 1)): [27709, 5266, 1955, 1335, 461, 156, 57, 9, 4, 2, 1, 1, 1]
(2, (1, 0, 1), (0, 2)): [11292, 1575, 571, 364, 140, 40, 12, 2, 1, 1]
(2, (1, 0, 1), (1, 0)): [26106, 5773, 2652, 1833, 668, 188, 64, 16, 3, 2, 0, 1]
(2, (1, 0, 1), (1, 1)): [23004, 4536, 1928, 1274, 477, 146, 53, 12, 3, 2, 1, 2, 1]
(2, (1, 0, 1), (1, 2)): [15996, 2368, 986, 598, 238, 75, 30, 5, 3, 1, 0, 1]
(2, (1, 0, 1), (2, 0)): [9356, 2020, 1084, 721, 289, 89, 29, 9, 3]
(2, (1, 0, 1), (2, 1)): [12280, 2478, 1198, 764, 333, 100, 29, 9, 0, 1, 0, 1]
(2, (1, 0, 1), (2, 2)): [12489, 1896, 921, 558, 219, 83, 32, 6, 3, 0, 0, 1]
(2, (1, 0, 1), (3, 0)): [3139, 616, 447, 271, 125, 39, 18, 3, 3]
(2, (1, 0, 1), (3, 1)): [5265, 1009, 622, 379, 214, 46, 24, 4, 3, 1]
(2, (1, 0, 1), (3, 2)): [6958, 1021, 718, 401, 207, 66, 21, 6, 5]
(2, (1, 1, 0), (0, 0)): [330455, 49502, 25004, 17746, 5773, 1834, 628, 211, 65, 28, 10, 3, 2, 1]
(2, (1, 1, 0), (0, 1)): [61799, 7688, 3762, 2770, 852, 262, 94, 34, 5, 4, 2, 1, 1]
(2, (1, 1, 0), (0, 2)): [25653, 2267, 1135, 788, 260, 72, 26, 13, 2, 1]
(2, (1, 1, 0), (1, 0)): [54674, 8327, 4641, 3550, 1295, 370, 136, 42, 17, 5, 1, 1]
(2, (1, 1, 0), (1, 1)): [51134, 6813, 3546, 2638, 816, 267, 82, 33, 9, 5, 2, 2, 1]
(2, (1, 1, 0), (1, 2)): [36882, 3577, 1876, 1282, 405, 136, 34, 17, 6, 1, 1, 1]
(2, (1, 1, 0), (2, 0)): [18715, 2930, 1863, 1382, 657, 175, 67, 18, 8, 3]
(2, (1, 1, 0), (2, 1)): [26685, 3710, 2188, 1642, 633, 166, 67, 24, 6, 4, 0, 0, 1]
(2, (1, 1, 0), (2, 2)): [29227, 3098, 1800, 1234, 464, 127, 47, 19, 10, 1, 1, 1]
(2, (1, 1, 0), (3, 0)): [5949, 913, 755, 458, 313, 92, 28, 7, 5, 2]
(2, (1, 1, 0), (3, 1)): [11246, 1606, 1229, 827, 440, 116, 42, 9, 4, 2, 0, 0, 1]
(2, (1, 1, 0), (3, 2)): [16122, 1895, 1470, 914, 467, 107, 43, 15, 7, 1, 1]
(2, (1, 1, 1), (0, 0)): [97970, 14228, 16169, 8115, 6179, 1924, 648, 220, 75, 17, 10, 4, 1, 1]
(2, (1, 1, 1), (0, 1)): [20366, 2125, 2626, 1333, 1021, 322, 109, 33, 18, 3, 3, 0, 1]
(2, (1, 1, 1), (0, 2)): [9016, 692, 781, 412, 277, 88, 36, 6, 4, 1, 2]
(2, (1, 1, 1), (1, 0)): [15393, 3400, 2894, 1607, 1295, 409, 137, 47, 14, 4, 1, 2]
(2, (1, 1, 1), (1, 1)): [15942, 2217, 2387, 1282, 989, 309, 101, 33, 14, 3, 1, 0, 1]
(2, (1, 1, 1), (1, 2)): [12469, 1184, 1267, 644, 488, 168, 53, 15, 4, 2, 2]
(2, (1, 1, 1), (2, 0)): [4292, 1941, 997, 644, 517, 173, 58, 20, 5, 3, 0, 2]
(2, (1, 1, 1), (2, 1)): [7211, 1812, 1346, 834, 633, 216, 68, 17, 9, 2, 0, 0, 1]
(2, (1, 1, 1), (2, 2)): [8896, 1377, 1129, 665, 489, 183, 57, 14, 5, 4, 2]
(2, (1, 1, 1), (3, 0)): [705, 1183, 281, 268, 157, 81, 30, 13, 2, 3, 0, 1]
(2, (1, 1, 1), (3, 1)): [2034, 1505, 532, 456, 336, 122, 44, 11, 5, 3, 0, 1]
(2, (1, 1, 1), (3, 2)): [3748, 1546, 701, 588, 371, 153, 51, 14, 4, 3, 2]
