(0, (0, 0, 0)): [22676, 4190, 1866, 830, 354, 151, 57, 27, 10, 1, 1]
(0, (0, 0, 1)): [97, 237, 56, 33, 16, 9, 2]
(0, (0, 1, 0)): [791, 616, 265, 123, 56, 21, 9, 8, 3, 1]
(0, (0, 1, 1)): [78, 78, 114, 59, 29, 14, 4, 1, 0, 0, 1]
(0, (1, 0, 0)): [4604, 1361, 888, 423, 195, 90, 33, 14, 7, 0, 1]
(0, (1, 0, 1)): [114, 314, 114, 76, 39, 19, 5, 7]
(0, (1, 1, 0)): [602, 335, 244, 186, 75, 53, 20, 8, 3, 0, 1]
(0, (1, 1, 1)): [51, 92, 77, 62, 48, 27, 13, 4, 1, 0, 1]
(1, (0, 0, 0)): [18734, 1956, 766, 286, 112, 35, 13, 6, 2]
(1, (0, 0, 1)): [452, 549, 113, 49, 17, 11, 2]
(1, (0, 1, 0)): [2268, 927, 340, 133, 65, 16, 2, 3, 2]
(1, (0, 1, 1)): [387, 230, 212, 90, 52, 22, 8, 0, 2]
(1, (1, 0, 0)): [6693, 1001, 676, 294, 137, 33, 18, 6, 1]
(1, (1, 0, 1)): [527, 530, 183, 107, 62, 22, 8, 4, 0, 1]
(1, (1, 1, 0)): [1697, 515, 308, 231, 96, 28, 12, 5, 2]
(1, (1, 1, 1)): [375, 251, 152, 98, 78, 27, 12, 1, 3]
(2, (0, 0, 0)): [16323, 734, 239, 68, 20, 6, 0, 1]
(2, (0, 0, 1)): [1218, 340, 60, 23, 10, 1, 0, 1]
(2, (0, 1, 0)): [3541, 686, 190, 76, 30, 5, 0, 1]
(2, (0, 1, 1)): [772, 62, 174, 36, 18, 3]
(2, (1, 0, 0)): [8071, 469, 369, 115, 35, 6, 2, 1]
(2, (1, 0, 1)): [1312, 295, 122, 79, 27, 6, 2, 5]
(2, (1, 1, 0)): [3110, 449, 204, 174, 49, 10, 4, 1]
(2, (1, 1, 1)): [863, 106, 142, 61, 58, 12, 3, 4]
