(0, (0, 0, 0), (0, 0)): [16209, 3295, 1623, 712, 309, 130, 60, 12, 9, 2, 0, 2, 0, 1]
(0, (0, 0, 0), (0, 1)): [929, 166, 89, 37, 13, 6, 0, 1, 1]
(0, (0, 0, 0), (0, 2)): [324, 52, 22, 13, 2, 1]
(0, (0, 0, 0), (1, 0)): [819, 181, 86, 41, 25, 4, 4, 1]
(0, (0, 0, 0), (1, 1)): [774, 140, 74, 30, 17, 7, 0, 2]
(0, (0, 0, 0), (1, 2)): [467, 98, 35, 21, 7, 4, 0, 1]
(0, (0, 0, 0), (2, 0)): [265, 76, 28, 19, 14, 0, 3]
(0, (0, 0, 0), (2, 1)): [417, 85, 47, 18, 17, 3, 2]
(0, (0, 0, 0), (2, 2)): [376, 77, 26, 16, 5, 3, 1, 1]
(0, (0, 0, 0), (3, 0)): [83, 19, 12, 11, 5, 0, 1]
(0, (0, 0, 0), (3, 1)): [186, 40, 26, 18, 12, 1]
(0, (0, 0, 0), (3, 2)): [234, 55, 26, 22, 10, 1]
(0, (0, 0, 1), (0, 0)): [59, 172, 45, 20, 6, 7, 3, 0, 1]
(0, (0, 0, 1), (0, 1)): [2, 9, 2, 1]
(0, (0, 0, 1), (0, 2)): [0, 4, 1]
(0, (0, 0, 1), (1, 0)): [3, 7, 0, 0, 1]
(0, (0, 0, 1), (1, 1)): [3, 4]
(0, (0, 0, 1), (1, 2)): [0, 3]
(0, (0, 0, 1), (2, 0)): [1, 2]
(0, (0, 0, 1), (2, 1)): [0, 2]
(0, (0, 0, 1), (2, 2)): [0, 3]
(0, (0, 0, 1), (3, 0)): [0, 1]
(0, (0, 0, 1), (3, 1)): [0, 1]
(0, (0, 0, 1), (3, 2)): [0, 1]
(0, (0, 1, 0), (0, 0)): [498, 418, 187, 93, 34, 14, 5, 2, 1]
(0, (0, 1, 0), (0, 1)): [31, 19, 8, 4, 1, 1]
(0, (0, 1, 0), (0, 2)): [15, 5, 2]
(0, (0, 1, 0), (1, 0)): [23, 22, 6, 4, 4, 2]
(0, (0, 1, 0), (1, 1)): [19, 18, 8, 1, 3]
(0, (0, 1, 0), (1, 2)): [14, 5, 3, 1]
(0, (0, 1, 0), (2, 0)): [7, 7, 1, 1, 1, 2]
(0, (0, 1, 0), (2, 1)): [8, 12, 6, 0, 3, 1]
(0, (0, 1, 0), (2, 2)): [13, 9, 5, 1, 1]
(0, (0, 1, 0), (3, 0)): [3, 3, 0, 1, 1, 1]
(0, (0, 1, 0), (3, 1)): [3, 2, 1, 0, 2, 1]
(0, (0, 1, 0), (3, 2)): [8, 2, 3, 0, 1]
(0, (0, 1, 1), (0, 0)): [50, 66, 86, 53, 18, 10, 5, 0, 0, 0, 0, 0, 0, 1]
(0, (0, 1, 1), (0, 1)): [3, 2, 3, 3, 1]
(0, (0, 1, 1), (0, 2)): [1, 1, 1, 1, 1]
(0, (0, 1, 1), (1, 0)): [4, 8, 4, 4, 2]
(0, (0, 1, 1), (1, 1)): [3, 4, 4, 4, 1]
(0, (0, 1, 1), (1, 2)): [4, 1, 4, 1, 1]
(0, (0, 1, 1), (2, 0)): [2, 4, 2, 1, 1]
(0, (0, 1, 1), (2, 1)): [0, 4, 2, 3, 1]
(0, (0, 1, 1), (2, 2)): [2, 4, 3, 3]
(0, (0, 1, 1), (3, 0)): [2, 1, 0, 1, 1]
(0, (0, 1, 1), (3, 1)): [0, 1, 0, 0, 1]
(0, (0, 1, 1), (3, 2)): [2, 1, 1, 2]
(0, (1, 0, 0), (0, 0)): [3521, 1069, 754, 371, 181, 81, 38, 9, 4, 1, 0, 2, 0, 1]
(0, (1, 0, 0), (0, 1)): [166, 44, 35, 24, 12, 2]
(0, (1, 0, 0), (0, 2)): [61, 16, 6, 8, 6, 1]
(0, (1, 0, 0), (1, 0)): [180, 48, 35, 22, 13, 4, 2, 1]
(0, (1, 0, 0), (1, 1)): [150, 36, 35, 14, 11, 0, 1]
(0, (1, 0, 0), (1, 2)): [81, 21, 16, 8, 9, 1, 1]
(0, (1, 0, 0), (2, 0)): [54, 15, 10, 10, 4, 2, 0, 1]
(0, (1, 0, 0), (2, 1)): [69, 24, 19, 12, 5, 1, 0, 1]
(0, (1, 0, 0), (2, 2)): [60, 14, 14, 8, 4, 1]
(0, (1, 0, 0), (3, 0)): [16, 7, 2, 4, 3, 1]
(0, (1, 0, 0), (3, 1)): [21, 11, 7, 3, 5]
(0, (1, 0, 0), (3, 2)): [27, 6, 8, 5, 3]
(0, (1, 0, 1), (0, 0)): [81, 201, 82, 55, 29, 16, 5, 1]
(0, (1, 0, 1), (0, 1)): [3, 8, 3, 1, 2, 2]
(0, (1, 0, 1), (0, 2)): [1, 2, 0, 1, 1, 2]
(0, (1, 0, 1), (1, 0)): [5, 9, 3, 2, 2, 2]
(0, (1, 0, 1), (1, 1)): [5, 10, 3, 0, 2, 1]
(0, (1, 0, 1), (1, 2)): [5, 4, 1, 0, 1, 2]
(0, (1, 0, 1), (2, 0)): [2, 1, 0, 0, 0, 1]
(0, (1, 0, 1), (2, 1)): [0, 4, 1, 0, 1]
(0, (1, 0, 1), (2, 2)): [4, 4, 0, 0, 1]
(0, (1, 0, 1), (3, 0)): [2, 0, 0, 0, 0, 1]
(0, (1, 0, 1), (3, 1)): [1, 2]
(0, (1, 0, 1), (3, 2)): [0, 4]
(0, (1, 1, 0), (0, 0)): [505, 331, 222, 174, 94, 51, 18, 7, 3, 1]
(0, (1, 1, 0), (0, 1)): [27, 19, 9, 12, 4, 1]
(0, (1, 1, 0), (0, 2)): [19, 9, 3, 4, 3]
(0, (1, 1, 0), (1, 0)): [11, 9, 12, 7, 5, 1, 1]
(0, (1, 1, 0), (1, 1)): [9, 11, 3, 5, 1, 1, 1]
(0, (1, 1, 0), (1, 2)): [12, 5, 1, 2, 2]
(0, (1, 1, 0), (2, 0)): [3, 3, 6, 4, 2]
(0, (1, 1, 0), (2, 1)): [3, 8, 6, 7, 2, 1]
(0, (1, 1, 0), (2, 2)): [7, 7, 4, 2, 1]
(0, (1, 1, 0), (3, 0)): [0, 2, 1, 2]
(0, (1, 1, 0), (3, 1)): [0, 2, 2, 5, 0, 1]
(0, (1, 1, 0), (3, 2)): [0, 4, 2, 5]
(0, (1, 1, 1), (0, 0)): [53, 95, 70, 50, 42, 25, 11, 3, 1, 1]
(0, (1, 1, 1), (0, 1)): [4, 1, 1, 2, 1, 1, 1]
(0, (1, 1, 1), (0, 2)): [4, 1, 0, 2, 1, 1, 1]
(0, (1, 1, 1), (1, 0)): [1, 5, 2, 1, 4, 3]
(0, (1, 1, 1), (1, 1)): [1, 3, 1, 0, 2]
(0, (1, 1, 1), (1, 2)): [2, 1, 0, 1, 1, 1, 1]
(0, (1, 1, 1), (2, 0)): [0, 1, 0, 0, 2, 3]
(0, (1, 1, 1), (2, 1)): [0, 2, 1, 0, 3, 1]
(0, (1, 1, 1), (2, 2)): [0, 0, 1, 0, 0, 1]
(0, (1, 1, 1), (3, 0)): [0, 0, 0, 0, 0, 1]
(0, (1, 1, 1), (3, 1)): [0, 2, 0, 0, 0, 1]
(0, (1, 1, 1), (3, 2)): [0, 1, 1]
(1, (0, 0, 0), (0, 0)): [13236, 1575, 658, 248, 98, 31, 13, 2, 2, 1]
(1, (0, 0, 0), (0, 1)): [748, 87, 43, 11, 7, 2]
(1, (0, 0, 0), (0, 2)): [279, 31, 11, 6, 2]
(1, (0, 0, 0), (1, 0)): [723, 91, 38, 10, 5, 0, 1, 1]
(1, (0, 0, 0), (1, 1)): [621, 68, 33, 9, 6, 2, 1]
(1, (0, 0, 0), (1, 2)): [405, 35, 17, 8, 2]
(1, (0, 0, 0), (2, 0)): [275, 39, 17, 4, 2, 0, 0, 1]
(1, (0, 0, 0), (2, 1)): [386, 51, 14, 4, 4, 2, 1, 1]
(1, (0, 0, 0), (2, 2)): [321, 27, 14, 7, 3, 2, 0, 1]
(1, (0, 0, 0), (3, 0)): [70, 14, 9, 2, 2]
(1, (0, 0, 0), (3, 1)): [155, 29, 11, 2, 2, 0, 1]
(1, (0, 0, 0), (3, 2)): [195, 24, 14, 5, 4, 2, 1]
(1, (0, 0, 1), (0, 0)): [326, 437, 101, 41, 14, 7, 0, 0, 1]
(1, (0, 0, 1), (0, 1)): [22, 15, 7, 0, 0, 1]
(1, (0, 0, 1), (0, 2)): [7, 3]
(1, (0, 0, 1), (1, 0)): [14, 28, 3, 4]
(1, (0, 0, 1), (1, 1)): [17, 19, 3, 1, 0, 1]
(1, (0, 0, 1), (1, 2)): [9, 5, 0, 1]
(1, (0, 0, 1), (2, 0)): [5, 11, 3, 2]
(1, (0, 0, 1), (2, 1)): [12, 14, 2, 1, 0, 1]
(1, (0, 0, 1), (2, 2)): [7, 12, 1, 1]
(1, (0, 0, 1), (3, 0)): [1, 5, 0, 1]
(1, (0, 0, 1), (3, 1)): [3, 5, 1]
(1, (0, 0, 1), (3, 2)): [3, 6, 1, 1]
(1, (0, 1, 0), (0, 0)): [1608, 632, 253, 103, 36, 14, 5, 4, 0, 0, 2, 2]
(1, (0, 1, 0), (0, 1)): [75, 20, 8, 4, 3, 1]
(1, (0, 1, 0), (0, 2)): [26, 8, 0, 2]
(1, (0, 1, 0), (1, 0)): [120, 40, 19, 4, 2, 0, 0, 1]
(1, (0, 1, 0), (1, 1)): [86, 22, 11, 3, 1, 1, 0, 1]
(1, (0, 1, 0), (1, 2)): [43, 11, 1, 1, 0, 0, 0, 1]
(1, (0, 1, 0), (2, 0)): [50, 18, 8, 2, 1]
(1, (0, 1, 0), (2, 1)): [54, 14, 7, 2, 2, 1]
(1, (0, 1, 0), (2, 2)): [50, 7, 3, 1, 1, 1, 0, 1]
(1, (0, 1, 0), (3, 0)): [27, 11, 5, 2]
(1, (0, 1, 0), (3, 1)): [24, 10, 2, 2, 1]
(1, (0, 1, 0), (3, 2)): [25, 9, 4, 0, 0, 0, 0, 1]
(1, (0, 1, 1), (0, 0)): [250, 213, 177, 84, 39, 17, 4, 2, 2, 0, 0, 0, 0, 1]
(1, (0, 1, 1), (0, 1)): [5, 7, 3, 1, 2]
(1, (0, 1, 1), (0, 2)): [1, 2, 2]
(1, (0, 1, 1), (1, 0)): [16, 17, 14, 13, 4]
(1, (0, 1, 1), (1, 1)): [5, 9, 5, 3, 1]
(1, (0, 1, 1), (1, 2)): [5, 3, 3, 1]
(1, (0, 1, 1), (2, 0)): [12, 11, 9, 8, 4]
(1, (0, 1, 1), (2, 1)): [2, 6, 4, 4, 1]
(1, (0, 1, 1), (2, 2)): [4, 5, 3, 2, 1]
(1, (0, 1, 1), (3, 0)): [11, 8, 7, 6, 3]
(1, (0, 1, 1), (3, 1)): [1, 1, 1, 1]
(1, (0, 1, 1), (3, 2)): [2, 0, 1, 2, 1]
(1, (1, 0, 0), (0, 0)): [4980, 848, 604, 266, 115, 34, 16, 3, 3, 1]
(1, (1, 0, 0), (0, 1)): [262, 39, 33, 14, 7, 1]
(1, (1, 0, 0), (0, 2)): [82, 15, 8, 1, 1]
(1, (1, 0, 0), (1, 0)): [257, 38, 36, 20, 6, 1]
(1, (1, 0, 0), (1, 1)): [217, 32, 30, 16, 6, 1]
(1, (1, 0, 0), (1, 2)): [131, 25, 16, 7, 4]
(1, (1, 0, 0), (2, 0)): [74, 7, 11, 11, 2, 1]
(1, (1, 0, 0), (2, 1)): [111, 14, 18, 10, 3, 2]
(1, (1, 0, 0), (2, 2)): [104, 18, 15, 9, 4]
(1, (1, 0, 0), (3, 0)): [22, 1, 2, 4, 1]
(1, (1, 0, 0), (3, 1)): [44, 3, 9, 7, 1, 1]
(1, (1, 0, 0), (3, 2)): [48, 13, 6, 3, 3]
(1, (1, 0, 1), (0, 0)): [401, 446, 132, 110, 45, 18, 5, 5, 1]
(1, (1, 0, 1), (0, 1)): [27, 20, 4, 5, 3, 1]
(1, (1, 0, 1), (0, 2)): [7, 8, 2, 1]
(1, (1, 0, 1), (1, 0)): [16, 17, 9, 6, 2]
(1, (1, 0, 1), (1, 1)): [16, 12, 5, 5, 3, 1]
(1, (1, 0, 1), (1, 2)): [12, 10, 2, 4, 2]
(1, (1, 0, 1), (2, 0)): [7, 8, 4, 1]
(1, (1, 0, 1), (2, 1)): [7, 8, 5, 2, 0, 1]
(1, (1, 0, 1), (2, 2)): [1, 5, 2, 2, 1]
(1, (1, 0, 1), (3, 0)): [2, 3, 1]
(1, (1, 0, 1), (3, 1)): [3, 2, 2, 2, 0, 1]
(1, (1, 0, 1), (3, 2)): [3, 6, 2, 3, 1]
(1, (1, 1, 0), (0, 0)): [1470, 429, 293, 228, 84, 34, 16, 5, 3, 2, 2]
(1, (1, 1, 0), (0, 1)): [79, 22, 14, 9, 6, 1, 0, 1]
(1, (1, 1, 0), (0, 2)): [37, 6, 5, 2, 2]
(1, (1, 1, 0), (1, 0)): [63, 25, 14, 15, 4, 1]
(1, (1, 1, 0), (1, 1)): [59, 16, 10, 12, 3, 2]
(1, (1, 1, 0), (1, 2)): [45, 10, 8, 2, 2, 1]
(1, (1, 1, 0), (2, 0)): [21, 9, 5, 4, 3]
(1, (1, 1, 0), (2, 1)): [32, 11, 6, 6, 4, 1]
(1, (1, 1, 0), (2, 2)): [42, 10, 7, 4, 2, 2]
(1, (1, 1, 0), (3, 0)): [5, 1, 1, 1, 1]
(1, (1, 1, 0), (3, 1)): [11, 6, 1, 3, 2]
(1, (1, 1, 0), (3, 2)): [24, 4, 3, 2, 0, 1]
(1, (1, 1, 1), (0, 0)): [338, 229, 169, 111, 71, 33, 13, 2, 2, 0, 1]
(1, (1, 1, 1), (0, 1)): [21, 15, 5, 10, 3, 1, 1]
(1, (1, 1, 1), (0, 2)): [11, 5, 2, 1, 2, 1, 1]
(1, (1, 1, 1), (1, 0)): [16, 11, 7, 5, 6, 1]
(1, (1, 1, 1), (1, 1)): [14, 8, 5, 11, 3]
(1, (1, 1, 1), (1, 2)): [12, 7, 2, 4, 2, 1, 1]
(1, (1, 1, 1), (2, 0)): [2, 5, 2, 1, 2, 1]
(1, (1, 1, 1), (2, 1)): [6, 8, 4, 4]
(1, (1, 1, 1), (2, 2)): [4, 7, 1, 7, 1, 1, 1]
(1, (1, 1, 1), (3, 0)): [0, 1, 0, 0, 1]
(1, (1, 1, 1), (3, 1)): [1, 3, 4, 1, 1]
(1, (1, 1, 1), (3, 2)): [3, 6, 3, 1]
(2, (0, 0, 0), (0, 0)): [11594, 612, 222, 58, 20, 6, 3]
(2, (0, 0, 0), (0, 1)): [612, 35, 14, 1, 0, 0, 1]
(2, (0, 0, 0), (0, 2)): [239, 8, 4]
(2, (0, 0, 0), (1, 0)): [711, 38, 15, 5, 1]
(2, (0, 0, 0), (1, 1)): [571, 38, 12, 2, 1, 0, 1]
(2, (0, 0, 0), (1, 2)): [371, 18, 6, 0, 1]
(2, (0, 0, 0), (2, 0)): [257, 10, 9, 3]
(2, (0, 0, 0), (2, 1)): [328, 18, 10, 2, 0, 0, 1]
(2, (0, 0, 0), (2, 2)): [305, 17, 8, 1, 1]
(2, (0, 0, 0), (3, 0)): [87, 4, 3, 2]
(2, (0, 0, 0), (3, 1)): [153, 10, 7, 3]
(2, (0, 0, 0), (3, 2)): [193, 18, 6, 2, 1]
(2, (0, 0, 1), (0, 0)): [933, 261, 68, 15, 7, 1, 1]
(2, (0, 0, 1), (0, 1)): [48, 11, 5, 0, 1]
(2, (0, 0, 1), (0, 2)): [20, 3, 1]
(2, (0, 0, 1), (1, 0)): [58, 18, 1]
(2, (0, 0, 1), (1, 1)): [46, 7, 4, 0, 1]
(2, (0, 0, 1), (1, 2)): [28, 6, 1]
(2, (0, 0, 1), (2, 0)): [13, 5, 1]
(2, (0, 0, 1), (2, 1)): [26, 3]
(2, (0, 0, 1), (2, 2)): [21, 6]
(2, (0, 0, 1), (3, 0)): [7, 1, 1]
(2, (0, 0, 1), (3, 1)): [9, 1]
(2, (0, 0, 1), (3, 2)): [13, 2]
(2, (0, 1, 0), (0, 0)): [2461, 514, 140, 55, 14, 4, 2, 1]
(2, (0, 1, 0), (0, 1)): [125, 23, 9, 3, 1]
(2, (0, 1, 0), (0, 2)): [39, 6, 3, 1]
(2, (0, 1, 0), (1, 0)): [178, 22, 8, 5, 0, 0, 0, 1]
(2, (0, 1, 0), (1, 1)): [111, 17, 8, 4, 1, 0, 0, 1]
(2, (0, 1, 0), (1, 2)): [66, 9, 3, 3]
(2, (0, 1, 0), (2, 0)): [90, 9, 4, 3]
(2, (0, 1, 0), (2, 1)): [74, 6, 3, 1, 0, 0, 0, 1]
(2, (0, 1, 0), (2, 2)): [70, 8, 2, 2, 0, 0, 0, 1]
(2, (0, 1, 0), (3, 0)): [48, 3, 3, 2]
(2, (0, 1, 0), (3, 1)): [34, 1, 3, 1]
(2, (0, 1, 0), (3, 2)): [42, 1, 2, 2]
(2, (0, 1, 1), (0, 0)): [535, 43, 153, 29, 13, 6, 1, 1, 0, 0, 0, 1, 0, 1]
(2, (0, 1, 1), (0, 1)): [17, 1, 7, 1, 0, 0, 0, 1]
(2, (0, 1, 1), (0, 2)): [8, 0, 3]
(2, (0, 1, 1), (1, 0)): [35, 4, 5, 2, 1]
(2, (0, 1, 1), (1, 1)): [22, 1, 3, 1, 0, 0, 0, 1]
(2, (0, 1, 1), (1, 2)): [12, 1, 2, 0, 0, 0, 0, 1]
(2, (0, 1, 1), (2, 0)): [19, 4, 3, 2, 1]
(2, (0, 1, 1), (2, 1)): [9, 0, 3, 1]
(2, (0, 1, 1), (2, 2)): [12, 1, 3, 1, 0, 0, 0, 1]
(2, (0, 1, 1), (3, 0)): [16, 4, 2, 2, 1]
(2, (0, 1, 1), (3, 1)): [4, 1, 0, 0, 1]
(2, (0, 1, 1), (3, 2)): [7, 1, 0, 0, 0, 0, 0, 1]
(2, (1, 0, 0), (0, 0)): [6148, 402, 347, 90, 29, 10, 6, 0, 0, 1]
(2, (1, 0, 0), (0, 1)): [307, 21, 18, 3, 2]
(2, (1, 0, 0), (0, 2)): [111, 6, 4, 2, 1]
(2, (1, 0, 0), (1, 0)): [310, 21, 20, 10, 1]
(2, (1, 0, 0), (1, 1)): [248, 11, 19, 4, 2]
(2, (1, 0, 0), (1, 2)): [155, 9, 8, 2, 1]
(2, (1, 0, 0), (2, 0)): [98, 6, 9, 5]
(2, (1, 0, 0), (2, 1)): [125, 7, 10, 4, 1]
(2, (1, 0, 0), (2, 2)): [102, 5, 8, 2]
(2, (1, 0, 0), (3, 0)): [31, 3, 4, 1]
(2, (1, 0, 0), (3, 1)): [52, 4, 5, 2, 1]
(2, (1, 0, 0), (3, 2)): [50, 5, 6, 1, 1]
(2, (1, 0, 1), (0, 0)): [935, 206, 79, 58, 18, 5, 2, 2, 0, 1, 0, 0, 1]
(2, (1, 0, 1), (0, 1)): [49, 7, 2, 3, 1, 0, 0, 1]
(2, (1, 0, 1), (0, 2)): [17, 4, 0, 0, 1]
(2, (1, 0, 1), (1, 0)): [39, 10, 4, 1]
(2, (1, 0, 1), (1, 1)): [32, 6, 1, 2, 0, 0, 0, 1]
(2, (1, 0, 1), (1, 2)): [22, 2, 1, 0, 0, 0, 0, 1]
(2, (1, 0, 1), (2, 0)): [11, 6, 3]
(2, (1, 0, 1), (2, 1)): [25, 7, 1, 1]
(2, (1, 0, 1), (2, 2)): [21, 2, 1, 0, 0, 0, 0, 1]
(2, (1, 0, 1), (3, 0)): [0, 1, 1]
(2, (1, 0, 1), (3, 1)): [7, 2, 0, 1]
(2, (1, 0, 1), (3, 2)): [14, 2, 1, 0, 0, 0, 0, 1]
(2, (1, 1, 0), (0, 0)): [2579, 405, 181, 141, 40, 14, 7, 0, 2, 1]
(2, (1, 1, 0), (0, 1)): [117, 16, 6, 5, 2]
(2, (1, 1, 0), (0, 2)): [50, 6, 1, 2]
(2, (1, 1, 0), (1, 0)): [123, 12, 10, 6, 2, 1, 1]
(2, (1, 1, 0), (1, 1)): [99, 12, 8, 3, 3]
(2, (1, 1, 0), (1, 2)): [76, 10, 1, 2, 1]
(2, (1, 1, 0), (2, 0)): [41, 1, 3, 2, 0, 1]
(2, (1, 1, 0), (2, 1)): [55, 4, 5, 2, 2]
(2, (1, 1, 0), (2, 2)): [53, 8, 4, 2, 1]
(2, (1, 1, 0), (3, 0)): [12, 1, 1]
(2, (1, 1, 0), (3, 1)): [26, 3, 1, 0, 2]
(2, (1, 1, 0), (3, 2)): [37, 4, 4, 1, 1]
(2, (1, 1, 1), (0, 0)): [779, 118, 144, 57, 37, 15, 4, 2, 1]
(2, (1, 1, 1), (0, 1)): [36, 1, 4, 2, 3]
(2, (1, 1, 1), (0, 2)): [15, 0, 1, 1, 1]
(2, (1, 1, 1), (1, 0)): [31, 9, 7, 2, 2, 1, 0, 1]
(2, (1, 1, 1), (1, 1)): [33, 1, 7, 3]
(2, (1, 1, 1), (1, 2)): [18, 0, 1, 0, 1]
(2, (1, 1, 1), (2, 0)): [5, 7, 0, 0, 1, 1, 0, 1]
(2, (1, 1, 1), (2, 1)): [10, 3, 4, 0, 1]
(2, (1, 1, 1), (2, 2)): [11, 0, 2, 0, 1]
(2, (1, 1, 1), (3, 0)): [1, 5, 0, 0, 0, 1]
(2, (1, 1, 1), (3, 1)): [3, 5, 2, 0, 0, 1]
(2, (1, 1, 1), (3, 2)): [3, 1, 1]
