(0, (0, 0, 0)): [30006, 5913, 2652, 1254, 511, 254, 83, 40, 19, 8, 6, 2]
(0, (0, 0, 1)): [117, 331, 106, 34, 23, 10, 3, 0, 1]
(0, (0, 1, 0)): [1163, 1067, 398, 232, 97, 45, 15, 11, 5, 2, 2]
(0, (0, 1, 1)): [82, 142, 175, 77, 42, 26, 7, 4, 2, 1]
(0, (1, 0, 0)): [5954, 2036, 1235, 638, 294, 153, 41, 24, 12, 5, 3, 2]
(0, (1, 0, 1)): [139, 449, 151, 131, 48, 29, 13, 9, 6, 1, 1]
(0, (1, 1, 0)): [838, 510, 366, 286, 139, 66, 19, 11, 9, 5, 5, 2]
(0, (1, 1, 1)): [94, 142, 110, 86, 64, 35, 10, 10, 6, 4, 1]
(1, (0, 0, 0)): [23084, 2674, 1069, 440, 144, 74, 24, 10, 1, 3, 2]
(1, (0, 0, 1)): [665, 906, 180, 93, 32, 13, 3, 4, 0, 1]
(1, (0, 1, 0)): [3417, 1447, 509, 239, 105, 55, 12, 8, 0, 1, 1]
(1, (0, 1, 1)): [498, 387, 321, 153, 74, 33, 14, 5, 2, 1, 1]
(1, (1, 0, 0)): [8481, 1543, 1023, 430, 148, 72, 25, 8, 1, 3, 1]
(1, (1, 0, 1)): [715, 814, 245, 172, 73, 33, 11, 7, 3, 2]
(1, (1, 1, 0)): [2375, 718, 493, 370, 150, 70, 24, 12, 3, 3]
(1, (1, 1, 1)): [458, 375, 241, 161, 139, 58, 18, 9, 3, 3, 1]
(2, (0, 0, 0)): [20306, 989, 306, 107, 29, 14, 3, 3, 0, 1]
(2, (0, 0, 1)): [1942, 552, 139, 42, 11, 2, 2, 1]
(2, (0, 1, 0)): [5195, 1063, 281, 94, 25, 19, 6, 2, 1, 1]
(2, (0, 1, 1)): [1090, 80, 229, 77, 25, 7, 1, 1]
(2, (1, 0, 0)): [9871, 744, 504, 170, 47, 17, 4, 2]
(2, (1, 0, 1)): [1782, 421, 190, 94, 31, 12, 3, 2]
(2, (1, 1, 0)): [4011, 630, 283, 238, 62, 25, 8, 1, 1]
(2, (1, 1, 1)): [1121, 148, 218, 96, 68, 23, 11, 1]
