(0, (0, 0, 0)): [152912, 29388, 13766, 6039, 2698, 1179, 442, 181, 72, 26, 11, 7, 2]
(0, (0, 0, 1)): [605, 1574, 384, 200, 97, 55, 16, 6, 2, 4]
(0, (0, 1, 0)): [5147, 4294, 1745, 814, 391, 151, 56, 30, 13, 4, 0, 0, 1]
(0, (0, 1, 1)): [492, 679, 813, 374, 220, 87, 37, 21, 6, 8, 2, 1]
(0, (1, 0, 0)): [32448, 9589, 6558, 3072, 1481, 697, 261, 118, 54, 16, 6, 5, 1]
(0, (1, 0, 1)): [773, 2152, 829, 568, 294, 142, 58, 27, 9, 5, 4]
(0, (1, 1, 0)): [4550, 2497, 1821, 1354, 701, 351, 144, 66, 25, 7, 2, 4]
(0, (1, 1, 1)): [535, 702, 605, 426, 362, 178, 90, 47, 16, 11, 2, 1]
(1, (0, 0, 0)): [124859, 13375, 5582, 2143, 861, 304, 115, 36, 14, 5, 6, 1]
(1, (0, 0, 1)): [3002, 3867, 765, 313, 124, 73, 18, 3, 2]
(1, (0, 1, 0)): [15389, 6109, 2435, 971, 429, 139, 34, 19, 7, 1, 2]
(1, (0, 1, 1)): [2582, 1753, 1608, 618, 374, 135, 51, 24, 6, 1]
(1, (1, 0, 0)): [46564, 7365, 5202, 2190, 944, 337, 125, 49, 17, 7, 1, 0, 1]
(1, (1, 0, 1)): [3801, 3870, 1178, 861, 406, 146, 60, 23, 5, 4]
(1, (1, 1, 0)): [12699, 3604, 2394, 1780, 765, 298, 108, 49, 21, 5, 0, 1, 1]
(1, (1, 1, 1)): [2769, 1786, 1185, 750, 608, 238, 94, 39, 9, 5, 0, 1, 1]
(2, (0, 0, 0)): [109020, 5104, 1742, 520, 180, 54, 23, 4, 0, 1, 2]
(2, (0, 0, 1)): [8540, 2456, 496, 179, 58, 24, 1, 2, 1]
(2, (0, 1, 0)): [24115, 4721, 1408, 491, 176, 50, 11, 3, 0, 1, 1]
(2, (0, 1, 1)): [5425, 441, 1126, 299, 130, 38, 17, 1, 0, 0, 1]
(2, (1, 0, 0)): [56421, 3668, 2803, 833, 275, 80, 40, 10, 0, 2, 2]
(2, (1, 0, 1)): [9326, 2085, 749, 503, 195, 55, 23, 7, 3, 1]
(2, (1, 1, 0)): [22131, 3197, 1534, 1157, 375, 121, 35, 17, 2, 3, 1, 1]
(2, (1, 1, 1)): [6352, 814, 985, 458, 379, 115, 40, 16, 4]
