(0, (0, 0, 0), (0, 0)): [824893, 158988, 71945, 32009, 13897, 5777, 2308, 941, 352, 152, 57, 26, 10, 3, 1]
(0, (0, 0, 0), (0, 1)): [36797, 6533, 2820, 1283, 491, 215, 80, 30, 12, 8, 1]
(0, (0, 0, 0), (0, 2)): [13985, 2195, 915, 404, 162, 76, 25, 7, 7, 2, 1]
(0, (0, 0, 0), (1, 0)): [34048, 6908, 3235, 1441, 672, 279, 109, 46, 21, 5, 3, 0, 0, 0, 1]
(0, (0, 0, 0), (1, 1)): [31340, 5838, 2621, 1200, 500, 196, 81, 33, 13, 6, 2]
(0, (0, 0, 0), (1, 2)): [21231, 3470, 1534, 660, 291, 136, 42, 14, 7, 5, 1]
(0, (0, 0, 0), (2, 0)): [11176, 2502, 1237, 552, 268, 114, 38, 23, 8, 2, 1, 0, 0, 0, 1]
(0, (0, 0, 0), (2, 1)): [16424, 3302, 1607, 716, 309, 121, 46, 31, 11, 2, 1]
(0, (0, 0, 0), (2, 2)): [16641, 2885, 1421, 606, 262, 113, 30, 12, 12, 6]
(0, (0, 0, 0), (3, 0)): [3393, 919, 464, 239, 105, 53, 19, 9, 3, 1, 0, 0, 0, 0, 1]
(0, (0, 0, 0), (3, 1)): [6343, 1621, 774, 388, 165, 71, 25, 20, 4, 0, 1, 0, 0, 0, 1]
(0, (0, 0, 0), (3, 2)): [8583, 1849, 986, 409, 183, 87, 24, 17, 8, 4, 1, 0, 0, 0, 1]
(0, (0, 0, 1), (0, 0)): [3415, 8959, 2364, 1138, 521, 212, 90, 28, 8, 8, 4, 2, 0, 1]
(0, (0, 0, 1), (0, 1)): [139, 356, 108, 42, 15, 5, 0, 2, 0, 1]
(0, (0, 0, 1), (0, 2)): [59, 145, 30, 17, 6, 3, 0, 1]
(0, (0, 0, 1), (1, 0)): [129, 390, 99, 50, 22, 10, 3, 3, 0, 0, 1]
(0, (0, 0, 1), (1, 1)): [128, 314, 90, 37, 18, 5, 1, 1, 0, 1, 1]
(0, (0, 0, 1), (1, 2)): [90, 232, 54, 25, 10, 3, 0, 2, 0, 1]
(0, (0, 0, 1), (2, 0)): [52, 155, 41, 21, 7, 4, 0, 2]
(0, (0, 0, 1), (2, 1)): [68, 169, 62, 24, 12, 4, 1, 1, 0, 0, 1]
(0, (0, 0, 1), (2, 2)): [81, 208, 63, 19, 11, 3]
(0, (0, 0, 1), (3, 0)): [25, 51, 13, 7, 3, 2]
(0, (0, 0, 1), (3, 1)): [34, 74, 25, 14, 8, 2]
(0, (0, 0, 1), (3, 2)): [42, 124, 30, 17, 12, 1]
(0, (0, 1, 0), (0, 0)): [31685, 27052, 10629, 5130, 2394, 977, 423, 182, 66, 35, 10, 1, 1, 1, 1]
(0, (0, 1, 0), (0, 1)): [1314, 1210, 427, 178, 92, 27, 21, 10, 3, 1]
(0, (0, 1, 0), (0, 2)): [525, 410, 146, 55, 31, 7, 12, 2, 1]
(0, (0, 1, 0), (1, 0)): [1344, 1170, 505, 216, 108, 50, 16, 11, 1, 1, 0, 0, 0, 0, 1]
(0, (0, 1, 0), (1, 1)): [1130, 1030, 385, 172, 78, 29, 11, 9, 1, 2]
(0, (0, 1, 0), (1, 2)): [795, 625, 223, 97, 46, 11, 8, 8, 1, 1]
(0, (0, 1, 0), (2, 0)): [516, 405, 185, 78, 35, 24, 8, 4]
(0, (0, 1, 0), (2, 1)): [619, 567, 223, 90, 49, 23, 7, 2, 1, 1]
(0, (0, 1, 0), (2, 2)): [681, 483, 206, 85, 42, 10, 6, 3, 2]
(0, (0, 1, 0), (3, 0)): [190, 103, 66, 33, 17, 9, 4, 4]
(0, (0, 1, 0), (3, 1)): [265, 212, 95, 52, 28, 13, 5, 1]
(0, (0, 1, 0), (3, 2)): [399, 286, 133, 60, 30, 10, 8, 2, 1]
(0, (0, 1, 1), (0, 0)): [2600, 3938, 4505, 2127, 1113, 510, 212, 98, 46, 23, 3, 1, 2]
(0, (0, 1, 1), (0, 1)): [120, 179, 199, 71, 47, 21, 7, 4, 1]
(0, (0, 1, 1), (0, 2)): [65, 68, 72, 23, 16, 6, 5, 1, 1]
(0, (0, 1, 1), (1, 0)): [107, 179, 256, 112, 67, 22, 11, 3, 3]
(0, (0, 1, 1), (1, 1)): [89, 155, 186, 63, 43, 15, 4, 4, 1]
(0, (0, 1, 1), (1, 2)): [79, 92, 98, 36, 31, 13, 5, 1, 2]
(0, (0, 1, 1), (2, 0)): [52, 74, 101, 56, 36, 14, 5, 2, 1]
(0, (0, 1, 1), (2, 1)): [48, 88, 109, 41, 22, 5, 1, 4, 1]
(0, (0, 1, 1), (2, 2)): [55, 81, 82, 30, 20, 6, 6, 1, 2]
(0, (0, 1, 1), (3, 0)): [33, 30, 44, 27, 24, 10, 3, 1]
(0, (0, 1, 1), (3, 1)): [21, 29, 41, 19, 15, 2, 0, 1]
(0, (0, 1, 1), (3, 2)): [24, 43, 53, 19, 14, 4, 3, 1, 2]
(0, (1, 0, 0), (0, 0)): [171549, 53957, 34472, 16649, 7761, 3410, 1349, 578, 232, 102, 40, 16, 8, 0, 1]
(0, (1, 0, 0), (0, 1)): [7208, 2130, 1321, 589, 301, 131, 51, 25, 11, 2]
(0, (1, 0, 0), (0, 2)): [2713, 680, 423, 172, 88, 36, 19, 4, 6]
(0, (1, 0, 0), (1, 0)): [6411, 2137, 1492, 685, 331, 151, 63, 28, 12, 8, 3, 0, 0, 0, 1]
(0, (1, 0, 0), (1, 1)): [5258, 1687, 1103, 498, 254, 111, 41, 23, 5, 5, 2]
(0, (1, 0, 0), (1, 2)): [3469, 958, 578, 274, 132, 47, 24, 13, 5, 4]
(0, (1, 0, 0), (2, 0)): [1981, 694, 517, 272, 127, 64, 28, 11, 7, 2, 1]
(0, (1, 0, 0), (2, 1)): [2469, 822, 595, 286, 132, 68, 26, 10, 4, 2, 2]
(0, (1, 0, 0), (2, 2)): [2362, 691, 461, 203, 108, 47, 26, 14, 4, 4, 1]
(0, (1, 0, 0), (3, 0)): [506, 222, 175, 115, 57, 19, 10, 4, 3, 1]
(0, (1, 0, 0), (3, 1)): [893, 339, 257, 161, 71, 27, 9, 3, 4]
(0, (1, 0, 0), (3, 2)): [1118, 384, 271, 139, 80, 31, 10, 9, 4, 1]
(0, (1, 0, 1), (0, 0)): [4580, 11891, 4764, 3303, 1677, 741, 344, 134, 64, 24, 15, 5, 1, 1, 1]
(0, (1, 0, 1), (0, 1)): [190, 484, 191, 127, 68, 30, 13, 5, 2, 1]
(0, (1, 0, 1), (0, 2)): [94, 162, 68, 52, 16, 8, 5, 1]
(0, (1, 0, 1), (1, 0)): [162, 489, 181, 143, 66, 32, 7, 5, 4, 1, 0, 0, 0, 0, 1]
(0, (1, 0, 1), (1, 1)): [123, 363, 138, 94, 54, 23, 4, 4, 1]
(0, (1, 0, 1), (1, 2)): [119, 214, 83, 58, 25, 9, 7, 1]
(0, (1, 0, 1), (2, 0)): [65, 166, 65, 42, 30, 18, 4, 3, 2, 1]
(0, (1, 0, 1), (2, 1)): [43, 196, 80, 46, 31, 15, 4, 3, 3]
(0, (1, 0, 1), (2, 2)): [72, 152, 56, 40, 23, 7, 7, 2]
(0, (1, 0, 1), (3, 0)): [37, 42, 21, 9, 11, 9, 1, 3, 0, 1]
(0, (1, 0, 1), (3, 1)): [12, 73, 27, 23, 19, 9, 2, 2, 1, 1]
(0, (1, 0, 1), (3, 2)): [30, 68, 34, 23, 17, 10, 4, 3, 1, 1]
(0, (1, 1, 0), (0, 0)): [24042, 14013, 10147, 7341, 3794, 1784, 711, 326, 133, 66, 23, 10, 3, 1]
(0, (1, 1, 0), (0, 1)): [1040, 544, 418, 269, 164, 64, 27, 14, 6, 3]
(0, (1, 1, 0), (0, 2)): [434, 189, 146, 86, 50, 27, 10, 4, 2, 1]
(0, (1, 1, 0), (1, 0)): [854, 508, 368, 279, 150, 73, 39, 13, 4, 1, 1, 0, 0, 1]
(0, (1, 1, 0), (1, 1)): [721, 415, 286, 221, 117, 53, 29, 11, 3, 3, 0, 0, 0, 1]
(0, (1, 1, 0), (1, 2)): [521, 270, 175, 135, 72, 30, 13, 10, 2, 3, 0, 0, 0, 1]
(0, (1, 1, 0), (2, 0)): [266, 158, 134, 102, 50, 27, 16, 2, 2]
(0, (1, 1, 0), (2, 1)): [344, 203, 137, 120, 60, 34, 17, 4, 3, 1]
(0, (1, 1, 0), (2, 2)): [362, 199, 123, 92, 59, 28, 13, 6, 3, 1]
(0, (1, 1, 0), (3, 0)): [64, 46, 44, 30, 21, 13, 6, 1]
(0, (1, 1, 0), (3, 1)): [130, 73, 52, 49, 28, 22, 9, 1, 1, 1]
(0, (1, 1, 0), (3, 2)): [167, 90, 67, 62, 42, 20, 7, 3, 1]
(0, (1, 1, 1), (0, 0)): [2616, 3744, 3225, 2283, 1818, 937, 409, 193, 84, 41, 12, 4, 2]
(0, (1, 1, 1), (0, 1)): [116, 143, 141, 75, 77, 41, 13, 7, 4, 1]
(0, (1, 1, 1), (0, 2)): [53, 54, 53, 20, 23, 17, 6, 1, 3]
(0, (1, 1, 1), (1, 0)): [101, 134, 130, 108, 81, 43, 16, 7, 3, 1]
(0, (1, 1, 1), (1, 1)): [94, 110, 110, 77, 67, 30, 8, 6, 1, 2]
(0, (1, 1, 1), (1, 2)): [80, 83, 68, 40, 36, 20, 2, 2, 2, 1]
(0, (1, 1, 1), (2, 0)): [30, 40, 42, 43, 30, 22, 6, 4, 1]
(0, (1, 1, 1), (2, 1)): [42, 38, 53, 46, 24, 16, 6, 3, 2, 1]
(0, (1, 1, 1), (2, 2)): [54, 50, 57, 41, 26, 17, 4, 3, 0, 2]
(0, (1, 1, 1), (3, 0)): [8, 18, 12, 14, 10, 10, 3, 2]
(0, (1, 1, 1), (3, 1)): [12, 24, 21, 19, 10, 9, 3, 1]
(0, (1, 1, 1), (3, 2)): [16, 26, 34, 26, 16, 13, 4, 2]
(1, (0, 0, 0), (0, 0)): [677070, 71693, 28980, 11258, 4202, 1554, 608, 202, 73, 28, 11, 5, 2, 1]
(1, (0, 0, 0), (0, 1)): [30421, 2825, 1116, 441, 142, 64, 20, 6, 1]
(1, (0, 0, 0), (0, 2)): [11665, 869, 331, 148, 45, 19, 4, 1]
(1, (0, 0, 0), (1, 0)): [28790, 3372, 1353, 554, 197, 70, 21, 9, 3]
(1, (0, 0, 0), (1, 1)): [26429, 2704, 1083, 407, 143, 63, 20, 9, 1]
(1, (0, 0, 0), (1, 2)): [17748, 1451, 594, 244, 92, 42, 9, 2, 1]
(1, (0, 0, 0), (2, 0)): [9632, 1327, 549, 226, 81, 24, 9, 3]
(1, (0, 0, 0), (2, 1)): [14103, 1650, 671, 247, 73, 33, 12, 5]
(1, (0, 0, 0), (2, 2)): [14210, 1340, 566, 224, 78, 43, 12, 2, 1]
(1, (0, 0, 0), (3, 0)): [2895, 454, 248, 85, 42, 12, 5, 1]
(1, (0, 0, 0), (3, 1)): [5680, 793, 402, 134, 59, 18, 9, 3]
(1, (0, 0, 0), (3, 2)): [7669, 894, 422, 160, 57, 23, 10, 1]
(1, (0, 0, 1), (0, 0)): [18083, 23648, 4654, 1995, 800, 311, 107, 35, 12, 6, 3, 1, 1]
(1, (0, 0, 1), (0, 1)): [806, 931, 189, 66, 23, 9, 5, 1]
(1, (0, 0, 1), (0, 2)): [353, 296, 65, 19, 6, 2, 2]
(1, (0, 0, 1), (1, 0)): [858, 1244, 254, 127, 50, 17, 1, 3, 0, 1]
(1, (0, 0, 1), (1, 1)): [744, 913, 170, 85, 28, 9, 1, 2]
(1, (0, 0, 1), (1, 2)): [567, 509, 88, 32, 14, 4, 1]
(1, (0, 0, 1), (2, 0)): [359, 484, 107, 46, 28, 7, 1, 1, 0, 1]
(1, (0, 0, 1), (2, 1)): [387, 522, 99, 53, 21, 8, 2, 1]
(1, (0, 0, 1), (2, 2)): [438, 421, 79, 37, 15, 5, 1]
(1, (0, 0, 1), (3, 0)): [185, 195, 56, 26, 11, 4, 0, 1]
(1, (0, 0, 1), (3, 1)): [174, 237, 53, 20, 9, 3, 2, 1]
(1, (0, 0, 1), (3, 2)): [272, 237, 56, 27, 15, 4, 2]
(1, (0, 1, 0), (0, 0)): [91264, 36330, 13531, 5830, 2299, 873, 282, 127, 42, 13, 9, 2, 3]
(1, (0, 1, 0), (0, 1)): [3860, 1512, 533, 209, 74, 33, 8, 2, 0, 2]
(1, (0, 1, 0), (0, 2)): [1528, 528, 179, 70, 24, 9, 3]
(1, (0, 1, 0), (1, 0)): [4405, 1809, 640, 335, 119, 53, 16, 5, 5]
(1, (0, 1, 0), (1, 1)): [3446, 1351, 460, 215, 77, 40, 8, 3, 2, 1]
(1, (0, 1, 0), (1, 2)): [2315, 810, 316, 116, 30, 17, 5, 1, 1, 1]
(1, (0, 1, 0), (2, 0)): [1959, 773, 303, 166, 65, 23, 11, 3, 3]
(1, (0, 1, 0), (2, 1)): [1891, 820, 265, 130, 58, 24, 6, 1, 1]
(1, (0, 1, 0), (2, 2)): [1837, 745, 258, 96, 34, 18, 5, 0, 2]
(1, (0, 1, 0), (3, 0)): [1026, 300, 131, 110, 36, 14, 6, 3, 3]
(1, (0, 1, 0), (3, 1)): [962, 343, 118, 83, 42, 16, 4, 2, 3]
(1, (0, 1, 0), (3, 2)): [1148, 437, 159, 82, 39, 12, 7, 1, 1]
(1, (0, 1, 1), (0, 0)): [14042, 10368, 8807, 3514, 1875, 711, 273, 106, 40, 19, 3, 3, 1]
(1, (0, 1, 1), (0, 1)): [514, 372, 315, 126, 47, 22, 11, 2]
(1, (0, 1, 1), (0, 2)): [241, 127, 115, 48, 21, 8, 4]
(1, (0, 1, 1), (1, 0)): [791, 657, 505, 189, 142, 40, 21, 7, 2, 1]
(1, (0, 1, 1), (1, 1)): [436, 328, 306, 103, 50, 10, 8, 4, 0, 1]
(1, (0, 1, 1), (1, 2)): [339, 190, 191, 60, 32, 8, 7, 1]
(1, (0, 1, 1), (2, 0)): [499, 393, 276, 128, 100, 35, 16, 4, 2]
(1, (0, 1, 1), (2, 1)): [246, 205, 166, 56, 36, 7, 6, 1, 0, 1]
(1, (0, 1, 1), (2, 2)): [278, 167, 166, 54, 28, 6, 3, 1]
(1, (0, 1, 1), (3, 0)): [376, 276, 181, 102, 82, 32, 12, 4, 2]
(1, (0, 1, 1), (3, 1)): [115, 93, 68, 28, 21, 5, 2]
(1, (0, 1, 1), (3, 2)): [156, 107, 78, 38, 23, 5, 0, 1]
(1, (1, 0, 0), (0, 0)): [245195, 40873, 26998, 11067, 4442, 1689, 682, 229, 89, 35, 9, 6, 2, 1]
(1, (1, 0, 0), (0, 1)): [10249, 1541, 969, 415, 151, 58, 26, 7, 3, 1]
(1, (1, 0, 0), (0, 2)): [3771, 495, 332, 125, 44, 16, 8, 3, 1, 1]
(1, (1, 0, 0), (1, 0)): [10045, 1899, 1249, 517, 198, 84, 30, 12, 4, 2]
(1, (1, 0, 0), (1, 1)): [8234, 1323, 873, 388, 120, 59, 26, 8, 3]
(1, (1, 0, 0), (1, 2)): [5235, 708, 520, 189, 58, 23, 9, 5]
(1, (1, 0, 0), (2, 0)): [3268, 672, 447, 215, 73, 34, 10, 3, 3, 2]
(1, (1, 0, 0), (2, 1)): [4131, 736, 494, 231, 81, 34, 19, 5, 3]
(1, (1, 0, 0), (2, 2)): [3816, 580, 433, 161, 47, 21, 10, 5, 1]
(1, (1, 0, 0), (3, 0)): [925, 208, 139, 84, 30, 16, 2, 1, 1, 2]
(1, (1, 0, 0), (3, 1)): [1562, 355, 214, 112, 50, 24, 5, 3, 1, 2]
(1, (1, 0, 0), (3, 2)): [1883, 358, 246, 121, 36, 17, 5, 3, 2, 2]
(1, (1, 0, 1), (0, 0)): [20876, 21365, 6698, 4620, 1969, 755, 328, 113, 29, 14, 1, 3]
(1, (1, 0, 1), (0, 1)): [918, 821, 259, 171, 74, 30, 10, 2, 1, 1]
(1, (1, 0, 1), (0, 2)): [415, 249, 95, 58, 19, 7, 4, 1, 1, 1]
(1, (1, 0, 1), (1, 0)): [861, 862, 330, 212, 90, 29, 13, 3, 1]
(1, (1, 0, 1), (1, 1)): [698, 647, 219, 143, 58, 23, 11, 1]
(1, (1, 0, 1), (1, 2)): [532, 352, 121, 85, 22, 12, 5, 1, 1]
(1, (1, 0, 1), (2, 0)): [327, 268, 112, 79, 32, 12, 3, 1, 1]
(1, (1, 0, 1), (2, 1)): [319, 312, 122, 79, 44, 12, 3, 0, 1]
(1, (1, 0, 1), (2, 2)): [349, 253, 101, 64, 32, 8, 4, 0, 2]
(1, (1, 0, 1), (3, 0)): [143, 71, 37, 28, 14, 4, 3]
(1, (1, 0, 1), (3, 1)): [119, 124, 57, 28, 20, 6]
(1, (1, 0, 1), (3, 2)): [176, 132, 61, 36, 18, 8, 2, 0, 1]
(1, (1, 1, 0), (0, 0)): [68924, 19479, 12687, 9324, 3720, 1472, 567, 236, 101, 29, 7, 5, 4, 1]
(1, (1, 1, 0), (0, 1)): [3142, 796, 479, 373, 143, 67, 22, 10, 5, 1]
(1, (1, 1, 0), (0, 2)): [1302, 283, 156, 132, 49, 18, 10, 3, 2]
(1, (1, 1, 0), (1, 0)): [2676, 815, 567, 418, 172, 70, 39, 15, 4, 2]
(1, (1, 1, 0), (1, 1)): [2292, 654, 424, 320, 123, 58, 19, 11, 2, 2]
(1, (1, 1, 0), (1, 2)): [1735, 375, 241, 195, 74, 24, 13, 6, 1]
(1, (1, 1, 0), (2, 0)): [892, 293, 185, 150, 61, 34, 19, 5, 3, 1]
(1, (1, 1, 0), (2, 1)): [1099, 371, 246, 167, 64, 41, 14, 4, 4]
(1, (1, 1, 0), (2, 2)): [1209, 304, 178, 152, 57, 29, 8, 1, 1]
(1, (1, 1, 0), (3, 0)): [222, 112, 58, 39, 31, 17, 6, 3, 1, 1]
(1, (1, 1, 0), (3, 1)): [435, 168, 120, 74, 34, 17, 9, 3, 3, 1]
(1, (1, 1, 0), (3, 2)): [580, 186, 117, 67, 33, 23, 7, 2, 1, 1]
(1, (1, 1, 1), (0, 0)): [14708, 9717, 6526, 4095, 2987, 1241, 486, 184, 76, 27, 5, 4, 3, 1]
(1, (1, 1, 1), (0, 1)): [682, 366, 276, 163, 117, 50, 23, 6, 6]
(1, (1, 1, 1), (0, 2)): [324, 126, 95, 58, 37, 15, 10, 2, 1]
(1, (1, 1, 1), (1, 0)): [560, 414, 264, 165, 122, 54, 25, 9, 3]
(1, (1, 1, 1), (1, 1)): [487, 311, 225, 145, 99, 45, 19, 8, 4]
(1, (1, 1, 1), (1, 2)): [365, 166, 148, 80, 53, 29, 11, 5, 2]
(1, (1, 1, 1), (2, 0)): [155, 123, 101, 60, 46, 20, 9, 2]
(1, (1, 1, 1), (2, 1)): [224, 183, 112, 80, 42, 25, 12, 2, 1]
(1, (1, 1, 1), (2, 2)): [275, 136, 112, 68, 38, 22, 8, 0, 1]
(1, (1, 1, 1), (3, 0)): [33, 39, 35, 27, 16, 7, 2, 1]
(1, (1, 1, 1), (3, 1)): [52, 77, 52, 41, 29, 9, 4, 3]
(1, (1, 1, 1), (3, 2)): [93, 76, 59, 39, 23, 14, 5, 1, 1]
(2, (0, 0, 0), (0, 0)): [591604, 26658, 8790, 2800, 858, 262, 85, 21, 3, 4, 3]
(2, (0, 0, 0), (0, 1)): [25985, 947, 316, 85, 36, 5, 3, 1, 1]
(2, (0, 0, 0), (0, 2)): [9675, 255, 76, 28, 10, 0, 1, 1]
(2, (0, 0, 0), (1, 0)): [26002, 1339, 459, 147, 52, 8, 1]
(2, (0, 0, 0), (1, 1)): [23195, 974, 333, 90, 37, 4, 1]
(2, (0, 0, 0), (1, 2)): [15167, 447, 153, 52, 16, 2, 2]
(2, (0, 0, 0), (2, 0)): [9434, 546, 219, 66, 24, 4, 1]
(2, (0, 0, 0), (2, 1)): [12989, 661, 237, 63, 23, 1]
(2, (0, 0, 0), (2, 2)): [12595, 452, 182, 52, 17, 1, 1]
(2, (0, 0, 0), (3, 0)): [3087, 193, 108, 30, 14, 3, 1]
(2, (0, 0, 0), (3, 1)): [5714, 338, 149, 44, 17, 3]
(2, (0, 0, 0), (3, 2)): [7378, 338, 162, 41, 17, 2]
(2, (0, 0, 1), (0, 0)): [51164, 14434, 3036, 1013, 355, 107, 23, 9, 3]
(2, (0, 0, 1), (0, 1)): [2331, 595, 106, 33, 9, 4]
(2, (0, 0, 1), (0, 2)): [915, 167, 27, 11, 4, 1]
(2, (0, 0, 1), (1, 0)): [2776, 744, 152, 64, 21, 8, 2]
(2, (0, 0, 1), (1, 1)): [2199, 544, 101, 33, 7, 7, 2]
(2, (0, 0, 1), (1, 2)): [1505, 275, 46, 18, 5, 3, 1]
(2, (0, 0, 1), (2, 0)): [1231, 328, 75, 42, 11, 3]
(2, (0, 0, 1), (2, 1)): [1293, 332, 76, 30, 6, 6, 1]
(2, (0, 0, 1), (2, 2)): [1324, 236, 59, 17, 3, 5, 1]
(2, (0, 0, 1), (3, 0)): [629, 126, 36, 28, 5, 1]
(2, (0, 0, 1), (3, 1)): [607, 194, 31, 20, 4, 4, 1]
(2, (0, 0, 1), (3, 2)): [825, 165, 37, 23, 3, 6, 1]
(2, (0, 1, 0), (0, 0)): [140115, 27330, 7817, 2715, 901, 298, 76, 26, 8, 7, 4]
(2, (0, 1, 0), (0, 1)): [5875, 1079, 269, 72, 21, 5, 1, 0, 1]
(2, (0, 1, 0), (0, 2)): [2269, 329, 76, 18, 3, 1]
(2, (0, 1, 0), (1, 0)): [7312, 1345, 447, 170, 54, 19, 4]
(2, (0, 1, 0), (1, 1)): [5591, 994, 294, 92, 30, 5, 4, 0, 1]
(2, (0, 1, 0), (1, 2)): [3684, 529, 120, 46, 8, 3, 2]
(2, (0, 1, 0), (2, 0)): [3443, 593, 226, 100, 31, 14, 1]
(2, (0, 1, 0), (2, 1)): [3301, 645, 203, 63, 20, 6, 1, 0, 1]
(2, (0, 1, 0), (2, 2)): [3188, 510, 139, 44, 12, 5, 1]
(2, (0, 1, 0), (3, 0)): [1893, 265, 124, 73, 25, 10, 1]
(2, (0, 1, 0), (3, 1)): [1545, 286, 124, 40, 17, 3, 1, 0, 1]
(2, (0, 1, 0), (3, 2)): [1977, 325, 127, 50, 13, 5]
(2, (0, 1, 1), (0, 0)): [30258, 2358, 6081, 1660, 672, 204, 69, 16, 7, 0, 1]
(2, (0, 1, 1), (0, 1)): [1306, 83, 203, 39, 15, 5, 1]
(2, (0, 1, 1), (0, 2)): [586, 37, 64, 12, 9, 1]
(2, (0, 1, 1), (1, 0)): [1659, 150, 331, 106, 46, 18, 5]
(2, (0, 1, 1), (1, 1)): [1142, 80, 205, 53, 10, 13, 1]
(2, (0, 1, 1), (1, 2)): [846, 47, 115, 24, 11, 2]
(2, (0, 1, 1), (2, 0)): [870, 74, 150, 63, 36, 9, 4]
(2, (0, 1, 1), (2, 1)): [679, 49, 128, 30, 10, 8, 2]
(2, (0, 1, 1), (2, 2)): [745, 46, 103, 22, 11, 8]
(2, (0, 1, 1), (3, 0)): [552, 56, 86, 39, 28, 7, 3]
(2, (0, 1, 1), (3, 1)): [331, 25, 71, 20, 5, 1, 3]
(2, (0, 1, 1), (3, 2)): [461, 39, 82, 18, 12, 5, 2]
(2, (1, 0, 0), (0, 0)): [294268, 19951, 13915, 4341, 1331, 428, 157, 39, 5, 5, 3]
(2, (1, 0, 0), (0, 1)): [12394, 709, 462, 136, 42, 12, 5, 1, 1]
(2, (1, 0, 0), (0, 2)): [4535, 191, 117, 33, 11, 2, 1]
(2, (1, 0, 0), (1, 0)): [12557, 1012, 663, 235, 64, 13, 6, 2]
(2, (1, 0, 0), (1, 1)): [10267, 636, 413, 133, 37, 9, 5, 2, 1]
(2, (1, 0, 0), (1, 2)): [6436, 303, 188, 59, 15, 5, 1]
(2, (1, 0, 0), (2, 0)): [4226, 404, 238, 110, 27, 7, 3]
(2, (1, 0, 0), (2, 1)): [5341, 385, 240, 91, 28, 6, 3, 2]
(2, (1, 0, 0), (2, 2)): [4988, 281, 185, 59, 19, 4, 1, 1]
(2, (1, 0, 0), (3, 0)): [1291, 151, 88, 58, 9, 2, 1]
(2, (1, 0, 0), (3, 1)): [2180, 214, 116, 70, 11, 4, 1]
(2, (1, 0, 0), (3, 2)): [2606, 218, 116, 56, 14, 3, 2, 1]
(2, (1, 0, 1), (0, 0)): [52331, 11455, 4277, 2731, 922, 290, 92, 29, 10, 4, 0, 1]
(2, (1, 0, 1), (0, 1)): [2366, 445, 163, 96, 18, 9, 3]
(2, (1, 0, 1), (0, 2)): [948, 135, 50, 24, 6, 2]
(2, (1, 0, 1), (1, 0)): [2260, 493, 217, 125, 42, 12, 3]
(2, (1, 0, 1), (1, 1)): [1881, 366, 145, 87, 23, 13, 3]
(2, (1, 0, 1), (1, 2)): [1274, 202, 70, 47, 17, 5, 1]
(2, (1, 0, 1), (2, 0)): [819, 170, 90, 43, 21, 3, 2]
(2, (1, 0, 1), (2, 1)): [1006, 191, 99, 42, 13, 6]
(2, (1, 0, 1), (2, 2)): [919, 158, 70, 32, 10, 7, 1]
(2, (1, 0, 1), (3, 0)): [275, 47, 36, 12, 11, 1, 2]
(2, (1, 0, 1), (3, 1)): [449, 75, 46, 14, 10, 2, 2]
(2, (1, 0, 1), (3, 2)): [491, 87, 53, 18, 11, 4, 2]
(2, (1, 1, 0), (0, 0)): [117238, 16712, 8200, 5942, 1878, 579, 203, 65, 18, 10, 2, 1]
(2, (1, 1, 0), (0, 1)): [5198, 672, 289, 201, 48, 10, 4, 4]
(2, (1, 1, 0), (0, 2)): [2177, 194, 87, 60, 18, 2, 1, 2]
(2, (1, 1, 0), (1, 0)): [4982, 733, 403, 280, 90, 18, 8, 1, 1]
(2, (1, 1, 0), (1, 1)): [4245, 546, 259, 196, 45, 10, 7, 2]
(2, (1, 1, 0), (1, 2)): [3029, 303, 137, 97, 27, 5, 1, 4]
(2, (1, 1, 0), (2, 0)): [1682, 268, 159, 106, 46, 10, 3]
(2, (1, 1, 0), (2, 1)): [2203, 299, 177, 122, 31, 6, 7]
(2, (1, 1, 0), (2, 2)): [2316, 230, 139, 98, 26, 4, 4, 3]
(2, (1, 1, 0), (3, 0)): [539, 76, 63, 33, 20, 5, 1]
(2, (1, 1, 0), (3, 1)): [906, 120, 102, 55, 27, 4, 4]
(2, (1, 1, 0), (3, 2)): [1209, 136, 112, 56, 32, 5, 3, 2]
(2, (1, 1, 1), (0, 0)): [33489, 4185, 5423, 2498, 1914, 578, 202, 64, 16, 3, 2, 1]
(2, (1, 1, 1), (0, 1)): [1640, 142, 229, 85, 71, 18, 5, 1]
(2, (1, 1, 1), (0, 2)): [770, 49, 60, 30, 18, 5, 2, 1]
(2, (1, 1, 1), (1, 0)): [1237, 256, 235, 125, 87, 29, 6, 0, 1]
(2, (1, 1, 1), (1, 1)): [1196, 145, 204, 90, 71, 19, 1]
(2, (1, 1, 1), (1, 2)): [944, 75, 106, 42, 32, 6, 0, 1]
(2, (1, 1, 1), (2, 0)): [332, 155, 74, 52, 38, 15, 2, 0, 1]
(2, (1, 1, 1), (2, 1)): [509, 138, 103, 55, 39, 17, 2]
(2, (1, 1, 1), (2, 2)): [633, 87, 81, 44, 33, 7]
(2, (1, 1, 1), (3, 0)): [71, 91, 18, 27, 18, 7, 1, 0, 1]
(2, (1, 1, 1), (3, 1)): [163, 121, 38, 37, 26, 8, 3]
(2, (1, 1, 1), (3, 2)): [257, 106, 43, 43, 25, 6, 2]
