(0, (0, 0, 0), (0, 0)): [2374138, 486916, 224062, 102702, 46115, 19729, 8230, 3324, 1353, 588, 257, 122, 43, 23, 6, 1, 1, 1]
(0, (0, 0, 0), (0, 1)): [512515, 99073, 45125, 20910, 9263, 3955, 1624, 600, 263, 112, 54, 23, 7, 5, 1, 1]
(0, (0, 0, 0), (0, 2)): [200987, 34382, 15392, 6977, 3031, 1268, 524, 183, 86, 35, 9, 4, 4, 1, 1]
(0, (0, 0, 0), (1, 0)): [409686, 92189, 43708, 20427, 9538, 4044, 1770, 728, 277, 109, 55, 22, 6, 6, 2, 0, 1]
(0, (0, 0, 0), (1, 1)): [419462, 85238, 39693, 18467, 8294, 3547, 1474, 579, 245, 91, 54, 21, 4, 6, 0, 1, 1]
(0, (0, 0, 0), (1, 2)): [297835, 52807, 24202, 10885, 4820, 2009, 868, 329, 146, 48, 19, 8, 5, 2, 1]
(0, (0, 0, 0), (2, 0)): [130128, 32377, 16458, 7797, 3814, 1558, 700, 303, 107, 50, 23, 10, 2, 3, 1]
(0, (0, 0, 0), (2, 1)): [211126, 47240, 23118, 10805, 5055, 2144, 867, 383, 147, 62, 31, 15, 3, 4, 0, 0, 1]
(0, (0, 0, 0), (2, 2)): [234459, 45447, 21553, 9934, 4438, 1829, 781, 294, 145, 47, 21, 6, 5, 2, 1, 0, 1]
(0, (0, 0, 0), (3, 0)): [37221, 10405, 6178, 3103, 1540, 631, 282, 124, 46, 26, 12, 4, 0, 2, 1]
(0, (0, 0, 0), (3, 1)): [79638, 20708, 11198, 5505, 2662, 1163, 458, 226, 90, 37, 12, 12, 2, 4, 1]
(0, (0, 0, 0), (3, 2)): [122701, 27691, 14626, 6869, 3215, 1357, 557, 240, 108, 41, 14, 12, 4, 2, 1, 0, 1]
(0, (0, 0, 1), (0, 0)): [8240, 25859, 7093, 3469, 1681, 725, 322, 125, 55, 33, 18, 4, 4, 3]
(0, (0, 0, 1), (0, 1)): [1301, 3984, 1089, 512, 242, 112, 42, 16, 10, 6, 4, 1, 0, 1]
(0, (0, 0, 1), (0, 2)): [600, 1496, 382, 178, 79, 43, 17, 6, 7, 0, 1]
(0, (0, 0, 1), (1, 0)): [1201, 4235, 1208, 663, 335, 146, 67, 24, 10, 6, 7]
(0, (0, 0, 1), (1, 1)): [1136, 3632, 982, 501, 263, 116, 42, 15, 6, 10, 3, 1, 0, 1]
(0, (0, 0, 1), (1, 2)): [930, 2344, 610, 301, 134, 68, 24, 10, 5, 4, 2]
(0, (0, 0, 1), (2, 0)): [452, 1555, 481, 292, 132, 61, 29, 13, 5, 2, 5]
(0, (0, 0, 1), (2, 1)): [606, 2076, 599, 345, 172, 74, 35, 12, 6, 7, 2, 1]
(0, (0, 0, 1), (2, 2)): [826, 2147, 582, 290, 149, 68, 23, 9, 4, 4, 2]
(0, (0, 0, 1), (3, 0)): [151, 523, 151, 120, 49, 25, 12, 3, 1, 0, 3]
(0, (0, 0, 1), (3, 1)): [252, 894, 264, 209, 92, 38, 23, 4, 3, 5, 0, 1]
(0, (0, 0, 1), (3, 2)): [457, 1311, 361, 248, 127, 52, 20, 4, 3, 3, 1]
(0, (0, 1, 0), (0, 0)): [88624, 82551, 32798, 16323, 7719, 3378, 1462, 603, 252, 131, 45, 19, 9, 6, 3, 0, 1]
(0, (0, 1, 0), (0, 1)): [18612, 16110, 6464, 3135, 1446, 624, 285, 113, 43, 25, 9, 4, 3, 1, 1]
(0, (0, 1, 0), (0, 2)): [7721, 5693, 2282, 1062, 497, 221, 104, 39, 16, 6, 0, 1, 2]
(0, (0, 1, 0), (1, 0)): [17218, 16207, 6880, 3695, 1735, 812, 333, 141, 60, 22, 10, 5, 2, 2, 1, 0, 1]
(0, (0, 1, 0), (1, 1)): [15827, 13703, 5686, 2906, 1352, 587, 257, 108, 35, 26, 11, 4, 1, 2, 1]
(0, (0, 1, 0), (1, 2)): [11339, 8598, 3568, 1758, 777, 343, 140, 72, 21, 9, 3, 3, 2, 0, 1]
(0, (0, 1, 0), (2, 0)): [6264, 5777, 2632, 1498, 704, 365, 136, 65, 26, 6, 2, 4, 2, 1, 0, 0, 1]
(0, (0, 1, 0), (2, 1)): [8542, 7606, 3313, 1719, 856, 398, 181, 61, 25, 18, 6, 3, 1, 1, 0, 0, 1]
(0, (0, 1, 0), (2, 2)): [9500, 7366, 3182, 1543, 731, 327, 147, 57, 23, 10, 5, 3, 1, 0, 1, 0, 1]
(0, (0, 1, 0), (3, 0)): [2150, 1716, 901, 625, 281, 158, 60, 35, 12, 2, 0, 1, 1]
(0, (0, 1, 0), (3, 1)): [3774, 3116, 1518, 995, 470, 227, 86, 43, 9, 6, 2, 2, 0, 1]
(0, (0, 1, 0), (3, 2)): [5615, 4256, 2005, 1128, 551, 265, 128, 45, 11, 11, 3, 1, 0, 0, 1, 0, 1]
(0, (0, 1, 1), (0, 0)): [6975, 12289, 14473, 6792, 3577, 1731, 741, 323, 162, 68, 23, 16, 4, 4, 2, 0, 1, 1]
(0, (0, 1, 1), (0, 1)): [1442, 2402, 2671, 1214, 645, 305, 137, 56, 25, 12, 4, 4, 1, 0, 0, 0, 1]
(0, (0, 1, 1), (0, 2)): [694, 931, 990, 449, 240, 115, 50, 25, 7, 4, 1, 2]
(0, (0, 1, 1), (1, 0)): [1326, 2479, 2931, 1477, 778, 407, 164, 70, 39, 13, 8, 6, 1, 1, 1]
(0, (0, 1, 1), (1, 1)): [1164, 2083, 2373, 1089, 582, 265, 119, 41, 19, 8, 6, 3, 2, 0, 0, 0, 1]
(0, (0, 1, 1), (1, 2)): [981, 1367, 1483, 650, 383, 174, 71, 30, 15, 2, 2, 3, 1, 0, 0, 0, 1]
(0, (0, 1, 1), (2, 0)): [537, 1054, 1098, 614, 362, 212, 76, 34, 25, 8, 4, 2, 0, 1, 1]
(0, (0, 1, 1), (2, 1)): [590, 1143, 1304, 640, 301, 165, 66, 32, 13, 9, 6, 1, 1, 0, 1]
(0, (0, 1, 1), (2, 2)): [771, 1186, 1279, 593, 316, 148, 56, 26, 13, 7, 2, 3, 1, 0, 0, 0, 1]
(0, (0, 1, 1), (3, 0)): [281, 490, 461, 301, 204, 106, 40, 12, 16, 2, 1, 2, 0, 1]
(0, (0, 1, 1), (3, 1)): [240, 462, 524, 285, 176, 98, 39, 16, 12, 4, 2, 1, 0, 0, 1]
(0, (0, 1, 1), (3, 2)): [437, 664, 719, 398, 196, 112, 47, 22, 12, 4, 3, 0, 1, 0, 0, 0, 1]
(0, (1, 0, 0), (0, 0)): [492168, 161179, 106388, 53098, 25516, 11365, 4775, 2041, 853, 373, 178, 72, 26, 17, 4, 1, 1, 1]
(0, (1, 0, 0), (0, 1)): [95306, 27660, 19230, 9502, 4517, 1965, 834, 326, 158, 60, 29, 12, 1, 3]
(0, (1, 0, 0), (0, 2)): [37444, 9421, 6655, 3106, 1429, 621, 278, 111, 49, 23, 11, 3]
(0, (1, 0, 0), (1, 0)): [79270, 27420, 19590, 10273, 5103, 2249, 944, 417, 159, 78, 46, 13, 3, 6, 2, 0, 1]
(0, (1, 0, 0), (1, 1)): [71671, 22107, 15605, 7996, 3785, 1716, 717, 295, 126, 50, 28, 10, 1, 4, 1]
(0, (1, 0, 0), (1, 2)): [48765, 13028, 9195, 4566, 2093, 915, 404, 166, 77, 25, 9, 5, 0, 0, 1]
(0, (1, 0, 0), (2, 0)): [24552, 9334, 7005, 3864, 1994, 883, 360, 156, 52, 41, 22, 5, 3, 3, 0, 0, 1]
(0, (1, 0, 0), (2, 1)): [34338, 11515, 8354, 4432, 2205, 998, 406, 180, 75, 41, 22, 6, 0, 6, 0, 0, 1]
(0, (1, 0, 0), (2, 2)): [35382, 10265, 7304, 3648, 1757, 741, 367, 145, 68, 27, 13, 4, 0, 3]
(0, (1, 0, 0), (3, 0)): [6306, 2954, 2275, 1511, 776, 344, 148, 52, 24, 18, 8, 2, 2]
(0, (1, 0, 0), (3, 1)): [12267, 4957, 3677, 2265, 1135, 547, 217, 97, 37, 19, 12, 3, 2, 2]
(0, (1, 0, 0), (3, 2)): [16715, 6083, 4272, 2445, 1212, 505, 255, 110, 49, 19, 10, 5, 0, 1]
(0, (1, 0, 1), (0, 0)): [11456, 35084, 14134, 10269, 5361, 2499, 1186, 486, 234, 100, 51, 19, 11, 3, 2, 0, 0, 1]
(0, (1, 0, 1), (0, 1)): [2229, 5841, 2391, 1802, 892, 425, 196, 75, 39, 15, 8, 1, 4, 1]
(0, (1, 0, 1), (0, 2)): [1063, 2137, 865, 635, 300, 144, 64, 26, 13, 1, 2, 1, 2, 1]
(0, (1, 0, 1), (1, 0)): [1821, 5976, 2416, 1859, 993, 491, 214, 92, 49, 26, 15, 2, 1, 1, 1]
(0, (1, 0, 1), (1, 1)): [1708, 4645, 1951, 1427, 729, 330, 153, 67, 40, 18, 8, 1, 1]
(0, (1, 0, 1), (1, 2)): [1404, 2842, 1200, 834, 425, 191, 85, 39, 22, 5, 2, 1, 2]
(0, (1, 0, 1), (2, 0)): [593, 2018, 816, 670, 369, 205, 82, 36, 18, 13, 5, 1]
(0, (1, 0, 1), (2, 1)): [793, 2356, 1005, 757, 396, 214, 89, 35, 22, 16, 6]
(0, (1, 0, 1), (2, 2)): [1035, 2178, 952, 688, 339, 173, 82, 39, 12, 10, 3]
(0, (1, 0, 1), (3, 0)): [195, 609, 279, 195, 138, 84, 29, 14, 8, 3, 1, 1]
(0, (1, 0, 1), (3, 1)): [310, 822, 425, 322, 207, 105, 41, 20, 15, 9, 3]
(0, (1, 0, 1), (3, 2)): [506, 1105, 578, 384, 246, 124, 54, 26, 15, 11, 5]
(0, (1, 1, 0), (0, 0)): [71157, 44495, 32553, 24096, 12844, 5998, 2579, 1185, 496, 223, 102, 44, 13, 6, 1, 0, 1]
(0, (1, 1, 0), (0, 1)): [15238, 8239, 5622, 4371, 2385, 1034, 488, 204, 82, 29, 17, 10, 1, 1, 1, 0, 1]
(0, (1, 1, 0), (0, 2)): [6417, 2999, 1959, 1547, 820, 361, 154, 83, 32, 13, 6, 2]
(0, (1, 1, 0), (1, 0)): [11758, 7581, 5578, 4490, 2376, 1140, 489, 222, 92, 41, 21, 7, 3, 3]
(0, (1, 1, 0), (1, 1)): [11194, 6358, 4525, 3615, 1878, 841, 389, 161, 50, 24, 18, 4, 2, 2, 1, 0, 1]
(0, (1, 1, 0), (1, 2)): [8340, 3971, 2741, 2232, 1136, 487, 218, 96, 36, 20, 5, 3, 0, 1, 0, 0, 1]
(0, (1, 1, 0), (2, 0)): [3443, 2538, 1898, 1536, 914, 463, 200, 92, 42, 14, 7, 5, 0, 1]
(0, (1, 1, 0), (2, 1)): [5162, 3230, 2375, 1910, 1069, 476, 223, 96, 42, 13, 12, 5, 2, 0, 1]
(0, (1, 1, 0), (2, 2)): [5925, 3119, 2196, 1763, 950, 413, 187, 95, 32, 18, 7, 2, 0, 0, 0, 0, 1]
(0, (1, 1, 0), (3, 0)): [780, 812, 655, 506, 352, 183, 79, 34, 14, 6, 3, 2, 0, 1]
(0, (1, 1, 0), (3, 1)): [1767, 1358, 1051, 864, 579, 290, 127, 50, 23, 9, 6, 2, 2, 0, 1]
(0, (1, 1, 0), (3, 2)): [2758, 1758, 1343, 1088, 671, 314, 133, 74, 22, 11, 6, 0, 0, 0, 0, 0, 1]
(0, (1, 1, 1), (0, 0)): [6780, 13374, 10638, 7660, 6361, 3158, 1472, 689, 329, 134, 67, 25, 7, 4, 1, 0, 1]
(0, (1, 1, 1), (0, 1)): [1611, 2735, 2097, 1422, 1237, 608, 262, 132, 67, 24, 11, 5, 3, 1]
(0, (1, 1, 1), (0, 2)): [855, 1080, 773, 532, 452, 212, 87, 46, 23, 8, 8, 2, 1]
(0, (1, 1, 1), (1, 0)): [1050, 2401, 1938, 1372, 1159, 624, 286, 107, 62, 30, 12, 4, 0, 1, 0, 0, 1]
(0, (1, 1, 1), (1, 1)): [1084, 2132, 1643, 1104, 968, 523, 236, 111, 55, 22, 6, 4, 1, 1, 0, 0, 1]
(0, (1, 1, 1), (1, 2)): [1009, 1457, 1085, 715, 629, 293, 128, 63, 30, 13, 5, 4, 0, 1, 0, 0, 1]
(0, (1, 1, 1), (2, 0)): [294, 705, 654, 499, 428, 231, 93, 40, 18, 13, 5, 2, 0, 1]
(0, (1, 1, 1), (2, 1)): [486, 986, 847, 587, 488, 288, 122, 60, 37, 13, 4, 0, 1]
(0, (1, 1, 1), (2, 2)): [652, 1083, 844, 573, 478, 253, 111, 60, 29, 14, 3, 2, 1]
(0, (1, 1, 1), (3, 0)): [54, 182, 173, 178, 130, 85, 41, 19, 5, 5, 3, 1, 0, 1]
(0, (1, 1, 1), (3, 1)): [138, 343, 338, 251, 218, 128, 64, 26, 12, 7, 2, 1, 0, 1]
(0, (1, 1, 1), (3, 2)): [245, 521, 466, 336, 306, 161, 93, 36, 19, 8, 2, 1, 1, 1]
(1, (0, 0, 0), (0, 0)): [1946512, 219217, 89473, 35621, 13928, 5313, 2064, 727, 266, 107, 37, 23, 8, 3, 0, 1]
(1, (0, 0, 0), (0, 1)): [422518, 44262, 17830, 7077, 2776, 1042, 394, 143, 45, 16, 5, 5, 1, 1]
(1, (0, 0, 0), (0, 2)): [167605, 14756, 5963, 2204, 874, 324, 108, 39, 6, 5, 1, 3]
(1, (0, 0, 0), (1, 0)): [350609, 44786, 18714, 7598, 3056, 1166, 446, 143, 59, 23, 6, 3, 0, 0, 0, 1]
(1, (0, 0, 0), (1, 1)): [353019, 39889, 16230, 6501, 2591, 933, 402, 135, 47, 14, 7, 2, 1, 1]
(1, (0, 0, 0), (1, 2)): [249095, 23576, 9452, 3666, 1471, 527, 204, 61, 20, 8, 2, 2, 1]
(1, (0, 0, 0), (2, 0)): [115710, 16600, 7464, 3171, 1268, 499, 184, 59, 27, 13, 2, 2, 0, 0, 0, 1]
(1, (0, 0, 0), (2, 1)): [182677, 23132, 9916, 3999, 1651, 620, 218, 86, 22, 16, 6, 2]
(1, (0, 0, 0), (2, 2)): [201511, 21228, 8910, 3596, 1404, 518, 187, 70, 24, 8, 2, 1]
(1, (0, 0, 0), (3, 0)): [33843, 5415, 3010, 1347, 508, 216, 96, 25, 18, 6, 1, 1, 0, 0, 0, 1]
(1, (0, 0, 0), (3, 1)): [71982, 10750, 5364, 2293, 949, 372, 125, 47, 16, 6, 3]
(1, (0, 0, 0), (3, 2)): [109391, 13744, 6712, 2732, 1135, 417, 146, 61, 17, 8, 4]
(1, (0, 0, 1), (0, 0)): [51160, 73167, 14722, 6499, 2639, 1088, 422, 153, 72, 23, 14, 9, 4, 2]
(1, (0, 0, 1), (0, 1)): [9732, 11875, 2421, 1025, 363, 158, 82, 23, 4, 1, 3, 1]
(1, (0, 0, 1), (0, 2)): [4352, 3984, 787, 312, 119, 50, 23, 3, 3, 0, 1, 1]
(1, (0, 0, 1), (1, 0)): [9906, 14551, 3095, 1556, 633, 274, 90, 36, 24, 5, 2, 1]
(1, (0, 0, 1), (1, 1)): [8760, 11119, 2307, 1049, 393, 155, 71, 24, 7, 3, 1, 1]
(1, (0, 0, 1), (1, 2)): [6724, 6350, 1326, 564, 215, 87, 44, 8, 5, 1, 1, 2]
(1, (0, 0, 1), (2, 0)): [4108, 5897, 1359, 792, 327, 148, 52, 22, 14, 3, 1]
(1, (0, 0, 1), (2, 1)): [4966, 6545, 1417, 727, 279, 114, 39, 23, 7, 2, 1]
(1, (0, 0, 1), (2, 2)): [5862, 5804, 1269, 592, 208, 80, 44, 13, 3, 1, 2, 2]
(1, (0, 0, 1), (3, 0)): [1920, 2376, 619, 437, 182, 90, 29, 10, 6, 1, 1]
(1, (0, 0, 1), (3, 1)): [2208, 2852, 724, 400, 169, 80, 25, 15, 4, 2]
(1, (0, 0, 1), (3, 2)): [3524, 3585, 884, 475, 180, 81, 41, 12, 3, 0, 1]
(1, (0, 1, 0), (0, 0)): [259158, 111081, 41650, 18149, 7362, 2949, 1058, 450, 134, 70, 35, 10, 10, 2, 1]
(1, (0, 1, 0), (0, 1)): [50533, 19413, 7419, 3047, 1249, 519, 183, 81, 18, 13, 7, 1, 1]
(1, (0, 1, 0), (0, 2)): [20348, 6877, 2535, 953, 402, 172, 57, 24, 7, 4, 1, 1, 1]
(1, (0, 1, 0), (1, 0)): [51751, 21701, 8750, 4358, 1762, 716, 271, 103, 43, 18, 8, 0, 0, 1]
(1, (0, 1, 0), (1, 1)): [44865, 17513, 6879, 3104, 1241, 492, 193, 68, 21, 7, 6, 0, 0, 1]
(1, (0, 1, 0), (1, 2)): [31071, 10732, 3999, 1676, 653, 258, 96, 45, 13, 7, 1, 1]
(1, (0, 1, 0), (2, 0)): [21331, 8673, 3777, 2179, 926, 373, 132, 60, 23, 12, 6]
(1, (0, 1, 0), (2, 1)): [25698, 10111, 4297, 2086, 894, 346, 137, 47, 16, 7, 5, 0, 0, 1]
(1, (0, 1, 0), (2, 2)): [26794, 9348, 3758, 1669, 673, 274, 97, 36, 11, 6, 3]
(1, (0, 1, 0), (3, 0)): [9355, 3477, 1629, 1187, 513, 211, 74, 32, 11, 7, 2]
(1, (0, 1, 0), (3, 1)): [11870, 4409, 2127, 1303, 558, 207, 93, 42, 16, 6, 3, 0, 0, 1]
(1, (0, 1, 0), (3, 2)): [16396, 5720, 2605, 1387, 607, 210, 93, 34, 9, 7, 3, 0, 0, 1]
(1, (0, 1, 1), (0, 0)): [40102, 33964, 28929, 11865, 6173, 2461, 995, 404, 165, 56, 21, 10, 3, 2, 0, 1]
(1, (0, 1, 1), (0, 1)): [7041, 5315, 4495, 1805, 835, 307, 143, 69, 16, 2, 5, 1]
(1, (0, 1, 1), (0, 2)): [3378, 1704, 1623, 644, 295, 98, 52, 27, 3, 0, 4]
(1, (0, 1, 1), (1, 0)): [8476, 7683, 5803, 2643, 1573, 660, 265, 97, 36, 17, 4, 2, 1]
(1, (0, 1, 1), (1, 1)): [5969, 4806, 3948, 1631, 807, 294, 119, 52, 17, 7, 0, 2]
(1, (0, 1, 1), (1, 2)): [4942, 2768, 2482, 962, 483, 169, 73, 34, 7, 4, 3, 1]
(1, (0, 1, 1), (2, 0)): [4599, 4006, 2863, 1439, 1009, 450, 185, 66, 26, 10, 4, 1]
(1, (0, 1, 1), (2, 1)): [3212, 2712, 2230, 1000, 499, 205, 86, 25, 10, 3, 1]
(1, (0, 1, 1), (2, 2)): [4097, 2427, 2154, 891, 437, 155, 64, 21, 6, 1, 3, 1]
(1, (0, 1, 1), (3, 0)): [3256, 2614, 1699, 967, 819, 359, 142, 57, 22, 7, 3, 1]
(1, (0, 1, 1), (3, 1)): [1359, 1221, 957, 462, 280, 144, 51, 23, 9, 3]
(1, (0, 1, 1), (3, 2)): [2287, 1562, 1224, 602, 362, 129, 49, 20, 7, 2, 2, 1]
(1, (1, 0, 0), (0, 0)): [718880, 125136, 84257, 35966, 14634, 5825, 2308, 837, 330, 140, 50, 32, 7, 3, 0, 2]
(1, (1, 0, 0), (0, 1)): [139860, 21526, 15067, 6435, 2534, 1005, 397, 159, 45, 19, 9, 4, 1]
(1, (1, 0, 0), (0, 2)): [54476, 7220, 4900, 2035, 786, 353, 134, 47, 11, 6, 4]
(1, (1, 0, 0), (1, 0)): [124775, 23105, 16669, 7498, 3090, 1247, 516, 181, 61, 30, 10, 4, 2, 0, 0, 1]
(1, (1, 0, 0), (1, 1)): [110804, 18224, 12985, 5728, 2247, 866, 369, 136, 43, 20, 8, 6, 1, 0, 0, 1]
(1, (1, 0, 0), (1, 2)): [74583, 10593, 7368, 3144, 1200, 474, 195, 72, 21, 8, 6, 1]
(1, (1, 0, 0), (2, 0)): [40547, 8210, 6127, 3035, 1284, 518, 220, 73, 31, 10, 3, 0, 1]
(1, (1, 0, 0), (2, 1)): [55013, 9921, 7184, 3498, 1364, 555, 233, 79, 26, 10, 5, 4, 1, 0, 0, 1]
(1, (1, 0, 0), (2, 2)): [56069, 8700, 6034, 2788, 1099, 435, 176, 66, 17, 8, 3, 1, 1]
(1, (1, 0, 0), (3, 0)): [11365, 2684, 1952, 1180, 529, 208, 95, 26, 13, 5, 1, 0, 1]
(1, (1, 0, 0), (3, 1)): [21085, 4546, 3211, 1886, 754, 292, 143, 35, 19, 5, 3, 1, 0, 0, 0, 1]
(1, (1, 0, 0), (3, 2)): [28073, 5495, 3660, 1994, 775, 309, 143, 42, 19, 9, 4, 2, 1, 0, 0, 1]
(1, (1, 0, 1), (0, 0)): [58491, 65724, 21039, 14567, 6287, 2629, 1037, 403, 144, 80, 23, 10, 2, 1]
(1, (1, 0, 1), (0, 1)): [11897, 10730, 3413, 2441, 1029, 430, 157, 58, 27, 11, 4, 1, 2]
(1, (1, 0, 1), (0, 2)): [5329, 3590, 1186, 859, 357, 137, 68, 26, 9, 5, 3, 0, 1]
(1, (1, 0, 1), (1, 0)): [10155, 11227, 3774, 2782, 1293, 544, 208, 87, 31, 18, 1, 3]
(1, (1, 0, 1), (1, 1)): [9144, 8711, 2868, 2066, 853, 385, 131, 41, 18, 7, 1, 3, 1]
(1, (1, 0, 1), (1, 2)): [6848, 4973, 1716, 1214, 481, 203, 83, 36, 11, 5, 3]
(1, (1, 0, 1), (2, 0)): [3460, 3731, 1343, 1016, 526, 221, 87, 42, 11, 8, 0, 1]
(1, (1, 0, 1), (2, 1)): [4552, 4395, 1489, 1116, 544, 216, 77, 24, 13, 7, 0, 3]
(1, (1, 0, 1), (2, 2)): [5062, 3810, 1388, 978, 451, 166, 72, 23, 13, 5, 1]
(1, (1, 0, 1), (3, 0)): [1141, 1206, 472, 351, 212, 106, 35, 13, 1, 4]
(1, (1, 0, 1), (3, 1)): [1684, 1697, 678, 508, 278, 128, 36, 17, 2, 4, 0, 2]
(1, (1, 0, 1), (3, 2)): [2507, 2149, 869, 596, 349, 126, 49, 17, 10, 4, 0, 2]
(1, (1, 1, 0), (0, 0)): [203136, 60760, 40310, 29955, 12595, 5241, 2050, 813, 320, 132, 48, 26, 10, 5, 1]
(1, (1, 1, 0), (0, 1)): [42455, 10995, 7004, 5482, 2280, 954, 345, 148, 64, 23, 10, 4, 1]
(1, (1, 1, 0), (0, 2)): [17509, 4003, 2390, 1920, 774, 303, 99, 47, 18, 4, 3]
(1, (1, 1, 0), (1, 0)): [35405, 11324, 7581, 5936, 2589, 1065, 473, 166, 45, 29, 12, 4, 2, 1]
(1, (1, 1, 0), (1, 1)): [33133, 9226, 6202, 4760, 2006, 835, 317, 137, 50, 25, 10, 4, 1]
(1, (1, 1, 0), (1, 2)): [23818, 5729, 3596, 2780, 1152, 428, 156, 78, 30, 7, 7, 2, 1]
(1, (1, 1, 0), (2, 0)): [11337, 4210, 2642, 2135, 1072, 457, 212, 67, 20, 14, 7, 2, 2, 1]
(1, (1, 1, 0), (2, 1)): [16323, 5109, 3451, 2674, 1236, 537, 220, 70, 32, 15, 7, 2, 1]
(1, (1, 1, 0), (2, 2)): [17994, 4759, 3048, 2342, 1068, 443, 161, 68, 30, 9, 3, 2, 1]
(1, (1, 1, 0), (3, 0)): [2901, 1503, 955, 661, 437, 184, 84, 34, 4, 6, 1, 2, 1]
(1, (1, 1, 0), (3, 1)): [5917, 2497, 1676, 1252, 689, 306, 122, 40, 15, 10, 4, 2, 1]
(1, (1, 1, 0), (3, 2)): [8928, 3026, 2039, 1516, 794, 318, 110, 46, 24, 10, 2, 1, 1]
(1, (1, 1, 1), (0, 0)): [41619, 33261, 20633, 13346, 10411, 4437, 1808, 670, 281, 102, 34, 22, 9, 4, 1, 1]
(1, (1, 1, 1), (0, 1)): [9382, 6281, 3774, 2423, 1970, 795, 324, 115, 55, 18, 5, 1, 0, 1]
(1, (1, 1, 1), (0, 2)): [4553, 2224, 1367, 893, 689, 258, 108, 29, 11, 9, 2, 0, 0, 1]
(1, (1, 1, 1), (1, 0)): [6703, 6105, 3694, 2384, 2066, 914, 413, 142, 55, 18, 8, 7, 2]
(1, (1, 1, 1), (1, 1)): [6763, 5089, 3121, 1997, 1621, 685, 311, 112, 47, 12, 4, 3]
(1, (1, 1, 1), (1, 2)): [5583, 3039, 1965, 1243, 964, 416, 173, 57, 25, 10, 2, 3, 0, 1]
(1, (1, 1, 1), (2, 0)): [1747, 2062, 1292, 811, 754, 371, 169, 61, 21, 9, 3, 3, 1]
(1, (1, 1, 1), (2, 1)): [2917, 2724, 1632, 1040, 882, 403, 182, 61, 29, 9, 3, 2]
(1, (1, 1, 1), (2, 2)): [3767, 2478, 1592, 1002, 824, 359, 162, 53, 25, 11, 1, 3, 0, 1]
(1, (1, 1, 1), (3, 0)): [293, 636, 460, 275, 222, 136, 64, 26, 6, 3, 0, 1, 1]
(1, (1, 1, 1), (3, 1)): [752, 1169, 761, 469, 395, 210, 83, 34, 17, 4, 2, 1, 1]
(1, (1, 1, 1), (3, 2)): [1447, 1472, 973, 604, 495, 260, 106, 38, 16, 5, 2, 1, 0, 1]
(2, (0, 0, 0), (0, 0)): [1702071, 81710, 27008, 8673, 2901, 906, 308, 104, 20, 9, 5, 0, 1]
(2, (0, 0, 0), (0, 1)): [365733, 15297, 5071, 1631, 587, 168, 55, 18, 4, 1]
(2, (0, 0, 0), (0, 2)): [143729, 4220, 1454, 466, 172, 44, 4, 8, 1]
(2, (0, 0, 0), (1, 0)): [318231, 18665, 6301, 2014, 692, 189, 77, 20, 7, 0, 0, 0, 1]
(2, (0, 0, 0), (1, 1)): [313587, 14980, 5074, 1587, 581, 176, 69, 14, 5]
(2, (0, 0, 0), (1, 2)): [216519, 7363, 2550, 844, 292, 87, 27, 8, 1]
(2, (0, 0, 0), (2, 0)): [110381, 7288, 2933, 904, 312, 82, 31, 7, 3, 0, 0, 0, 1]
(2, (0, 0, 0), (2, 1)): [169419, 9450, 3614, 1053, 377, 113, 47, 10, 5]
(2, (0, 0, 0), (2, 2)): [182316, 7462, 2819, 875, 296, 90, 31, 7, 1]
(2, (0, 0, 0), (3, 0)): [34144, 2445, 1306, 419, 143, 38, 12, 4, 0, 0, 0, 0, 1]
(2, (0, 0, 0), (3, 1)): [70418, 4717, 2259, 709, 224, 66, 22, 7, 3]
(2, (0, 0, 0), (3, 2)): [105303, 5545, 2603, 789, 262, 87, 28, 7, 2]
(2, (0, 0, 1), (0, 0)): [157630, 45078, 9776, 3370, 1186, 418, 119, 41, 9, 6, 0, 2]
(2, (0, 0, 1), (0, 1)): [31204, 7308, 1609, 537, 180, 75, 16, 5, 1, 3]
(2, (0, 0, 1), (0, 2)): [12766, 2240, 477, 160, 55, 22, 5, 0, 0, 1]
(2, (0, 0, 1), (1, 0)): [33885, 9149, 2338, 919, 335, 105, 38, 16, 3, 1, 0, 1]
(2, (0, 0, 1), (1, 1)): [28784, 7034, 1590, 608, 200, 74, 17, 8, 1, 2]
(2, (0, 0, 1), (1, 2)): [20177, 3750, 807, 284, 112, 37, 8, 4, 0, 2]
(2, (0, 0, 1), (2, 0)): [14677, 3804, 1135, 513, 198, 58, 21, 9, 2, 1, 0, 1]
(2, (0, 0, 1), (2, 1)): [17130, 4366, 1151, 473, 164, 45, 17, 8, 0, 2]
(2, (0, 0, 1), (2, 2)): [18308, 3707, 907, 336, 124, 41, 8, 4]
(2, (0, 0, 1), (3, 0)): [6963, 1535, 557, 322, 112, 39, 13, 2, 2, 0, 0, 1]
(2, (0, 0, 1), (3, 1)): [8050, 2024, 648, 343, 109, 31, 13, 4, 0, 1]
(2, (0, 0, 1), (3, 2)): [11589, 2560, 738, 341, 122, 33, 12, 3, 0, 1]
(2, (0, 1, 0), (0, 0)): [416698, 84863, 24307, 8685, 2935, 940, 293, 87, 21, 13, 7, 0, 1]
(2, (0, 1, 0), (0, 1)): [81656, 14012, 3980, 1279, 483, 135, 44, 10, 6, 3, 1]
(2, (0, 1, 0), (0, 2)): [33287, 4237, 1204, 357, 123, 28, 11, 2, 3, 1]
(2, (0, 1, 0), (1, 0)): [88751, 17331, 5889, 2476, 797, 245, 91, 30, 1, 2, 0, 0, 1]
(2, (0, 1, 0), (1, 1)): [74238, 13294, 4054, 1418, 518, 139, 59, 14, 3, 2, 1]
(2, (0, 1, 0), (1, 2)): [52009, 7118, 2045, 703, 240, 54, 30, 7, 1, 1]
(2, (0, 1, 0), (2, 0)): [39446, 7307, 2778, 1471, 482, 151, 48, 19, 1, 2, 0, 0, 1]
(2, (0, 1, 0), (2, 1)): [43561, 8122, 2710, 1070, 378, 106, 34, 7, 2, 2, 1, 0, 1]
(2, (0, 1, 0), (2, 2)): [46276, 6816, 2116, 813, 286, 75, 34, 9, 0, 2]
(2, (0, 1, 0), (3, 0)): [19826, 3119, 1383, 979, 307, 100, 35, 17, 1, 2]
(2, (0, 1, 0), (3, 1)): [20078, 3782, 1459, 761, 269, 75, 27, 6, 2, 1, 1, 0, 1]
(2, (0, 1, 0), (3, 2)): [28926, 4546, 1635, 851, 281, 74, 42, 8, 0, 1, 0, 0, 1]
(2, (0, 1, 1), (0, 0)): [96951, 8006, 19815, 5874, 2316, 776, 258, 81, 25, 7, 5, 1, 0, 1]
(2, (0, 1, 1), (0, 1)): [19526, 1240, 3240, 966, 338, 125, 36, 11, 1, 2]
(2, (0, 1, 1), (0, 2)): [8491, 425, 1014, 305, 116, 35, 13, 2, 0, 2]
(2, (0, 1, 1), (1, 0)): [21511, 2010, 4081, 1513, 676, 240, 75, 23, 6, 0, 3]
(2, (0, 1, 1), (1, 1)): [17332, 1202, 3064, 976, 364, 143, 34, 13, 4, 0, 1]
(2, (0, 1, 1), (1, 2)): [13210, 725, 1750, 511, 204, 67, 16, 4, 1, 2, 1]
(2, (0, 1, 1), (2, 0)): [10259, 1128, 1836, 780, 442, 145, 48, 16, 2, 0, 2]
(2, (0, 1, 1), (2, 1)): [10164, 780, 1862, 643, 294, 98, 26, 9, 3, 0, 1]
(2, (0, 1, 1), (2, 2)): [11805, 758, 1648, 562, 219, 81, 16, 5, 3, 1]
(2, (0, 1, 1), (3, 0)): [5879, 764, 934, 454, 302, 116, 32, 13, 1, 0, 1]
(2, (0, 1, 1), (3, 1)): [4697, 444, 861, 338, 195, 68, 23, 8, 1, 0, 1]
(2, (0, 1, 1), (3, 2)): [7355, 594, 1125, 425, 205, 84, 17, 8, 4, 1]
(2, (1, 0, 0), (0, 0)): [869766, 62576, 43044, 13765, 4533, 1426, 545, 160, 39, 16, 7, 1, 1]
(2, (1, 0, 0), (0, 1)): [168651, 10242, 7097, 2298, 764, 252, 96, 35, 10, 2, 0, 1]
(2, (1, 0, 0), (0, 2)): [65449, 2860, 1929, 653, 200, 60, 27, 9, 4]
(2, (1, 0, 0), (1, 0)): [154211, 12716, 9200, 3186, 1082, 308, 124, 34, 9, 2, 0, 0, 1]
(2, (1, 0, 0), (1, 1)): [137195, 9244, 6532, 2228, 741, 222, 90, 25, 7, 2]
(2, (1, 0, 0), (1, 2)): [91923, 4600, 3038, 1114, 347, 96, 37, 11, 4, 1]
(2, (1, 0, 0), (2, 0)): [51601, 4893, 3434, 1395, 490, 142, 55, 21, 7, 2, 0, 0, 1]
(2, (1, 0, 0), (2, 1)): [70765, 5463, 3953, 1478, 500, 153, 58, 14, 6, 0, 0, 0, 1]
(2, (1, 0, 0), (2, 2)): [71478, 4338, 2837, 1088, 365, 106, 44, 10, 4, 1]
(2, (1, 0, 0), (3, 0)): [15178, 1856, 1079, 623, 208, 61, 23, 12, 3, 2]
(2, (1, 0, 0), (3, 1)): [28365, 2897, 1895, 957, 281, 88, 33, 9, 4, 1, 0, 0, 1]
(2, (1, 0, 0), (3, 2)): [37935, 3232, 1987, 957, 314, 100, 33, 13, 1, 1, 0, 0, 1]
(2, (1, 0, 1), (0, 0)): [154140, 35363, 13949, 9115, 3029, 982, 336, 102, 33, 11, 2, 4, 2]
(2, (1, 0, 1), (0, 1)): [31727, 5976, 2206, 1525, 524, 172, 62, 17, 5, 2, 1, 1, 1]
(2, (1, 0, 1), (0, 2)): [13069, 1788, 659, 420, 158, 45, 13, 6, 1, 1]
(2, (1, 0, 1), (1, 0)): [29340, 6453, 2962, 2068, 769, 217, 77, 20, 3, 2, 0, 1]
(2, (1, 0, 1), (1, 1)): [26123, 5087, 2153, 1479, 546, 169, 60, 17, 4, 2, 1, 2, 1]
(2, (1, 0, 1), (1, 2)): [18354, 2676, 1112, 702, 274, 86, 32, 7, 4, 1, 0, 1]
(2, (1, 0, 1), (2, 0)): [10465, 2234, 1210, 802, 333, 99, 34, 11, 3]
(2, (1, 0, 1), (2, 1)): [13833, 2732, 1352, 875, 382, 114, 37, 14, 0, 1, 0, 1]
(2, (1, 0, 1), (2, 2)): [14319, 2139, 1049, 652, 256, 97, 37, 8, 4, 0, 0, 1]
(2, (1, 0, 1), (3, 0)): [3518, 684, 498, 297, 143, 45, 19, 3, 3]
(2, (1, 0, 1), (3, 1)): [5883, 1106, 692, 444, 247, 53, 28, 6, 3, 1]
(2, (1, 0, 1), (3, 2)): [7964, 1141, 810, 470, 236, 76, 24, 8, 5]
(2, (1, 1, 0), (0, 0)): [344605, 51333, 25886, 18627, 6060, 1914, 654, 222, 66, 30, 10, 3, 2, 1]
(2, (1, 1, 0), (0, 1)): [70648, 8693, 4248, 3224, 1003, 297, 107, 37, 6, 6, 2, 1, 1]
(2, (1, 1, 0), (0, 2)): [29628, 2587, 1269, 940, 299, 86, 31, 14, 2, 3]
(2, (1, 1, 0), (1, 0)): [61667, 9353, 5213, 3994, 1434, 420, 154, 48, 18, 5, 1, 1]
(2, (1, 1, 0), (1, 1)): [58066, 7658, 4001, 3024, 953, 309, 92, 35, 9, 5, 2, 2, 1]
(2, (1, 1, 0), (1, 2)): [42246, 4058, 2120, 1529, 484, 153, 37, 19, 6, 1, 1, 1]
(2, (1, 1, 0), (2, 0)): [21092, 3288, 2093, 1537, 720, 194, 78, 23, 9, 3]
(2, (1, 1, 0), (2, 1)): [30284, 4181, 2477, 1854, 718, 195, 75, 25, 6, 4, 0, 0, 1]
(2, (1, 1, 0), (2, 2)): [33504, 3534, 2057, 1456, 544, 145, 51, 21, 10, 1, 1, 1]
(2, (1, 1, 0), (3, 0)): [6651, 1019, 849, 498, 344, 101, 34, 11, 6, 2]
(2, (1, 1, 0), (3, 1)): [12650, 1810, 1390, 925, 494, 130, 49, 11, 5, 2, 0, 0, 1]
(2, (1, 1, 0), (3, 2)): [18425, 2166, 1671, 1050, 537, 119, 49, 18, 8, 1, 1]
(2, (1, 1, 1), (0, 0)): [102481, 14877, 16875, 8399, 6508, 2020, 687, 238, 79, 19, 10, 4, 1, 1]
(2, (1, 1, 1), (0, 1)): [23428, 2436, 2991, 1491, 1181, 367, 131, 40, 20, 4, 3, 0, 1]
(2, (1, 1, 1), (0, 2)): [10489, 778, 908, 461, 329, 97, 44, 8, 4, 1, 2]
(2, (1, 1, 1), (1, 0)): [17364, 3854, 3269, 1780, 1465, 465, 154, 59, 16, 5, 1, 2]
(2, (1, 1, 1), (1, 1)): [18148, 2578, 2676, 1419, 1119, 357, 122, 40, 16, 5, 1, 0, 1]
(2, (1, 1, 1), (1, 2)): [14319, 1366, 1451, 719, 550, 195, 68, 17, 5, 3, 2]
(2, (1, 1, 1), (2, 0)): [4872, 2183, 1139, 719, 588, 199, 62, 26, 7, 3, 0, 2]
(2, (1, 1, 1), (2, 1)): [8191, 2078, 1497, 926, 711, 250, 77, 23, 10, 2, 0, 0, 1]
(2, (1, 1, 1), (2, 2)): [10213, 1585, 1288, 739, 556, 210, 72, 18, 6, 4, 2]
(2, (1, 1, 1), (3, 0)): [826, 1324, 330, 300, 180, 93, 32, 16, 4, 3, 0, 1]
(2, (1, 1, 1), (3, 1)): [2345, 1727, 603, 515, 370, 139, 51, 12, 5, 3, 0, 1]
(2, (1, 1, 1), (3, 2)): [4337, 1768, 785, 656, 416, 179, 59, 16, 5, 3, 2]
