(0, (0, 0, 0), (0, 0)): [33513, 6942, 3102, 1493, 649, 305, 96, 49, 16, 6, 0, 1, 2, 1]
(0, (0, 0, 0), (0, 1)): [17728, 3353, 1479, 710, 285, 138, 43, 28, 10, 2, 0, 0, 0, 1]
(0, (0, 0, 0), (0, 2)): [7272, 1260, 544, 235, 110, 51, 16, 7, 5, 1, 0, 0, 0, 1]
(0, (0, 0, 0), (1, 0)): [12556, 2810, 1282, 620, 297, 130, 40, 17, 3, 4, 0, 1, 2]
(0, (0, 0, 0), (1, 1)): [13836, 2749, 1227, 592, 258, 114, 37, 21, 4, 0, 0, 1, 1]
(0, (0, 0, 0), (1, 2)): [10422, 1813, 771, 338, 150, 72, 25, 13, 4, 0, 0, 0, 0, 1]
(0, (0, 0, 0), (2, 0)): [3875, 985, 460, 235, 107, 44, 15, 4, 2, 2]
(0, (0, 0, 0), (2, 1)): [6806, 1488, 680, 339, 156, 66, 23, 8, 3, 0, 0, 1, 1]
(0, (0, 0, 0), (2, 2)): [8330, 1545, 718, 341, 143, 64, 21, 8, 5, 0, 0, 1]
(0, (0, 0, 0), (3, 0)): [1073, 304, 174, 98, 43, 18, 5, 2, 1, 2]
(0, (0, 0, 0), (3, 1)): [2468, 628, 308, 179, 65, 32, 15, 2, 3, 1, 0, 0, 1]
(0, (0, 0, 0), (3, 2)): [4319, 931, 461, 234, 87, 48, 13, 6, 4, 1, 0, 1]
(0, (0, 0, 1), (0, 0)): [90, 281, 84, 42, 16, 4, 3, 1, 1, 1]
(0, (0, 0, 1), (0, 1)): [48, 121, 40, 17, 6, 1, 1]
(0, (0, 0, 1), (0, 2)): [23, 47, 16, 4, 2, 0, 1]
(0, (0, 0, 1), (1, 0)): [36, 130, 35, 18, 9, 3, 2, 1, 1, 1]
(0, (0, 0, 1), (1, 1)): [41, 99, 30, 15, 7, 1, 0, 0, 0, 1]
(0, (0, 0, 1), (1, 2)): [32, 68, 27, 9, 4, 0, 1]
(0, (0, 0, 1), (2, 0)): [12, 57, 14, 5, 3, 1, 2, 0, 1]
(0, (0, 0, 1), (2, 1)): [23, 69, 17, 9, 5, 2, 1, 0, 0, 1]
(0, (0, 0, 1), (2, 2)): [29, 66, 21, 11, 5, 2, 1]
(0, (0, 0, 1), (3, 0)): [4, 18, 4, 2, 1]
(0, (0, 0, 1), (3, 1)): [10, 25, 7, 4, 1, 0, 0, 0, 0, 1]
(0, (0, 0, 1), (3, 2)): [18, 42, 15, 10, 3, 1, 1]
(0, (0, 1, 0), (0, 0)): [1355, 1144, 476, 282, 133, 55, 14, 5, 1, 1, 0, 0, 1]
(0, (0, 1, 0), (0, 1)): [638, 517, 192, 124, 50, 21, 6, 2, 1, 1, 0, 0, 1]
(0, (0, 1, 0), (0, 2)): [259, 175, 72, 55, 14, 7, 1, 1, 1, 1, 0, 0, 1]
(0, (0, 1, 0), (1, 0)): [551, 451, 229, 125, 65, 23, 8, 3]
(0, (0, 1, 0), (1, 1)): [551, 433, 183, 106, 52, 15, 8, 2]
(0, (0, 1, 0), (1, 2)): [373, 275, 101, 74, 30, 8, 1, 1, 1, 1, 0, 0, 1]
(0, (0, 1, 0), (2, 0)): [202, 140, 80, 44, 26, 12, 4, 1]
(0, (0, 1, 0), (2, 1)): [297, 223, 107, 64, 31, 12, 6, 1]
(0, (0, 1, 0), (2, 2)): [339, 247, 85, 64, 24, 8, 4, 1]
(0, (0, 1, 0), (3, 0)): [65, 34, 31, 19, 10, 7, 0, 1]
(0, (0, 1, 0), (3, 1)): [119, 73, 47, 38, 24, 7, 1, 1]
(0, (0, 1, 0), (3, 2)): [186, 134, 57, 53, 15, 4, 3, 1]
(0, (0, 1, 1), (0, 0)): [125, 173, 189, 98, 43, 25, 10, 4, 3, 1, 0, 2]
(0, (0, 1, 1), (0, 1)): [60, 81, 74, 40, 13, 12, 3, 1, 1, 0, 0, 1]
(0, (0, 1, 1), (0, 2)): [32, 34, 29, 16, 9, 5, 0, 1, 1]
(0, (0, 1, 1), (1, 0)): [59, 68, 88, 51, 23, 10, 4, 3, 2, 1, 0, 1]
(0, (0, 1, 1), (1, 1)): [54, 59, 59, 40, 10, 6, 3, 0, 0, 1, 0, 2]
(0, (0, 1, 1), (1, 2)): [48, 44, 37, 22, 10, 4, 1, 1, 1, 0, 0, 2]
(0, (0, 1, 1), (2, 0)): [21, 36, 36, 19, 10, 6, 2, 2, 1]
(0, (0, 1, 1), (2, 1)): [25, 35, 47, 20, 4, 6, 2, 1, 1]
(0, (0, 1, 1), (2, 2)): [38, 37, 41, 20, 7, 1, 1, 1, 2, 0, 0, 2]
(0, (0, 1, 1), (3, 0)): [13, 18, 10, 10, 5, 3, 0, 1]
(0, (0, 1, 1), (3, 1)): [8, 14, 16, 7, 2, 6, 2, 1]
(0, (0, 1, 1), (3, 2)): [22, 16, 20, 13, 6, 4, 0, 1, 1]
(0, (1, 0, 0), (0, 0)): [6570, 1909, 1367, 711, 333, 150, 48, 29, 11, 3, 0, 1, 1]
(0, (1, 0, 0), (0, 1)): [3178, 865, 577, 296, 129, 53, 23, 11, 5]
(0, (1, 0, 0), (0, 2)): [1310, 336, 199, 112, 45, 16, 8, 5]
(0, (1, 0, 0), (1, 0)): [2487, 755, 581, 319, 153, 75, 19, 11, 3, 3, 0, 0, 1]
(0, (1, 0, 0), (1, 1)): [2397, 679, 478, 248, 116, 48, 18, 11, 5, 1]
(0, (1, 0, 0), (1, 2)): [1743, 398, 274, 160, 68, 27, 9, 9, 2]
(0, (1, 0, 0), (2, 0)): [760, 248, 200, 115, 56, 32, 9, 2, 1, 2, 0, 0, 1]
(0, (1, 0, 0), (2, 1)): [1096, 348, 253, 130, 70, 32, 9, 6, 3, 2]
(0, (1, 0, 0), (2, 2)): [1300, 340, 224, 120, 63, 23, 9, 6, 1, 1]
(0, (1, 0, 0), (3, 0)): [194, 78, 64, 53, 21, 8, 5, 0, 0, 1, 0, 0, 1]
(0, (1, 0, 0), (3, 1)): [381, 141, 122, 70, 32, 14, 5, 2, 1, 1, 0, 0, 1]
(0, (1, 0, 0), (3, 2)): [595, 189, 139, 99, 36, 15, 7, 3, 1, 1]
(0, (1, 0, 1), (0, 0)): [155, 415, 167, 125, 61, 36, 10, 5, 1, 0, 0, 0, 1]
(0, (1, 0, 1), (0, 1)): [67, 167, 85, 51, 28, 15, 3, 0, 1]
(0, (1, 0, 1), (0, 2)): [40, 72, 41, 21, 10, 5, 2]
(0, (1, 0, 1), (1, 0)): [68, 172, 67, 46, 23, 13, 7, 3]
(0, (1, 0, 1), (1, 1)): [48, 139, 46, 39, 20, 12, 3, 0, 1]
(0, (1, 0, 1), (1, 2)): [46, 97, 43, 18, 9, 8, 3, 0, 1]
(0, (1, 0, 1), (2, 0)): [29, 59, 25, 17, 7, 1, 3, 3]
(0, (1, 0, 1), (2, 1)): [26, 72, 18, 17, 9, 6, 3, 1]
(0, (1, 0, 1), (2, 2)): [32, 70, 24, 14, 10, 6, 4]
(0, (1, 0, 1), (3, 0)): [18, 11, 10, 7, 1, 0, 0, 2]
(0, (1, 0, 1), (3, 1)): [11, 26, 11, 6, 2, 2, 0, 1]
(0, (1, 0, 1), (3, 2)): [18, 25, 12, 8, 5, 3, 2, 1]
(0, (1, 1, 0), (0, 0)): [1015, 569, 375, 345, 165, 71, 26, 15, 5, 2, 0, 2, 1]
(0, (1, 1, 0), (0, 1)): [526, 257, 153, 157, 60, 30, 12, 10, 4, 1, 0, 2, 1]
(0, (1, 1, 0), (0, 2)): [219, 106, 54, 68, 24, 10, 5, 4, 2, 1]
(0, (1, 1, 0), (1, 0)): [370, 221, 151, 145, 77, 31, 10, 3, 1, 1]
(0, (1, 1, 0), (1, 1)): [387, 202, 124, 107, 61, 20, 7, 5, 1, 1, 0, 2]
(0, (1, 1, 0), (1, 2)): [296, 142, 90, 82, 30, 12, 6, 1, 1, 2, 0, 1]
(0, (1, 1, 0), (2, 0)): [106, 64, 51, 55, 26, 14, 4, 2]
(0, (1, 1, 0), (2, 1)): [172, 97, 59, 60, 38, 13, 3, 3, 1, 0, 0, 1]
(0, (1, 1, 0), (2, 2)): [239, 114, 59, 72, 29, 12, 4, 4, 1, 1, 0, 1]
(0, (1, 1, 0), (3, 0)): [23, 22, 15, 25, 9, 5, 2]
(0, (1, 1, 0), (3, 1)): [59, 43, 28, 33, 20, 8, 1, 0, 1]
(0, (1, 1, 0), (3, 2)): [135, 65, 40, 43, 28, 8, 2, 2, 1, 1]
(0, (1, 1, 1), (0, 0)): [138, 190, 140, 96, 67, 40, 19, 11, 3, 1, 0, 1]
(0, (1, 1, 1), (0, 1)): [76, 92, 56, 52, 33, 11, 6, 4, 1, 1]
(0, (1, 1, 1), (0, 2)): [43, 40, 18, 23, 15, 4, 2, 2]
(0, (1, 1, 1), (1, 0)): [43, 73, 59, 32, 22, 24, 8, 7, 1, 0, 0, 1]
(0, (1, 1, 1), (1, 1)): [51, 65, 56, 31, 23, 17, 5, 4, 1, 1, 0, 1]
(0, (1, 1, 1), (1, 2)): [48, 39, 30, 30, 14, 9, 3, 3, 0, 1, 0, 1]
(0, (1, 1, 1), (2, 0)): [9, 23, 16, 9, 7, 5, 4, 4, 1]
(0, (1, 1, 1), (2, 1)): [22, 31, 28, 12, 12, 10, 5, 3, 1]
(0, (1, 1, 1), (2, 2)): [26, 39, 25, 19, 9, 9, 3, 1, 0, 0, 0, 1]
(0, (1, 1, 1), (3, 0)): [0, 6, 2, 5, 3, 0, 1, 0, 1]
(0, (1, 1, 1), (3, 1)): [7, 8, 11, 6, 9, 2, 2, 0, 2]
(0, (1, 1, 1), (3, 2)): [10, 20, 11, 9, 11, 6, 3, 1, 1]
(1, (0, 0, 0), (0, 0)): [28007, 3290, 1268, 523, 191, 93, 29, 12, 3, 1]
(1, (0, 0, 0), (0, 1)): [14795, 1585, 617, 235, 84, 43, 9, 6, 3, 1]
(1, (0, 0, 0), (0, 2)): [6273, 567, 214, 83, 28, 13, 4, 2, 3, 1]
(1, (0, 0, 0), (1, 0)): [10573, 1335, 559, 229, 85, 39, 14, 4]
(1, (0, 0, 0), (1, 1)): [11611, 1303, 555, 206, 70, 35, 10, 6]
(1, (0, 0, 0), (1, 2)): [8942, 828, 334, 124, 45, 19, 4, 3, 3, 1]
(1, (0, 0, 0), (2, 0)): [3431, 485, 215, 96, 41, 12, 7, 1]
(1, (0, 0, 0), (2, 1)): [5750, 762, 306, 128, 47, 23, 11, 1]
(1, (0, 0, 0), (2, 2)): [7139, 752, 334, 125, 37, 21, 6, 4, 2]
(1, (0, 0, 0), (3, 0)): [1004, 133, 84, 41, 16, 7, 3, 1]
(1, (0, 0, 0), (3, 1)): [2283, 341, 146, 68, 29, 15, 3]
(1, (0, 0, 0), (3, 2)): [3864, 465, 248, 80, 33, 14, 6, 3, 2]
(1, (0, 0, 1), (0, 0)): [648, 924, 171, 94, 31, 10, 3, 1]
(1, (0, 0, 1), (0, 1)): [305, 366, 71, 45, 7, 3, 2, 1]
(1, (0, 0, 1), (0, 2)): [141, 117, 28, 15, 1, 0, 0, 1]
(1, (0, 0, 1), (1, 0)): [289, 417, 81, 39, 23, 4]
(1, (0, 0, 1), (1, 1)): [278, 350, 65, 33, 14, 3, 2]
(1, (0, 0, 1), (1, 2)): [212, 197, 44, 20, 5, 1, 0, 1]
(1, (0, 0, 1), (2, 0)): [126, 159, 31, 22, 12, 3]
(1, (0, 0, 1), (2, 1)): [151, 184, 31, 22, 10, 1]
(1, (0, 0, 1), (2, 2)): [172, 173, 44, 21, 4, 1, 0, 1]
(1, (0, 0, 1), (3, 0)): [63, 66, 15, 12, 9, 3]
(1, (0, 0, 1), (3, 1)): [78, 85, 18, 10, 7, 2]
(1, (0, 0, 1), (3, 2)): [100, 105, 25, 16, 4, 2, 0, 1]
(1, (0, 1, 0), (0, 0)): [3317, 1289, 509, 238, 86, 39, 12, 5, 2]
(1, (0, 1, 0), (0, 1)): [1620, 591, 224, 88, 33, 16, 5, 2, 1]
(1, (0, 1, 0), (0, 2)): [705, 220, 83, 28, 13, 5, 2, 1, 1]
(1, (0, 1, 0), (1, 0)): [1411, 539, 222, 122, 48, 20, 4, 3, 1]
(1, (0, 1, 0), (1, 1)): [1351, 485, 195, 85, 26, 19, 5, 4]
(1, (0, 1, 0), (1, 2)): [1051, 310, 124, 46, 18, 8, 6, 3, 1]
(1, (0, 1, 0), (2, 0)): [515, 194, 89, 55, 29, 8, 1, 0, 1]
(1, (0, 1, 0), (2, 1)): [734, 260, 115, 56, 28, 13, 1, 1]
(1, (0, 1, 0), (2, 2)): [850, 264, 122, 50, 20, 11, 3, 4, 1]
(1, (0, 1, 0), (3, 0)): [200, 66, 31, 31, 12, 5, 1]
(1, (0, 1, 0), (3, 1)): [329, 119, 57, 33, 17, 7, 1]
(1, (0, 1, 0), (3, 2)): [498, 157, 87, 37, 16, 8, 2, 3, 1]
(1, (0, 1, 1), (0, 0)): [525, 472, 321, 140, 68, 35, 10, 10, 1, 1, 0, 1]
(1, (0, 1, 1), (0, 1)): [228, 179, 142, 49, 27, 16, 4, 5, 1, 0, 0, 1]
(1, (0, 1, 1), (0, 2)): [122, 53, 56, 16, 8, 4, 1, 2]
(1, (0, 1, 1), (1, 0)): [253, 216, 139, 73, 38, 18, 3, 4, 0, 1]
(1, (0, 1, 1), (1, 1)): [201, 161, 109, 55, 24, 13, 3, 5, 1, 0, 0, 1]
(1, (0, 1, 1), (1, 2)): [163, 101, 76, 26, 16, 10, 2, 4]
(1, (0, 1, 1), (2, 0)): [112, 102, 62, 38, 22, 13, 1, 1, 0, 1]
(1, (0, 1, 1), (2, 1)): [108, 85, 64, 30, 13, 7, 2, 1, 1]
(1, (0, 1, 1), (2, 2)): [143, 81, 58, 30, 18, 8, 1, 1, 1]
(1, (0, 1, 1), (3, 0)): [79, 58, 35, 25, 15, 11, 1, 1]
(1, (0, 1, 1), (3, 1)): [45, 36, 29, 13, 7, 3, 2, 1]
(1, (0, 1, 1), (3, 2)): [78, 48, 35, 16, 10, 4, 0, 1]
(1, (1, 0, 0), (0, 0)): [9847, 1568, 1118, 481, 198, 95, 25, 14, 4, 1]
(1, (1, 0, 0), (0, 1)): [4851, 691, 475, 221, 90, 34, 7, 6, 1]
(1, (1, 0, 0), (0, 2)): [2047, 246, 157, 78, 27, 14, 1, 1]
(1, (1, 0, 0), (1, 0)): [3794, 651, 474, 202, 84, 45, 14, 8, 2, 1]
(1, (1, 0, 0), (1, 1)): [3637, 570, 393, 176, 72, 28, 11, 6]
(1, (1, 0, 0), (1, 2)): [2677, 351, 246, 103, 43, 17, 6, 2]
(1, (1, 0, 0), (2, 0)): [1233, 231, 179, 76, 32, 21, 9, 3, 2, 1]
(1, (1, 0, 0), (2, 1)): [1703, 303, 224, 100, 39, 22, 6, 3]
(1, (1, 0, 0), (2, 2)): [1932, 294, 225, 100, 36, 17, 3, 2]
(1, (1, 0, 0), (3, 0)): [346, 66, 54, 31, 11, 7, 2, 0, 1, 1]
(1, (1, 0, 0), (3, 1)): [659, 126, 83, 46, 22, 15, 3]
(1, (1, 0, 0), (3, 2)): [980, 182, 130, 68, 25, 13, 3]
(1, (1, 0, 1), (0, 0)): [764, 767, 243, 195, 86, 45, 7, 4, 3, 0, 1]
(1, (1, 0, 1), (0, 1)): [374, 330, 108, 84, 37, 15, 2, 2, 1]
(1, (1, 0, 1), (0, 2)): [189, 117, 42, 31, 16, 7, 2]
(1, (1, 0, 1), (1, 0)): [298, 295, 90, 81, 37, 23, 5, 2, 1, 0, 1]
(1, (1, 0, 1), (1, 1)): [267, 241, 84, 70, 31, 15, 1, 4, 1, 0, 1]
(1, (1, 0, 1), (1, 2)): [223, 139, 48, 40, 15, 8, 2, 2, 0, 0, 1]
(1, (1, 0, 1), (2, 0)): [96, 110, 30, 28, 15, 6, 3, 0, 1]
(1, (1, 0, 1), (2, 1)): [142, 130, 46, 40, 22, 6]
(1, (1, 0, 1), (2, 2)): [170, 119, 34, 31, 12, 4, 1, 1]
(1, (1, 0, 1), (3, 0)): [29, 22, 6, 11, 6, 4, 2]
(1, (1, 0, 1), (3, 1)): [52, 55, 17, 20, 15, 3, 1]
(1, (1, 0, 1), (3, 2)): [76, 72, 20, 18, 12, 4, 1]
(1, (1, 1, 0), (0, 0)): [2763, 720, 484, 418, 165, 85, 24, 9, 2, 2]
(1, (1, 1, 0), (0, 1)): [1342, 322, 211, 187, 64, 42, 7, 5, 1, 1]
(1, (1, 1, 0), (0, 2)): [582, 122, 75, 70, 23, 14, 3, 3, 0, 1]
(1, (1, 1, 0), (1, 0)): [1117, 320, 220, 184, 84, 35, 15, 3, 0, 1]
(1, (1, 1, 0), (1, 1)): [1044, 255, 194, 153, 61, 32, 6, 3, 1, 1]
(1, (1, 1, 0), (1, 2)): [721, 154, 126, 92, 32, 21, 4, 4, 1, 1]
(1, (1, 1, 0), (2, 0)): [375, 125, 62, 70, 37, 14, 7]
(1, (1, 1, 0), (2, 1)): [537, 167, 94, 87, 44, 17, 7, 1, 0, 1]
(1, (1, 1, 0), (2, 2)): [598, 129, 93, 79, 33, 23, 4, 1, 0, 1]
(1, (1, 1, 0), (3, 0)): [94, 34, 26, 20, 17, 7, 3]
(1, (1, 1, 0), (3, 1)): [193, 70, 48, 50, 23, 5, 7]
(1, (1, 1, 0), (3, 2)): [314, 88, 57, 58, 25, 17, 1, 1]
(1, (1, 1, 1), (0, 0)): [623, 433, 250, 156, 152, 71, 24, 8, 2, 2]
(1, (1, 1, 1), (0, 1)): [340, 207, 107, 60, 60, 28, 8, 1, 0, 2]
(1, (1, 1, 1), (0, 2)): [168, 77, 43, 26, 25, 15, 0, 0, 0, 1]
(1, (1, 1, 1), (1, 0)): [220, 163, 96, 72, 74, 36, 12, 6, 2]
(1, (1, 1, 1), (1, 1)): [252, 158, 81, 46, 46, 21, 8, 2, 1, 1]
(1, (1, 1, 1), (1, 2)): [202, 107, 59, 36, 33, 15, 3, 1, 0, 1]
(1, (1, 1, 1), (2, 0)): [59, 51, 41, 27, 26, 18, 8, 2]
(1, (1, 1, 1), (2, 1)): [107, 82, 45, 29, 25, 19, 8, 1, 1]
(1, (1, 1, 1), (2, 2)): [157, 84, 54, 22, 22, 17, 6, 1, 0, 1]
(1, (1, 1, 1), (3, 0)): [10, 12, 17, 7, 3, 8, 1, 1]
(1, (1, 1, 1), (3, 1)): [22, 30, 20, 9, 10, 11, 3, 1, 1]
(1, (1, 1, 1), (3, 2)): [52, 46, 38, 10, 15, 12, 3, 1, 1]
(2, (0, 0, 0), (0, 0)): [24902, 1306, 421, 142, 43, 13, 3, 2]
(2, (0, 0, 0), (0, 1)): [12795, 551, 195, 68, 21, 8, 2]
(2, (0, 0, 0), (0, 2)): [5313, 152, 67, 20, 8, 5]
(2, (0, 0, 0), (1, 0)): [9784, 568, 175, 60, 13, 3, 1, 1]
(2, (0, 0, 0), (1, 1)): [10411, 485, 169, 49, 17, 2, 3, 1]
(2, (0, 0, 0), (1, 2)): [7757, 244, 99, 35, 16, 6, 1]
(2, (0, 0, 0), (2, 0)): [3337, 221, 68, 28, 6, 2]
(2, (0, 0, 0), (2, 1)): [5351, 306, 107, 31, 6, 1, 2]
(2, (0, 0, 0), (2, 2)): [6351, 245, 90, 37, 11, 6, 1]
(2, (0, 0, 0), (3, 0)): [979, 72, 29, 13, 3, 1]
(2, (0, 0, 0), (3, 1)): [2163, 149, 62, 15, 6]
(2, (0, 0, 0), (3, 2)): [3592, 184, 85, 29, 8, 2, 1]
(2, (0, 0, 1), (0, 0)): [2124, 553, 115, 53, 13, 8, 2, 2]
(2, (0, 0, 1), (0, 1)): [996, 220, 39, 18, 8, 4]
(2, (0, 0, 1), (0, 2)): [441, 77, 9, 3, 5, 1]
(2, (0, 0, 1), (1, 0)): [965, 274, 60, 32, 3, 3, 2, 2]
(2, (0, 0, 1), (1, 1)): [890, 219, 40, 21, 3, 3, 0, 1]
(2, (0, 0, 1), (1, 2)): [660, 137, 25, 10, 8, 2, 0, 1]
(2, (0, 0, 1), (2, 0)): [398, 95, 32, 17, 1, 3, 1, 1]
(2, (0, 0, 1), (2, 1)): [510, 122, 24, 16, 1, 1, 1, 1]
(2, (0, 0, 1), (2, 2)): [603, 116, 27, 11, 5, 2, 0, 1]
(2, (0, 0, 1), (3, 0)): [181, 36, 20, 12, 0, 3]
(2, (0, 0, 1), (3, 1)): [233, 61, 14, 13, 1, 0, 0, 1]
(2, (0, 0, 1), (3, 2)): [377, 79, 17, 11, 3, 2]
(2, (0, 1, 0), (0, 0)): [5586, 1009, 335, 99, 38, 12, 4]
(2, (0, 1, 0), (0, 1)): [2673, 421, 125, 32, 16, 6, 2]
(2, (0, 1, 0), (0, 2)): [1192, 128, 37, 7, 4, 3]
(2, (0, 1, 0), (1, 0)): [2491, 468, 176, 56, 19, 5, 1]
(2, (0, 1, 0), (1, 1)): [2294, 391, 136, 38, 11, 2, 2]
(2, (0, 1, 0), (1, 2)): [1741, 217, 72, 21, 8, 4]
(2, (0, 1, 0), (2, 0)): [1067, 177, 76, 31, 15, 4, 1]
(2, (0, 1, 0), (2, 1)): [1268, 220, 75, 25, 11, 3, 1]
(2, (0, 1, 0), (2, 2)): [1532, 209, 67, 21, 8, 6]
(2, (0, 1, 0), (3, 0)): [522, 74, 39, 18, 7, 2, 1]
(2, (0, 1, 0), (3, 1)): [539, 102, 31, 19, 10, 1, 1]
(2, (0, 1, 0), (3, 2)): [898, 138, 47, 24, 11, 5]
(2, (0, 1, 1), (0, 0)): [1472, 91, 253, 75, 28, 18, 5]
(2, (0, 1, 1), (0, 1)): [712, 39, 92, 22, 9, 4, 4]
(2, (0, 1, 1), (0, 2)): [316, 15, 37, 7, 3, 2, 4]
(2, (0, 1, 1), (1, 0)): [651, 44, 127, 49, 19, 13, 1]
(2, (0, 1, 1), (1, 1)): [602, 33, 93, 26, 9, 6]
(2, (0, 1, 1), (1, 2)): [449, 20, 68, 15, 2, 2, 3]
(2, (0, 1, 1), (2, 0)): [287, 25, 53, 24, 12, 7, 1]
(2, (0, 1, 1), (2, 1)): [346, 20, 48, 21, 7, 3]
(2, (0, 1, 1), (2, 2)): [401, 22, 64, 12, 5, 4, 1]
(2, (0, 1, 1), (3, 0)): [151, 16, 32, 13, 10, 7, 1]
(2, (0, 1, 1), (3, 1)): [138, 11, 24, 18, 7, 2, 1]
(2, (0, 1, 1), (3, 2)): [237, 18, 40, 14, 4, 4, 2]
(2, (1, 0, 0), (0, 0)): [11776, 770, 606, 201, 62, 17, 5, 2]
(2, (1, 0, 0), (0, 1)): [5804, 314, 219, 68, 23, 10]
(2, (1, 0, 0), (0, 2)): [2452, 104, 67, 19, 3, 2]
(2, (1, 0, 0), (1, 0)): [4571, 356, 277, 100, 29, 5, 2, 2]
(2, (1, 0, 0), (1, 1)): [4357, 259, 192, 66, 24, 9]
(2, (1, 0, 0), (1, 2)): [3258, 152, 106, 36, 7, 6]
(2, (1, 0, 0), (2, 0)): [1519, 124, 102, 44, 17, 0, 2, 1]
(2, (1, 0, 0), (2, 1)): [2175, 124, 102, 47, 22, 3]
(2, (1, 0, 0), (2, 2)): [2474, 113, 94, 31, 11, 6]
(2, (1, 0, 0), (3, 0)): [436, 53, 29, 17, 4, 0, 1, 1]
(2, (1, 0, 0), (3, 1)): [877, 76, 42, 37, 15, 1, 0, 1]
(2, (1, 0, 0), (3, 2)): [1294, 83, 69, 31, 11, 2]
(2, (1, 0, 1), (0, 0)): [2102, 406, 151, 127, 34, 14, 6, 3]
(2, (1, 0, 1), (0, 1)): [1045, 184, 67, 44, 9, 4, 0, 3]
(2, (1, 0, 1), (0, 2)): [457, 53, 17, 14, 1, 3]
(2, (1, 0, 1), (1, 0)): [854, 158, 70, 66, 19, 7, 6]
(2, (1, 0, 1), (1, 1)): [800, 150, 56, 49, 11, 8, 2, 3]
(2, (1, 0, 1), (1, 2)): [607, 86, 31, 30, 4, 5, 0, 1]
(2, (1, 0, 1), (2, 0)): [300, 46, 33, 26, 9, 0, 4]
(2, (1, 0, 1), (2, 1)): [405, 65, 43, 25, 7, 3, 4, 2]
(2, (1, 0, 1), (2, 2)): [479, 65, 38, 31, 6, 4, 2]
(2, (1, 0, 1), (3, 0)): [101, 16, 9, 8, 2, 0, 1]
(2, (1, 0, 1), (3, 1)): [165, 24, 19, 15, 5, 2, 2, 1]
(2, (1, 0, 1), (3, 2)): [273, 35, 28, 20, 5, 2, 2, 1]
(2, (1, 1, 0), (0, 0)): [4503, 597, 280, 258, 74, 22, 5, 1, 1]
(2, (1, 1, 0), (0, 1)): [2253, 247, 123, 107, 30, 10, 2, 0, 1]
(2, (1, 1, 0), (0, 2)): [1039, 73, 36, 30, 5, 7, 1]
(2, (1, 1, 0), (1, 0)): [1847, 259, 130, 108, 30, 8, 3]
(2, (1, 1, 0), (1, 1)): [1729, 210, 105, 84, 27, 6, 2]
(2, (1, 1, 0), (1, 2)): [1331, 119, 62, 50, 14, 9, 1]
(2, (1, 1, 0), (2, 0)): [653, 89, 56, 37, 17, 4, 2]
(2, (1, 1, 0), (2, 1)): [954, 99, 70, 49, 20, 2, 1]
(2, (1, 1, 0), (2, 2)): [1061, 94, 52, 46, 17, 6]
(2, (1, 1, 0), (3, 0)): [191, 28, 24, 7, 3, 3, 2]
(2, (1, 1, 0), (3, 1)): [377, 51, 50, 23, 10, 2, 2]
(2, (1, 1, 0), (3, 2)): [560, 63, 48, 30, 14, 3, 1]
(2, (1, 1, 1), (0, 0)): [1384, 174, 238, 89, 72, 27, 6, 0, 0, 1]
(2, (1, 1, 1), (0, 1)): [713, 76, 99, 36, 31, 14, 3]
(2, (1, 1, 1), (0, 2)): [350, 20, 28, 10, 9, 3, 1]
(2, (1, 1, 1), (1, 0)): [529, 92, 102, 42, 31, 10, 2, 0, 0, 1]
(2, (1, 1, 1), (1, 1)): [549, 85, 85, 31, 29, 11, 2, 0, 0, 1]
(2, (1, 1, 1), (1, 2)): [450, 45, 53, 15, 13, 8, 2]
(2, (1, 1, 1), (2, 0)): [150, 48, 34, 19, 12, 4, 2]
(2, (1, 1, 1), (2, 1)): [239, 53, 37, 20, 21, 4, 2]
(2, (1, 1, 1), (2, 2)): [323, 48, 46, 18, 15, 6, 2]
(2, (1, 1, 1), (3, 0)): [26, 32, 13, 6, 1, 2, 1]
(2, (1, 1, 1), (3, 1)): [72, 50, 16, 12, 6, 1, 2]
(2, (1, 1, 1), (3, 2)): [142, 54, 17, 15, 11, 5, 1]
