(0, (0, 0, 0), (0, 0)): [15082, 3382, 1703, 863, 368, 164, 80, 41, 13, 9, 3, 4, 1]
(0, (0, 0, 0), (0, 1)): [65, 15, 9, 2, 1, 0, 0, 2]
(0, (0, 0, 0), (0, 2)): [26, 6, 2, 2, 0, 0, 0, 1]
(0, (0, 0, 0), (1, 0)): [58, 16, 6, 5, 2, 1, 1]
(0, (0, 0, 0), (1, 1)): [49, 10, 5, 2, 0, 0, 0, 1]
(0, (0, 0, 0), (1, 2)): [29, 9, 2, 0, 0, 0, 0, 1]
(0, (0, 0, 0), (2, 0)): [19, 9, 2, 2, 2, 0, 1]
(0, (0, 0, 0), (2, 1)): [28, 8, 4, 2, 2]
(0, (0, 0, 0), (2, 2)): [20, 10, 2, 0, 1]
(0, (0, 0, 0), (3, 0)): [7, 4, 1, 2, 0, 0, 1]
(0, (0, 0, 0), (3, 1)): [14, 3, 1, 0, 1, 0, 1]
(0, (0, 0, 0), (3, 2)): [14, 5, 2]
(0, (0, 0, 1), (0, 0)): [68, 222, 68, 30, 15, 5, 3, 0, 1, 2]
(0, (0, 0, 1), (0, 1)): [1, 0, 0, 0, 0, 0, 1]
(0, (0, 0, 1), (1, 0)): [0, 1, 2]
(0, (0, 0, 1), (1, 1)): [1, 0, 2, 0, 0, 0, 1]
(0, (0, 0, 1), (1, 2)): [1, 0, 1]
(0, (0, 0, 1), (2, 0)): [0, 1]
(0, (0, 0, 1), (2, 2)): [1]
(0, (0, 0, 1), (3, 0)): [0, 1]
(0, (0, 0, 1), (3, 1)): [0, 1]
(0, (0, 1, 0), (0, 0)): [555, 594, 246, 111, 65, 35, 17, 12, 6, 4, 0, 1]
(0, (0, 1, 0), (0, 1)): [6, 1, 3, 0, 1]
(0, (0, 1, 0), (0, 2)): [0, 0, 3]
(0, (0, 1, 0), (1, 0)): [2, 3, 0, 2, 0, 1, 1]
(0, (0, 1, 0), (1, 1)): [7, 2, 0, 1, 1, 1]
(0, (0, 1, 0), (1, 2)): [2, 0, 1, 0, 1]
(0, (0, 1, 0), (2, 0)): [0, 2, 0, 0, 0, 0, 1]
(0, (0, 1, 0), (2, 1)): [0, 1, 0, 0, 0, 1, 1]
(0, (0, 1, 0), (2, 2)): [1]
(0, (0, 1, 0), (3, 1)): [0, 1, 0, 0, 0, 1, 1]
(0, (0, 1, 0), (3, 2)): [0, 1, 0, 0, 0, 0, 1]
(0, (0, 1, 1), (0, 0)): [39, 113, 128, 58, 29, 14, 11, 3, 2]
(0, (0, 1, 1), (1, 0)): [0, 1, 0, 0, 1, 1, 1]
(0, (0, 1, 1), (1, 1)): [0, 1, 0, 0, 0, 1]
(0, (0, 1, 1), (1, 2)): [0, 1]
(0, (0, 1, 1), (2, 0)): [0, 0, 0, 0, 1, 0, 1]
(0, (0, 1, 1), (2, 1)): [0, 0, 0, 0, 0, 1]
(0, (0, 1, 1), (2, 2)): [0, 1]
(0, (0, 1, 1), (3, 0)): [0, 0, 0, 0, 1, 0, 1]
(0, (0, 1, 1), (3, 1)): [0, 0, 0, 0, 0, 1]
(0, (1, 0, 0), (0, 0)): [3328, 1322, 802, 462, 207, 95, 46, 26, 9, 5, 2, 2, 1]
(0, (1, 0, 0), (0, 1)): [17, 6, 2, 2, 1]
(0, (1, 0, 0), (0, 2)): [5, 2, 0, 2]
(0, (1, 0, 0), (1, 0)): [10, 8, 4, 2, 1, 1, 1, 3]
(0, (1, 0, 0), (1, 1)): [10, 7, 4, 1, 1]
(0, (1, 0, 0), (1, 2)): [6, 3, 1, 1]
(0, (1, 0, 0), (2, 0)): [6, 5, 1, 1, 0, 0, 1, 3]
(0, (1, 0, 0), (2, 1)): [6, 5, 3]
(0, (1, 0, 0), (2, 2)): [6, 6, 3]
(0, (1, 0, 0), (3, 0)): [2, 2, 0, 0, 0, 0, 0, 1]
(0, (1, 0, 0), (3, 1)): [3, 1, 1]
(0, (1, 0, 0), (3, 2)): [5, 4, 1]
(0, (1, 0, 1), (0, 0)): [91, 342, 155, 103, 53, 29, 12, 8, 1, 0, 1, 1]
(0, (1, 0, 1), (0, 1)): [0, 1, 0, 1, 1]
(0, (1, 0, 1), (1, 0)): [1, 1, 0, 0, 0, 2, 0, 1]
(0, (1, 0, 1), (1, 1)): [0, 0, 0, 0, 0, 2]
(0, (1, 0, 1), (2, 0)): [1, 1]
(0, (1, 0, 1), (2, 1)): [1, 0, 0, 0, 0, 2]
(0, (1, 0, 1), (3, 0)): [0, 1]
(0, (1, 0, 1), (3, 1)): [1, 0, 0, 0, 0, 1]
(0, (1, 1, 0), (0, 0)): [504, 367, 277, 209, 106, 44, 26, 13, 6, 2, 0, 2, 1]
(0, (1, 1, 0), (0, 1)): [1, 4, 3, 1, 0, 1]
(0, (1, 1, 0), (0, 2)): [0, 1]
(0, (1, 1, 0), (1, 0)): [2, 4, 2, 1, 1, 0, 1]
(0, (1, 1, 0), (1, 1)): [2, 3, 2, 1, 0, 1, 1]
(0, (1, 1, 0), (1, 2)): [1, 1]
(0, (1, 1, 0), (2, 0)): [0, 1, 0, 0, 1]
(0, (1, 1, 0), (2, 1)): [0, 2, 0, 1, 0, 1, 1]
(0, (1, 1, 0), (2, 2)): [0, 1]
(0, (1, 1, 0), (3, 0)): [0, 0, 0, 0, 1]
(0, (1, 1, 0), (3, 1)): [0, 0, 0, 0, 0, 0, 1]
(0, (1, 1, 1), (0, 0)): [57, 106, 89, 86, 63, 25, 21, 10, 3, 0, 1]
(0, (1, 1, 1), (0, 1)): [1, 0, 1, 0, 1, 0, 1]
(0, (1, 1, 1), (0, 2)): [1, 0, 1]
(0, (1, 1, 1), (1, 0)): [0, 0, 1, 1, 0, 0, 1, 1]
(0, (1, 1, 1), (1, 1)): [0, 0, 0, 0, 1, 0, 2]
(0, (1, 1, 1), (1, 2)): [1]
(0, (1, 1, 1), (2, 0)): [0, 0, 0, 1, 0, 0, 0, 1]
(0, (1, 1, 1), (2, 1)): [0, 0, 0, 0, 1, 0, 0, 1]
(0, (1, 1, 1), (3, 0)): [0, 0, 0, 1]
(0, (1, 1, 1), (3, 1)): [0, 0, 0, 1]
(1, (0, 0, 0), (0, 0)): [11975, 1375, 671, 295, 105, 42, 19, 8, 3, 1, 1, 1]
(1, (0, 0, 0), (0, 1)): [56, 3, 2, 1]
(1, (0, 0, 0), (0, 2)): [25, 2, 1]
(1, (0, 0, 0), (1, 0)): [39, 5, 5]
(1, (0, 0, 0), (1, 1)): [36, 3, 2]
(1, (0, 0, 0), (1, 2)): [21, 4, 1]
(1, (0, 0, 0), (2, 0)): [13, 3, 2]
(1, (0, 0, 0), (2, 1)): [24, 3, 2]
(1, (0, 0, 0), (2, 2)): [23, 2, 2]
(1, (0, 0, 0), (3, 0)): [4, 0, 1]
(1, (0, 0, 0), (3, 1)): [7, 3]
(1, (0, 0, 0), (3, 2)): [13, 4]
(1, (0, 0, 1), (0, 0)): [350, 550, 114, 46, 26, 11, 9, 2, 2, 1]
(1, (0, 0, 1), (0, 1)): [0, 3, 2]
(1, (0, 0, 1), (0, 2)): [0, 1, 1]
(1, (0, 0, 1), (1, 0)): [6]
(1, (0, 0, 1), (1, 1)): [3, 2, 1]
(1, (0, 0, 1), (1, 2)): [1, 1, 1]
(1, (0, 0, 1), (2, 0)): [1]
(1, (0, 0, 1), (2, 1)): [0, 0, 1]
(1, (0, 0, 1), (2, 2)): [0, 1]
(1, (0, 0, 1), (3, 0)): [1]
(1, (0, 0, 1), (3, 1)): [0, 0, 1]
(1, (0, 0, 1), (3, 2)): [0, 1]
(1, (0, 1, 0), (0, 0)): [1748, 858, 299, 126, 57, 29, 7, 7, 1, 1, 1, 1]
(1, (0, 1, 0), (0, 1)): [8]
(1, (0, 1, 0), (0, 2)): [2]
(1, (0, 1, 0), (1, 0)): [7, 2, 2, 0, 1]
(1, (0, 1, 0), (1, 1)): [8, 1, 1]
(1, (0, 1, 0), (1, 2)): [3, 1, 1]
(1, (0, 1, 0), (2, 0)): [0, 1, 1, 0, 1]
(1, (0, 1, 0), (2, 1)): [1, 0, 1]
(1, (0, 1, 0), (2, 2)): [2, 1]
(1, (0, 1, 0), (3, 0)): [0, 1, 0, 0, 1]
(1, (0, 1, 0), (3, 1)): [0, 0, 0, 0, 1]
(1, (0, 1, 0), (3, 2)): [2, 1]
(1, (0, 1, 1), (0, 0)): [312, 299, 286, 120, 58, 22, 9, 3, 3, 2]
(1, (0, 1, 1), (0, 1)): [2, 2]
(1, (0, 1, 1), (0, 2)): [1]
(1, (0, 1, 1), (1, 0)): [1, 5, 1, 1, 1]
(1, (0, 1, 1), (1, 1)): [0, 4]
(1, (0, 1, 1), (1, 2)): [0, 2]
(1, (0, 1, 1), (2, 0)): [1, 3, 1, 1, 1]
(1, (0, 1, 1), (2, 1)): [0, 3]
(1, (0, 1, 1), (3, 0)): [1, 1, 1, 1, 1]
(1, (0, 1, 1), (3, 1)): [0, 2]
(1, (0, 1, 1), (3, 2)): [0, 1]
(1, (1, 0, 0), (0, 0)): [5042, 1022, 642, 327, 122, 49, 23, 13, 5, 4, 1]
(1, (1, 0, 0), (0, 1)): [24, 6, 3, 2]
(1, (1, 0, 0), (0, 2)): [8, 2, 1]
(1, (1, 0, 0), (1, 0)): [13, 8, 3, 1, 0, 1]
(1, (1, 0, 0), (1, 1)): [13, 6, 2, 0, 0, 1]
(1, (1, 0, 0), (1, 2)): [6, 2, 1]
(1, (1, 0, 0), (2, 0)): [1, 2, 1, 1]
(1, (1, 0, 0), (2, 1)): [6, 5, 2, 1]
(1, (1, 0, 0), (2, 2)): [1, 1, 1]
(1, (1, 0, 0), (3, 0)): [0, 0, 1]
(1, (1, 0, 0), (3, 1)): [1, 3, 1]
(1, (1, 0, 0), (3, 2)): [1, 3]
(1, (1, 0, 1), (0, 0)): [439, 560, 189, 133, 59, 33, 11, 3, 2, 1]
(1, (1, 0, 1), (0, 1)): [2, 3, 0, 0, 1]
(1, (1, 0, 1), (0, 2)): [1]
(1, (1, 0, 1), (1, 0)): [5, 5, 0, 1]
(1, (1, 0, 1), (1, 1)): [4, 1, 0, 0, 1]
(1, (1, 0, 1), (1, 2)): [2, 0, 0, 0, 1]
(1, (1, 0, 1), (2, 0)): [1, 1]
(1, (1, 0, 1), (2, 1)): [2, 1]
(1, (1, 0, 1), (2, 2)): [3, 0, 0, 0, 1]
(1, (1, 0, 1), (3, 2)): [2, 0, 0, 0, 1]
(1, (1, 1, 0), (0, 0)): [1388, 500, 352, 243, 105, 52, 31, 9, 3, 2]
(1, (1, 1, 0), (0, 1)): [6, 2, 3, 1, 1, 1]
(1, (1, 1, 0), (0, 2)): [3, 1, 1, 1]
(1, (1, 1, 0), (1, 0)): [4, 4, 2, 3, 2]
(1, (1, 1, 0), (1, 1)): [2, 3, 2, 1, 1, 1]
(1, (1, 1, 0), (1, 2)): [2, 0, 0, 1]
(1, (1, 1, 0), (2, 0)): [4, 2, 1, 1]
(1, (1, 1, 0), (2, 1)): [3, 3, 0, 0, 0, 1]
(1, (1, 1, 0), (2, 2)): [2, 1, 0, 1]
(1, (1, 1, 0), (3, 0)): [1, 0, 1, 1]
(1, (1, 1, 0), (3, 1)): [1, 0, 1]
(1, (1, 1, 0), (3, 2)): [2]
(1, (1, 1, 1), (0, 0)): [342, 275, 183, 138, 81, 32, 15, 2, 6, 3]
(1, (1, 1, 1), (0, 1)): [2, 2, 1, 3, 1]
(1, (1, 1, 1), (0, 2)): [2, 0, 0, 1]
(1, (1, 1, 1), (1, 0)): [2, 0, 1, 1, 1]
(1, (1, 1, 1), (1, 1)): [0, 2, 1, 2, 1]
(1, (1, 1, 1), (1, 2)): [1, 0, 0, 1]
(1, (1, 1, 1), (2, 0)): [1, 0, 0, 0, 1]
(1, (1, 1, 1), (2, 1)): [0, 0, 1, 1, 2]
(1, (1, 1, 1), (2, 2)): [0, 0, 1, 2, 2]
(1, (1, 1, 1), (3, 0)): [1]
(1, (1, 1, 1), (3, 1)): [1]
(1, (1, 1, 1), (3, 2)): [1, 0, 1, 1, 1]
(2, (0, 0, 0), (0, 0)): [10207, 476, 214, 60, 20, 10, 2, 1]
(2, (0, 0, 0), (0, 1)): [49, 0, 1, 0, 1]
(2, (0, 0, 0), (0, 2)): [16]
(2, (0, 0, 0), (1, 0)): [47, 2, 1]
(2, (0, 0, 0), (1, 1)): [42, 1, 1, 0, 1]
(2, (0, 0, 0), (1, 2)): [29]
(2, (0, 0, 0), (2, 0)): [9, 1, 1]
(2, (0, 0, 0), (2, 1)): [16, 0, 2, 0, 1]
(2, (0, 0, 0), (2, 2)): [19, 0, 1]
(2, (0, 0, 0), (3, 0)): [2, 1]
(2, (0, 0, 0), (3, 1)): [5, 1, 0, 0, 1]
(2, (0, 0, 0), (3, 2)): [13, 1, 1]
(2, (0, 0, 1), (0, 0)): [1146, 357, 73, 34, 11, 7, 2, 2]
(2, (0, 0, 1), (0, 1)): [8, 1, 1]
(2, (0, 0, 1), (0, 2)): [4, 0, 1]
(2, (0, 0, 1), (1, 0)): [7, 2, 1]
(2, (0, 0, 1), (1, 1)): [6, 2]
(2, (0, 0, 1), (1, 2)): [6, 0, 1]
(2, (0, 0, 1), (2, 0)): [1, 1, 1]
(2, (0, 0, 1), (2, 1)): [3, 2]
(2, (0, 0, 1), (2, 2)): [2, 1]
(2, (0, 0, 1), (3, 0)): [0, 0, 1]
(2, (0, 0, 1), (3, 1)): [0, 0, 1]
(2, (0, 0, 1), (3, 2)): [1]
(2, (0, 1, 0), (0, 0)): [2793, 700, 183, 70, 14, 3, 2, 1]
(2, (0, 1, 0), (0, 1)): [11, 2, 1]
(2, (0, 1, 0), (0, 2)): [4]
(2, (0, 1, 0), (1, 0)): [9, 2]
(2, (0, 1, 0), (1, 1)): [4, 3, 1]
(2, (0, 1, 0), (1, 2)): [2, 0, 1]
(2, (0, 1, 0), (2, 0)): [5]
(2, (0, 1, 0), (2, 1)): [2, 1]
(2, (0, 1, 0), (2, 2)): [3, 0, 1]
(2, (0, 1, 0), (3, 0)): [4]
(2, (0, 1, 0), (3, 1)): [1, 1]
(2, (0, 1, 0), (3, 2)): [3, 0, 1]
(2, (0, 1, 1), (0, 0)): [699, 52, 173, 43, 26, 11, 2, 0, 0, 1]
(2, (0, 1, 1), (0, 1)): [2, 0, 1, 0, 1]
(2, (0, 1, 1), (0, 2)): [0, 0, 1, 0, 1]
(2, (0, 1, 1), (1, 0)): [3, 2, 0, 1]
(2, (0, 1, 1), (1, 1)): [2, 2]
(2, (0, 1, 1), (1, 2)): [2, 0, 1]
(2, (0, 1, 1), (2, 0)): [2, 0, 0, 1]
(2, (0, 1, 1), (2, 1)): [1, 1, 0, 1]
(2, (0, 1, 1), (2, 2)): [1, 0, 1, 1]
(2, (0, 1, 1), (3, 0)): [1]
(2, (0, 1, 1), (3, 1)): [1]
(2, (0, 1, 1), (3, 2)): [2, 0, 0, 1]
(2, (1, 0, 0), (0, 0)): [6324, 486, 336, 114, 36, 13, 6, 3, 0, 1]
(2, (1, 0, 0), (0, 1)): [29, 2, 1, 1]
(2, (1, 0, 0), (0, 2)): [12]
(2, (1, 0, 0), (1, 0)): [27, 0, 2, 0, 1]
(2, (1, 0, 0), (1, 1)): [20, 2, 2, 1]
(2, (1, 0, 0), (1, 2)): [14, 0, 1]
(2, (1, 0, 0), (2, 0)): [10, 0, 0, 0, 1]
(2, (1, 0, 0), (2, 1)): [11, 2]
(2, (1, 0, 0), (2, 2)): [9, 1, 1]
(2, (1, 0, 0), (3, 0)): [3, 0, 0, 0, 1]
(2, (1, 0, 0), (3, 1)): [4, 1]
(2, (1, 0, 0), (3, 2)): [7, 1]
(2, (1, 0, 1), (0, 0)): [1175, 304, 152, 82, 24, 10, 6, 1]
(2, (1, 0, 1), (0, 1)): [6, 3, 1, 1]
(2, (1, 0, 1), (0, 2)): [2, 1]
(2, (1, 0, 1), (1, 0)): [5, 1, 0, 1]
(2, (1, 0, 1), (1, 1)): [5, 3]
(2, (1, 0, 1), (1, 2)): [2, 1]
(2, (1, 0, 1), (2, 0)): [2, 0, 0, 1]
(2, (1, 0, 1), (2, 1)): [2, 2]
(2, (1, 0, 1), (2, 2)): [2]
(2, (1, 0, 1), (3, 0)): [1]
(2, (1, 0, 1), (3, 1)): [1]
(2, (1, 0, 1), (3, 2)): [1]
(2, (1, 1, 0), (0, 0)): [2405, 394, 244, 147, 41, 21, 8, 5]
(2, (1, 1, 0), (0, 1)): [12, 2, 2, 0, 1]
(2, (1, 1, 0), (0, 2)): [5, 1, 1]
(2, (1, 1, 0), (1, 0)): [15, 3, 0, 2]
(2, (1, 1, 0), (1, 1)): [14, 3, 0, 0, 1]
(2, (1, 1, 0), (1, 2)): [6, 2, 1, 0, 1]
(2, (1, 1, 0), (2, 0)): [3, 1, 0, 2]
(2, (1, 1, 0), (2, 1)): [7, 1]
(2, (1, 1, 0), (2, 2)): [6, 1]
(2, (1, 1, 0), (3, 0)): [2, 0, 0, 1]
(2, (1, 1, 0), (3, 1)): [6]
(2, (1, 1, 0), (3, 2)): [5]
(2, (1, 1, 1), (0, 0)): [749, 107, 158, 69, 46, 25, 8, 1]
(2, (1, 1, 1), (0, 1)): [6]
(2, (1, 1, 1), (0, 2)): [3]
(2, (1, 1, 1), (1, 0)): [4, 1, 1, 2]
(2, (1, 1, 1), (1, 1)): [4, 0, 1, 1]
(2, (1, 1, 1), (1, 2)): [5, 0, 1, 1]
(2, (1, 1, 1), (2, 0)): [1, 1, 0, 1]
(2, (1, 1, 1), (2, 1)): [1]
(2, (1, 1, 1), (2, 2)): [1, 0, 0, 1]
(2, (1, 1, 1), (3, 0)): [0, 1]
(2, (1, 1, 1), (3, 1)): [0, 1]
(2, (1, 1, 1), (3, 2)): [0, 1, 0, 1]
