(0, (0, 0, 0)): [35075, 7222, 3202, 1591, 713, 330, 124, 63, 14, 8, 7, 0, 1, 1, 1]
(0, (0, 0, 1)): [79, 271, 71, 35, 24, 6, 5, 1]
(0, (0, 1, 0)): [1297, 1245, 516, 277, 147, 56, 16, 12, 3, 1, 1, 0, 0, 0, 1]
(0, (0, 1, 1)): [87, 177, 199, 98, 57, 21, 11, 1, 1, 1, 0, 0, 1, 1]
(0, (1, 0, 0)): [6459, 2151, 1414, 806, 381, 171, 60, 40, 7, 7, 3, 0, 1, 2]
(0, (1, 0, 1)): [150, 440, 181, 133, 94, 36, 16, 9, 3, 5, 1]
(0, (1, 1, 0)): [994, 677, 417, 377, 191, 105, 38, 20, 7, 2, 1, 0, 1, 1]
(0, (1, 1, 1)): [91, 216, 145, 119, 110, 55, 24, 9, 6, 3, 2, 1, 1]
(1, (0, 0, 0)): [27353, 3344, 1328, 544, 198, 99, 37, 11, 3, 1, 1]
(1, (0, 0, 1)): [617, 990, 215, 118, 42, 17, 4, 1, 0, 0, 0, 1]
(1, (0, 1, 0)): [3621, 1510, 587, 267, 105, 60, 21, 9, 1, 1, 1]
(1, (0, 1, 1)): [519, 479, 365, 171, 98, 27, 16, 3, 3]
(1, (1, 0, 0)): [9656, 1641, 1155, 546, 213, 80, 41, 11, 4, 2, 1]
(1, (1, 0, 1)): [813, 822, 279, 219, 95, 45, 13, 4, 2, 1, 1]
(1, (1, 1, 0)): [2900, 838, 552, 450, 183, 63, 28, 11, 1, 2]
(1, (1, 1, 1)): [648, 511, 279, 188, 174, 54, 32, 10, 5, 2]
(2, (0, 0, 0)): [24191, 1287, 438, 135, 42, 14, 4, 1]
(2, (0, 0, 1)): [2248, 628, 153, 53, 20, 5, 1, 0, 0, 0, 0, 1]
(2, (0, 1, 0)): [6006, 1170, 364, 132, 52, 17, 4, 1, 0, 1, 1]
(2, (0, 1, 1)): [1358, 100, 240, 84, 28, 11, 2, 1, 1]
(2, (1, 0, 0)): [11646, 842, 645, 196, 73, 23, 7, 2, 1]
(2, (1, 0, 1)): [2169, 462, 176, 141, 62, 14, 2, 2, 0, 0, 0, 1]
(2, (1, 1, 0)): [4952, 709, 364, 279, 93, 29, 8, 4, 2, 1, 1]
(2, (1, 1, 1)): [1555, 231, 236, 136, 114, 28, 6, 4, 3, 3, 1]
