(0, (0, 0, 0)): [29123, 5618, 2537, 1109, 472, 210, 75, 27, 17, 2, 4, 0, 0, 0, 1]
(0, (0, 0, 1)): [94, 297, 93, 29, 14, 5, 2, 2, 0, 0, 1]
(0, (0, 1, 0)): [1110, 1095, 397, 164, 95, 35, 14, 6, 1, 1, 0, 0, 0, 0, 1]
(0, (0, 1, 1)): [94, 136, 191, 69, 42, 15, 5, 3, 1]
(0, (1, 0, 0)): [5859, 1915, 1215, 574, 284, 125, 49, 17, 11, 2, 4, 0, 0, 0, 1]
(0, (1, 0, 1)): [133, 447, 183, 115, 69, 28, 6, 3, 2, 1, 1, 0, 0, 0, 1]
(0, (1, 1, 0)): [844, 471, 346, 268, 134, 58, 31, 9, 6, 1, 1, 0, 0, 1]
(0, (1, 1, 1)): [99, 121, 114, 72, 62, 37, 14, 2, 4, 1]
(1, (0, 0, 0)): [24004, 2509, 1003, 388, 122, 61, 15, 9, 3]
(1, (0, 0, 1)): [668, 978, 186, 93, 35, 12, 1, 2]
(1, (0, 1, 0)): [3269, 1391, 461, 211, 85, 37, 12, 4, 4, 1, 1]
(1, (0, 1, 1)): [507, 423, 357, 115, 75, 20, 14, 3, 1]
(1, (1, 0, 0)): [8466, 1468, 973, 387, 134, 70, 23, 9, 3, 2]
(1, (1, 0, 1)): [733, 770, 263, 166, 69, 24, 9, 3, 2]
(1, (1, 1, 0)): [2407, 665, 448, 350, 129, 59, 21, 13, 4, 2]
(1, (1, 1, 1)): [508, 322, 232, 126, 118, 48, 23, 6, 6, 1]
(2, (0, 0, 0)): [21064, 917, 294, 90, 29, 5, 1]
(2, (0, 0, 1)): [2027, 558, 106, 38, 10, 5, 2]
(2, (0, 1, 0)): [5075, 968, 284, 90, 32, 6, 3, 0, 1]
(2, (0, 1, 1)): [1191, 98, 204, 51, 24, 11, 4]
(2, (1, 0, 0)): [10301, 731, 447, 138, 44, 17, 4, 1]
(2, (1, 0, 1)): [1963, 404, 167, 87, 35, 13, 2]
(2, (1, 1, 0)): [4115, 595, 274, 191, 56, 14, 4, 1]
(2, (1, 1, 1)): [1166, 136, 188, 86, 71, 19, 4]
