(0, (0, 0, 0)): [33898, 6648, 3151, 1445, 651, 288, 118, 58, 16, 10, 4, 1]
(0, (0, 0, 1)): [83, 247, 68, 35, 16, 9, 9, 1, 0, 1]
(0, (0, 1, 0)): [1327, 1050, 455, 235, 103, 58, 23, 12, 6, 3, 1]
(0, (0, 1, 1)): [131, 157, 186, 92, 44, 22, 11, 6, 3, 1, 1, 1]
(0, (1, 0, 0)): [6513, 1791, 1354, 678, 361, 146, 59, 32, 10, 5, 3, 1]
(0, (1, 0, 1)): [165, 376, 138, 141, 67, 27, 16, 8, 2, 0, 1]
(0, (1, 1, 0)): [1085, 557, 396, 308, 191, 79, 25, 15, 5, 2, 1]
(0, (1, 1, 1)): [125, 152, 123, 102, 107, 45, 19, 10, 3, 2, 1]
(1, (0, 0, 0)): [28445, 3222, 1356, 519, 195, 79, 20, 16, 2, 3]
(1, (0, 0, 1)): [623, 838, 187, 81, 34, 19, 10, 5, 1]
(1, (0, 1, 0)): [3231, 1242, 476, 220, 107, 28, 21, 6, 0, 3]
(1, (0, 1, 1)): [545, 463, 344, 146, 73, 33, 11, 8, 1, 1]
(1, (1, 0, 0)): [9891, 1458, 1272, 514, 194, 83, 26, 18, 3, 3]
(1, (1, 0, 1)): [776, 744, 258, 200, 81, 36, 14, 9, 2, 1]
(1, (1, 1, 0)): [2767, 714, 506, 414, 187, 73, 27, 8, 5, 3]
(1, (1, 1, 1)): [659, 408, 246, 164, 139, 55, 22, 9, 4, 2]
(2, (0, 0, 0)): [25114, 1244, 367, 118, 52, 13, 2, 1]
(2, (0, 0, 1)): [2072, 471, 134, 37, 17, 4, 3, 1]
(2, (0, 1, 0)): [5587, 1008, 328, 106, 40, 12, 8, 2]
(2, (0, 1, 1)): [1425, 106, 231, 97, 40, 12, 1, 1]
(2, (1, 0, 0)): [12031, 736, 635, 196, 67, 19, 5, 1]
(2, (1, 0, 1)): [2084, 383, 179, 116, 52, 10, 4, 4]
(2, (1, 1, 0)): [4477, 594, 318, 248, 95, 23, 7, 2, 0, 1]
(2, (1, 1, 1)): [1503, 202, 200, 119, 116, 28, 11, 6, 1, 1]
