(0, (0, 0, 0)): [10232, 2130, 1050, 470, 221, 110, 37, 18, 7, 5, 4, 2]
(0, (0, 0, 1)): [25, 62, 17, 13, 10, 1, 1]
(0, (0, 1, 0)): [374, 286, 158, 77, 40, 15, 6, 1, 0, 1, 1]
(0, (0, 1, 1)): [40, 52, 62, 29, 17, 9, 3, 1, 1, 1]
(0, (1, 0, 0)): [2039, 538, 473, 228, 102, 68, 17, 10, 4, 4, 3, 2]
(0, (1, 0, 1)): [58, 113, 42, 36, 17, 8, 0, 1, 1, 0, 1]
(0, (1, 1, 0)): [300, 177, 132, 97, 70, 35, 9, 6, 3, 1, 1, 1]
(0, (1, 1, 1)): [41, 64, 50, 29, 39, 17, 3, 6, 2, 1, 1, 1]
(1, (0, 0, 0)): [8599, 1032, 434, 167, 71, 27, 9, 6, 3, 0, 1]
(1, (0, 0, 1)): [158, 209, 52, 19, 11, 3, 2]
(1, (0, 1, 0)): [925, 351, 181, 63, 30, 12, 4, 2, 0, 1, 1]
(1, (0, 1, 1)): [163, 118, 100, 47, 24, 10, 9, 2, 1, 1, 2]
(1, (1, 0, 0)): [3064, 455, 375, 174, 62, 33, 10, 5, 3, 1, 2]
(1, (1, 0, 1)): [200, 228, 75, 65, 24, 14, 8, 4, 2, 1]
(1, (1, 1, 0)): [854, 226, 141, 125, 60, 33, 8, 4, 2, 0, 1]
(1, (1, 1, 1)): [178, 141, 87, 43, 58, 29, 4, 3, 2, 3, 2]
(2, (0, 0, 0)): [7729, 417, 145, 41, 12, 1, 1]
(2, (0, 0, 1)): [585, 129, 43, 13, 7, 1, 1, 0, 0, 1, 1]
(2, (0, 1, 0)): [1627, 295, 101, 42, 13, 4, 2, 0, 0, 1]
(2, (0, 1, 1)): [439, 24, 88, 24, 11, 2, 2, 0, 1]
(2, (1, 0, 0)): [3701, 257, 225, 71, 19, 6, 0, 1]
(2, (1, 0, 1)): [637, 130, 52, 55, 11, 5, 3, 1, 1, 1]
(2, (1, 1, 0)): [1383, 190, 115, 93, 28, 9, 2, 0, 0, 1]
(2, (1, 1, 1)): [499, 62, 79, 35, 31, 10, 2, 1, 1]
