(0, (0, 0, 0)): [220511, 41785, 19134, 8512, 3671, 1590, 597, 247, 87, 34, 12, 8, 4, 1]
(0, (0, 0, 1)): [934, 2267, 546, 293, 141, 67, 23, 7, 2, 5]
(0, (0, 1, 0)): [7543, 6224, 2509, 1163, 554, 220, 75, 41, 15, 7, 0, 0, 1, 1]
(0, (0, 1, 1)): [693, 964, 1117, 534, 299, 122, 55, 29, 7, 10, 2, 1, 1]
(0, (1, 0, 0)): [46175, 13563, 9109, 4290, 2002, 925, 361, 160, 62, 21, 7, 6, 2]
(0, (1, 0, 1)): [1177, 3050, 1182, 812, 434, 187, 89, 34, 13, 7, 4, 2, 1, 1]
(0, (1, 1, 0)): [6363, 3507, 2530, 1879, 959, 473, 186, 92, 31, 10, 3, 4]
(0, (1, 1, 1)): [750, 964, 835, 590, 495, 239, 116, 62, 21, 12, 2, 1, 1]
(1, (0, 0, 0)): [180454, 19055, 7702, 3069, 1160, 425, 149, 51, 21, 6, 6, 1, 1]
(1, (0, 0, 1)): [4452, 5554, 1108, 456, 185, 88, 22, 4, 2, 0, 0, 0, 1]
(1, (0, 1, 0)): [22324, 8795, 3411, 1413, 566, 210, 50, 30, 8, 1, 3, 0, 1]
(1, (0, 1, 1)): [3730, 2487, 2244, 868, 500, 180, 72, 31, 7, 1, 0, 1]
(1, (1, 0, 0)): [66048, 10508, 7270, 3021, 1247, 461, 168, 65, 24, 8, 2, 1, 1]
(1, (1, 0, 1)): [5523, 5522, 1679, 1203, 557, 201, 76, 31, 5, 4]
(1, (1, 1, 0)): [17894, 5041, 3306, 2471, 1009, 406, 143, 59, 27, 5, 0, 2, 1]
(1, (1, 1, 1)): [3946, 2452, 1625, 1045, 792, 302, 121, 48, 12, 5, 0, 2, 1]
(2, (0, 0, 0)): [157831, 7228, 2370, 774, 241, 68, 28, 4, 1, 1, 2]
(2, (0, 0, 1)): [12222, 3500, 716, 256, 83, 29, 2, 2, 1]
(2, (0, 1, 0)): [34847, 6775, 2004, 727, 230, 73, 15, 6, 0, 1, 1]
(2, (0, 1, 1)): [7729, 611, 1558, 419, 185, 51, 23, 5, 0, 0, 1]
(2, (1, 0, 0)): [79911, 5189, 3866, 1183, 363, 109, 50, 11, 2, 2, 2]
(2, (1, 0, 1)): [13313, 2942, 1068, 720, 256, 72, 30, 9, 5, 1]
(2, (1, 1, 0)): [31110, 4443, 2146, 1636, 505, 162, 47, 20, 3, 3, 1, 1]
(2, (1, 1, 1)): [8931, 1116, 1386, 642, 514, 148, 54, 18, 5]
