(0, (0, 0, 0), (0, 0)): [62, 18, 6, 0, 1, 2, 1]
(0, (0, 0, 0), (0, 1)): [29, 10, 2, 0, 1]
(0, (0, 0, 0), (0, 2)): [9, 6]
(0, (0, 0, 0), (1, 0)): [25, 6, 3, 0, 0, 0, 1]
(0, (0, 0, 0), (1, 1)): [18, 4, 2]
(0, (0, 0, 0), (1, 2)): [12, 5]
(0, (0, 0, 0), (2, 0)): [7, 4, 2, 0, 0, 0, 1]
(0, (0, 0, 0), (2, 1)): [10, 2, 1]
(0, (0, 0, 0), (2, 2)): [10, 3]
(0, (0, 0, 0), (3, 0)): [3, 3, 2, 0, 0, 0, 1]
(0, (0, 0, 0), (3, 1)): [4, 2, 2, 0, 0, 0, 1]
(0, (0, 0, 0), (3, 2)): [5, 2, 2, 0, 0, 0, 1]
(0, (0, 1, 0), (0, 0)): [2, 5, 1, 1]
(0, (0, 1, 0), (0, 1)): [0, 2]
(0, (0, 1, 0), (1, 0)): [1, 1, 1]
(0, (0, 1, 0), (1, 1)): [0, 2]
(0, (0, 1, 1), (0, 0)): [0, 1, 0, 0, 0, 1]
(0, (0, 1, 1), (1, 0)): [0, 1]
(0, (0, 1, 1), (2, 0)): [0, 1]
(0, (0, 1, 1), (2, 1)): [0, 1]
(0, (0, 1, 1), (3, 1)): [0, 1]
(0, (0, 1, 1), (3, 2)): [0, 1]
(0, (1, 0, 0), (0, 0)): [11, 8, 3, 0, 0, 1, 1]
(0, (1, 0, 0), (0, 1)): [3, 2, 0, 0, 0, 0, 1]
(0, (1, 0, 0), (0, 2)): [0, 1, 0, 0, 0, 0, 1]
(0, (1, 0, 0), (1, 0)): [4, 2, 2, 0, 0, 1]
(0, (1, 0, 0), (1, 1)): [3, 1, 2, 0, 0, 1]
(0, (1, 0, 0), (1, 2)): [2, 1, 0, 0, 0, 1]
(0, (1, 0, 0), (2, 0)): [2, 1]
(0, (1, 0, 0), (2, 1)): [1, 1, 2]
(0, (1, 0, 0), (2, 2)): [2, 1, 2]
(0, (1, 0, 0), (3, 0)): [1, 1]
(0, (1, 0, 0), (3, 1)): [0, 1]
(0, (1, 0, 0), (3, 2)): [0, 1, 1]
(0, (1, 0, 1), (0, 0)): [0, 1, 0, 0, 0, 0, 1]
(0, (1, 0, 1), (0, 1)): [0, 0, 0, 0, 0, 0, 1]
(0, (1, 0, 1), (0, 2)): [0, 0, 0, 0, 0, 0, 1]
(0, (1, 0, 1), (1, 0)): [0, 1]
(0, (1, 0, 1), (2, 0)): [0, 1]
(0, (1, 0, 1), (2, 1)): [0, 1]
(0, (1, 1, 0), (0, 0)): [4]
(0, (1, 1, 0), (0, 1)): [1]
(0, (1, 1, 0), (0, 2)): [1]
(0, (1, 1, 0), (1, 2)): [1]
(1, (0, 0, 0), (0, 0)): [50, 6, 2, 0, 1, 1]
(1, (0, 0, 0), (0, 1)): [19, 1, 1, 0, 1]
(1, (0, 0, 0), (0, 2)): [7, 1, 1]
(1, (0, 0, 0), (1, 0)): [14, 3, 1, 0, 0, 1]
(1, (0, 0, 0), (1, 1)): [11, 1, 0, 0, 0, 1]
(1, (0, 0, 0), (1, 2)): [8, 1, 0, 0, 0, 1]
(1, (0, 0, 0), (2, 0)): [5, 0, 1]
(1, (0, 0, 0), (2, 1)): [4, 0, 1]
(1, (0, 0, 0), (2, 2)): [6, 0, 0, 0, 0, 1]
(1, (0, 0, 0), (3, 0)): [3]
(1, (0, 0, 0), (3, 1)): [0, 0, 1]
(1, (0, 0, 0), (3, 2)): [3, 0, 1, 0, 0, 1]
(1, (0, 0, 1), (0, 0)): [3, 4, 1, 2, 1]
(1, (0, 0, 1), (0, 1)): [1, 3]
(1, (0, 0, 1), (0, 2)): [1]
(1, (0, 0, 1), (1, 0)): [1, 1, 1, 1, 1]
(1, (0, 0, 1), (1, 1)): [1, 2, 0, 1, 1]
(1, (0, 0, 1), (1, 2)): [1, 0, 0, 1]
(1, (0, 0, 1), (2, 1)): [0, 1]
(1, (0, 0, 1), (2, 2)): [1, 1]
(1, (0, 1, 0), (0, 0)): [6, 10, 2, 1, 1, 1]
(1, (0, 1, 0), (0, 1)): [2, 2, 1, 0, 0, 1]
(1, (0, 1, 0), (0, 2)): [0, 0, 0, 0, 0, 1]
(1, (0, 1, 0), (1, 0)): [3, 6, 0, 1, 1]
(1, (0, 1, 0), (1, 1)): [3, 5, 0, 0, 1]
(1, (0, 1, 0), (1, 2)): [1, 1, 0, 0, 1]
(1, (0, 1, 0), (2, 0)): [1, 1]
(1, (0, 1, 0), (2, 1)): [1, 3]
(1, (0, 1, 0), (2, 2)): [0, 3, 0, 0, 1]
(1, (0, 1, 0), (3, 0)): [1, 1]
(1, (0, 1, 0), (3, 1)): [0, 2]
(1, (0, 1, 1), (0, 0)): [2, 0, 2]
(1, (0, 1, 1), (0, 1)): [0, 0, 2]
(1, (0, 1, 1), (0, 2)): [0, 0, 1]
(1, (0, 1, 1), (1, 0)): [1]
(1, (0, 1, 1), (1, 1)): [0, 0, 1]
(1, (0, 1, 1), (1, 2)): [0, 0, 1]
(1, (0, 1, 1), (2, 0)): [1]
(1, (0, 1, 1), (3, 0)): [1]
(1, (1, 0, 0), (0, 0)): [23, 4, 4, 0, 0, 2]
(1, (1, 0, 0), (0, 1)): [13, 0, 0, 0, 0, 1]
(1, (1, 0, 0), (0, 2)): [4]
(1, (1, 0, 0), (1, 0)): [6, 3, 3, 0, 0, 1]
(1, (1, 0, 0), (1, 1)): [8, 1]
(1, (1, 0, 0), (1, 2)): [8]
(1, (1, 0, 0), (2, 0)): [1, 1, 2]
(1, (1, 0, 0), (2, 1)): [2, 2, 1]
(1, (1, 0, 0), (2, 2)): [7, 1, 1]
(1, (1, 0, 0), (3, 2)): [1, 1]
(1, (1, 0, 1), (0, 0)): [2, 0, 0, 0, 1]
(1, (1, 0, 1), (0, 1)): [1]
(1, (1, 0, 1), (0, 2)): [1]
(1, (1, 0, 1), (1, 0)): [0, 0, 0, 0, 1]
(1, (1, 0, 1), (1, 2)): [1]
(1, (1, 0, 1), (2, 0)): [0, 0, 0, 0, 1]
(1, (1, 1, 0), (0, 0)): [4, 1, 1]
(1, (1, 1, 0), (0, 1)): [2, 0, 1]
(1, (1, 1, 0), (0, 2)): [2]
(1, (1, 1, 0), (1, 0)): [1, 1]
(1, (1, 1, 0), (1, 1)): [1]
(1, (1, 1, 0), (1, 2)): [2]
(1, (1, 1, 0), (2, 0)): [0, 1]
(1, (1, 1, 0), (2, 1)): [0, 1]
(1, (1, 1, 0), (2, 2)): [1]
(1, (1, 1, 0), (3, 1)): [0, 1]
(1, (1, 1, 0), (3, 2)): [0, 1]
(1, (1, 1, 1), (0, 0)): [3, 1]
(1, (1, 1, 1), (0, 1)): [1]
(1, (1, 1, 1), (1, 0)): [2, 1]
(1, (1, 1, 1), (1, 1)): [3, 1]
(1, (1, 1, 1), (1, 2)): [1, 1]
(2, (0, 0, 0), (0, 0)): [42, 2, 0, 0, 1]
(2, (0, 0, 0), (0, 1)): [17, 1]
(2, (0, 0, 0), (0, 2)): [8]
(2, (0, 0, 0), (1, 0)): [20, 1, 0, 0, 1]
(2, (0, 0, 0), (1, 1)): [16, 2]
(2, (0, 0, 0), (1, 2)): [14]
(2, (0, 0, 0), (2, 0)): [9]
(2, (0, 0, 0), (2, 1)): [7, 2]
(2, (0, 0, 0), (2, 2)): [10, 1]
(2, (0, 0, 0), (3, 0)): [4]
(2, (0, 0, 0), (3, 1)): [4, 1]
(2, (0, 0, 0), (3, 2)): [8, 1]
(2, (0, 0, 1), (0, 0)): [4, 5, 1]
(2, (0, 0, 1), (0, 1)): [2, 3, 1]
(2, (0, 0, 1), (0, 2)): [0, 3, 1]
(2, (0, 0, 1), (1, 0)): [0, 1]
(2, (0, 0, 1), (1, 1)): [1]
(2, (0, 0, 1), (1, 2)): [1, 2, 1]
(2, (0, 0, 1), (2, 0)): [0, 1]
(2, (0, 0, 1), (2, 2)): [0, 1, 1]
(2, (0, 0, 1), (3, 0)): [0, 1]
(2, (0, 0, 1), (3, 2)): [0, 1, 1]
(2, (0, 1, 0), (0, 0)): [15, 5, 1]
(2, (0, 1, 0), (0, 1)): [4, 2, 1]
(2, (0, 1, 0), (0, 2)): [2]
(2, (0, 1, 0), (1, 0)): [7, 3]
(2, (0, 1, 0), (1, 1)): [4, 3]
(2, (0, 1, 0), (1, 2)): [4, 1]
(2, (0, 1, 0), (2, 0)): [4, 2]
(2, (0, 1, 0), (2, 1)): [1, 1]
(2, (0, 1, 0), (2, 2)): [2]
(2, (0, 1, 0), (3, 0)): [3, 2]
(2, (0, 1, 0), (3, 1)): [3, 1]
(2, (0, 1, 0), (3, 2)): [1]
(2, (0, 1, 1), (0, 0)): [4, 0, 3]
(2, (0, 1, 1), (1, 0)): [3, 0, 2]
(2, (0, 1, 1), (1, 1)): [2]
(2, (0, 1, 1), (1, 2)): [1]
(2, (0, 1, 1), (2, 0)): [0, 0, 1]
(2, (0, 1, 1), (2, 1)): [1]
(2, (0, 1, 1), (2, 2)): [1]
(2, (0, 1, 1), (3, 0)): [0, 0, 1]
(2, (1, 0, 0), (0, 0)): [27, 3, 0, 1, 1]
(2, (1, 0, 0), (0, 1)): [13]
(2, (1, 0, 0), (0, 2)): [5]
(2, (1, 0, 0), (1, 0)): [11, 1, 0, 1, 1]
(2, (1, 0, 0), (1, 1)): [3, 0, 0, 0, 1]
(2, (1, 0, 0), (1, 2)): [2]
(2, (1, 0, 0), (2, 0)): [3, 1, 0, 1]
(2, (1, 0, 0), (2, 1)): [2, 0, 0, 0, 1]
(2, (1, 0, 0), (2, 2)): [1]
(2, (1, 0, 0), (3, 0)): [2, 1, 0, 1]
(2, (1, 0, 0), (3, 1)): [0, 1]
(2, (1, 0, 0), (3, 2)): [1]
(2, (1, 0, 1), (0, 0)): [2, 1, 2]
(2, (1, 0, 1), (1, 0)): [1, 1, 2]
(2, (1, 0, 1), (1, 1)): [1]
(2, (1, 0, 1), (1, 2)): [1]
(2, (1, 0, 1), (2, 0)): [0, 0, 2]
(2, (1, 0, 1), (2, 1)): [0, 0, 1]
(2, (1, 0, 1), (3, 0)): [0, 0, 1]
(2, (1, 0, 1), (3, 1)): [0, 0, 2]
(2, (1, 0, 1), (3, 2)): [0, 0, 2]
(2, (1, 1, 0), (0, 0)): [9, 2, 0, 1, 1]
(2, (1, 1, 0), (0, 1)): [1]
(2, (1, 1, 0), (1, 0)): [6]
(2, (1, 1, 0), (1, 1)): [1]
(2, (1, 1, 0), (1, 2)): [1]
(2, (1, 1, 0), (2, 0)): [2]
(2, (1, 1, 0), (2, 1)): [1]
(2, (1, 1, 0), (2, 2)): [1]
(2, (1, 1, 0), (3, 0)): [1]
(2, (1, 1, 1), (0, 0)): [4, 0, 2, 0, 1]
(2, (1, 1, 1), (0, 1)): [3, 0, 1, 0, 1]
(2, (1, 1, 1), (0, 2)): [2]
(2, (1, 1, 1), (1, 1)): [1]
(2, (1, 1, 1), (1, 2)): [2]
