(0, (0, 0, 0)): [351558, 73651, 35161, 16436, 7500, 3352, 1424, 611, 253, 133, 46, 23, 12, 3, 2]
(0, (0, 0, 1)): [1529, 5447, 1525, 744, 376, 153, 75, 41, 20, 7, 2, 1, 2]
(0, (0, 1, 0)): [11502, 12082, 4771, 2263, 1158, 559, 229, 105, 49, 29, 6, 3, 1]
(0, (0, 1, 1)): [1013, 1943, 2535, 1172, 618, 300, 136, 60, 31, 11, 5, 2, 0, 1, 1]
(0, (1, 0, 0)): [78016, 28016, 17748, 8990, 4365, 2018, 872, 385, 159, 88, 33, 14, 8, 3, 2]
(0, (1, 0, 1)): [1857, 6185, 2690, 1868, 1015, 489, 256, 102, 52, 25, 9, 7, 2, 0, 1]
(0, (1, 1, 0)): [10294, 7074, 5839, 4032, 2200, 1033, 467, 231, 91, 46, 24, 7, 4, 1]
(0, (1, 1, 1)): [1036, 1995, 1755, 1414, 1122, 569, 271, 127, 60, 28, 16, 3, 0, 1, 1]
(1, (0, 0, 0)): [278888, 31409, 13267, 5383, 2151, 850, 346, 141, 54, 20, 8, 6, 2]
(1, (0, 0, 1)): [8610, 13930, 2800, 1179, 507, 212, 86, 45, 18, 6, 5, 3, 1]
(1, (0, 1, 0)): [39786, 20136, 6945, 2897, 1239, 520, 189, 90, 25, 20, 4, 4, 3]
(1, (0, 1, 1)): [6838, 6091, 6084, 2376, 1180, 471, 191, 83, 44, 11, 5, 3, 1, 1]
(1, (1, 0, 0)): [115475, 22185, 13722, 6093, 2445, 1038, 403, 158, 68, 31, 11, 9, 2, 2]
(1, (1, 0, 1)): [9378, 12235, 4192, 2729, 1131, 524, 197, 74, 28, 24, 7, 2]
(1, (1, 1, 0)): [30185, 9852, 7207, 4810, 2121, 936, 368, 149, 53, 25, 6, 6, 1, 3]
(1, (1, 1, 1)): [6008, 5054, 3338, 2331, 1622, 733, 302, 114, 49, 20, 7, 4, 1, 1]
(2, (0, 0, 0)): [238793, 10652, 3740, 1185, 424, 166, 57, 23, 5, 1, 1]
(2, (0, 0, 1)): [27241, 8983, 1711, 582, 199, 86, 31, 8, 0, 1]
(2, (0, 1, 0)): [65097, 15575, 3864, 1321, 445, 162, 52, 13, 4, 1]
(2, (0, 1, 1)): [16510, 1422, 4013, 1092, 402, 149, 52, 18, 10, 3, 1]
(2, (1, 0, 0)): [141928, 11226, 6446, 2144, 743, 240, 97, 31, 11, 2, 1]
(2, (1, 0, 1)): [25013, 6694, 2878, 1573, 485, 196, 67, 28, 10, 1, 0, 1]
(2, (1, 1, 0)): [50724, 8185, 4464, 2668, 914, 325, 99, 30, 16, 5, 2, 0, 0, 1]
(2, (1, 1, 1)): [15016, 2250, 2703, 1421, 978, 346, 107, 39, 19, 2, 2, 0, 0, 1]
