(0, (0, 0, 0)): [14604, 2676, 1204, 528, 226, 91, 36, 18, 8, 2, 1, 1]
(0, (0, 0, 1)): [66, 161, 50, 22, 13, 0, 4, 1]
(0, (0, 1, 0)): [510, 405, 160, 66, 34, 16, 6, 3, 0, 1]
(0, (0, 1, 1)): [42, 56, 68, 39, 24, 5, 5, 1, 3, 1]
(0, (1, 0, 0)): [3233, 1003, 624, 276, 122, 49, 29, 11, 6, 1, 1, 1]
(0, (1, 0, 1)): [64, 204, 82, 43, 29, 12, 7, 2, 1]
(0, (1, 1, 0)): [422, 261, 225, 131, 73, 30, 13, 5, 2, 0, 0, 1]
(0, (1, 1, 1)): [41, 77, 61, 43, 31, 12, 9, 2, 2, 0, 1, 1]
(1, (0, 0, 0)): [11556, 1162, 434, 185, 65, 28, 5, 5, 2, 1]
(1, (0, 0, 1)): [311, 393, 71, 34, 13, 8, 2, 0, 0, 1]
(1, (0, 1, 0)): [1617, 669, 237, 96, 39, 13, 6, 4]
(1, (0, 1, 1)): [286, 191, 182, 71, 36, 6, 4, 3, 0, 1]
(1, (1, 0, 0)): [4523, 783, 457, 184, 57, 28, 10, 4, 3, 1]
(1, (1, 0, 1)): [303, 388, 123, 59, 27, 14, 2, 2, 1]
(1, (1, 1, 0)): [1321, 417, 269, 161, 53, 34, 12, 4, 3, 1]
(1, (1, 1, 1)): [315, 235, 153, 98, 64, 25, 8, 2, 2]
(2, (0, 0, 0)): [9754, 419, 124, 48, 16, 5, 1]
(2, (0, 0, 1)): [805, 251, 43, 13, 4, 3]
(2, (0, 1, 0)): [2416, 512, 117, 44, 16, 4, 1, 1]
(2, (0, 1, 1)): [553, 62, 116, 29, 6, 2, 1, 1]
(2, (1, 0, 0)): [5444, 408, 223, 70, 18, 6, 1]
(2, (1, 0, 1)): [802, 210, 75, 29, 7, 5, 1]
(2, (1, 1, 0)): [2423, 390, 176, 98, 30, 9, 1]
(2, (1, 1, 1)): [746, 114, 97, 56, 31, 10, 1]
