(0, (0, 0, 0), (0, 0)): [1683279, 337014, 154480, 70531, 31445, 13328, 5538, 2169, 883, 361, 161, 78, 21, 16, 3, 0, 1]
(0, (0, 0, 0), (0, 1)): [451191, 85569, 39019, 18154, 7991, 3436, 1422, 492, 235, 92, 45, 23, 4, 4, 1]
(0, (0, 0, 0), (0, 2)): [175777, 29515, 13238, 6023, 2603, 1107, 448, 143, 76, 30, 8, 4, 3, 1, 1]
(0, (0, 0, 0), (1, 0)): [365588, 80088, 38081, 17794, 8304, 3526, 1516, 632, 246, 97, 50, 20, 6, 6, 2, 0, 1]
(0, (0, 0, 0), (1, 1)): [371281, 73836, 34295, 15929, 7177, 3066, 1295, 493, 218, 77, 47, 21, 3, 5, 0, 0, 1]
(0, (0, 0, 0), (1, 2)): [261854, 45541, 20803, 9382, 4145, 1737, 749, 274, 125, 42, 16, 8, 3, 2, 1]
(0, (0, 0, 0), (2, 0)): [116087, 28039, 14394, 6785, 3283, 1365, 586, 266, 96, 46, 22, 8, 2, 3, 1]
(0, (0, 0, 0), (2, 1)): [187060, 40894, 20040, 9316, 4387, 1858, 741, 329, 138, 54, 30, 14, 3, 3, 0, 0, 1]
(0, (0, 0, 0), (2, 2)): [205876, 39087, 18564, 8515, 3805, 1575, 677, 255, 131, 40, 18, 6, 3, 2, 1, 0, 1]
(0, (0, 0, 0), (3, 0)): [33331, 9005, 5381, 2717, 1319, 547, 245, 111, 39, 24, 11, 3, 0, 2, 1]
(0, (0, 0, 0), (3, 1)): [70593, 17938, 9672, 4728, 2300, 1006, 391, 198, 82, 34, 12, 10, 2, 4, 1]
(0, (0, 0, 0), (3, 2)): [107376, 23762, 12512, 5820, 2756, 1175, 473, 210, 97, 37, 13, 11, 2, 2, 1, 0, 1]
(0, (0, 0, 1), (0, 0)): [5723, 16574, 4497, 2273, 1059, 457, 192, 60, 26, 19, 14, 3, 1, 2]
(0, (0, 0, 1), (0, 1)): [1165, 3544, 958, 461, 208, 96, 35, 16, 9, 5, 4, 1]
(0, (0, 0, 1), (0, 2)): [523, 1326, 338, 161, 68, 38, 15, 6, 6, 0, 1]
(0, (0, 0, 1), (1, 0)): [1165, 3725, 1079, 596, 295, 130, 54, 20, 8, 5, 6]
(0, (0, 0, 1), (1, 1)): [1058, 3245, 869, 449, 227, 100, 34, 13, 5, 9, 2, 1]
(0, (0, 0, 1), (1, 2)): [838, 2088, 535, 267, 116, 63, 18, 9, 4, 4, 1]
(0, (0, 0, 1), (2, 0)): [456, 1325, 432, 265, 117, 54, 22, 11, 4, 1, 5]
(0, (0, 0, 1), (2, 1)): [562, 1837, 545, 314, 148, 66, 32, 11, 6, 5, 2, 1]
(0, (0, 0, 1), (2, 2)): [745, 1915, 519, 263, 131, 62, 20, 7, 3, 4, 1]
(0, (0, 0, 1), (3, 0)): [189, 403, 133, 106, 45, 21, 7, 2, 0, 0, 3]
(0, (0, 0, 1), (3, 1)): [241, 794, 236, 191, 81, 33, 19, 3, 3, 3, 0, 1]
(0, (0, 0, 1), (3, 2)): [418, 1150, 325, 225, 110, 43, 18, 3, 3, 3]
(0, (0, 1, 0), (0, 0)): [66566, 59036, 23534, 11862, 5513, 2361, 1030, 419, 173, 79, 29, 13, 6, 5, 2, 0, 1]
(0, (0, 1, 0), (0, 1)): [16554, 14219, 5652, 2731, 1273, 533, 252, 96, 39, 19, 7, 4, 2, 1, 1]
(0, (0, 1, 0), (0, 2)): [6816, 4977, 2005, 930, 443, 186, 91, 33, 16, 5, 0, 1, 2]
(0, (0, 1, 0), (1, 0)): [15726, 14361, 6119, 3280, 1518, 704, 292, 125, 54, 18, 10, 4, 2, 2, 1, 0, 1]
(0, (0, 1, 0), (1, 1)): [14216, 12163, 4999, 2568, 1191, 505, 224, 93, 31, 21, 10, 4, 0, 2, 1]
(0, (0, 1, 0), (1, 2)): [10037, 7598, 3133, 1537, 688, 290, 123, 65, 20, 8, 3, 3, 2, 0, 1]
(0, (0, 1, 0), (2, 0)): [5787, 5061, 2345, 1330, 604, 314, 117, 57, 22, 5, 2, 3, 2, 1, 0, 0, 1]
(0, (0, 1, 0), (2, 1)): [7742, 6746, 2929, 1514, 736, 329, 156, 51, 23, 16, 5, 2, 1, 1, 0, 0, 1]
(0, (0, 1, 0), (2, 2)): [8496, 6461, 2812, 1351, 634, 269, 124, 50, 21, 8, 4, 2, 1, 0, 1, 0, 1]
(0, (0, 1, 0), (3, 0)): [2057, 1436, 805, 543, 243, 141, 51, 31, 9, 2, 0, 1, 1]
(0, (0, 1, 0), (3, 1)): [3430, 2766, 1340, 883, 399, 189, 77, 37, 7, 5, 2, 2, 0, 1]
(0, (0, 1, 0), (3, 2)): [5013, 3716, 1776, 997, 459, 221, 108, 39, 9, 8, 2, 1, 0, 0, 1, 0, 1]
(0, (0, 1, 1), (0, 0)): [5219, 8480, 9873, 4654, 2414, 1190, 504, 213, 103, 51, 14, 10, 3, 2, 1, 0, 1]
(0, (0, 1, 1), (0, 1)): [1293, 2126, 2362, 1052, 556, 271, 122, 47, 18, 11, 3, 3, 1, 0, 0, 0, 1]
(0, (0, 1, 1), (0, 2)): [621, 812, 868, 396, 205, 104, 46, 22, 3, 4, 0, 1]
(0, (0, 1, 1), (1, 0)): [1275, 2098, 2591, 1290, 670, 359, 140, 58, 35, 12, 6, 5, 0, 1, 1]
(0, (0, 1, 1), (1, 1)): [1067, 1822, 2124, 934, 501, 242, 103, 33, 17, 8, 6, 3, 1, 0, 0, 0, 1]
(0, (0, 1, 1), (1, 2)): [883, 1195, 1309, 569, 337, 158, 61, 23, 10, 2, 1, 3, 0, 0, 0, 0, 1]
(0, (0, 1, 1), (2, 0)): [546, 866, 952, 532, 309, 185, 63, 28, 22, 7, 2, 1, 0, 1, 1]
(0, (0, 1, 1), (2, 1)): [538, 983, 1149, 551, 254, 147, 57, 27, 10, 9, 4, 1, 1, 0, 1]
(0, (0, 1, 1), (2, 2)): [680, 1032, 1118, 504, 275, 129, 50, 20, 10, 7, 2, 3, 0, 0, 0, 0, 1]
(0, (0, 1, 1), (3, 0)): [320, 378, 400, 253, 174, 92, 34, 9, 16, 1, 1, 1, 0, 1]
(0, (0, 1, 1), (3, 1)): [224, 390, 463, 241, 154, 89, 32, 15, 11, 4, 1, 1, 0, 0, 1]
(0, (0, 1, 1), (3, 2)): [383, 577, 631, 336, 174, 102, 41, 18, 12, 4, 3, 0, 0, 0, 0, 0, 1]
(0, (1, 0, 0), (0, 0)): [344294, 107281, 72195, 35873, 17099, 7588, 3140, 1317, 559, 229, 110, 44, 13, 13, 2, 0, 1]
(0, (1, 0, 0), (0, 1)): [84355, 24012, 16647, 8163, 3865, 1694, 727, 280, 140, 50, 27, 12, 1, 3]
(0, (1, 0, 0), (0, 2)): [32817, 8151, 5707, 2629, 1205, 528, 241, 98, 40, 16, 10, 3]
(0, (1, 0, 0), (1, 0)): [71404, 24117, 17185, 9046, 4419, 1994, 817, 352, 147, 68, 37, 11, 3, 6, 2, 0, 1]
(0, (1, 0, 0), (1, 1)): [63594, 19323, 13607, 6952, 3233, 1518, 615, 252, 111, 45, 22, 10, 1, 4, 1]
(0, (1, 0, 0), (1, 2)): [42807, 11303, 7947, 3928, 1785, 797, 344, 144, 65, 21, 6, 5, 0, 0, 1]
(0, (1, 0, 0), (2, 0)): [22206, 8183, 6130, 3380, 1724, 773, 324, 132, 50, 35, 19, 3, 3, 3, 0, 0, 1]
(0, (1, 0, 0), (2, 1)): [30554, 10145, 7292, 3848, 1849, 875, 346, 150, 69, 36, 20, 6, 0, 6, 0, 0, 1]
(0, (1, 0, 0), (2, 2)): [31074, 8905, 6328, 3126, 1484, 634, 301, 119, 56, 25, 12, 4, 0, 3]
(0, (1, 0, 0), (3, 0)): [5698, 2557, 1988, 1322, 675, 304, 139, 46, 22, 15, 7, 1, 2]
(0, (1, 0, 0), (3, 1)): [10942, 4284, 3207, 1978, 949, 476, 189, 84, 35, 18, 11, 2, 2, 2]
(0, (1, 0, 0), (3, 2)): [14641, 5243, 3685, 2077, 987, 434, 206, 92, 42, 17, 10, 4, 0, 1]
(0, (1, 0, 1), (0, 0)): [8651, 23597, 9505, 6987, 3604, 1688, 767, 310, 155, 63, 36, 10, 6, 3, 1]
(0, (1, 0, 1), (0, 1)): [2032, 5215, 2121, 1589, 783, 383, 163, 62, 35, 14, 6, 1, 3, 1]
(0, (1, 0, 1), (0, 2)): [959, 1892, 771, 563, 259, 123, 51, 19, 10, 1, 2, 1, 2, 1]
(0, (1, 0, 1), (1, 0)): [1839, 5170, 2152, 1627, 889, 435, 191, 87, 45, 22, 14, 2, 0, 1, 1]
(0, (1, 0, 1), (1, 1)): [1540, 4117, 1740, 1261, 653, 290, 132, 61, 36, 15, 7, 1]
(0, (1, 0, 1), (1, 2)): [1263, 2511, 1061, 740, 374, 163, 70, 31, 18, 5, 2, 1, 2]
(0, (1, 0, 1), (2, 0)): [708, 1641, 718, 576, 326, 182, 76, 32, 17, 11, 5, 1]
(0, (1, 0, 1), (2, 1)): [730, 2072, 890, 671, 345, 188, 80, 32, 21, 14, 5]
(0, (1, 0, 1), (2, 2)): [931, 1900, 832, 601, 303, 149, 69, 33, 10, 9, 2]
(0, (1, 0, 1), (3, 0)): [326, 405, 250, 159, 117, 74, 28, 11, 7, 2, 1, 1]
(0, (1, 0, 1), (3, 1)): [292, 727, 378, 279, 180, 95, 37, 17, 14, 8, 3]
(0, (1, 0, 1), (3, 2)): [460, 953, 493, 337, 213, 113, 48, 22, 13, 11, 4]
(0, (1, 1, 0), (0, 0)): [51144, 29833, 21634, 16232, 8483, 3983, 1677, 746, 323, 142, 63, 28, 7, 5, 1, 0, 1]
(0, (1, 1, 0), (0, 1)): [13556, 7126, 4938, 3784, 2024, 907, 429, 175, 74, 27, 15, 8, 1, 1, 1, 0, 1]
(0, (1, 1, 0), (0, 2)): [5666, 2541, 1710, 1324, 683, 321, 138, 69, 29, 13, 5]
(0, (1, 1, 0), (1, 0)): [10667, 6524, 4968, 3919, 2061, 993, 429, 187, 84, 33, 20, 7, 3, 3]
(0, (1, 1, 0), (1, 1)): [10019, 5533, 3986, 3144, 1612, 731, 331, 138, 43, 19, 17, 4, 2, 2, 1, 0, 1]
(0, (1, 1, 0), (1, 2)): [7403, 3403, 2376, 1941, 950, 414, 191, 81, 33, 18, 5, 2, 0, 1, 0, 0, 1]
(0, (1, 1, 0), (2, 0)): [3145, 2172, 1685, 1328, 796, 404, 176, 76, 39, 12, 6, 5, 0, 1]
(0, (1, 1, 0), (2, 1)): [4619, 2791, 2104, 1637, 912, 420, 196, 80, 38, 9, 12, 5, 2, 0, 1]
(0, (1, 1, 0), (2, 2)): [5263, 2654, 1915, 1521, 793, 360, 162, 78, 28, 14, 7, 2, 0, 0, 0, 0, 1]
(0, (1, 1, 0), (3, 0)): [712, 693, 583, 452, 315, 162, 69, 27, 13, 6, 2, 2, 0, 1]
(0, (1, 1, 0), (3, 1)): [1572, 1183, 940, 748, 502, 261, 111, 39, 21, 8, 5, 2, 2, 0, 1]
(0, (1, 1, 0), (3, 2)): [2427, 1498, 1190, 950, 571, 277, 117, 59, 20, 10, 6, 0, 0, 0, 0, 0, 1]
(0, (1, 1, 1), (0, 0)): [5472, 8670, 7206, 4999, 4176, 2118, 967, 440, 221, 90, 37, 15, 5, 3, 0, 0, 1]
(0, (1, 1, 1), (0, 1)): [1580, 2298, 1863, 1250, 1054, 538, 235, 117, 60, 21, 8, 4, 2, 1]
(0, (1, 1, 1), (0, 2)): [822, 902, 669, 452, 377, 186, 74, 40, 19, 7, 6, 1, 1]
(0, (1, 1, 1), (1, 0)): [1075, 1995, 1689, 1196, 1014, 553, 245, 93, 57, 24, 9, 4, 0, 1, 0, 0, 1]
(0, (1, 1, 1), (1, 1)): [1068, 1791, 1459, 971, 847, 465, 210, 97, 48, 18, 5, 4, 1, 1, 0, 0, 1]
(0, (1, 1, 1), (1, 2)): [975, 1224, 952, 626, 543, 256, 110, 57, 24, 11, 5, 3, 0, 1, 0, 0, 1]
(0, (1, 1, 1), (2, 0)): [301, 575, 575, 429, 370, 204, 81, 34, 17, 12, 3, 2, 0, 1]
(0, (1, 1, 1), (2, 1)): [482, 822, 742, 513, 419, 260, 104, 49, 33, 12, 3, 0, 1]
(0, (1, 1, 1), (2, 2)): [644, 894, 745, 492, 417, 228, 93, 49, 25, 13, 3, 1, 1]
(0, (1, 1, 1), (3, 0)): [56, 154, 150, 150, 112, 76, 38, 16, 5, 5, 2, 1, 0, 1]
(0, (1, 1, 1), (3, 1)): [140, 284, 294, 214, 191, 114, 58, 20, 12, 6, 1, 1, 0, 1]
(0, (1, 1, 1), (3, 2)): [248, 444, 408, 293, 271, 141, 82, 29, 17, 7, 2, 0, 1, 1]
(1, (0, 0, 0), (0, 0)): [1387472, 153545, 62481, 24778, 9657, 3632, 1428, 476, 163, 67, 22, 13, 3, 1]
(1, (0, 0, 0), (0, 1)): [370628, 38016, 15390, 6105, 2403, 906, 341, 123, 39, 14, 4, 5, 1]
(1, (0, 0, 0), (0, 2)): [146032, 12663, 5153, 1892, 748, 277, 89, 32, 6, 5, 1, 3]
(1, (0, 0, 0), (1, 0)): [311802, 38871, 16279, 6600, 2689, 1028, 393, 122, 49, 21, 6, 3]
(1, (0, 0, 0), (1, 1)): [311339, 34402, 14009, 5609, 2271, 811, 354, 117, 39, 12, 6, 2, 1]
(1, (0, 0, 0), (1, 2)): [217781, 20230, 8161, 3131, 1281, 447, 175, 49, 18, 8, 1, 2, 1]
(1, (0, 0, 0), (2, 0)): [103018, 14408, 6477, 2763, 1120, 439, 162, 53, 20, 13, 2, 2]
(1, (0, 0, 0), (2, 1)): [161598, 19971, 8586, 3470, 1438, 543, 193, 79, 18, 15, 6, 2]
(1, (0, 0, 0), (2, 2)): [176050, 18189, 7668, 3060, 1223, 439, 155, 59, 22, 8, 1, 1]
(1, (0, 0, 0), (3, 0)): [30143, 4705, 2613, 1177, 450, 197, 87, 23, 14, 6, 1, 1]
(1, (0, 0, 0), (3, 1)): [63729, 9290, 4642, 1997, 826, 328, 113, 45, 13, 6, 3]
(1, (0, 0, 0), (3, 2)): [95628, 11832, 5769, 2344, 988, 357, 122, 51, 14, 8, 3]
(1, (0, 0, 1), (0, 0)): [36369, 49104, 9869, 4462, 1754, 723, 271, 80, 40, 14, 9, 4, 1, 1]
(1, (0, 0, 1), (0, 1)): [8754, 10559, 2129, 903, 314, 145, 68, 18, 4, 1, 3, 1]
(1, (0, 0, 1), (0, 2)): [3884, 3525, 670, 275, 102, 45, 19, 3, 3, 0, 1, 1]
(1, (0, 0, 1), (1, 0)): [9203, 12966, 2748, 1386, 553, 234, 78, 28, 21, 5, 2, 1]
(1, (0, 0, 1), (1, 1)): [7970, 9932, 2043, 938, 347, 141, 59, 18, 7, 3, 1, 1]
(1, (0, 0, 1), (1, 2)): [6059, 5665, 1134, 496, 189, 81, 36, 7, 5, 1, 1, 2]
(1, (0, 0, 1), (2, 0)): [3889, 5205, 1214, 702, 283, 120, 44, 17, 11, 3, 1]
(1, (0, 0, 1), (2, 1)): [4530, 5855, 1253, 649, 241, 98, 29, 16, 7, 2, 1]
(1, (0, 0, 1), (2, 2)): [5312, 5162, 1112, 527, 182, 75, 37, 10, 3, 1, 2, 2]
(1, (0, 0, 1), (3, 0)): [1913, 1998, 557, 384, 155, 73, 24, 8, 3, 1, 1]
(1, (0, 0, 1), (3, 1)): [2000, 2536, 643, 357, 143, 68, 19, 10, 4, 2]
(1, (0, 0, 1), (3, 2)): [3184, 3183, 789, 418, 153, 71, 33, 11, 3, 0, 1]
(1, (0, 1, 0), (0, 0)): [186451, 73783, 28536, 12526, 5065, 1998, 699, 294, 96, 37, 20, 3, 4]
(1, (0, 1, 0), (0, 1)): [45376, 17113, 6431, 2660, 1090, 460, 155, 71, 17, 11, 6, 1, 1]
(1, (0, 1, 0), (0, 2)): [18128, 6020, 2184, 818, 333, 153, 46, 23, 7, 4, 1, 1, 1]
(1, (0, 1, 0), (1, 0)): [47337, 18875, 7769, 3833, 1544, 619, 233, 93, 41, 15, 5]
(1, (0, 1, 0), (1, 1)): [40557, 15490, 6066, 2702, 1105, 431, 168, 58, 20, 6, 5]
(1, (0, 1, 0), (1, 2)): [27887, 9434, 3514, 1445, 556, 228, 83, 40, 13, 7, 1, 1]
(1, (0, 1, 0), (2, 0)): [19743, 7363, 3369, 1911, 813, 322, 114, 56, 22, 10, 4]
(1, (0, 1, 0), (2, 1)): [23303, 8967, 3824, 1840, 797, 299, 116, 40, 16, 6, 2]
(1, (0, 1, 0), (2, 2)): [24178, 8209, 3328, 1424, 578, 247, 85, 32, 11, 6, 2]
(1, (0, 1, 0), (3, 0)): [8900, 2744, 1450, 1017, 449, 183, 67, 30, 11, 6, 2]
(1, (0, 1, 0), (3, 1)): [10804, 3900, 1901, 1145, 500, 169, 80, 37, 16, 5, 2]
(1, (0, 1, 0), (3, 2)): [14814, 5019, 2322, 1176, 520, 189, 79, 31, 9, 7, 2]
(1, (0, 1, 1), (0, 0)): [28204, 22495, 18499, 7669, 4011, 1589, 642, 255, 91, 37, 9, 6, 2]
(1, (0, 1, 1), (0, 1)): [6240, 4642, 3960, 1589, 729, 260, 124, 56, 14, 1, 4, 1]
(1, (0, 1, 1), (0, 2)): [2966, 1487, 1410, 569, 262, 80, 43, 22, 2, 0, 3]
(1, (0, 1, 1), (1, 0)): [7863, 6706, 5136, 2308, 1356, 576, 229, 85, 32, 16, 1, 2, 1]
(1, (0, 1, 1), (1, 1)): [5344, 4229, 3501, 1415, 701, 250, 105, 44, 16, 6, 0, 2]
(1, (0, 1, 1), (1, 2)): [4366, 2417, 2179, 827, 436, 142, 63, 32, 5, 3, 2, 1]
(1, (0, 1, 1), (2, 0)): [4367, 3440, 2530, 1278, 873, 396, 156, 58, 23, 9, 1, 1]
(1, (0, 1, 1), (2, 1)): [2896, 2378, 1976, 871, 437, 177, 74, 19, 10, 3]
(1, (0, 1, 1), (2, 2)): [3668, 2111, 1881, 765, 393, 127, 57, 17, 6, 1, 1, 1]
(1, (0, 1, 1), (3, 0)): [3147, 2201, 1481, 871, 703, 317, 122, 51, 19, 6, 1, 1]
(1, (0, 1, 1), (3, 1)): [1220, 1049, 864, 407, 246, 123, 41, 19, 8, 3]
(1, (0, 1, 1), (3, 2)): [2057, 1350, 1071, 521, 314, 107, 40, 18, 7, 2, 0, 1]
(1, (1, 0, 0), (0, 0)): [498635, 83006, 57328, 24235, 9936, 3872, 1555, 553, 192, 83, 28, 16, 4, 1]
(1, (1, 0, 0), (0, 1)): [122959, 18721, 12872, 5501, 2188, 864, 345, 133, 36, 16, 9, 4, 1]
(1, (1, 0, 0), (0, 2)): [47459, 6227, 4149, 1719, 662, 298, 112, 36, 8, 3, 4]
(1, (1, 0, 0), (1, 0)): [111372, 20227, 14521, 6534, 2725, 1099, 456, 158, 49, 27, 8, 4, 1]
(1, (1, 0, 0), (1, 1)): [97762, 15928, 11181, 4921, 1982, 759, 324, 120, 38, 18, 6, 6, 1]
(1, (1, 0, 0), (1, 2)): [65212, 9206, 6320, 2688, 1048, 401, 169, 62, 18, 6, 5, 1]
(1, (1, 0, 0), (2, 0)): [36291, 7158, 5380, 2635, 1131, 447, 195, 67, 25, 9, 3]
(1, (1, 0, 0), (2, 1)): [48698, 8655, 6226, 3009, 1200, 480, 200, 72, 22, 9, 5, 4, 1]
(1, (1, 0, 0), (2, 2)): [49045, 7533, 5185, 2367, 936, 373, 153, 58, 13, 5, 3, 1, 1]
(1, (1, 0, 0), (3, 0)): [10181, 2324, 1707, 1019, 467, 179, 87, 23, 9, 4, 1]
(1, (1, 0, 0), (3, 1)): [18652, 3955, 2790, 1611, 670, 258, 126, 31, 15, 5, 3, 1]
(1, (1, 0, 0), (3, 2)): [24452, 4748, 3153, 1689, 663, 262, 121, 35, 16, 7, 4, 2, 1]
(1, (1, 0, 1), (0, 0)): [42548, 43282, 13767, 9760, 4246, 1716, 696, 259, 87, 37, 10, 6, 2]
(1, (1, 0, 1), (0, 1)): [10691, 9434, 2999, 2110, 901, 376, 132, 43, 22, 6, 3, 1, 2]
(1, (1, 0, 1), (0, 2)): [4747, 3113, 1035, 736, 319, 120, 56, 21, 9, 2, 2, 0, 1]
(1, (1, 0, 1), (1, 0)): [9487, 9758, 3371, 2455, 1127, 475, 184, 80, 26, 14, 1, 2]
(1, (1, 0, 1), (1, 1)): [8288, 7716, 2559, 1786, 725, 341, 111, 34, 14, 6, 1, 2, 1]
(1, (1, 0, 1), (1, 2)): [6164, 4370, 1504, 1041, 414, 186, 65, 30, 9, 2, 3]
(1, (1, 0, 1), (2, 0)): [3367, 3086, 1210, 906, 467, 188, 79, 39, 9, 6, 0, 1]
(1, (1, 0, 1), (2, 1)): [4137, 3890, 1338, 974, 469, 181, 67, 22, 11, 6, 0, 3]
(1, (1, 0, 1), (2, 2)): [4586, 3358, 1225, 844, 391, 144, 60, 21, 10, 3, 1]
(1, (1, 0, 1), (3, 0)): [1251, 845, 421, 319, 178, 90, 33, 11, 1, 2]
(1, (1, 0, 1), (3, 1)): [1531, 1487, 618, 442, 232, 104, 32, 15, 2, 3, 0, 2]
(1, (1, 0, 1), (3, 2)): [2266, 1878, 764, 515, 293, 107, 38, 13, 7, 2, 0, 2]
(1, (1, 1, 0), (0, 0)): [144596, 40001, 26631, 20280, 8357, 3417, 1333, 533, 196, 77, 28, 15, 5, 1]
(1, (1, 1, 0), (0, 1)): [37945, 9412, 6096, 4709, 1979, 819, 288, 126, 55, 20, 9, 4, 1]
(1, (1, 1, 0), (0, 2)): [15540, 3377, 2067, 1617, 665, 266, 82, 43, 15, 4, 3]
(1, (1, 1, 0), (1, 0)): [32085, 9722, 6696, 5199, 2245, 938, 422, 148, 35, 26, 11, 4]
(1, (1, 1, 0), (1, 1)): [29770, 7940, 5428, 4145, 1747, 716, 270, 119, 42, 23, 9, 4, 1]
(1, (1, 1, 0), (1, 2)): [21166, 4877, 3111, 2394, 996, 363, 124, 66, 24, 6, 7, 2, 1]
(1, (1, 1, 0), (2, 0)): [10252, 3590, 2352, 1859, 937, 406, 196, 59, 15, 12, 6, 2]
(1, (1, 1, 0), (2, 1)): [14693, 4375, 3058, 2319, 1076, 474, 202, 64, 27, 12, 7, 2]
(1, (1, 1, 0), (2, 2)): [15994, 4037, 2662, 2032, 933, 385, 141, 57, 24, 8, 3, 2, 1]
(1, (1, 1, 0), (3, 0)): [2637, 1291, 858, 575, 372, 160, 77, 30, 3, 6, 1, 2]
(1, (1, 1, 0), (3, 1)): [5374, 2134, 1487, 1100, 591, 260, 110, 36, 12, 8, 4, 2]
(1, (1, 1, 0), (3, 2)): [7964, 2544, 1777, 1317, 691, 269, 98, 37, 18, 8, 2, 1]
(1, (1, 1, 1), (0, 0)): [30944, 21467, 13820, 8852, 6948, 2948, 1200, 457, 171, 62, 16, 11, 4, 2]
(1, (1, 1, 1), (0, 1)): [8608, 5263, 3304, 2129, 1671, 697, 283, 99, 45, 14, 3, 1, 0, 1]
(1, (1, 1, 1), (0, 2)): [4111, 1833, 1184, 781, 576, 223, 92, 27, 10, 8, 2, 0, 0, 1]
(1, (1, 1, 1), (1, 0)): [6353, 5104, 3215, 2111, 1793, 785, 362, 131, 45, 14, 6, 6, 1]
(1, (1, 1, 1), (1, 1)): [6289, 4284, 2722, 1770, 1394, 593, 277, 98, 39, 10, 3, 3]
(1, (1, 1, 1), (1, 2)): [5092, 2534, 1713, 1110, 822, 353, 151, 50, 22, 9, 1, 3, 0, 1]
(1, (1, 1, 1), (2, 0)): [1677, 1720, 1127, 715, 656, 310, 146, 55, 16, 6, 3, 2]
(1, (1, 1, 1), (2, 1)): [2737, 2268, 1409, 913, 747, 349, 161, 55, 21, 5, 3, 1]
(1, (1, 1, 1), (2, 2)): [3497, 2072, 1381, 887, 689, 302, 142, 46, 20, 11, 1, 3, 0, 1]
(1, (1, 1, 1), (3, 0)): [294, 528, 399, 235, 194, 107, 51, 23, 5, 3, 0, 1]
(1, (1, 1, 1), (3, 1)): [715, 978, 658, 410, 345, 180, 68, 30, 15, 2, 2, 1]
(1, (1, 1, 1), (3, 2)): [1340, 1225, 835, 527, 423, 218, 97, 34, 16, 4, 2, 1, 0, 1]
(2, (0, 0, 0), (0, 0)): [1217338, 58528, 19203, 6156, 1996, 604, 207, 66, 12, 6, 3]
(2, (0, 0, 0), (0, 1)): [319930, 13110, 4400, 1411, 504, 142, 48, 16, 3]
(2, (0, 0, 0), (0, 2)): [124833, 3620, 1272, 387, 152, 38, 3, 7]
(2, (0, 0, 0), (1, 0)): [282036, 16245, 5548, 1745, 588, 163, 65, 18, 7]
(2, (0, 0, 0), (1, 1)): [275769, 12894, 4402, 1395, 489, 149, 58, 13, 5]
(2, (0, 0, 0), (1, 2)): [188866, 6271, 2214, 725, 250, 72, 23, 8, 1]
(2, (0, 0, 0), (2, 0)): [97952, 6405, 2585, 771, 267, 68, 27, 7, 3]
(2, (0, 0, 0), (2, 1)): [149309, 8262, 3134, 910, 321, 91, 39, 10, 5]
(2, (0, 0, 0), (2, 2)): [159129, 6385, 2438, 752, 247, 74, 27, 7, 1]
(2, (0, 0, 0), (3, 0)): [30266, 2108, 1163, 356, 122, 34, 10, 4]
(2, (0, 0, 0), (3, 1)): [62111, 4128, 1964, 613, 194, 53, 18, 7, 3]
(2, (0, 0, 0), (3, 2)): [91772, 4763, 2223, 677, 222, 72, 25, 7, 2]
(2, (0, 0, 1), (0, 0)): [110607, 29772, 6743, 2347, 808, 275, 68, 27, 8, 4, 0, 1]
(2, (0, 0, 1), (0, 1)): [27803, 6453, 1395, 483, 152, 63, 12, 5, 1, 3]
(2, (0, 0, 1), (0, 2)): [11269, 1975, 415, 144, 49, 19, 4, 0, 0, 1]
(2, (0, 0, 1), (1, 0)): [30551, 8160, 2065, 808, 294, 96, 32, 11, 3, 1, 0, 1]
(2, (0, 0, 1), (1, 1)): [25764, 6251, 1388, 544, 175, 62, 12, 6, 1, 2]
(2, (0, 0, 1), (1, 2)): [17907, 3350, 690, 251, 100, 34, 7, 3, 0, 2]
(2, (0, 0, 1), (2, 0)): [13325, 3380, 1014, 451, 168, 54, 18, 6, 2, 1, 0, 1]
(2, (0, 0, 1), (2, 1)): [15417, 3883, 1016, 424, 141, 38, 12, 6, 0, 2]
(2, (0, 0, 1), (2, 2)): [16314, 3282, 776, 299, 107, 37, 6, 4]
(2, (0, 0, 1), (3, 0)): [6342, 1335, 495, 284, 95, 37, 12, 1, 2, 0, 0, 1]
(2, (0, 0, 1), (3, 1)): [7259, 1809, 579, 310, 92, 27, 11, 4, 0, 1]
(2, (0, 0, 1), (3, 2)): [10326, 2268, 633, 313, 108, 28, 10, 3, 0, 1]
(2, (0, 1, 0), (0, 0)): [294840, 56667, 16938, 6064, 2083, 650, 199, 61, 15, 12, 6]
(2, (0, 1, 0), (0, 1)): [72510, 12348, 3473, 1116, 422, 123, 37, 9, 6, 3, 1]
(2, (0, 1, 0), (0, 2)): [29340, 3716, 1057, 315, 109, 26, 9, 2, 3, 1]
(2, (0, 1, 0), (1, 0)): [79756, 15388, 5158, 2162, 708, 215, 79, 23, 1, 2]
(2, (0, 1, 0), (1, 1)): [66400, 11837, 3515, 1245, 455, 123, 51, 12, 3, 2, 1]
(2, (0, 1, 0), (1, 2)): [46007, 6286, 1766, 616, 215, 50, 26, 7, 1, 1]
(2, (0, 1, 0), (2, 0)): [35604, 6420, 2473, 1272, 431, 132, 39, 15, 1, 2]
(2, (0, 1, 0), (2, 1)): [39039, 7263, 2397, 946, 330, 93, 29, 6, 2, 2, 1]
(2, (0, 1, 0), (2, 2)): [41016, 6048, 1830, 713, 244, 67, 32, 8, 0, 2]
(2, (0, 1, 0), (3, 0)): [18052, 2677, 1225, 839, 277, 87, 28, 13, 1, 2]
(2, (0, 1, 0), (3, 1)): [18094, 3354, 1292, 670, 239, 66, 21, 6, 2, 1, 1]
(2, (0, 1, 0), (3, 2)): [25659, 4016, 1434, 740, 246, 64, 38, 8, 0, 1]
(2, (0, 1, 1), (0, 0)): [67416, 5020, 12922, 3943, 1565, 527, 164, 46, 13, 3, 3]
(2, (0, 1, 1), (0, 1)): [17248, 1012, 2876, 824, 292, 108, 28, 6, 1, 2]
(2, (0, 1, 1), (0, 2)): [7432, 349, 890, 259, 99, 31, 11, 2, 0, 2]
(2, (0, 1, 1), (1, 0)): [19309, 1629, 3635, 1332, 587, 217, 65, 22, 5, 0, 2]
(2, (0, 1, 1), (1, 1)): [15481, 961, 2732, 855, 310, 127, 27, 9, 4, 0, 1]
(2, (0, 1, 1), (1, 2)): [11661, 579, 1557, 452, 173, 60, 12, 3, 1, 2, 1]
(2, (0, 1, 1), (2, 0)): [9203, 915, 1639, 687, 386, 131, 42, 15, 1, 0, 1]
(2, (0, 1, 1), (2, 1)): [9101, 633, 1665, 568, 258, 87, 24, 8, 3, 0, 1]
(2, (0, 1, 1), (2, 2)): [10448, 605, 1467, 494, 185, 75, 13, 3, 3, 1]
(2, (0, 1, 1), (3, 0)): [5276, 620, 842, 398, 260, 103, 26, 12]
(2, (0, 1, 1), (3, 1)): [4215, 363, 765, 303, 173, 59, 20, 8, 1, 0, 1]
(2, (0, 1, 1), (3, 2)): [6540, 482, 989, 378, 176, 76, 15, 6, 4, 1]
(2, (1, 0, 0), (0, 0)): [598103, 41434, 29827, 9491, 3096, 978, 369, 105, 24, 9, 4, 1]
(2, (1, 0, 0), (0, 1)): [147768, 8946, 6101, 1969, 662, 219, 85, 31, 10, 1, 0, 1]
(2, (1, 0, 0), (0, 2)): [56886, 2481, 1644, 550, 175, 50, 22, 9, 4]
(2, (1, 0, 0), (1, 0)): [137080, 11176, 8022, 2765, 938, 267, 111, 31, 8, 2]
(2, (1, 0, 0), (1, 1)): [120951, 8080, 5613, 1914, 643, 197, 79, 24, 7, 1]
(2, (1, 0, 0), (1, 2)): [80349, 3994, 2587, 938, 295, 83, 33, 10, 4]
(2, (1, 0, 0), (2, 0)): [45908, 4283, 2992, 1208, 423, 127, 50, 19, 6, 2]
(2, (1, 0, 0), (2, 1)): [62495, 4809, 3433, 1283, 429, 131, 53, 14, 5]
(2, (1, 0, 0), (2, 2)): [62498, 3759, 2433, 922, 306, 91, 39, 9, 4]
(2, (1, 0, 0), (3, 0)): [13501, 1586, 949, 547, 186, 56, 20, 11, 3, 2]
(2, (1, 0, 0), (3, 1)): [25145, 2541, 1646, 822, 246, 77, 28, 9, 3, 1]
(2, (1, 0, 0), (3, 2)): [33070, 2785, 1715, 816, 260, 84, 29, 13, 1, 1]
(2, (1, 0, 1), (0, 0)): [110107, 23448, 9128, 6254, 2106, 671, 221, 60, 20, 8, 2, 2, 1]
(2, (1, 0, 1), (0, 1)): [28195, 5228, 1949, 1315, 449, 157, 56, 11, 4, 2, 1, 0, 1]
(2, (1, 0, 1), (0, 2)): [11506, 1568, 568, 359, 132, 43, 12, 2, 1, 1]
(2, (1, 0, 1), (1, 0)): [26528, 5634, 2622, 1831, 649, 187, 67, 16, 3, 2, 0, 1]
(2, (1, 0, 1), (1, 1)): [23383, 4524, 1923, 1279, 467, 152, 52, 14, 3, 2, 1, 1, 1]
(2, (1, 0, 1), (1, 2)): [16303, 2380, 996, 605, 234, 79, 29, 5, 3, 1]
(2, (1, 0, 1), (2, 0)): [9526, 1935, 1067, 718, 288, 85, 33, 9, 3]
(2, (1, 0, 1), (2, 1)): [12462, 2449, 1203, 760, 324, 101, 33, 11, 0, 1, 0, 1]
(2, (1, 0, 1), (2, 2)): [12758, 1906, 939, 574, 215, 85, 34, 5, 3]
(2, (1, 0, 1), (3, 0)): [3217, 560, 434, 265, 119, 38, 19, 3, 3]
(2, (1, 0, 1), (3, 1)): [5333, 994, 620, 378, 207, 48, 26, 5, 3, 1]
(2, (1, 0, 1), (3, 2)): [7110, 1022, 726, 416, 203, 66, 23, 6, 5]
(2, (1, 1, 0), (0, 0)): [241225, 33857, 17167, 12868, 4165, 1290, 458, 153, 41, 19, 5, 3]
(2, (1, 1, 0), (0, 1)): [62742, 7531, 3744, 2764, 845, 263, 93, 34, 6, 4, 2, 1]
(2, (1, 1, 0), (0, 2)): [26205, 2218, 1128, 788, 252, 78, 26, 13, 2, 1]
(2, (1, 1, 0), (1, 0)): [55328, 8094, 4590, 3488, 1275, 362, 136, 40, 16, 4, 1, 1]
(2, (1, 1, 0), (1, 1)): [51827, 6677, 3529, 2613, 818, 266, 83, 32, 8, 4, 2, 2]
(2, (1, 1, 0), (1, 2)): [37535, 3503, 1860, 1292, 404, 143, 33, 18, 6, 1, 1, 1]
(2, (1, 1, 0), (2, 0)): [18957, 2814, 1842, 1351, 642, 170, 68, 17, 8, 3]
(2, (1, 1, 0), (2, 1)): [27059, 3627, 2190, 1621, 630, 161, 68, 23, 5, 3]
(2, (1, 1, 0), (2, 2)): [29779, 3030, 1800, 1229, 465, 129, 45, 19, 9, 1, 1, 1]
(2, (1, 1, 0), (3, 0)): [6023, 838, 747, 438, 296, 92, 29, 7, 5, 2]
(2, (1, 1, 0), (3, 1)): [11394, 1549, 1234, 811, 437, 112, 43, 8, 4, 2]
(2, (1, 1, 0), (3, 2)): [16390, 1857, 1473, 903, 463, 106, 43, 15, 6, 1, 1]
(2, (1, 1, 1), (0, 0)): [72456, 9390, 11506, 5649, 4449, 1360, 467, 150, 46, 12, 5, 4]
(2, (1, 1, 1), (0, 1)): [20758, 1990, 2620, 1312, 1002, 331, 107, 31, 17, 3, 3]
(2, (1, 1, 1), (0, 2)): [9201, 650, 773, 411, 274, 90, 36, 6, 3, 1, 2]
(2, (1, 1, 1), (1, 0)): [15707, 3184, 2888, 1577, 1264, 402, 134, 46, 13, 5, 0, 2]
(2, (1, 1, 1), (1, 1)): [16268, 2105, 2387, 1261, 969, 314, 99, 33, 14, 4]
(2, (1, 1, 1), (1, 2)): [12731, 1137, 1274, 637, 475, 173, 52, 15, 4, 2, 1]
(2, (1, 1, 1), (2, 0)): [4418, 1811, 996, 631, 508, 167, 57, 19, 5, 3, 0, 2]
(2, (1, 1, 1), (2, 1)): [7383, 1715, 1334, 827, 622, 215, 66, 17, 9, 2]
(2, (1, 1, 1), (2, 2)): [9126, 1321, 1134, 657, 477, 185, 56, 14, 5, 4, 1]
(2, (1, 1, 1), (3, 0)): [758, 1095, 281, 257, 154, 77, 31, 13, 2, 3, 0, 1]
(2, (1, 1, 1), (3, 1)): [2100, 1450, 529, 448, 328, 117, 44, 11, 5, 3, 0, 1]
(2, (1, 1, 1), (3, 2)): [3866, 1493, 689, 573, 362, 151, 49, 14, 4, 3, 1]
