(0, (0, 0, 0)): [15114, 2861, 1277, 554, 230, 111, 47, 13, 7, 0, 2, 1, 1]
(0, (0, 0, 1)): [47, 170, 39, 15, 7, 4, 2, 2]
(0, (0, 1, 0)): [460, 454, 152, 81, 34, 13, 7, 3, 0, 0, 1, 1, 1]
(0, (0, 1, 1)): [55, 76, 91, 34, 27, 11, 2, 2, 1]
(0, (1, 0, 0)): [3364, 1067, 664, 307, 139, 66, 31, 6, 5, 0, 1, 1]
(0, (1, 0, 1)): [65, 258, 88, 65, 23, 12, 10, 6]
(0, (1, 1, 0)): [525, 299, 255, 145, 73, 51, 21, 5, 4, 0, 0, 1]
(0, (1, 1, 1)): [41, 84, 76, 55, 46, 28, 10, 5, 0, 1, 1, 1]
(1, (0, 0, 0)): [12032, 1212, 493, 181, 63, 31, 8, 3, 2]
(1, (0, 0, 1)): [280, 420, 81, 23, 12, 6, 3, 1, 1, 0, 1]
(1, (0, 1, 0)): [1502, 715, 229, 85, 26, 10, 5, 1, 0, 0, 0, 1]
(1, (0, 1, 1)): [307, 236, 215, 85, 27, 12, 5, 0, 1]
(1, (1, 0, 0)): [4762, 817, 503, 209, 75, 31, 11, 2, 1, 0, 1]
(1, (1, 0, 1)): [335, 463, 142, 72, 29, 14, 6, 1, 0, 0, 2]
(1, (1, 1, 0)): [1320, 379, 280, 170, 74, 33, 11, 1, 1]
(1, (1, 1, 1)): [284, 225, 148, 102, 65, 30, 11, 1]
(2, (0, 0, 0)): [10258, 405, 131, 40, 15, 5, 1, 1, 1]
(2, (0, 0, 1)): [815, 249, 45, 6, 7, 2, 0, 0, 1, 0, 0, 1]
(2, (0, 1, 0)): [2462, 545, 132, 40, 15, 5]
(2, (0, 1, 1)): [549, 45, 137, 24, 15, 0, 1, 1]
(2, (1, 0, 0)): [5748, 422, 228, 78, 23, 5, 1, 2, 0, 0, 1]
(2, (1, 0, 1)): [843, 202, 84, 41, 8, 4, 0, 0, 1]
(2, (1, 1, 0)): [2419, 391, 175, 116, 33, 9, 0, 2, 0, 0, 1]
(2, (1, 1, 1)): [671, 97, 109, 65, 31, 7, 2, 1, 0, 0, 1]
