(0, (0, 0, 0), (0, 0)): [27154, 4991, 2207, 984, 423, 175, 71, 32, 11, 4, 1]
(0, (0, 0, 0), (0, 1)): [372, 68, 35, 13, 7, 2]
(0, (0, 0, 0), (0, 2)): [174, 32, 16, 6, 4, 2]
(0, (0, 0, 0), (1, 0)): [334, 63, 34, 6, 8, 1, 1]
(0, (0, 0, 0), (1, 1)): [305, 59, 37, 10, 6, 0, 1]
(0, (0, 0, 0), (1, 2)): [178, 39, 16, 6, 4, 1]
(0, (0, 0, 0), (2, 0)): [115, 22, 7, 2, 3]
(0, (0, 0, 0), (2, 1)): [153, 34, 17, 4, 2, 0, 1]
(0, (0, 0, 0), (2, 2)): [130, 21, 7, 2, 2, 1]
(0, (0, 0, 0), (3, 0)): [34, 5, 0, 0, 1]
(0, (0, 0, 0), (3, 1)): [46, 18, 7, 1, 1]
(0, (0, 0, 0), (3, 2)): [38, 10, 3, 0, 2]
(0, (0, 0, 1), (0, 0)): [115, 313, 90, 43, 10, 4, 3, 0, 1]
(0, (0, 0, 1), (0, 1)): [4, 1, 0, 1]
(0, (0, 0, 1), (0, 2)): [3]
(0, (0, 0, 1), (1, 0)): [2, 5]
(0, (0, 0, 1), (1, 1)): [2, 2, 0, 1]
(0, (0, 0, 1), (1, 2)): [2, 0, 0, 1]
(0, (0, 0, 1), (2, 0)): [0, 2]
(0, (0, 0, 1), (2, 1)): [1, 1]
(0, (0, 0, 1), (3, 1)): [1]
(0, (0, 1, 0), (0, 0)): [1102, 938, 343, 169, 89, 35, 9, 9, 3]
(0, (0, 1, 0), (0, 1)): [15, 20, 5, 2, 1]
(0, (0, 1, 0), (0, 2)): [8, 11, 5, 0, 1]
(0, (0, 1, 0), (1, 0)): [15, 10, 6, 1, 1]
(0, (0, 1, 0), (1, 1)): [16, 12, 3, 2]
(0, (0, 1, 0), (1, 2)): [8, 11, 2, 1, 1]
(0, (0, 1, 0), (2, 0)): [4, 4, 2, 1, 1]
(0, (0, 1, 0), (2, 1)): [6, 6, 4, 1]
(0, (0, 1, 0), (2, 2)): [4, 3, 1, 1]
(0, (0, 1, 0), (3, 0)): [1, 1]
(0, (0, 1, 0), (3, 1)): [0, 3, 1]
(0, (0, 1, 0), (3, 2)): [1, 2, 1]
(0, (0, 1, 1), (0, 0)): [84, 139, 176, 68, 36, 14, 5, 1]
(0, (0, 1, 1), (0, 1)): [2, 4, 5, 4, 1, 1]
(0, (0, 1, 1), (0, 2)): [1, 0, 2, 2, 1, 1]
(0, (0, 1, 1), (1, 0)): [1, 3, 2, 1]
(0, (0, 1, 1), (1, 1)): [2, 4, 3, 2]
(0, (0, 1, 1), (1, 2)): [1, 3, 2, 1, 1]
(0, (0, 1, 1), (2, 0)): [0, 3, 0, 1]
(0, (0, 1, 1), (2, 1)): [1, 3, 1]
(0, (0, 1, 1), (2, 2)): [0, 0, 2, 1]
(0, (0, 1, 1), (3, 1)): [1, 2]
(0, (0, 1, 1), (3, 2)): [0, 0, 1]
(0, (1, 0, 0), (0, 0)): [5767, 1916, 1122, 535, 254, 108, 42, 20, 7, 2, 1]
(0, (1, 0, 0), (0, 1)): [73, 31, 15, 6, 6, 2]
(0, (1, 0, 0), (0, 2)): [32, 12, 6, 2, 4, 2]
(0, (1, 0, 0), (1, 0)): [72, 28, 18, 4, 6, 1, 1]
(0, (1, 0, 0), (1, 1)): [54, 30, 18, 5, 4, 0, 1]
(0, (1, 0, 0), (1, 2)): [34, 18, 8, 2, 3, 1]
(0, (1, 0, 0), (2, 0)): [21, 9, 3, 2, 3]
(0, (1, 0, 0), (2, 1)): [31, 12, 9, 1, 1, 0, 1]
(0, (1, 0, 0), (2, 2)): [31, 9, 4, 2, 2, 1]
(0, (1, 0, 0), (3, 0)): [7, 1, 0, 0, 1]
(0, (1, 0, 0), (3, 1)): [9, 5, 3, 0, 1]
(0, (1, 0, 0), (3, 2)): [10, 3, 1, 0, 2]
(0, (1, 0, 1), (0, 0)): [154, 377, 160, 110, 65, 16, 15, 6, 3]
(0, (1, 0, 1), (0, 1)): [4, 4, 1, 0, 2]
(0, (1, 0, 1), (0, 2)): [2, 1, 1, 0, 1]
(0, (1, 0, 1), (1, 0)): [1, 3, 2, 0, 1]
(0, (1, 0, 1), (1, 1)): [3, 4, 0, 0, 2]
(0, (1, 0, 1), (1, 2)): [1, 3, 1, 0, 1]
(0, (1, 0, 1), (2, 0)): [0, 1, 2]
(0, (1, 0, 1), (2, 1)): [2, 0, 2, 0, 1]
(0, (1, 0, 1), (2, 2)): [1, 1, 0, 0, 2]
(0, (1, 0, 1), (3, 0)): [0, 1]
(0, (1, 0, 1), (3, 1)): [1, 1]
(0, (1, 0, 1), (3, 2)): [0, 1, 0, 0, 1]
(0, (1, 1, 0), (0, 0)): [770, 515, 369, 241, 123, 74, 18, 11, 6]
(0, (1, 1, 0), (0, 1)): [9, 8, 1, 8, 4, 1]
(0, (1, 1, 0), (0, 2)): [5, 5, 0, 4, 2, 1]
(0, (1, 1, 0), (1, 0)): [10, 6, 5, 2, 3, 1, 1]
(0, (1, 1, 0), (1, 1)): [4, 6, 4, 5, 3, 0, 1]
(0, (1, 1, 0), (1, 2)): [4, 3, 2, 4, 2, 1]
(0, (1, 1, 0), (2, 0)): [6, 2, 0, 0, 2]
(0, (1, 1, 0), (2, 1)): [1, 5, 2, 1, 0, 0, 1]
(0, (1, 1, 0), (2, 2)): [2, 2, 1, 5, 0, 1]
(0, (1, 1, 0), (3, 0)): [3]
(0, (1, 1, 0), (3, 1)): [2, 2, 1]
(0, (1, 1, 0), (3, 2)): [2, 1, 1, 1]
(0, (1, 1, 1), (0, 0)): [91, 133, 117, 81, 50, 29, 10, 8, 4]
(0, (1, 1, 1), (0, 1)): [1, 1, 1, 2, 1, 1]
(0, (1, 1, 1), (0, 2)): [0, 0, 1, 1, 1, 1]
(0, (1, 1, 1), (1, 0)): [2, 3, 2, 1, 2, 1]
(0, (1, 1, 1), (1, 1)): [1, 2, 1, 2, 1]
(0, (1, 1, 1), (1, 2)): [1, 0, 2, 2, 1, 1]
(0, (1, 1, 1), (2, 0)): [1, 2]
(0, (1, 1, 1), (2, 1)): [0, 1]
(0, (1, 1, 1), (2, 2)): [1, 0, 0, 1, 0, 1]
(0, (1, 1, 1), (3, 0)): [1]
(1, (0, 0, 0), (0, 0)): [22102, 2123, 860, 325, 114, 48, 27, 8, 2, 2]
(1, (0, 0, 0), (0, 1)): [311, 20, 18, 6, 1]
(1, (0, 0, 0), (0, 2)): [144, 11, 9, 4]
(1, (0, 0, 0), (1, 0)): [264, 25, 10, 2, 1]
(1, (0, 0, 0), (1, 1)): [257, 19, 14, 4, 1]
(1, (0, 0, 0), (1, 2)): [151, 11, 7, 3, 1]
(1, (0, 0, 0), (2, 0)): [97, 10, 3]
(1, (0, 0, 0), (2, 1)): [124, 15, 5, 3]
(1, (0, 0, 0), (2, 2)): [102, 9, 2]
(1, (0, 0, 0), (3, 0)): [27, 4]
(1, (0, 0, 0), (3, 1)): [40, 10, 3, 1]
(1, (0, 0, 0), (3, 2)): [29, 6, 1]
(1, (0, 0, 1), (0, 0)): [608, 793, 165, 75, 31, 7, 3, 1]
(1, (0, 0, 1), (0, 1)): [13, 11, 1, 1]
(1, (0, 0, 1), (0, 2)): [7, 7, 0, 1]
(1, (0, 0, 1), (1, 0)): [9, 10, 3]
(1, (0, 0, 1), (1, 1)): [11, 9, 1]
(1, (0, 0, 1), (1, 2)): [6, 3]
(1, (0, 0, 1), (2, 0)): [1, 3, 2]
(1, (0, 0, 1), (2, 1)): [3, 7, 1]
(1, (0, 0, 1), (2, 2)): [1]
(1, (0, 0, 1), (3, 1)): [1, 2, 1]
(1, (0, 0, 1), (3, 2)): [1]
(1, (0, 1, 0), (0, 0)): [3326, 1302, 435, 178, 76, 32, 14, 5, 0, 0, 1]
(1, (0, 1, 0), (0, 1)): [39, 19, 6, 2]
(1, (0, 1, 0), (0, 2)): [17, 9, 3]
(1, (0, 1, 0), (1, 0)): [46, 18, 9, 3, 1]
(1, (0, 1, 0), (1, 1)): [37, 18, 8, 4]
(1, (0, 1, 0), (1, 2)): [15, 9, 3, 1]
(1, (0, 1, 0), (2, 0)): [17, 7, 1, 1]
(1, (0, 1, 0), (2, 1)): [22, 9, 4, 2]
(1, (0, 1, 0), (2, 2)): [13, 6, 1]
(1, (0, 1, 0), (3, 0)): [2, 1]
(1, (0, 1, 0), (3, 1)): [6, 3, 2]
(1, (0, 1, 0), (3, 2)): [4, 3]
(1, (0, 1, 1), (0, 0)): [432, 358, 318, 111, 52, 27, 6, 2, 1]
(1, (0, 1, 1), (0, 1)): [10, 9, 5, 5, 2, 1]
(1, (0, 1, 1), (0, 2)): [4, 6, 4, 3, 1, 1]
(1, (0, 1, 1), (1, 0)): [4, 4, 3, 2, 0, 0, 1]
(1, (0, 1, 1), (1, 1)): [9, 5, 4, 2, 1, 0, 1]
(1, (0, 1, 1), (1, 2)): [6, 6, 2, 3, 2]
(1, (0, 1, 1), (2, 0)): [0, 1, 0, 1]
(1, (0, 1, 1), (2, 1)): [4, 3, 3, 1, 0, 0, 1]
(1, (0, 1, 1), (2, 2)): [3, 1, 3, 2]
(1, (0, 1, 1), (3, 0)): [0, 0, 0, 1]
(1, (0, 1, 1), (3, 1)): [2, 0, 0, 2]
(1, (0, 1, 1), (3, 2)): [1, 0, 1, 1]
(1, (1, 0, 0), (0, 0)): [8054, 1368, 840, 336, 119, 50, 26, 4, 2, 1, 1]
(1, (1, 0, 0), (0, 1)): [102, 16, 23, 5, 1]
(1, (1, 0, 0), (0, 2)): [53, 10, 9, 3]
(1, (1, 0, 0), (1, 0)): [99, 17, 11, 3, 2]
(1, (1, 0, 0), (1, 1)): [83, 13, 21, 4, 1]
(1, (1, 0, 0), (1, 2)): [53, 10, 10, 3, 1]
(1, (1, 0, 0), (2, 0)): [32, 6, 2, 1, 1]
(1, (1, 0, 0), (2, 1)): [45, 8, 6, 2]
(1, (1, 0, 0), (2, 2)): [47, 8, 3]
(1, (1, 0, 0), (3, 0)): [7, 0, 0, 0, 1]
(1, (1, 0, 0), (3, 1)): [14, 2, 3, 1, 1]
(1, (1, 0, 0), (3, 2)): [13, 0, 0, 0, 1]
(1, (1, 0, 1), (0, 0)): [702, 729, 257, 133, 64, 30, 12, 6, 1]
(1, (1, 0, 1), (0, 1)): [11, 9, 4, 3]
(1, (1, 0, 1), (0, 2)): [7, 3, 4, 2]
(1, (1, 0, 1), (1, 0)): [8, 8, 2, 2, 3, 1]
(1, (1, 0, 1), (1, 1)): [7, 8, 0, 2, 0, 1]
(1, (1, 0, 1), (1, 2)): [7, 7, 2, 2]
(1, (1, 0, 1), (2, 0)): [3, 3, 1, 0, 2]
(1, (1, 0, 1), (2, 1)): [3, 3, 0, 1, 0, 1]
(1, (1, 0, 1), (2, 2)): [1, 2, 1]
(1, (1, 0, 1), (3, 0)): [0, 0, 0, 0, 1]
(1, (1, 0, 1), (3, 1)): [3, 2, 0, 0, 1]
(1, (1, 0, 1), (3, 2)): [0, 0, 0, 0, 1]
(1, (1, 1, 0), (0, 0)): [2296, 676, 449, 299, 120, 51, 24, 3, 4, 1, 1]
(1, (1, 1, 0), (0, 1)): [32, 6, 8, 3]
(1, (1, 1, 0), (0, 2)): [16, 4, 4, 2]
(1, (1, 1, 0), (1, 0)): [33, 7, 6, 4, 1, 0, 1]
(1, (1, 1, 0), (1, 1)): [25, 4, 8, 3, 0, 0, 1]
(1, (1, 1, 0), (1, 2)): [17, 4, 3, 2]
(1, (1, 1, 0), (2, 0)): [12, 4, 2]
(1, (1, 1, 0), (2, 1)): [13, 5, 3, 1, 0, 0, 1]
(1, (1, 1, 0), (2, 2)): [14, 2]
(1, (1, 1, 0), (3, 0)): [3]
(1, (1, 1, 0), (3, 1)): [6, 3, 1]
(1, (1, 1, 0), (3, 2)): [3]
(1, (1, 1, 1), (0, 0)): [467, 334, 247, 141, 83, 44, 14, 3, 2]
(1, (1, 1, 1), (0, 1)): [9, 6, 5, 5, 1]
(1, (1, 1, 1), (0, 2)): [3, 3, 4, 2, 1]
(1, (1, 1, 1), (1, 0)): [6, 4, 5, 4]
(1, (1, 1, 1), (1, 1)): [8, 4, 4, 4]
(1, (1, 1, 1), (1, 2)): [5, 2, 4, 4, 1]
(1, (1, 1, 1), (2, 0)): [2, 2, 0, 1]
(1, (1, 1, 1), (2, 1)): [6, 4, 3, 1]
(1, (1, 1, 1), (2, 2)): [3, 0, 3, 2]
(1, (1, 1, 1), (3, 0)): [1, 0, 0, 1]
(1, (1, 1, 1), (3, 1)): [2, 2, 1, 2]
(1, (1, 1, 1), (3, 2)): [0, 0, 0, 1]
(2, (0, 0, 0), (0, 0)): [19121, 765, 225, 76, 23, 11, 4, 1, 0, 1]
(2, (0, 0, 0), (0, 1)): [268, 6, 2]
(2, (0, 0, 0), (0, 2)): [120, 3, 1]
(2, (0, 0, 0), (1, 0)): [239, 13, 2]
(2, (0, 0, 0), (1, 1)): [226, 8, 2]
(2, (0, 0, 0), (1, 2)): [128, 3]
(2, (0, 0, 0), (2, 0)): [87, 5, 1]
(2, (0, 0, 0), (2, 1)): [113, 7, 2]
(2, (0, 0, 0), (2, 2)): [81, 2, 1]
(2, (0, 0, 0), (3, 0)): [26, 3]
(2, (0, 0, 0), (3, 1)): [38, 6, 1]
(2, (0, 0, 0), (3, 2)): [25, 4, 1]
(2, (0, 0, 1), (0, 0)): [1717, 489, 81, 29, 14, 5, 2]
(2, (0, 0, 1), (0, 1)): [30, 5, 1]
(2, (0, 0, 1), (0, 2)): [16, 4]
(2, (0, 0, 1), (1, 0)): [30, 2, 1]
(2, (0, 0, 1), (1, 1)): [27, 3, 2]
(2, (0, 0, 1), (1, 2)): [15, 2, 1]
(2, (0, 0, 1), (2, 0)): [8]
(2, (0, 0, 1), (2, 1)): [11, 2, 1]
(2, (0, 0, 1), (2, 2)): [6, 2]
(2, (0, 0, 1), (3, 0)): [2]
(2, (0, 0, 1), (3, 1)): [2, 0, 1]
(2, (0, 0, 1), (3, 2)): [1, 1]
(2, (0, 1, 0), (0, 0)): [4859, 911, 240, 73, 34, 6, 4]
(2, (0, 1, 0), (0, 1)): [68, 13, 2]
(2, (0, 1, 0), (0, 2)): [31, 4]
(2, (0, 1, 0), (1, 0)): [55, 13, 2, 1]
(2, (0, 1, 0), (1, 1)): [57, 19, 2]
(2, (0, 1, 0), (1, 2)): [28, 8]
(2, (0, 1, 0), (2, 0)): [14, 1, 0, 1]
(2, (0, 1, 0), (2, 1)): [26, 8]
(2, (0, 1, 0), (2, 2)): [20, 9]
(2, (0, 1, 0), (3, 0)): [4, 1]
(2, (0, 1, 0), (3, 1)): [7, 2]
(2, (0, 1, 0), (3, 2)): [6, 4]
(2, (0, 1, 1), (0, 0)): [1005, 80, 222, 52, 23, 7, 2, 1, 1]
(2, (0, 1, 1), (0, 1)): [15, 0, 3, 2]
(2, (0, 1, 1), (0, 2)): [7, 0, 3, 1]
(2, (0, 1, 1), (1, 0)): [11, 1, 0, 1]
(2, (0, 1, 1), (1, 1)): [11, 0, 0, 1]
(2, (0, 1, 1), (1, 2)): [7, 0, 1, 2]
(2, (0, 1, 1), (2, 0)): [4, 1]
(2, (0, 1, 1), (2, 1)): [4]
(2, (0, 1, 1), (2, 2)): [5]
(2, (0, 1, 1), (3, 0)): [2, 1]
(2, (0, 1, 1), (3, 1)): [3, 1]
(2, (0, 1, 1), (3, 2)): [3, 1]
(2, (1, 0, 0), (0, 0)): [9585, 692, 379, 121, 33, 14, 6, 1, 0, 2]
(2, (1, 0, 0), (0, 1)): [130, 9, 7]
(2, (1, 0, 0), (0, 2)): [59, 6, 4]
(2, (1, 0, 0), (1, 0)): [110, 12, 5]
(2, (1, 0, 0), (1, 1)): [104, 7, 5]
(2, (1, 0, 0), (1, 2)): [67, 5, 3]
(2, (1, 0, 0), (2, 0)): [42, 4, 2]
(2, (1, 0, 0), (2, 1)): [45, 4, 2]
(2, (1, 0, 0), (2, 2)): [43, 2, 2]
(2, (1, 0, 0), (3, 0)): [16, 3]
(2, (1, 0, 0), (3, 1)): [12, 4, 1]
(2, (1, 0, 0), (3, 2)): [12, 4, 1]
(2, (1, 0, 1), (0, 0)): [1687, 394, 140, 82, 21, 9, 3, 0, 1, 1]
(2, (1, 0, 1), (0, 1)): [20, 1, 3]
(2, (1, 0, 1), (0, 2)): [10, 1, 2]
(2, (1, 0, 1), (1, 0)): [26, 3]
(2, (1, 0, 1), (1, 1)): [20, 2, 1]
(2, (1, 0, 1), (1, 2)): [10, 1, 2]
(2, (1, 0, 1), (2, 0)): [6, 1]
(2, (1, 0, 1), (2, 1)): [8, 3]
(2, (1, 0, 1), (2, 2)): [7, 3, 1]
(2, (1, 0, 1), (3, 0)): [2]
(2, (1, 0, 1), (3, 1)): [3, 1]
(2, (1, 0, 1), (3, 2)): [1, 2]
(2, (1, 1, 0), (0, 0)): [3798, 543, 252, 179, 73, 18, 9, 1, 0, 1]
(2, (1, 1, 0), (0, 1)): [38, 7]
(2, (1, 1, 0), (0, 2)): [19, 5]
(2, (1, 1, 0), (1, 0)): [43, 6, 3]
(2, (1, 1, 0), (1, 1)): [31, 5, 1]
(2, (1, 1, 0), (1, 2)): [19, 4]
(2, (1, 1, 0), (2, 0)): [21, 3]
(2, (1, 1, 0), (2, 1)): [22, 3, 1]
(2, (1, 1, 0), (2, 2)): [18, 3, 1]
(2, (1, 1, 0), (3, 0)): [5, 2]
(2, (1, 1, 0), (3, 1)): [11, 3]
(2, (1, 1, 0), (3, 2)): [7, 2, 1]
(2, (1, 1, 1), (0, 0)): [1085, 132, 165, 87, 71, 21, 7, 3, 1]
(2, (1, 1, 1), (0, 1)): [13, 4, 1]
(2, (1, 1, 1), (0, 2)): [5, 4, 1]
(2, (1, 1, 1), (1, 0)): [12, 2, 1, 1]
(2, (1, 1, 1), (1, 1)): [10, 1, 1]
(2, (1, 1, 1), (1, 2)): [4]
(2, (1, 1, 1), (2, 0)): [5, 1, 0, 1]
(2, (1, 1, 1), (2, 1)): [7, 2, 1]
(2, (1, 1, 1), (2, 2)): [5, 1]
(2, (1, 1, 1), (3, 0)): [1, 0, 0, 1]
(2, (1, 1, 1), (3, 1)): [3, 1, 0, 1]
(2, (1, 1, 1), (3, 2)): [1, 1, 0, 1]
