(0, (0, 0, 0), (0, 0)): [14378, 2842, 1358, 652, 330, 132, 55, 24, 13, 3, 2]
(0, (0, 0, 0), (0, 1)): [863, 173, 86, 31, 14, 7, 1, 1, 1]
(0, (0, 0, 0), (0, 2)): [278, 55, 27, 12, 6, 0, 1, 1]
(0, (0, 0, 0), (1, 0)): [837, 179, 102, 44, 25, 3, 4, 2, 1]
(0, (0, 0, 0), (1, 1)): [758, 147, 84, 34, 18, 5, 0, 2, 1]
(0, (0, 0, 0), (1, 2)): [452, 65, 41, 12, 8, 1, 1, 1]
(0, (0, 0, 0), (2, 0)): [278, 67, 35, 17, 13, 2, 4, 0, 1]
(0, (0, 0, 0), (2, 1)): [417, 86, 51, 21, 14, 5, 2, 1, 1]
(0, (0, 0, 0), (2, 2)): [393, 62, 37, 15, 8, 3, 1, 1]
(0, (0, 0, 0), (3, 0)): [88, 24, 14, 10, 5, 0, 2, 0, 1]
(0, (0, 0, 0), (3, 1)): [162, 46, 29, 14, 10, 2, 1, 1, 2]
(0, (0, 0, 0), (3, 2)): [221, 40, 32, 11, 9, 1, 2, 2, 1]
(0, (0, 0, 1), (0, 0)): [69, 167, 62, 23, 3, 5, 0, 2, 0, 1]
(0, (0, 0, 1), (0, 1)): [5, 9, 3, 2]
(0, (0, 0, 1), (0, 2)): [3, 3, 1]
(0, (0, 0, 1), (1, 0)): [10, 12, 7, 4, 1, 0, 0, 1]
(0, (0, 0, 1), (1, 1)): [6, 7, 3, 4, 1]
(0, (0, 0, 1), (1, 2)): [5, 4, 2, 3, 1]
(0, (0, 0, 1), (2, 0)): [4, 6, 5, 1, 0, 0, 0, 1]
(0, (0, 0, 1), (2, 1)): [4, 5, 1]
(0, (0, 0, 1), (2, 2)): [3, 2, 2, 2]
(0, (0, 0, 1), (3, 0)): [1, 2, 3, 1, 0, 0, 0, 1]
(0, (0, 0, 1), (3, 1)): [2, 1, 0, 1, 0, 0, 0, 1]
(0, (0, 0, 1), (3, 2)): [2, 1, 1, 1, 0, 0, 0, 1]
(0, (0, 1, 0), (0, 0)): [454, 442, 161, 83, 33, 22, 8, 4, 1, 0, 1]
(0, (0, 1, 0), (0, 1)): [33, 20, 8, 4, 1, 1, 1]
(0, (0, 1, 0), (0, 2)): [14, 5, 3, 1, 1, 1]
(0, (0, 1, 0), (1, 0)): [26, 31, 10, 8, 1, 1]
(0, (0, 1, 0), (1, 1)): [22, 22, 3, 8, 0, 0, 1]
(0, (0, 1, 0), (1, 2)): [22, 13, 2, 3, 0, 1, 1]
(0, (0, 1, 0), (2, 0)): [10, 12, 4, 2, 0, 1]
(0, (0, 1, 0), (2, 1)): [10, 11, 3, 5, 0, 1]
(0, (0, 1, 0), (2, 2)): [14, 6, 4, 2]
(0, (0, 1, 0), (3, 0)): [3, 4, 0, 1]
(0, (0, 1, 0), (3, 1)): [3, 4, 0, 5, 0, 1]
(0, (0, 1, 0), (3, 2)): [6, 5, 3, 4]
(0, (0, 1, 1), (0, 0)): [48, 77, 97, 39, 27, 10, 4, 2, 1]
(0, (0, 1, 1), (0, 1)): [1, 3, 6, 0, 2, 0, 1]
(0, (0, 1, 1), (0, 2)): [0, 0, 3, 0, 1, 0, 1]
(0, (0, 1, 1), (1, 0)): [3, 3, 8, 3, 0, 1, 0, 1]
(0, (0, 1, 1), (1, 1)): [2, 4, 2, 2, 1, 1]
(0, (0, 1, 1), (1, 2)): [0, 3, 0, 1, 2, 1]
(0, (0, 1, 1), (2, 0)): [1, 2, 6, 1, 0, 0, 0, 1]
(0, (0, 1, 1), (2, 1)): [1, 0, 3, 1]
(0, (0, 1, 1), (2, 2)): [1, 0, 2, 1, 0, 1]
(0, (0, 1, 1), (3, 0)): [1, 1, 4, 1, 0, 0, 0, 1]
(0, (0, 1, 1), (3, 1)): [1, 0, 0, 1]
(0, (0, 1, 1), (3, 2)): [1, 0, 1, 1, 0, 1]
(0, (1, 0, 0), (0, 0)): [3241, 1040, 679, 349, 202, 76, 41, 17, 9, 2, 1]
(0, (1, 0, 0), (0, 1)): [184, 55, 42, 19, 6, 4, 1, 1]
(0, (1, 0, 0), (0, 2)): [68, 15, 12, 4, 0, 1]
(0, (1, 0, 0), (1, 0)): [152, 58, 40, 30, 14, 0, 1]
(0, (1, 0, 0), (1, 1)): [135, 54, 31, 28, 7, 2, 1, 1]
(0, (1, 0, 0), (1, 2)): [80, 30, 17, 12, 1, 2]
(0, (1, 0, 0), (2, 0)): [43, 12, 9, 10, 9]
(0, (1, 0, 0), (2, 1)): [59, 25, 14, 14, 7, 1, 0, 1]
(0, (1, 0, 0), (2, 2)): [50, 25, 12, 11, 2, 2]
(0, (1, 0, 0), (3, 0)): [13, 4, 5, 6, 7]
(0, (1, 0, 0), (3, 1)): [22, 5, 7, 5, 6]
(0, (1, 0, 0), (3, 2)): [26, 8, 7, 7, 5, 2]
(0, (1, 0, 1), (0, 0)): [62, 228, 88, 66, 32, 20, 3, 5, 2, 1, 1]
(0, (1, 0, 1), (0, 1)): [4, 14, 9, 5, 2, 1, 0, 1]
(0, (1, 0, 1), (0, 2)): [2, 5, 4, 0, 1, 1]
(0, (1, 0, 1), (1, 0)): [4, 12, 3, 6, 1, 1, 0, 1, 1]
(0, (1, 0, 1), (1, 1)): [2, 11, 4, 6, 1, 0, 0, 1, 1]
(0, (1, 0, 1), (1, 2)): [0, 5, 5, 1, 2, 0, 0, 1]
(0, (1, 0, 1), (2, 0)): [1, 7, 2, 2, 1, 1, 0, 1]
(0, (1, 0, 1), (2, 1)): [2, 7, 2, 4, 1, 0, 0, 0, 1]
(0, (1, 0, 1), (2, 2)): [2, 7, 6, 2, 2, 0, 0, 1]
(0, (1, 0, 1), (3, 0)): [0, 3, 2, 1, 0, 1, 0, 1]
(0, (1, 0, 1), (3, 1)): [0, 3, 1]
(0, (1, 0, 1), (3, 2)): [1, 4, 1, 1, 1]
(0, (1, 1, 0), (0, 0)): [466, 309, 245, 170, 103, 46, 32, 11, 6, 2]
(0, (1, 1, 0), (0, 1)): [19, 13, 13, 9, 4, 0, 1]
(0, (1, 1, 0), (0, 2)): [6, 4, 1, 4, 2]
(0, (1, 1, 0), (1, 0)): [22, 12, 18, 10, 5, 4, 1]
(0, (1, 1, 0), (1, 1)): [17, 10, 12, 7, 3, 2]
(0, (1, 1, 0), (1, 2)): [10, 4, 6, 4, 2, 1]
(0, (1, 1, 0), (2, 0)): [4, 3, 7, 2, 3, 2]
(0, (1, 1, 0), (2, 1)): [6, 6, 6, 3, 2, 2]
(0, (1, 1, 0), (2, 2)): [7, 2, 2, 3, 2, 1]
(0, (1, 1, 0), (3, 0)): [2, 1, 2, 0, 2]
(0, (1, 1, 0), (3, 1)): [5, 4, 1, 2, 1, 1]
(0, (1, 1, 0), (3, 2)): [7, 4, 1, 2, 1]
(0, (1, 1, 1), (0, 0)): [57, 91, 88, 59, 42, 18, 17, 6, 4, 1]
(0, (1, 1, 1), (0, 1)): [7, 6, 6, 5, 4]
(0, (1, 1, 1), (0, 2)): [4, 2, 2, 1, 1]
(0, (1, 1, 1), (1, 0)): [2, 8, 10, 3, 1, 2, 1, 2]
(0, (1, 1, 1), (1, 1)): [4, 6, 9, 5, 4, 1, 1, 2]
(0, (1, 1, 1), (1, 2)): [7, 4, 3, 2, 1, 0, 1]
(0, (1, 1, 1), (2, 0)): [0, 5, 0, 0, 0, 1]
(0, (1, 1, 1), (2, 1)): [0, 6, 4, 2, 1, 1, 0, 1]
(0, (1, 1, 1), (2, 2)): [3, 7, 4, 2, 1, 1, 1, 1]
(0, (1, 1, 1), (3, 1)): [0, 1, 2, 1]
(0, (1, 1, 1), (3, 2)): [1, 2, 3, 1, 0, 1, 1]
(1, (0, 0, 0), (0, 0)): [11413, 1199, 527, 228, 98, 34, 9, 3, 3, 1]
(1, (0, 0, 0), (0, 1)): [725, 80, 29, 6, 4, 1, 0, 0, 1]
(1, (0, 0, 0), (0, 2)): [260, 22, 9, 3, 1]
(1, (0, 0, 0), (1, 0)): [671, 79, 42, 10, 7, 0, 1]
(1, (0, 0, 0), (1, 1)): [578, 79, 32, 5, 5, 1, 0, 0, 1]
(1, (0, 0, 0), (1, 2)): [380, 37, 17, 1, 1]
(1, (0, 0, 0), (2, 0)): [274, 34, 17, 4, 4]
(1, (0, 0, 0), (2, 1)): [367, 56, 19, 5, 7, 1]
(1, (0, 0, 0), (2, 2)): [317, 40, 17, 2, 4]
(1, (0, 0, 0), (3, 0)): [75, 11, 7, 1, 1]
(1, (0, 0, 0), (3, 1)): [159, 34, 11, 4, 2, 1]
(1, (0, 0, 0), (3, 2)): [204, 34, 15, 3, 4]
(1, (0, 0, 1), (0, 0)): [263, 453, 76, 35, 15, 9, 2, 3]
(1, (0, 0, 1), (0, 1)): [18, 22, 5, 2]
(1, (0, 0, 1), (0, 2)): [7, 11, 4]
(1, (0, 0, 1), (1, 0)): [17, 33, 6, 3, 1, 1]
(1, (0, 0, 1), (1, 1)): [17, 21, 4, 3]
(1, (0, 0, 1), (1, 2)): [13, 12, 3, 1]
(1, (0, 0, 1), (2, 0)): [5, 10, 1, 1, 0, 1]
(1, (0, 0, 1), (2, 1)): [8, 12, 1, 1]
(1, (0, 0, 1), (2, 2)): [6, 5, 1]
(1, (0, 0, 1), (3, 0)): [2, 3, 1, 1]
(1, (0, 0, 1), (3, 1)): [5, 7, 0, 2]
(1, (0, 0, 1), (3, 2)): [3, 5]
(1, (0, 1, 0), (0, 0)): [1479, 720, 270, 105, 53, 16, 7, 6, 1, 1]
(1, (0, 1, 0), (0, 1)): [88, 38, 11, 4, 1]
(1, (0, 1, 0), (0, 2)): [28, 16, 3]
(1, (0, 1, 0), (1, 0)): [102, 63, 18, 9, 6, 3, 1]
(1, (0, 1, 0), (1, 1)): [70, 32, 11, 7, 4, 2]
(1, (0, 1, 0), (1, 2)): [47, 15, 6, 2, 2]
(1, (0, 1, 0), (2, 0)): [47, 24, 6, 6, 2, 0, 1]
(1, (0, 1, 0), (2, 1)): [36, 17, 8, 5, 1, 2, 1]
(1, (0, 1, 0), (2, 2)): [39, 12, 4, 2, 0, 1]
(1, (0, 1, 0), (3, 0)): [24, 12, 0, 4, 2]
(1, (0, 1, 0), (3, 1)): [20, 6, 3, 2, 1, 1]
(1, (0, 1, 0), (3, 2)): [20, 5, 3, 3, 1]
(1, (0, 1, 1), (0, 0)): [262, 234, 205, 75, 43, 21, 8, 1, 2]
(1, (0, 1, 1), (0, 1)): [3, 17, 5, 5, 3]
(1, (0, 1, 1), (0, 2)): [0, 7, 1, 1, 2]
(1, (0, 1, 1), (1, 0)): [22, 15, 18, 7, 3, 0, 1, 0, 1]
(1, (0, 1, 1), (1, 1)): [8, 13, 3, 4]
(1, (0, 1, 1), (1, 2)): [6, 7, 2, 3]
(1, (0, 1, 1), (2, 0)): [15, 10, 13, 4, 2, 0, 1, 0, 1]
(1, (0, 1, 1), (2, 1)): [5, 10, 4, 3]
(1, (0, 1, 1), (2, 2)): [6, 7, 4, 3]
(1, (0, 1, 1), (3, 0)): [11, 6, 9, 2, 2, 0, 1, 0, 1]
(1, (0, 1, 1), (3, 1)): [1, 6, 1]
(1, (0, 1, 1), (3, 2)): [2, 5, 2, 1]
(1, (1, 0, 0), (0, 0)): [4524, 794, 506, 242, 108, 45, 12, 1, 4]
(1, (1, 0, 0), (0, 1)): [261, 53, 27, 9, 5, 1, 1]
(1, (1, 0, 0), (0, 2)): [93, 17, 8, 3, 0, 0, 1]
(1, (1, 0, 0), (1, 0)): [287, 55, 27, 18, 4, 2, 1, 0, 1]
(1, (1, 0, 0), (1, 1)): [212, 45, 26, 8, 5, 1]
(1, (1, 0, 0), (1, 2)): [122, 19, 13, 3, 2, 1, 1]
(1, (1, 0, 0), (2, 0)): [84, 23, 8, 7, 3, 2, 0, 0, 1]
(1, (1, 0, 0), (2, 1)): [100, 27, 9, 6, 3, 1, 0, 0, 1]
(1, (1, 0, 0), (2, 2)): [84, 24, 10, 4, 2, 1]
(1, (1, 0, 0), (3, 0)): [33, 8, 6, 3, 1, 1]
(1, (1, 0, 0), (3, 1)): [47, 12, 6, 5, 0, 2]
(1, (1, 0, 0), (3, 2)): [42, 12, 6, 4, 1, 2]
(1, (1, 0, 1), (0, 0)): [322, 438, 117, 85, 39, 14, 3, 5, 4, 1]
(1, (1, 0, 1), (0, 1)): [19, 15, 4, 4, 2, 1]
(1, (1, 0, 1), (0, 2)): [6, 4, 2, 2, 0, 1]
(1, (1, 0, 1), (1, 0)): [20, 37, 11, 6, 5, 2]
(1, (1, 0, 1), (1, 1)): [15, 17, 2, 3, 5]
(1, (1, 0, 1), (1, 2)): [7, 12, 0, 4, 0, 1]
(1, (1, 0, 1), (2, 0)): [6, 15, 2, 2, 1, 1]
(1, (1, 0, 1), (2, 1)): [8, 10, 1, 0, 4, 1]
(1, (1, 0, 1), (2, 2)): [6, 9, 0, 2, 1, 2]
(1, (1, 0, 1), (3, 0)): [4, 6, 1, 2]
(1, (1, 0, 1), (3, 1)): [3, 5, 1, 1, 2]
(1, (1, 0, 1), (3, 2)): [6, 1, 0, 1, 2, 2]
(1, (1, 1, 0), (0, 0)): [1332, 450, 301, 219, 105, 54, 19, 7, 2]
(1, (1, 1, 0), (0, 1)): [67, 22, 10, 10, 8, 1]
(1, (1, 1, 0), (0, 2)): [20, 6, 4, 1, 1]
(1, (1, 1, 0), (1, 0)): [64, 31, 15, 17, 4, 2, 1]
(1, (1, 1, 0), (1, 1)): [52, 28, 8, 10, 7]
(1, (1, 1, 0), (1, 2)): [39, 12, 7, 5, 2]
(1, (1, 1, 0), (2, 0)): [21, 13, 6, 8, 2, 2]
(1, (1, 1, 0), (2, 1)): [18, 16, 5, 9, 6]
(1, (1, 1, 0), (2, 2)): [27, 10, 7, 4, 1]
(1, (1, 1, 0), (3, 0)): [6, 5, 0, 1, 1, 2]
(1, (1, 1, 0), (3, 1)): [8, 7, 1, 2, 6]
(1, (1, 1, 0), (3, 2)): [10, 9, 1, 1, 4]
(1, (1, 1, 1), (0, 0)): [292, 275, 165, 103, 105, 45, 17, 4, 5]
(1, (1, 1, 1), (0, 1)): [19, 18, 5, 1, 4, 1, 1]
(1, (1, 1, 1), (0, 2)): [6, 8, 2, 0, 2]
(1, (1, 1, 1), (1, 0)): [20, 18, 12, 9, 4, 2, 1, 0, 1]
(1, (1, 1, 1), (1, 1)): [17, 12, 5, 3, 4, 2]
(1, (1, 1, 1), (1, 2)): [15, 7, 5, 1, 3, 1]
(1, (1, 1, 1), (2, 0)): [3, 6, 3, 4, 1, 1, 1]
(1, (1, 1, 1), (2, 1)): [6, 9, 0, 4, 1]
(1, (1, 1, 1), (2, 2)): [12, 7, 2, 2, 4]
(1, (1, 1, 1), (3, 0)): [1, 2, 3, 1, 0, 1, 1]
(1, (1, 1, 1), (3, 1)): [2, 5, 1, 0, 0, 0, 1]
(1, (1, 1, 1), (3, 2)): [5, 5, 2, 1, 1]
(2, (0, 0, 0), (0, 0)): [9903, 415, 157, 61, 26, 7, 3, 1]
(2, (0, 0, 0), (0, 1)): [614, 17, 9, 1, 1]
(2, (0, 0, 0), (0, 2)): [190, 4, 3]
(2, (0, 0, 0), (1, 0)): [632, 34, 13, 1, 1, 0, 1]
(2, (0, 0, 0), (1, 1)): [589, 23, 12, 2, 1]
(2, (0, 0, 0), (1, 2)): [329, 6, 7, 0, 1]
(2, (0, 0, 0), (2, 0)): [234, 15, 5, 0, 1, 0, 1]
(2, (0, 0, 0), (2, 1)): [332, 18, 9, 2, 1]
(2, (0, 0, 0), (2, 2)): [272, 9, 7]
(2, (0, 0, 0), (3, 0)): [90, 4, 0, 0, 0, 0, 1]
(2, (0, 0, 0), (3, 1)): [150, 5, 5, 2, 1]
(2, (0, 0, 0), (3, 2)): [167, 6, 6, 1]
(2, (0, 0, 1), (0, 0)): [770, 267, 56, 17, 10, 3, 2]
(2, (0, 0, 1), (0, 1)): [54, 18, 5, 1, 1, 1, 1]
(2, (0, 0, 1), (0, 2)): [17, 4, 1]
(2, (0, 0, 1), (1, 0)): [67, 19, 5, 1, 0, 1]
(2, (0, 0, 1), (1, 1)): [57, 16, 4, 1, 1, 1, 1]
(2, (0, 0, 1), (1, 2)): [28, 7, 2, 0, 0, 0, 1]
(2, (0, 0, 1), (2, 0)): [37, 6, 4, 1, 0, 1]
(2, (0, 0, 1), (2, 1)): [42, 6, 2, 1]
(2, (0, 0, 1), (2, 2)): [33, 5, 1, 1, 0, 0, 1]
(2, (0, 0, 1), (3, 0)): [17, 2, 2, 1, 0, 1]
(2, (0, 0, 1), (3, 1)): [19, 1, 2]
(2, (0, 0, 1), (3, 2)): [21, 3, 0, 1]
(2, (0, 1, 0), (0, 0)): [2385, 503, 138, 54, 22, 7, 2]
(2, (0, 1, 0), (0, 1)): [137, 34, 4, 0, 0, 1, 1]
(2, (0, 1, 0), (0, 2)): [36, 5, 3]
(2, (0, 1, 0), (1, 0)): [189, 33, 17, 4]
(2, (0, 1, 0), (1, 1)): [123, 31, 4, 1, 0, 1, 1]
(2, (0, 1, 0), (1, 2)): [66, 15, 4, 1]
(2, (0, 1, 0), (2, 0)): [100, 15, 11, 3]
(2, (0, 1, 0), (2, 1)): [79, 17, 4, 2]
(2, (0, 1, 0), (2, 2)): [63, 13, 1, 1]
(2, (0, 1, 0), (3, 0)): [57, 6, 7, 1]
(2, (0, 1, 0), (3, 1)): [41, 10, 5, 2]
(2, (0, 1, 0), (3, 2)): [45, 7, 1, 1]
(2, (0, 1, 1), (0, 0)): [531, 61, 122, 31, 14, 2, 3, 1]
(2, (0, 1, 1), (0, 1)): [31, 1, 7, 2]
(2, (0, 1, 1), (0, 2)): [11, 1, 3, 1]
(2, (0, 1, 1), (1, 0)): [36, 8, 7, 2, 3, 0, 1]
(2, (0, 1, 1), (1, 1)): [23, 0, 6, 1]
(2, (0, 1, 1), (1, 2)): [14, 1, 6, 1]
(2, (0, 1, 1), (2, 0)): [22, 7, 1, 2, 3, 0, 1]
(2, (0, 1, 1), (2, 1)): [15, 1, 4, 2]
(2, (0, 1, 1), (2, 2)): [16, 0, 5, 1]
(2, (0, 1, 1), (3, 0)): [13, 5, 0, 1, 3, 0, 1]
(2, (0, 1, 1), (3, 1)): [8, 0, 2, 1]
(2, (0, 1, 1), (3, 2)): [9, 0, 4, 2]
(2, (1, 0, 0), (0, 0)): [5684, 385, 270, 89, 37, 8, 6, 1]
(2, (1, 0, 0), (0, 1)): [314, 21, 12, 5, 1, 1]
(2, (1, 0, 0), (0, 2)): [99, 5, 6, 1, 1]
(2, (1, 0, 0), (1, 0)): [324, 25, 18, 6, 1, 0, 2]
(2, (1, 0, 0), (1, 1)): [256, 21, 13, 4]
(2, (1, 0, 0), (1, 2)): [143, 7, 5, 3, 1]
(2, (1, 0, 0), (2, 0)): [114, 9, 8, 4, 1, 0, 1]
(2, (1, 0, 0), (2, 1)): [141, 9, 13, 4]
(2, (1, 0, 0), (2, 2)): [121, 7, 7, 1]
(2, (1, 0, 0), (3, 0)): [32, 4, 1, 1, 1, 0, 1]
(2, (1, 0, 0), (3, 1)): [54, 1, 6, 1, 1, 0, 1]
(2, (1, 0, 0), (3, 2)): [62, 6, 5]
(2, (1, 0, 1), (0, 0)): [781, 196, 70, 49, 19, 3, 1, 1]
(2, (1, 0, 1), (0, 1)): [49, 11, 4, 5, 1]
(2, (1, 0, 1), (0, 2)): [18, 2, 1, 4]
(2, (1, 0, 1), (1, 0)): [59, 11, 5, 5, 1]
(2, (1, 0, 1), (1, 1)): [48, 6, 5, 4, 1]
(2, (1, 0, 1), (1, 2)): [29, 3, 2, 3]
(2, (1, 0, 1), (2, 0)): [18, 4, 1, 1, 1]
(2, (1, 0, 1), (2, 1)): [34, 6, 2, 2, 1]
(2, (1, 0, 1), (2, 2)): [22, 2, 2]
(2, (1, 0, 1), (3, 0)): [8, 0, 0, 1, 1]
(2, (1, 0, 1), (3, 1)): [14, 3, 0, 1, 1]
(2, (1, 0, 1), (3, 2)): [20, 1, 0, 0, 1]
(2, (1, 1, 0), (0, 0)): [2590, 375, 220, 139, 50, 10, 3, 3, 1]
(2, (1, 1, 0), (0, 1)): [147, 16, 4, 8]
(2, (1, 1, 0), (0, 2)): [46, 5, 2, 1]
(2, (1, 1, 0), (1, 0)): [146, 19, 17, 9, 1]
(2, (1, 1, 0), (1, 1)): [123, 13, 7, 10]
(2, (1, 1, 0), (1, 2)): [70, 7, 4, 2]
(2, (1, 1, 0), (2, 0)): [55, 9, 5, 4, 1]
(2, (1, 1, 0), (2, 1)): [68, 8, 2, 8]
(2, (1, 1, 0), (2, 2)): [56, 8, 3, 4]
(2, (1, 1, 0), (3, 0)): [24, 4, 4, 2, 1]
(2, (1, 1, 0), (3, 1)): [37, 5, 2, 4]
(2, (1, 1, 0), (3, 2)): [35, 5, 1, 4]
(2, (1, 1, 1), (0, 0)): [800, 117, 137, 73, 43, 12, 4, 2, 2]
(2, (1, 1, 1), (0, 1)): [41, 3, 5, 4, 2, 0, 1, 0, 1]
(2, (1, 1, 1), (0, 2)): [21, 0, 1, 2, 0, 0, 0, 0, 1]
(2, (1, 1, 1), (1, 0)): [42, 10, 7, 7, 2]
(2, (1, 1, 1), (1, 1)): [32, 4, 2, 4, 3, 0, 1]
(2, (1, 1, 1), (1, 2)): [22, 0, 1, 5]
(2, (1, 1, 1), (2, 0)): [11, 9, 4, 4]
(2, (1, 1, 1), (2, 1)): [13, 5, 1, 1, 2]
(2, (1, 1, 1), (2, 2)): [19, 1, 0, 5]
(2, (1, 1, 1), (3, 0)): [2, 6, 2, 3]
(2, (1, 1, 1), (3, 1)): [4, 7, 2, 2, 1]
(2, (1, 1, 1), (3, 2)): [10, 4, 0, 5]
