(0, (0, 0, 0)): [30417, 5803, 2664, 1188, 514, 208, 88, 31, 14, 10, 3, 0, 1]
(0, (0, 0, 1)): [93, 325, 100, 40, 27, 13, 4, 0, 0, 0, 1]
(0, (0, 1, 0)): [1072, 1066, 425, 205, 118, 43, 20, 7, 3, 2, 1]
(0, (0, 1, 1)): [83, 145, 161, 90, 39, 26, 11, 6, 6, 1, 0, 0, 1]
(0, (1, 0, 0)): [5875, 1915, 1256, 604, 277, 127, 49, 18, 11, 5, 2, 0, 1]
(0, (1, 0, 1)): [139, 435, 163, 119, 69, 26, 12, 5, 2, 2, 1]
(0, (1, 1, 0)): [832, 529, 360, 264, 134, 62, 27, 5, 6, 3, 1]
(0, (1, 1, 1)): [82, 144, 97, 77, 66, 29, 14, 4, 7, 3, 1]
(1, (0, 0, 0)): [23608, 2607, 1073, 437, 155, 56, 22, 6, 2, 2]
(1, (0, 0, 1)): [577, 917, 216, 79, 34, 14, 8]
(1, (0, 1, 0)): [3152, 1349, 518, 205, 88, 30, 9, 4, 3, 1]
(1, (0, 1, 1)): [431, 365, 278, 121, 79, 25, 13, 4, 1, 2]
(1, (1, 0, 0)): [8500, 1459, 950, 400, 155, 62, 19, 7, 2, 4]
(1, (1, 0, 1)): [695, 751, 234, 167, 78, 40, 15, 2, 1]
(1, (1, 1, 0)): [2320, 736, 467, 334, 130, 49, 16, 10, 5, 1]
(1, (1, 1, 1)): [495, 373, 196, 146, 122, 54, 21, 5, 4, 2]
(2, (0, 0, 0)): [20955, 1007, 326, 114, 31, 13, 2, 0, 0, 1]
(2, (0, 0, 1)): [1886, 573, 131, 43, 13, 2]
(2, (0, 1, 0)): [4973, 970, 283, 117, 35, 7, 2, 1, 1, 1]
(2, (0, 1, 1)): [1047, 110, 239, 65, 35, 11, 4, 2]
(2, (1, 0, 0)): [10299, 661, 513, 163, 55, 17, 5, 1, 0, 1]
(2, (1, 0, 1)): [1805, 412, 153, 107, 39, 11, 2]
(2, (1, 1, 0)): [4053, 548, 294, 206, 73, 22, 7, 2, 1, 1]
(2, (1, 1, 1)): [1127, 190, 196, 76, 71, 19, 7, 2, 1]
