(0, (0, 0, 0), (0, 0)): [33479, 6923, 3196, 1517, 724, 301, 129, 57, 28, 14, 3, 2, 1]
(0, (0, 0, 0), (0, 1)): [17849, 3710, 1700, 804, 368, 156, 70, 33, 14, 9, 1, 1, 1]
(0, (0, 0, 0), (0, 2)): [8388, 1808, 824, 367, 169, 74, 41, 14, 3, 7, 0, 0, 1]
(0, (0, 0, 0), (1, 0)): [11861, 2501, 1153, 534, 263, 100, 43, 18, 13, 3, 2, 1]
(0, (0, 0, 0), (1, 1)): [13717, 2833, 1342, 615, 301, 117, 45, 22, 13, 3, 1, 2]
(0, (0, 0, 0), (1, 2)): [11253, 2425, 1127, 510, 241, 96, 37, 19, 9, 2, 0, 1, 1]
(0, (0, 0, 0), (2, 0)): [3202, 735, 294, 169, 72, 28, 17, 8, 5, 1]
(0, (0, 0, 0), (2, 1)): [5932, 1261, 539, 266, 143, 44, 27, 10, 8, 2, 1, 1]
(0, (0, 0, 0), (2, 2)): [8206, 1755, 804, 366, 195, 69, 35, 16, 9, 3, 0, 2]
(0, (0, 0, 0), (3, 0)): [540, 127, 44, 28, 9, 2, 2, 1, 1]
(0, (0, 0, 0), (3, 1)): [1617, 378, 140, 68, 31, 9, 3, 1, 3]
(0, (0, 0, 0), (3, 2)): [3686, 846, 324, 150, 86, 23, 16, 5, 6, 1, 0, 1]
(0, (0, 0, 1), (0, 0)): [69, 278, 64, 35, 19, 8, 5, 0, 1]
(0, (0, 0, 1), (0, 1)): [41, 158, 28, 24, 10, 5, 2]
(0, (0, 0, 1), (0, 2)): [20, 74, 15, 18, 6, 3, 1]
(0, (0, 0, 1), (1, 0)): [17, 91, 30, 9, 5, 3, 2, 0, 1]
(0, (0, 0, 1), (1, 1)): [27, 117, 25, 8, 7, 1, 3, 0, 1]
(0, (0, 0, 1), (1, 2)): [29, 105, 23, 7, 9, 2, 1, 0, 1]
(0, (0, 0, 1), (2, 0)): [7, 21, 9, 3, 1, 2]
(0, (0, 0, 1), (2, 1)): [8, 51, 11, 5, 1, 1, 1]
(0, (0, 0, 1), (2, 2)): [15, 71, 15, 7, 4, 2, 1, 0, 1]
(0, (0, 0, 1), (3, 0)): [0, 3, 3, 3]
(0, (0, 0, 1), (3, 1)): [0, 12, 5, 4]
(0, (0, 0, 1), (3, 2)): [6, 35, 5, 4, 2]
(0, (0, 1, 0), (0, 0)): [1337, 1083, 505, 267, 120, 57, 26, 7, 3, 4, 0, 1, 1]
(0, (0, 1, 0), (0, 1)): [718, 572, 259, 139, 52, 32, 13, 3, 2, 3, 0, 0, 1]
(0, (0, 1, 0), (0, 2)): [316, 274, 119, 69, 24, 17, 8, 1, 1, 3, 0, 0, 1]
(0, (0, 1, 0), (1, 0)): [493, 400, 191, 101, 50, 17, 8, 2, 1, 0, 0, 1]
(0, (0, 1, 0), (1, 1)): [576, 435, 218, 103, 48, 23, 9, 3, 1, 0, 0, 1]
(0, (0, 1, 0), (1, 2)): [462, 374, 176, 92, 39, 21, 8, 3, 0, 0, 0, 1, 1]
(0, (0, 1, 0), (2, 0)): [140, 118, 44, 29, 12, 5, 3, 0, 1]
(0, (0, 1, 0), (2, 1)): [260, 189, 76, 45, 21, 7, 6, 1, 1]
(0, (0, 1, 0), (2, 2)): [363, 280, 122, 66, 38, 18, 5, 3, 1, 0, 0, 1]
(0, (0, 1, 0), (3, 0)): [29, 26, 9, 6, 1, 0, 0, 0, 1]
(0, (0, 1, 0), (3, 1)): [75, 69, 18, 15, 2, 0, 0, 0, 1]
(0, (0, 1, 0), (3, 2)): [173, 151, 42, 27, 13, 6, 3, 0, 1, 0, 0, 1]
(0, (0, 1, 1), (0, 0)): [100, 184, 204, 110, 52, 24, 11, 6, 6, 0, 1, 0, 1]
(0, (0, 1, 1), (0, 1)): [49, 89, 117, 62, 33, 14, 8, 4, 4, 0, 0, 0, 1]
(0, (0, 1, 1), (0, 2)): [25, 40, 65, 29, 12, 6, 4, 3, 2, 0, 0, 0, 1]
(0, (0, 1, 1), (1, 0)): [40, 81, 71, 33, 15, 8, 2, 2, 2, 0, 1]
(0, (0, 1, 1), (1, 1)): [40, 80, 77, 46, 22, 12, 3, 1, 2]
(0, (0, 1, 1), (1, 2)): [36, 58, 72, 39, 21, 8, 3, 0, 1, 0, 0, 0, 1]
(0, (0, 1, 1), (2, 0)): [14, 28, 20, 7, 6, 3, 1, 2]
(0, (0, 1, 1), (2, 1)): [17, 40, 32, 19, 8, 3, 1, 2, 1]
(0, (0, 1, 1), (2, 2)): [26, 37, 48, 31, 10, 4, 2, 2, 2]
(0, (0, 1, 1), (3, 0)): [3, 5, 3, 0, 1, 1]
(0, (0, 1, 1), (3, 1)): [7, 13, 11, 4, 3, 1]
(0, (0, 1, 1), (3, 2)): [12, 22, 26, 11, 5, 4, 1, 1, 1]
(0, (1, 0, 0), (0, 0)): [6582, 1844, 1398, 743, 394, 168, 74, 36, 16, 9, 2, 1]
(0, (1, 0, 0), (0, 1)): [3452, 947, 736, 372, 203, 87, 37, 20, 10, 6, 0, 1]
(0, (1, 0, 0), (0, 2)): [1621, 461, 361, 169, 102, 38, 24, 7, 3, 4]
(0, (1, 0, 0), (1, 0)): [2388, 687, 509, 272, 143, 53, 28, 13, 6, 2, 2]
(0, (1, 0, 0), (1, 1)): [2707, 733, 593, 293, 157, 69, 19, 16, 8, 2, 0, 1]
(0, (1, 0, 0), (1, 2)): [2202, 635, 493, 236, 129, 54, 18, 15, 7, 1]
(0, (1, 0, 0), (2, 0)): [647, 213, 111, 91, 44, 12, 14, 7, 1, 1]
(0, (1, 0, 0), (2, 1)): [1178, 337, 228, 126, 85, 24, 14, 6, 4, 2, 0, 1]
(0, (1, 0, 0), (2, 2)): [1621, 459, 345, 170, 111, 37, 21, 12, 6, 3, 0, 1]
(0, (1, 0, 0), (3, 0)): [112, 35, 23, 18, 7, 2, 2, 1]
(0, (1, 0, 0), (3, 1)): [314, 98, 64, 37, 22, 5, 2, 1, 1]
(0, (1, 0, 0), (3, 2)): [755, 215, 142, 66, 52, 12, 7, 5, 4, 1]
(0, (1, 0, 1), (0, 0)): [140, 401, 155, 131, 61, 24, 17, 8, 3, 3, 1, 0, 1]
(0, (1, 0, 1), (0, 1)): [78, 207, 83, 73, 32, 11, 8, 5, 3, 3, 1, 0, 1]
(0, (1, 0, 1), (0, 2)): [36, 99, 44, 38, 10, 3, 4, 2, 0, 3, 0, 0, 1]
(0, (1, 0, 1), (1, 0)): [44, 155, 62, 44, 18, 11, 9, 2]
(0, (1, 0, 1), (1, 1)): [56, 161, 66, 46, 27, 9, 5, 3, 3, 0, 1]
(0, (1, 0, 1), (1, 2)): [44, 128, 55, 40, 19, 7, 2, 2, 2, 0, 0, 0, 1]
(0, (1, 0, 1), (2, 0)): [12, 50, 14, 12, 5, 6, 7]
(0, (1, 0, 1), (2, 1)): [20, 84, 20, 23, 12, 6, 9, 0, 1, 0, 1]
(0, (1, 0, 1), (2, 2)): [34, 99, 39, 33, 17, 6, 4, 0, 1, 0, 1]
(0, (1, 0, 1), (3, 0)): [4, 8, 5, 2, 1, 1, 2]
(0, (1, 0, 1), (3, 1)): [9, 29, 7, 9, 3, 3, 2]
(0, (1, 0, 1), (3, 2)): [13, 59, 18, 13, 9, 5, 4, 0, 1]
(0, (1, 1, 0), (0, 0)): [1062, 599, 380, 343, 205, 79, 41, 22, 8, 5, 0, 1]
(0, (1, 1, 0), (0, 1)): [534, 303, 201, 165, 100, 38, 21, 12, 5, 3, 0, 1]
(0, (1, 1, 0), (0, 2)): [262, 154, 96, 73, 58, 13, 13, 4, 4, 2]
(0, (1, 1, 0), (1, 0)): [408, 229, 136, 126, 80, 26, 18, 8, 3, 1]
(0, (1, 1, 0), (1, 1)): [422, 240, 164, 128, 76, 36, 14, 10, 0, 1, 0, 1]
(0, (1, 1, 0), (1, 2)): [378, 221, 119, 113, 69, 16, 13, 10, 2, 1]
(0, (1, 1, 0), (2, 0)): [109, 68, 30, 42, 19, 4, 7, 4, 3, 1]
(0, (1, 1, 0), (2, 1)): [186, 114, 68, 52, 39, 13, 10, 4, 2, 1, 0, 1]
(0, (1, 1, 0), (2, 2)): [269, 172, 90, 77, 61, 16, 14, 7, 1, 2, 0, 1]
(0, (1, 1, 0), (3, 0)): [25, 14, 7, 7, 4, 2, 0, 1, 1]
(0, (1, 1, 0), (3, 1)): [64, 32, 20, 14, 13, 2, 1, 1, 2]
(0, (1, 1, 0), (3, 2)): [134, 76, 38, 35, 33, 6, 6, 4, 0, 1]
(0, (1, 1, 1), (0, 0)): [122, 196, 140, 99, 88, 34, 20, 7, 6, 3, 1, 0, 1]
(0, (1, 1, 1), (0, 1)): [68, 87, 68, 41, 53, 14, 11, 4, 3, 2, 1, 0, 1]
(0, (1, 1, 1), (0, 2)): [27, 44, 39, 19, 25, 4, 6, 1, 1, 2, 0, 0, 1]
(0, (1, 1, 1), (1, 0)): [40, 83, 52, 40, 24, 14, 5, 2, 2]
(0, (1, 1, 1), (1, 1)): [49, 73, 51, 32, 29, 17, 9, 2, 1, 0, 1]
(0, (1, 1, 1), (1, 2)): [39, 64, 45, 30, 25, 9, 9, 3, 1, 0, 0, 0, 1]
(0, (1, 1, 1), (2, 0)): [12, 26, 12, 13, 7, 4, 1, 1, 2]
(0, (1, 1, 1), (2, 1)): [22, 40, 20, 17, 18, 8, 3, 1, 1, 0, 1]
(0, (1, 1, 1), (2, 2)): [30, 52, 37, 23, 22, 9, 8, 2, 0, 0, 1]
(0, (1, 1, 1), (3, 0)): [2, 5, 6, 3, 2, 1, 0, 0, 1]
(0, (1, 1, 1), (3, 1)): [8, 11, 10, 4, 5, 1, 0, 0, 2]
(0, (1, 1, 1), (3, 2)): [12, 28, 21, 9, 14, 4, 1, 1]
(1, (0, 0, 0), (0, 0)): [28044, 3290, 1331, 540, 207, 77, 29, 9, 7, 0, 1]
(1, (0, 0, 0), (0, 1)): [15032, 1777, 723, 303, 105, 41, 19, 5, 2, 0, 1]
(1, (0, 0, 0), (0, 2)): [7106, 870, 344, 139, 41, 25, 11, 3]
(1, (0, 0, 0), (1, 0)): [9860, 1197, 463, 181, 78, 25, 7, 4, 4]
(1, (0, 0, 0), (1, 1)): [11447, 1377, 562, 225, 95, 27, 12, 1, 1, 0, 1]
(1, (0, 0, 0), (1, 2)): [9463, 1182, 461, 190, 66, 26, 8]
(1, (0, 0, 0), (2, 0)): [2678, 335, 128, 58, 19, 7, 1, 2, 3]
(1, (0, 0, 0), (2, 1)): [4936, 611, 233, 100, 43, 10, 6, 2, 3, 0, 1]
(1, (0, 0, 0), (2, 2)): [6855, 864, 332, 134, 53, 16, 7, 2, 1]
(1, (0, 0, 0), (3, 0)): [455, 56, 10, 7, 1]
(1, (0, 0, 0), (3, 1)): [1347, 177, 51, 23, 6, 2, 1, 0, 1]
(1, (0, 0, 0), (3, 2)): [3054, 410, 131, 60, 26, 6, 3, 0, 1]
(1, (0, 0, 1), (0, 0)): [613, 831, 184, 85, 33, 17, 5, 1, 0, 0, 0, 1]
(1, (0, 0, 1), (0, 1)): [318, 447, 91, 48, 16, 12, 3]
(1, (0, 0, 1), (0, 2)): [155, 226, 48, 24, 7, 9, 1]
(1, (0, 0, 1), (1, 0)): [230, 298, 76, 30, 11, 5, 1, 0, 0, 0, 0, 1]
(1, (0, 0, 1), (1, 1)): [251, 338, 84, 35, 14, 3, 2, 0, 0, 0, 0, 1]
(1, (0, 0, 1), (1, 2)): [211, 291, 64, 37, 12, 6, 1, 0, 0, 0, 0, 1]
(1, (0, 0, 1), (2, 0)): [65, 83, 18, 8, 4, 3]
(1, (0, 0, 1), (2, 1)): [111, 146, 30, 13, 8, 4, 1]
(1, (0, 0, 1), (2, 2)): [159, 205, 41, 25, 8, 5, 2, 0, 0, 0, 0, 1]
(1, (0, 0, 1), (3, 0)): [10, 13, 2, 1]
(1, (0, 0, 1), (3, 1)): [23, 46, 7, 4, 3]
(1, (0, 0, 1), (3, 2)): [65, 105, 11, 11, 4, 1, 0, 0, 0, 0, 0, 1]
(1, (0, 1, 0), (0, 0)): [3309, 1187, 575, 242, 90, 50, 21, 6, 2, 3, 2]
(1, (0, 1, 0), (0, 1)): [1759, 617, 293, 127, 40, 30, 15, 4, 0, 1]
(1, (0, 1, 0), (0, 2)): [831, 286, 131, 55, 15, 17, 10, 2, 0, 1]
(1, (0, 1, 0), (1, 0)): [1206, 436, 206, 93, 37, 14, 2, 2, 2, 1, 2]
(1, (0, 1, 0), (1, 1)): [1387, 503, 244, 100, 38, 17, 5, 2, 1, 1, 1]
(1, (0, 1, 0), (1, 2)): [1145, 402, 186, 83, 29, 21, 9, 3, 0, 1, 1]
(1, (0, 1, 0), (2, 0)): [320, 115, 58, 32, 14, 6, 0, 1]
(1, (0, 1, 0), (2, 1)): [576, 196, 98, 43, 22, 11, 1, 1]
(1, (0, 1, 0), (2, 2)): [816, 280, 120, 57, 24, 15, 6, 3, 0, 1, 1]
(1, (0, 1, 0), (3, 0)): [68, 17, 6, 7, 1]
(1, (0, 1, 0), (3, 1)): [173, 60, 25, 14, 5, 1]
(1, (0, 1, 0), (3, 2)): [378, 123, 47, 27, 8, 3, 2, 0, 0, 1, 1]
(1, (0, 1, 1), (0, 0)): [529, 384, 341, 147, 94, 33, 23, 12, 4, 0, 2]
(1, (0, 1, 1), (0, 1)): [253, 209, 178, 81, 44, 15, 15, 5, 1, 0, 1]
(1, (0, 1, 1), (0, 2)): [135, 107, 82, 43, 26, 9, 8, 4]
(1, (0, 1, 1), (1, 0)): [219, 152, 134, 48, 37, 12, 7, 7, 2, 0, 1]
(1, (0, 1, 1), (1, 1)): [212, 166, 162, 60, 40, 13, 7, 3, 3, 0, 1]
(1, (0, 1, 1), (1, 2)): [176, 128, 118, 56, 32, 10, 6, 4, 3]
(1, (0, 1, 1), (2, 0)): [62, 42, 30, 9, 7, 4, 5, 3]
(1, (0, 1, 1), (2, 1)): [97, 88, 65, 26, 17, 9, 8, 3, 0, 0, 1]
(1, (0, 1, 1), (2, 2)): [134, 102, 88, 40, 25, 7, 8, 5, 3]
(1, (0, 1, 1), (3, 0)): [9, 2, 4, 0, 1]
(1, (0, 1, 1), (3, 1)): [22, 21, 10, 3, 2, 2, 2]
(1, (0, 1, 1), (3, 2)): [71, 49, 42, 15, 7, 2, 4, 0, 3]
(1, (1, 0, 0), (0, 0)): [9963, 1471, 1216, 513, 199, 90, 32, 12, 9, 1, 1]
(1, (1, 0, 0), (0, 1)): [5243, 781, 670, 259, 99, 47, 18, 8, 2, 1, 1]
(1, (1, 0, 0), (0, 2)): [2459, 373, 326, 129, 45, 31, 13, 4, 0, 1]
(1, (1, 0, 0), (1, 0)): [3639, 537, 420, 186, 81, 27, 10, 4, 5]
(1, (1, 0, 0), (1, 1)): [4114, 631, 508, 213, 88, 28, 9, 3, 4, 0, 1]
(1, (1, 0, 0), (1, 2)): [3322, 524, 430, 183, 63, 32, 7, 4, 3]
(1, (1, 0, 0), (2, 0)): [971, 160, 109, 51, 26, 7, 3, 2, 1]
(1, (1, 0, 0), (2, 1)): [1784, 274, 210, 87, 43, 9, 7, 2, 2, 0, 1]
(1, (1, 0, 0), (2, 2)): [2460, 385, 327, 122, 56, 13, 7, 5, 4]
(1, (1, 0, 0), (3, 0)): [166, 20, 13, 6, 4]
(1, (1, 0, 0), (3, 1)): [499, 81, 47, 18, 6, 4, 1, 0, 1]
(1, (1, 0, 0), (3, 2)): [1141, 187, 125, 46, 23, 6, 2, 0, 5]
(1, (1, 0, 1), (0, 0)): [758, 703, 232, 195, 74, 44, 12, 10, 2, 1, 0, 1]
(1, (1, 0, 1), (0, 1)): [366, 386, 125, 105, 41, 25, 6, 5, 1, 1, 0, 1]
(1, (1, 0, 1), (0, 2)): [172, 198, 57, 52, 18, 15, 3, 0, 1, 1, 0, 1]
(1, (1, 0, 1), (1, 0)): [294, 235, 87, 67, 23, 14, 6, 5, 1]
(1, (1, 0, 1), (1, 1)): [323, 276, 109, 84, 32, 14, 5, 5, 1]
(1, (1, 0, 1), (1, 2)): [264, 254, 84, 72, 27, 14, 2, 3, 0, 1, 0, 1]
(1, (1, 0, 1), (2, 0)): [84, 67, 21, 15, 7, 5, 3]
(1, (1, 0, 1), (2, 1)): [130, 111, 45, 33, 14, 10, 6, 2]
(1, (1, 0, 1), (2, 2)): [200, 168, 64, 46, 20, 14, 6, 4]
(1, (1, 0, 1), (3, 0)): [17, 11, 3, 1, 1]
(1, (1, 0, 1), (3, 1)): [36, 46, 11, 2, 4]
(1, (1, 0, 1), (3, 2)): [87, 80, 21, 19, 10, 5, 2, 1]
(1, (1, 1, 0), (0, 0)): [2851, 760, 490, 413, 174, 96, 32, 10, 11, 2, 2]
(1, (1, 1, 0), (0, 1)): [1510, 400, 262, 193, 91, 50, 14, 6, 5, 2, 1]
(1, (1, 1, 0), (0, 2)): [744, 183, 116, 89, 49, 31, 9, 1, 2, 2, 1]
(1, (1, 1, 0), (1, 0)): [1048, 279, 166, 162, 66, 29, 13, 4, 4, 0, 1]
(1, (1, 1, 0), (1, 1)): [1148, 334, 209, 169, 70, 32, 8, 4, 4]
(1, (1, 1, 0), (1, 2)): [966, 285, 164, 139, 56, 27, 11, 3, 3, 0, 1]
(1, (1, 1, 0), (2, 0)): [262, 80, 46, 59, 15, 5, 4, 2, 1]
(1, (1, 1, 0), (2, 1)): [471, 149, 83, 70, 34, 12, 5, 1, 3]
(1, (1, 1, 0), (2, 2)): [702, 209, 131, 102, 50, 18, 9, 2, 4]
(1, (1, 1, 0), (3, 0)): [50, 14, 5, 11, 2, 1, 1]
(1, (1, 1, 0), (3, 1)): [126, 39, 18, 22, 4, 2, 1, 0, 1]
(1, (1, 1, 0), (3, 2)): [305, 98, 43, 49, 19, 5, 3, 1, 4]
(1, (1, 1, 1), (0, 0)): [589, 439, 282, 161, 140, 81, 29, 7, 8, 3, 3]
(1, (1, 1, 1), (0, 1)): [315, 236, 157, 93, 80, 45, 16, 4, 3, 2, 2]
(1, (1, 1, 1), (0, 2)): [163, 119, 89, 57, 42, 23, 11, 3, 2, 1]
(1, (1, 1, 1), (1, 0)): [209, 157, 97, 53, 48, 28, 11, 1, 3, 1, 1]
(1, (1, 1, 1), (1, 1)): [228, 177, 111, 58, 54, 35, 6, 1, 1, 1, 2]
(1, (1, 1, 1), (1, 2)): [191, 152, 107, 66, 45, 25, 8, 2, 1, 1]
(1, (1, 1, 1), (2, 0)): [52, 48, 22, 12, 14, 9, 6, 1, 3]
(1, (1, 1, 1), (2, 1)): [101, 86, 41, 24, 29, 19, 8, 0, 3, 1, 2]
(1, (1, 1, 1), (2, 2)): [124, 108, 81, 46, 42, 24, 10, 2, 1, 0, 1]
(1, (1, 1, 1), (3, 0)): [10, 7, 4, 2, 1, 1, 1, 0, 1]
(1, (1, 1, 1), (3, 1)): [29, 28, 7, 3, 4, 2, 2, 0, 3]
(1, (1, 1, 1), (3, 2)): [61, 49, 22, 19, 16, 7, 4, 1, 1]
(2, (0, 0, 0), (0, 0)): [24870, 1318, 403, 144, 55, 17, 5, 1, 1]
(2, (0, 0, 0), (0, 1)): [13332, 703, 218, 80, 27, 11, 3]
(2, (0, 0, 0), (0, 2)): [6282, 330, 99, 32, 12, 4, 1]
(2, (0, 0, 0), (1, 0)): [8699, 487, 138, 52, 19, 4, 1, 1, 1]
(2, (0, 0, 0), (1, 1)): [10159, 557, 172, 65, 18, 7, 2]
(2, (0, 0, 0), (1, 2)): [8361, 464, 122, 50, 19, 4]
(2, (0, 0, 0), (2, 0)): [2395, 134, 41, 18, 6, 1, 1, 1, 1]
(2, (0, 0, 0), (2, 1)): [4415, 238, 88, 31, 11, 3, 1, 1, 1]
(2, (0, 0, 0), (2, 2)): [6056, 327, 104, 39, 15, 6, 1]
(2, (0, 0, 0), (3, 0)): [396, 19, 3, 3]
(2, (0, 0, 0), (3, 1)): [1188, 74, 23, 7, 3]
(2, (0, 0, 0), (3, 2)): [2699, 154, 49, 17, 6, 4, 1]
(2, (0, 0, 1), (0, 0)): [2132, 560, 137, 43, 19, 7, 3, 2]
(2, (0, 0, 1), (0, 1)): [1119, 301, 60, 20, 7, 5, 1, 2]
(2, (0, 0, 1), (0, 2)): [531, 174, 28, 11, 3, 3]
(2, (0, 0, 1), (1, 0)): [788, 206, 50, 20, 5, 2, 1]
(2, (0, 0, 1), (1, 1)): [868, 222, 53, 19, 6, 3, 1, 2]
(2, (0, 0, 1), (1, 2)): [728, 202, 38, 21, 6, 3, 0, 1]
(2, (0, 0, 1), (2, 0)): [226, 50, 16, 5, 1]
(2, (0, 0, 1), (2, 1)): [380, 97, 22, 8, 3, 1, 1, 1]
(2, (0, 0, 1), (2, 2)): [535, 151, 28, 14, 5, 3, 1, 2]
(2, (0, 0, 1), (3, 0)): [48, 3, 4]
(2, (0, 0, 1), (3, 1)): [112, 18, 7, 0, 1]
(2, (0, 0, 1), (3, 2)): [237, 49, 11, 4, 2, 0, 1, 2]
(2, (0, 1, 0), (0, 0)): [5526, 939, 356, 138, 44, 7, 3, 2, 1]
(2, (0, 1, 0), (0, 1)): [2945, 483, 178, 70, 21, 4, 2, 1]
(2, (0, 1, 0), (0, 2)): [1409, 243, 84, 29, 11]
(2, (0, 1, 0), (1, 0)): [2034, 351, 130, 51, 17, 2, 1, 1, 1]
(2, (0, 1, 0), (1, 1)): [2330, 397, 146, 61, 19, 4, 1, 1]
(2, (0, 1, 0), (1, 2)): [1972, 323, 122, 44, 16, 1, 0, 1]
(2, (0, 1, 0), (2, 0)): [527, 87, 39, 8, 6]
(2, (0, 1, 0), (2, 1)): [968, 168, 69, 27, 13, 3]
(2, (0, 1, 0), (2, 2)): [1389, 245, 105, 39, 17, 3, 0, 1]
(2, (0, 1, 0), (3, 0)): [86, 11, 3, 1]
(2, (0, 1, 0), (3, 1)): [274, 47, 10, 4, 3]
(2, (0, 1, 0), (3, 2)): [641, 122, 27, 12, 5, 1]
(2, (0, 1, 1), (0, 0)): [1424, 111, 240, 94, 31, 11, 4, 2, 1]
(2, (0, 1, 1), (0, 1)): [760, 57, 124, 57, 15, 4, 3]
(2, (0, 1, 1), (0, 2)): [386, 27, 47, 24, 4, 1]
(2, (0, 1, 1), (1, 0)): [510, 38, 90, 26, 13, 5, 1, 2, 1]
(2, (0, 1, 1), (1, 1)): [593, 44, 111, 41, 18, 4, 3, 1, 1]
(2, (0, 1, 1), (1, 2)): [518, 38, 88, 35, 12, 3, 2, 1, 1]
(2, (0, 1, 1), (2, 0)): [123, 9, 28, 5, 3, 2, 0, 1]
(2, (0, 1, 1), (2, 1)): [251, 20, 47, 17, 8, 3, 0, 1]
(2, (0, 1, 1), (2, 2)): [389, 22, 73, 28, 11, 3, 1, 2, 1]
(2, (0, 1, 1), (3, 0)): [18, 1, 4, 1]
(2, (0, 1, 1), (3, 1)): [63, 4, 8, 4, 1, 1]
(2, (0, 1, 1), (3, 2)): [158, 8, 34, 12, 2, 2, 0, 0, 1]
(2, (1, 0, 0), (0, 0)): [11900, 750, 598, 220, 69, 25, 5, 3]
(2, (1, 0, 0), (0, 1)): [6339, 411, 328, 127, 42, 14, 3, 1]
(2, (1, 0, 0), (0, 2)): [3031, 199, 145, 56, 17, 6, 2, 1]
(2, (1, 0, 0), (1, 0)): [4183, 267, 204, 73, 19, 7, 1, 2]
(2, (1, 0, 0), (1, 1)): [4812, 323, 248, 94, 26, 8, 1]
(2, (1, 0, 0), (1, 2)): [3934, 282, 193, 83, 21, 6]
(2, (1, 0, 0), (2, 0)): [1137, 74, 56, 19, 9, 2, 1, 2]
(2, (1, 0, 0), (2, 1)): [2144, 133, 118, 35, 17, 2, 0, 2]
(2, (1, 0, 0), (2, 2)): [2951, 200, 159, 52, 21, 5, 0, 1]
(2, (1, 0, 0), (3, 0)): [175, 10, 5, 4, 1]
(2, (1, 0, 0), (3, 1)): [577, 35, 31, 9, 3]
(2, (1, 0, 0), (3, 2)): [1301, 89, 72, 20, 7, 3]
(2, (1, 0, 1), (0, 0)): [2053, 411, 147, 131, 48, 12, 4, 2]
(2, (1, 0, 1), (0, 1)): [1059, 215, 77, 68, 20, 5, 4, 2]
(2, (1, 0, 1), (0, 2)): [491, 103, 26, 31, 11, 1, 2]
(2, (1, 0, 1), (1, 0)): [754, 153, 52, 43, 18, 3]
(2, (1, 0, 1), (1, 1)): [834, 189, 65, 50, 19, 3, 1, 1]
(2, (1, 0, 1), (1, 2)): [670, 153, 39, 45, 14, 2, 1]
(2, (1, 0, 1), (2, 0)): [218, 37, 16, 9, 5, 2]
(2, (1, 0, 1), (2, 1)): [390, 74, 36, 22, 12, 2, 1, 1]
(2, (1, 0, 1), (2, 2)): [517, 114, 45, 37, 17, 2, 2, 1]
(2, (1, 0, 1), (3, 0)): [30, 6, 2, 1, 1]
(2, (1, 0, 1), (3, 1)): [100, 15, 8, 2, 1]
(2, (1, 0, 1), (3, 2)): [234, 45, 18, 14, 6]
(2, (1, 1, 0), (0, 0)): [4560, 579, 313, 276, 83, 32, 7, 6, 1]
(2, (1, 1, 0), (0, 1)): [2455, 310, 163, 151, 42, 17, 3, 3, 1]
(2, (1, 1, 0), (0, 2)): [1194, 154, 71, 69, 17, 11, 2, 1, 1]
(2, (1, 1, 0), (1, 0)): [1629, 207, 109, 96, 30, 10, 3, 3]
(2, (1, 1, 0), (1, 1)): [1882, 248, 131, 114, 37, 8, 3, 2]
(2, (1, 1, 0), (1, 2)): [1599, 219, 115, 97, 24, 6, 3, 2, 1]
(2, (1, 1, 0), (2, 0)): [416, 52, 29, 27, 10, 2, 0, 2]
(2, (1, 1, 0), (2, 1)): [794, 110, 48, 48, 19, 5, 1, 2]
(2, (1, 1, 0), (2, 2)): [1199, 169, 83, 68, 23, 7, 3, 2]
(2, (1, 1, 0), (3, 0)): [67, 8, 2, 4]
(2, (1, 1, 0), (3, 1)): [198, 28, 10, 13, 4]
(2, (1, 1, 0), (3, 2)): [485, 71, 30, 32, 6, 2, 1]
(2, (1, 1, 1), (0, 0)): [1404, 191, 213, 91, 93, 31, 17, 11, 3]
(2, (1, 1, 1), (0, 1)): [781, 104, 130, 52, 51, 19, 11, 6, 2]
(2, (1, 1, 1), (0, 2)): [402, 54, 62, 28, 26, 11, 7, 3, 2]
(2, (1, 1, 1), (1, 0)): [479, 69, 62, 30, 30, 7, 5, 5, 1]
(2, (1, 1, 1), (1, 1)): [547, 76, 82, 29, 41, 6, 6, 4, 1]
(2, (1, 1, 1), (1, 2)): [467, 74, 74, 38, 28, 9, 8, 6, 3]
(2, (1, 1, 1), (2, 0)): [130, 25, 22, 8, 7, 1, 1, 3]
(2, (1, 1, 1), (2, 1)): [252, 34, 41, 14, 22, 2, 1, 3]
(2, (1, 1, 1), (2, 2)): [354, 51, 61, 24, 29, 5, 4, 5, 1]
(2, (1, 1, 1), (3, 0)): [25, 3, 2, 1]
(2, (1, 1, 1), (3, 1)): [62, 10, 6, 2, 3, 1]
(2, (1, 1, 1), (3, 2)): [161, 19, 22, 8, 6, 2, 2, 2, 1]
