(0, (0, 0, 0), (0, 0)): [2472678, 506429, 233295, 107071, 48110, 20589, 8573, 3466, 1410, 612, 270, 129, 43, 23, 6, 1, 1, 1]
(0, (0, 0, 0), (0, 1)): [550284, 105995, 48406, 22473, 9930, 4261, 1726, 643, 283, 119, 58, 27, 7, 5, 1, 1]
(0, (0, 0, 0), (0, 2)): [217537, 37028, 16555, 7526, 3272, 1359, 564, 199, 90, 38, 11, 6, 4, 1, 1]
(0, (0, 0, 0), (1, 0)): [436211, 97700, 46444, 21733, 10166, 4315, 1893, 777, 298, 119, 60, 23, 6, 6, 2, 0, 1]
(0, (0, 0, 0), (1, 1)): [448488, 90769, 42399, 19787, 8895, 3813, 1560, 624, 264, 97, 57, 22, 4, 6, 0, 1, 1]
(0, (0, 0, 0), (1, 2)): [320693, 56649, 25928, 11693, 5190, 2156, 917, 354, 157, 55, 20, 9, 5, 2, 1]
(0, (0, 0, 0), (2, 0)): [138483, 34234, 17504, 8274, 4042, 1671, 762, 322, 116, 55, 26, 10, 2, 3, 1]
(0, (0, 0, 0), (2, 1)): [225413, 50213, 24683, 11549, 5383, 2311, 929, 413, 156, 66, 36, 15, 3, 4, 0, 0, 1]
(0, (0, 0, 0), (2, 2)): [252564, 48715, 23110, 10704, 4759, 1988, 841, 324, 154, 52, 24, 7, 5, 2, 1, 0, 1]
(0, (0, 0, 0), (3, 0)): [39523, 10950, 6578, 3290, 1640, 671, 306, 131, 51, 27, 12, 4, 0, 2, 1]
(0, (0, 0, 0), (3, 1)): [85000, 21957, 12008, 5875, 2855, 1250, 483, 238, 97, 39, 15, 12, 2, 4, 1]
(0, (0, 0, 0), (3, 2)): [132317, 29651, 15718, 7408, 3470, 1478, 602, 264, 116, 47, 18, 13, 4, 2, 1, 0, 1]
(0, (0, 0, 1), (0, 0)): [8571, 26827, 7363, 3612, 1746, 752, 330, 132, 55, 34, 18, 4, 4, 3]
(0, (0, 0, 1), (0, 1)): [1369, 4221, 1160, 546, 254, 115, 44, 19, 10, 6, 4, 1, 0, 1]
(0, (0, 0, 1), (0, 2)): [627, 1588, 412, 194, 82, 45, 17, 7, 7, 0, 1]
(0, (0, 0, 1), (1, 0)): [1274, 4434, 1264, 705, 358, 149, 69, 25, 10, 6, 7]
(0, (0, 0, 1), (1, 1)): [1209, 3813, 1043, 526, 280, 119, 44, 18, 6, 10, 3, 1, 0, 1]
(0, (0, 0, 1), (1, 2)): [993, 2493, 658, 325, 146, 70, 24, 12, 5, 4, 2]
(0, (0, 0, 1), (2, 0)): [478, 1643, 497, 313, 141, 61, 30, 13, 5, 2, 5]
(0, (0, 0, 1), (2, 1)): [638, 2188, 625, 366, 183, 77, 35, 12, 6, 7, 2, 1]
(0, (0, 0, 1), (2, 2)): [882, 2298, 621, 311, 163, 70, 23, 9, 4, 4, 2]
(0, (0, 0, 1), (3, 0)): [162, 550, 158, 127, 53, 25, 12, 3, 1, 0, 3]
(0, (0, 0, 1), (3, 1)): [264, 934, 273, 220, 96, 40, 23, 4, 3, 5, 0, 1]
(0, (0, 0, 1), (3, 2)): [489, 1394, 377, 268, 137, 53, 20, 4, 3, 3, 1]
(0, (0, 1, 0), (0, 0)): [92096, 85592, 34060, 16996, 8038, 3514, 1516, 624, 264, 138, 47, 20, 9, 6, 3, 0, 1]
(0, (0, 1, 0), (0, 1)): [19867, 17109, 6877, 3345, 1558, 664, 306, 124, 48, 27, 9, 4, 3, 1, 1]
(0, (0, 1, 0), (0, 2)): [8315, 6070, 2459, 1147, 534, 238, 110, 41, 18, 6, 0, 1, 2]
(0, (0, 1, 0), (1, 0)): [18284, 17025, 7307, 3944, 1828, 859, 351, 145, 67, 25, 11, 6, 2, 2, 1, 0, 1]
(0, (0, 1, 0), (1, 1)): [16872, 14503, 6044, 3105, 1444, 617, 278, 116, 40, 29, 11, 4, 1, 2, 1]
(0, (0, 1, 0), (1, 2)): [12185, 9157, 3797, 1898, 834, 368, 149, 76, 24, 10, 3, 3, 2, 0, 1]
(0, (0, 1, 0), (2, 0)): [6613, 6061, 2793, 1603, 746, 387, 143, 66, 29, 7, 3, 5, 2, 1, 0, 0, 1]
(0, (0, 1, 0), (2, 1)): [9076, 8028, 3519, 1841, 915, 422, 192, 65, 29, 20, 6, 4, 1, 1, 0, 0, 1]
(0, (0, 1, 0), (2, 2)): [10179, 7869, 3376, 1683, 790, 349, 155, 60, 26, 11, 5, 3, 1, 0, 1, 0, 1]
(0, (0, 1, 0), (3, 0)): [2261, 1807, 951, 657, 296, 167, 64, 35, 13, 2, 0, 1, 1]
(0, (0, 1, 0), (3, 1)): [4000, 3294, 1614, 1054, 499, 247, 94, 44, 10, 7, 2, 3, 0, 1]
(0, (0, 1, 0), (3, 2)): [6025, 4546, 2129, 1218, 594, 283, 132, 48, 12, 11, 3, 1, 0, 0, 1, 0, 1]
(0, (0, 1, 1), (0, 0)): [7278, 12792, 15097, 7087, 3750, 1801, 773, 346, 169, 70, 25, 16, 4, 4, 2, 0, 1, 1]
(0, (0, 1, 1), (0, 1)): [1554, 2578, 2861, 1301, 705, 324, 142, 61, 28, 13, 4, 4, 1, 0, 0, 0, 1]
(0, (0, 1, 1), (0, 2)): [744, 1008, 1060, 482, 262, 121, 55, 26, 8, 4, 1, 2]
(0, (0, 1, 1), (1, 0)): [1410, 2622, 3109, 1568, 834, 433, 183, 79, 43, 14, 8, 6, 1, 1, 1]
(0, (0, 1, 1), (1, 1)): [1258, 2216, 2538, 1161, 630, 287, 126, 44, 22, 10, 6, 3, 2, 0, 0, 0, 1]
(0, (0, 1, 1), (1, 2)): [1047, 1467, 1594, 699, 413, 184, 77, 31, 17, 3, 2, 3, 1, 0, 0, 0, 1]
(0, (0, 1, 1), (2, 0)): [564, 1113, 1153, 656, 390, 222, 81, 40, 27, 8, 4, 2, 0, 1, 1]
(0, (0, 1, 1), (2, 1)): [639, 1211, 1375, 687, 338, 176, 72, 38, 15, 10, 6, 1, 1, 0, 1]
(0, (0, 1, 1), (2, 2)): [832, 1271, 1364, 639, 349, 160, 59, 29, 15, 8, 2, 3, 1, 0, 0, 0, 1]
(0, (0, 1, 1), (3, 0)): [293, 513, 483, 319, 218, 111, 43, 14, 17, 2, 1, 2, 0, 1]
(0, (0, 1, 1), (3, 1)): [261, 491, 555, 310, 188, 105, 42, 19, 15, 5, 2, 1, 0, 0, 1]
(0, (0, 1, 1), (3, 2)): [463, 713, 765, 429, 218, 118, 50, 25, 15, 5, 3, 0, 1, 0, 0, 0, 1]
(0, (1, 0, 0), (0, 0)): [512008, 167156, 110778, 55313, 26602, 11880, 4959, 2128, 894, 387, 187, 76, 26, 17, 4, 1, 1, 1]
(0, (1, 0, 0), (0, 1)): [102167, 29368, 20656, 10210, 4866, 2123, 893, 348, 171, 67, 31, 13, 1, 3]
(0, (1, 0, 0), (0, 2)): [40493, 10066, 7181, 3386, 1564, 682, 299, 117, 51, 25, 12, 4]
(0, (1, 0, 0), (1, 0)): [84340, 29018, 20821, 10960, 5412, 2414, 1008, 447, 173, 83, 48, 14, 3, 6, 2, 0, 1]
(0, (1, 0, 0), (1, 1)): [76714, 23498, 16732, 8575, 4068, 1846, 766, 321, 139, 57, 29, 11, 1, 4, 1]
(0, (1, 0, 0), (1, 2)): [52635, 13910, 9938, 4944, 2278, 995, 432, 175, 80, 29, 10, 7, 0, 0, 1]
(0, (1, 0, 0), (2, 0)): [26084, 9881, 7408, 4134, 2115, 952, 386, 171, 60, 44, 23, 5, 3, 3, 0, 0, 1]
(0, (1, 0, 0), (2, 1)): [36700, 12264, 8905, 4732, 2363, 1072, 436, 200, 82, 46, 23, 6, 0, 6, 0, 0, 1]
(0, (1, 0, 0), (2, 2)): [38161, 11038, 7892, 3964, 1913, 813, 391, 159, 75, 31, 14, 5, 0, 3]
(0, (1, 0, 0), (3, 0)): [6728, 3123, 2404, 1623, 820, 373, 156, 58, 27, 18, 9, 2, 2]
(0, (1, 0, 0), (3, 1)): [13119, 5271, 3937, 2434, 1213, 591, 232, 105, 42, 22, 13, 3, 2, 2]
(0, (1, 0, 0), (3, 2)): [18080, 6540, 4608, 2648, 1310, 557, 275, 120, 56, 20, 11, 6, 0, 1]
(0, (1, 0, 1), (0, 0)): [11900, 36270, 14625, 10651, 5548, 2589, 1222, 496, 242, 102, 52, 20, 11, 3, 2, 0, 0, 1]
(0, (1, 0, 1), (0, 1)): [2390, 6218, 2526, 1922, 950, 446, 202, 78, 42, 15, 9, 1, 4, 1]
(0, (1, 0, 1), (0, 2)): [1149, 2279, 920, 681, 316, 152, 66, 27, 13, 1, 3, 1, 2, 1]
(0, (1, 0, 1), (1, 0)): [1926, 6282, 2535, 1957, 1045, 518, 232, 97, 52, 26, 15, 2, 1, 1, 1]
(0, (1, 0, 1), (1, 1)): [1831, 4930, 2062, 1500, 769, 358, 166, 69, 43, 18, 8, 1, 1]
(0, (1, 0, 1), (1, 2)): [1501, 3051, 1277, 891, 454, 206, 90, 39, 25, 5, 2, 1, 2]
(0, (1, 0, 1), (2, 0)): [618, 2113, 850, 712, 391, 210, 87, 39, 20, 13, 5, 1]
(0, (1, 0, 1), (2, 1)): [848, 2491, 1060, 789, 418, 226, 100, 37, 23, 16, 6]
(0, (1, 0, 1), (2, 2)): [1098, 2343, 1010, 731, 373, 182, 89, 38, 15, 10, 3]
(0, (1, 0, 1), (3, 0)): [203, 629, 291, 209, 148, 85, 31, 15, 9, 3, 1, 1]
(0, (1, 0, 1), (3, 1)): [329, 861, 446, 338, 213, 110, 46, 22, 15, 9, 3]
(0, (1, 0, 1), (3, 2)): [539, 1176, 610, 413, 263, 131, 62, 27, 16, 11, 5]
(0, (1, 1, 0), (0, 0)): [74106, 46266, 33902, 25165, 13406, 6264, 2685, 1240, 520, 232, 106, 47, 13, 6, 1, 0, 1]
(0, (1, 1, 0), (0, 1)): [16308, 8836, 6015, 4720, 2551, 1108, 523, 218, 90, 31, 18, 11, 1, 1, 1, 0, 1]
(0, (1, 1, 0), (0, 2)): [6918, 3225, 2118, 1684, 890, 384, 167, 88, 35, 13, 6, 2]
(0, (1, 1, 0), (1, 0)): [12549, 8057, 5942, 4807, 2531, 1246, 525, 242, 95, 43, 22, 9, 3, 3]
(0, (1, 1, 0), (1, 1)): [11993, 6820, 4845, 3885, 2004, 924, 414, 173, 54, 25, 20, 6, 2, 2, 1, 0, 1]
(0, (1, 1, 0), (1, 2)): [8984, 4268, 2954, 2412, 1218, 527, 232, 102, 39, 21, 6, 3, 0, 1, 0, 0, 1]
(0, (1, 1, 0), (2, 0)): [3680, 2692, 2032, 1663, 977, 501, 217, 104, 43, 16, 7, 6, 0, 1]
(0, (1, 1, 0), (2, 1)): [5563, 3448, 2549, 2062, 1149, 522, 244, 102, 43, 14, 13, 7, 2, 0, 1]
(0, (1, 1, 0), (2, 2)): [6407, 3365, 2364, 1905, 1025, 452, 211, 98, 32, 18, 7, 3, 0, 0, 0, 0, 1]
(0, (1, 1, 0), (3, 0)): [829, 863, 697, 550, 380, 200, 90, 42, 15, 7, 3, 2, 0, 1]
(0, (1, 1, 0), (3, 1)): [1895, 1438, 1134, 937, 621, 321, 142, 61, 23, 9, 7, 3, 2, 0, 1]
(0, (1, 1, 0), (3, 2)): [2981, 1895, 1460, 1184, 721, 339, 158, 81, 22, 11, 7, 1, 0, 0, 0, 0, 1]
(0, (1, 1, 1), (0, 0)): [7097, 13891, 11090, 8026, 6659, 3316, 1553, 736, 346, 142, 70, 28, 7, 4, 1, 0, 1]
(0, (1, 1, 1), (0, 1)): [1740, 2919, 2232, 1524, 1339, 658, 292, 143, 76, 24, 11, 5, 3, 1]
(0, (1, 1, 1), (0, 2)): [923, 1175, 816, 574, 492, 231, 99, 52, 27, 8, 8, 2, 1]
(0, (1, 1, 1), (1, 0)): [1125, 2548, 2069, 1471, 1229, 674, 309, 127, 63, 33, 13, 6, 0, 1, 0, 0, 1]
(0, (1, 1, 1), (1, 1)): [1173, 2265, 1766, 1186, 1043, 573, 255, 125, 59, 22, 7, 4, 1, 1, 0, 0, 1]
(0, (1, 1, 1), (1, 2)): [1084, 1564, 1159, 778, 683, 323, 139, 73, 33, 13, 6, 4, 0, 1, 0, 0, 1]
(0, (1, 1, 1), (2, 0)): [320, 749, 701, 532, 455, 249, 103, 47, 19, 14, 5, 4, 0, 1]
(0, (1, 1, 1), (2, 1)): [525, 1047, 902, 634, 534, 318, 136, 66, 38, 13, 4, 1, 1]
(0, (1, 1, 1), (2, 2)): [705, 1153, 899, 623, 524, 279, 124, 66, 32, 14, 4, 2, 1]
(0, (1, 1, 1), (3, 0)): [61, 194, 189, 187, 135, 91, 45, 21, 5, 6, 3, 2, 0, 1]
(0, (1, 1, 1), (3, 1)): [149, 364, 361, 275, 234, 145, 69, 27, 12, 7, 2, 3, 0, 1]
(0, (1, 1, 1), (3, 2)): [266, 548, 500, 365, 328, 179, 103, 39, 21, 8, 3, 3, 1, 1]
(1, (0, 0, 0), (0, 0)): [2027873, 228253, 93145, 37128, 14536, 5528, 2155, 760, 272, 110, 40, 25, 8, 3, 0, 1]
(1, (0, 0, 0), (0, 1)): [453881, 47499, 19077, 7619, 2995, 1105, 423, 158, 48, 16, 7, 6, 1, 1]
(1, (0, 0, 0), (0, 2)): [181467, 15962, 6403, 2392, 967, 348, 119, 44, 7, 5, 1, 3]
(1, (0, 0, 0), (1, 0)): [373444, 47560, 19925, 8088, 3226, 1246, 474, 151, 62, 25, 6, 4, 0, 0, 0, 1]
(1, (0, 0, 0), (1, 1)): [377331, 42542, 17337, 6975, 2747, 998, 429, 147, 49, 14, 9, 4, 1, 1]
(1, (0, 0, 0), (1, 2)): [268314, 25328, 10171, 3923, 1580, 564, 219, 65, 23, 8, 3, 2, 1]
(1, (0, 0, 0), (2, 0)): [123179, 17625, 7939, 3364, 1337, 531, 196, 61, 29, 15, 2, 2, 0, 0, 0, 1]
(1, (0, 0, 0), (2, 1)): [195015, 24627, 10575, 4330, 1746, 668, 236, 92, 23, 16, 7, 4]
(1, (0, 0, 0), (2, 2)): [217103, 22777, 9568, 3878, 1508, 555, 201, 75, 26, 8, 4, 2]
(1, (0, 0, 0), (3, 0)): [35967, 5722, 3184, 1416, 547, 226, 99, 26, 19, 7, 1, 1, 0, 0, 0, 1]
(1, (0, 0, 0), (3, 1)): [76783, 11384, 5706, 2465, 1010, 391, 136, 49, 17, 7, 3]
(1, (0, 0, 0), (3, 2)): [117764, 14749, 7206, 2942, 1214, 444, 159, 65, 19, 8, 5, 1]
(1, (0, 0, 1), (0, 0)): [53091, 76011, 15297, 6759, 2748, 1132, 437, 158, 73, 26, 15, 9, 4, 2]
(1, (0, 0, 1), (0, 1)): [10278, 12554, 2572, 1086, 389, 167, 82, 23, 4, 1, 3, 1]
(1, (0, 0, 1), (0, 2)): [4616, 4240, 838, 337, 126, 53, 23, 3, 3, 0, 1, 1]
(1, (0, 0, 1), (1, 0)): [10323, 15201, 3233, 1624, 664, 287, 96, 38, 25, 6, 2, 1]
(1, (0, 0, 1), (1, 1)): [9190, 11696, 2442, 1107, 418, 162, 73, 25, 7, 4, 1, 1]
(1, (0, 0, 1), (1, 2)): [7109, 6716, 1411, 603, 229, 92, 46, 9, 5, 2, 1, 2]
(1, (0, 0, 1), (2, 0)): [4268, 6146, 1418, 824, 340, 155, 54, 23, 15, 3, 1]
(1, (0, 0, 1), (2, 1)): [5173, 6873, 1493, 766, 298, 120, 39, 23, 7, 2, 1]
(1, (0, 0, 1), (2, 2)): [6184, 6155, 1355, 632, 223, 86, 45, 13, 3, 2, 2, 2]
(1, (0, 0, 1), (3, 0)): [1985, 2463, 643, 451, 188, 93, 30, 11, 7, 1, 1]
(1, (0, 0, 1), (3, 1)): [2296, 2985, 766, 422, 182, 84, 25, 15, 5, 2]
(1, (0, 0, 1), (3, 2)): [3710, 3777, 932, 505, 194, 87, 41, 12, 3, 0, 1]
(1, (0, 1, 0), (0, 0)): [269246, 115266, 43307, 18910, 7656, 3045, 1092, 469, 136, 72, 36, 10, 10, 2, 1]
(1, (0, 1, 0), (0, 1)): [53795, 20602, 7935, 3282, 1344, 542, 196, 84, 19, 13, 7, 1, 1]
(1, (0, 1, 0), (0, 2)): [21735, 7325, 2718, 1042, 447, 177, 61, 26, 7, 4, 1, 1, 1]
(1, (0, 1, 0), (1, 0)): [54464, 22734, 9230, 4601, 1856, 749, 283, 114, 43, 19, 9, 0, 0, 1]
(1, (0, 1, 0), (1, 1)): [47586, 18506, 7301, 3302, 1306, 518, 205, 74, 21, 7, 6, 0, 0, 1]
(1, (0, 1, 0), (1, 2)): [33126, 11402, 4280, 1805, 701, 270, 103, 47, 13, 7, 1, 1]
(1, (0, 1, 0), (2, 0)): [22340, 9026, 3971, 2289, 976, 388, 138, 65, 23, 12, 6]
(1, (0, 1, 0), (2, 1)): [27156, 10640, 4533, 2224, 943, 362, 144, 54, 16, 7, 5, 0, 0, 1]
(1, (0, 1, 0), (2, 2)): [28560, 9917, 3996, 1810, 717, 287, 100, 41, 11, 6, 3]
(1, (0, 1, 0), (3, 0)): [9713, 3609, 1698, 1238, 541, 221, 77, 34, 11, 7, 2]
(1, (0, 1, 0), (3, 1)): [12501, 4622, 2231, 1375, 594, 219, 99, 44, 16, 6, 3, 0, 0, 1]
(1, (0, 1, 0), (3, 2)): [17491, 6062, 2753, 1492, 646, 222, 98, 39, 9, 7, 3, 0, 0, 1]
(1, (0, 1, 1), (0, 0)): [41807, 35370, 30212, 12428, 6426, 2569, 1033, 414, 171, 58, 23, 10, 3, 2, 0, 1]
(1, (0, 1, 1), (0, 1)): [7584, 5688, 4804, 1958, 901, 333, 159, 71, 18, 4, 5, 1]
(1, (0, 1, 1), (0, 2)): [3661, 1848, 1744, 696, 315, 109, 61, 27, 4, 0, 4]
(1, (0, 1, 1), (1, 0)): [8971, 8078, 6146, 2786, 1664, 693, 278, 106, 38, 17, 5, 2, 1]
(1, (0, 1, 1), (1, 1)): [6398, 5127, 4232, 1759, 877, 313, 127, 57, 19, 8, 0, 2]
(1, (0, 1, 1), (1, 2)): [5345, 2969, 2668, 1044, 527, 184, 80, 35, 8, 4, 3, 1]
(1, (0, 1, 1), (2, 0)): [4810, 4169, 3004, 1504, 1052, 470, 190, 69, 26, 10, 5, 1]
(1, (0, 1, 1), (2, 1)): [3430, 2877, 2396, 1068, 538, 216, 92, 28, 11, 3, 1]
(1, (0, 1, 1), (2, 2)): [4427, 2586, 2334, 962, 474, 173, 67, 23, 8, 1, 3, 1]
(1, (0, 1, 1), (3, 0)): [3359, 2694, 1760, 997, 842, 373, 145, 60, 22, 7, 4, 1]
(1, (0, 1, 1), (3, 1)): [1449, 1289, 1017, 493, 303, 151, 56, 24, 9, 3]
(1, (0, 1, 1), (3, 2)): [2458, 1657, 1334, 640, 392, 142, 53, 23, 8, 2, 2, 1]
(1, (1, 0, 0), (0, 0)): [748730, 130065, 87756, 37535, 15306, 6087, 2403, 869, 341, 144, 54, 33, 7, 3, 0, 2]
(1, (1, 0, 0), (0, 1)): [150381, 22997, 16219, 6971, 2764, 1090, 424, 168, 51, 20, 10, 4, 1]
(1, (1, 0, 0), (0, 2)): [59064, 7773, 5315, 2239, 867, 385, 140, 49, 12, 6, 4]
(1, (1, 0, 0), (1, 0)): [132693, 24468, 17714, 7981, 3280, 1331, 545, 194, 64, 30, 13, 5, 2, 0, 0, 1]
(1, (1, 0, 0), (1, 1)): [118633, 19402, 13852, 6145, 2427, 929, 392, 143, 48, 21, 10, 7, 1, 0, 0, 1]
(1, (1, 0, 0), (1, 2)): [80430, 11328, 7935, 3390, 1313, 509, 208, 76, 24, 9, 8, 1]
(1, (1, 0, 0), (2, 0)): [43113, 8671, 6522, 3219, 1351, 551, 231, 79, 33, 10, 5, 0, 1]
(1, (1, 0, 0), (2, 1)): [58858, 10545, 7677, 3758, 1465, 594, 244, 84, 28, 10, 6, 4, 1, 0, 0, 1]
(1, (1, 0, 0), (2, 2)): [60458, 9310, 6501, 3006, 1192, 471, 189, 69, 20, 9, 4, 1, 1]
(1, (1, 0, 0), (3, 0)): [12057, 2859, 2071, 1239, 556, 221, 103, 29, 15, 5, 1, 0, 1]
(1, (1, 0, 0), (3, 1)): [22538, 4852, 3440, 2041, 804, 310, 153, 38, 21, 5, 4, 1, 0, 0, 0, 1]
(1, (1, 0, 0), (3, 2)): [30345, 5920, 3944, 2164, 822, 333, 150, 45, 23, 10, 5, 2, 1, 0, 0, 1]
(1, (1, 0, 1), (0, 0)): [60633, 68174, 21814, 15141, 6543, 2719, 1072, 420, 149, 82, 23, 10, 2, 1]
(1, (1, 0, 1), (0, 1)): [12645, 11424, 3625, 2630, 1097, 455, 172, 63, 30, 12, 4, 1, 2]
(1, (1, 0, 1), (0, 2)): [5721, 3843, 1262, 917, 384, 142, 73, 28, 10, 5, 3, 0, 1]
(1, (1, 0, 1), (1, 0)): [10700, 11840, 3984, 2944, 1362, 575, 215, 96, 33, 19, 1, 3]
(1, (1, 0, 1), (1, 1)): [9664, 9225, 3046, 2204, 909, 406, 139, 45, 21, 9, 1, 3, 1]
(1, (1, 0, 1), (1, 2)): [7306, 5294, 1814, 1306, 512, 214, 90, 38, 14, 5, 3]
(1, (1, 0, 1), (2, 0)): [3645, 3921, 1412, 1073, 553, 233, 89, 44, 12, 8, 0, 1]
(1, (1, 0, 1), (2, 1)): [4808, 4645, 1572, 1173, 578, 229, 82, 26, 14, 9, 0, 3]
(1, (1, 0, 1), (2, 2)): [5362, 4048, 1477, 1043, 478, 178, 78, 25, 13, 5, 1]
(1, (1, 0, 1), (3, 0)): [1199, 1258, 493, 374, 224, 110, 36, 13, 1, 4]
(1, (1, 0, 1), (3, 1)): [1787, 1796, 708, 542, 296, 130, 39, 18, 3, 5, 0, 2]
(1, (1, 0, 1), (3, 2)): [2668, 2283, 933, 630, 368, 133, 55, 17, 11, 4, 0, 2]
(1, (1, 1, 0), (0, 0)): [211189, 62998, 41881, 31209, 13116, 5470, 2134, 846, 328, 134, 52, 26, 10, 5, 1]
(1, (1, 1, 0), (0, 1)): [45270, 11718, 7470, 5901, 2445, 1012, 370, 155, 64, 23, 12, 4, 1]
(1, (1, 1, 0), (0, 2)): [18814, 4305, 2565, 2074, 833, 321, 105, 48, 18, 4, 4]
(1, (1, 1, 0), (1, 0)): [37699, 11969, 8048, 6324, 2762, 1141, 502, 179, 50, 30, 13, 4, 2, 1]
(1, (1, 1, 0), (1, 1)): [35334, 9791, 6588, 5116, 2144, 892, 343, 147, 50, 25, 12, 4, 1]
(1, (1, 1, 0), (1, 2)): [25539, 6114, 3829, 3000, 1242, 463, 171, 84, 30, 7, 8, 2, 1]
(1, (1, 1, 0), (2, 0)): [12101, 4448, 2820, 2256, 1139, 489, 225, 74, 23, 15, 7, 2, 2, 1]
(1, (1, 1, 0), (2, 1)): [17422, 5409, 3682, 2868, 1318, 578, 238, 80, 32, 15, 8, 2, 1]
(1, (1, 1, 0), (2, 2)): [19329, 5066, 3256, 2509, 1151, 477, 173, 76, 30, 9, 4, 2, 1]
(1, (1, 1, 0), (3, 0)): [3121, 1608, 1017, 694, 465, 195, 88, 35, 7, 6, 1, 2, 1]
(1, (1, 1, 0), (3, 1)): [6347, 2658, 1798, 1342, 723, 329, 133, 42, 17, 10, 4, 2, 1]
(1, (1, 1, 0), (3, 2)): [9615, 3226, 2185, 1614, 847, 346, 116, 53, 24, 10, 3, 1, 1]
(1, (1, 1, 1), (0, 0)): [43217, 34534, 21430, 13860, 10865, 4653, 1889, 708, 289, 107, 38, 22, 9, 4, 1, 1]
(1, (1, 1, 1), (0, 1)): [10010, 6692, 4039, 2560, 2107, 854, 350, 129, 59, 20, 7, 1, 0, 1]
(1, (1, 1, 1), (0, 2)): [4858, 2387, 1490, 955, 741, 282, 121, 32, 11, 10, 4, 0, 0, 1]
(1, (1, 1, 1), (1, 0)): [7079, 6450, 3902, 2526, 2206, 990, 440, 152, 57, 19, 9, 7, 2]
(1, (1, 1, 1), (1, 1)): [7186, 5427, 3305, 2106, 1739, 730, 331, 122, 51, 13, 4, 3]
(1, (1, 1, 1), (1, 2)): [5978, 3272, 2101, 1314, 1036, 443, 191, 63, 25, 10, 4, 3, 0, 1]
(1, (1, 1, 1), (2, 0)): [1868, 2178, 1378, 854, 814, 404, 175, 65, 22, 10, 3, 3, 1]
(1, (1, 1, 1), (2, 1)): [3108, 2899, 1737, 1105, 951, 436, 187, 68, 32, 11, 3, 2]
(1, (1, 1, 1), (2, 2)): [4044, 2665, 1706, 1057, 888, 389, 175, 57, 27, 12, 3, 3, 0, 1]
(1, (1, 1, 1), (3, 0)): [314, 676, 492, 290, 245, 147, 69, 26, 6, 3, 0, 1, 1]
(1, (1, 1, 1), (3, 1)): [810, 1232, 815, 495, 428, 228, 88, 37, 18, 5, 2, 1, 1]
(1, (1, 1, 1), (3, 2)): [1568, 1563, 1049, 640, 533, 283, 115, 40, 19, 6, 4, 1, 0, 1]
(2, (0, 0, 0), (0, 0)): [1773861, 85202, 28126, 8990, 3013, 929, 317, 109, 21, 9, 5, 1, 1]
(2, (0, 0, 0), (0, 1)): [393330, 16450, 5438, 1744, 621, 174, 60, 18, 4, 1]
(2, (0, 0, 0), (0, 2)): [155694, 4572, 1563, 496, 186, 44, 5, 8, 1]
(2, (0, 0, 0), (1, 0)): [338740, 19848, 6723, 2134, 736, 197, 77, 22, 7, 0, 0, 0, 1]
(2, (0, 0, 0), (1, 1)): [335598, 16007, 5451, 1709, 610, 184, 71, 15, 5]
(2, (0, 0, 0), (1, 2)): [233264, 7953, 2754, 916, 311, 91, 28, 8, 1]
(2, (0, 0, 0), (2, 0)): [117228, 7723, 3116, 952, 333, 84, 31, 8, 3, 0, 0, 0, 1]
(2, (0, 0, 0), (2, 1)): [180860, 10034, 3861, 1125, 396, 115, 48, 12, 5]
(2, (0, 0, 0), (2, 2)): [196301, 8025, 3040, 948, 315, 95, 33, 8, 1]
(2, (0, 0, 0), (3, 0)): [36172, 2590, 1395, 438, 157, 38, 12, 4, 0, 0, 0, 0, 1]
(2, (0, 0, 0), (3, 1)): [75026, 5007, 2416, 758, 236, 66, 22, 8, 3]
(2, (0, 0, 0), (3, 2)): [113227, 5933, 2813, 858, 278, 89, 29, 8, 2]
(2, (0, 0, 1), (0, 0)): [164017, 46975, 10191, 3519, 1230, 426, 127, 43, 10, 7, 1, 2]
(2, (0, 0, 1), (0, 1)): [33129, 7768, 1737, 574, 188, 76, 18, 6, 1, 3]
(2, (0, 0, 1), (0, 2)): [13659, 2392, 522, 176, 56, 22, 7, 0, 0, 1]
(2, (0, 0, 1), (1, 0)): [35627, 9619, 2465, 978, 350, 108, 43, 16, 4, 2, 1, 1]
(2, (0, 0, 1), (1, 1)): [30383, 7439, 1694, 645, 209, 75, 19, 8, 1, 3]
(2, (0, 0, 1), (1, 2)): [21479, 4000, 865, 310, 116, 37, 8, 4, 0, 3]
(2, (0, 0, 1), (2, 0)): [15389, 3984, 1198, 548, 207, 60, 24, 9, 3, 1, 1, 1]
(2, (0, 0, 1), (2, 1)): [18042, 4584, 1226, 501, 169, 47, 21, 8, 0, 2]
(2, (0, 0, 1), (2, 2)): [19436, 3920, 968, 365, 128, 41, 10, 4, 0, 1]
(2, (0, 0, 1), (3, 0)): [7248, 1599, 580, 347, 119, 39, 14, 2, 3, 0, 1, 1]
(2, (0, 0, 1), (3, 1)): [8465, 2124, 692, 364, 115, 32, 15, 4, 1, 1, 1]
(2, (0, 0, 1), (3, 2)): [12257, 2698, 785, 370, 128, 34, 15, 3, 1, 2]
(2, (0, 1, 0), (0, 0)): [433885, 88212, 25283, 9044, 3056, 969, 308, 91, 24, 14, 7, 0, 1]
(2, (0, 1, 0), (0, 1)): [87321, 14890, 4274, 1369, 515, 148, 46, 11, 7, 4, 1]
(2, (0, 1, 0), (0, 2)): [35823, 4523, 1293, 379, 133, 31, 12, 2, 3, 1]
(2, (0, 1, 0), (1, 0)): [93599, 18288, 6221, 2618, 844, 252, 95, 33, 1, 2, 0, 0, 1]
(2, (0, 1, 0), (1, 1)): [78841, 14078, 4310, 1512, 545, 148, 63, 15, 4, 3, 1]
(2, (0, 1, 0), (1, 2)): [55659, 7577, 2192, 752, 258, 58, 31, 7, 2, 1]
(2, (0, 1, 0), (2, 0)): [41374, 7658, 2932, 1552, 513, 156, 49, 22, 1, 2, 0, 0, 1]
(2, (0, 1, 0), (2, 1)): [46089, 8580, 2861, 1143, 396, 112, 38, 8, 2, 3, 1, 0, 1]
(2, (0, 1, 0), (2, 2)): [49404, 7244, 2246, 872, 307, 79, 36, 10, 0, 2]
(2, (0, 1, 0), (3, 0)): [20642, 3251, 1448, 1025, 328, 103, 36, 20, 1, 2]
(2, (0, 1, 0), (3, 1)): [21207, 3970, 1542, 817, 284, 82, 30, 6, 2, 2, 1, 0, 1]
(2, (0, 1, 0), (3, 2)): [30849, 4835, 1728, 902, 306, 80, 44, 9, 0, 1, 0, 0, 1]
(2, (0, 1, 1), (0, 0)): [101250, 8360, 20683, 6146, 2430, 810, 267, 83, 26, 7, 5, 1, 0, 1]
(2, (0, 1, 1), (0, 1)): [20929, 1317, 3478, 1033, 366, 135, 38, 11, 1, 2]
(2, (0, 1, 1), (0, 2)): [9145, 445, 1097, 329, 127, 39, 14, 2, 0, 2]
(2, (0, 1, 1), (1, 0)): [22855, 2135, 4322, 1605, 727, 252, 81, 24, 6, 0, 3]
(2, (0, 1, 1), (1, 1)): [18529, 1296, 3264, 1044, 396, 151, 39, 13, 4, 0, 1]
(2, (0, 1, 1), (1, 2)): [14192, 773, 1877, 545, 219, 74, 19, 4, 1, 2, 1]
(2, (0, 1, 1), (2, 0)): [10849, 1189, 1948, 823, 469, 154, 49, 17, 2, 0, 2]
(2, (0, 1, 1), (2, 1)): [10845, 836, 1980, 693, 321, 102, 28, 9, 3, 0, 1]
(2, (0, 1, 1), (2, 2)): [12669, 811, 1765, 603, 235, 88, 19, 5, 3, 1]
(2, (0, 1, 1), (3, 0)): [6188, 795, 982, 475, 317, 123, 33, 14, 1, 0, 1]
(2, (0, 1, 1), (3, 1)): [5005, 474, 924, 356, 218, 71, 23, 9, 1, 0, 1]
(2, (0, 1, 1), (3, 2)): [7910, 641, 1209, 454, 222, 92, 19, 9, 4, 1]
(2, (1, 0, 0), (0, 0)): [906343, 65072, 44827, 14325, 4718, 1484, 557, 169, 41, 16, 7, 2, 1]
(2, (1, 0, 0), (0, 1)): [181503, 10954, 7663, 2467, 812, 279, 99, 38, 10, 2, 0, 2]
(2, (1, 0, 0), (0, 2)): [70917, 3097, 2094, 701, 217, 63, 27, 11, 4, 0, 0, 1]
(2, (1, 0, 0), (1, 0)): [164165, 13472, 9798, 3392, 1152, 321, 128, 36, 10, 2, 0, 0, 1]
(2, (1, 0, 0), (1, 1)): [146986, 9846, 7002, 2407, 786, 240, 93, 26, 7, 2]
(2, (1, 0, 0), (1, 2)): [99190, 4947, 3279, 1202, 367, 101, 39, 12, 4, 1, 0, 1]
(2, (1, 0, 0), (2, 0)): [54751, 5186, 3668, 1477, 512, 148, 56, 21, 7, 2, 0, 0, 1]
(2, (1, 0, 0), (2, 1)): [75637, 5811, 4214, 1580, 525, 165, 60, 16, 6, 0, 0, 0, 1]
(2, (1, 0, 0), (2, 2)): [77115, 4659, 3061, 1175, 390, 113, 46, 12, 4, 1]
(2, (1, 0, 0), (3, 0)): [16114, 1970, 1150, 649, 218, 65, 23, 11, 3, 2]
(2, (1, 0, 0), (3, 1)): [30245, 3084, 2029, 1014, 296, 91, 33, 9, 4, 1, 0, 0, 1]
(2, (1, 0, 0), (3, 2)): [40955, 3486, 2141, 1030, 336, 103, 34, 14, 1, 1, 0, 0, 1]
(2, (1, 0, 1), (0, 0)): [160238, 36708, 14508, 9514, 3153, 1012, 349, 107, 36, 13, 2, 4, 2]
(2, (1, 0, 1), (0, 1)): [33823, 6338, 2352, 1653, 551, 183, 65, 19, 8, 2, 1, 1, 1]
(2, (1, 0, 1), (0, 2)): [14009, 1906, 711, 458, 170, 49, 15, 7, 1, 1]
(2, (1, 0, 1), (1, 0)): [31051, 6790, 3120, 2212, 823, 226, 83, 20, 3, 3, 0, 1]
(2, (1, 0, 1), (1, 1)): [27654, 5369, 2258, 1595, 576, 176, 64, 18, 6, 3, 1, 2, 1]
(2, (1, 0, 1), (1, 2)): [19547, 2830, 1177, 759, 293, 92, 35, 9, 4, 1, 0, 1]
(2, (1, 0, 1), (2, 0)): [11081, 2337, 1282, 858, 359, 102, 36, 11, 3]
(2, (1, 0, 1), (2, 1)): [14631, 2861, 1424, 947, 402, 118, 38, 13, 1, 2, 0, 1]
(2, (1, 0, 1), (2, 2)): [15196, 2273, 1099, 703, 274, 100, 38, 9, 4, 0, 0, 1]
(2, (1, 0, 1), (3, 0)): [3731, 714, 522, 311, 154, 47, 20, 3, 3]
(2, (1, 0, 1), (3, 1)): [6233, 1154, 737, 476, 263, 56, 29, 5, 4, 2]
(2, (1, 0, 1), (3, 2)): [8410, 1215, 851, 502, 251, 78, 25, 8, 5, 1]
(2, (1, 1, 0), (0, 0)): [357432, 53127, 26882, 19396, 6290, 1994, 678, 232, 68, 31, 11, 4, 2, 1]
(2, (1, 1, 0), (0, 1)): [75377, 9257, 4501, 3452, 1067, 316, 112, 42, 6, 6, 2, 2, 1]
(2, (1, 1, 0), (0, 2)): [31763, 2778, 1357, 1009, 322, 87, 33, 15, 2, 3]
(2, (1, 1, 0), (1, 0)): [65366, 9832, 5537, 4271, 1536, 453, 163, 51, 19, 6, 1, 1]
(2, (1, 1, 0), (1, 1)): [61750, 8094, 4240, 3224, 1013, 335, 97, 37, 10, 6, 2, 3, 1]
(2, (1, 1, 0), (1, 2)): [45136, 4313, 2256, 1637, 517, 162, 38, 20, 6, 1, 1, 2]
(2, (1, 1, 0), (2, 0)): [22352, 3458, 2221, 1644, 779, 207, 82, 25, 9, 3]
(2, (1, 1, 0), (2, 1)): [32214, 4407, 2633, 1984, 773, 216, 79, 27, 7, 5, 0, 0, 1]
(2, (1, 1, 0), (2, 2)): [35774, 3735, 2184, 1567, 576, 158, 53, 22, 11, 1, 1, 1]
(2, (1, 1, 0), (3, 0)): [7022, 1075, 910, 536, 371, 106, 38, 12, 6, 2]
(2, (1, 1, 0), (3, 1)): [13465, 1903, 1475, 1001, 533, 140, 52, 11, 5, 2, 0, 0, 1]
(2, (1, 1, 0), (3, 2)): [19728, 2282, 1786, 1122, 572, 129, 51, 17, 8, 1, 1]
(2, (1, 1, 1), (0, 0)): [106537, 15487, 17516, 8744, 6799, 2111, 718, 244, 81, 20, 10, 4, 1, 1]
(2, (1, 1, 1), (0, 1)): [25050, 2587, 3225, 1589, 1260, 398, 139, 40, 20, 5, 3, 0, 1]
(2, (1, 1, 1), (0, 2)): [11288, 831, 981, 481, 360, 109, 47, 8, 4, 1, 2]
(2, (1, 1, 1), (1, 0)): [18386, 4108, 3455, 1893, 1573, 491, 168, 61, 18, 5, 1, 2]
(2, (1, 1, 1), (1, 1)): [19344, 2735, 2853, 1515, 1189, 382, 131, 42, 18, 5, 1, 0, 1]
(2, (1, 1, 1), (1, 2)): [15336, 1453, 1549, 771, 595, 213, 71, 17, 5, 3, 2]
(2, (1, 1, 1), (2, 0)): [5136, 2326, 1210, 769, 634, 212, 69, 27, 7, 3, 0, 2]
(2, (1, 1, 1), (2, 1)): [8704, 2201, 1590, 989, 754, 260, 86, 25, 10, 2, 0, 0, 1]
(2, (1, 1, 1), (2, 2)): [10955, 1680, 1370, 796, 596, 222, 77, 19, 6, 4, 2]
(2, (1, 1, 1), (3, 0)): [878, 1417, 363, 320, 197, 100, 35, 16, 4, 3, 0, 1]
(2, (1, 1, 1), (3, 1)): [2489, 1839, 654, 546, 398, 146, 57, 14, 5, 3, 0, 1]
(2, (1, 1, 1), (3, 2)): [4656, 1898, 836, 709, 446, 191, 67, 18, 5, 3, 2]
