(0, (0, 0, 0), (0, 0)): [15176, 3151, 1542, 660, 331, 142, 50, 24, 10, 1, 2, 2, 3]
(0, (0, 0, 1), (0, 0)): [56, 263, 68, 29, 20, 6, 6, 4, 0, 0, 0, 0, 2]
(0, (0, 1, 0), (0, 0)): [504, 523, 203, 81, 53, 23, 11, 10, 2, 1]
(0, (0, 1, 0), (1, 0)): [0, 1]
(0, (0, 1, 0), (2, 0)): [0, 1]
(0, (0, 1, 0), (3, 0)): [0, 1]
(0, (0, 1, 1), (0, 0)): [42, 85, 110, 57, 27, 13, 8, 4, 0, 0, 1]
(0, (1, 0, 0), (0, 0)): [3471, 1207, 804, 372, 189, 78, 28, 13, 9, 0, 1, 1, 2]
(0, (1, 0, 1), (0, 0)): [82, 254, 121, 69, 47, 22, 13, 5, 2, 0, 1, 1, 1]
(0, (1, 1, 0), (0, 0)): [493, 294, 244, 159, 92, 40, 17, 10, 5, 0, 1]
(0, (1, 1, 1), (0, 0)): [58, 92, 70, 56, 52, 33, 14, 4, 1, 0, 1]
(1, (0, 0, 0), (0, 0)): [11938, 1369, 582, 218, 94, 45, 11, 1, 1, 0, 1, 1]
(1, (0, 0, 1), (0, 0)): [379, 656, 119, 49, 23, 9, 3, 4, 2, 0, 0, 0, 1]
(1, (0, 1, 0), (0, 0)): [1811, 936, 343, 141, 65, 20, 8, 2, 1, 0, 0, 1, 1]
(1, (0, 1, 0), (1, 0)): [1]
(1, (0, 1, 0), (1, 1)): [1]
(1, (0, 1, 0), (1, 2)): [1]
(1, (0, 1, 0), (2, 2)): [1]
(1, (0, 1, 0), (3, 2)): [1]
(1, (0, 1, 1), (0, 0)): [283, 258, 273, 96, 53, 21, 7, 3, 3, 1, 2, 1]
(1, (1, 0, 0), (0, 0)): [4995, 1016, 610, 242, 107, 51, 18, 3, 1, 0, 1, 3, 1]
(1, (1, 0, 1), (0, 0)): [423, 542, 186, 106, 60, 20, 9, 2, 2, 3, 2, 1]
(1, (1, 1, 0), (0, 0)): [1254, 392, 298, 197, 86, 39, 12, 4, 1, 1, 1, 2]
(1, (1, 1, 1), (0, 0)): [269, 188, 137, 89, 71, 21, 9, 4, 0, 0, 1]
(2, (0, 0, 0), (0, 0)): [10128, 440, 146, 42, 17, 8]
(2, (0, 0, 1), (0, 0)): [1344, 464, 72, 27, 6, 5, 2]
(2, (0, 1, 0), (0, 0)): [2747, 666, 158, 65, 20, 6, 1, 2]
(2, (0, 1, 1), (0, 0)): [736, 63, 174, 46, 14, 8, 2]
(2, (0, 1, 1), (0, 1)): [0, 0, 0, 0, 1]
(2, (0, 1, 1), (0, 2)): [0, 0, 0, 0, 1]
(2, (0, 1, 1), (1, 2)): [0, 0, 0, 0, 1]
(2, (1, 0, 0), (0, 0)): [6172, 530, 289, 85, 33, 15, 3]
(2, (1, 0, 1), (0, 0)): [1199, 301, 138, 69, 28, 12, 2]
(2, (1, 1, 0), (0, 0)): [2045, 332, 201, 118, 36, 14, 1, 0, 1, 1]
(2, (1, 1, 1), (0, 0)): [636, 83, 116, 58, 35, 13, 4, 2, 1]
(2, (1, 1, 1), (1, 0)): [1]
(2, (1, 1, 1), (1, 1)): [1]
(2, (1, 1, 1), (1, 2)): [1]
