(0, (0, 0, 0)): [35212, 6925, 3305, 1444, 698, 302, 163, 56, 22, 10, 6, 1]
(0, (0, 0, 1)): [79, 289, 81, 48, 20, 16, 5, 1, 2]
(0, (0, 1, 0)): [1367, 1278, 532, 272, 113, 55, 39, 8, 5, 1]
(0, (0, 1, 1)): [116, 179, 223, 104, 49, 36, 15, 8, 1, 1]
(0, (1, 0, 0)): [6623, 2026, 1521, 715, 340, 175, 92, 36, 9, 5, 3, 1]
(0, (1, 0, 1)): [172, 446, 184, 112, 71, 41, 23, 9, 3, 1]
(0, (1, 1, 0)): [1012, 649, 465, 356, 191, 87, 51, 14, 5, 3, 3, 1]
(0, (1, 1, 1)): [117, 211, 164, 107, 98, 48, 32, 12, 3, 1, 1]
(1, (0, 0, 0)): [27222, 3189, 1316, 487, 261, 74, 37, 9, 6, 3, 2]
(1, (0, 0, 1)): [687, 985, 188, 89, 36, 21, 6, 0, 1, 1, 1]
(1, (0, 1, 0)): [3554, 1470, 563, 260, 127, 43, 15, 3, 1, 2, 1]
(1, (0, 1, 1)): [534, 491, 410, 153, 86, 38, 13, 5, 3, 1, 0, 1]
(1, (1, 0, 0)): [9886, 1608, 1203, 509, 219, 87, 40, 9, 6, 2, 2]
(1, (1, 0, 1)): [827, 795, 271, 183, 92, 37, 16, 4, 0, 1]
(1, (1, 1, 0)): [2980, 851, 542, 433, 198, 68, 44, 11, 4, 2, 1]
(1, (1, 1, 1)): [664, 528, 323, 209, 166, 72, 37, 10, 3, 3, 1]
(2, (0, 0, 0)): [23906, 1243, 429, 111, 61, 10, 4, 1, 3, 1]
(2, (0, 0, 1)): [2276, 573, 122, 49, 21, 7, 1, 1]
(2, (0, 1, 0)): [5931, 1139, 347, 135, 41, 19, 6, 2, 1]
(2, (0, 1, 1)): [1422, 119, 279, 77, 39, 12, 6, 1]
(2, (1, 0, 0)): [11757, 846, 625, 179, 81, 17, 7, 0, 4, 1]
(2, (1, 0, 1)): [2217, 436, 173, 137, 54, 9, 7]
(2, (1, 1, 0)): [4912, 688, 344, 292, 98, 33, 14, 1, 5, 1]
(2, (1, 1, 1)): [1641, 247, 247, 141, 120, 41, 13, 1, 4, 1]
