(0, (0, 0, 0), (0, 0)): [1591428, 321462, 147598, 67071, 29879, 12709, 5258, 2155, 865, 380, 153, 80, 30, 14, 4, 1, 1, 1]
(0, (0, 0, 0), (0, 1)): [129721, 24614, 11108, 5042, 2182, 932, 390, 131, 56, 24, 10, 5, 2, 3, 0, 1]
(0, (0, 0, 0), (0, 2)): [48576, 8148, 3589, 1579, 692, 289, 126, 42, 19, 6, 4, 1, 1]
(0, (0, 0, 0), (1, 0)): [118971, 26485, 12434, 5781, 2695, 1096, 483, 192, 78, 23, 10, 7, 0, 2, 1, 0, 1]
(0, (0, 0, 0), (1, 1)): [112137, 22496, 10465, 4825, 2090, 885, 382, 134, 58, 15, 11, 7, 1, 3, 0, 1, 1]
(0, (0, 0, 0), (1, 2)): [75240, 13216, 5960, 2638, 1187, 493, 211, 69, 32, 12, 5, 3, 2]
(0, (0, 0, 0), (2, 0)): [38626, 9573, 4743, 2240, 1103, 432, 194, 90, 28, 11, 5, 4, 0, 1, 1]
(0, (0, 0, 0), (2, 1)): [58649, 12909, 6370, 2940, 1351, 561, 240, 112, 38, 7, 8, 6, 0, 1, 0, 0, 1]
(0, (0, 0, 0), (2, 2)): [59824, 11512, 5417, 2464, 1118, 441, 190, 67, 38, 11, 3, 1, 2, 0, 0, 0, 1]
(0, (0, 0, 0), (3, 0)): [11506, 3309, 1844, 939, 462, 185, 88, 31, 11, 5, 2, 0, 0, 1, 1]
(0, (0, 0, 0), (3, 1)): [22524, 5928, 3157, 1541, 742, 312, 130, 62, 20, 5, 3, 5, 0, 1, 1]
(0, (0, 0, 0), (3, 2)): [31794, 7204, 3809, 1733, 838, 351, 146, 53, 26, 10, 3, 5, 2, 0, 1, 0, 1]
(0, (0, 0, 1), (0, 0)): [6216, 18940, 5178, 2473, 1206, 506, 223, 100, 38, 21, 9, 3, 2, 2]
(0, (0, 0, 1), (0, 1)): [394, 1152, 338, 140, 75, 26, 11, 7, 2, 1, 1, 0, 0, 1]
(0, (0, 0, 1), (0, 2)): [172, 441, 111, 50, 25, 11, 2, 2, 2]
(0, (0, 0, 1), (1, 0)): [412, 1382, 393, 204, 104, 46, 15, 9, 1, 1, 1]
(0, (0, 0, 1), (1, 1)): [379, 1091, 316, 135, 81, 28, 14, 7, 0, 1, 1, 0, 0, 1]
(0, (0, 0, 1), (1, 2)): [290, 710, 182, 79, 41, 17, 4, 5, 2, 1]
(0, (0, 0, 1), (2, 0)): [150, 533, 167, 98, 38, 22, 4, 5, 1, 1]
(0, (0, 0, 1), (2, 1)): [208, 630, 210, 100, 62, 20, 11, 4, 0, 1, 1]
(0, (0, 0, 1), (2, 2)): [260, 643, 181, 85, 53, 16, 5, 0, 1, 1]
(0, (0, 0, 1), (3, 0)): [46, 181, 56, 44, 11, 10, 3, 2, 1]
(0, (0, 0, 1), (3, 1)): [86, 292, 91, 66, 31, 11, 5, 4]
(0, (0, 0, 1), (3, 2)): [149, 387, 105, 72, 43, 10, 1, 1, 1, 1]
(0, (0, 1, 0), (0, 0)): [57333, 53658, 21019, 10204, 4837, 2106, 885, 374, 156, 84, 27, 8, 3, 4, 2, 0, 1]
(0, (0, 1, 0), (0, 1)): [4689, 4316, 1655, 755, 348, 161, 77, 26, 11, 5]
(0, (0, 1, 0), (0, 2)): [1896, 1470, 551, 242, 108, 58, 34, 7, 4, 1]
(0, (0, 1, 0), (1, 0)): [4701, 4647, 1961, 993, 431, 211, 61, 32, 14, 4, 2, 1, 0, 2, 1, 0, 1]
(0, (0, 1, 0), (1, 1)): [4143, 3817, 1550, 745, 321, 150, 54, 24, 4, 3, 0, 0, 0, 1]
(0, (0, 1, 0), (1, 2)): [2871, 2286, 922, 440, 184, 93, 36, 18, 1, 2]
(0, (0, 1, 0), (2, 0)): [1743, 1673, 733, 400, 164, 99, 22, 16, 9, 3, 1, 1, 0, 1, 0, 0, 1]
(0, (0, 1, 0), (2, 1)): [2291, 2128, 926, 442, 193, 108, 33, 14, 4, 3, 1, 0, 0, 1, 0, 0, 1]
(0, (0, 1, 0), (2, 2)): [2495, 1904, 865, 387, 170, 82, 37, 13, 3, 1, 1, 0, 0, 0, 0, 0, 1]
(0, (0, 1, 0), (3, 0)): [619, 499, 240, 172, 64, 43, 13, 10, 6, 1, 0, 1]
(0, (0, 1, 0), (3, 1)): [987, 860, 425, 258, 105, 61, 14, 11, 1, 1, 0, 1, 0, 1]
(0, (0, 1, 0), (3, 2)): [1452, 1112, 576, 272, 130, 58, 29, 9, 2, 2, 1, 0, 0, 0, 0, 0, 1]
(0, (0, 1, 1), (0, 0)): [4679, 8100, 9604, 4461, 2352, 1129, 477, 216, 107, 42, 10, 8, 2, 2, 2, 0, 1, 1]
(0, (0, 1, 1), (0, 1)): [375, 570, 711, 302, 161, 77, 41, 12, 4, 2, 1, 1, 0, 0, 0, 0, 1]
(0, (0, 1, 1), (0, 2)): [173, 200, 247, 110, 50, 26, 18, 5, 1, 1, 0, 1]
(0, (0, 1, 1), (1, 0)): [378, 757, 876, 433, 221, 117, 40, 19, 14, 1, 0, 2, 0, 0, 1]
(0, (0, 1, 1), (1, 1)): [314, 564, 665, 299, 166, 66, 26, 12, 6, 1, 1, 0, 0, 0, 0, 0, 1]
(0, (0, 1, 1), (1, 2)): [248, 338, 364, 170, 97, 48, 21, 5, 4, 1, 0, 1, 0, 0, 0, 0, 1]
(0, (0, 1, 1), (2, 0)): [167, 341, 352, 196, 107, 74, 19, 8, 7, 1, 0, 1, 0, 0, 1]
(0, (0, 1, 1), (2, 1)): [166, 337, 410, 187, 89, 41, 15, 12, 7, 2, 0, 0, 0, 0, 1]
(0, (0, 1, 1), (2, 2)): [207, 316, 327, 160, 78, 42, 16, 8, 4, 1, 0, 1, 0, 0, 0, 0, 1]
(0, (0, 1, 1), (3, 0)): [93, 151, 151, 96, 66, 41, 10, 2, 2, 0, 0, 1]
(0, (0, 1, 1), (3, 1)): [71, 134, 168, 84, 60, 21, 8, 4, 4, 1, 0, 0, 0, 0, 1]
(0, (0, 1, 1), (3, 2)): [116, 170, 211, 106, 57, 33, 11, 6, 6, 0, 0, 0, 0, 0, 0, 0, 1]
(0, (1, 0, 0), (0, 0)): [336623, 112772, 71793, 35435, 16894, 7559, 3165, 1337, 559, 247, 107, 49, 21, 8, 3, 1, 1, 1]
(0, (1, 0, 0), (0, 1)): [25202, 7769, 5035, 2368, 1153, 503, 210, 92, 36, 6, 2, 3]
(0, (1, 0, 0), (0, 2)): [9241, 2535, 1645, 764, 365, 143, 79, 20, 13, 1, 1, 1]
(0, (1, 0, 0), (1, 0)): [23060, 8359, 5709, 2879, 1423, 636, 279, 106, 43, 24, 12, 3, 0, 4, 1, 0, 1]
(0, (1, 0, 0), (1, 1)): [19519, 6395, 4256, 2058, 963, 469, 178, 79, 28, 11, 6, 1, 0, 1]
(0, (1, 0, 0), (1, 2)): [12371, 3547, 2353, 1161, 538, 219, 110, 38, 17, 6, 0, 1]
(0, (1, 0, 0), (2, 0)): [7173, 2791, 1993, 1107, 566, 252, 120, 43, 16, 12, 7, 1, 0, 3, 0, 0, 1]
(0, (1, 0, 0), (2, 1)): [9547, 3308, 2314, 1185, 564, 279, 105, 45, 16, 9, 5, 1, 0, 3, 0, 0, 1]
(0, (1, 0, 0), (2, 2)): [8944, 2730, 1893, 897, 441, 178, 90, 35, 15, 8, 2, 1, 0, 2]
(0, (1, 0, 0), (3, 0)): [1863, 871, 659, 433, 234, 95, 54, 19, 7, 5, 3, 1]
(0, (1, 0, 0), (3, 1)): [3352, 1376, 1004, 623, 313, 142, 52, 25, 8, 6, 4, 0, 0, 1]
(0, (1, 0, 0), (3, 2)): [4192, 1544, 1093, 616, 308, 130, 57, 26, 10, 6, 2, 0, 0, 1]
(0, (1, 0, 1), (0, 0)): [8005, 24840, 9997, 7015, 3659, 1693, 796, 317, 159, 61, 33, 14, 5, 2, 2, 0, 0, 1]
(0, (1, 0, 1), (0, 1)): [595, 1782, 698, 484, 255, 125, 51, 11, 10, 2, 2, 0, 1, 1]
(0, (1, 0, 1), (0, 2)): [260, 637, 234, 153, 79, 42, 17, 3, 4, 1, 0, 0, 0, 1]
(0, (1, 0, 1), (1, 0)): [540, 1913, 764, 560, 294, 147, 47, 23, 15, 3, 4, 0, 0, 0, 1]
(0, (1, 0, 1), (1, 1)): [478, 1423, 574, 406, 211, 88, 34, 15, 10, 0, 3]
(0, (1, 0, 1), (1, 2)): [378, 801, 337, 216, 125, 43, 18, 6, 5, 1]
(0, (1, 0, 1), (2, 0)): [186, 649, 267, 198, 120, 71, 22, 9, 3, 2, 1]
(0, (1, 0, 1), (2, 1)): [218, 759, 303, 228, 111, 68, 20, 7, 9, 0, 2]
(0, (1, 0, 1), (2, 2)): [286, 644, 248, 180, 93, 46, 18, 10, 4, 1, 2]
(0, (1, 0, 1), (3, 0)): [63, 202, 91, 56, 45, 29, 8, 5, 0, 1, 1]
(0, (1, 0, 1), (3, 1)): [76, 255, 118, 96, 71, 36, 6, 2, 3, 1]
(0, (1, 0, 1), (3, 2)): [127, 301, 155, 112, 76, 40, 9, 8, 6, 2, 2]
(0, (1, 1, 0), (0, 0)): [46716, 29783, 22215, 16003, 8456, 3990, 1695, 791, 325, 148, 67, 28, 10, 4, 0, 0, 1]
(0, (1, 1, 0), (0, 1)): [3836, 2150, 1513, 1121, 643, 253, 117, 53, 14, 9, 4, 3, 0, 0, 0, 0, 1]
(0, (1, 1, 0), (0, 2)): [1551, 750, 497, 371, 212, 81, 41, 18, 5, 3, 1]
(0, (1, 1, 0), (1, 0)): [3130, 2068, 1625, 1215, 626, 325, 135, 58, 25, 9, 3, 0, 1, 2]
(0, (1, 1, 0), (1, 1)): [2806, 1620, 1215, 958, 500, 229, 97, 40, 11, 7, 5, 2, 1, 1, 0, 0, 1]
(0, (1, 1, 0), (1, 2)): [1987, 987, 696, 581, 294, 102, 52, 27, 4, 5, 2, 1, 0, 1, 0, 0, 1]
(0, (1, 1, 0), (2, 0)): [930, 668, 566, 401, 231, 119, 56, 25, 13, 4, 0, 0, 0, 1]
(0, (1, 1, 0), (2, 1)): [1282, 832, 671, 498, 282, 135, 57, 24, 11, 4, 3, 1, 1]
(0, (1, 1, 0), (2, 2)): [1358, 737, 562, 455, 240, 106, 47, 25, 5, 5, 3, 0, 0, 0, 0, 0, 1]
(0, (1, 1, 0), (3, 0)): [221, 208, 209, 139, 84, 48, 21, 10, 7, 3, 0, 0, 0, 1]
(0, (1, 1, 0), (3, 1)): [475, 340, 309, 219, 146, 72, 34, 11, 9, 3, 1, 0, 1]
(0, (1, 1, 0), (3, 2)): [655, 394, 352, 291, 171, 74, 34, 18, 6, 2, 2, 0, 0, 0, 0, 0, 1]
(0, (1, 1, 1), (0, 0)): [4432, 8609, 7055, 5191, 4149, 2070, 959, 458, 208, 87, 44, 15, 5, 3, 1, 0, 1]
(0, (1, 1, 1), (0, 1)): [400, 680, 581, 378, 322, 142, 61, 31, 19, 7, 2, 1, 2, 1]
(0, (1, 1, 1), (0, 2)): [203, 265, 210, 130, 110, 55, 18, 8, 8, 1, 1, 1, 1]
(0, (1, 1, 1), (1, 0)): [279, 618, 545, 400, 319, 173, 70, 24, 11, 4, 3, 1, 0, 1, 0, 0, 1]
(0, (1, 1, 1), (1, 1)): [281, 552, 459, 305, 257, 123, 54, 26, 10, 9, 3, 0, 1, 1, 0, 0, 1]
(0, (1, 1, 1), (1, 2)): [257, 386, 295, 197, 158, 65, 20, 16, 7, 1, 1, 1, 0, 1, 0, 0, 1]
(0, (1, 1, 1), (2, 0)): [76, 189, 193, 146, 128, 76, 20, 10, 5, 0, 1, 1, 0, 1]
(0, (1, 1, 1), (2, 1)): [128, 237, 229, 160, 119, 80, 27, 13, 9, 4, 1, 0, 1]
(0, (1, 1, 1), (2, 2)): [157, 278, 233, 147, 118, 64, 18, 12, 3, 2, 0, 1, 1]
(0, (1, 1, 1), (3, 0)): [14, 57, 59, 56, 42, 31, 10, 4, 2, 0, 1, 1, 0, 1]
(0, (1, 1, 1), (3, 1)): [38, 95, 97, 75, 54, 35, 19, 3, 3, 2, 1, 1, 0, 1]
(0, (1, 1, 1), (3, 2)): [63, 128, 131, 87, 76, 37, 20, 6, 4, 1, 0, 1, 1, 1]
(1, (0, 0, 0), (0, 0)): [1296013, 142531, 58301, 23095, 8933, 3340, 1316, 478, 173, 72, 27, 19, 7, 3, 0, 1]
(1, (0, 0, 0), (0, 1)): [107069, 10845, 4325, 1731, 666, 224, 82, 36, 8, 1, 0, 2, 0, 1]
(1, (0, 0, 0), (0, 2)): [40162, 3439, 1317, 512, 208, 63, 20, 8, 0, 0, 0, 1]
(1, (0, 0, 0), (1, 0)): [101950, 12627, 5289, 2110, 844, 296, 128, 43, 14, 6, 2, 2, 0, 0, 0, 1]
(1, (0, 0, 0), (1, 1)): [94908, 10283, 4222, 1683, 668, 230, 98, 37, 12, 3, 0, 1, 0, 1]
(1, (0, 0, 0), (1, 2)): [62750, 5674, 2283, 926, 373, 129, 44, 13, 3]
(1, (0, 0, 0), (2, 0)): [34225, 4872, 2175, 867, 351, 129, 58, 21, 5, 3, 2, 2, 0, 0, 0, 1]
(1, (0, 0, 0), (2, 1)): [50894, 6291, 2710, 1037, 426, 156, 55, 26, 5, 4, 1, 1]
(1, (0, 0, 0), (2, 2)): [51184, 5222, 2196, 890, 359, 128, 44, 17, 6, 2, 1]
(1, (0, 0, 0), (3, 0)): [10263, 1652, 915, 360, 145, 56, 31, 9, 4, 2, 1, 1, 0, 0, 0, 1]
(1, (0, 0, 0), (3, 1)): [20471, 3100, 1513, 614, 251, 95, 43, 11, 2, 2]
(1, (0, 0, 0), (3, 2)): [28081, 3574, 1667, 693, 286, 92, 40, 9, 5, 3, 1]
(1, (0, 0, 1), (0, 0)): [35027, 50353, 9983, 4247, 1755, 735, 261, 104, 50, 18, 12, 6, 3, 2]
(1, (0, 0, 1), (0, 1)): [2728, 3300, 688, 252, 106, 44, 13, 4, 1, 0, 2, 1]
(1, (0, 0, 1), (0, 2)): [1173, 1069, 221, 75, 38, 10, 4, 1, 1, 0, 0, 1]
(1, (0, 0, 1), (1, 0)): [2988, 4606, 919, 434, 164, 89, 26, 9, 7, 2]
(1, (0, 0, 1), (1, 1)): [2607, 3356, 677, 264, 114, 54, 11, 4, 1, 1, 1]
(1, (0, 0, 1), (1, 2)): [1907, 1868, 345, 133, 60, 23, 4, 1, 1, 0, 0, 1]
(1, (0, 0, 1), (2, 0)): [1210, 1864, 415, 216, 80, 43, 17, 5, 6, 1]
(1, (0, 0, 1), (2, 1)): [1499, 2005, 427, 188, 77, 38, 13, 3, 3, 0, 1]
(1, (0, 0, 1), (2, 2)): [1649, 1668, 330, 151, 59, 29, 5, 1, 1, 0, 1, 1]
(1, (0, 0, 1), (3, 0)): [561, 790, 197, 118, 44, 23, 7, 4, 1]
(1, (0, 0, 1), (3, 1)): [622, 857, 206, 109, 37, 20, 10, 4, 1]
(1, (0, 0, 1), (3, 2)): [952, 1025, 246, 126, 52, 23, 10, 1, 1, 0, 1]
(1, (0, 1, 0), (0, 0)): [174814, 76929, 27975, 12049, 4874, 1904, 660, 309, 92, 45, 25, 9, 9, 2, 1]
(1, (0, 1, 0), (0, 1)): [13561, 5413, 1906, 808, 309, 127, 40, 21, 7, 4, 2]
(1, (0, 1, 0), (0, 2)): [5202, 1877, 621, 254, 88, 41, 13, 6, 3, 1]
(1, (0, 1, 0), (1, 0)): [15531, 6721, 2597, 1274, 534, 202, 75, 34, 14, 4, 4, 0, 0, 1]
(1, (0, 1, 0), (1, 1)): [12636, 5029, 1820, 859, 337, 132, 43, 18, 7, 3, 1, 0, 0, 1]
(1, (0, 1, 0), (1, 2)): [8331, 3018, 1055, 440, 150, 64, 18, 15, 5, 3]
(1, (0, 1, 0), (2, 0)): [6652, 2804, 1161, 659, 283, 110, 45, 24, 8, 2, 4]
(1, (0, 1, 0), (2, 1)): [7264, 2977, 1119, 595, 270, 88, 36, 15, 5, 2, 1, 0, 0, 1]
(1, (0, 1, 0), (2, 2)): [7155, 2598, 956, 427, 170, 60, 16, 10, 7, 3]
(1, (0, 1, 0), (3, 0)): [3132, 1200, 536, 383, 163, 65, 27, 13, 6, 1, 2]
(1, (0, 1, 0), (3, 1)): [3425, 1311, 573, 371, 188, 61, 30, 11, 6, 2, 2, 0, 0, 1]
(1, (0, 1, 0), (3, 2)): [4354, 1577, 687, 369, 182, 45, 20, 9, 4, 4, 1, 0, 0, 1]
(1, (0, 1, 1), (0, 0)): [27534, 22817, 20007, 8018, 4201, 1639, 656, 262, 121, 37, 10, 6, 2, 2, 0, 1]
(1, (0, 1, 1), (0, 1)): [1815, 1424, 1184, 479, 217, 80, 48, 16, 3]
(1, (0, 1, 1), (0, 2)): [851, 452, 408, 169, 85, 18, 18, 6, 1]
(1, (0, 1, 1), (1, 0)): [2599, 2367, 1787, 739, 496, 169, 64, 25, 9, 4]
(1, (0, 1, 1), (1, 1)): [1601, 1315, 1093, 434, 206, 69, 30, 18, 2, 1]
(1, (0, 1, 1), (1, 2)): [1280, 741, 675, 255, 128, 42, 19, 10, 1]
(1, (0, 1, 1), (2, 0)): [1539, 1317, 980, 435, 352, 130, 50, 15, 8, 3]
(1, (0, 1, 1), (2, 1)): [882, 762, 622, 263, 135, 47, 23, 7, 0, 2]
(1, (0, 1, 1), (2, 2)): [1044, 645, 576, 233, 114, 33, 10, 7, 1]
(1, (0, 1, 1), (3, 0)): [1139, 950, 634, 319, 295, 108, 42, 13, 8, 2]
(1, (0, 1, 1), (3, 1)): [370, 347, 287, 113, 78, 35, 17, 4, 0, 1]
(1, (0, 1, 1), (3, 2)): [575, 418, 323, 144, 75, 29, 8, 7, 1]
(1, (1, 0, 0), (0, 0)): [488218, 86825, 56010, 23735, 9591, 3758, 1516, 532, 220, 96, 33, 26, 5, 3, 0, 2]
(1, (1, 0, 0), (0, 1)): [36597, 5909, 3791, 1621, 626, 223, 116, 35, 6, 6, 2, 1]
(1, (1, 0, 0), (0, 2)): [13282, 1839, 1183, 485, 175, 74, 45, 13, 2, 3]
(1, (1, 0, 0), (1, 0)): [36150, 7097, 4768, 2076, 838, 324, 132, 48, 15, 7, 1, 2, 1, 0, 0, 1]
(1, (1, 0, 0), (1, 1)): [30023, 5216, 3448, 1477, 571, 204, 91, 28, 7, 4, 3, 3, 0, 0, 0, 1]
(1, (1, 0, 0), (1, 2)): [18859, 2838, 1884, 746, 289, 116, 50, 18, 3, 3, 2, 1]
(1, (1, 0, 0), (2, 0)): [11682, 2518, 1755, 851, 348, 145, 60, 16, 8, 4, 0, 0, 1]
(1, (1, 0, 0), (2, 1)): [15133, 2903, 1957, 937, 348, 132, 67, 13, 6, 1, 1, 1, 0, 0, 0, 1]
(1, (1, 0, 0), (2, 2)): [14186, 2320, 1561, 702, 271, 108, 48, 12, 2, 2, 2]
(1, (1, 0, 0), (3, 0)): [3265, 858, 524, 327, 151, 64, 18, 4, 2, 3, 0, 0, 1]
(1, (1, 0, 0), (3, 1)): [5732, 1364, 864, 487, 195, 69, 31, 8, 3, 3, 1, 0, 0, 0, 0, 1]
(1, (1, 0, 0), (3, 2)): [7064, 1457, 914, 501, 197, 72, 32, 5, 4, 2, 3, 0, 0, 0, 0, 1]
(1, (1, 0, 1), (0, 0)): [39618, 45962, 14641, 9850, 4217, 1729, 683, 265, 86, 58, 15, 7, 0, 1]
(1, (1, 0, 1), (0, 1)): [3316, 3027, 986, 632, 283, 121, 44, 12, 6, 5]
(1, (1, 0, 1), (0, 2)): [1426, 941, 330, 195, 88, 42, 19, 7, 2, 2]
(1, (1, 0, 1), (1, 0)): [2958, 3482, 1166, 808, 375, 126, 46, 18, 6, 7, 0, 1]
(1, (1, 0, 1), (1, 1)): [2610, 2469, 811, 592, 226, 89, 35, 8, 5, 3, 0, 1]
(1, (1, 0, 1), (1, 2)): [1905, 1396, 488, 313, 118, 60, 18, 12, 3, 2]
(1, (1, 0, 1), (2, 0)): [1003, 1179, 424, 297, 164, 57, 20, 10, 2, 3]
(1, (1, 0, 1), (2, 1)): [1272, 1238, 419, 322, 143, 44, 18, 6, 5, 1, 0, 1]
(1, (1, 0, 1), (2, 2)): [1330, 1062, 391, 252, 116, 37, 17, 7, 5, 1]
(1, (1, 0, 1), (3, 0)): [327, 413, 159, 104, 80, 30, 11, 2, 0, 2]
(1, (1, 0, 1), (3, 1)): [454, 513, 199, 133, 76, 31, 7, 3, 0, 1, 0, 1]
(1, (1, 0, 1), (3, 2)): [648, 576, 238, 161, 86, 32, 13, 5, 3, 1, 0, 1]
(1, (1, 1, 0), (0, 0)): [135390, 41634, 27633, 19815, 8290, 3420, 1343, 535, 214, 85, 31, 19, 9, 5, 1]
(1, (1, 1, 0), (0, 1)): [11185, 2997, 1820, 1397, 582, 233, 84, 33, 11, 4, 3, 3]
(1, (1, 1, 0), (0, 2)): [4510, 1051, 595, 462, 196, 79, 27, 9, 5, 0, 1]
(1, (1, 1, 0), (1, 0)): [9770, 3278, 2237, 1632, 698, 293, 137, 43, 14, 6, 3, 0, 2, 1]
(1, (1, 1, 0), (1, 1)): [8690, 2559, 1698, 1248, 526, 209, 84, 32, 4, 6, 4, 2]
(1, (1, 1, 0), (1, 2)): [6190, 1530, 949, 727, 306, 94, 37, 18, 1, 1, 4, 2]
(1, (1, 1, 0), (2, 0)): [3122, 1160, 778, 587, 278, 133, 60, 20, 9, 3, 1, 0, 2, 1]
(1, (1, 1, 0), (2, 1)): [4285, 1424, 947, 706, 297, 154, 65, 13, 9, 2, 2, 0, 1]
(1, (1, 1, 0), (2, 2)): [4598, 1226, 768, 594, 270, 105, 42, 9, 3, 1, 2, 1]
(1, (1, 1, 0), (3, 0)): [767, 424, 274, 163, 115, 54, 22, 12, 3, 1, 0, 0, 1]
(1, (1, 1, 0), (3, 1)): [1557, 678, 459, 323, 170, 78, 33, 12, 6, 3, 1, 0, 1]
(1, (1, 1, 0), (3, 2)): [2174, 775, 507, 342, 193, 75, 35, 10, 4, 3, 1, 1, 1]
(1, (1, 1, 1), (0, 0)): [27544, 22068, 14000, 9004, 6709, 2842, 1156, 418, 183, 69, 23, 17, 9, 4, 1, 1]
(1, (1, 1, 1), (0, 1)): [2353, 1664, 1053, 635, 473, 189, 72, 29, 14, 1, 2, 1, 0, 1]
(1, (1, 1, 1), (0, 2)): [1097, 566, 376, 224, 148, 57, 30, 10, 4, 1, 2, 0, 0, 1]
(1, (1, 1, 1), (1, 0)): [1866, 1709, 1045, 649, 540, 247, 115, 31, 16, 8, 1, 2, 2]
(1, (1, 1, 1), (1, 1)): [1773, 1408, 872, 530, 407, 174, 64, 26, 11, 3, 1, 2]
(1, (1, 1, 1), (1, 2)): [1373, 796, 540, 313, 223, 94, 40, 15, 7, 2, 1, 2, 0, 1]
(1, (1, 1, 1), (2, 0)): [477, 539, 361, 225, 198, 97, 47, 12, 2, 2, 0, 1, 1]
(1, (1, 1, 1), (2, 1)): [765, 734, 445, 286, 211, 114, 44, 10, 4, 2, 1, 1]
(1, (1, 1, 1), (2, 2)): [921, 633, 424, 264, 190, 85, 39, 9, 4, 3, 1, 2, 0, 1]
(1, (1, 1, 1), (3, 0)): [89, 172, 112, 85, 65, 41, 15, 5, 1, 1, 0, 0, 1]
(1, (1, 1, 1), (3, 1)): [196, 309, 199, 133, 103, 59, 14, 6, 1, 1, 0, 0, 1]
(1, (1, 1, 1), (3, 2)): [365, 350, 225, 154, 115, 63, 21, 11, 1, 1, 1, 1, 0, 1]
(2, (0, 0, 0), (0, 0)): [1127417, 51801, 17351, 5535, 1852, 589, 203, 66, 11, 7, 4, 0, 1]
(2, (0, 0, 0), (0, 1)): [92583, 3746, 1219, 359, 146, 36, 15, 6, 1]
(2, (0, 0, 0), (0, 2)): [34385, 991, 318, 108, 47, 6, 1, 4]
(2, (0, 0, 0), (1, 0)): [92170, 5099, 1762, 548, 201, 51, 22, 7, 1, 0, 0, 0, 1]
(2, (0, 0, 0), (1, 1)): [83877, 3871, 1316, 357, 147, 40, 18, 2, 1]
(2, (0, 0, 0), (1, 2)): [54447, 1765, 610, 187, 79, 18, 8, 3]
(2, (0, 0, 0), (2, 0)): [32760, 2036, 839, 259, 94, 22, 10, 5, 0, 0, 0, 0, 1]
(2, (0, 0, 0), (2, 1)): [47066, 2558, 977, 267, 97, 23, 10, 4]
(2, (0, 0, 0), (2, 2)): [46352, 1872, 697, 201, 79, 20, 5, 3]
(2, (0, 0, 0), (3, 0)): [10414, 723, 388, 116, 43, 10, 5, 2, 0, 0, 0, 0, 1]
(2, (0, 0, 0), (3, 1)): [19939, 1276, 613, 190, 59, 13, 5, 2]
(2, (0, 0, 0), (3, 2)): [27144, 1443, 667, 182, 67, 16, 3, 2]
(2, (0, 0, 1), (0, 0)): [104268, 31239, 6457, 2167, 769, 269, 75, 25, 5, 2, 0, 1]
(2, (0, 0, 1), (0, 1)): [8385, 2091, 435, 144, 46, 15, 9, 3, 1]
(2, (0, 0, 1), (0, 2)): [3268, 631, 123, 40, 11, 4, 3]
(2, (0, 0, 1), (1, 0)): [9963, 2818, 705, 256, 87, 35, 7, 3]
(2, (0, 0, 1), (1, 1)): [8015, 2034, 445, 163, 54, 22, 6, 2, 1]
(2, (0, 0, 1), (1, 2)): [5397, 1040, 213, 71, 27, 10, 4, 1]
(2, (0, 0, 1), (2, 0)): [4319, 1181, 347, 148, 45, 19, 4, 2]
(2, (0, 0, 1), (2, 1)): [4793, 1313, 348, 135, 43, 17, 4, 2]
(2, (0, 0, 1), (2, 2)): [4901, 1010, 265, 90, 28, 16, 3, 1]
(2, (0, 0, 1), (3, 0)): [2087, 475, 173, 93, 19, 11, 3, 1]
(2, (0, 0, 1), (3, 1)): [2310, 648, 176, 86, 31, 11, 5, 1]
(2, (0, 0, 1), (3, 2)): [3120, 708, 204, 91, 21, 13, 5]
(2, (0, 1, 0), (0, 0)): [276607, 58132, 15921, 5618, 1861, 622, 184, 57, 15, 10, 6, 0, 1]
(2, (0, 1, 0), (0, 1)): [21276, 3807, 989, 295, 114, 26, 13, 5, 2, 1, 1]
(2, (0, 1, 0), (0, 2)): [8255, 1138, 287, 78, 31, 4, 4, 0, 0, 1]
(2, (0, 1, 0), (1, 0)): [26003, 5093, 1733, 726, 205, 71, 24, 9, 0, 1, 0, 0, 1]
(2, (0, 1, 0), (1, 1)): [20205, 3746, 1090, 365, 131, 32, 18, 6, 2, 0, 1]
(2, (0, 1, 0), (1, 2)): [13280, 1943, 485, 175, 55, 13, 7, 2, 0, 1]
(2, (0, 1, 0), (2, 0)): [11995, 2170, 868, 456, 124, 44, 11, 6, 0, 1, 0, 0, 1]
(2, (0, 1, 0), (2, 1)): [12147, 2333, 785, 288, 91, 24, 10, 4, 2, 0, 1, 0, 1]
(2, (0, 1, 0), (2, 2)): [11885, 1889, 518, 211, 71, 15, 8, 5, 0, 1]
(2, (0, 1, 0), (3, 0)): [6290, 971, 451, 326, 90, 30, 10, 6, 0, 1]
(2, (0, 1, 0), (3, 1)): [5613, 1062, 447, 210, 71, 22, 8, 2, 2, 0, 1, 0, 1]
(2, (0, 1, 0), (3, 2)): [7498, 1225, 450, 226, 70, 16, 9, 3, 0, 0, 0, 0, 1]
(2, (0, 1, 1), (0, 0)): [63115, 5389, 13578, 3739, 1484, 483, 171, 50, 21, 5, 4, 1, 0, 1]
(2, (0, 1, 1), (0, 1)): [4976, 326, 840, 215, 78, 34, 8, 5]
(2, (0, 1, 1), (0, 2)): [2061, 122, 260, 74, 34, 7, 4, 1]
(2, (0, 1, 1), (1, 0)): [6125, 620, 1209, 401, 187, 65, 24, 3, 3, 0, 2]
(2, (0, 1, 1), (1, 1)): [4556, 318, 808, 217, 69, 36, 7, 4, 2]
(2, (0, 1, 1), (1, 2)): [3341, 184, 434, 124, 50, 16, 4, 2]
(2, (0, 1, 1), (2, 0)): [3056, 351, 579, 234, 132, 45, 16, 2, 1, 0, 2]
(2, (0, 1, 1), (2, 1)): [2661, 215, 527, 134, 54, 26, 6, 2, 2, 0, 1]
(2, (0, 1, 1), (2, 2)): [2944, 198, 397, 114, 44, 23, 6, 2, 1]
(2, (0, 1, 1), (3, 0)): [1866, 250, 307, 144, 98, 33, 13, 1, 0, 0, 1]
(2, (0, 1, 1), (3, 1)): [1296, 111, 262, 80, 36, 13, 5, 1, 1, 0, 1]
(2, (0, 1, 1), (3, 2)): [1874, 151, 298, 92, 43, 23, 6, 3, 2]
(2, (1, 0, 0), (0, 0)): [591533, 42938, 28254, 8982, 2928, 928, 371, 101, 20, 13, 5, 1, 1]
(2, (1, 0, 0), (0, 1)): [43829, 2673, 1752, 571, 186, 64, 34, 8, 2, 0, 0, 1]
(2, (1, 0, 0), (0, 2)): [15845, 726, 445, 153, 51, 13, 11]
(2, (1, 0, 0), (1, 0)): [44877, 3814, 2541, 901, 286, 82, 40, 12, 1, 1, 0, 0, 1]
(2, (1, 0, 0), (1, 1)): [37374, 2487, 1657, 576, 177, 55, 27, 8, 1]
(2, (1, 0, 0), (1, 2)): [23369, 1162, 736, 274, 79, 24, 9, 2]
(2, (1, 0, 0), (2, 0)): [15085, 1510, 961, 406, 130, 38, 19, 8, 1, 1, 0, 0, 1]
(2, (1, 0, 0), (2, 1)): [19505, 1528, 989, 376, 123, 39, 20, 6, 0, 0, 0, 0, 1]
(2, (1, 0, 0), (2, 2)): [18224, 1127, 685, 255, 95, 31, 12, 3]
(2, (1, 0, 0), (3, 0)): [4485, 572, 338, 202, 62, 16, 8, 3, 0, 1]
(2, (1, 0, 0), (3, 1)): [7880, 798, 491, 267, 66, 25, 10, 2, 0, 1, 0, 0, 1]
(2, (1, 0, 0), (3, 2)): [9516, 851, 474, 238, 73, 31, 10, 4, 0, 1, 0, 0, 1]
(2, (1, 0, 1), (0, 0)): [102966, 24493, 9651, 5915, 1918, 647, 219, 70, 25, 8, 0, 3, 1]
(2, (1, 0, 1), (0, 1)): [8583, 1672, 662, 408, 119, 39, 10, 2, 2, 1, 0, 1]
(2, (1, 0, 1), (0, 2)): [3410, 486, 202, 107, 37, 8, 2, 0, 1]
(2, (1, 0, 1), (1, 0)): [8544, 1934, 898, 564, 202, 64, 26, 6]
(2, (1, 0, 1), (1, 1)): [7177, 1488, 617, 391, 144, 47, 18, 3, 1, 1, 0, 1]
(2, (1, 0, 1), (1, 2)): [4744, 763, 321, 187, 67, 17, 9, 1, 1, 0, 0, 1]
(2, (1, 0, 1), (2, 0)): [3076, 678, 372, 229, 80, 25, 10, 4]
(2, (1, 0, 1), (2, 1)): [3948, 808, 388, 207, 96, 34, 6, 1, 0, 1]
(2, (1, 0, 1), (2, 2)): [3701, 616, 296, 150, 57, 23, 6, 1, 1, 0, 0, 1]
(2, (1, 0, 1), (3, 0)): [1047, 212, 152, 97, 35, 8, 7, 1]
(2, (1, 0, 1), (3, 1)): [1680, 314, 185, 109, 66, 16, 6, 0, 0, 1]
(2, (1, 0, 1), (3, 2)): [2022, 326, 217, 106, 51, 21, 6, 1, 1]
(2, (1, 1, 0), (0, 0)): [232986, 35686, 17763, 12255, 4003, 1270, 430, 142, 47, 22, 7, 2, 2, 1]
(2, (1, 1, 0), (0, 1)): [18482, 2468, 1115, 821, 231, 68, 29, 17, 2, 2, 0, 1, 1]
(2, (1, 1, 0), (0, 2)): [7473, 731, 307, 233, 66, 17, 8, 6, 2]
(2, (1, 1, 0), (1, 0)): [17834, 2741, 1532, 1115, 409, 111, 51, 8, 3, 1, 1]
(2, (1, 1, 0), (1, 1)): [15672, 2133, 1107, 800, 222, 68, 30, 11, 2, 3, 0, 1, 1]
(2, (1, 1, 0), (1, 2)): [10919, 1107, 548, 392, 112, 37, 12, 9, 2]
(2, (1, 1, 0), (2, 0)): [6037, 974, 606, 427, 216, 62, 25, 3]
(2, (1, 1, 0), (2, 1)): [8300, 1166, 727, 489, 163, 40, 26, 6, 1, 1, 0, 0, 1]
(2, (1, 1, 0), (2, 2)): [8552, 933, 521, 398, 133, 33, 21, 8, 3]
(2, (1, 1, 0), (3, 0)): [1928, 328, 237, 138, 118, 35, 10]
(2, (1, 1, 0), (3, 1)): [3441, 512, 403, 225, 119, 37, 16, 2, 0, 0, 0, 0, 1]
(2, (1, 1, 0), (3, 2)): [4712, 554, 421, 274, 140, 29, 15, 4, 2]
(2, (1, 1, 1), (0, 0)): [67413, 9779, 11343, 5599, 4119, 1296, 433, 140, 49, 8, 8, 3, 1, 1]
(2, (1, 1, 1), (0, 1)): [5990, 637, 811, 405, 288, 74, 26, 8, 2, 0, 2, 0, 1]
(2, (1, 1, 1), (0, 2)): [2587, 198, 231, 113, 83, 22, 7, 4, 1, 0, 1]
(2, (1, 1, 1), (1, 0)): [4782, 1088, 908, 521, 381, 135, 43, 8, 5, 0, 1, 2]
(2, (1, 1, 1), (1, 1)): [4723, 679, 733, 407, 291, 86, 29, 8, 2, 0, 1, 0, 1]
(2, (1, 1, 1), (1, 2)): [3580, 348, 369, 176, 142, 44, 9, 7, 1, 0, 1]
(2, (1, 1, 1), (2, 0)): [1348, 635, 312, 211, 156, 60, 17, 2, 2, 0, 0, 2]
(2, (1, 1, 1), (2, 1)): [2165, 572, 413, 240, 183, 61, 25, 2, 0, 0, 0, 0, 1]
(2, (1, 1, 1), (2, 2)): [2492, 389, 323, 183, 138, 48, 15, 6, 1, 0, 1]
(2, (1, 1, 1), (3, 0)): [222, 393, 90, 104, 50, 33, 7, 0, 1, 0, 0, 1]
(2, (1, 1, 1), (3, 1)): [632, 492, 163, 153, 97, 38, 16, 0, 0, 0, 0, 1]
(2, (1, 1, 1), (3, 2)): [1024, 453, 197, 170, 112, 38, 18, 4, 1, 0, 1]
