(0, (0, 0, 0), (0, 0)): [297339, 55885, 25427, 11323, 4839, 2048, 799, 329, 119, 45, 18, 12, 4, 1]
(0, (0, 0, 0), (0, 1)): [8455, 1423, 649, 308, 114, 52, 19, 11, 2]
(0, (0, 0, 0), (0, 2)): [3321, 461, 205, 105, 40, 17, 7, 2, 2]
(0, (0, 0, 0), (1, 0)): [7733, 1519, 730, 326, 151, 78, 28, 14, 7, 3, 1]
(0, (0, 0, 0), (1, 1)): [7108, 1283, 579, 277, 117, 47, 17, 9, 1, 1, 1]
(0, (0, 0, 0), (1, 2)): [4909, 749, 328, 165, 79, 34, 7, 2, 2, 1]
(0, (0, 0, 0), (2, 0)): [2505, 522, 298, 143, 49, 40, 11, 7, 3, 1]
(0, (0, 0, 0), (2, 1)): [3708, 722, 387, 171, 71, 31, 9, 9, 2, 1]
(0, (0, 0, 0), (2, 2)): [3814, 633, 326, 151, 67, 37, 7, 2, 2, 2]
(0, (0, 0, 0), (3, 0)): [797, 184, 110, 62, 18, 18, 7, 4, 2]
(0, (0, 0, 0), (3, 1)): [1445, 341, 201, 100, 33, 21, 6, 8, 2]
(0, (0, 0, 0), (3, 2)): [1997, 413, 243, 104, 45, 25, 3, 3, 3, 1]
(0, (0, 0, 1), (0, 0)): [1318, 3072, 739, 396, 184, 81, 30, 8, 3, 5]
(0, (0, 0, 1), (0, 1)): [39, 95, 23, 10, 6, 3, 0, 1, 0, 1]
(0, (0, 0, 1), (1, 0)): [28, 84, 20, 10, 8, 3, 0, 1]
(0, (0, 0, 1), (1, 1)): [29, 70, 23, 7, 8, 2, 0, 1, 0, 1]
(0, (0, 0, 1), (1, 2)): [24, 54, 10, 6, 4, 0, 0, 1, 0, 1]
(0, (0, 0, 1), (2, 0)): [11, 40, 6, 5, 2, 2]
(0, (0, 0, 1), (2, 1)): [12, 46, 12, 5, 3, 2]
(0, (0, 0, 1), (2, 2)): [21, 45, 10, 4, 4]
(0, (0, 1, 0), (0, 0)): [10446, 8401, 3359, 1588, 742, 300, 118, 53, 20, 9, 1, 0, 1, 1]
(0, (0, 1, 0), (0, 1)): [276, 222, 70, 38, 15, 7, 3, 3, 1]
(0, (0, 1, 0), (0, 2)): [114, 71, 26, 11, 4, 3, 1, 0, 1]
(0, (0, 1, 0), (1, 0)): [252, 187, 101, 46, 18, 9, 3, 2]
(0, (0, 1, 0), (1, 1)): [206, 189, 76, 38, 12, 5, 2, 3]
(0, (0, 1, 0), (1, 2)): [149, 122, 45, 23, 9, 1, 1, 2, 1]
(0, (0, 1, 0), (2, 0)): [100, 58, 29, 16, 7, 5, 1]
(0, (0, 1, 0), (2, 1)): [121, 97, 37, 21, 4, 4, 1, 1]
(0, (0, 1, 0), (2, 2)): [127, 90, 36, 21, 8, 1, 2, 0, 1]
(0, (0, 1, 0), (3, 1)): [45, 36, 20, 10, 3, 3]
(0, (0, 1, 0), (3, 2)): [77, 55, 27, 15, 8, 2, 2]
(0, (0, 1, 1), (0, 0)): [972, 1297, 1478, 726, 392, 164, 76, 39, 13, 12, 2, 1, 1]
(0, (0, 1, 1), (0, 1)): [21, 29, 37, 13, 8, 4, 2, 2]
(0, (0, 1, 1), (0, 2)): [14, 13, 11, 5, 3, 3, 2, 1]
(0, (0, 1, 1), (1, 0)): [24, 39, 49, 28, 18, 9, 1, 2, 2]
(0, (0, 1, 1), (1, 1)): [13, 25, 37, 15, 9, 2, 0, 2, 1]
(0, (0, 1, 1), (1, 2)): [14, 21, 19, 6, 6, 3, 1, 1, 1]
(0, (0, 1, 1), (2, 0)): [17, 21, 23, 14, 11, 7, 1, 1, 1]
(0, (0, 1, 1), (2, 1)): [9, 14, 23, 10, 6, 1, 0, 2, 1]
(0, (0, 1, 1), (2, 2)): [14, 18, 17, 3, 4, 2, 1, 0, 2]
(0, (0, 1, 1), (3, 0)): [12, 14, 12, 7, 7, 7, 1]
(0, (0, 1, 1), (3, 2)): [4, 10, 10, 3, 3, 1, 1, 1, 2]
(0, (1, 0, 0), (0, 0)): [62136, 18359, 12178, 5802, 2661, 1200, 468, 216, 79, 29, 12, 8, 2]
(0, (1, 0, 0), (0, 1)): [1859, 478, 306, 147, 75, 33, 15, 6, 4]
(0, (1, 0, 0), (0, 2)): [758, 150, 105, 41, 17, 9, 6, 1, 4]
(0, (1, 0, 0), (1, 0)): [1490, 444, 353, 158, 62, 36, 12, 8, 5, 2]
(0, (1, 0, 0), (1, 1)): [1290, 360, 288, 119, 63, 27, 7, 7, 3, 2]
(0, (1, 0, 0), (1, 2)): [913, 211, 161, 68, 27, 7, 6, 6, 2, 2]
(0, (1, 0, 0), (2, 0)): [471, 151, 109, 58, 20, 13, 5, 1, 2]
(0, (1, 0, 0), (2, 1)): [602, 179, 143, 64, 30, 19, 7, 1, 2]
(0, (1, 0, 0), (2, 2)): [611, 152, 113, 52, 24, 11, 8, 4, 1, 1]
(0, (1, 0, 0), (3, 0)): [122, 55, 43, 26, 9, 3, 2]
(0, (1, 0, 0), (3, 1)): [220, 82, 68, 40, 16, 7, 1, 0, 2]
(0, (1, 0, 0), (3, 2)): [297, 92, 75, 38, 20, 7, 3, 4, 2, 1]
(0, (1, 0, 1), (0, 0)): [1656, 4104, 1602, 1110, 575, 253, 125, 46, 20, 9, 7, 2, 1, 1]
(0, (1, 0, 1), (0, 1)): [46, 107, 39, 26, 13, 4, 4, 1]
(0, (1, 0, 1), (0, 2)): [14, 40, 12, 10, 5, 1, 1]
(0, (1, 0, 1), (1, 0)): [40, 100, 30, 31, 16, 6, 1, 2, 2]
(0, (1, 0, 1), (1, 1)): [37, 77, 26, 20, 11, 4, 2]
(0, (1, 0, 1), (1, 2)): [33, 47, 16, 14, 4, 3, 2]
(0, (1, 0, 1), (2, 0)): [17, 31, 13, 11, 7, 4, 0, 2, 1]
(0, (1, 0, 1), (2, 1)): [8, 45, 13, 12, 11, 3, 1, 0, 1]
(0, (1, 0, 1), (2, 2)): [22, 39, 10, 10, 7, 2, 2]
(0, (1, 0, 1), (3, 0)): [11, 12, 5, 4, 2, 2, 0, 2]
(0, (1, 0, 1), (3, 1)): [2, 21, 4, 7, 4, 1]
(0, (1, 0, 1), (3, 2)): [9, 16, 8, 3, 4, 2, 1]
(0, (1, 1, 0), (0, 0)): [8563, 4728, 3447, 2555, 1272, 627, 243, 120, 40, 16, 4, 6]
(0, (1, 1, 0), (0, 1)): [241, 125, 100, 63, 30, 15, 5, 5, 2]
(0, (1, 1, 0), (0, 2)): [102, 46, 31, 20, 8, 7, 3, 2]
(0, (1, 1, 0), (1, 0)): [201, 108, 83, 61, 24, 17, 7, 4]
(0, (1, 1, 0), (1, 1)): [165, 87, 73, 49, 18, 11, 7, 6, 2]
(0, (1, 1, 0), (1, 2)): [127, 50, 39, 26, 11, 8, 1, 7, 1]
(0, (1, 1, 0), (2, 0)): [64, 38, 21, 22, 9, 6, 1]
(0, (1, 1, 0), (2, 1)): [80, 49, 21, 30, 9, 6, 6, 1, 1]
(0, (1, 1, 0), (2, 2)): [90, 37, 22, 21, 9, 7, 2, 4, 1]
(0, (1, 1, 1), (0, 0)): [991, 1340, 1131, 790, 645, 333, 159, 78, 26, 14, 3, 1, 1]
(0, (1, 1, 1), (0, 1)): [35, 40, 35, 21, 15, 13, 4, 3, 2]
(0, (1, 1, 1), (1, 0)): [27, 32, 34, 27, 20, 9, 3, 4, 1]
(0, (1, 1, 1), (1, 1)): [32, 31, 33, 26, 10, 12, 4, 3]
(0, (1, 1, 1), (1, 2)): [24, 25, 18, 8, 4, 6, 0, 1, 2]
(0, (1, 1, 1), (2, 0)): [6, 10, 11, 9, 10, 3, 1, 2]
(0, (1, 1, 1), (2, 1)): [17, 10, 13, 17, 6, 7, 3]
(0, (1, 1, 1), (2, 2)): [17, 8, 17, 12, 4, 5, 1]
(0, (1, 1, 1), (3, 0)): [1, 7, 6, 4, 5, 0, 1, 2]
(0, (1, 1, 1), (3, 1)): [2, 7, 7, 5, 2, 3, 1, 1]
(0, (1, 1, 1), (3, 2)): [5, 4, 10, 8, 3, 5, 2]
(1, (0, 0, 0), (0, 0)): [243289, 25427, 10213, 4016, 1506, 541, 217, 73, 30, 9, 7, 3, 1]
(1, (0, 0, 0), (0, 1)): [6907, 647, 264, 108, 27, 10, 6, 3]
(1, (0, 0, 0), (0, 2)): [2690, 195, 77, 25, 10, 3, 1]
(1, (0, 0, 0), (1, 0)): [6431, 751, 314, 118, 52, 24, 5, 2]
(1, (0, 0, 0), (1, 1)): [5926, 600, 240, 91, 34, 20, 5, 3]
(1, (0, 0, 0), (1, 2)): [3940, 304, 120, 51, 26, 15, 3]
(1, (0, 0, 0), (2, 0)): [2167, 279, 137, 53, 19, 7, 2, 1]
(1, (0, 0, 0), (2, 1)): [3234, 373, 153, 61, 15, 6, 3, 4]
(1, (0, 0, 0), (2, 2)): [3249, 297, 137, 48, 22, 15, 4, 1]
(1, (0, 0, 0), (3, 0)): [661, 96, 62, 22, 12, 4, 1]
(1, (0, 0, 0), (3, 1)): [1311, 178, 95, 35, 16, 2, 0, 3]
(1, (0, 0, 0), (3, 2)): [1777, 197, 103, 30, 17, 7, 4, 1]
(1, (0, 0, 1), (0, 0)): [6120, 7507, 1452, 606, 246, 114, 33, 8, 3, 0, 0, 0, 1]
(1, (0, 0, 1), (0, 1)): [180, 175, 35, 16, 7, 4, 2]
(1, (0, 0, 1), (0, 2)): [79, 55, 13, 3, 0, 1, 2]
(1, (0, 0, 1), (1, 0)): [162, 230, 44, 23, 12, 4, 1, 2]
(1, (0, 0, 1), (1, 1)): [157, 168, 33, 19, 12, 2, 0, 1]
(1, (0, 0, 1), (1, 2)): [127, 106, 14, 6, 7, 1, 1]
(1, (0, 0, 1), (2, 0)): [68, 90, 11, 7, 5, 1, 1, 1]
(1, (0, 0, 1), (2, 1)): [67, 103, 13, 9, 6, 3, 1, 1]
(1, (0, 0, 1), (2, 2)): [79, 73, 15, 5, 4, 1, 1]
(1, (0, 0, 1), (3, 0)): [31, 26, 8, 4, 2, 0, 0, 1]
(1, (0, 0, 1), (3, 1)): [33, 51, 5, 3, 2, 2, 1, 1]
(1, (0, 0, 1), (3, 2)): [47, 41, 9, 3, 3, 1, 2]
(1, (0, 1, 0), (0, 0)): [30289, 11833, 4542, 1885, 762, 279, 73, 41, 11, 3, 6, 0, 1]
(1, (0, 1, 0), (0, 1)): [828, 293, 118, 49, 11, 6, 1, 1]
(1, (0, 1, 0), (0, 2)): [351, 98, 38, 8, 4, 4, 1]
(1, (0, 1, 0), (1, 0)): [881, 367, 138, 73, 28, 7, 7, 1]
(1, (0, 1, 0), (1, 1)): [690, 244, 112, 46, 13, 3, 2, 1]
(1, (0, 1, 0), (1, 2)): [489, 149, 69, 18, 6, 3, 2, 1]
(1, (0, 1, 0), (2, 0)): [383, 170, 61, 29, 14, 4, 5, 1]
(1, (0, 1, 0), (2, 1)): [347, 161, 61, 25, 8, 2, 2]
(1, (0, 1, 0), (2, 2)): [358, 142, 60, 8, 9, 2, 2]
(1, (0, 1, 0), (3, 0)): [232, 65, 19, 21, 10, 3, 4, 1]
(1, (0, 1, 0), (3, 1)): [177, 69, 20, 16, 5, 3, 2]
(1, (0, 1, 0), (3, 2)): [208, 77, 32, 10, 7, 0, 4]
(1, (0, 1, 1), (0, 0)): [5057, 3339, 2976, 1169, 639, 240, 97, 37, 9, 2, 0, 2]
(1, (0, 1, 1), (0, 1)): [111, 66, 68, 26, 8, 7, 1, 1]
(1, (0, 1, 1), (0, 2)): [60, 26, 22, 9, 2, 3, 1]
(1, (0, 1, 1), (1, 0)): [190, 137, 102, 41, 25, 15, 6, 3, 1]
(1, (0, 1, 1), (1, 1)): [90, 54, 67, 18, 10, 1, 0, 1]
(1, (0, 1, 1), (1, 2)): [76, 35, 39, 12, 5, 3, 1]
(1, (0, 1, 1), (2, 0)): [121, 88, 56, 32, 18, 15, 5, 3, 1]
(1, (0, 1, 1), (2, 1)): [51, 39, 31, 11, 6, 1, 1, 1]
(1, (0, 1, 1), (3, 0)): [99, 62, 47, 25, 15, 14, 3, 3, 1]
(1, (0, 1, 1), (3, 1)): [25, 16, 17, 8, 3, 1]
(1, (1, 0, 0), (0, 0)): [88777, 14123, 9676, 3995, 1608, 573, 241, 87, 34, 10, 3, 3, 1]
(1, (1, 0, 0), (0, 1)): [2675, 331, 243, 106, 41, 14, 4, 2, 1]
(1, (1, 0, 0), (0, 2)): [1030, 111, 87, 29, 11, 4, 1, 1]
(1, (1, 0, 0), (1, 0)): [2374, 385, 261, 128, 58, 18, 11, 3, 0, 1]
(1, (1, 0, 0), (1, 1)): [2078, 273, 204, 88, 34, 14, 5, 3, 1]
(1, (1, 0, 0), (1, 2)): [1387, 146, 132, 46, 17, 7, 0, 3]
(1, (1, 0, 0), (2, 0)): [778, 129, 104, 59, 23, 8, 4, 0, 0, 1]
(1, (1, 0, 0), (2, 1)): [1057, 165, 126, 55, 26, 5, 6, 1, 1]
(1, (1, 0, 0), (2, 2)): [1015, 118, 120, 33, 13, 3, 3, 3, 1]
(1, (1, 0, 0), (3, 0)): [220, 33, 32, 28, 8, 4, 1, 0, 0, 1]
(1, (1, 0, 0), (3, 1)): [386, 87, 59, 36, 13, 6, 2, 0, 0, 1]
(1, (1, 0, 0), (3, 2)): [523, 89, 75, 34, 10, 3, 2, 1, 1, 1]
(1, (1, 0, 1), (0, 0)): [7498, 7444, 2255, 1585, 698, 251, 104, 42, 7, 5, 0, 1]
(1, (1, 0, 1), (0, 1)): [204, 187, 50, 42, 18, 6, 4, 1]
(1, (1, 0, 1), (0, 2)): [97, 58, 21, 12, 3, 1, 3]
(1, (1, 0, 1), (1, 0)): [209, 185, 66, 52, 27, 3, 1, 1]
(1, (1, 0, 1), (1, 1)): [158, 147, 41, 36, 17, 3, 2, 1]
(1, (1, 0, 1), (1, 2)): [130, 76, 20, 18, 5, 2, 3, 1]
(1, (1, 0, 1), (2, 0)): [83, 57, 26, 15, 10, 1, 0, 1]
(1, (1, 0, 1), (2, 1)): [67, 77, 26, 21, 14, 1, 1]
(1, (1, 0, 1), (2, 2)): [90, 60, 22, 13, 9, 0, 3]
(1, (1, 0, 1), (3, 0)): [41, 18, 8, 6, 3, 1]
(1, (1, 0, 1), (3, 1)): [33, 36, 8, 8, 9]
(1, (1, 0, 1), (3, 2)): [46, 34, 11, 6, 7, 0, 1]
(1, (1, 1, 0), (0, 0)): [24260, 6767, 4441, 3324, 1322, 527, 195, 82, 35, 6, 1, 2, 1]
(1, (1, 1, 0), (0, 1)): [741, 186, 96, 83, 35, 15, 7, 2, 2]
(1, (1, 1, 0), (0, 2)): [318, 80, 30, 28, 9, 5, 3, 0, 1]
(1, (1, 1, 0), (1, 0)): [645, 198, 146, 100, 39, 18, 11, 5, 0, 1]
(1, (1, 1, 0), (1, 1)): [533, 145, 103, 71, 30, 16, 8, 4, 0, 1]
(1, (1, 1, 0), (1, 2)): [409, 99, 58, 39, 14, 8, 4]
(1, (1, 1, 0), (2, 0)): [231, 68, 49, 41, 12, 6, 2, 1]
(1, (1, 1, 0), (2, 1)): [265, 82, 69, 42, 15, 8, 5, 2]
(1, (1, 1, 0), (2, 2)): [299, 71, 39, 36, 12, 6, 1]
(1, (1, 1, 0), (3, 2)): [162, 39, 32, 23, 8, 8, 2, 1]
(1, (1, 1, 1), (0, 0)): [5396, 3342, 2245, 1452, 1031, 422, 158, 68, 18, 6, 1, 3, 1]
(1, (1, 1, 1), (0, 1)): [182, 90, 69, 41, 25, 16, 8, 1, 1]
(1, (1, 1, 1), (0, 2)): [100, 29, 26, 15, 10, 5, 3]
(1, (1, 1, 1), (1, 0)): [153, 94, 64, 48, 32, 15, 4, 4]
(1, (1, 1, 1), (1, 1)): [126, 70, 56, 38, 25, 16, 4, 2]
(1, (1, 1, 1), (1, 2)): [109, 34, 39, 23, 10, 12, 3]
(1, (1, 1, 1), (2, 0)): [46, 37, 25, 19, 8, 5, 3, 1]
(1, (1, 1, 1), (2, 1)): [68, 50, 29, 24, 13, 8, 4, 2]
(1, (1, 1, 1), (2, 2)): [77, 32, 26, 28, 9, 9, 2]
(1, (1, 1, 1), (3, 0)): [5, 12, 8, 7, 3, 3, 1]
(1, (1, 1, 1), (3, 1)): [11, 29, 14, 10, 7, 4, 2, 2]
(1, (1, 1, 1), (3, 2)): [26, 20, 12, 15, 7, 6, 1, 1]
(2, (0, 0, 0), (0, 0)): [212507, 9641, 3123, 1024, 307, 90, 35, 5, 1, 1, 2]
(2, (0, 0, 0), (0, 1)): [5896, 224, 84, 16, 12, 2, 2, 1]
(2, (0, 0, 0), (0, 2)): [2250, 69, 20, 5, 4, 0, 1, 1]
(2, (0, 0, 0), (1, 0)): [5691, 304, 100, 27, 14, 2]
(2, (0, 0, 0), (1, 1)): [5116, 239, 88, 15, 11, 1, 1]
(2, (0, 0, 0), (1, 2)): [3370, 108, 42, 8, 5, 0, 2]
(2, (0, 0, 0), (2, 0)): [2018, 107, 42, 17, 6, 1]
(2, (0, 0, 0), (2, 1)): [2924, 149, 47, 15, 2, 1]
(2, (0, 0, 0), (2, 2)): [2843, 110, 45, 9, 2, 0, 1]
(2, (0, 0, 0), (3, 0)): [653, 40, 24, 9, 5, 1]
(2, (0, 0, 0), (3, 1)): [1310, 64, 29, 11, 5, 2]
(2, (0, 0, 0), (3, 2)): [1733, 79, 40, 7, 3, 1]
(2, (0, 0, 1), (0, 0)): [16482, 4679, 971, 346, 115, 33, 5, 2, 2]
(2, (0, 0, 1), (0, 1)): [476, 123, 27, 10, 2]
(2, (0, 0, 1), (0, 2)): [190, 28, 10, 3]
(2, (0, 0, 1), (1, 0)): [561, 169, 25, 18, 3, 1]
(2, (0, 0, 1), (1, 1)): [468, 117, 20, 11, 1]
(2, (0, 0, 1), (1, 2)): [323, 52, 8, 4]
(2, (0, 0, 1), (2, 0)): [226, 71, 12, 11, 2, 1]
(2, (0, 0, 1), (2, 1)): [259, 60, 18, 10, 2, 1]
(2, (0, 0, 1), (2, 2)): [260, 46, 14, 3, 0, 1]
(2, (0, 0, 1), (3, 0)): [113, 32, 7, 7, 1]
(2, (0, 0, 1), (3, 1)): [110, 32, 5, 9, 1]
(2, (0, 0, 1), (3, 2)): [141, 23, 10, 6]
(2, (0, 1, 0), (0, 0)): [47071, 9159, 2691, 951, 313, 93, 22, 8, 1, 3, 3]
(2, (0, 1, 0), (0, 1)): [1260, 222, 54, 23, 5]
(2, (0, 1, 0), (0, 2)): [508, 73, 14, 4, 1]
(2, (0, 1, 0), (1, 0)): [1561, 266, 107, 42, 10, 7, 2]
(2, (0, 1, 0), (1, 1)): [1169, 186, 61, 22, 5, 0, 1]
(2, (0, 1, 0), (1, 2)): [797, 106, 25, 11, 1]
(2, (0, 1, 0), (2, 0)): [727, 117, 56, 28, 7, 7, 1]
(2, (0, 1, 0), (2, 1)): [661, 137, 39, 16, 3, 3, 1]
(2, (0, 1, 0), (2, 2)): [655, 105, 24, 13, 1, 2]
(2, (0, 1, 0), (3, 0)): [427, 52, 33, 22, 6, 4, 1]
(2, (0, 1, 0), (3, 1)): [281, 57, 24, 7, 2, 2, 1]
(2, (0, 1, 0), (3, 2)): [385, 76, 24, 12, 1, 2]
(2, (0, 1, 1), (0, 0)): [10360, 817, 2050, 559, 229, 67, 26, 6, 2, 0, 1]
(2, (0, 1, 1), (0, 1)): [268, 24, 47, 8, 2, 1]
(2, (0, 1, 1), (0, 2)): [118, 14, 12, 3, 1]
(2, (0, 1, 1), (1, 0)): [348, 31, 75, 26, 7, 3, 1]
(2, (0, 1, 1), (1, 1)): [249, 14, 50, 14, 1, 2]
(2, (0, 1, 1), (1, 2)): [167, 11, 20, 3, 1]
(2, (0, 1, 1), (2, 0)): [168, 13, 37, 14, 5, 2]
(2, (0, 1, 1), (2, 1)): [145, 9, 39, 8, 2, 3]
(2, (0, 1, 1), (2, 2)): [153, 10, 26, 7, 2, 3]
(2, (0, 1, 1), (3, 0)): [108, 12, 18, 8, 4, 1]
(2, (0, 1, 1), (3, 2)): [100, 8, 20, 4, 3, 2]
(2, (1, 0, 0), (0, 0)): [107203, 6912, 5032, 1581, 464, 153, 62, 13, 2, 2, 2]
(2, (1, 0, 0), (0, 1)): [3008, 153, 115, 29, 13, 2, 4]
(2, (1, 0, 0), (0, 2)): [1157, 43, 34, 5, 4]
(2, (1, 0, 0), (1, 0)): [2922, 219, 160, 53, 12, 4, 2, 1]
(2, (1, 0, 0), (1, 1)): [2450, 135, 103, 31, 10, 1, 3]
(2, (1, 0, 0), (1, 2)): [1639, 70, 44, 15, 5]
(2, (1, 0, 0), (2, 0)): [937, 80, 49, 26, 3, 2, 1]
(2, (1, 0, 0), (2, 1)): [1180, 58, 53, 19, 5, 3, 1]
(2, (1, 0, 0), (2, 2)): [1231, 61, 48, 14, 5, 1]
(2, (1, 0, 0), (3, 0)): [303, 39, 14, 18]
(2, (1, 0, 0), (3, 1)): [511, 51, 21, 15, 1, 2]
(2, (1, 0, 0), (3, 2)): [665, 48, 31, 13, 3, 2]
(2, (1, 0, 1), (0, 0)): [18196, 3995, 1438, 963, 326, 98, 41, 10, 7, 3]
(2, (1, 0, 1), (0, 1)): [500, 106, 43, 22, 3, 0, 2]
(2, (1, 0, 1), (0, 2)): [202, 35, 11, 4, 1]
(2, (1, 0, 1), (1, 0)): [451, 95, 39, 35, 10, 3, 1]
(2, (1, 0, 1), (1, 1)): [378, 76, 32, 25, 2, 3, 2]
(2, (1, 0, 1), (1, 2)): [265, 37, 17, 11, 3, 1, 1]
(2, (1, 0, 1), (2, 0)): [159, 31, 21, 9, 8, 0, 1]
(2, (1, 0, 1), (2, 1)): [200, 45, 16, 13, 4, 2]
(2, (1, 0, 1), (3, 0)): [59, 5, 11, 2, 4, 0, 1]
(2, (1, 0, 1), (3, 1)): [95, 17, 12, 4, 1, 1, 1]
(2, (1, 1, 0), (0, 0)): [41989, 5943, 2918, 2156, 663, 220, 67, 24, 6, 4, 1, 1]
(2, (1, 1, 0), (0, 1)): [1254, 149, 69, 49, 11, 2, 1, 2]
(2, (1, 1, 0), (0, 2)): [560, 42, 22, 11, 2, 1]
(2, (1, 1, 0), (1, 0)): [1134, 172, 89, 68, 21, 6, 2]
(2, (1, 1, 0), (1, 1)): [965, 126, 59, 55, 9, 2, 1, 1]
(2, (1, 1, 0), (1, 2)): [740, 75, 27, 22, 6, 1, 0, 1]
(2, (1, 1, 0), (2, 0)): [381, 66, 38, 25, 10, 4, 2]
(2, (1, 1, 0), (2, 1)): [488, 63, 46, 36, 5, 4, 2]
(2, (1, 1, 0), (2, 2)): [537, 58, 28, 30, 3, 1, 1, 1]
(2, (1, 1, 0), (3, 0)): [135, 17, 17, 7, 4, 2]
(2, (1, 1, 0), (3, 1)): [202, 32, 28, 12, 4, 2, 1]
(2, (1, 1, 0), (3, 2)): [266, 35, 23, 14, 4, 0, 1, 1]
(2, (1, 1, 1), (0, 0)): [12210, 1528, 1890, 877, 699, 208, 73, 26, 8]
(2, (1, 1, 1), (0, 1)): [412, 32, 53, 20, 12, 3, 1]
(2, (1, 1, 1), (0, 2)): [193, 11, 10, 9, 6, 1]
(2, (1, 1, 1), (1, 0)): [287, 70, 57, 26, 25, 9, 2]
(2, (1, 1, 1), (1, 1)): [293, 39, 47, 21, 13, 2, 1]
(2, (1, 1, 1), (1, 2)): [237, 17, 19, 11, 4, 2]
(2, (1, 1, 1), (2, 0)): [73, 41, 16, 10, 12, 7, 1]
(2, (1, 1, 1), (2, 1)): [114, 41, 30, 11, 12, 4, 1]
(2, (1, 1, 1), (2, 2)): [152, 24, 18, 14, 7, 3]
(2, (1, 1, 1), (3, 0)): [17, 22, 4, 6, 4, 3, 1]
(2, (1, 1, 1), (3, 1)): [34, 37, 10, 6, 9, 1, 2]
(2, (1, 1, 1), (3, 2)): [59, 33, 11, 11, 5, 2, 2]
