(0, (0, 0, 0), (0, 0)): [32810, 7064, 3279, 1599, 686, 321, 129, 44, 19, 10, 2, 4, 1]
(0, (0, 0, 0), (0, 1)): [15637, 3363, 1580, 761, 308, 151, 55, 21, 8, 5, 1, 1]
(0, (0, 0, 0), (0, 2)): [6643, 1377, 677, 327, 130, 75, 16, 9, 2, 3, 1]
(0, (0, 0, 0), (1, 0)): [11250, 2468, 1120, 529, 245, 111, 34, 12, 9, 4, 0, 1]
(0, (0, 0, 0), (1, 1)): [12464, 2711, 1220, 607, 261, 108, 49, 13, 11, 3, 0, 2]
(0, (0, 0, 0), (1, 2)): [9331, 2025, 915, 451, 194, 93, 29, 10, 3, 2, 0, 1]
(0, (0, 0, 0), (2, 0)): [3209, 748, 343, 143, 78, 29, 10, 3, 2, 1]
(0, (0, 0, 0), (2, 1)): [5693, 1257, 585, 282, 135, 49, 17, 4, 5, 0, 0, 1]
(0, (0, 0, 0), (2, 2)): [6743, 1455, 699, 338, 138, 61, 19, 7, 5]
(0, (0, 0, 0), (3, 0)): [599, 132, 63, 30, 10, 6, 3, 0, 1]
(0, (0, 0, 0), (3, 1)): [1753, 398, 189, 85, 37, 21, 7, 3, 1]
(0, (0, 0, 0), (3, 2)): [3310, 768, 340, 148, 58, 30, 7, 1, 2]
(0, (0, 0, 1), (0, 0)): [82, 299, 91, 42, 24, 8, 1]
(0, (0, 0, 1), (0, 1)): [35, 156, 40, 20, 10, 4, 1]
(0, (0, 0, 1), (0, 2)): [12, 62, 20, 7, 3, 2, 1]
(0, (0, 0, 1), (1, 0)): [32, 93, 38, 11, 6, 1]
(0, (0, 0, 1), (1, 1)): [38, 121, 33, 18, 8, 2]
(0, (0, 0, 1), (1, 2)): [26, 85, 28, 10, 5, 3, 1]
(0, (0, 0, 1), (2, 0)): [10, 27, 11, 3, 1]
(0, (0, 0, 1), (2, 1)): [16, 53, 18, 7, 1, 1]
(0, (0, 0, 1), (2, 2)): [16, 55, 18, 8, 1, 2, 1]
(0, (0, 0, 1), (3, 0)): [3, 9, 1, 1]
(0, (0, 0, 1), (3, 1)): [5, 19, 6, 1, 1, 1]
(0, (0, 0, 1), (3, 2)): [7, 35, 11, 2, 0, 2]
(0, (0, 1, 0), (0, 0)): [1368, 1221, 500, 277, 138, 55, 28, 14, 5, 3, 2, 1]
(0, (0, 1, 0), (0, 1)): [653, 592, 239, 123, 62, 17, 10, 4, 0, 2, 1]
(0, (0, 1, 0), (0, 2)): [279, 239, 102, 56, 24, 8, 3, 1, 0, 2, 1]
(0, (0, 1, 0), (1, 0)): [458, 434, 181, 100, 54, 22, 9, 6, 4, 1]
(0, (0, 1, 0), (1, 1)): [525, 476, 200, 91, 53, 17, 8, 4, 3]
(0, (0, 1, 0), (1, 2)): [402, 358, 140, 71, 47, 13, 6, 1, 1, 1]
(0, (0, 1, 0), (2, 0)): [125, 126, 52, 35, 19, 6, 3, 2, 1]
(0, (0, 1, 0), (2, 1)): [223, 218, 91, 53, 29, 7, 1, 2, 2]
(0, (0, 1, 0), (2, 2)): [289, 230, 100, 54, 32, 8, 2, 3, 2]
(0, (0, 1, 0), (3, 0)): [28, 27, 10, 8, 1, 2, 2, 1, 1]
(0, (0, 1, 0), (3, 1)): [69, 77, 33, 23, 10, 2, 3, 1, 1]
(0, (0, 1, 0), (3, 2)): [138, 130, 49, 32, 19, 4, 2, 2, 1]
(0, (0, 1, 1), (0, 0)): [99, 208, 241, 120, 50, 26, 14, 5, 3, 4, 0, 1]
(0, (0, 1, 1), (0, 1)): [46, 95, 107, 62, 22, 9, 7, 3, 2, 1, 0, 1]
(0, (0, 1, 1), (0, 2)): [23, 41, 49, 29, 9, 6, 2, 1]
(0, (0, 1, 1), (1, 0)): [33, 80, 78, 39, 16, 10, 3, 1, 1, 1]
(0, (0, 1, 1), (1, 1)): [29, 81, 85, 47, 16, 7, 4, 2, 3, 0, 0, 1]
(0, (0, 1, 1), (1, 2)): [21, 58, 73, 29, 10, 7, 1, 3, 1]
(0, (0, 1, 1), (2, 0)): [11, 24, 20, 10, 3, 3, 2]
(0, (0, 1, 1), (2, 1)): [14, 48, 37, 21, 8, 4, 2, 0, 1, 0, 0, 1]
(0, (0, 1, 1), (2, 2)): [17, 50, 52, 24, 6, 4, 1, 2, 1]
(0, (0, 1, 1), (3, 0)): [3, 2, 3, 3]
(0, (0, 1, 1), (3, 1)): [6, 15, 12, 8, 3, 2, 1]
(0, (0, 1, 1), (3, 2)): [9, 25, 16, 10, 5, 1, 0, 0, 1]
(0, (1, 0, 0), (0, 0)): [6756, 2127, 1485, 828, 380, 178, 71, 25, 15, 8, 2, 2]
(0, (1, 0, 0), (0, 1)): [3201, 1022, 737, 385, 169, 76, 31, 10, 7, 4, 1, 1]
(0, (1, 0, 0), (0, 2)): [1395, 438, 306, 168, 74, 38, 7, 6, 2, 2, 1]
(0, (1, 0, 0), (1, 0)): [2342, 756, 489, 267, 138, 64, 17, 7, 7, 3]
(0, (1, 0, 0), (1, 1)): [2541, 838, 556, 306, 143, 52, 29, 5, 8, 3, 0, 1]
(0, (1, 0, 0), (1, 2)): [1894, 654, 412, 235, 103, 47, 16, 7, 3, 2]
(0, (1, 0, 0), (2, 0)): [689, 229, 148, 73, 42, 20, 4, 3, 2, 1]
(0, (1, 0, 0), (2, 1)): [1156, 380, 266, 147, 73, 27, 9, 2, 4, 1, 0, 1]
(0, (1, 0, 0), (2, 2)): [1331, 458, 316, 172, 77, 35, 12, 4, 4]
(0, (1, 0, 0), (3, 0)): [135, 34, 25, 16, 5, 3, 1, 0, 1]
(0, (1, 0, 0), (3, 1)): [391, 112, 82, 47, 18, 12, 2, 2, 1]
(0, (1, 0, 0), (3, 2)): [674, 221, 160, 77, 29, 18, 3, 0, 2]
(0, (1, 0, 1), (0, 0)): [168, 456, 201, 155, 89, 39, 17, 5, 3, 0, 1]
(0, (1, 0, 1), (0, 1)): [76, 219, 88, 80, 43, 12, 6, 1]
(0, (1, 0, 1), (0, 2)): [33, 94, 36, 31, 17, 5, 2]
(0, (1, 0, 1), (1, 0)): [57, 169, 74, 59, 27, 13, 3, 2, 3]
(0, (1, 0, 1), (1, 1)): [56, 185, 78, 66, 30, 11, 4, 2, 2]
(0, (1, 0, 1), (1, 2)): [45, 133, 60, 48, 24, 7, 3, 0, 1]
(0, (1, 0, 1), (2, 0)): [18, 56, 26, 15, 7, 5, 1, 1]
(0, (1, 0, 1), (2, 1)): [35, 98, 39, 31, 15, 4, 0, 1, 1]
(0, (1, 0, 1), (2, 2)): [38, 113, 53, 35, 15, 7, 2, 1, 1]
(0, (1, 0, 1), (3, 0)): [4, 7, 5, 1, 0, 1]
(0, (1, 0, 1), (3, 1)): [13, 23, 14, 11, 6, 2]
(0, (1, 0, 1), (3, 2)): [22, 48, 22, 18, 10, 3, 0, 1]
(0, (1, 1, 0), (0, 0)): [1068, 640, 455, 371, 191, 87, 34, 15, 6, 5, 2, 1]
(0, (1, 1, 0), (0, 1)): [487, 288, 233, 160, 84, 38, 17, 5, 4, 2, 1]
(0, (1, 1, 0), (0, 2)): [202, 109, 96, 73, 28, 19, 4, 3, 1, 1, 1]
(0, (1, 1, 0), (1, 0)): [385, 232, 155, 120, 70, 26, 7, 3, 2, 3]
(0, (1, 1, 0), (1, 1)): [422, 239, 184, 126, 81, 26, 11, 3, 4, 2]
(0, (1, 1, 0), (1, 2)): [322, 181, 133, 107, 52, 16, 6, 1, 0, 1]
(0, (1, 1, 0), (2, 0)): [114, 84, 43, 35, 26, 8, 3, 2, 1, 1]
(0, (1, 1, 0), (2, 1)): [179, 117, 87, 55, 40, 12, 5, 3, 2, 1]
(0, (1, 1, 0), (2, 2)): [228, 132, 102, 74, 41, 16, 5, 2, 1]
(0, (1, 1, 0), (3, 0)): [18, 11, 7, 8, 4, 2, 1]
(0, (1, 1, 0), (3, 1)): [61, 37, 24, 20, 16, 6, 1, 2]
(0, (1, 1, 0), (3, 2)): [95, 57, 52, 30, 13, 11, 4, 1]
(0, (1, 1, 1), (0, 0)): [99, 186, 168, 109, 90, 45, 12, 8, 4, 2, 3]
(0, (1, 1, 1), (0, 1)): [48, 80, 89, 44, 39, 21, 5, 4, 2, 0, 1]
(0, (1, 1, 1), (0, 2)): [18, 32, 41, 20, 15, 10, 0, 2, 1, 0, 1]
(0, (1, 1, 1), (1, 0)): [35, 66, 56, 44, 30, 16, 4, 3, 2, 1]
(0, (1, 1, 1), (1, 1)): [41, 65, 69, 38, 30, 18, 6, 4, 3, 1]
(0, (1, 1, 1), (1, 2)): [29, 53, 48, 30, 27, 10, 2, 2, 0, 1]
(0, (1, 1, 1), (2, 0)): [9, 23, 14, 15, 10, 3, 1, 1]
(0, (1, 1, 1), (2, 1)): [21, 31, 33, 18, 12, 9, 3, 3, 1]
(0, (1, 1, 1), (2, 2)): [24, 36, 41, 16, 19, 9, 2, 3, 1]
(0, (1, 1, 1), (3, 0)): [1, 3, 3, 5, 3, 1, 1]
(0, (1, 1, 1), (3, 1)): [7, 7, 11, 12, 7, 4, 2, 2]
(0, (1, 1, 1), (3, 2)): [16, 12, 21, 11, 5, 3, 1]
(1, (0, 0, 0), (0, 0)): [27034, 3276, 1337, 540, 207, 101, 31, 11, 0, 0, 0, 1]
(1, (0, 0, 0), (0, 1)): [12909, 1559, 631, 271, 100, 57, 16, 7]
(1, (0, 0, 0), (0, 2)): [5477, 641, 278, 114, 45, 27, 8, 2]
(1, (0, 0, 0), (1, 0)): [9255, 1144, 461, 166, 58, 30, 9, 2, 0, 0, 0, 1]
(1, (0, 0, 0), (1, 1)): [10267, 1210, 479, 209, 77, 42, 12, 4, 0, 0, 0, 1]
(1, (0, 0, 0), (1, 2)): [7703, 894, 364, 152, 59, 34, 7, 1, 0, 0, 0, 1]
(1, (0, 0, 0), (2, 0)): [2640, 361, 145, 34, 16, 7, 3]
(1, (0, 0, 0), (2, 1)): [4711, 596, 232, 82, 38, 16, 6, 1]
(1, (0, 0, 0), (2, 2)): [5616, 676, 284, 101, 42, 18, 6, 1]
(1, (0, 0, 0), (3, 0)): [480, 69, 33, 4, 2, 3]
(1, (0, 0, 0), (3, 1)): [1421, 195, 77, 17, 6, 7, 1, 1]
(1, (0, 0, 0), (3, 2)): [2741, 374, 134, 35, 13, 8, 1]
(1, (0, 0, 1), (0, 0)): [731, 999, 186, 111, 37, 10, 9, 4, 1, 1]
(1, (0, 0, 1), (0, 1)): [342, 487, 86, 52, 12, 4, 4, 1, 0, 1]
(1, (0, 0, 1), (0, 2)): [136, 205, 43, 18, 4, 2, 2, 0, 0, 1]
(1, (0, 0, 1), (1, 0)): [249, 343, 67, 31, 13, 5, 3, 2, 1]
(1, (0, 0, 1), (1, 1)): [283, 387, 70, 43, 11, 3, 4, 1]
(1, (0, 0, 1), (1, 2)): [201, 289, 51, 33, 9, 2, 4, 1]
(1, (0, 0, 1), (2, 0)): [84, 89, 22, 6, 5]
(1, (0, 0, 1), (2, 1)): [140, 181, 38, 15, 6, 1]
(1, (0, 0, 1), (2, 2)): [143, 188, 37, 14, 8, 0, 2]
(1, (0, 0, 1), (3, 0)): [19, 17, 2, 2]
(1, (0, 0, 1), (3, 1)): [56, 60, 13, 9, 2, 1]
(1, (0, 0, 1), (3, 2)): [94, 103, 20, 10, 3, 1]
(1, (0, 1, 0), (0, 0)): [3888, 1480, 610, 259, 113, 46, 20, 7, 1]
(1, (0, 1, 0), (0, 1)): [1862, 692, 297, 125, 48, 29, 8, 2]
(1, (0, 1, 0), (0, 2)): [791, 302, 137, 50, 25, 12, 3]
(1, (0, 1, 0), (1, 0)): [1333, 495, 203, 84, 42, 12, 8, 4, 1]
(1, (0, 1, 0), (1, 1)): [1496, 531, 220, 98, 37, 17, 10, 4]
(1, (0, 1, 0), (1, 2)): [1102, 434, 185, 63, 31, 18, 7, 1]
(1, (0, 1, 0), (2, 0)): [384, 158, 58, 23, 16, 4, 1]
(1, (0, 1, 0), (2, 1)): [684, 234, 101, 60, 23, 6, 2, 2]
(1, (0, 1, 0), (2, 2)): [772, 308, 126, 61, 23, 7, 6, 2]
(1, (0, 1, 0), (3, 0)): [83, 31, 12, 3, 3, 1, 1]
(1, (0, 1, 0), (3, 1)): [221, 77, 35, 13, 10, 2, 2, 1]
(1, (0, 1, 0), (3, 2)): [404, 145, 60, 26, 12, 4, 2]
(1, (0, 1, 1), (0, 0)): [557, 497, 397, 166, 80, 37, 12, 8, 2, 1]
(1, (0, 1, 1), (0, 1)): [258, 248, 169, 86, 31, 14, 5, 4, 2]
(1, (0, 1, 1), (0, 2)): [112, 102, 75, 36, 15, 6, 3, 2]
(1, (0, 1, 1), (1, 0)): [197, 167, 150, 47, 30, 17, 5, 3, 0, 1]
(1, (0, 1, 1), (1, 1)): [193, 187, 151, 64, 28, 9, 5, 2, 2, 1]
(1, (0, 1, 1), (1, 2)): [155, 124, 107, 44, 21, 6, 3, 3, 0, 1]
(1, (0, 1, 1), (2, 0)): [55, 46, 39, 12, 8, 9, 2, 1]
(1, (0, 1, 1), (2, 1)): [86, 98, 68, 26, 13, 5, 3, 2, 2]
(1, (0, 1, 1), (2, 2)): [114, 112, 77, 38, 14, 9, 1, 4]
(1, (0, 1, 1), (3, 0)): [14, 7, 8, 4, 1, 3]
(1, (0, 1, 1), (3, 1)): [34, 23, 18, 7, 5, 3, 1]
(1, (0, 1, 1), (3, 2)): [58, 48, 32, 12, 5, 2, 0, 1]
(1, (1, 0, 0), (0, 0)): [9707, 1683, 1213, 566, 226, 104, 40, 10, 2, 1, 1, 1]
(1, (1, 0, 0), (0, 1)): [4556, 819, 592, 270, 106, 54, 18, 7, 2]
(1, (1, 0, 0), (0, 2)): [1962, 343, 246, 111, 50, 25, 7, 3, 1]
(1, (1, 0, 0), (1, 0)): [3368, 601, 405, 180, 72, 34, 13, 2, 0, 1, 0, 1]
(1, (1, 0, 0), (1, 1)): [3668, 645, 449, 221, 84, 38, 18, 2, 1, 1, 0, 1]
(1, (1, 0, 0), (1, 2)): [2763, 483, 328, 163, 65, 34, 9, 2, 0, 0, 0, 1]
(1, (1, 0, 0), (2, 0)): [955, 190, 129, 45, 17, 9, 2, 1]
(1, (1, 0, 0), (2, 1)): [1678, 311, 210, 95, 42, 14, 6]
(1, (1, 0, 0), (2, 2)): [2028, 365, 234, 114, 47, 18, 6, 1]
(1, (1, 0, 0), (3, 0)): [181, 32, 28, 3, 1, 3, 0, 1]
(1, (1, 0, 0), (3, 1)): [505, 97, 72, 17, 5, 7, 0, 1]
(1, (1, 0, 0), (3, 2)): [963, 193, 124, 40, 17, 8, 0, 1]
(1, (1, 0, 1), (0, 0)): [881, 857, 325, 215, 89, 44, 18, 6, 2]
(1, (1, 0, 1), (0, 1)): [418, 422, 146, 107, 40, 16, 8, 3]
(1, (1, 0, 1), (0, 2)): [154, 181, 62, 53, 19, 9, 1]
(1, (1, 0, 1), (1, 0)): [289, 305, 113, 70, 27, 17, 6, 2, 2]
(1, (1, 0, 1), (1, 1)): [334, 323, 120, 83, 26, 14, 9, 2, 1]
(1, (1, 0, 1), (1, 2)): [219, 266, 97, 69, 21, 11, 4, 0, 1]
(1, (1, 0, 1), (2, 0)): [90, 105, 29, 14, 10, 7, 2, 0, 1]
(1, (1, 0, 1), (2, 1)): [158, 152, 47, 42, 15, 8, 5, 1]
(1, (1, 0, 1), (2, 2)): [166, 192, 68, 54, 19, 7, 5, 1]
(1, (1, 0, 1), (3, 0)): [18, 19, 9, 0, 1, 2]
(1, (1, 0, 1), (3, 1)): [45, 52, 20, 7, 3, 4]
(1, (1, 0, 1), (3, 2)): [82, 96, 33, 23, 7, 6, 1]
(1, (1, 1, 0), (0, 0)): [2900, 823, 516, 460, 203, 90, 32, 7, 6, 3, 0, 1]
(1, (1, 1, 0), (0, 1)): [1371, 389, 256, 212, 88, 57, 17, 3, 2, 1]
(1, (1, 1, 0), (0, 2)): [557, 160, 108, 94, 32, 20, 5, 1, 1]
(1, (1, 1, 0), (1, 0)): [994, 276, 169, 154, 77, 20, 10, 3, 3, 2, 0, 1]
(1, (1, 1, 0), (1, 1)): [1125, 299, 194, 174, 86, 37, 14, 3, 2, 2, 0, 1]
(1, (1, 1, 0), (1, 2)): [842, 230, 140, 136, 60, 33, 6, 0, 0, 0, 0, 1]
(1, (1, 1, 0), (2, 0)): [301, 92, 54, 42, 22, 5, 2, 2, 1, 1]
(1, (1, 1, 0), (2, 1)): [503, 134, 108, 81, 43, 12, 4, 1, 1, 1]
(1, (1, 1, 0), (2, 2)): [598, 160, 99, 103, 44, 20, 5, 0, 1]
(1, (1, 1, 0), (3, 0)): [48, 14, 9, 5, 3, 1, 1, 1]
(1, (1, 1, 0), (3, 1)): [148, 41, 35, 19, 12, 2, 1, 2]
(1, (1, 1, 0), (3, 2)): [251, 84, 53, 36, 19, 5, 1, 1]
(1, (1, 1, 1), (0, 0)): [613, 432, 305, 187, 144, 62, 30, 8, 6, 0, 0, 1]
(1, (1, 1, 1), (0, 1)): [294, 203, 144, 88, 67, 32, 19, 5, 2]
(1, (1, 1, 1), (0, 2)): [115, 86, 66, 34, 30, 16, 7, 2]
(1, (1, 1, 1), (1, 0)): [206, 149, 99, 59, 43, 20, 7, 1, 3, 0, 0, 1]
(1, (1, 1, 1), (1, 1)): [237, 148, 106, 71, 52, 25, 17, 3, 4, 0, 0, 1]
(1, (1, 1, 1), (1, 2)): [175, 122, 88, 51, 45, 20, 13, 2, 0, 0, 0, 1]
(1, (1, 1, 1), (2, 0)): [61, 53, 34, 16, 12, 7, 1, 1]
(1, (1, 1, 1), (2, 1)): [114, 69, 56, 37, 27, 9, 5, 1, 2]
(1, (1, 1, 1), (2, 2)): [135, 90, 71, 33, 26, 13, 8, 3]
(1, (1, 1, 1), (3, 0)): [9, 7, 4, 1, 3, 2, 0, 1]
(1, (1, 1, 1), (3, 1)): [31, 22, 17, 13, 12, 2, 0, 1]
(1, (1, 1, 1), (3, 2)): [58, 37, 34, 18, 11, 2, 0, 2]
(2, (0, 0, 0), (0, 0)): [23937, 1267, 427, 126, 42, 20, 2]
(2, (0, 0, 0), (0, 1)): [11497, 617, 212, 61, 21, 11, 1]
(2, (0, 0, 0), (0, 2)): [4876, 250, 87, 28, 11, 7, 1]
(2, (0, 0, 0), (1, 0)): [8171, 442, 140, 38, 17, 7, 1]
(2, (0, 0, 0), (1, 1)): [9093, 483, 152, 46, 18, 8]
(2, (0, 0, 0), (1, 2)): [6819, 372, 99, 35, 12, 7]
(2, (0, 0, 0), (2, 0)): [2322, 136, 41, 6, 6, 0, 1]
(2, (0, 0, 0), (2, 1)): [4161, 226, 67, 18, 11, 3, 1]
(2, (0, 0, 0), (2, 2)): [4879, 268, 92, 19, 5, 4]
(2, (0, 0, 0), (3, 0)): [418, 31, 10, 2, 2]
(2, (0, 0, 0), (3, 1)): [1274, 81, 25, 6, 4, 2, 1]
(2, (0, 0, 0), (3, 2)): [2415, 157, 43, 6, 3, 1, 1]
(2, (0, 0, 1), (0, 0)): [2421, 608, 138, 65, 18, 3, 3, 1, 2]
(2, (0, 0, 1), (0, 1)): [1148, 300, 69, 27, 3, 2, 1]
(2, (0, 0, 1), (0, 2)): [462, 124, 25, 5, 2]
(2, (0, 0, 1), (1, 0)): [834, 217, 50, 19, 10, 1, 2, 0, 1]
(2, (0, 0, 1), (1, 1)): [923, 242, 64, 28, 3, 2, 1]
(2, (0, 0, 1), (1, 2)): [642, 174, 44, 20, 4]
(2, (0, 0, 1), (2, 0)): [260, 66, 10, 4, 4, 0, 1]
(2, (0, 0, 1), (2, 1)): [465, 120, 24, 11, 4, 1, 1]
(2, (0, 0, 1), (2, 2)): [535, 134, 27, 13, 4, 0, 1]
(2, (0, 0, 1), (3, 0)): [55, 15, 1, 1]
(2, (0, 0, 1), (3, 1)): [147, 39, 5, 4, 1, 1]
(2, (0, 0, 1), (3, 2)): [264, 69, 10, 7, 1]
(2, (0, 1, 0), (0, 0)): [6153, 1179, 373, 130, 52, 14, 7, 1]
(2, (0, 1, 0), (0, 1)): [2969, 570, 187, 55, 25, 6, 2]
(2, (0, 1, 0), (0, 2)): [1268, 244, 87, 29, 14, 4, 1]
(2, (0, 1, 0), (1, 0)): [2112, 388, 121, 41, 17, 5, 2]
(2, (0, 1, 0), (1, 1)): [2385, 448, 135, 41, 18, 4, 2]
(2, (0, 1, 0), (1, 2)): [1840, 341, 98, 32, 11, 5, 1]
(2, (0, 1, 0), (2, 0)): [606, 113, 38, 11, 4, 1]
(2, (0, 1, 0), (2, 1)): [1052, 199, 69, 17, 10]
(2, (0, 1, 0), (2, 2)): [1284, 264, 81, 22, 10, 0, 1]
(2, (0, 1, 0), (3, 0)): [122, 26, 8, 1, 1, 1]
(2, (0, 1, 0), (3, 1)): [325, 70, 26, 3, 5, 1]
(2, (0, 1, 0), (3, 2)): [639, 139, 48, 6, 3, 1]
(2, (0, 1, 1), (0, 0)): [1486, 103, 271, 101, 34, 10, 3, 2]
(2, (0, 1, 1), (0, 1)): [698, 53, 128, 44, 17, 3, 1, 1]
(2, (0, 1, 1), (0, 2)): [303, 22, 52, 21, 6, 1, 0, 1]
(2, (0, 1, 1), (1, 0)): [511, 32, 89, 34, 13, 5, 0, 1]
(2, (0, 1, 1), (1, 1)): [537, 34, 115, 32, 14, 4, 1, 1]
(2, (0, 1, 1), (1, 2)): [430, 28, 85, 24, 11, 2, 0, 1]
(2, (0, 1, 1), (2, 0)): [141, 16, 23, 16, 2, 3]
(2, (0, 1, 1), (2, 1)): [245, 24, 47, 21, 4, 2, 0, 1]
(2, (0, 1, 1), (2, 2)): [298, 20, 60, 20, 8, 2]
(2, (0, 1, 1), (3, 0)): [34, 4, 1, 3, 1, 1]
(2, (0, 1, 1), (3, 1)): [86, 12, 10, 6, 1, 1, 0, 1]
(2, (0, 1, 1), (3, 2)): [148, 17, 24, 11, 2, 1]
(2, (1, 0, 0), (0, 0)): [11706, 790, 654, 209, 62, 26, 5, 2, 0, 0, 1]
(2, (1, 0, 0), (0, 1)): [5566, 409, 314, 113, 33, 10, 1]
(2, (1, 0, 0), (0, 2)): [2396, 169, 114, 50, 15, 7, 1]
(2, (1, 0, 0), (1, 0)): [4051, 267, 224, 61, 16, 8, 3, 1]
(2, (1, 0, 0), (1, 1)): [4478, 314, 245, 82, 22, 6, 2, 1]
(2, (1, 0, 0), (1, 2)): [3368, 225, 166, 54, 17, 5, 2, 1]
(2, (1, 0, 0), (2, 0)): [1144, 76, 59, 13, 6, 2, 1]
(2, (1, 0, 0), (2, 1)): [2061, 142, 99, 32, 12, 3, 1]
(2, (1, 0, 0), (2, 2)): [2492, 171, 126, 35, 9, 6]
(2, (1, 0, 0), (3, 0)): [211, 18, 19, 2, 1]
(2, (1, 0, 0), (3, 1)): [595, 49, 38, 7, 2, 1, 1]
(2, (1, 0, 0), (3, 2)): [1212, 95, 67, 11, 4, 3, 1]
(2, (1, 0, 1), (0, 0)): [2285, 511, 172, 169, 50, 20, 3, 2, 1, 0, 1]
(2, (1, 0, 1), (0, 1)): [1083, 242, 82, 90, 26, 14]
(2, (1, 0, 1), (0, 2)): [455, 104, 27, 34, 13, 8]
(2, (1, 0, 1), (1, 0)): [784, 178, 61, 44, 14, 4, 3, 1, 1]
(2, (1, 0, 1), (1, 1)): [845, 200, 80, 73, 20, 7, 2]
(2, (1, 0, 1), (1, 2)): [628, 172, 54, 56, 17, 6, 2]
(2, (1, 0, 1), (2, 0)): [245, 52, 13, 8, 2, 2, 0, 1]
(2, (1, 0, 1), (2, 1)): [398, 88, 30, 27, 8, 3]
(2, (1, 0, 1), (2, 2)): [466, 93, 36, 40, 13, 4]
(2, (1, 0, 1), (3, 0)): [34, 11, 2, 1, 0, 1]
(2, (1, 0, 1), (3, 1)): [113, 38, 9, 7, 0, 2]
(2, (1, 0, 1), (3, 2)): [214, 56, 17, 11, 5, 4]
(2, (1, 1, 0), (0, 0)): [4785, 648, 363, 269, 90, 34, 8, 1]
(2, (1, 1, 0), (0, 1)): [2252, 332, 186, 135, 39, 14, 4]
(2, (1, 1, 0), (0, 2)): [996, 144, 71, 55, 14, 8, 2]
(2, (1, 1, 0), (1, 0)): [1647, 212, 105, 87, 34, 11, 3, 1]
(2, (1, 1, 0), (1, 1)): [1786, 262, 143, 113, 39, 11, 3, 1]
(2, (1, 1, 0), (1, 2)): [1422, 191, 96, 90, 28, 8, 2, 1]
(2, (1, 1, 0), (2, 0)): [489, 56, 30, 22, 12, 2, 1]
(2, (1, 1, 0), (2, 1)): [806, 117, 63, 40, 21, 3, 1]
(2, (1, 1, 0), (2, 2)): [984, 141, 65, 54, 15, 5, 1]
(2, (1, 1, 0), (3, 0)): [87, 7, 9, 4, 2, 1]
(2, (1, 1, 0), (3, 1)): [252, 30, 24, 10, 8, 2, 1]
(2, (1, 1, 0), (3, 2)): [457, 71, 30, 19, 9, 4, 1]
(2, (1, 1, 1), (0, 0)): [1528, 206, 246, 130, 99, 36, 8, 2, 1]
(2, (1, 1, 1), (0, 1)): [755, 108, 115, 62, 54, 14, 4, 1]
(2, (1, 1, 1), (0, 2)): [358, 50, 53, 23, 22, 5, 2, 1]
(2, (1, 1, 1), (1, 0)): [506, 64, 95, 46, 32, 14, 4, 1, 1]
(2, (1, 1, 1), (1, 1)): [548, 74, 96, 55, 42, 17, 5]
(2, (1, 1, 1), (1, 2)): [468, 68, 69, 43, 33, 12, 4, 1]
(2, (1, 1, 1), (2, 0)): [155, 22, 25, 10, 10, 5]
(2, (1, 1, 1), (2, 1)): [253, 34, 48, 25, 23, 5]
(2, (1, 1, 1), (2, 2)): [334, 45, 46, 24, 24, 8, 2]
(2, (1, 1, 1), (3, 0)): [26, 7, 6, 1, 2, 2]
(2, (1, 1, 1), (3, 1)): [76, 14, 21, 9, 4, 3]
(2, (1, 1, 1), (3, 2)): [143, 24, 26, 12, 8, 3]
