(0, (0, 0, 0), (0, 0)): [351558, 73651, 35161, 16436, 7500, 3352, 1424, 611, 253, 133, 46, 23, 12, 3, 2]
(0, (0, 0, 0), (0, 1)): [235, 56, 34, 12, 8, 2, 0, 0, 0, 1]
(0, (0, 0, 0), (0, 2)): [109, 22, 15, 5, 2]
(0, (0, 0, 0), (1, 0)): [243, 76, 35, 14, 8, 9, 2, 1, 0, 1]
(0, (0, 0, 0), (1, 1)): [148, 45, 17, 5, 7, 1, 0, 1]
(0, (0, 0, 0), (1, 2)): [92, 23, 8, 5, 3]
(0, (0, 0, 0), (2, 0)): [141, 41, 25, 10, 5, 7, 1, 0, 0, 1]
(0, (0, 0, 0), (2, 1)): [86, 29, 12, 1, 3, 1, 1]
(0, (0, 0, 0), (2, 2)): [82, 16, 6, 2, 3, 1]
(0, (0, 0, 0), (3, 0)): [104, 27, 20, 9, 5, 7]
(0, (0, 0, 0), (3, 1)): [65, 20, 9, 1, 0, 0, 1]
(0, (0, 0, 0), (3, 2)): [73, 16, 10, 2, 2]
(0, (0, 0, 1), (0, 0)): [1529, 5447, 1525, 744, 376, 153, 75, 41, 20, 7, 2, 1, 2]
(0, (0, 1, 0), (0, 0)): [11502, 12082, 4771, 2263, 1158, 559, 229, 105, 49, 29, 6, 3, 1]
(0, (0, 1, 0), (1, 0)): [17, 13, 1, 2]
(0, (0, 1, 0), (1, 1)): [9, 2]
(0, (0, 1, 0), (2, 0)): [8, 10, 1, 2]
(0, (0, 1, 0), (2, 1)): [4, 2]
(0, (0, 1, 0), (3, 0)): [7, 6, 1, 2]
(0, (0, 1, 0), (3, 1)): [4, 0, 1, 1]
(0, (0, 1, 1), (0, 0)): [1013, 1943, 2535, 1172, 618, 300, 136, 60, 31, 11, 5, 2, 0, 1, 1]
(0, (0, 1, 1), (1, 0)): [0, 1, 6, 1, 1, 1]
(0, (0, 1, 1), (2, 0)): [0, 0, 4, 1, 0, 1]
(0, (0, 1, 1), (3, 0)): [0, 0, 4, 0, 0, 1]
(0, (1, 0, 0), (0, 0)): [78016, 28016, 17748, 8990, 4365, 2018, 872, 385, 159, 88, 33, 14, 8, 3, 2]
(0, (1, 0, 0), (0, 1)): [43, 14, 16, 4, 2, 2, 1, 1]
(0, (1, 0, 0), (0, 2)): [17, 7, 8, 1, 2, 1, 0, 1]
(0, (1, 0, 0), (1, 0)): [54, 25, 17, 5, 2, 0, 1]
(0, (1, 0, 0), (1, 1)): [31, 11, 7, 5]
(0, (1, 0, 0), (1, 2)): [14, 2, 5, 2]
(0, (1, 0, 0), (2, 0)): [28, 14, 9, 2, 2, 0, 1]
(0, (1, 0, 0), (3, 0)): [19, 9, 5, 2, 1]
(0, (1, 0, 0), (3, 1)): [15, 5, 2, 0, 1]
(0, (1, 0, 0), (3, 2)): [11, 0, 2]
(0, (1, 0, 1), (0, 0)): [1857, 6185, 2690, 1868, 1015, 489, 256, 102, 52, 25, 9, 7, 2, 0, 1]
(0, (1, 0, 1), (0, 1)): [0, 5, 0, 1, 0, 0, 2]
(0, (1, 0, 1), (0, 2)): [0, 5, 0, 1, 0, 0, 1]
(0, (1, 1, 0), (0, 0)): [10294, 7074, 5839, 4032, 2200, 1033, 467, 231, 91, 46, 24, 7, 4, 1]
(0, (1, 1, 0), (1, 0)): [4, 4, 9, 8, 4, 1, 1]
(0, (1, 1, 0), (2, 0)): [3, 2, 7, 4, 3, 0, 1]
(0, (1, 1, 0), (2, 1)): [0, 2, 2, 1, 4, 2, 1]
(0, (1, 1, 0), (2, 2)): [3, 3, 1, 2, 1, 1, 1]
(0, (1, 1, 0), (3, 2)): [4, 0, 4, 1, 2]
(0, (1, 1, 1), (0, 0)): [1036, 1995, 1755, 1414, 1122, 569, 271, 127, 60, 28, 16, 3, 0, 1, 1]
(0, (1, 1, 1), (0, 1)): [1, 1, 3]
(0, (1, 1, 1), (0, 2)): [1, 0, 2]
(0, (1, 1, 1), (1, 0)): [1, 1, 6, 0, 3, 1]
(1, (0, 0, 0), (0, 0)): [278888, 31409, 13267, 5383, 2151, 850, 346, 141, 54, 20, 8, 6, 2]
(1, (0, 0, 0), (0, 1)): [176, 24, 11, 2, 1]
(1, (0, 0, 0), (0, 2)): [97, 7, 6, 0, 1]
(1, (0, 0, 0), (1, 0)): [196, 21, 12, 3, 3, 1]
(1, (0, 0, 0), (1, 1)): [120, 15, 9, 4, 1]
(1, (0, 0, 0), (1, 2)): [76, 8, 5, 1, 1]
(1, (0, 0, 0), (2, 0)): [101, 13, 6, 0, 2, 1]
(1, (0, 0, 0), (2, 1)): [69, 9, 6, 2, 1]
(1, (0, 0, 0), (2, 2)): [66, 8, 8, 3]
(1, (0, 0, 0), (3, 0)): [60, 6, 1, 0, 1, 1]
(1, (0, 0, 0), (3, 2)): [41, 8, 5, 2]
(1, (0, 0, 1), (0, 0)): [8610, 13930, 2800, 1179, 507, 212, 86, 45, 18, 6, 5, 3, 1]
(1, (0, 1, 0), (0, 0)): [39786, 20136, 6945, 2897, 1239, 520, 189, 90, 25, 20, 4, 4, 3]
(1, (0, 1, 0), (1, 0)): [35, 20, 7, 5, 3, 1]
(1, (0, 1, 0), (2, 0)): [17, 10, 3, 3, 3, 1]
(1, (0, 1, 0), (3, 0)): [13, 6, 2, 2, 3]
(1, (0, 1, 1), (0, 0)): [6838, 6091, 6084, 2376, 1180, 471, 191, 83, 44, 11, 5, 3, 1, 1]
(1, (0, 1, 1), (1, 0)): [8, 3, 2, 2, 5, 2]
(1, (0, 1, 1), (2, 0)): [7, 3, 1, 1, 3, 2]
(1, (0, 1, 1), (3, 0)): [5, 3, 1, 0, 3, 2]
(1, (1, 0, 0), (0, 0)): [115475, 22185, 13722, 6093, 2445, 1038, 403, 158, 68, 31, 11, 9, 2, 2]
(1, (1, 0, 0), (0, 1)): [87, 16, 16, 6, 1, 2, 1]
(1, (1, 0, 0), (1, 0)): [84, 27, 17, 6, 2, 1, 0, 1]
(1, (1, 0, 0), (1, 1)): [64, 14, 10, 2, 0, 2, 1, 1]
(1, (1, 0, 0), (2, 0)): [37, 16, 11, 5, 2, 1]
(1, (1, 0, 0), (2, 1)): [44, 8, 9, 3, 0, 2, 0, 1]
(1, (1, 0, 0), (3, 0)): [18, 10, 4, 3, 2]
(1, (1, 0, 0), (3, 1)): [23, 4, 4, 4, 0, 1, 0, 1]
(1, (1, 0, 0), (3, 2)): [27, 2, 6, 3]
(1, (1, 0, 1), (0, 0)): [9378, 12235, 4192, 2729, 1131, 524, 197, 74, 28, 24, 7, 2]
(1, (1, 0, 1), (1, 0)): [7, 11, 3, 5, 2, 2]
(1, (1, 0, 1), (1, 1)): [4, 5, 4, 3, 1]
(1, (1, 1, 0), (0, 0)): [30185, 9852, 7207, 4810, 2121, 936, 368, 149, 53, 25, 6, 6, 1, 3]
(1, (1, 1, 0), (1, 0)): [26, 3, 8, 6, 5, 1]
(1, (1, 1, 0), (2, 0)): [16, 2, 4, 3, 5, 1]
(1, (1, 1, 0), (2, 1)): [11, 2, 0, 0, 1, 0, 1]
(1, (1, 1, 0), (3, 1)): [5, 1, 1, 0, 0, 0, 1]
(1, (1, 1, 0), (3, 2)): [6, 3, 0, 0, 2]
(1, (1, 1, 1), (0, 0)): [6008, 5054, 3338, 2331, 1622, 733, 302, 114, 49, 20, 7, 4, 1, 1]
(1, (1, 1, 1), (0, 1)): [10, 8, 6, 3]
(1, (1, 1, 1), (0, 2)): [8, 4, 3, 1]
(2, (0, 0, 0), (0, 0)): [238793, 10652, 3740, 1185, 424, 166, 57, 23, 5, 1, 1]
(2, (0, 0, 0), (0, 1)): [176, 16, 4, 1]
(2, (0, 0, 0), (0, 2)): [85, 9, 1, 1]
(2, (0, 0, 0), (1, 0)): [235, 18, 8, 4, 2]
(2, (0, 0, 0), (1, 1)): [152, 9, 6, 0, 1]
(2, (0, 0, 0), (1, 2)): [93, 7, 5, 1, 1]
(2, (0, 0, 0), (2, 0)): [114, 9, 3, 3, 1]
(2, (0, 0, 0), (2, 1)): [110, 6, 3]
(2, (0, 0, 0), (2, 2)): [94, 5, 5, 1, 1]
(2, (0, 0, 0), (3, 1)): [58, 4, 2]
(2, (0, 0, 0), (3, 2)): [69, 6, 6, 0, 1]
(2, (0, 0, 1), (0, 0)): [27241, 8983, 1711, 582, 199, 86, 31, 8, 0, 1]
(2, (0, 1, 0), (0, 0)): [65097, 15575, 3864, 1321, 445, 162, 52, 13, 4, 1]
(2, (0, 1, 0), (0, 1)): [35, 6, 1, 0, 1]
(2, (0, 1, 0), (1, 0)): [52, 11, 7, 3, 1]
(2, (0, 1, 0), (1, 1)): [28, 6, 2]
(2, (0, 1, 0), (1, 2)): [14, 2, 2, 0, 1]
(2, (0, 1, 0), (2, 0)): [34, 6, 5, 3, 1]
(2, (0, 1, 0), (2, 1)): [27, 2, 1]
(2, (0, 1, 0), (2, 2)): [19, 1, 2, 0, 1]
(2, (0, 1, 0), (3, 0)): [23, 6, 4, 2, 1]
(2, (0, 1, 0), (3, 1)): [19, 4, 0, 0, 1]
(2, (0, 1, 0), (3, 2)): [23, 2, 2, 0, 1]
(2, (0, 1, 1), (0, 0)): [16510, 1422, 4013, 1092, 402, 149, 52, 18, 10, 3, 1]
(2, (0, 1, 1), (0, 1)): [14, 3, 4, 1]
(2, (0, 1, 1), (0, 2)): [7, 1, 2, 1]
(2, (0, 1, 1), (1, 0)): [22, 1, 4, 1, 0, 1]
(2, (0, 1, 1), (2, 0)): [16, 0, 1, 1, 0, 1]
(2, (0, 1, 1), (3, 0)): [15, 0, 1, 0, 0, 1]
(2, (1, 0, 0), (0, 0)): [141928, 11226, 6446, 2144, 743, 240, 97, 31, 11, 2, 1]
(2, (1, 0, 0), (0, 1)): [69, 2, 4, 2]
(2, (1, 0, 0), (0, 2)): [33, 0, 2]
(2, (1, 0, 0), (1, 0)): [86, 7, 5, 3, 1, 1]
(2, (1, 0, 0), (1, 1)): [51, 5, 5, 3]
(2, (1, 0, 0), (1, 2)): [29, 1, 4, 2]
(2, (1, 0, 0), (2, 0)): [40, 2, 1, 2]
(2, (1, 0, 0), (2, 1)): [32, 3, 2]
(2, (1, 0, 0), (2, 2)): [22, 2, 3, 1]
(2, (1, 0, 0), (3, 0)): [21, 2, 0, 2]
(2, (1, 0, 0), (3, 1)): [20, 1, 2]
(2, (1, 0, 0), (3, 2)): [17, 0, 0, 1]
(2, (1, 0, 1), (0, 0)): [25013, 6694, 2878, 1573, 485, 196, 67, 28, 10, 1, 0, 1]
(2, (1, 0, 1), (0, 1)): [22, 2, 3, 3]
(2, (1, 0, 1), (1, 0)): [17, 4, 1, 5, 0, 1]
(2, (1, 0, 1), (1, 1)): [12, 1, 0, 2]
(2, (1, 0, 1), (1, 2)): [5, 0, 0, 2]
(2, (1, 0, 1), (2, 0)): [11, 2, 1, 3]
(2, (1, 0, 1), (2, 1)): [8, 0, 0, 2]
(2, (1, 0, 1), (2, 2)): [7, 0, 0, 1]
(2, (1, 0, 1), (3, 1)): [5, 0, 0, 1]
(2, (1, 0, 1), (3, 2)): [6]
(2, (1, 1, 0), (0, 0)): [50724, 8185, 4464, 2668, 914, 325, 99, 30, 16, 5, 2, 0, 0, 1]
(2, (1, 1, 0), (0, 1)): [43, 5, 4, 3, 2]
(2, (1, 1, 0), (0, 2)): [21, 3, 3, 1, 1]
(2, (1, 1, 0), (1, 0)): [37, 5, 6, 6, 2, 2, 0, 1]
(2, (1, 1, 0), (1, 1)): [20, 2, 3, 2, 1]
(2, (1, 1, 0), (1, 2)): [16, 2, 1, 1]
(2, (1, 1, 0), (2, 0)): [24, 4, 2, 4, 1, 1, 0, 1]
(2, (1, 1, 0), (2, 1)): [15, 4, 2, 1, 1]
(2, (1, 1, 1), (0, 0)): [15016, 2250, 2703, 1421, 978, 346, 107, 39, 19, 2, 2, 0, 0, 1]
(2, (1, 1, 1), (0, 1)): [17, 1, 3, 2, 1, 1]
(2, (1, 1, 1), (0, 2)): [12, 1, 1, 0, 0, 1]
(2, (1, 1, 1), (1, 0)): [14, 9, 3, 5, 0, 1]
(2, (1, 1, 1), (1, 1)): [7, 1, 3, 3]
(2, (1, 1, 1), (1, 2)): [7, 1, 2, 1, 0, 1]
