(0, (0, 0, 0), (0, 0)): [1710931, 347390, 159809, 72686, 32440, 13824, 5719, 2324, 953, 411, 167, 91, 33, 17, 4, 1, 1, 1]
(0, (0, 0, 0), (0, 1)): [171929, 33182, 15077, 6937, 3052, 1308, 532, 182, 78, 35, 16, 8, 4, 3, 0, 1]
(0, (0, 0, 0), (0, 2)): [64782, 11113, 4887, 2194, 970, 408, 161, 51, 27, 10, 4, 2, 2]
(0, (0, 0, 0), (1, 0)): [156042, 35613, 16812, 7770, 3633, 1498, 653, 260, 120, 35, 13, 11, 0, 2, 1, 0, 1]
(0, (0, 0, 0), (1, 1)): [148269, 30454, 14180, 6560, 2908, 1224, 529, 191, 96, 22, 18, 9, 2, 3, 0, 1, 1]
(0, (0, 0, 0), (1, 2)): [99974, 17935, 8098, 3645, 1632, 679, 292, 103, 54, 16, 10, 5, 4]
(0, (0, 0, 0), (2, 0)): [50698, 12827, 6439, 3037, 1469, 607, 262, 114, 40, 18, 6, 5, 0, 1, 1]
(0, (0, 0, 0), (2, 1)): [77327, 17490, 8567, 3955, 1857, 780, 316, 143, 54, 16, 8, 6, 0, 1, 0, 0, 1]
(0, (0, 0, 0), (2, 2)): [79606, 15675, 7405, 3404, 1531, 632, 256, 98, 56, 16, 7, 2, 3, 0, 0, 0, 1]
(0, (0, 0, 0), (3, 0)): [15051, 4419, 2501, 1268, 615, 273, 113, 46, 16, 6, 3, 1, 0, 1, 1]
(0, (0, 0, 0), (3, 1)): [29778, 7996, 4228, 2063, 1005, 420, 175, 81, 30, 9, 3, 6, 0, 1, 1]
(0, (0, 0, 0), (3, 2)): [42290, 9837, 5159, 2398, 1146, 483, 189, 74, 36, 13, 4, 6, 2, 0, 1, 0, 1]
(0, (0, 0, 1), (0, 0)): [6602, 20246, 5570, 2643, 1291, 540, 238, 102, 41, 21, 10, 3, 4, 3]
(0, (0, 0, 1), (0, 1)): [497, 1531, 436, 178, 101, 35, 15, 7, 4, 1, 2, 0, 0, 1]
(0, (0, 0, 1), (0, 2)): [219, 575, 139, 60, 32, 12, 4, 2, 2]
(0, (0, 0, 1), (1, 0)): [510, 1766, 525, 279, 126, 62, 21, 11, 2, 1, 2]
(0, (0, 0, 1), (1, 1)): [479, 1463, 422, 185, 106, 40, 19, 8, 1, 1, 3, 0, 0, 1]
(0, (0, 0, 1), (1, 2)): [358, 944, 243, 101, 51, 25, 8, 5, 2, 1, 2]
(0, (0, 0, 1), (2, 0)): [178, 673, 218, 136, 47, 30, 6, 6, 2, 1]
(0, (0, 0, 1), (2, 1)): [259, 842, 285, 141, 77, 30, 14, 5, 2, 1, 1]
(0, (0, 0, 1), (2, 2)): [330, 852, 238, 107, 67, 22, 9, 1, 1, 1, 1]
(0, (0, 0, 1), (3, 0)): [54, 216, 71, 58, 17, 12, 4, 2, 1]
(0, (0, 0, 1), (3, 1)): [101, 386, 126, 92, 41, 16, 7, 4, 1]
(0, (0, 0, 1), (3, 2)): [186, 530, 145, 100, 56, 13, 4, 2, 2, 1, 1]
(0, (0, 1, 0), (0, 0)): [61982, 58203, 22837, 11145, 5317, 2295, 974, 407, 177, 94, 30, 12, 5, 6, 2, 0, 1]
(0, (0, 1, 0), (0, 1)): [6336, 5779, 2232, 1049, 501, 215, 103, 40, 19, 8, 0, 2, 0, 1]
(0, (0, 1, 0), (0, 2)): [2551, 1950, 756, 335, 152, 79, 42, 11, 6, 3, 0, 1]
(0, (0, 1, 0), (1, 0)): [6308, 6219, 2634, 1382, 617, 300, 102, 48, 19, 8, 4, 2, 2, 2, 1, 0, 1]
(0, (0, 1, 0), (1, 1)): [5640, 5110, 2069, 1039, 472, 208, 85, 40, 10, 6, 1, 1, 0, 2]
(0, (0, 1, 0), (1, 2)): [3938, 3084, 1259, 619, 255, 121, 51, 27, 6, 2, 1, 2]
(0, (0, 1, 0), (2, 0)): [2309, 2234, 1000, 566, 231, 141, 43, 21, 10, 3, 1, 2, 2, 1, 0, 0, 1]
(0, (0, 1, 0), (2, 1)): [3085, 2900, 1238, 618, 283, 156, 52, 19, 8, 5, 1, 1, 1, 1, 0, 0, 1]
(0, (0, 1, 0), (2, 2)): [3382, 2626, 1166, 534, 238, 113, 48, 18, 9, 2, 1, 2, 0, 0, 0, 0, 1]
(0, (0, 1, 0), (3, 0)): [811, 668, 345, 228, 96, 64, 25, 13, 6, 1, 0, 1, 1]
(0, (0, 1, 0), (3, 1)): [1353, 1183, 586, 357, 154, 94, 28, 15, 2, 1, 0, 1, 0, 1]
(0, (0, 1, 0), (3, 2)): [1966, 1521, 784, 382, 181, 89, 41, 13, 5, 3, 1, 0, 0, 0, 0, 0, 1]
(0, (0, 1, 1), (0, 0)): [5029, 8772, 10409, 4861, 2541, 1227, 511, 230, 115, 50, 12, 10, 2, 2, 2, 0, 1, 1]
(0, (0, 1, 1), (0, 1)): [513, 803, 949, 418, 219, 105, 47, 16, 6, 6, 1, 2, 0, 0, 0, 0, 1]
(0, (0, 1, 1), (0, 2)): [235, 301, 330, 162, 69, 38, 20, 7, 1, 3, 0, 1]
(0, (0, 1, 1), (1, 0)): [487, 985, 1167, 598, 303, 158, 53, 26, 17, 4, 1, 2, 0, 0, 1]
(0, (0, 1, 1), (1, 1)): [423, 743, 889, 397, 218, 96, 36, 16, 8, 3, 1, 0, 0, 0, 0, 0, 1]
(0, (0, 1, 1), (1, 2)): [333, 469, 506, 242, 135, 68, 24, 9, 4, 2, 0, 1, 0, 0, 0, 0, 1]
(0, (0, 1, 1), (2, 0)): [209, 443, 456, 269, 150, 92, 24, 12, 8, 3, 1, 1, 0, 0, 1]
(0, (0, 1, 1), (2, 1)): [233, 441, 520, 255, 123, 53, 18, 15, 8, 4, 0, 0, 0, 0, 1]
(0, (0, 1, 1), (2, 2)): [274, 437, 448, 223, 105, 56, 20, 12, 4, 3, 0, 1, 0, 0, 0, 0, 1]
(0, (0, 1, 1), (3, 0)): [108, 194, 192, 123, 90, 53, 12, 5, 3, 1, 1, 1]
(0, (0, 1, 1), (3, 1)): [97, 169, 212, 119, 85, 32, 10, 6, 5, 2, 0, 0, 0, 0, 1]
(0, (0, 1, 1), (3, 2)): [153, 225, 285, 150, 73, 45, 14, 9, 7, 1, 0, 0, 0, 0, 0, 0, 1]
(0, (1, 0, 0), (0, 0)): [361816, 121295, 77534, 38347, 18258, 8200, 3419, 1442, 612, 268, 120, 54, 22, 11, 3, 1, 1, 1]
(0, (1, 0, 0), (0, 1)): [33351, 10373, 6811, 3241, 1565, 704, 283, 120, 57, 15, 5, 4]
(0, (1, 0, 0), (0, 2)): [12325, 3378, 2270, 1035, 496, 213, 103, 32, 16, 2, 3, 2]
(0, (1, 0, 0), (1, 0)): [30488, 11088, 7650, 3937, 1933, 865, 369, 148, 63, 32, 18, 6, 1, 5, 1, 0, 1]
(0, (1, 0, 0), (1, 1)): [26007, 8537, 5721, 2848, 1321, 626, 241, 108, 46, 21, 7, 2, 0, 2]
(0, (1, 0, 0), (1, 2)): [16599, 4748, 3225, 1574, 715, 312, 138, 56, 26, 8, 2, 2]
(0, (1, 0, 0), (2, 0)): [9479, 3743, 2715, 1519, 770, 346, 158, 62, 21, 14, 9, 2, 1, 3, 0, 0, 1]
(0, (1, 0, 0), (2, 1)): [12727, 4480, 3097, 1646, 775, 382, 153, 61, 26, 15, 7, 2, 0, 4, 0, 0, 1]
(0, (1, 0, 0), (2, 2)): [12022, 3702, 2583, 1243, 603, 247, 123, 55, 24, 12, 5, 2, 0, 2]
(0, (1, 0, 0), (3, 0)): [2448, 1171, 898, 593, 316, 129, 62, 26, 10, 5, 3, 1]
(0, (1, 0, 0), (3, 1)): [4466, 1869, 1358, 856, 409, 205, 76, 32, 15, 7, 5, 0, 0, 2]
(0, (1, 0, 0), (3, 2)): [5617, 2118, 1486, 863, 430, 176, 82, 37, 17, 8, 4, 0, 0, 1]
(0, (1, 0, 1), (0, 0)): [8575, 26504, 10737, 7570, 3947, 1835, 869, 342, 171, 64, 36, 17, 7, 2, 2, 0, 0, 1]
(0, (1, 0, 1), (0, 1)): [781, 2292, 925, 669, 331, 164, 77, 17, 12, 4, 2, 0, 2, 1]
(0, (1, 0, 1), (0, 2)): [351, 812, 313, 214, 104, 58, 25, 5, 4, 1, 0, 0, 0, 1]
(0, (1, 0, 1), (1, 0)): [731, 2487, 1005, 764, 403, 207, 65, 34, 22, 4, 7, 1, 0, 0, 1]
(0, (1, 0, 1), (1, 1)): [636, 1871, 783, 558, 282, 127, 49, 21, 16, 2, 4]
(0, (1, 0, 1), (1, 2)): [490, 1066, 462, 297, 156, 63, 29, 10, 6, 1]
(0, (1, 0, 1), (2, 0)): [243, 844, 344, 268, 157, 94, 26, 13, 4, 2, 3, 1]
(0, (1, 0, 1), (2, 1)): [309, 980, 409, 315, 152, 89, 27, 11, 12, 1, 3]
(0, (1, 0, 1), (2, 2)): [389, 838, 357, 260, 122, 64, 28, 14, 4, 2, 2]
(0, (1, 0, 1), (3, 0)): [82, 258, 121, 71, 59, 41, 9, 6, 0, 1, 1, 1]
(0, (1, 0, 1), (3, 1)): [111, 331, 172, 126, 96, 50, 9, 3, 6, 1, 1]
(0, (1, 0, 1), (3, 2)): [180, 411, 224, 152, 92, 53, 16, 10, 6, 3, 3]
(0, (1, 1, 0), (0, 0)): [50516, 32234, 24067, 17286, 9190, 4312, 1820, 852, 356, 161, 74, 31, 10, 4, 0, 0, 1]
(0, (1, 1, 0), (0, 1)): [5190, 2914, 2029, 1528, 881, 354, 165, 70, 26, 12, 7, 4, 0, 0, 0, 0, 1]
(0, (1, 1, 0), (0, 2)): [2083, 1012, 670, 502, 295, 112, 54, 26, 11, 5, 2]
(0, (1, 1, 0), (1, 0)): [4196, 2820, 2221, 1660, 872, 435, 164, 72, 32, 13, 6, 2, 1, 2]
(0, (1, 1, 0), (1, 1)): [3827, 2243, 1682, 1313, 680, 311, 128, 52, 17, 9, 7, 2, 1, 1, 0, 0, 1]
(0, (1, 1, 0), (1, 2)): [2692, 1336, 949, 780, 397, 149, 71, 30, 9, 8, 3, 1, 0, 1, 0, 0, 1]
(0, (1, 1, 0), (2, 0)): [1265, 927, 771, 569, 330, 171, 69, 31, 16, 6, 2, 2, 0, 1]
(0, (1, 1, 0), (2, 1)): [1790, 1154, 924, 714, 385, 170, 76, 31, 17, 6, 5, 2, 1]
(0, (1, 1, 0), (2, 2)): [1892, 1022, 761, 633, 322, 140, 64, 30, 10, 8, 3, 0, 0, 0, 0, 0, 1]
(0, (1, 1, 0), (3, 0)): [294, 292, 285, 199, 123, 70, 25, 12, 8, 4, 1, 1, 0, 1]
(0, (1, 1, 0), (3, 1)): [641, 482, 427, 313, 202, 105, 41, 12, 11, 5, 3, 1, 1]
(0, (1, 1, 0), (3, 2)): [896, 549, 478, 408, 223, 105, 46, 22, 8, 3, 2, 0, 0, 0, 0, 0, 1]
(0, (1, 1, 1), (0, 0)): [4757, 9334, 7664, 5586, 4492, 2231, 1012, 491, 226, 96, 49, 18, 5, 3, 1, 0, 1]
(0, (1, 1, 1), (0, 1)): [530, 898, 786, 510, 433, 207, 80, 41, 24, 12, 3, 2, 2, 1]
(0, (1, 1, 1), (0, 2)): [278, 347, 291, 183, 148, 78, 24, 11, 9, 3, 2, 1, 1]
(0, (1, 1, 1), (1, 0)): [363, 847, 752, 532, 430, 226, 89, 34, 20, 7, 5, 2, 0, 1, 0, 0, 1]
(0, (1, 1, 1), (1, 1)): [356, 742, 639, 420, 347, 175, 74, 37, 14, 10, 3, 1, 1, 1, 0, 0, 1]
(0, (1, 1, 1), (1, 2)): [329, 503, 413, 264, 215, 104, 33, 20, 8, 1, 2, 1, 0, 1, 0, 0, 1]
(0, (1, 1, 1), (2, 0)): [104, 258, 252, 184, 166, 97, 25, 14, 8, 2, 2, 2, 0, 1]
(0, (1, 1, 1), (2, 1)): [166, 327, 315, 216, 165, 102, 37, 21, 13, 7, 1, 0, 1]
(0, (1, 1, 1), (2, 2)): [204, 356, 321, 206, 166, 90, 27, 18, 6, 5, 0, 1, 1]
(0, (1, 1, 1), (3, 0)): [20, 78, 68, 67, 55, 41, 12, 7, 2, 0, 2, 1, 0, 1]
(0, (1, 1, 1), (3, 1)): [51, 127, 130, 93, 74, 46, 24, 8, 4, 2, 1, 1, 0, 1]
(0, (1, 1, 1), (3, 2)): [77, 187, 178, 115, 105, 52, 27, 13, 5, 3, 0, 1, 1, 1]
(1, (0, 0, 0), (0, 0)): [1393841, 154211, 63122, 25030, 9731, 3650, 1431, 518, 188, 75, 28, 20, 7, 3, 0, 1]
(1, (0, 0, 0), (0, 1)): [141603, 14712, 5882, 2373, 914, 320, 116, 55, 14, 2, 0, 3, 0, 1]
(1, (0, 0, 0), (0, 2)): [53475, 4701, 1832, 702, 289, 98, 29, 16, 2, 1, 0, 2]
(1, (0, 0, 0), (1, 0)): [133900, 16931, 7130, 2874, 1164, 411, 177, 55, 16, 7, 2, 2, 0, 0, 0, 1]
(1, (0, 0, 0), (1, 1)): [125400, 13946, 5639, 2301, 903, 317, 137, 49, 17, 3, 0, 1, 0, 1]
(1, (0, 0, 0), (1, 2)): [83344, 7773, 3105, 1256, 506, 182, 64, 22, 5, 1, 0, 1]
(1, (0, 0, 0), (2, 0)): [45052, 6491, 2956, 1184, 483, 175, 80, 29, 6, 3, 2, 2, 0, 0, 0, 1]
(1, (0, 0, 0), (2, 1)): [67229, 8475, 3646, 1425, 583, 211, 74, 39, 8, 4, 1, 1]
(1, (0, 0, 0), (2, 2)): [68290, 7122, 3009, 1227, 490, 179, 62, 29, 7, 3, 1]
(1, (0, 0, 0), (3, 0)): [13529, 2188, 1226, 497, 206, 77, 44, 10, 4, 2, 1, 1, 0, 0, 0, 1]
(1, (0, 0, 0), (3, 1)): [27073, 4162, 2003, 835, 339, 131, 54, 17, 3, 2]
(1, (0, 0, 0), (3, 2)): [37557, 4877, 2294, 957, 377, 135, 52, 22, 6, 4, 1]
(1, (0, 0, 1), (0, 0)): [37777, 54395, 10789, 4640, 1907, 796, 289, 113, 54, 20, 12, 6, 4, 2]
(1, (0, 0, 1), (0, 1)): [3580, 4382, 884, 353, 140, 61, 26, 7, 2, 0, 2, 1]
(1, (0, 0, 1), (0, 2)): [1550, 1404, 279, 102, 52, 15, 10, 1, 2, 0, 0, 1]
(1, (0, 0, 1), (1, 0)): [3894, 5972, 1245, 606, 230, 119, 30, 13, 8, 3, 1]
(1, (0, 0, 1), (1, 1)): [3378, 4417, 893, 377, 154, 69, 18, 8, 1, 2, 1]
(1, (0, 0, 1), (1, 2)): [2486, 2417, 447, 192, 85, 31, 10, 2, 2, 0, 0, 1]
(1, (0, 0, 1), (2, 0)): [1590, 2431, 561, 311, 117, 62, 20, 7, 6, 1, 1]
(1, (0, 0, 1), (2, 1)): [1956, 2673, 583, 272, 104, 51, 15, 5, 3, 1, 1]
(1, (0, 0, 1), (2, 2)): [2189, 2198, 447, 211, 81, 37, 11, 2, 2, 0, 1, 1]
(1, (0, 0, 1), (3, 0)): [737, 1007, 266, 166, 66, 34, 8, 5, 1, 0, 1]
(1, (0, 0, 1), (3, 1)): [838, 1150, 293, 166, 54, 30, 11, 6, 1]
(1, (0, 0, 1), (3, 2)): [1304, 1380, 325, 179, 71, 31, 12, 3, 2, 0, 1]
(1, (0, 1, 0), (0, 0)): [188950, 82920, 30324, 13105, 5289, 2070, 729, 328, 99, 47, 26, 9, 9, 2, 1]
(1, (0, 1, 0), (0, 1)): [18025, 7146, 2602, 1094, 430, 167, 62, 24, 9, 4, 2]
(1, (0, 1, 0), (0, 2)): [6977, 2481, 846, 347, 119, 57, 21, 7, 3, 1]
(1, (0, 1, 0), (1, 0)): [20608, 8890, 3474, 1719, 710, 272, 101, 46, 17, 6, 4, 0, 0, 1]
(1, (0, 1, 0), (1, 1)): [16855, 6753, 2511, 1172, 478, 181, 64, 23, 9, 3, 1, 0, 0, 1]
(1, (0, 1, 0), (1, 2)): [11132, 4018, 1421, 603, 209, 83, 31, 16, 6, 3]
(1, (0, 1, 0), (2, 0)): [8772, 3631, 1554, 865, 368, 142, 59, 29, 10, 4, 4]
(1, (0, 1, 0), (2, 1)): [9828, 3990, 1604, 803, 363, 124, 52, 21, 6, 3, 1, 0, 0, 1]
(1, (0, 1, 0), (2, 2)): [9702, 3478, 1343, 584, 236, 87, 26, 11, 7, 4]
(1, (0, 1, 0), (3, 0)): [4047, 1532, 692, 486, 213, 81, 34, 16, 7, 2, 2]
(1, (0, 1, 0), (3, 1)): [4672, 1771, 812, 499, 241, 77, 38, 17, 7, 2, 2, 0, 0, 1]
(1, (0, 1, 0), (3, 2)): [5966, 2132, 956, 504, 234, 64, 30, 11, 4, 5, 1, 0, 0, 1]
(1, (0, 1, 1), (0, 0)): [29610, 24725, 21611, 8698, 4522, 1771, 708, 287, 127, 42, 11, 7, 2, 2, 0, 1]
(1, (0, 1, 1), (0, 1)): [2478, 1930, 1598, 650, 286, 107, 59, 22, 3]
(1, (0, 1, 1), (0, 2)): [1164, 636, 559, 227, 110, 28, 21, 8, 1]
(1, (0, 1, 1), (1, 0)): [3329, 3037, 2320, 1008, 646, 233, 92, 36, 14, 6]
(1, (0, 1, 1), (1, 1)): [2150, 1764, 1447, 603, 283, 102, 41, 21, 3, 2]
(1, (0, 1, 1), (1, 2)): [1730, 1021, 889, 348, 172, 59, 28, 12, 1]
(1, (0, 1, 1), (2, 0)): [1934, 1643, 1233, 574, 445, 169, 71, 24, 12, 4]
(1, (0, 1, 1), (2, 1)): [1185, 1003, 820, 376, 190, 74, 29, 10, 2, 3]
(1, (0, 1, 1), (2, 2)): [1431, 869, 746, 317, 164, 50, 18, 7, 1]
(1, (0, 1, 1), (3, 0)): [1410, 1154, 792, 405, 364, 135, 58, 20, 10, 3]
(1, (0, 1, 1), (3, 1)): [495, 462, 375, 166, 104, 53, 22, 7, 2, 2]
(1, (0, 1, 1), (3, 2)): [805, 566, 421, 199, 117, 46, 15, 8, 1, 1]
(1, (1, 0, 0), (0, 0)): [524600, 93389, 60496, 25692, 10435, 4094, 1644, 576, 240, 101, 35, 28, 5, 3, 0, 2]
(1, (1, 0, 0), (0, 1)): [48331, 7891, 5117, 2200, 863, 324, 149, 50, 11, 7, 3, 2]
(1, (1, 0, 0), (0, 2)): [17725, 2486, 1596, 652, 246, 107, 56, 14, 4, 3]
(1, (1, 0, 0), (1, 0)): [47865, 9335, 6409, 2835, 1173, 454, 189, 68, 20, 10, 1, 2, 1, 0, 0, 1]
(1, (1, 0, 0), (1, 1)): [39898, 6931, 4690, 2039, 800, 308, 122, 45, 10, 6, 4, 4, 0, 0, 0, 1]
(1, (1, 0, 0), (1, 2)): [25222, 3816, 2546, 1043, 400, 162, 69, 22, 5, 4, 2, 1]
(1, (1, 0, 0), (2, 0)): [15598, 3305, 2347, 1166, 500, 193, 84, 25, 12, 5, 0, 0, 1]
(1, (1, 0, 0), (2, 1)): [20233, 3840, 2639, 1282, 495, 201, 90, 26, 10, 2, 2, 2, 0, 0, 0, 1]
(1, (1, 0, 0), (2, 2)): [19106, 3149, 2118, 958, 383, 151, 68, 18, 5, 3, 2]
(1, (1, 0, 0), (3, 0)): [4361, 1119, 725, 455, 217, 87, 29, 8, 4, 4, 0, 0, 1]
(1, (1, 0, 0), (3, 1)): [7721, 1798, 1165, 668, 286, 105, 46, 11, 5, 4, 2, 1, 0, 0, 0, 1]
(1, (1, 0, 0), (3, 2)): [9528, 1983, 1256, 671, 283, 113, 50, 9, 8, 3, 4, 1, 0, 0, 0, 1]
(1, (1, 0, 1), (0, 0)): [42598, 49396, 15827, 10626, 4553, 1878, 749, 282, 98, 61, 17, 7, 0, 1]
(1, (1, 0, 1), (0, 1)): [4381, 4035, 1291, 847, 365, 161, 55, 17, 8, 5]
(1, (1, 0, 1), (0, 2)): [1895, 1281, 439, 254, 121, 56, 24, 9, 3, 2]
(1, (1, 0, 1), (1, 0)): [3894, 4577, 1567, 1100, 502, 184, 75, 26, 11, 8, 0, 1]
(1, (1, 0, 1), (1, 1)): [3443, 3337, 1105, 802, 298, 127, 44, 11, 5, 4, 0, 1]
(1, (1, 0, 1), (1, 2)): [2537, 1863, 665, 415, 162, 80, 21, 15, 3, 2]
(1, (1, 0, 1), (2, 0)): [1339, 1535, 558, 406, 217, 80, 32, 11, 5, 3]
(1, (1, 0, 1), (2, 1)): [1684, 1682, 575, 442, 189, 68, 30, 7, 6, 2, 0, 1]
(1, (1, 0, 1), (2, 2)): [1811, 1418, 541, 352, 157, 52, 24, 9, 5, 1]
(1, (1, 0, 1), (3, 0)): [434, 531, 205, 139, 98, 39, 12, 2, 1, 2]
(1, (1, 0, 1), (3, 1)): [601, 688, 272, 189, 97, 45, 11, 4, 1, 1, 0, 1]
(1, (1, 0, 1), (3, 2)): [874, 805, 338, 216, 117, 45, 18, 6, 4, 1, 0, 1]
(1, (1, 1, 0), (0, 0)): [145998, 44803, 29775, 21453, 9020, 3707, 1458, 584, 236, 93, 34, 20, 9, 5, 1]
(1, (1, 1, 0), (0, 1)): [14940, 4016, 2470, 1874, 806, 315, 115, 47, 17, 6, 4, 3]
(1, (1, 1, 0), (0, 2)): [6023, 1415, 811, 615, 264, 104, 33, 12, 5, 1, 2]
(1, (1, 1, 0), (1, 0)): [13132, 4386, 2995, 2266, 986, 407, 181, 60, 19, 11, 4, 1, 2, 1]
(1, (1, 1, 0), (1, 1)): [11669, 3417, 2304, 1705, 735, 290, 109, 49, 8, 10, 4, 2]
(1, (1, 1, 0), (1, 2)): [8279, 2037, 1284, 981, 411, 126, 50, 28, 1, 2, 5, 2]
(1, (1, 1, 0), (2, 0)): [4257, 1584, 1034, 830, 409, 180, 85, 27, 11, 4, 2, 1, 2, 1]
(1, (1, 1, 0), (2, 1)): [5834, 1922, 1292, 984, 448, 212, 87, 21, 13, 3, 3, 0, 1]
(1, (1, 1, 0), (2, 2)): [6257, 1691, 1054, 807, 386, 142, 55, 19, 5, 2, 3, 1]
(1, (1, 1, 0), (3, 0)): [1082, 583, 371, 240, 162, 72, 32, 14, 4, 1, 0, 1, 1]
(1, (1, 1, 0), (3, 1)): [2162, 905, 640, 465, 251, 109, 46, 15, 8, 4, 2, 1, 1]
(1, (1, 1, 0), (3, 2)): [3004, 1066, 705, 512, 290, 101, 45, 17, 5, 4, 1, 1, 1]
(1, (1, 1, 1), (0, 0)): [29636, 23767, 15090, 9709, 7255, 3085, 1254, 462, 203, 72, 24, 18, 9, 4, 1, 1]
(1, (1, 1, 1), (0, 1)): [3144, 2192, 1406, 863, 640, 267, 105, 41, 21, 2, 2, 1, 0, 1]
(1, (1, 1, 1), (0, 2)): [1468, 756, 505, 320, 208, 75, 36, 11, 4, 2, 2, 0, 0, 1]
(1, (1, 1, 1), (1, 0)): [2487, 2258, 1418, 885, 732, 328, 153, 50, 21, 9, 2, 3, 2]
(1, (1, 1, 1), (1, 1)): [2376, 1845, 1182, 715, 558, 243, 100, 44, 20, 3, 1, 2]
(1, (1, 1, 1), (1, 2)): [1847, 1049, 731, 442, 324, 137, 53, 22, 8, 2, 1, 2, 0, 1]
(1, (1, 1, 1), (2, 0)): [645, 728, 491, 305, 271, 134, 62, 21, 4, 3, 1, 1, 1]
(1, (1, 1, 1), (2, 1)): [1036, 975, 605, 363, 288, 155, 67, 21, 10, 2, 1, 1]
(1, (1, 1, 1), (2, 2)): [1238, 840, 584, 366, 276, 119, 57, 16, 7, 3, 1, 2, 0, 1]
(1, (1, 1, 1), (3, 0)): [116, 234, 160, 119, 82, 50, 21, 8, 2, 2, 0, 0, 1]
(1, (1, 1, 1), (3, 1)): [264, 416, 280, 166, 136, 82, 25, 13, 5, 2, 0, 0, 1]
(1, (1, 1, 1), (3, 2)): [501, 488, 337, 208, 165, 79, 35, 17, 3, 1, 1, 1, 0, 1]
(2, (0, 0, 0), (0, 0)): [1213575, 56238, 18844, 5998, 2007, 642, 216, 75, 11, 7, 5, 0, 1]
(2, (0, 0, 0), (0, 1)): [122681, 5100, 1700, 507, 195, 52, 20, 9, 1]
(2, (0, 0, 0), (0, 2)): [45904, 1344, 449, 148, 62, 10, 2, 5]
(2, (0, 0, 0), (1, 0)): [121213, 6855, 2380, 738, 277, 73, 25, 8, 1, 0, 0, 0, 1]
(2, (0, 0, 0), (1, 1)): [111092, 5265, 1826, 509, 193, 61, 22, 3, 1]
(2, (0, 0, 0), (1, 2)): [72408, 2424, 861, 272, 102, 28, 11, 4]
(2, (0, 0, 0), (2, 0)): [43045, 2728, 1127, 342, 130, 31, 12, 6, 0, 0, 0, 0, 1]
(2, (0, 0, 0), (2, 1)): [62227, 3433, 1328, 363, 129, 33, 12, 5]
(2, (0, 0, 0), (2, 2)): [61876, 2597, 969, 286, 107, 30, 8, 4]
(2, (0, 0, 0), (3, 0)): [13748, 951, 507, 155, 60, 17, 6, 3, 0, 0, 0, 0, 1]
(2, (0, 0, 0), (3, 1)): [26494, 1733, 823, 253, 81, 21, 7, 4]
(2, (0, 0, 0), (3, 2)): [36309, 1975, 908, 263, 90, 24, 6, 3]
(2, (0, 0, 1), (0, 0)): [113241, 33773, 7019, 2381, 830, 293, 86, 28, 7, 2, 0, 1]
(2, (0, 0, 1), (0, 1)): [11212, 2764, 600, 198, 62, 24, 11, 4, 1]
(2, (0, 0, 1), (0, 2)): [4410, 821, 175, 55, 16, 5, 4]
(2, (0, 0, 1), (1, 0)): [13184, 3725, 934, 344, 119, 46, 12, 4, 1]
(2, (0, 0, 1), (1, 1)): [10743, 2735, 604, 227, 73, 30, 7, 3, 1]
(2, (0, 0, 1), (1, 2)): [7233, 1370, 291, 93, 37, 14, 6, 1]
(2, (0, 0, 1), (2, 0)): [5721, 1563, 462, 191, 65, 25, 7, 3, 1]
(2, (0, 0, 1), (2, 1)): [6518, 1771, 467, 185, 64, 22, 4, 3]
(2, (0, 0, 1), (2, 2)): [6657, 1367, 356, 121, 44, 19, 3, 1]
(2, (0, 0, 1), (3, 0)): [2705, 649, 228, 119, 27, 15, 6, 1, 1]
(2, (0, 0, 1), (3, 1)): [3133, 854, 253, 120, 39, 15, 5, 2]
(2, (0, 0, 1), (3, 2)): [4280, 964, 282, 124, 37, 15, 5, 1]
(2, (0, 1, 0), (0, 0)): [299557, 62754, 17311, 6092, 2029, 674, 199, 64, 15, 10, 6, 0, 1]
(2, (0, 1, 0), (0, 1)): [28540, 5035, 1358, 414, 158, 45, 17, 6, 2, 1, 1]
(2, (0, 1, 0), (0, 2)): [11109, 1482, 398, 109, 43, 9, 6, 1, 0, 1]
(2, (0, 1, 0), (1, 0)): [34380, 6812, 2321, 950, 293, 94, 34, 12, 0, 1, 0, 0, 1]
(2, (0, 1, 0), (1, 1)): [27070, 4962, 1484, 494, 175, 51, 25, 8, 2, 0, 1]
(2, (0, 1, 0), (1, 2)): [17886, 2558, 662, 238, 75, 19, 11, 4, 0, 1]
(2, (0, 1, 0), (2, 0)): [15781, 2928, 1148, 589, 187, 58, 15, 7, 0, 1, 0, 0, 1]
(2, (0, 1, 0), (2, 1)): [16393, 3130, 1061, 376, 136, 39, 16, 4, 2, 0, 1, 0, 1]
(2, (0, 1, 0), (2, 2)): [16181, 2511, 708, 280, 94, 21, 16, 6, 0, 1]
(2, (0, 1, 0), (3, 0)): [8086, 1269, 595, 421, 121, 36, 12, 7, 0, 1]
(2, (0, 1, 0), (3, 1)): [7619, 1448, 606, 287, 99, 33, 10, 3, 2, 0, 1, 0, 1]
(2, (0, 1, 0), (3, 2)): [10278, 1632, 611, 306, 93, 27, 19, 4, 0, 0, 0, 0, 1]
(2, (0, 1, 1), (0, 0)): [68660, 5833, 14690, 4085, 1621, 523, 182, 57, 21, 5, 4, 1, 0, 1]
(2, (0, 1, 1), (0, 1)): [6726, 434, 1144, 299, 105, 42, 8, 6]
(2, (0, 1, 1), (0, 2)): [2815, 156, 356, 96, 40, 10, 4, 1]
(2, (0, 1, 1), (1, 0)): [8181, 789, 1613, 569, 256, 83, 31, 7, 3, 0, 2]
(2, (0, 1, 1), (1, 1)): [6158, 418, 1094, 321, 109, 48, 11, 6, 2]
(2, (0, 1, 1), (1, 2)): [4532, 243, 601, 176, 63, 20, 5, 3]
(2, (0, 1, 1), (2, 0)): [4044, 445, 767, 314, 174, 55, 19, 5, 1, 0, 2]
(2, (0, 1, 1), (2, 1)): [3637, 283, 703, 217, 88, 36, 9, 3, 2, 0, 1]
(2, (0, 1, 1), (2, 2)): [4028, 263, 555, 177, 59, 31, 7, 3, 1]
(2, (0, 1, 1), (3, 0)): [2402, 316, 393, 186, 127, 41, 15, 4, 0, 0, 1]
(2, (0, 1, 1), (3, 1)): [1791, 145, 334, 116, 60, 22, 7, 3, 1, 0, 1]
(2, (0, 1, 1), (3, 2)): [2571, 206, 403, 138, 57, 35, 7, 5, 2]
(2, (1, 0, 0), (0, 0)): [635639, 46125, 30594, 9686, 3173, 1004, 393, 112, 21, 13, 7, 1, 1]
(2, (1, 0, 0), (0, 1)): [58329, 3563, 2409, 796, 261, 92, 39, 13, 3, 0, 0, 1]
(2, (1, 0, 0), (0, 2)): [21323, 934, 598, 217, 73, 21, 13, 1]
(2, (1, 0, 0), (1, 0)): [59281, 4998, 3502, 1166, 391, 109, 49, 13, 1, 1, 0, 0, 1]
(2, (1, 0, 0), (1, 1)): [49758, 3340, 2293, 782, 249, 79, 33, 11, 2]
(2, (1, 0, 0), (1, 2)): [31328, 1520, 1021, 379, 109, 34, 13, 2, 1]
(2, (1, 0, 0), (2, 0)): [20117, 1982, 1324, 538, 178, 52, 24, 9, 1, 1, 0, 0, 1]
(2, (1, 0, 0), (2, 1)): [26141, 2067, 1385, 512, 170, 52, 24, 8, 0, 0, 0, 0, 1]
(2, (1, 0, 0), (2, 2)): [24591, 1493, 960, 350, 126, 38, 15, 4, 1]
(2, (1, 0, 0), (3, 0)): [6006, 744, 452, 264, 82, 22, 10, 3, 0, 1]
(2, (1, 0, 0), (3, 1)): [10588, 1089, 683, 358, 93, 32, 14, 2, 0, 1, 0, 0, 1]
(2, (1, 0, 0), (3, 2)): [12954, 1148, 681, 318, 101, 41, 13, 4, 0, 1, 0, 0, 1]
(2, (1, 0, 1), (0, 0)): [111036, 26427, 10422, 6446, 2091, 706, 234, 76, 27, 8, 2, 3, 1]
(2, (1, 0, 1), (0, 1)): [11367, 2249, 847, 539, 171, 58, 15, 5, 4, 1, 1, 1]
(2, (1, 0, 1), (0, 2)): [4547, 650, 253, 145, 47, 14, 2, 1, 1]
(2, (1, 0, 1), (1, 0)): [11369, 2575, 1198, 800, 287, 86, 32, 8]
(2, (1, 0, 1), (1, 1)): [9602, 1988, 810, 531, 202, 63, 24, 5, 3, 1, 1, 1]
(2, (1, 0, 1), (1, 2)): [6428, 1023, 412, 248, 90, 27, 11, 2, 3, 0, 0, 1]
(2, (1, 0, 1), (2, 0)): [4108, 908, 497, 319, 118, 36, 12, 6]
(2, (1, 0, 1), (2, 1)): [5281, 1079, 511, 311, 135, 42, 11, 4, 0, 1]
(2, (1, 0, 1), (2, 2)): [5050, 820, 388, 215, 82, 35, 9, 2, 3, 0, 0, 1]
(2, (1, 0, 1), (3, 0)): [1387, 283, 207, 123, 49, 16, 7, 2]
(2, (1, 0, 1), (3, 1)): [2242, 433, 253, 160, 91, 20, 8, 2, 0, 1]
(2, (1, 0, 1), (3, 2)): [2785, 446, 293, 158, 78, 31, 6, 1, 3]
(2, (1, 1, 0), (0, 0)): [250374, 38198, 19138, 13190, 4308, 1369, 469, 155, 47, 23, 8, 2, 2, 1]
(2, (1, 1, 0), (0, 1)): [24682, 3205, 1496, 1091, 328, 93, 36, 20, 2, 2, 0, 1, 1]
(2, (1, 1, 0), (0, 2)): [10003, 938, 441, 310, 93, 25, 9, 8, 2]
(2, (1, 1, 0), (1, 0)): [23653, 3660, 2063, 1494, 544, 158, 71, 12, 3, 2, 1]
(2, (1, 1, 0), (1, 1)): [21040, 2859, 1470, 1078, 312, 99, 40, 13, 2, 3, 0, 1, 1]
(2, (1, 1, 0), (1, 2)): [14738, 1469, 754, 515, 157, 50, 15, 11, 2]
(2, (1, 1, 0), (2, 0)): [8088, 1315, 831, 575, 285, 84, 36, 5, 0, 1]
(2, (1, 1, 0), (2, 1)): [11120, 1563, 958, 652, 233, 60, 33, 7, 1, 2, 0, 0, 1]
(2, (1, 1, 0), (2, 2)): [11603, 1259, 714, 513, 179, 47, 26, 10, 3, 1]
(2, (1, 1, 0), (3, 0)): [2599, 429, 333, 195, 152, 51, 17, 1]
(2, (1, 1, 0), (3, 1)): [4661, 680, 546, 302, 171, 47, 25, 2, 0, 0, 0, 0, 1]
(2, (1, 1, 0), (3, 2)): [6460, 739, 573, 359, 189, 42, 22, 5, 2]
(2, (1, 1, 1), (0, 0)): [72825, 10613, 12204, 6015, 4466, 1407, 479, 160, 52, 10, 9, 3, 1, 1]
(2, (1, 1, 1), (0, 1)): [8038, 865, 1056, 554, 391, 102, 42, 10, 3, 0, 2, 0, 1]
(2, (1, 1, 1), (0, 2)): [3484, 273, 310, 153, 100, 31, 11, 4, 1, 0, 1]
(2, (1, 1, 1), (1, 0)): [6407, 1458, 1229, 672, 527, 185, 59, 16, 6, 1, 1, 2]
(2, (1, 1, 1), (1, 1)): [6401, 913, 980, 540, 395, 123, 43, 10, 3, 0, 1, 0, 1]
(2, (1, 1, 1), (1, 2)): [4857, 471, 509, 255, 187, 65, 17, 7, 1, 0, 1]
(2, (1, 1, 1), (2, 0)): [1795, 851, 425, 276, 218, 80, 23, 6, 3, 1, 0, 2]
(2, (1, 1, 1), (2, 1)): [2938, 777, 560, 326, 250, 85, 32, 3, 1, 0, 0, 0, 1]
(2, (1, 1, 1), (2, 2)): [3443, 551, 443, 259, 184, 67, 23, 6, 1, 0, 1]
(2, (1, 1, 1), (3, 0)): [302, 519, 123, 133, 69, 43, 12, 4, 2, 1, 0, 1]
(2, (1, 1, 1), (3, 1)): [846, 642, 227, 201, 137, 49, 19, 3, 0, 1, 0, 1]
(2, (1, 1, 1), (3, 2)): [1445, 633, 276, 236, 158, 53, 26, 4, 1, 0, 1]
