(0, (0, 0, 0), (0, 0)): [781194, 157651, 74440, 34035, 15475, 6789, 2798, 1178, 494, 228, 97, 48, 23, 6, 3, 1, 0, 1]
(0, (0, 0, 0), (0, 1)): [18168, 3294, 1573, 693, 312, 131, 45, 27, 6, 5, 1, 0, 2, 1, 0, 1]
(0, (0, 0, 0), (0, 2)): [6633, 1050, 487, 226, 101, 29, 16, 12, 2, 1, 0, 0, 1]
(0, (0, 0, 0), (1, 0)): [16620, 3548, 1810, 796, 409, 171, 79, 29, 11, 5, 2]
(0, (0, 0, 0), (1, 1)): [15343, 2935, 1467, 658, 312, 127, 43, 23, 6, 3, 2, 0, 1, 1, 0, 1]
(0, (0, 0, 0), (1, 2)): [9896, 1671, 779, 341, 176, 66, 20, 12, 5, 2, 0, 0, 2]
(0, (0, 0, 0), (2, 0)): [5479, 1300, 703, 343, 167, 81, 38, 13, 4, 2, 1]
(0, (0, 0, 0), (2, 1)): [8192, 1709, 920, 436, 204, 86, 35, 20, 3, 1, 1, 0, 0, 1]
(0, (0, 0, 0), (2, 2)): [7848, 1443, 719, 329, 164, 71, 19, 12, 3, 3, 1, 0, 2]
(0, (0, 0, 0), (3, 0)): [1789, 447, 294, 157, 71, 43, 18, 5, 3, 0, 1]
(0, (0, 0, 0), (3, 1)): [3271, 793, 508, 259, 106, 52, 21, 12, 4]
(0, (0, 0, 0), (3, 2)): [4460, 938, 593, 274, 129, 52, 15, 9, 5, 2, 0, 0, 2]
(0, (0, 0, 1), (0, 0)): [3312, 10384, 2880, 1358, 681, 312, 132, 71, 29, 17, 4, 1, 3, 1]
(0, (0, 0, 1), (0, 1)): [71, 182, 58, 19, 15, 6, 3, 1, 0, 1, 0, 0, 0, 1]
(0, (0, 0, 1), (0, 2)): [28, 72, 16, 6, 5, 1]
(0, (0, 0, 1), (1, 0)): [68, 174, 46, 28, 17, 9, 1, 2, 1]
(0, (0, 0, 1), (1, 1)): [60, 128, 46, 16, 17, 6, 2, 1, 0, 1, 0, 0, 0, 1]
(0, (0, 0, 1), (1, 2)): [41, 96, 25, 9, 9, 0, 1, 1, 0, 1]
(0, (0, 0, 1), (2, 0)): [30, 81, 20, 15, 5, 6, 1, 1, 1]
(0, (0, 0, 1), (2, 1)): [35, 78, 26, 15, 11, 5]
(0, (0, 0, 1), (2, 2)): [39, 74, 22, 7, 9, 1]
(0, (0, 0, 1), (3, 1)): [14, 33, 11, 7, 7, 4, 0, 1]
(0, (0, 0, 1), (3, 2)): [21, 40, 10, 5, 8, 4, 0, 1]
(0, (0, 1, 0), (0, 0)): [25408, 24662, 9701, 4595, 2294, 1018, 414, 184, 82, 47, 15, 5, 3, 0, 1]
(0, (0, 1, 0), (0, 1)): [564, 463, 171, 85, 31, 21, 7, 5, 1]
(0, (0, 1, 0), (0, 2)): [214, 139, 57, 24, 5, 9, 2, 0, 1]
(0, (0, 1, 0), (1, 0)): [529, 460, 195, 106, 50, 27, 9, 2, 1]
(0, (0, 1, 0), (1, 1)): [462, 384, 158, 80, 31, 15, 7, 5]
(0, (0, 1, 0), (1, 2)): [304, 234, 88, 47, 17, 10, 3, 2, 1]
(0, (0, 1, 0), (2, 0)): [181, 162, 65, 41, 21, 17, 3, 0, 1]
(0, (0, 1, 0), (2, 1)): [223, 200, 83, 49, 13, 17, 5, 3]
(0, (0, 1, 0), (2, 2)): [235, 174, 77, 43, 13, 7, 5, 1, 1]
(0, (0, 1, 0), (3, 0)): [69, 58, 30, 23, 14, 5, 1, 0, 1]
(0, (0, 1, 0), (3, 1)): [91, 82, 44, 25, 15, 9, 2, 1]
(0, (0, 1, 0), (3, 2)): [142, 106, 60, 31, 16, 6, 5]
(0, (0, 1, 1), (0, 0)): [2293, 3941, 4985, 2266, 1243, 570, 246, 118, 55, 24, 8, 6, 0, 2, 1, 0, 0, 1]
(0, (0, 1, 1), (0, 1)): [46, 59, 89, 38, 20, 7, 5, 3, 1]
(0, (0, 1, 1), (0, 2)): [25, 23, 33, 15, 10, 4, 3, 2]
(0, (0, 1, 1), (1, 0)): [54, 96, 117, 60, 40, 16, 8, 5, 4, 0, 0, 1]
(0, (0, 1, 1), (1, 1)): [34, 57, 76, 35, 20, 5, 3, 2, 2]
(0, (0, 1, 1), (1, 2)): [27, 29, 42, 18, 14, 5, 3, 2, 1]
(0, (0, 1, 1), (2, 0)): [33, 55, 60, 32, 23, 11, 4, 4, 3, 0, 0, 1]
(0, (0, 1, 1), (2, 1)): [25, 39, 53, 26, 12, 4, 2, 4, 3]
(0, (0, 1, 1), (2, 2)): [31, 32, 40, 16, 8, 4, 2, 2, 2]
(0, (0, 1, 1), (3, 0)): [19, 35, 30, 22, 17, 10, 2, 1, 0, 0, 0, 1]
(0, (0, 1, 1), (3, 1)): [10, 21, 20, 13, 9, 1, 0, 1, 2]
(0, (0, 1, 1), (3, 2)): [14, 18, 29, 15, 7, 3, 2, 3, 3]
(0, (1, 0, 0), (0, 0)): [171684, 57747, 37058, 18354, 8896, 4078, 1716, 749, 326, 145, 66, 31, 14, 4, 2, 1, 0, 1]
(0, (1, 0, 0), (0, 1)): [3820, 1017, 753, 346, 190, 83, 30, 14, 6]
(0, (1, 0, 0), (0, 2)): [1453, 296, 244, 95, 52, 20, 12, 2, 5]
(0, (1, 0, 0), (1, 0)): [3276, 1073, 799, 376, 193, 75, 41, 18, 7, 6, 2]
(0, (1, 0, 0), (1, 1)): [2813, 837, 628, 287, 153, 55, 23, 14, 5, 4]
(0, (1, 0, 0), (1, 2)): [1793, 443, 350, 141, 77, 26, 15, 7, 3, 2]
(0, (1, 0, 0), (2, 0)): [1031, 365, 258, 146, 77, 31, 12, 9, 3, 2, 2]
(0, (1, 0, 0), (2, 1)): [1372, 425, 321, 170, 89, 36, 13, 6, 4, 3]
(0, (1, 0, 0), (2, 2)): [1266, 339, 265, 121, 67, 21, 12, 7, 3, 3]
(0, (1, 0, 0), (3, 0)): [300, 131, 100, 65, 39, 10, 3, 5, 0, 1, 1]
(0, (1, 0, 0), (3, 1)): [519, 187, 140, 85, 56, 16, 4, 2, 3, 1, 1]
(0, (1, 0, 0), (3, 2)): [647, 210, 156, 82, 60, 16, 5, 5, 2, 3]
(0, (1, 0, 1), (0, 0)): [3850, 12511, 5131, 3520, 1893, 893, 428, 184, 82, 37, 17, 10, 4, 0, 1, 0, 0, 1]
(0, (1, 0, 1), (0, 1)): [82, 223, 92, 63, 28, 13, 10, 2, 1, 0, 0, 0, 1]
(0, (1, 0, 1), (0, 2)): [30, 82, 23, 23, 11, 7, 5, 0, 1]
(0, (1, 0, 1), (1, 0)): [72, 249, 93, 71, 37, 19, 2, 4, 4, 1, 1]
(0, (1, 0, 1), (1, 1)): [69, 181, 65, 49, 25, 13, 5, 1, 2, 0, 1]
(0, (1, 0, 1), (1, 2)): [53, 97, 33, 27, 14, 9, 3, 1, 2]
(0, (1, 0, 1), (2, 0)): [25, 89, 40, 25, 15, 10, 0, 3, 1, 1]
(0, (1, 0, 1), (2, 1)): [23, 113, 39, 29, 18, 9, 1, 0, 2, 0, 1]
(0, (1, 0, 1), (2, 2)): [43, 90, 29, 19, 13, 5, 2, 1, 1, 0, 1]
(0, (1, 0, 1), (3, 2)): [14, 44, 24, 10, 10, 4, 1, 0, 1, 0, 1]
(0, (1, 1, 0), (0, 0)): [23471, 15197, 11921, 8348, 4545, 2160, 948, 464, 189, 80, 40, 18, 6, 1]
(0, (1, 1, 0), (0, 1)): [546, 297, 212, 157, 85, 38, 12, 10, 2, 0, 1]
(0, (1, 1, 0), (0, 2)): [212, 104, 70, 50, 32, 12, 6, 6]
(0, (1, 1, 0), (1, 0)): [430, 268, 221, 159, 83, 48, 17, 11, 1, 3]
(0, (1, 1, 0), (1, 1)): [366, 207, 162, 116, 53, 31, 12, 8, 2, 1, 1]
(0, (1, 1, 0), (1, 2)): [251, 114, 90, 65, 35, 14, 4, 9, 1, 1]
(0, (1, 1, 0), (2, 0)): [118, 85, 70, 59, 33, 20, 4, 5, 1, 1]
(0, (1, 1, 0), (2, 1)): [172, 109, 75, 64, 33, 19, 8, 5, 1, 1]
(0, (1, 1, 0), (2, 2)): [171, 93, 69, 47, 23, 14, 2, 7, 1, 2]
(0, (1, 1, 0), (3, 1)): [65, 41, 39, 37, 17, 11, 7, 2, 2]
(0, (1, 1, 0), (3, 2)): [98, 51, 43, 36, 15, 10, 1, 4, 1]
(0, (1, 1, 1), (0, 0)): [2404, 4415, 3704, 2884, 2296, 1130, 544, 281, 118, 52, 30, 12, 1, 1, 1]
(0, (1, 1, 1), (0, 1)): [70, 89, 81, 55, 38, 20, 8, 5, 5, 2, 1, 1]
(0, (1, 1, 1), (0, 2)): [33, 38, 25, 17, 18, 5, 2, 1, 3, 0, 0, 1]
(0, (1, 1, 1), (1, 0)): [45, 98, 98, 66, 63, 30, 9, 10, 2, 0, 1]
(0, (1, 1, 1), (1, 1)): [49, 73, 80, 53, 31, 20, 9, 7, 1, 1, 1]
(0, (1, 1, 1), (1, 2)): [44, 49, 39, 19, 15, 10, 3, 2, 4, 0, 0, 1]
(0, (1, 1, 1), (2, 0)): [12, 39, 26, 29, 32, 10, 2, 4, 1, 0, 1]
(0, (1, 1, 1), (2, 1)): [25, 35, 35, 31, 26, 13, 3, 4, 1]
(0, (1, 1, 1), (2, 2)): [24, 32, 31, 24, 14, 9, 3, 3, 1, 0, 0, 1]
(0, (1, 1, 1), (3, 0)): [2, 13, 12, 14, 11, 2, 1, 2, 0, 0, 1]
(0, (1, 1, 1), (3, 2)): [8, 11, 19, 21, 10, 6, 3, 0, 1, 0, 0, 1]
(1, (0, 0, 0), (0, 0)): [625281, 68592, 28695, 11402, 4586, 1760, 680, 258, 102, 42, 20, 11, 5, 2, 0, 1]
(1, (0, 0, 0), (0, 1)): [14702, 1477, 636, 239, 94, 23, 11, 8, 1, 0, 0, 0, 0, 1]
(1, (0, 0, 0), (0, 2)): [5394, 432, 180, 68, 26, 6, 1, 2]
(1, (0, 0, 0), (1, 0)): [13975, 1729, 761, 273, 129, 48, 19, 7, 0, 1, 0, 0, 0, 0, 0, 1]
(1, (0, 0, 0), (1, 1)): [12673, 1390, 577, 207, 95, 36, 16, 5, 1, 1, 0, 0, 0, 1]
(1, (0, 0, 0), (1, 2)): [7989, 697, 280, 120, 55, 22, 7, 2]
(1, (0, 0, 0), (2, 0)): [4800, 655, 341, 114, 52, 20, 7, 4, 0, 0, 0, 0, 0, 0, 0, 1]
(1, (0, 0, 0), (2, 1)): [6998, 858, 379, 135, 61, 20, 9, 5, 0, 1]
(1, (0, 0, 0), (2, 2)): [6634, 641, 289, 112, 49, 27, 10, 3]
(1, (0, 0, 0), (3, 0)): [1528, 230, 160, 50, 26, 8, 4, 0, 0, 0, 0, 0, 0, 0, 0, 1]
(1, (0, 0, 0), (3, 1)): [2900, 451, 242, 82, 46, 7, 2, 3]
(1, (0, 0, 0), (3, 2)): [3772, 462, 248, 83, 45, 18, 9, 3]
(1, (0, 0, 1), (0, 0)): [17542, 26325, 5209, 2190, 926, 407, 156, 66, 31, 11, 6, 4, 3, 1]
(1, (0, 0, 1), (0, 1)): [359, 397, 85, 27, 15, 7, 5]
(1, (0, 0, 1), (0, 2)): [150, 127, 25, 6, 2, 1, 3]
(1, (0, 0, 1), (1, 0)): [360, 518, 99, 52, 25, 12, 5, 2, 1]
(1, (0, 0, 1), (1, 1)): [315, 380, 70, 31, 18, 6, 2, 2]
(1, (0, 0, 1), (1, 2)): [234, 205, 29, 14, 11, 2, 2]
(1, (0, 0, 1), (2, 0)): [154, 206, 42, 25, 12, 7, 5, 0, 1]
(1, (0, 0, 1), (2, 1)): [149, 224, 33, 17, 8, 7, 5, 2]
(1, (0, 0, 1), (2, 2)): [158, 170, 27, 13, 6, 2, 1]
(1, (0, 0, 1), (3, 0)): [67, 84, 24, 17, 8, 3, 2, 0, 1]
(1, (0, 0, 1), (3, 1)): [83, 110, 14, 12, 4, 3, 3, 2]
(1, (0, 0, 1), (3, 2)): [95, 101, 20, 11, 5, 2, 3]
(1, (0, 1, 0), (0, 0)): [84490, 39626, 14144, 5962, 2465, 973, 336, 162, 44, 28, 14, 7, 5, 1, 1]
(1, (0, 1, 0), (0, 1)): [1624, 647, 246, 101, 30, 13, 7, 3, 1]
(1, (0, 1, 0), (0, 2)): [629, 228, 72, 21, 8, 6, 3]
(1, (0, 1, 0), (1, 0)): [1934, 879, 313, 189, 85, 26, 11, 4, 0, 0, 1, 0, 0, 1]
(1, (0, 1, 0), (1, 1)): [1441, 557, 227, 107, 39, 13, 7, 4, 1, 0, 0, 0, 0, 1]
(1, (0, 1, 0), (1, 2)): [929, 328, 126, 42, 15, 6, 5, 2]
(1, (0, 1, 0), (2, 0)): [830, 380, 141, 100, 43, 15, 7, 3, 0, 0, 1]
(1, (0, 1, 0), (2, 1)): [771, 328, 120, 71, 30, 11, 6, 3, 0, 0, 1, 0, 0, 1]
(1, (0, 1, 0), (2, 2)): [725, 292, 110, 40, 22, 5, 3, 1]
(1, (0, 1, 0), (3, 0)): [439, 185, 59, 72, 31, 8, 4, 2]
(1, (0, 1, 0), (3, 1)): [375, 149, 55, 43, 20, 7, 3, 1, 0, 0, 0, 0, 0, 1]
(1, (0, 1, 0), (3, 2)): [411, 160, 72, 41, 22, 1, 4, 1, 0, 0, 0, 0, 0, 1]
(1, (0, 1, 1), (0, 0)): [14318, 11960, 11404, 4502, 2309, 923, 363, 151, 76, 19, 8, 4, 1, 2, 0, 1]
(1, (0, 1, 1), (0, 1)): [234, 166, 145, 51, 24, 14, 5, 2]
(1, (0, 1, 1), (0, 2)): [115, 51, 46, 16, 7, 3, 1]
(1, (0, 1, 1), (1, 0)): [422, 310, 229, 114, 81, 28, 12, 8, 3, 1]
(1, (0, 1, 1), (1, 1)): [197, 145, 137, 49, 24, 6, 5, 2]
(1, (0, 1, 1), (1, 2)): [150, 77, 76, 32, 9, 4, 1]
(1, (0, 1, 1), (2, 0)): [279, 204, 127, 76, 63, 26, 10, 7, 3, 1]
(1, (0, 1, 1), (2, 1)): [116, 95, 69, 30, 13, 8, 6, 1]
(1, (0, 1, 1), (2, 2)): [113, 76, 68, 27, 15, 2, 1, 1]
(1, (0, 1, 1), (3, 0)): [228, 160, 103, 58, 56, 22, 7, 7, 3, 1]
(1, (0, 1, 1), (3, 1)): [59, 43, 29, 15, 5, 6, 5]
(1, (0, 1, 1), (3, 2)): [69, 54, 36, 13, 9, 3, 1]
(1, (1, 0, 0), (0, 0)): [249264, 45092, 28651, 12439, 5115, 2065, 804, 291, 134, 60, 21, 15, 4, 2, 0, 2]
(1, (1, 0, 0), (0, 1)): [5491, 763, 586, 232, 98, 33, 15, 3, 1, 2]
(1, (1, 0, 0), (0, 2)): [1966, 246, 204, 63, 28, 10, 6, 1, 0, 2]
(1, (1, 0, 0), (1, 0)): [5188, 920, 662, 309, 131, 46, 23, 9, 1, 2, 0, 0, 1, 0, 0, 1]
(1, (1, 0, 0), (1, 1)): [4416, 644, 496, 197, 82, 30, 12, 6, 1, 0, 0, 0, 0, 0, 0, 1]
(1, (1, 0, 0), (1, 2)): [2735, 338, 281, 87, 45, 15, 5, 4, 0, 1]
(1, (1, 0, 0), (2, 0)): [1671, 328, 250, 144, 56, 23, 10, 0, 1, 2, 0, 0, 1]
(1, (1, 0, 0), (2, 1)): [2236, 382, 308, 139, 55, 18, 9, 2, 2, 0, 0, 0, 0, 0, 0, 1]
(1, (1, 0, 0), (2, 2)): [2030, 286, 250, 96, 40, 12, 5, 3, 1, 1]
(1, (1, 0, 0), (3, 0)): [510, 110, 78, 61, 25, 10, 4, 0, 0, 2, 0, 0, 1]
(1, (1, 0, 0), (3, 1)): [854, 198, 138, 83, 30, 12, 6, 1, 0, 1, 0, 0, 0, 0, 0, 1]
(1, (1, 0, 0), (3, 2)): [1064, 206, 146, 75, 28, 13, 5, 1, 1, 1, 0, 0, 0, 0, 0, 1]
(1, (1, 0, 1), (0, 0)): [19316, 24147, 7901, 5161, 2244, 951, 360, 144, 55, 42, 12, 3, 0, 1]
(1, (1, 0, 1), (0, 1)): [434, 383, 116, 93, 45, 16, 9, 1, 3, 2]
(1, (1, 0, 1), (0, 2)): [195, 115, 40, 29, 8, 6, 4, 0, 0, 1]
(1, (1, 0, 1), (1, 0)): [417, 482, 142, 106, 58, 16, 4, 1, 0, 2]
(1, (1, 0, 1), (1, 1)): [331, 318, 96, 80, 44, 6, 6, 1, 2]
(1, (1, 0, 1), (1, 2)): [256, 164, 55, 46, 18, 5, 5, 1, 0, 1]
(1, (1, 0, 1), (2, 0)): [163, 167, 48, 30, 23, 9, 1, 0, 0, 1]
(1, (1, 0, 1), (2, 1)): [155, 167, 51, 43, 26, 6, 4, 0, 2]
(1, (1, 0, 1), (2, 2)): [165, 129, 47, 25, 17, 3, 5, 0, 1]
(1, (1, 0, 1), (3, 0)): [63, 69, 16, 11, 10, 5, 0, 0, 0, 1]
(1, (1, 0, 1), (3, 1)): [67, 77, 17, 21, 18, 6]
(1, (1, 0, 1), (3, 2)): [83, 74, 28, 19, 18, 6, 3, 0, 1]
(1, (1, 1, 0), (0, 0)): [67547, 21290, 14853, 10263, 4482, 1916, 746, 302, 123, 55, 19, 10, 6, 4, 1]
(1, (1, 1, 0), (0, 1)): [1507, 392, 257, 199, 83, 32, 18, 5, 1]
(1, (1, 1, 0), (0, 2)): [598, 158, 84, 69, 24, 8, 4]
(1, (1, 1, 0), (1, 0)): [1366, 464, 325, 250, 110, 40, 17, 7, 1, 2, 0, 0, 2, 1]
(1, (1, 1, 0), (1, 1)): [1148, 317, 230, 168, 76, 30, 17, 6, 0, 2]
(1, (1, 1, 0), (1, 2)): [825, 199, 129, 100, 40, 14, 8, 1]
(1, (1, 1, 0), (2, 0)): [465, 162, 114, 96, 41, 15, 3, 2, 1, 0, 0, 0, 2, 1]
(1, (1, 1, 0), (2, 1)): [567, 192, 136, 101, 39, 18, 8, 3, 0, 1, 0, 0, 1]
(1, (1, 1, 0), (2, 2)): [592, 154, 89, 73, 38, 12, 4, 1]
(1, (1, 1, 0), (3, 0)): [128, 59, 37, 30, 24, 10, 1, 2, 1, 0, 0, 0, 1]
(1, (1, 1, 0), (3, 1)): [239, 93, 69, 52, 26, 10, 7, 3, 0, 1, 0, 0, 1]
(1, (1, 1, 0), (3, 2)): [320, 95, 68, 44, 30, 13, 7, 4, 0, 1, 0, 0, 1]
(1, (1, 1, 1), (0, 0)): [14000, 11243, 7260, 4914, 3600, 1552, 637, 240, 103, 40, 15, 11, 6, 2, 1, 1]
(1, (1, 1, 1), (0, 1)): [372, 229, 152, 96, 80, 29, 14, 5, 3]
(1, (1, 1, 1), (0, 2)): [191, 80, 54, 31, 30, 8, 7]
(1, (1, 1, 1), (1, 0)): [314, 235, 160, 108, 86, 38, 17, 6, 2, 2, 0, 1, 1]
(1, (1, 1, 1), (1, 1)): [261, 162, 123, 86, 71, 29, 7, 5, 1]
(1, (1, 1, 1), (1, 2)): [210, 80, 77, 48, 35, 22, 8, 1]
(1, (1, 1, 1), (2, 0)): [93, 97, 66, 42, 27, 18, 10, 3, 1, 1, 0, 1, 1]
(1, (1, 1, 1), (2, 1)): [131, 114, 74, 52, 44, 13, 8, 4, 1, 1, 0, 1]
(1, (1, 1, 1), (2, 2)): [141, 78, 62, 55, 36, 15, 7, 2]
(1, (1, 1, 1), (3, 0)): [18, 34, 18, 19, 8, 11, 4, 0, 1, 0, 0, 0, 1]
(1, (1, 1, 1), (3, 1)): [36, 60, 25, 25, 18, 10, 5, 3, 0, 0, 0, 0, 1]
(1, (1, 1, 1), (3, 2)): [74, 50, 33, 35, 22, 13, 3, 2]
(2, (0, 0, 0), (0, 0)): [538909, 24251, 8395, 2620, 939, 314, 115, 38, 8, 3, 4, 0, 1]
(2, (0, 0, 0), (0, 1)): [12745, 528, 191, 46, 29, 6, 5, 1]
(2, (0, 0, 0), (0, 2)): [4517, 138, 41, 14, 6, 1, 1, 1]
(2, (0, 0, 0), (1, 0)): [12712, 720, 243, 72, 33, 10, 3, 0, 0, 0, 0, 0, 1]
(2, (0, 0, 0), (1, 1)): [11304, 556, 200, 40, 29, 5, 6]
(2, (0, 0, 0), (1, 2)): [7005, 249, 88, 21, 12, 3, 3]
(2, (0, 0, 0), (2, 0)): [4557, 262, 112, 44, 16, 6, 1, 0, 0, 0, 0, 0, 1]
(2, (0, 0, 0), (2, 1)): [6509, 331, 123, 41, 10, 4, 3]
(2, (0, 0, 0), (2, 2)): [5860, 256, 95, 27, 11, 4, 1]
(2, (0, 0, 0), (3, 0)): [1550, 106, 64, 23, 12, 3, 1, 0, 0, 0, 0, 0, 1]
(2, (0, 0, 0), (3, 1)): [2936, 160, 82, 29, 11, 5, 2]
(2, (0, 0, 0), (3, 2)): [3705, 194, 96, 25, 7, 4]
(2, (0, 0, 1), (0, 0)): [52184, 16830, 3187, 1096, 394, 152, 44, 13, 2, 2, 0, 1]
(2, (0, 0, 1), (0, 1)): [1013, 293, 63, 22, 9, 3, 1]
(2, (0, 0, 1), (0, 2)): [396, 76, 24, 4, 1, 1]
(2, (0, 0, 1), (1, 0)): [1170, 350, 78, 30, 9, 3, 0, 1]
(2, (0, 0, 1), (1, 1)): [958, 240, 52, 19, 8, 1, 1]
(2, (0, 0, 1), (1, 2)): [633, 122, 27, 9, 2, 1, 1]
(2, (0, 0, 1), (2, 0)): [478, 148, 37, 20, 6, 3, 0, 1]
(2, (0, 0, 1), (2, 1)): [550, 129, 40, 15, 9, 1, 0, 1]
(2, (0, 0, 1), (2, 2)): [516, 99, 32, 6, 3, 2, 1]
(2, (0, 0, 1), (3, 0)): [239, 64, 20, 13, 2, 2]
(2, (0, 0, 1), (3, 1)): [274, 66, 19, 13, 6]
(2, (0, 0, 1), (3, 2)): [320, 67, 24, 8, 2, 1]
(2, (0, 1, 0), (0, 0)): [136286, 30530, 7885, 2772, 915, 311, 96, 22, 6, 2, 2, 0, 1]
(2, (0, 1, 0), (0, 1)): [2624, 469, 127, 48, 14, 1, 1]
(2, (0, 1, 0), (0, 2)): [987, 132, 32, 11, 4]
(2, (0, 1, 0), (1, 0)): [3440, 600, 255, 97, 24, 15, 5, 1, 0, 0, 0, 0, 1]
(2, (0, 1, 0), (1, 1)): [2432, 427, 152, 48, 13, 4, 3, 1]
(2, (0, 1, 0), (1, 2)): [1505, 214, 58, 31, 4]
(2, (0, 1, 0), (2, 0)): [1609, 257, 127, 67, 18, 10, 3, 0, 0, 0, 0, 0, 1]
(2, (0, 1, 0), (2, 1)): [1483, 278, 95, 33, 10, 7, 3, 1, 0, 0, 0, 0, 1]
(2, (0, 1, 0), (2, 2)): [1339, 200, 59, 34, 5, 3, 0, 1]
(2, (0, 1, 0), (3, 0)): [893, 118, 73, 47, 13, 4, 2]
(2, (0, 1, 0), (3, 1)): [694, 127, 60, 22, 11, 4, 3, 0, 0, 0, 0, 0, 1]
(2, (0, 1, 0), (3, 2)): [863, 140, 56, 28, 6, 4, 1, 0, 0, 0, 0, 0, 1]
(2, (0, 1, 1), (0, 0)): [32554, 2892, 7571, 2007, 788, 260, 97, 33, 11, 4, 3, 1, 0, 1]
(2, (0, 1, 1), (0, 1)): [573, 47, 103, 23, 7, 3, 1, 3]
(2, (0, 1, 1), (0, 2)): [238, 18, 33, 8, 4, 1, 1]
(2, (0, 1, 1), (1, 0)): [792, 86, 163, 57, 25, 6, 4, 0, 0, 0, 1]
(2, (0, 1, 1), (1, 1)): [522, 41, 96, 24, 6, 3, 1, 2]
(2, (0, 1, 1), (1, 2)): [344, 22, 49, 10, 4, 1, 2, 1]
(2, (0, 1, 1), (2, 0)): [407, 51, 81, 36, 19, 5, 1, 0, 0, 0, 1]
(2, (0, 1, 1), (2, 1)): [283, 28, 69, 16, 5, 4]
(2, (0, 1, 1), (2, 2)): [288, 27, 52, 13, 2, 4, 1, 1]
(2, (0, 1, 1), (3, 0)): [287, 38, 46, 22, 17, 4, 1, 0, 0, 0, 1]
(2, (0, 1, 1), (3, 1)): [150, 14, 33, 10, 4, 1]
(2, (0, 1, 1), (3, 2)): [198, 23, 42, 9, 4, 4, 0, 1]
(2, (1, 0, 0), (0, 0)): [304648, 22651, 14203, 4492, 1520, 469, 199, 58, 14, 8, 5, 0, 1]
(2, (1, 0, 0), (0, 1)): [6309, 334, 276, 70, 32, 7, 6, 1]
(2, (1, 0, 0), (0, 2)): [2265, 93, 72, 15, 11, 1, 1]
(2, (1, 0, 0), (1, 0)): [6478, 523, 386, 146, 42, 10, 6, 1, 0, 0, 0, 0, 1]
(2, (1, 0, 0), (1, 1)): [5184, 321, 266, 82, 25, 3, 4]
(2, (1, 0, 0), (1, 2)): [3219, 153, 113, 43, 12, 2]
(2, (1, 0, 0), (2, 0)): [2186, 204, 136, 72, 18, 4, 3, 0, 0, 0, 0, 0, 1]
(2, (1, 0, 0), (2, 1)): [2648, 171, 145, 51, 21, 5, 2, 0, 0, 0, 0, 0, 1]
(2, (1, 0, 0), (2, 2)): [2439, 143, 112, 38, 14, 4, 1]
(2, (1, 0, 0), (3, 0)): [704, 94, 41, 42, 5, 1, 2]
(2, (1, 0, 0), (3, 1)): [1131, 117, 71, 41, 9, 3, 2, 0, 0, 0, 0, 0, 1]
(2, (1, 0, 0), (3, 2)): [1354, 114, 75, 34, 9, 6, 1, 0, 0, 0, 0, 0, 1]
(2, (1, 0, 1), (0, 0)): [49803, 12801, 5236, 2994, 975, 334, 123, 40, 15, 4, 0, 2, 1]
(2, (1, 0, 1), (0, 1)): [1065, 219, 94, 60, 21, 2, 2, 1, 0, 0, 0, 1]
(2, (1, 0, 1), (0, 2)): [416, 62, 28, 14, 9]
(2, (1, 0, 1), (1, 0)): [984, 225, 109, 73, 28, 10, 3]
(2, (1, 0, 1), (1, 1)): [813, 173, 68, 55, 16, 4, 4, 1, 0, 0, 0, 1]
(2, (1, 0, 1), (1, 2)): [543, 76, 32, 21, 9, 2, 1, 1, 0, 0, 0, 1]
(2, (1, 0, 1), (2, 0)): [344, 77, 57, 26, 10, 4, 1]
(2, (1, 0, 1), (2, 1)): [440, 106, 34, 30, 14, 3]
(2, (1, 0, 1), (2, 2)): [384, 62, 23, 17, 10, 3, 1, 1, 0, 0, 0, 1]
(2, (1, 0, 1), (3, 0)): [128, 23, 28, 12, 6, 1, 1]
(2, (1, 0, 1), (3, 1)): [205, 40, 25, 16, 6, 1, 1]
(2, (1, 0, 1), (3, 2)): [231, 45, 24, 10, 8, 3, 1, 1]
(2, (1, 1, 0), (0, 0)): [116967, 18499, 9512, 6105, 1993, 674, 209, 75, 27, 12, 6, 1, 2, 1]
(2, (1, 1, 0), (0, 1)): [2570, 353, 162, 112, 34, 6, 4, 2, 0, 0, 0, 0, 1]
(2, (1, 1, 0), (0, 2)): [1018, 111, 47, 26, 8, 1, 1]
(2, (1, 1, 0), (1, 0)): [2477, 370, 211, 172, 52, 19, 6, 2, 1, 1]
(2, (1, 1, 0), (1, 1)): [2058, 281, 141, 112, 28, 6, 2, 2, 1, 1, 0, 0, 1]
(2, (1, 1, 0), (1, 2)): [1401, 162, 75, 46, 12, 3, 2, 1]
(2, (1, 1, 0), (2, 0)): [868, 141, 94, 73, 27, 12, 3, 1]
(2, (1, 1, 0), (2, 1)): [1121, 140, 96, 73, 22, 10, 2, 1, 1, 1, 0, 0, 1]
(2, (1, 1, 0), (2, 2)): [1057, 130, 64, 58, 13, 4, 3, 1, 1]
(2, (1, 1, 0), (3, 0)): [311, 55, 39, 29, 13, 5, 1]
(2, (1, 1, 0), (3, 1)): [481, 73, 59, 39, 11, 8, 2, 1, 0, 0, 0, 0, 1]
(2, (1, 1, 0), (3, 2)): [590, 77, 52, 38, 13, 3, 2, 1, 1]
(2, (1, 1, 1), (0, 0)): [34142, 5121, 5768, 2968, 2079, 698, 225, 85, 33, 6, 5, 0, 1, 1]
(2, (1, 1, 1), (0, 1)): [878, 80, 123, 61, 42, 7, 5, 2, 1, 0, 0, 0, 1]
(2, (1, 1, 1), (0, 2)): [397, 21, 28, 16, 12, 2, 1, 0, 1]
(2, (1, 1, 1), (1, 0)): [687, 197, 126, 82, 52, 22, 6, 1, 1, 0, 1]
(2, (1, 1, 1), (1, 1)): [656, 93, 110, 57, 37, 5, 3, 0, 0, 0, 1, 0, 1]
(2, (1, 1, 1), (1, 2)): [494, 41, 45, 24, 15, 4, 2, 0, 0, 0, 1]
(2, (1, 1, 1), (2, 0)): [186, 133, 35, 37, 26, 15, 4, 1]
(2, (1, 1, 1), (2, 1)): [286, 89, 62, 31, 31, 7, 4, 0, 0, 0, 0, 0, 1]
(2, (1, 1, 1), (2, 2)): [326, 53, 44, 29, 17, 5, 2, 0, 0, 0, 1]
(2, (1, 1, 1), (3, 0)): [38, 91, 12, 21, 7, 8, 1]
(2, (1, 1, 1), (3, 1)): [91, 93, 23, 22, 21, 5, 4]
(2, (1, 1, 1), (3, 2)): [150, 77, 29, 31, 17, 7, 4, 0, 0, 0, 1]
