(0, (0, 0, 0), (0, 0)): [32179, 7170, 3568, 1656, 787, 347, 152, 55, 30, 7, 5, 4, 1]
(0, (0, 0, 0), (0, 1)): [14231, 2859, 1409, 681, 323, 137, 61, 23, 9, 2, 2, 0, 1]
(0, (0, 0, 0), (0, 2)): [5435, 942, 442, 218, 112, 52, 14, 5, 4, 1, 0, 0, 1]
(0, (0, 0, 0), (1, 0)): [12795, 3186, 1625, 716, 343, 156, 58, 27, 17, 4, 2, 2]
(0, (0, 0, 0), (1, 1)): [12268, 2808, 1356, 613, 291, 116, 58, 25, 15, 3, 3]
(0, (0, 0, 0), (1, 2)): [8242, 1574, 755, 375, 160, 66, 34, 15, 7, 1, 2, 0, 1]
(0, (0, 0, 0), (2, 0)): [4279, 1157, 641, 309, 131, 68, 16, 7, 4, 2, 1, 1]
(0, (0, 0, 0), (2, 1)): [6456, 1671, 814, 364, 185, 77, 22, 12, 6, 3]
(0, (0, 0, 0), (2, 2)): [6657, 1419, 726, 343, 144, 59, 21, 13, 7, 2, 1]
(0, (0, 0, 0), (3, 0)): [1304, 403, 258, 128, 60, 38, 9, 5, 3, 0, 1, 1]
(0, (0, 0, 0), (3, 1)): [2579, 778, 395, 201, 110, 45, 15, 7, 4, 2, 0, 1]
(0, (0, 0, 0), (3, 2)): [3564, 896, 515, 241, 111, 45, 14, 7, 4, 2]
(0, (0, 0, 1), (0, 0)): [77, 324, 98, 52, 20, 7, 2, 2, 2, 0, 1]
(0, (0, 0, 1), (0, 1)): [38, 136, 33, 17, 9, 4, 1, 0, 2, 0, 1]
(0, (0, 0, 1), (0, 2)): [18, 48, 7, 6, 1, 1, 1]
(0, (0, 0, 1), (1, 0)): [25, 135, 50, 29, 9, 2, 1, 2]
(0, (0, 0, 1), (1, 1)): [31, 130, 39, 17, 9, 3, 1, 1, 1, 0, 1]
(0, (0, 0, 1), (1, 2)): [24, 75, 21, 10, 2, 3, 1, 0, 0, 0, 1]
(0, (0, 0, 1), (2, 0)): [6, 51, 21, 18, 4, 2, 0, 1]
(0, (0, 0, 1), (2, 1)): [15, 82, 27, 17, 6, 3, 0, 1, 1]
(0, (0, 0, 1), (2, 2)): [19, 72, 23, 9, 2, 2, 1, 1]
(0, (0, 0, 1), (3, 0)): [3, 9, 6, 6, 2]
(0, (0, 0, 1), (3, 1)): [4, 40, 10, 11, 6, 2]
(0, (0, 0, 1), (3, 2)): [12, 53, 14, 11, 1, 1, 1, 1]
(0, (0, 1, 0), (0, 0)): [1369, 1311, 549, 306, 138, 65, 31, 8, 6, 1, 0, 3, 1]
(0, (0, 1, 0), (0, 1)): [585, 505, 204, 112, 51, 26, 12, 4, 3, 1, 0, 2]
(0, (0, 1, 0), (0, 2)): [232, 158, 67, 40, 13, 13, 4, 1, 0, 0, 0, 1]
(0, (0, 1, 0), (1, 0)): [573, 573, 260, 150, 62, 31, 17, 3, 1, 0, 0, 1, 1]
(0, (0, 1, 0), (1, 1)): [529, 464, 207, 116, 49, 23, 13, 2, 3, 1, 0, 1]
(0, (0, 1, 0), (1, 2)): [359, 283, 122, 71, 21, 12, 6, 1, 1, 0, 0, 2]
(0, (0, 1, 0), (2, 0)): [217, 212, 94, 62, 28, 13, 9, 1, 0, 0, 0, 1, 1]
(0, (0, 1, 0), (2, 1)): [303, 291, 110, 65, 25, 20, 8, 0, 2, 0, 0, 1]
(0, (0, 1, 0), (2, 2)): [316, 262, 127, 55, 25, 13, 3, 1, 2, 0, 0, 2]
(0, (0, 1, 0), (3, 0)): [87, 64, 37, 20, 19, 6, 6, 1, 0, 0, 0, 0, 1]
(0, (0, 1, 0), (3, 1)): [143, 119, 51, 35, 14, 14, 5, 1]
(0, (0, 1, 0), (3, 2)): [177, 149, 81, 45, 17, 16, 5, 0, 1]
(0, (0, 1, 1), (0, 0)): [114, 169, 225, 120, 64, 34, 10, 6, 1, 3, 1]
(0, (0, 1, 1), (0, 1)): [45, 64, 83, 53, 25, 17, 2, 2, 0, 2]
(0, (0, 1, 1), (0, 2)): [25, 31, 24, 23, 6, 6, 1, 1, 0, 1]
(0, (0, 1, 1), (1, 0)): [49, 75, 100, 47, 29, 13, 5, 3, 1]
(0, (0, 1, 1), (1, 1)): [37, 53, 85, 34, 18, 13, 3, 2, 1]
(0, (0, 1, 1), (1, 2)): [31, 42, 44, 30, 17, 9, 1, 2]
(0, (0, 1, 1), (2, 0)): [22, 34, 33, 21, 18, 6, 2, 2]
(0, (0, 1, 1), (2, 1)): [23, 29, 47, 20, 10, 4, 1, 1]
(0, (0, 1, 1), (2, 2)): [18, 42, 49, 25, 7, 5, 2, 1]
(0, (0, 1, 1), (3, 0)): [11, 13, 14, 8, 10, 6, 1, 2]
(0, (0, 1, 1), (3, 1)): [10, 9, 16, 14, 9, 4, 0, 2]
(0, (0, 1, 1), (3, 2)): [15, 19, 29, 18, 3, 4, 1, 1]
(0, (1, 0, 0), (0, 0)): [6758, 2219, 1650, 810, 415, 206, 81, 36, 19, 4, 6, 1, 1]
(0, (1, 0, 0), (0, 1)): [2847, 905, 638, 307, 149, 79, 27, 11, 9, 4, 3]
(0, (1, 0, 0), (0, 2)): [1095, 306, 210, 96, 44, 25, 5, 3, 0, 0, 2]
(0, (1, 0, 0), (1, 0)): [2577, 886, 708, 369, 178, 88, 30, 20, 6, 0, 3, 1, 1]
(0, (1, 0, 0), (1, 1)): [2278, 713, 545, 272, 131, 51, 23, 17, 7, 2, 0, 1]
(0, (1, 0, 0), (1, 2)): [1464, 431, 320, 142, 63, 31, 11, 9, 3, 1, 2]
(0, (1, 0, 0), (2, 0)): [816, 314, 262, 150, 69, 44, 13, 7, 1, 0, 2, 0, 1]
(0, (1, 0, 0), (2, 1)): [1112, 390, 277, 173, 83, 40, 12, 4, 5, 1, 2, 1]
(0, (1, 0, 0), (2, 2)): [1076, 334, 261, 122, 63, 26, 9, 8, 4, 1, 3, 1]
(0, (1, 0, 0), (3, 0)): [207, 105, 89, 49, 24, 17, 2, 4]
(0, (1, 0, 0), (3, 1)): [410, 159, 130, 84, 33, 28, 5, 4, 2, 0, 1]
(0, (1, 0, 0), (3, 2)): [511, 174, 142, 86, 47, 19, 6, 5, 3, 1, 2]
(0, (1, 0, 1), (0, 0)): [154, 485, 208, 178, 84, 52, 21, 12, 3, 1, 1, 2, 1]
(0, (1, 0, 1), (0, 1)): [62, 194, 79, 72, 27, 15, 9, 3, 0, 0, 0, 0, 1]
(0, (1, 0, 1), (0, 2)): [33, 77, 30, 23, 9, 6, 3, 2]
(0, (1, 0, 1), (1, 0)): [67, 199, 95, 80, 35, 25, 6, 7, 3, 1, 1, 1]
(0, (1, 0, 1), (1, 1)): [52, 158, 81, 65, 23, 15, 6, 2, 2, 1]
(0, (1, 0, 1), (1, 2)): [44, 95, 47, 29, 8, 12, 6, 2]
(0, (1, 0, 1), (2, 0)): [19, 69, 29, 22, 11, 11, 1, 3, 0, 0, 1, 1]
(0, (1, 0, 1), (2, 1)): [26, 84, 36, 39, 14, 8, 2, 1, 1, 1]
(0, (1, 0, 1), (2, 2)): [35, 73, 41, 32, 7, 6, 5, 2, 0, 1]
(0, (1, 0, 1), (3, 0)): [11, 19, 14, 6, 6, 5, 0, 1, 0, 0, 0, 1]
(0, (1, 0, 1), (3, 1)): [13, 33, 21, 14, 8, 6, 1, 0, 1]
(0, (1, 0, 1), (3, 2)): [15, 31, 25, 18, 6, 5, 2, 1, 0, 1]
(0, (1, 1, 0), (0, 0)): [1099, 674, 531, 368, 220, 101, 39, 14, 13, 2, 2, 1]
(0, (1, 1, 0), (0, 1)): [487, 254, 183, 146, 87, 41, 21, 6, 6, 0, 2, 1]
(0, (1, 1, 0), (0, 2)): [193, 83, 67, 46, 34, 13, 9, 4, 3, 0, 1]
(0, (1, 1, 0), (1, 0)): [398, 277, 226, 153, 89, 40, 10, 6, 5, 2]
(0, (1, 1, 0), (1, 1)): [387, 228, 164, 130, 57, 30, 8, 4, 3, 1]
(0, (1, 1, 0), (1, 2)): [272, 128, 98, 64, 34, 22, 10, 1, 2]
(0, (1, 1, 0), (2, 0)): [123, 101, 82, 57, 37, 21, 5, 4, 3, 1]
(0, (1, 1, 0), (2, 1)): [191, 119, 88, 73, 29, 9, 8, 2, 4, 1]
(0, (1, 1, 0), (2, 2)): [208, 111, 77, 56, 26, 13, 8, 2, 2, 1]
(0, (1, 1, 0), (3, 0)): [36, 34, 35, 26, 13, 9, 1, 1, 1, 1]
(0, (1, 1, 0), (3, 1)): [70, 51, 42, 38, 20, 12, 0, 0, 1, 1]
(0, (1, 1, 0), (3, 2)): [100, 51, 47, 37, 17, 13, 6, 1, 1, 1]
(0, (1, 1, 1), (0, 0)): [127, 179, 182, 113, 98, 44, 17, 12, 8, 3, 0, 2]
(0, (1, 1, 1), (0, 1)): [62, 71, 74, 49, 33, 20, 5, 5, 2, 1, 0, 1]
(0, (1, 1, 1), (0, 2)): [37, 21, 24, 16, 16, 7, 1, 2]
(0, (1, 1, 1), (1, 0)): [43, 68, 77, 42, 44, 20, 10, 3, 4, 1, 0, 1]
(0, (1, 1, 1), (1, 1)): [31, 54, 69, 42, 21, 19, 10, 4, 1, 0, 0, 1]
(0, (1, 1, 1), (1, 2)): [22, 30, 46, 29, 17, 12, 6, 3]
(0, (1, 1, 1), (2, 0)): [16, 21, 22, 14, 18, 6, 2, 2, 1, 1, 0, 1]
(0, (1, 1, 1), (2, 1)): [18, 25, 30, 18, 14, 7, 4, 3, 0, 1]
(0, (1, 1, 1), (2, 2)): [14, 22, 36, 19, 15, 7, 2, 2, 0, 1]
(0, (1, 1, 1), (3, 0)): [6, 10, 2, 5, 6, 5, 1, 1]
(0, (1, 1, 1), (3, 1)): [11, 12, 11, 8, 7, 6, 3, 1]
(0, (1, 1, 1), (3, 2)): [7, 18, 16, 7, 12, 5, 3, 2, 0, 1]
(1, (0, 0, 0), (0, 0)): [26589, 3234, 1413, 597, 251, 83, 40, 14, 6, 2]
(1, (0, 0, 0), (0, 1)): [11601, 1336, 562, 240, 82, 38, 13, 7, 4, 1]
(1, (0, 0, 0), (0, 2)): [4456, 413, 194, 80, 31, 16, 2, 2, 1, 1]
(1, (0, 0, 0), (1, 0)): [11177, 1417, 650, 265, 139, 36, 23, 5, 1, 1]
(1, (0, 0, 0), (1, 1)): [10373, 1227, 505, 215, 77, 27, 16, 7, 3]
(1, (0, 0, 0), (1, 2)): [6894, 693, 303, 128, 50, 21, 4, 3, 1, 1]
(1, (0, 0, 0), (2, 0)): [4009, 546, 283, 107, 69, 17, 10, 3, 1]
(1, (0, 0, 0), (2, 1)): [5804, 710, 325, 122, 60, 20, 9, 7, 2]
(1, (0, 0, 0), (2, 2)): [5798, 656, 306, 114, 56, 22, 5, 5, 0, 1]
(1, (0, 0, 0), (3, 0)): [1265, 182, 109, 51, 28, 9, 6]
(1, (0, 0, 0), (3, 1)): [2475, 326, 161, 73, 35, 16, 3, 3, 1]
(1, (0, 0, 0), (3, 2)): [3231, 435, 213, 91, 42, 15, 5, 6, 0, 1]
(1, (0, 0, 1), (0, 0)): [685, 996, 221, 103, 38, 20, 5, 1, 2, 0, 1]
(1, (0, 0, 1), (0, 1)): [283, 366, 80, 25, 12, 6, 3]
(1, (0, 0, 1), (0, 2)): [128, 111, 24, 4, 5, 2, 1]
(1, (0, 0, 1), (1, 0)): [312, 469, 116, 64, 19, 12, 1, 1, 1, 0, 1]
(1, (0, 0, 1), (1, 1)): [281, 364, 75, 38, 12, 6, 1]
(1, (0, 0, 1), (1, 2)): [206, 203, 35, 16, 8, 3, 1]
(1, (0, 0, 1), (2, 0)): [111, 185, 52, 35, 10, 6, 1, 1, 0, 0, 1]
(1, (0, 0, 1), (2, 1)): [155, 215, 60, 30, 7, 4, 1]
(1, (0, 0, 1), (2, 2)): [195, 176, 43, 23, 6, 3, 1]
(1, (0, 0, 1), (3, 0)): [55, 71, 21, 18, 7, 3, 0, 1, 0, 0, 1]
(1, (0, 0, 1), (3, 1)): [72, 100, 35, 17, 7, 4, 1]
(1, (0, 0, 1), (3, 2)): [128, 122, 29, 18, 5, 2]
(1, (0, 1, 0), (0, 0)): [3712, 1422, 653, 305, 118, 41, 27, 5, 1, 1]
(1, (0, 1, 0), (0, 1)): [1499, 537, 266, 100, 45, 14, 9, 1, 1]
(1, (0, 1, 0), (0, 2)): [597, 188, 87, 29, 10, 6, 6]
(1, (0, 1, 0), (1, 0)): [1726, 694, 308, 172, 59, 18, 14, 3, 0, 1]
(1, (0, 1, 0), (1, 1)): [1417, 556, 247, 117, 56, 12, 8, 1, 1]
(1, (0, 1, 0), (1, 2)): [914, 326, 129, 50, 26, 4, 7]
(1, (0, 1, 0), (2, 0)): [737, 272, 147, 78, 27, 9, 7, 1, 0, 1]
(1, (0, 1, 0), (2, 1)): [912, 311, 182, 80, 32, 13, 6, 0, 1]
(1, (0, 1, 0), (2, 2)): [842, 289, 140, 57, 27, 8, 4]
(1, (0, 1, 0), (3, 0)): [319, 101, 54, 33, 16, 3, 4, 1, 0, 1]
(1, (0, 1, 0), (3, 1)): [435, 154, 84, 57, 18, 6, 3, 1, 1]
(1, (0, 1, 0), (3, 2)): [537, 194, 91, 49, 22, 5, 4]
(1, (0, 1, 1), (0, 0)): [522, 501, 392, 204, 100, 39, 26, 3, 3, 1]
(1, (0, 1, 1), (0, 1)): [210, 173, 139, 74, 27, 8, 5, 1]
(1, (0, 1, 1), (0, 2)): [95, 66, 45, 24, 11, 4, 2]
(1, (0, 1, 1), (1, 0)): [245, 229, 192, 103, 62, 25, 16, 2, 2, 1]
(1, (0, 1, 1), (1, 1)): [184, 162, 139, 74, 30, 12, 7, 2, 1]
(1, (0, 1, 1), (1, 2)): [146, 101, 72, 40, 17, 6, 7]
(1, (0, 1, 1), (2, 0)): [131, 104, 92, 50, 40, 12, 10, 1, 1, 1]
(1, (0, 1, 1), (2, 1)): [97, 91, 74, 45, 20, 9, 4, 1, 1]
(1, (0, 1, 1), (2, 2)): [130, 80, 61, 36, 22, 6, 5]
(1, (0, 1, 1), (3, 0)): [93, 57, 55, 33, 34, 10, 6, 0, 0, 1]
(1, (0, 1, 1), (3, 1)): [38, 42, 30, 22, 7, 7, 2, 1, 1, 1]
(1, (0, 1, 1), (3, 2)): [82, 52, 32, 22, 16, 5, 4, 0, 0, 1]
(1, (1, 0, 0), (0, 0)): [9946, 1767, 1279, 551, 274, 94, 42, 14, 7, 3, 1]
(1, (1, 0, 0), (0, 1)): [4052, 702, 476, 192, 83, 30, 11, 3, 3, 1, 1]
(1, (1, 0, 0), (0, 2)): [1501, 235, 158, 51, 23, 8, 3, 0, 2]
(1, (1, 0, 0), (1, 0)): [4199, 763, 586, 275, 140, 50, 24, 9, 4, 2]
(1, (1, 0, 0), (1, 1)): [3430, 604, 444, 193, 91, 37, 11, 6, 1, 2, 1]
(1, (1, 0, 0), (1, 2)): [2160, 346, 231, 88, 42, 15, 4, 1, 2, 1]
(1, (1, 0, 0), (2, 0)): [1434, 271, 228, 119, 58, 19, 12, 5, 3, 1]
(1, (1, 0, 0), (2, 1)): [1854, 328, 256, 131, 55, 27, 10, 4, 2, 1, 1]
(1, (1, 0, 0), (2, 2)): [1685, 288, 197, 80, 41, 19, 6, 0, 2, 1]
(1, (1, 0, 0), (3, 0)): [433, 91, 78, 42, 23, 12, 7, 2, 1, 1]
(1, (1, 0, 0), (3, 1)): [742, 155, 115, 75, 35, 15, 9, 1, 0, 1, 1]
(1, (1, 0, 0), (3, 2)): [861, 189, 126, 62, 34, 14, 7, 1, 2, 1, 1]
(1, (1, 0, 1), (0, 0)): [826, 945, 282, 226, 99, 34, 19, 7, 5, 1, 2]
(1, (1, 0, 1), (0, 1)): [348, 348, 89, 72, 31, 11, 5, 1, 2]
(1, (1, 0, 1), (0, 2)): [144, 116, 30, 13, 14, 5, 3, 0, 1]
(1, (1, 0, 1), (1, 0)): [341, 393, 138, 106, 52, 18, 10, 6, 2, 1]
(1, (1, 0, 1), (1, 1)): [291, 320, 94, 76, 25, 12, 3, 1, 0, 1]
(1, (1, 0, 1), (1, 2)): [209, 165, 56, 30, 20, 4, 2, 1]
(1, (1, 0, 1), (2, 0)): [121, 126, 42, 39, 21, 5, 2, 1, 1]
(1, (1, 0, 1), (2, 1)): [139, 167, 48, 47, 14, 7, 2, 1, 0, 1]
(1, (1, 0, 1), (2, 2)): [176, 127, 51, 40, 14, 4, 1, 1]
(1, (1, 0, 1), (3, 0)): [47, 40, 13, 16, 7, 3, 0, 0, 1]
(1, (1, 0, 1), (3, 1)): [49, 67, 22, 16, 8, 3, 0, 1]
(1, (1, 0, 1), (3, 2)): [83, 83, 32, 22, 12, 4, 1, 1]
(1, (1, 1, 0), (0, 0)): [3123, 884, 615, 455, 216, 87, 42, 15, 2, 3, 1]
(1, (1, 1, 0), (0, 1)): [1366, 354, 233, 162, 91, 32, 17, 3, 0, 1]
(1, (1, 1, 0), (0, 2)): [564, 132, 74, 45, 27, 9, 4, 0, 0, 1]
(1, (1, 1, 0), (1, 0)): [1227, 399, 272, 211, 98, 42, 19, 5, 0, 2, 1]
(1, (1, 1, 0), (1, 1)): [1097, 299, 222, 153, 72, 32, 10, 4, 0, 2]
(1, (1, 1, 0), (1, 2)): [755, 178, 121, 78, 38, 13, 6, 3]
(1, (1, 1, 0), (2, 0)): [399, 154, 85, 82, 44, 18, 10, 2, 0, 0, 1]
(1, (1, 1, 0), (2, 1)): [576, 167, 121, 86, 49, 21, 9, 3, 0, 1, 1]
(1, (1, 1, 0), (2, 2)): [605, 175, 107, 71, 40, 15, 6, 1]
(1, (1, 1, 0), (3, 0)): [103, 62, 32, 25, 17, 7, 6]
(1, (1, 1, 0), (3, 1)): [221, 78, 60, 47, 31, 10, 9, 2, 0, 1, 1]
(1, (1, 1, 0), (3, 2)): [297, 110, 64, 61, 33, 8, 4, 1, 0, 1]
(1, (1, 1, 1), (0, 0)): [637, 453, 285, 201, 181, 79, 30, 10, 5, 2, 1]
(1, (1, 1, 1), (0, 1)): [275, 184, 106, 84, 71, 31, 11, 4, 3, 1]
(1, (1, 1, 1), (0, 2)): [125, 69, 37, 33, 26, 10, 1, 0, 0, 1]
(1, (1, 1, 1), (1, 0)): [225, 178, 122, 80, 78, 34, 18, 5, 0, 1, 1]
(1, (1, 1, 1), (1, 1)): [215, 139, 102, 78, 64, 27, 16, 6, 3]
(1, (1, 1, 1), (1, 2)): [166, 90, 52, 48, 46, 23, 4, 2, 1]
(1, (1, 1, 1), (2, 0)): [68, 59, 45, 21, 25, 18, 6, 3, 0, 1, 1]
(1, (1, 1, 1), (2, 1)): [107, 72, 51, 29, 33, 15, 10, 5, 2]
(1, (1, 1, 1), (2, 2)): [103, 72, 49, 38, 35, 17, 3, 2, 2]
(1, (1, 1, 1), (3, 0)): [9, 16, 18, 9, 2, 4, 1, 0, 0, 1]
(1, (1, 1, 1), (3, 1)): [33, 26, 21, 12, 11, 10, 5, 3, 1, 1]
(1, (1, 1, 1), (3, 2)): [57, 47, 36, 16, 20, 6, 5, 4, 1]
(2, (0, 0, 0), (0, 0)): [23410, 1291, 461, 153, 51, 15, 4, 6]
(2, (0, 0, 0), (0, 1)): [10034, 471, 177, 57, 17, 9, 2, 2]
(2, (0, 0, 0), (0, 2)): [3835, 124, 55, 14, 6, 3]
(2, (0, 0, 0), (1, 0)): [10059, 600, 230, 70, 28, 5, 1, 1]
(2, (0, 0, 0), (1, 1)): [9100, 496, 177, 61, 16, 7, 2, 1]
(2, (0, 0, 0), (1, 2)): [5911, 238, 102, 34, 9, 4, 2]
(2, (0, 0, 0), (2, 0)): [3654, 242, 109, 24, 12, 3, 0, 1]
(2, (0, 0, 0), (2, 1)): [5292, 318, 119, 31, 9, 3, 0, 1]
(2, (0, 0, 0), (2, 2)): [5192, 261, 102, 30, 10, 5, 1]
(2, (0, 0, 0), (3, 0)): [1199, 78, 46, 16, 6, 3, 0, 1]
(2, (0, 0, 0), (3, 1)): [2383, 160, 74, 21, 7, 3, 0, 2]
(2, (0, 0, 0), (3, 2)): [3163, 209, 92, 29, 10, 4, 0, 1]
(2, (0, 0, 1), (0, 0)): [2375, 613, 165, 60, 16, 11, 2, 1]
(2, (0, 0, 1), (0, 1)): [956, 219, 68, 19, 6, 3, 0, 1]
(2, (0, 0, 1), (0, 2)): [396, 70, 20, 2, 2]
(2, (0, 0, 1), (1, 0)): [1123, 311, 82, 32, 9, 7, 2]
(2, (0, 0, 1), (1, 1)): [911, 212, 70, 24, 6, 2, 0, 1]
(2, (0, 0, 1), (1, 2)): [621, 103, 39, 10, 3]
(2, (0, 0, 1), (2, 0)): [497, 136, 33, 19, 7, 4, 1]
(2, (0, 0, 1), (2, 1)): [582, 148, 38, 14, 8, 4]
(2, (0, 0, 1), (2, 2)): [597, 113, 38, 15, 6, 1]
(2, (0, 0, 1), (3, 0)): [222, 61, 20, 12, 3, 2, 1]
(2, (0, 0, 1), (3, 1)): [269, 58, 29, 10, 0, 3]
(2, (0, 0, 1), (3, 2)): [391, 77, 33, 15, 4, 1]
(2, (0, 1, 0), (0, 0)): [6058, 1162, 426, 142, 56, 19, 6, 2]
(2, (0, 1, 0), (0, 1)): [2528, 401, 145, 50, 14, 8, 2, 1]
(2, (0, 1, 0), (0, 2)): [994, 118, 45, 15, 5, 4, 1, 1]
(2, (0, 1, 0), (1, 0)): [2846, 596, 219, 79, 35, 10, 4, 1]
(2, (0, 1, 0), (1, 1)): [2357, 407, 137, 47, 13, 5, 2, 1]
(2, (0, 1, 0), (1, 2)): [1623, 204, 68, 27, 9, 2, 1, 2]
(2, (0, 1, 0), (2, 0)): [1292, 262, 110, 50, 27, 9, 3]
(2, (0, 1, 0), (2, 1)): [1443, 282, 102, 36, 17, 5, 4]
(2, (0, 1, 0), (2, 2)): [1462, 208, 73, 30, 10, 2, 4, 1]
(2, (0, 1, 0), (3, 0)): [623, 94, 53, 33, 12, 5, 1]
(2, (0, 1, 0), (3, 1)): [710, 139, 60, 30, 11, 3, 1]
(2, (0, 1, 0), (3, 2)): [932, 139, 54, 33, 8, 4, 5, 1]
(2, (0, 1, 1), (0, 0)): [1476, 104, 299, 106, 46, 14, 3]
(2, (0, 1, 1), (0, 1)): [626, 36, 115, 27, 14, 4]
(2, (0, 1, 1), (0, 2)): [272, 9, 36, 7, 3, 1]
(2, (0, 1, 1), (1, 0)): [699, 55, 147, 67, 26, 8, 2]
(2, (0, 1, 1), (1, 1)): [537, 34, 101, 38, 22, 5]
(2, (0, 1, 1), (1, 2)): [424, 17, 49, 16, 8]
(2, (0, 1, 1), (2, 0)): [356, 35, 72, 28, 14, 6, 2]
(2, (0, 1, 1), (2, 1)): [312, 27, 66, 35, 13, 6, 1]
(2, (0, 1, 1), (2, 2)): [393, 23, 46, 23, 7, 4]
(2, (0, 1, 1), (3, 0)): [202, 26, 31, 12, 10, 4, 1]
(2, (0, 1, 1), (3, 1)): [170, 9, 25, 12, 10, 3, 1]
(2, (0, 1, 1), (3, 2)): [258, 20, 34, 12, 9, 3]
(2, (1, 0, 0), (0, 0)): [11965, 877, 695, 207, 93, 21, 8, 6, 1]
(2, (1, 0, 0), (0, 1)): [4993, 305, 230, 69, 35, 10, 2, 5, 1]
(2, (1, 0, 0), (0, 2)): [1873, 69, 62, 20, 13, 2, 1, 1]
(2, (1, 0, 0), (1, 0)): [5061, 450, 344, 97, 47, 8, 3]
(2, (1, 0, 0), (1, 1)): [4360, 315, 219, 82, 31, 8, 2, 3, 1]
(2, (1, 0, 0), (1, 2)): [2780, 125, 97, 47, 16, 3, 2, 0, 1]
(2, (1, 0, 0), (2, 0)): [1762, 179, 131, 43, 22, 4, 2]
(2, (1, 0, 0), (2, 1)): [2345, 215, 148, 50, 27, 3, 2, 2]
(2, (1, 0, 0), (2, 2)): [2263, 148, 117, 41, 13, 2, 1, 1, 1]
(2, (1, 0, 0), (3, 0)): [545, 60, 39, 26, 5, 2, 1]
(2, (1, 0, 0), (3, 1)): [953, 105, 70, 31, 16, 1, 3]
(2, (1, 0, 0), (3, 2)): [1168, 117, 88, 41, 10, 1, 1]
(2, (1, 0, 1), (0, 0)): [2296, 513, 218, 174, 42, 17, 5, 1, 1, 0, 1]
(2, (1, 0, 1), (0, 1)): [941, 204, 68, 45, 16, 7, 2, 1, 1, 0, 1]
(2, (1, 0, 1), (0, 2)): [390, 53, 19, 11, 4, 1]
(2, (1, 0, 1), (1, 0)): [1000, 221, 116, 92, 23, 7, 3]
(2, (1, 0, 1), (1, 1)): [818, 181, 66, 56, 14, 5, 2, 1, 1, 0, 1]
(2, (1, 0, 1), (1, 2)): [576, 94, 26, 26, 6, 3, 1, 0, 1]
(2, (1, 0, 1), (2, 0)): [373, 82, 57, 35, 13, 3, 1]
(2, (1, 0, 1), (2, 1)): [461, 117, 47, 36, 14, 3, 1, 1]
(2, (1, 0, 1), (2, 2)): [479, 72, 30, 26, 6, 3, 1, 0, 1]
(2, (1, 0, 1), (3, 0)): [127, 23, 30, 9, 2, 2]
(2, (1, 0, 1), (3, 1)): [187, 52, 31, 16, 9, 2, 1]
(2, (1, 0, 1), (3, 2)): [266, 39, 31, 21, 10, 2, 0, 0, 1]
(2, (1, 1, 0), (0, 0)): [5004, 711, 389, 272, 107, 28, 17, 5, 0, 1]
(2, (1, 1, 0), (0, 1)): [2211, 247, 143, 89, 40, 10, 3, 1]
(2, (1, 1, 0), (0, 2)): [920, 60, 50, 24, 7, 5, 0, 1]
(2, (1, 1, 0), (1, 0)): [2063, 320, 196, 124, 48, 11, 11, 4, 0, 1]
(2, (1, 1, 0), (1, 1)): [1911, 261, 131, 100, 43, 10, 5, 1]
(2, (1, 1, 0), (1, 2)): [1373, 121, 83, 38, 16, 9, 2]
(2, (1, 1, 0), (2, 0)): [740, 116, 87, 43, 20, 5, 7, 2, 0, 1]
(2, (1, 1, 0), (2, 1)): [992, 149, 82, 59, 27, 4, 4, 1, 0, 1]
(2, (1, 1, 0), (2, 2)): [1123, 116, 82, 35, 14, 10, 3, 1, 0, 1]
(2, (1, 1, 0), (3, 0)): [242, 31, 40, 17, 11, 4, 4, 1]
(2, (1, 1, 0), (3, 1)): [430, 55, 50, 35, 20, 2, 5]
(2, (1, 1, 0), (3, 2)): [639, 65, 58, 30, 16, 8, 6, 1]
(2, (1, 1, 1), (0, 0)): [1581, 220, 243, 117, 112, 35, 20, 5, 1, 1]
(2, (1, 1, 1), (0, 1)): [716, 87, 95, 50, 35, 9, 7, 0, 1]
(2, (1, 1, 1), (0, 2)): [319, 28, 28, 14, 6, 3, 1]
(2, (1, 1, 1), (1, 0)): [597, 122, 105, 42, 54, 22, 10, 3, 0, 1]
(2, (1, 1, 1), (1, 1)): [585, 83, 92, 43, 38, 11, 7, 1, 1]
(2, (1, 1, 1), (1, 2)): [457, 45, 48, 26, 16, 8, 4]
(2, (1, 1, 1), (2, 0)): [184, 72, 34, 19, 22, 14, 3, 2, 0, 1]
(2, (1, 1, 1), (2, 1)): [270, 68, 57, 28, 22, 8, 4, 0, 1]
(2, (1, 1, 1), (2, 2)): [325, 57, 49, 22, 15, 6, 5]
(2, (1, 1, 1), (3, 0)): [33, 46, 8, 8, 7, 7, 3, 2, 0, 1]
(2, (1, 1, 1), (3, 1)): [84, 52, 20, 16, 14, 4, 2, 1, 0, 1]
(2, (1, 1, 1), (3, 2)): [146, 62, 30, 20, 16, 4, 5]
