(0, (0, 0, 0)): [990956, 193207, 87489, 39215, 17106, 7117, 2880, 1156, 447, 182, 71, 36, 10, 6, 1]
(0, (0, 0, 1)): [3929, 10569, 2838, 1374, 644, 259, 111, 36, 11, 9, 5, 2, 0, 1]
(0, (0, 1, 0)): [38261, 33376, 13113, 6381, 2931, 1239, 521, 219, 87, 44, 13, 3, 1, 2, 1]
(0, (0, 1, 1)): [3086, 4814, 5545, 2609, 1320, 650, 263, 116, 60, 26, 4, 3, 2]
(0, (1, 0, 0)): [205586, 65227, 41835, 20373, 9515, 4197, 1688, 707, 287, 121, 50, 22, 8, 3, 1]
(0, (1, 0, 1)): [5373, 14456, 5795, 4068, 2070, 942, 428, 159, 83, 28, 20, 5, 1, 1, 1]
(0, (1, 1, 0)): [29119, 17086, 12441, 9059, 4684, 2184, 887, 401, 166, 78, 29, 13, 4, 3]
(0, (1, 1, 1)): [3100, 4642, 3984, 2809, 2254, 1131, 507, 231, 107, 48, 16, 5, 4, 1]
(1, (0, 0, 0)): [814070, 87058, 35165, 13788, 5192, 1892, 758, 254, 90, 35, 14, 7, 2, 1]
(1, (0, 0, 1)): [21849, 29090, 5741, 2448, 980, 411, 134, 44, 19, 9, 6, 2, 1]
(1, (0, 1, 0)): [110352, 44109, 16504, 7147, 2834, 1083, 357, 166, 56, 17, 12, 2, 3]
(1, (0, 1, 1)): [16784, 12795, 10765, 4316, 2283, 867, 342, 133, 49, 21, 3, 3, 1]
(1, (1, 0, 0)): [294751, 49657, 32756, 13564, 5445, 2046, 836, 281, 105, 43, 13, 8, 2, 1]
(1, (1, 0, 1)): [25210, 25927, 8168, 5634, 2419, 927, 391, 140, 35, 20, 3, 4]
(1, (1, 1, 0)): [83360, 23602, 15432, 11352, 4566, 1810, 696, 287, 119, 34, 11, 7, 4, 1]
(1, (1, 1, 1)): [17699, 11980, 7933, 4960, 3695, 1536, 602, 224, 92, 32, 8, 6, 3, 1]
(2, (0, 0, 0)): [711820, 32452, 10615, 3387, 1065, 327, 112, 34, 4, 5, 3]
(2, (0, 0, 1)): [63095, 17685, 3803, 1269, 442, 143, 35, 14, 4]
(2, (0, 1, 0)): [170548, 33232, 9540, 3355, 1118, 368, 101, 38, 10, 9, 5]
(2, (0, 1, 1)): [37412, 2906, 7450, 2083, 835, 266, 90, 21, 9, 1, 2]
(2, (1, 0, 0)): [353478, 24251, 16789, 5306, 1652, 537, 209, 55, 6, 7, 3]
(2, (1, 0, 1)): [63922, 13951, 5319, 3417, 1130, 361, 119, 37, 13, 5, 0, 1]
(2, (1, 1, 0)): [141144, 20192, 9952, 7248, 2314, 712, 261, 88, 22, 13, 3, 1]
(2, (1, 1, 1)): [40794, 5151, 6573, 3103, 2348, 715, 254, 74, 20, 3, 3, 2]
