(0, (0, 0, 0)): [1783919, 357696, 164232, 75113, 33544, 14237, 5925, 2353, 942, 391, 174, 82, 22, 16, 3, 0, 1]
(0, (0, 0, 1)): [5956, 17330, 4700, 2374, 1116, 481, 209, 62, 28, 21, 14, 3, 1, 2]
(0, (0, 1, 0)): [70559, 62222, 24963, 12613, 5852, 2536, 1107, 454, 183, 90, 31, 14, 7, 5, 2, 0, 1]
(0, (0, 1, 1)): [5547, 9004, 10460, 4957, 2577, 1260, 538, 230, 114, 52, 17, 11, 4, 2, 1, 0, 1]
(0, (1, 0, 0)): [363600, 112660, 76452, 38075, 18224, 8067, 3343, 1426, 590, 245, 120, 47, 13, 13, 2, 0, 1]
(0, (1, 0, 1)): [9105, 24725, 9942, 7369, 3791, 1771, 821, 332, 161, 67, 38, 10, 7, 3, 1]
(0, (1, 1, 0)): [54317, 31553, 22805, 17258, 9077, 4233, 1783, 802, 339, 152, 65, 30, 7, 5, 1, 0, 1]
(0, (1, 1, 1)): [5827, 9187, 7610, 5301, 4464, 2233, 1031, 467, 231, 96, 41, 15, 6, 3, 0, 0, 1]
(1, (0, 0, 0)): [1472316, 163612, 66570, 26449, 10274, 3880, 1520, 511, 179, 71, 23, 13, 3, 1]
(1, (0, 0, 1)): [38185, 51515, 10421, 4707, 1860, 770, 292, 92, 42, 14, 9, 5, 1, 1]
(1, (0, 1, 0)): [196182, 77413, 30151, 13234, 5357, 2131, 759, 311, 98, 44, 23, 3, 4]
(1, (0, 1, 1)): [29791, 23768, 19541, 8123, 4264, 1694, 687, 276, 96, 38, 13, 6, 2]
(1, (1, 0, 0)): [528241, 87423, 61088, 25851, 10531, 4134, 1655, 599, 213, 87, 30, 16, 4, 1]
(1, (1, 0, 1)): [44825, 45454, 14488, 10356, 4485, 1832, 742, 284, 94, 41, 11, 7, 2]
(1, (1, 1, 0)): [152887, 42224, 28127, 21532, 8908, 3670, 1429, 568, 218, 83, 30, 16, 5, 1]
(1, (1, 1, 1)): [32771, 22740, 14590, 9335, 7406, 3156, 1280, 480, 188, 68, 20, 11, 4, 2]
(2, (0, 0, 0)): [1292618, 62557, 20404, 6567, 2149, 647, 217, 70, 13, 7, 3]
(2, (0, 0, 1)): [116800, 31284, 7153, 2476, 861, 291, 76, 31, 8, 4, 0, 1]
(2, (0, 1, 0)): [311511, 59619, 17986, 6432, 2206, 682, 215, 67, 16, 12, 6]
(2, (0, 1, 1)): [71723, 5334, 13657, 4227, 1676, 563, 177, 50, 14, 3, 3]
(2, (1, 0, 0)): [633990, 43710, 31732, 10128, 3301, 1040, 389, 113, 26, 10, 4, 1]
(2, (1, 0, 1)): [116226, 24667, 9620, 6633, 2257, 709, 236, 70, 21, 8, 2, 2, 1]
(2, (1, 1, 0)): [254717, 35620, 18097, 13677, 4427, 1367, 488, 165, 42, 21, 5, 3]
(2, (1, 1, 1)): [76829, 10004, 12138, 5959, 4765, 1452, 508, 170, 50, 13, 5, 4]
