(0, (0, 0, 0), (0, 0)): [15100, 3181, 1496, 700, 330, 158, 80, 37, 8, 3, 0, 0, 0, 1]
(0, (0, 0, 0), (0, 1)): [35, 9, 3, 0, 2]
(0, (0, 0, 0), (0, 2)): [17, 1, 2]
(0, (0, 0, 0), (1, 0)): [45, 19, 5, 2, 1, 1, 0, 1, 0, 1]
(0, (0, 0, 0), (1, 1)): [30, 13, 2, 1, 2, 0, 0, 1]
(0, (0, 0, 0), (1, 2)): [17, 4, 2, 1, 1]
(0, (0, 0, 0), (2, 0)): [27, 9, 4, 1, 0, 1, 0, 0, 0, 1]
(0, (0, 0, 0), (2, 1)): [27, 11, 1, 0, 1]
(0, (0, 0, 0), (2, 2)): [22, 6, 1, 1, 1]
(0, (0, 0, 0), (3, 0)): [17, 4, 4, 1, 0, 1]
(0, (0, 0, 0), (3, 1)): [18, 8, 2]
(0, (0, 0, 0), (3, 2)): [22, 5, 2, 0, 1]
(0, (0, 0, 1), (0, 0)): [75, 245, 59, 37, 20, 8, 1, 4]
(0, (0, 0, 1), (1, 0)): [0, 1, 1, 1]
(0, (0, 0, 1), (1, 1)): [0, 1]
(0, (0, 0, 1), (2, 0)): [0, 0, 1, 1]
(0, (0, 0, 1), (2, 1)): [0, 0, 1]
(0, (0, 0, 1), (3, 0)): [0, 0, 0, 1]
(0, (0, 0, 1), (3, 1)): [0, 0, 1]
(0, (0, 1, 0), (0, 0)): [506, 507, 211, 77, 42, 35, 7, 2, 1, 2]
(0, (0, 1, 0), (1, 0)): [2, 1]
(0, (0, 1, 0), (1, 1)): [1]
(0, (0, 1, 0), (2, 0)): [1, 1]
(0, (0, 1, 0), (2, 1)): [1]
(0, (0, 1, 0), (3, 0)): [1, 1]
(0, (0, 1, 0), (3, 1)): [1]
(0, (0, 1, 1), (0, 0)): [36, 73, 111, 45, 35, 19, 7, 2, 2]
(0, (0, 1, 1), (0, 1)): [1]
(0, (0, 1, 1), (0, 2)): [1]
(0, (0, 1, 1), (1, 0)): [0, 0, 1, 1, 1]
(0, (0, 1, 1), (1, 1)): [0, 0, 0, 0, 1]
(0, (0, 1, 1), (1, 2)): [0, 0, 0, 0, 1]
(0, (0, 1, 1), (2, 0)): [0, 0, 1, 1]
(0, (0, 1, 1), (2, 1)): [0, 0, 0, 1]
(0, (0, 1, 1), (3, 0)): [0, 0, 1]
(0, (0, 1, 1), (3, 1)): [0, 0, 0, 1]
(0, (1, 0, 0), (0, 0)): [3518, 1237, 787, 371, 196, 101, 62, 22, 6, 0, 0, 0, 0, 1]
(0, (1, 0, 0), (0, 1)): [8, 1, 2]
(0, (1, 0, 0), (0, 2)): [3, 1, 1]
(0, (1, 0, 0), (1, 0)): [7, 5, 2]
(0, (1, 0, 0), (1, 1)): [6, 0, 1]
(0, (1, 0, 0), (1, 2)): [2, 0, 1]
(0, (1, 0, 0), (2, 0)): [4, 5]
(0, (1, 0, 0), (2, 1)): [7, 1]
(0, (1, 0, 0), (2, 2)): [5, 1]
(0, (1, 0, 0), (3, 0)): [2, 2]
(0, (1, 0, 0), (3, 1)): [4, 1]
(0, (1, 0, 0), (3, 2)): [3]
(0, (1, 0, 1), (0, 0)): [88, 257, 130, 76, 57, 25, 18, 6, 1, 1]
(0, (1, 0, 1), (0, 1)): [0, 1, 0, 0, 0, 0, 2]
(0, (1, 0, 1), (0, 2)): [0, 1, 0, 0, 0, 0, 1]
(0, (1, 0, 1), (1, 0)): [2]
(0, (1, 0, 1), (1, 1)): [0, 0, 0, 0, 0, 0, 1]
(0, (1, 0, 1), (1, 2)): [0, 1]
(0, (1, 0, 1), (2, 0)): [2]
(0, (1, 0, 1), (2, 2)): [0, 1]
(0, (1, 0, 1), (3, 0)): [2]
(0, (1, 0, 1), (3, 1)): [1]
(0, (1, 0, 1), (3, 2)): [0, 1]
(0, (1, 1, 0), (0, 0)): [484, 315, 242, 181, 88, 58, 37, 12, 3]
(0, (1, 1, 0), (0, 1)): [3, 2, 2, 2]
(0, (1, 1, 0), (0, 2)): [2, 1, 2, 1]
(0, (1, 1, 0), (1, 0)): [2, 2, 2, 3, 2, 1, 1]
(0, (1, 1, 0), (1, 1)): [1, 0, 0, 2, 1, 1]
(0, (1, 1, 0), (1, 2)): [2, 0, 1, 1]
(0, (1, 1, 0), (2, 0)): [2, 1, 2, 1, 1, 0, 1]
(0, (1, 1, 0), (2, 1)): [0, 0, 1, 1, 2, 1, 1]
(0, (1, 1, 0), (2, 2)): [0, 0, 0, 0, 0, 0, 1]
(0, (1, 1, 0), (3, 0)): [2, 0, 1, 1]
(0, (1, 1, 0), (3, 1)): [1, 0, 2, 1, 2, 1]
(0, (1, 1, 0), (3, 2)): [1, 0, 2, 0, 1]
(0, (1, 1, 1), (0, 0)): [40, 67, 72, 79, 52, 31, 14, 6, 2, 1]
(0, (1, 1, 1), (0, 1)): [0, 0, 2]
(0, (1, 1, 1), (0, 2)): [0, 0, 1]
(0, (1, 1, 1), (1, 0)): [0, 0, 1, 0, 1]
(0, (1, 1, 1), (2, 0)): [0, 0, 1, 0, 1]
(0, (1, 1, 1), (3, 0)): [0, 0, 1, 0, 1]
(0, (1, 1, 1), (3, 1)): [0, 0, 1]
(0, (1, 1, 1), (3, 2)): [0, 0, 1]
(1, (0, 0, 0), (0, 0)): [11819, 1351, 533, 250, 101, 27, 10, 8, 1]
(1, (0, 0, 0), (0, 1)): [22, 6, 4]
(1, (0, 0, 0), (0, 2)): [16, 5, 3]
(1, (0, 0, 0), (1, 0)): [32, 2, 3, 0, 1]
(1, (0, 0, 0), (1, 1)): [18, 1, 2, 0, 1]
(1, (0, 0, 0), (1, 2)): [10, 3, 1]
(1, (0, 0, 0), (2, 0)): [16, 2, 1]
(1, (0, 0, 0), (2, 1)): [12, 1, 2, 0, 1]
(1, (0, 0, 0), (2, 2)): [11, 1, 3]
(1, (0, 0, 0), (3, 0)): [8, 1]
(1, (0, 0, 0), (3, 1)): [7, 0, 0, 0, 1]
(1, (0, 0, 0), (3, 2)): [7, 1, 2]
(1, (0, 0, 1), (0, 0)): [383, 637, 119, 45, 25, 20, 1, 2]
(1, (0, 0, 1), (0, 1)): [1, 2]
(1, (0, 0, 1), (0, 2)): [0, 1]
(1, (0, 0, 1), (1, 0)): [1, 1, 3, 0, 1]
(1, (0, 0, 1), (1, 1)): [2, 1]
(1, (0, 0, 1), (1, 2)): [0, 1]
(1, (0, 0, 1), (2, 0)): [0, 0, 3, 0, 1]
(1, (0, 0, 1), (2, 1)): [1]
(1, (0, 0, 1), (2, 2)): [1]
(1, (0, 0, 1), (3, 0)): [0, 0, 2, 0, 1]
(1, (0, 0, 1), (3, 2)): [1]
(1, (0, 1, 0), (0, 0)): [1796, 879, 302, 124, 62, 23, 10, 3, 0, 1]
(1, (0, 1, 0), (0, 1)): [7, 1, 2]
(1, (0, 1, 0), (0, 2)): [4, 0, 1]
(1, (0, 1, 0), (1, 0)): [10, 3, 1, 2]
(1, (0, 1, 0), (1, 1)): [7, 2, 0, 1]
(1, (0, 1, 0), (1, 2)): [6]
(1, (0, 1, 0), (2, 0)): [5, 1, 1, 1]
(1, (0, 1, 0), (2, 1)): [3, 2, 0, 1]
(1, (0, 1, 0), (2, 2)): [4, 0, 0, 1]
(1, (0, 1, 0), (3, 0)): [5, 1, 1, 1]
(1, (0, 1, 0), (3, 1)): [2, 1]
(1, (0, 1, 0), (3, 2)): [4, 0, 0, 1]
(1, (0, 1, 1), (0, 0)): [303, 252, 263, 106, 59, 21, 7, 4]
(1, (0, 1, 1), (0, 1)): [1, 1, 1]
(1, (0, 1, 1), (0, 2)): [1]
(1, (0, 1, 1), (1, 0)): [2, 0, 0, 1]
(1, (0, 1, 1), (1, 1)): [0, 1, 1]
(1, (0, 1, 1), (2, 0)): [2, 0, 0, 1]
(1, (0, 1, 1), (2, 1)): [0, 1, 1]
(1, (0, 1, 1), (3, 0)): [2]
(1, (0, 1, 1), (3, 1)): [0, 1, 1]
(1, (0, 1, 1), (3, 2)): [0, 0, 1]
(1, (1, 0, 0), (0, 0)): [5089, 988, 600, 283, 128, 46, 12, 8, 3, 0, 0, 0, 0, 1]
(1, (1, 0, 0), (0, 1)): [20, 6, 4, 0, 0, 1]
(1, (1, 0, 0), (0, 2)): [12, 3, 2]
(1, (1, 0, 0), (1, 0)): [18, 6, 5, 1, 0, 0, 0, 1]
(1, (1, 0, 0), (1, 1)): [13, 2, 2, 1, 0, 1, 0, 1]
(1, (1, 0, 0), (1, 2)): [8, 2, 2]
(1, (1, 0, 0), (2, 0)): [7, 4, 4]
(1, (1, 0, 0), (2, 1)): [14, 0, 3, 1, 0, 0, 0, 1]
(1, (1, 0, 0), (2, 2)): [12, 1, 3]
(1, (1, 0, 0), (3, 0)): [1, 2]
(1, (1, 0, 0), (3, 1)): [4, 0, 1, 1, 0, 0, 0, 1]
(1, (1, 0, 0), (3, 2)): [8, 0, 2, 1]
(1, (1, 0, 1), (0, 0)): [410, 513, 175, 114, 49, 31, 6, 2, 1]
(1, (1, 0, 1), (0, 1)): [3, 1, 0, 1]
(1, (1, 0, 1), (0, 2)): [3, 0, 0, 1]
(1, (1, 0, 1), (1, 0)): [1, 1, 0, 2, 1, 1]
(1, (1, 0, 1), (1, 1)): [0, 1, 0, 1]
(1, (1, 0, 1), (1, 2)): [0, 0, 0, 2]
(1, (1, 0, 1), (2, 0)): [1, 1, 0, 1, 1, 1]
(1, (1, 0, 1), (2, 1)): [0, 2]
(1, (1, 0, 1), (2, 2)): [0, 1, 0, 1]
(1, (1, 0, 1), (3, 0)): [1, 0, 0, 0, 1, 1]
(1, (1, 0, 1), (3, 1)): [0, 0, 0, 0, 1]
(1, (1, 0, 1), (3, 2)): [0, 0, 0, 1, 1]
(1, (1, 1, 0), (0, 0)): [1330, 427, 302, 218, 95, 37, 14, 10, 2, 0, 0, 0, 0, 1]
(1, (1, 1, 0), (0, 1)): [1, 2, 0, 1]
(1, (1, 1, 0), (0, 2)): [1, 1]
(1, (1, 1, 0), (1, 0)): [2, 2, 1, 1]
(1, (1, 1, 0), (1, 1)): [1, 1, 1]
(1, (1, 1, 0), (1, 2)): [1]
(1, (1, 1, 0), (2, 0)): [0, 2]
(1, (1, 1, 0), (2, 1)): [1, 2]
(1, (1, 1, 0), (2, 2)): [1, 1]
(1, (1, 1, 0), (3, 0)): [0, 1]
(1, (1, 1, 0), (3, 1)): [1, 1]
(1, (1, 1, 0), (3, 2)): [0, 2]
(1, (1, 1, 1), (0, 0)): [225, 216, 137, 113, 73, 40, 13, 6]
(1, (1, 1, 1), (0, 1)): [2, 3, 1, 1]
(1, (1, 1, 1), (0, 2)): [2, 2, 0, 1]
(1, (1, 1, 1), (1, 0)): [1, 0, 1, 0, 2, 2]
(1, (1, 1, 1), (1, 1)): [0, 0, 1]
(1, (1, 1, 1), (1, 2)): [0, 1, 0, 1]
(1, (1, 1, 1), (2, 0)): [1, 0, 1, 0, 1, 2]
(1, (1, 1, 1), (2, 1)): [0, 0, 1]
(1, (1, 1, 1), (3, 0)): [1, 0, 1, 0, 1, 2]
(1, (1, 1, 1), (3, 1)): [1, 0, 1, 0, 0, 1]
(1, (1, 1, 1), (3, 2)): [1, 0, 1, 0, 0, 1]
(2, (0, 0, 0), (0, 0)): [10070, 455, 156, 65, 16, 3, 1, 1]
(2, (0, 0, 0), (0, 1)): [31, 6, 2, 1]
(2, (0, 0, 0), (0, 2)): [12, 1, 1, 1]
(2, (0, 0, 0), (1, 0)): [59, 4, 1, 1]
(2, (0, 0, 0), (1, 1)): [37, 4, 1]
(2, (0, 0, 0), (1, 2)): [14, 1, 1, 1]
(2, (0, 0, 0), (2, 0)): [31, 2]
(2, (0, 0, 0), (2, 1)): [35, 1, 1]
(2, (0, 0, 0), (2, 2)): [22, 2, 2, 1]
(2, (0, 0, 0), (3, 0)): [15, 1]
(2, (0, 0, 0), (3, 1)): [19]
(2, (0, 0, 0), (3, 2)): [19, 1, 2]
(2, (0, 0, 1), (0, 0)): [1315, 427, 81, 30, 6, 4]
(2, (0, 0, 1), (0, 1)): [1, 1]
(2, (0, 0, 1), (0, 2)): [1, 1]
(2, (0, 0, 1), (1, 0)): [6, 2]
(2, (0, 0, 1), (1, 1)): [1, 2]
(2, (0, 0, 1), (1, 2)): [1]
(2, (0, 0, 1), (2, 0)): [5]
(2, (0, 0, 1), (2, 1)): [1, 1]
(2, (0, 0, 1), (2, 2)): [1, 1]
(2, (0, 0, 1), (3, 0)): [5]
(2, (0, 0, 1), (3, 2)): [1, 1]
(2, (0, 1, 0), (0, 0)): [2946, 699, 196, 55, 24, 8, 3, 0, 1]
(2, (0, 1, 0), (0, 1)): [4]
(2, (0, 1, 0), (0, 2)): [2]
(2, (0, 1, 0), (1, 0)): [10, 3]
(2, (0, 1, 0), (1, 1)): [4, 1]
(2, (0, 1, 0), (1, 2)): [1]
(2, (0, 1, 0), (2, 0)): [8, 1]
(2, (0, 1, 0), (2, 1)): [4]
(2, (0, 1, 0), (2, 2)): [4]
(2, (0, 1, 0), (3, 0)): [7, 1]
(2, (0, 1, 0), (3, 1)): [2]
(2, (0, 1, 0), (3, 2)): [5]
(2, (0, 1, 1), (0, 0)): [821, 68, 202, 57, 12, 3, 2, 1, 1, 0, 1]
(2, (0, 1, 1), (0, 1)): [3, 0, 0, 1]
(2, (0, 1, 1), (0, 2)): [2, 0, 0, 1]
(2, (0, 1, 1), (1, 0)): [8, 0, 1]
(2, (0, 1, 1), (1, 1)): [3, 0, 1]
(2, (0, 1, 1), (1, 2)): [2, 0, 0, 1]
(2, (0, 1, 1), (2, 0)): [6]
(2, (0, 1, 1), (2, 1)): [1, 0, 1]
(2, (0, 1, 1), (2, 2)): [1]
(2, (0, 1, 1), (3, 0)): [5]
(2, (1, 0, 0), (0, 0)): [6175, 522, 259, 100, 29, 6, 3, 2, 1]
(2, (1, 0, 0), (0, 1)): [9, 0, 1]
(2, (1, 0, 0), (0, 2)): [3]
(2, (1, 0, 0), (1, 0)): [10, 1, 1]
(2, (1, 0, 0), (1, 1)): [9, 1, 2]
(2, (1, 0, 0), (1, 2)): [2, 0, 1]
(2, (1, 0, 0), (2, 0)): [5]
(2, (1, 0, 0), (2, 1)): [8, 1, 1]
(2, (1, 0, 0), (2, 2)): [2, 1, 1]
(2, (1, 0, 0), (3, 0)): [3]
(2, (1, 0, 0), (3, 1)): [6, 0, 1]
(2, (1, 0, 1), (0, 0)): [1120, 330, 138, 73, 23, 8, 6, 0, 1, 0, 0, 1]
(2, (1, 0, 1), (0, 1)): [2, 0, 0, 2]
(2, (1, 0, 1), (0, 2)): [2, 0, 0, 1]
(2, (1, 0, 1), (1, 0)): [4]
(2, (1, 0, 1), (1, 1)): [1, 0, 0, 1]
(2, (1, 0, 1), (1, 2)): [1, 0, 0, 2]
(2, (1, 0, 1), (2, 0)): [2]
(2, (1, 0, 1), (2, 1)): [1]
(2, (1, 0, 1), (2, 2)): [2, 0, 0, 1]
(2, (1, 0, 1), (3, 0)): [2]
(2, (1, 0, 1), (3, 1)): [1]
(2, (1, 0, 1), (3, 2)): [1]
(2, (1, 1, 0), (0, 0)): [2095, 364, 175, 116, 50, 15, 2, 4, 1, 0, 0, 0, 0, 1]
(2, (1, 1, 0), (0, 1)): [8, 2]
(2, (1, 1, 0), (0, 2)): [4, 1]
(2, (1, 1, 0), (1, 0)): [5, 0, 1, 1, 0, 0, 0, 1]
(2, (1, 1, 0), (1, 1)): [3, 1]
(2, (1, 1, 0), (1, 2)): [2, 1]
(2, (1, 1, 0), (2, 0)): [3, 0, 1, 1, 0, 0, 0, 1]
(2, (1, 1, 0), (2, 1)): [2, 1]
(2, (1, 1, 0), (2, 2)): [2, 1]
(2, (1, 1, 0), (3, 0)): [2, 0, 1]
(2, (1, 1, 0), (3, 1)): [1]
(2, (1, 1, 0), (3, 2)): [2, 1]
(2, (1, 1, 1), (0, 0)): [616, 109, 110, 72, 36, 11, 8, 4, 2, 0, 0, 0, 0, 1]
(2, (1, 1, 1), (0, 1)): [1, 0, 0, 1]
(2, (1, 1, 1), (0, 2)): [1]
(2, (1, 1, 1), (1, 0)): [2, 2, 1, 3]
(2, (1, 1, 1), (1, 1)): [0, 0, 0, 2]
(2, (1, 1, 1), (1, 2)): [0, 0, 0, 1]
(2, (1, 1, 1), (2, 0)): [2, 2, 1, 1]
(2, (1, 1, 1), (2, 1)): [0, 1, 0, 1]
(2, (1, 1, 1), (2, 2)): [0, 1, 0, 2]
(2, (1, 1, 1), (3, 0)): [1, 1, 0, 1]
(2, (1, 1, 1), (3, 1)): [1]
(2, (1, 1, 1), (3, 2)): [1, 1, 0, 1]
