(0, (0, 0, 0), (0, 0)): [148769, 29030, 13031, 5905, 2647, 1127, 480, 179, 66, 28, 16, 1, 0, 1, 2]
(0, (0, 0, 0), (0, 1)): [637, 112, 38, 18, 9, 0, 1, 1, 0, 1]
(0, (0, 0, 0), (0, 2)): [251, 44, 12, 4, 2, 0, 1, 1]
(0, (0, 0, 0), (1, 0)): [582, 113, 43, 20, 10, 6, 3, 1, 0, 1]
(0, (0, 0, 0), (1, 1)): [480, 89, 29, 14, 8, 1, 0, 1]
(0, (0, 0, 0), (1, 2)): [309, 52, 13, 8, 3, 0, 0, 1]
(0, (0, 0, 0), (2, 0)): [239, 52, 25, 13, 6, 5, 1, 0, 0, 1]
(0, (0, 0, 0), (2, 1)): [276, 59, 18, 8, 4, 2]
(0, (0, 0, 0), (2, 2)): [266, 49, 6, 5, 4, 1]
(0, (0, 0, 0), (3, 0)): [112, 24, 17, 10, 5, 4, 1]
(0, (0, 0, 0), (3, 1)): [120, 28, 17, 5, 2, 0, 1]
(0, (0, 0, 0), (3, 2)): [152, 30, 14, 7, 6, 1, 1]
(0, (0, 0, 1), (0, 0)): [824, 2392, 684, 319, 154, 63, 30, 16, 3, 1]
(0, (0, 0, 1), (0, 1)): [2, 3, 3, 1]
(0, (0, 0, 1), (0, 2)): [0, 2, 1]
(0, (0, 0, 1), (1, 1)): [3, 4, 2, 0, 1]
(0, (0, 0, 1), (2, 1)): [0, 2, 2, 1]
(0, (0, 1, 0), (0, 0)): [4602, 4731, 1704, 774, 413, 178, 64, 14, 18, 8, 4]
(0, (0, 1, 0), (0, 1)): [16, 18, 1, 2]
(0, (0, 1, 0), (1, 0)): [26, 13, 1, 3, 1]
(0, (0, 1, 0), (1, 1)): [17, 11, 1]
(0, (0, 1, 0), (1, 2)): [7, 7, 1, 2]
(0, (0, 1, 0), (2, 0)): [9, 9, 0, 3]
(0, (0, 1, 0), (2, 1)): [6, 4, 0, 2]
(0, (0, 1, 0), (2, 2)): [7, 4, 0, 3]
(0, (0, 1, 0), (3, 0)): [7, 6, 0, 1]
(0, (0, 1, 0), (3, 1)): [3, 0, 0, 1]
(0, (0, 1, 0), (3, 2)): [3, 2, 0, 2]
(0, (0, 1, 1), (0, 0)): [396, 727, 940, 423, 225, 106, 43, 12, 8, 1, 0, 0, 0, 0, 1]
(0, (0, 1, 1), (0, 1)): [3, 2, 5, 0, 2, 0, 0, 0, 1]
(0, (0, 1, 1), (0, 2)): [2, 1, 2, 0, 1]
(0, (0, 1, 1), (1, 0)): [2, 2, 2, 2, 1, 1, 2]
(0, (0, 1, 1), (1, 1)): [2, 1, 3, 0, 2, 0, 0, 0, 1]
(0, (0, 1, 1), (1, 2)): [1, 0, 3, 0, 3]
(0, (0, 1, 1), (2, 1)): [0, 2, 0, 1, 0, 0, 0, 0, 1]
(0, (0, 1, 1), (2, 2)): [0, 0, 1, 0, 2]
(0, (0, 1, 1), (3, 1)): [0, 2, 1, 2, 0, 0, 0, 0, 1]
(0, (0, 1, 1), (3, 2)): [0, 1, 1, 1, 1, 0, 0, 0, 1]
(0, (1, 0, 0), (0, 0)): [33556, 11867, 6835, 3422, 1546, 692, 309, 115, 41, 15, 12, 1, 0, 1, 2]
(0, (1, 0, 0), (0, 1)): [124, 18, 19, 7, 4, 1, 1]
(0, (1, 0, 0), (0, 2)): [42, 5, 8, 2, 0, 1, 1]
(0, (1, 0, 0), (1, 0)): [102, 40, 24, 7, 3, 2, 0, 0, 1]
(0, (1, 0, 0), (1, 1)): [76, 21, 17, 5, 3, 1]
(0, (1, 0, 0), (1, 2)): [36, 7, 12, 0, 2, 2]
(0, (1, 0, 0), (2, 0)): [37, 19, 6, 5, 2, 0, 0, 0, 1]
(0, (1, 0, 0), (2, 1)): [41, 17, 5, 5, 1, 0, 0, 0, 1]
(0, (1, 0, 0), (2, 2)): [37, 8, 7, 2, 1, 1, 0, 0, 1]
(0, (1, 0, 0), (3, 0)): [18, 7, 2, 2, 1]
(0, (1, 0, 0), (3, 1)): [15, 5, 1, 1]
(0, (1, 0, 1), (0, 0)): [771, 2112, 980, 621, 356, 156, 79, 28, 11, 4, 0, 0, 0, 0, 1]
(0, (1, 0, 1), (0, 1)): [4, 4, 0, 4, 0, 0, 3]
(0, (1, 0, 1), (0, 2)): [2, 3, 0, 2, 0, 0, 2]
(0, (1, 0, 1), (1, 0)): [5, 12, 3, 0, 1]
(0, (1, 0, 1), (1, 1)): [3, 5, 0, 0, 1, 0, 1]
(0, (1, 0, 1), (1, 2)): [1, 3, 0, 1]
(0, (1, 0, 1), (2, 0)): [2, 5, 1]
(0, (1, 0, 1), (2, 1)): [1, 5, 0, 0, 1]
(0, (1, 0, 1), (2, 2)): [1, 3, 0, 0, 1]
(0, (1, 0, 1), (3, 0)): [2, 0, 1]
(0, (1, 0, 1), (3, 2)): [1, 3]
(0, (1, 1, 0), (0, 0)): [4215, 2863, 2345, 1572, 821, 380, 167, 68, 28, 11, 9, 1, 0, 1]
(0, (1, 1, 0), (0, 1)): [17, 8, 6, 4, 1, 1]
(0, (1, 1, 0), (0, 2)): [8, 3, 3, 2, 1, 1]
(0, (1, 1, 0), (1, 0)): [9, 7, 8, 11, 4, 2, 2, 1]
(0, (1, 1, 0), (1, 1)): [7, 4, 3, 5, 1, 1]
(0, (1, 1, 0), (1, 2)): [7, 3, 2, 3]
(0, (1, 1, 0), (2, 0)): [5, 2, 6, 4, 3, 0, 1, 1]
(0, (1, 1, 0), (2, 1)): [4, 1, 3, 1, 4, 1, 1]
(0, (1, 1, 0), (2, 2)): [4, 2, 0, 1, 1, 0, 1]
(0, (1, 1, 0), (3, 0)): [2, 1, 4, 3, 0, 0, 0, 1]
(0, (1, 1, 0), (3, 2)): [2, 1, 3, 0, 2]
(0, (1, 1, 1), (0, 0)): [459, 773, 679, 610, 466, 217, 96, 53, 23, 13, 7, 1, 0, 0, 1]
(0, (1, 1, 1), (1, 0)): [0, 1, 3, 1, 3, 1]
(0, (1, 1, 1), (1, 1)): [0, 0, 0, 1, 4, 1]
(0, (1, 1, 1), (2, 0)): [0, 1, 3, 0, 1]
(0, (1, 1, 1), (2, 1)): [0, 1, 1, 1, 1, 1]
(0, (1, 1, 1), (2, 2)): [0, 0, 0, 1, 1, 1]
(0, (1, 1, 1), (3, 0)): [0, 0, 2, 0, 1]
(0, (1, 1, 1), (3, 1)): [0, 0, 2]
(0, (1, 1, 1), (3, 2)): [0, 0, 2, 1]
(1, (0, 0, 0), (0, 0)): [116850, 11910, 4738, 1812, 756, 299, 102, 44, 8, 7, 2]
(1, (0, 0, 0), (0, 1)): [478, 51, 13, 7, 3]
(1, (0, 0, 0), (0, 2)): [194, 14, 5, 4]
(1, (0, 0, 0), (1, 0)): [452, 47, 22, 4, 2, 2, 0, 1]
(1, (0, 0, 0), (1, 1)): [366, 39, 11, 5, 2, 1]
(1, (0, 0, 0), (1, 2)): [220, 22, 3, 5, 0, 1]
(1, (0, 0, 0), (2, 0)): [164, 19, 12, 2, 1]
(1, (0, 0, 0), (2, 1)): [192, 23, 13, 4, 2]
(1, (0, 0, 0), (2, 2)): [173, 14, 7, 6, 0, 1]
(1, (0, 0, 0), (3, 0)): [72, 6, 3, 0, 1]
(1, (0, 0, 0), (3, 1)): [87, 16, 7, 0, 1]
(1, (0, 0, 0), (3, 2)): [104, 14, 10, 3, 0, 1]
(1, (0, 0, 1), (0, 0)): [4369, 6518, 1242, 497, 219, 85, 30, 11, 4, 1, 0, 1]
(1, (0, 0, 1), (0, 1)): [18, 22, 1, 0, 1]
(1, (0, 0, 1), (1, 0)): [15, 20, 6, 2, 2]
(1, (0, 0, 1), (1, 1)): [17, 16, 2, 1, 2]
(1, (0, 0, 1), (1, 2)): [9, 9, 1, 1]
(1, (0, 0, 1), (2, 0)): [4, 5, 4, 1, 1]
(1, (0, 0, 1), (2, 2)): [9, 8, 1]
(1, (0, 0, 1), (3, 0)): [2, 4, 3, 1, 1]
(1, (0, 1, 0), (0, 0)): [18343, 8864, 2898, 1143, 454, 183, 63, 27, 3, 3, 1]
(1, (0, 1, 0), (0, 1)): [67, 30, 8, 4, 0, 1, 1]
(1, (0, 1, 0), (0, 2)): [26, 13, 1, 0, 0, 1, 1]
(1, (0, 1, 0), (1, 0)): [79, 42, 9, 8, 2, 2]
(1, (0, 1, 0), (1, 1)): [63, 30, 6, 7, 1, 1]
(1, (0, 1, 0), (1, 2)): [44, 16, 4, 1, 1]
(1, (0, 1, 0), (2, 0)): [35, 12, 5, 3, 1, 1]
(1, (0, 1, 0), (2, 1)): [31, 15, 1, 6, 0, 2]
(1, (0, 1, 0), (2, 2)): [32, 11, 5, 5, 1, 1]
(1, (0, 1, 0), (3, 0)): [21, 8, 4, 2, 1]
(1, (0, 1, 0), (3, 1)): [19, 5, 1, 2, 0, 1]
(1, (0, 1, 0), (3, 2)): [28, 1, 4, 5, 0, 1]
(1, (0, 1, 1), (0, 0)): [3023, 2600, 2703, 1036, 418, 176, 60, 21, 5, 3, 1, 1, 0, 1]
(1, (0, 1, 1), (0, 1)): [11, 3, 11, 3, 0, 0, 0, 1]
(1, (0, 1, 1), (0, 2)): [6, 1, 3, 1]
(1, (0, 1, 1), (1, 0)): [14, 3, 7, 4, 1]
(1, (0, 1, 1), (2, 0)): [8, 3, 1, 1]
(1, (0, 1, 1), (3, 0)): [6, 2, 1]
(1, (1, 0, 0), (0, 0)): [47741, 8910, 5005, 2176, 839, 360, 108, 50, 12, 7, 2, 0, 0, 1]
(1, (1, 0, 0), (0, 1)): [206, 32, 19, 8, 2, 3, 1]
(1, (1, 0, 0), (0, 2)): [85, 15, 8, 4]
(1, (1, 0, 0), (1, 0)): [171, 39, 30, 10, 0, 3, 0, 1]
(1, (1, 0, 0), (1, 1)): [139, 20, 16, 5, 1, 3, 0, 1]
(1, (1, 0, 0), (1, 2)): [102, 12, 9, 2, 1]
(1, (1, 0, 0), (2, 0)): [63, 17, 14, 5, 0, 1]
(1, (1, 0, 0), (2, 1)): [65, 11, 12, 4, 0, 3, 0, 1]
(1, (1, 0, 0), (2, 2)): [70, 9, 10, 3, 0, 1]
(1, (1, 0, 0), (3, 0)): [20, 10, 6, 2]
(1, (1, 0, 0), (3, 1)): [22, 6, 5, 4, 0, 1, 0, 1]
(1, (1, 0, 0), (3, 2)): [33, 6, 7, 4, 0, 1]
(1, (1, 0, 1), (0, 0)): [3576, 4554, 1691, 951, 411, 174, 54, 25, 5, 4]
(1, (1, 0, 1), (0, 1)): [13, 11, 5, 4, 1]
(1, (1, 0, 1), (0, 2)): [10, 4, 3, 3]
(1, (1, 0, 1), (1, 0)): [12, 15, 1, 5, 2, 2]
(1, (1, 0, 1), (1, 1)): [4, 11, 2, 4, 1]
(1, (1, 0, 1), (1, 2)): [5, 5, 4, 4, 1]
(1, (1, 0, 1), (2, 2)): [1, 5, 2, 1]
(1, (1, 0, 1), (3, 2)): [1, 3, 2, 1, 1]
(1, (1, 1, 0), (0, 0)): [11862, 3784, 2659, 1760, 720, 305, 93, 41, 18, 6, 3, 0, 0, 2]
(1, (1, 1, 0), (0, 1)): [44, 10, 7, 7, 3, 1]
(1, (1, 1, 0), (1, 0)): [38, 13, 10, 11, 3, 1]
(1, (1, 1, 0), (1, 1)): [42, 9, 5, 4, 1]
(1, (1, 1, 0), (2, 0)): [12, 4, 3, 4, 2]
(1, (1, 1, 0), (2, 1)): [19, 8, 2, 4, 1]
(1, (1, 1, 0), (2, 2)): [21, 2, 2, 2, 2]
(1, (1, 1, 0), (3, 0)): [5, 2, 2, 1, 1]
(1, (1, 1, 0), (3, 2)): [7, 5, 1, 1, 2]
(1, (1, 1, 1), (0, 0)): [2221, 1867, 1175, 896, 573, 257, 86, 47, 15, 4, 1, 0, 0, 1]
(1, (1, 1, 1), (0, 1)): [10, 8, 2, 1, 0, 1]
(1, (1, 1, 1), (0, 2)): [5, 4, 1, 1, 0, 1]
(1, (1, 1, 1), (1, 0)): [7, 5, 7, 4, 5, 2]
(1, (1, 1, 1), (1, 1)): [8, 4, 3, 3, 2]
(1, (1, 1, 1), (2, 0)): [1, 2, 3, 1, 2, 2]
(1, (1, 1, 1), (2, 1)): [3, 3, 2, 1, 1]
(1, (1, 1, 1), (3, 0)): [1, 1, 1, 1, 1, 2]
(2, (0, 0, 0), (0, 0)): [100214, 3909, 1256, 390, 145, 46, 15, 8, 1, 1, 1]
(2, (0, 0, 0), (0, 1)): [438, 18, 4, 2]
(2, (0, 0, 0), (0, 2)): [160, 5, 2, 1]
(2, (0, 0, 0), (1, 0)): [486, 29, 9, 3, 2]
(2, (0, 0, 0), (1, 1)): [385, 17, 5, 1]
(2, (0, 0, 0), (1, 2)): [213, 6, 5, 1]
(2, (0, 0, 0), (2, 0)): [198, 9, 4, 2, 1]
(2, (0, 0, 0), (2, 1)): [256, 12, 2, 1]
(2, (0, 0, 0), (2, 2)): [205, 11, 5, 2]
(2, (0, 0, 0), (3, 0)): [81, 4, 4, 2, 1]
(2, (0, 0, 0), (3, 1)): [120, 5, 1]
(2, (0, 0, 0), (3, 2)): [155, 9, 4, 1]
(2, (0, 0, 1), (0, 0)): [12904, 4403, 711, 219, 80, 26, 12, 1]
(2, (0, 0, 1), (0, 1)): [45, 16, 3]
(2, (0, 0, 1), (0, 2)): [20, 8, 3]
(2, (0, 0, 1), (1, 0)): [48, 22, 4]
(2, (0, 0, 1), (1, 1)): [34, 10, 1]
(2, (0, 0, 1), (1, 2)): [27, 10, 2]
(2, (0, 0, 1), (2, 0)): [26, 6, 3]
(2, (0, 0, 1), (2, 1)): [19, 4, 1]
(2, (0, 0, 1), (2, 2)): [19, 6, 2]
(2, (0, 0, 1), (3, 0)): [15, 3, 2]
(2, (0, 0, 1), (3, 1)): [13, 2, 1]
(2, (0, 0, 1), (3, 2)): [18, 3, 2]
(2, (0, 1, 0), (0, 0)): [30082, 6694, 1592, 500, 154, 54, 18, 5, 1, 1]
(2, (0, 1, 0), (0, 1)): [88, 16, 2, 1, 1]
(2, (0, 1, 0), (0, 2)): [34, 3]
(2, (0, 1, 0), (1, 0)): [129, 27, 9, 1, 1, 1]
(2, (0, 1, 0), (1, 1)): [83, 19, 3, 0, 1]
(2, (0, 1, 0), (1, 2)): [51, 7, 0, 0, 1]
(2, (0, 1, 0), (2, 0)): [65, 12, 5, 1, 1, 1]
(2, (0, 1, 0), (2, 1)): [58, 15, 2, 0, 0, 1]
(2, (0, 1, 0), (2, 2)): [54, 4]
(2, (0, 1, 0), (3, 0)): [32, 7, 3, 1, 1]
(2, (0, 1, 0), (3, 1)): [30, 8, 1, 0, 1, 1]
(2, (0, 1, 0), (3, 2)): [39, 5, 1, 0, 0, 1]
(2, (0, 1, 1), (0, 0)): [7779, 712, 1824, 475, 147, 48, 15, 2, 3, 0, 1]
(2, (0, 1, 1), (0, 1)): [34, 3, 4, 1]
(2, (0, 1, 1), (0, 2)): [15, 0, 1, 1]
(2, (0, 1, 1), (1, 0)): [36, 2, 15, 3, 1]
(2, (0, 1, 1), (1, 1)): [24, 2, 9, 1]
(2, (0, 1, 1), (1, 2)): [16, 1, 4, 2]
(2, (0, 1, 1), (2, 0)): [22, 1, 7, 2]
(2, (0, 1, 1), (2, 1)): [11, 0, 4]
(2, (0, 1, 1), (2, 2)): [14, 1, 3]
(2, (0, 1, 1), (3, 2)): [11, 0, 6]
(2, (1, 0, 0), (0, 0)): [57889, 4442, 2110, 700, 230, 70, 28, 13, 3, 0, 1]
(2, (1, 0, 0), (0, 1)): [211, 5, 5, 1]
(2, (1, 0, 0), (0, 2)): [61, 1, 1]
(2, (1, 0, 0), (1, 0)): [217, 11, 7, 3, 1]
(2, (1, 0, 0), (1, 1)): [163, 5, 5, 2, 1]
(2, (1, 0, 0), (1, 2)): [81, 1, 2, 2]
(2, (1, 0, 0), (2, 0)): [79, 6, 2, 2]
(2, (1, 0, 0), (2, 1)): [81, 4, 1, 0, 1]
(2, (1, 0, 0), (2, 2)): [59, 2, 2, 1]
(2, (1, 0, 0), (3, 0)): [28, 3, 1, 2]
(2, (1, 0, 0), (3, 1)): [35, 1, 1]
(2, (1, 0, 0), (3, 2)): [27, 1, 0, 1]
(2, (1, 0, 1), (0, 0)): [9402, 2724, 1188, 514, 148, 49, 21, 5, 3, 0, 0, 1]
(2, (1, 0, 1), (0, 1)): [18, 5, 3, 4, 0, 1]
(2, (1, 0, 1), (0, 2)): [8, 2, 1, 2]
(2, (1, 0, 1), (1, 0)): [30, 1, 6, 4]
(2, (1, 0, 1), (1, 1)): [10, 2, 0, 2]
(2, (1, 0, 1), (2, 0)): [14, 0, 4, 2]
(2, (1, 0, 1), (2, 1)): [5, 0, 1, 1]
(2, (1, 0, 1), (2, 2)): [6, 1, 0, 1]
(2, (1, 0, 1), (3, 0)): [9, 0, 2, 1]
(2, (1, 1, 0), (0, 0)): [18367, 2860, 1526, 875, 272, 92, 24, 12, 2, 0, 2, 0, 0, 1]
(2, (1, 1, 0), (0, 1)): [71, 9, 3, 1, 1]
(2, (1, 1, 0), (0, 2)): [31, 4, 1, 1]
(2, (1, 1, 0), (1, 0)): [54, 5, 7, 7, 0, 2, 0, 1]
(2, (1, 1, 0), (1, 1)): [33, 4, 1, 1, 1]
(2, (1, 1, 0), (1, 2)): [27, 3, 0, 1]
(2, (1, 1, 0), (2, 0)): [27, 2, 4, 4, 0, 1, 0, 1]
(2, (1, 1, 0), (2, 1)): [20, 3, 2, 1, 1]
(2, (1, 1, 0), (2, 2)): [20, 3, 1, 1, 1]
(2, (1, 1, 0), (3, 0)): [15, 0, 3, 1, 0, 1]
(2, (1, 1, 0), (3, 1)): [11, 0, 3, 2]
(2, (1, 1, 0), (3, 2)): [14, 1, 3, 1, 1]
(2, (1, 1, 1), (0, 0)): [5456, 881, 899, 524, 303, 89, 31, 11, 5, 1, 2, 0, 0, 1]
(2, (1, 1, 1), (0, 1)): [21, 1, 3, 2, 1]
(2, (1, 1, 1), (0, 2)): [12, 1]
(2, (1, 1, 1), (1, 0)): [17, 3, 2, 7, 0, 1]
(2, (1, 1, 1), (1, 1)): [8, 0, 3, 3]
(2, (1, 1, 1), (1, 2)): [5, 0, 0, 1]
(2, (1, 1, 1), (2, 0)): [11, 3, 1, 4, 0, 1]
(2, (1, 1, 1), (2, 1)): [9, 1, 3, 3]
(2, (1, 1, 1), (2, 2)): [7, 1, 1, 2]
(2, (1, 1, 1), (3, 0)): [3, 2, 0, 3, 0, 1]
(2, (1, 1, 1), (3, 1)): [4, 0, 0, 1]
(2, (1, 1, 1), (3, 2)): [6, 1, 1, 2]
