(0, (0, 0, 0), (0, 0)): [28100, 6312, 2902, 1284, 641, 256, 106, 36, 17, 5, 1, 2, 1]
(0, (0, 0, 0), (0, 1)): [225, 44, 13, 4, 4, 1, 2]
(0, (0, 0, 0), (0, 2)): [105, 16, 2, 3, 1, 0, 1]
(0, (0, 0, 0), (1, 0)): [214, 54, 19, 8, 4, 1, 1]
(0, (0, 0, 0), (1, 1)): [173, 42, 23, 3, 2, 0, 1]
(0, (0, 0, 0), (1, 2)): [129, 25, 5, 3, 2, 0, 1]
(0, (0, 0, 0), (2, 0)): [70, 18, 3, 4, 3, 1, 1]
(0, (0, 0, 0), (2, 1)): [95, 24, 11, 4, 2]
(0, (0, 0, 0), (2, 2)): [96, 17, 9, 4, 2]
(0, (0, 0, 0), (3, 0)): [18, 5, 1, 1, 1, 0, 1]
(0, (0, 0, 0), (3, 1)): [35, 13, 3, 1, 1]
(0, (0, 0, 0), (3, 2)): [51, 13, 7, 2, 2]
(0, (0, 0, 1), (0, 0)): [94, 296, 77, 43, 14, 9, 3]
(0, (0, 0, 1), (0, 1)): [0, 1, 1]
(0, (0, 0, 1), (0, 2)): [0, 1]
(0, (0, 0, 1), (1, 0)): [0, 7, 1]
(0, (0, 0, 1), (1, 1)): [0, 3, 2]
(0, (0, 0, 1), (1, 2)): [0, 1]
(0, (0, 0, 1), (2, 0)): [0, 3]
(0, (0, 0, 1), (2, 1)): [0, 3, 1]
(0, (0, 0, 1), (2, 2)): [0, 0, 1]
(0, (0, 0, 1), (3, 0)): [0, 2]
(0, (0, 0, 1), (3, 1)): [0, 3]
(0, (0, 1, 0), (0, 0)): [1156, 1142, 436, 243, 114, 57, 34, 8, 2, 1]
(0, (0, 1, 0), (0, 1)): [6, 5, 6, 1, 1]
(0, (0, 1, 0), (0, 2)): [2, 1, 1, 1, 1]
(0, (0, 1, 0), (1, 0)): [9, 7, 0, 3, 0, 2]
(0, (0, 1, 0), (1, 1)): [7, 4, 3, 1]
(0, (0, 1, 0), (1, 2)): [3, 4, 1, 1, 1]
(0, (0, 1, 0), (2, 0)): [1, 3, 0, 1, 0, 2]
(0, (0, 1, 0), (2, 1)): [3, 2, 0, 1, 0, 2]
(0, (0, 1, 0), (2, 2)): [4, 1, 0, 1, 1]
(0, (0, 1, 0), (3, 0)): [1, 1]
(0, (0, 1, 0), (3, 1)): [2, 1, 0, 0, 0, 1]
(0, (0, 1, 0), (3, 2)): [1, 1]
(0, (0, 1, 1), (0, 0)): [85, 160, 196, 93, 40, 19, 9, 2, 1, 1]
(0, (0, 1, 1), (0, 1)): [0, 0, 3, 0, 1]
(0, (0, 1, 1), (0, 2)): [0, 0, 1, 0, 1]
(0, (0, 1, 1), (1, 0)): [0, 1, 1, 2, 0, 2]
(0, (0, 1, 1), (1, 1)): [0, 0, 3]
(0, (0, 1, 1), (1, 2)): [0, 0, 4, 0, 1]
(0, (0, 1, 1), (2, 0)): [0, 0, 0, 2, 0, 2]
(0, (0, 1, 1), (2, 1)): [0, 0, 0, 2, 0, 2]
(0, (0, 1, 1), (2, 2)): [0, 0, 2, 1, 1, 1]
(0, (0, 1, 1), (3, 1)): [0, 0, 0, 0, 0, 1]
(0, (0, 1, 1), (3, 2)): [0, 0, 1, 0, 0, 1]
(0, (1, 0, 0), (0, 0)): [5725, 1995, 1357, 657, 351, 138, 51, 19, 12, 3, 1, 2]
(0, (1, 0, 0), (0, 1)): [39, 11, 9, 3, 5, 1]
(0, (1, 0, 0), (0, 2)): [12, 4, 2, 2, 1]
(0, (1, 0, 0), (1, 0)): [46, 14, 7, 3, 4, 1, 2]
(0, (1, 0, 0), (1, 1)): [33, 8, 5, 3, 4, 1, 1]
(0, (1, 0, 0), (1, 2)): [19, 4, 3, 4, 2]
(0, (1, 0, 0), (2, 0)): [16, 7, 3, 1, 2]
(0, (1, 0, 0), (2, 1)): [19, 8, 4, 1, 3, 0, 1]
(0, (1, 0, 0), (2, 2)): [12, 4, 3, 0, 1]
(0, (1, 0, 0), (3, 0)): [4, 2, 0, 0, 1]
(0, (1, 0, 0), (3, 1)): [7, 6, 1, 0, 1]
(0, (1, 0, 0), (3, 2)): [7, 3, 1, 0, 2]
(0, (1, 0, 1), (0, 0)): [156, 444, 183, 130, 67, 30, 12, 5, 0, 0, 1, 1]
(0, (1, 0, 1), (0, 1)): [1, 2, 0, 0, 0, 1, 1]
(0, (1, 0, 1), (0, 2)): [1, 1]
(0, (1, 0, 1), (1, 0)): [1, 5, 3, 1, 1]
(0, (1, 0, 1), (1, 1)): [1, 4, 3, 0, 0, 1]
(0, (1, 0, 1), (1, 2)): [2, 1, 1]
(0, (1, 0, 1), (2, 0)): [0, 2, 0, 1, 1]
(0, (1, 0, 1), (2, 1)): [0, 2, 1, 0, 1, 1]
(0, (1, 0, 1), (2, 2)): [1, 2, 1, 0, 1]
(0, (1, 0, 1), (3, 0)): [0, 1]
(0, (1, 0, 1), (3, 1)): [0, 1, 0, 0, 0, 1]
(0, (1, 0, 1), (3, 2)): [0, 0, 0, 0, 1, 1]
(0, (1, 1, 0), (0, 0)): [824, 528, 382, 279, 163, 72, 29, 11, 7, 2]
(0, (1, 1, 0), (0, 1)): [6, 6, 4, 1, 2]
(0, (1, 1, 0), (0, 2)): [3, 1, 0, 1, 1]
(0, (1, 1, 0), (1, 0)): [7, 6, 1, 2, 1, 0, 0, 1]
(0, (1, 1, 0), (1, 1)): [4, 4, 3, 1, 1]
(0, (1, 1, 0), (1, 2)): [4, 2, 1, 2, 1]
(0, (1, 1, 0), (2, 0)): [2, 3, 0, 1]
(0, (1, 1, 0), (2, 1)): [1, 4, 0, 0, 1]
(0, (1, 1, 0), (2, 2)): [2, 3]
(0, (1, 1, 0), (3, 0)): [1]
(0, (1, 1, 0), (3, 1)): [2, 0, 0, 0, 1]
(0, (1, 1, 0), (3, 2)): [2, 1, 0, 0, 1]
(0, (1, 1, 1), (0, 0)): [73, 130, 112, 64, 64, 30, 14, 4, 2, 0, 0, 1]
(0, (1, 1, 1), (0, 1)): [0, 0, 1, 0, 0, 3, 0, 1]
(0, (1, 1, 1), (0, 2)): [0, 0, 0, 0, 0, 1]
(0, (1, 1, 1), (1, 0)): [0, 1, 0, 0, 1]
(0, (1, 1, 1), (1, 1)): [0, 1, 1, 0, 1, 1]
(0, (1, 1, 1), (1, 2)): [0, 0, 1, 0, 1, 2]
(0, (1, 1, 1), (2, 1)): [0, 1]
(0, (1, 1, 1), (2, 2)): [0, 1, 1]
(1, (0, 0, 0), (0, 0)): [23437, 2907, 1208, 459, 192, 71, 29, 8, 3, 2, 0, 0, 1]
(1, (0, 0, 0), (0, 1)): [202, 29, 8, 2]
(1, (0, 0, 0), (0, 2)): [71, 6, 1, 1]
(1, (0, 0, 0), (1, 0)): [173, 19, 6, 5, 1]
(1, (0, 0, 0), (1, 1)): [168, 26, 7, 1, 1]
(1, (0, 0, 0), (1, 2)): [118, 13, 2, 0, 1]
(1, (0, 0, 0), (2, 0)): [66, 5, 2, 4]
(1, (0, 0, 0), (2, 1)): [95, 14, 2, 3]
(1, (0, 0, 0), (2, 2)): [99, 11, 0, 1, 1]
(1, (0, 0, 0), (3, 0)): [16, 1, 1, 1]
(1, (0, 0, 0), (3, 1)): [33, 6, 3, 2]
(1, (0, 0, 0), (3, 2)): [49, 6, 2, 2]
(1, (0, 0, 1), (0, 0)): [617, 950, 184, 88, 42, 14, 4, 2, 0, 1]
(1, (0, 0, 1), (0, 1)): [7, 9]
(1, (0, 0, 1), (0, 2)): [4, 3]
(1, (0, 0, 1), (1, 0)): [6, 7, 1, 4]
(1, (0, 0, 1), (1, 1)): [5, 8, 0, 1]
(1, (0, 0, 1), (1, 2)): [7, 5]
(1, (0, 0, 1), (2, 0)): [3, 3, 1, 2]
(1, (0, 0, 1), (2, 1)): [2, 5, 1, 1]
(1, (0, 0, 1), (2, 2)): [4, 3, 0, 1]
(1, (0, 0, 1), (3, 0)): [3, 1, 0, 1]
(1, (0, 0, 1), (3, 1)): [1, 0, 1]
(1, (0, 0, 1), (3, 2)): [4, 2, 1, 1]
(1, (0, 1, 0), (0, 0)): [3280, 1416, 536, 274, 101, 38, 19, 4, 2, 1]
(1, (0, 1, 0), (0, 1)): [30, 3, 1, 3, 1]
(1, (0, 1, 0), (0, 2)): [14, 1, 0, 2]
(1, (0, 1, 0), (1, 0)): [30, 10, 4, 3, 2, 1]
(1, (0, 1, 0), (1, 1)): [28, 2, 2, 1, 1]
(1, (0, 1, 0), (1, 2)): [14, 1, 0, 3, 1]
(1, (0, 1, 0), (2, 0)): [13, 7, 2, 3, 1]
(1, (0, 1, 0), (2, 1)): [23, 3, 2, 2]
(1, (0, 1, 0), (2, 2)): [16, 4, 0, 5]
(1, (0, 1, 0), (3, 0)): [7, 3, 0, 1, 1]
(1, (0, 1, 0), (3, 1)): [10, 1, 2]
(1, (0, 1, 0), (3, 2)): [6, 0, 0, 3]
(1, (0, 1, 1), (0, 0)): [480, 422, 358, 161, 74, 34, 11, 4, 2, 3, 1]
(1, (0, 1, 1), (0, 1)): [2, 2, 1, 2]
(1, (0, 1, 1), (0, 2)): [1, 0, 1, 2]
(1, (0, 1, 1), (1, 0)): [2, 0, 1, 2, 3, 0, 1]
(1, (0, 1, 1), (1, 1)): [0, 1, 0, 0, 1]
(1, (0, 1, 1), (1, 2)): [0, 0, 0, 1]
(1, (0, 1, 1), (2, 0)): [1, 0, 1, 2, 2, 0, 1]
(1, (0, 1, 1), (2, 2)): [0, 0, 0, 1]
(1, (0, 1, 1), (3, 0)): [1, 0, 1, 2, 2, 0, 1]
(1, (0, 1, 1), (3, 2)): [0, 0, 0, 1]
(1, (1, 0, 0), (0, 0)): [8368, 1528, 1065, 442, 209, 78, 29, 9, 5, 2, 0, 1, 1]
(1, (1, 0, 0), (0, 1)): [68, 6, 5, 2, 0, 0, 2]
(1, (1, 0, 0), (0, 2)): [22, 1, 2, 2, 0, 0, 2]
(1, (1, 0, 0), (1, 0)): [64, 18, 9, 3, 2]
(1, (1, 0, 0), (1, 1)): [60, 5, 3, 1, 1]
(1, (1, 0, 0), (1, 2)): [34, 2, 3, 3, 0, 0, 2]
(1, (1, 0, 0), (2, 0)): [21, 4, 2, 2]
(1, (1, 0, 0), (2, 1)): [30, 2, 2, 1]
(1, (1, 0, 0), (2, 2)): [24, 3, 2, 2, 0, 0, 1]
(1, (1, 0, 0), (3, 0)): [6, 2, 0, 1]
(1, (1, 0, 0), (3, 1)): [12]
(1, (1, 0, 0), (3, 2)): [9, 0, 1, 1]
(1, (1, 0, 1), (0, 0)): [749, 762, 269, 209, 85, 36, 15, 4, 0, 1, 1, 1]
(1, (1, 0, 1), (0, 1)): [4, 4, 4, 1, 1]
(1, (1, 0, 1), (0, 2)): [2, 0, 1, 0, 1]
(1, (1, 0, 1), (1, 0)): [4, 5, 1, 0, 1, 0, 1]
(1, (1, 0, 1), (1, 1)): [4, 4, 4, 1, 0, 0, 1]
(1, (1, 0, 1), (1, 2)): [2, 0, 2]
(1, (1, 0, 1), (2, 0)): [1, 1]
(1, (1, 0, 1), (2, 1)): [2, 2, 2]
(1, (1, 0, 1), (2, 2)): [0, 1, 1]
(1, (1, 0, 1), (3, 2)): [0, 0, 1]
(1, (1, 1, 0), (0, 0)): [2308, 737, 467, 357, 161, 59, 20, 8, 2, 4, 0, 0, 1]
(1, (1, 1, 0), (0, 1)): [22, 7, 0, 1, 0, 1]
(1, (1, 1, 0), (0, 2)): [6, 3, 0, 1]
(1, (1, 1, 0), (1, 0)): [23, 14, 5, 7, 0, 0, 1]
(1, (1, 1, 0), (1, 1)): [19, 9, 1, 1, 0, 1]
(1, (1, 1, 0), (1, 2)): [12, 7, 1, 1]
(1, (1, 1, 0), (2, 0)): [5, 4, 2, 3, 0, 0, 1]
(1, (1, 1, 0), (2, 1)): [6, 4, 2, 1, 0, 1]
(1, (1, 1, 0), (2, 2)): [5, 5, 1, 1]
(1, (1, 1, 0), (3, 0)): [2, 1, 0, 2, 0, 0, 1]
(1, (1, 1, 0), (3, 1)): [5, 1, 0, 3, 0, 1]
(1, (1, 1, 0), (3, 2)): [5, 3, 0, 2, 0, 1]
(1, (1, 1, 1), (0, 0)): [480, 400, 256, 141, 119, 51, 15, 8, 3, 3, 0, 0, 1]
(1, (1, 1, 1), (0, 1)): [4, 1, 1, 1, 0, 0, 1]
(1, (1, 1, 1), (0, 2)): [3, 0, 0, 1, 0, 0, 1]
(1, (1, 1, 1), (1, 0)): [1, 1, 2, 2, 1, 1]
(1, (1, 1, 1), (1, 1)): [1, 2, 2, 0, 1]
(1, (1, 1, 1), (1, 2)): [1, 2, 2]
(1, (1, 1, 1), (2, 0)): [0, 0, 1, 1, 0, 1]
(1, (1, 1, 1), (2, 1)): [1, 0, 1, 1, 1]
(1, (1, 1, 1), (2, 2)): [0, 1, 1, 1]
(1, (1, 1, 1), (3, 1)): [0, 0, 1]
(1, (1, 1, 1), (3, 2)): [0, 1]
(2, (0, 0, 0), (0, 0)): [20954, 1070, 371, 113, 50, 7, 3, 2]
(2, (0, 0, 0), (0, 1)): [172, 7, 3]
(2, (0, 0, 0), (0, 2)): [68, 2, 1]
(2, (0, 0, 0), (1, 0)): [157, 7, 2, 1]
(2, (0, 0, 0), (1, 1)): [143, 10, 1]
(2, (0, 0, 0), (1, 2)): [99, 4]
(2, (0, 0, 0), (2, 0)): [56, 2, 1, 1]
(2, (0, 0, 0), (2, 1)): [77, 5, 0, 1]
(2, (0, 0, 0), (2, 2)): [77, 5, 0, 1]
(2, (0, 0, 0), (3, 0)): [17, 1, 1]
(2, (0, 0, 0), (3, 1)): [38, 2, 1]
(2, (0, 0, 0), (3, 2)): [38, 3, 1, 1]
(2, (0, 0, 1), (0, 0)): [2027, 592, 143, 46, 14, 5, 2, 0, 1]
(2, (0, 0, 1), (0, 1)): [19, 1, 1]
(2, (0, 0, 1), (0, 2)): [8]
(2, (0, 0, 1), (1, 0)): [17, 2, 1, 1]
(2, (0, 0, 1), (1, 1)): [18, 1, 1]
(2, (0, 0, 1), (1, 2)): [15, 0, 1]
(2, (0, 0, 1), (2, 0)): [6, 1, 0, 1]
(2, (0, 0, 1), (2, 1)): [6, 1]
(2, (0, 0, 1), (2, 2)): [8, 0, 1]
(2, (0, 0, 1), (3, 0)): [6, 1, 0, 1]
(2, (0, 0, 1), (3, 1)): [4, 1, 0, 1]
(2, (0, 0, 1), (3, 2)): [9, 0, 1]
(2, (0, 1, 0), (0, 0)): [5255, 1043, 327, 103, 37, 14, 4, 1, 1]
(2, (0, 1, 0), (0, 1)): [47, 3, 3]
(2, (0, 1, 0), (0, 2)): [15, 1, 1]
(2, (0, 1, 0), (1, 0)): [50, 4, 4, 2]
(2, (0, 1, 0), (1, 1)): [41, 2, 5]
(2, (0, 1, 0), (1, 2)): [24, 1]
(2, (0, 1, 0), (2, 0)): [33, 2, 0, 2]
(2, (0, 1, 0), (2, 1)): [25, 2, 4]
(2, (0, 1, 0), (2, 2)): [24, 1, 2]
(2, (0, 1, 0), (3, 0)): [22, 0, 0, 2]
(2, (0, 1, 0), (3, 1)): [11, 2, 1]
(2, (0, 1, 0), (3, 2)): [14, 1, 1]
(2, (0, 1, 1), (0, 0)): [1208, 91, 268, 66, 29, 10, 2]
(2, (0, 1, 1), (0, 1)): [7]
(2, (0, 1, 1), (0, 2)): [2]
(2, (0, 1, 1), (1, 0)): [7, 2, 2, 1]
(2, (0, 1, 1), (1, 1)): [4, 1]
(2, (0, 1, 1), (1, 2)): [5]
(2, (0, 1, 1), (2, 0)): [5, 1, 2, 1]
(2, (0, 1, 1), (2, 1)): [1, 1]
(2, (0, 1, 1), (2, 2)): [3]
(2, (0, 1, 1), (3, 0)): [3, 1, 2, 1]
(2, (0, 1, 1), (3, 1)): [1, 1, 1]
(2, (0, 1, 1), (3, 2)): [1, 1, 1]
(2, (1, 0, 0), (0, 0)): [10159, 759, 574, 178, 72, 22, 4, 3]
(2, (1, 0, 0), (0, 1)): [76, 5, 6]
(2, (1, 0, 0), (0, 2)): [30, 1, 1]
(2, (1, 0, 0), (1, 0)): [75, 6, 3, 2]
(2, (1, 0, 0), (1, 1)): [68, 2, 4]
(2, (1, 0, 0), (1, 2)): [37, 1]
(2, (1, 0, 0), (2, 0)): [27, 2, 2, 2]
(2, (1, 0, 0), (2, 1)): [36, 1, 2, 1]
(2, (1, 0, 0), (2, 2)): [29, 1]
(2, (1, 0, 0), (3, 0)): [6, 2, 1]
(2, (1, 0, 0), (3, 1)): [12, 1, 1, 1]
(2, (1, 0, 0), (3, 2)): [11, 2, 0, 1]
(2, (1, 0, 1), (0, 0)): [1990, 430, 177, 106, 55, 11, 4, 1, 1]
(2, (1, 0, 1), (0, 1)): [15, 2, 1]
(2, (1, 0, 1), (0, 2)): [11]
(2, (1, 0, 1), (1, 0)): [10, 2, 2, 0, 1]
(2, (1, 0, 1), (1, 1)): [8, 1]
(2, (1, 0, 1), (1, 2)): [9]
(2, (1, 0, 1), (2, 0)): [1, 0, 1, 0, 1]
(2, (1, 0, 1), (2, 1)): [3, 1]
(2, (1, 0, 1), (2, 2)): [4, 1]
(2, (1, 0, 1), (3, 0)): [1, 0, 1, 0, 1]
(2, (1, 0, 1), (3, 1)): [1]
(2, (1, 0, 1), (3, 2)): [2]
(2, (1, 1, 0), (0, 0)): [3949, 609, 286, 236, 72, 23, 6, 4, 1, 1]
(2, (1, 1, 0), (0, 1)): [39, 2, 1, 2]
(2, (1, 1, 0), (0, 2)): [12]
(2, (1, 1, 0), (1, 0)): [31, 9, 4]
(2, (1, 1, 0), (1, 1)): [30, 3, 3, 1]
(2, (1, 1, 0), (1, 2)): [18, 0, 2]
(2, (1, 1, 0), (2, 0)): [11, 3]
(2, (1, 1, 0), (2, 1)): [15, 1, 1]
(2, (1, 1, 0), (2, 2)): [15, 1, 2]
(2, (1, 1, 0), (3, 0)): [3, 1]
(2, (1, 1, 0), (3, 1)): [10, 1]
(2, (1, 1, 0), (3, 2)): [11, 1]
(2, (1, 1, 1), (0, 0)): [1210, 177, 207, 81, 88, 24, 8, 6, 2, 1]
(2, (1, 1, 1), (0, 1)): [9, 0, 1]
(2, (1, 1, 1), (0, 2)): [6]
(2, (1, 1, 1), (1, 0)): [4, 4, 3, 2, 1]
(2, (1, 1, 1), (1, 1)): [5, 2, 1, 0, 1]
(2, (1, 1, 1), (1, 2)): [4, 0, 0, 0, 1]
(2, (1, 1, 1), (2, 0)): [1, 1, 3, 1]
(2, (1, 1, 1), (2, 1)): [4, 2, 2, 1]
(2, (1, 1, 1), (2, 2)): [4, 1, 2]
(2, (1, 1, 1), (3, 0)): [0, 1, 1]
(2, (1, 1, 1), (3, 1)): [1, 1]
(2, (1, 1, 1), (3, 2)): [3, 1]
