(0, (0, 0, 0), (0, 0)): [14674, 3397, 1773, 923, 406, 215, 79, 42, 16, 7, 4, 4, 1]
(0, (0, 0, 0), (0, 1)): [37, 9, 3, 1, 0, 1]
(0, (0, 0, 0), (0, 2)): [17, 3, 2, 1]
(0, (0, 0, 0), (1, 0)): [30, 10, 1, 0, 0, 2]
(0, (0, 0, 0), (1, 1)): [25, 7, 1, 0, 0, 1]
(0, (0, 0, 0), (1, 2)): [17, 3, 0, 1]
(0, (0, 0, 0), (2, 0)): [8, 4]
(0, (0, 0, 0), (2, 1)): [10, 4, 0, 0, 0, 1]
(0, (0, 0, 0), (2, 2)): [10, 3, 0, 1, 0, 1]
(0, (0, 0, 0), (3, 0)): [6, 3]
(0, (0, 0, 0), (3, 1)): [8, 2]
(0, (0, 0, 0), (3, 2)): [10, 2, 0, 1]
(0, (0, 0, 1), (0, 0)): [76, 259, 69, 56, 19, 7, 4, 3, 2, 0, 1, 1]
(0, (0, 0, 1), (1, 0)): [0, 1]
(0, (0, 0, 1), (2, 0)): [0, 1]
(0, (0, 0, 1), (2, 1)): [0, 1]
(0, (0, 0, 1), (3, 1)): [0, 1]
(0, (0, 0, 1), (3, 2)): [0, 1]
(0, (0, 1, 0), (0, 0)): [573, 593, 244, 106, 66, 43, 11, 10, 1, 2, 2]
(0, (0, 1, 0), (0, 1)): [0, 2, 1]
(0, (0, 1, 0), (0, 2)): [0, 1]
(0, (0, 1, 0), (1, 0)): [1, 2]
(0, (0, 1, 0), (1, 1)): [1]
(0, (0, 1, 0), (2, 0)): [0, 1]
(0, (0, 1, 0), (2, 1)): [1, 1]
(0, (0, 1, 0), (3, 1)): [1]
(0, (0, 1, 1), (0, 0)): [42, 85, 154, 75, 37, 20, 3, 7, 3, 3]
(0, (0, 1, 1), (0, 1)): [0, 0, 0, 1]
(0, (0, 1, 1), (1, 0)): [0, 0, 1]
(0, (0, 1, 1), (1, 1)): [0, 0, 1, 1]
(0, (0, 1, 1), (1, 2)): [0, 0, 0, 1]
(0, (0, 1, 1), (2, 1)): [0, 0, 1]
(0, (0, 1, 1), (2, 2)): [0, 0, 0, 1]
(0, (0, 1, 1), (3, 1)): [0, 0, 1]
(0, (0, 1, 1), (3, 2)): [0, 0, 1, 1]
(0, (1, 0, 0), (0, 0)): [3187, 1182, 861, 499, 233, 118, 38, 27, 11, 4, 2, 3, 1]
(0, (1, 0, 0), (0, 1)): [1, 4, 0, 0, 0, 1]
(0, (1, 0, 0), (0, 2)): [1, 2]
(0, (1, 0, 0), (1, 0)): [11, 2, 0, 1]
(0, (1, 0, 0), (1, 1)): [6, 2, 0, 1]
(0, (1, 0, 0), (1, 2)): [3, 0, 0, 1]
(0, (1, 0, 0), (2, 0)): [2, 1]
(0, (1, 0, 0), (2, 1)): [2, 1]
(0, (1, 0, 0), (2, 2)): [3]
(0, (1, 0, 0), (3, 0)): [1, 1]
(0, (1, 0, 0), (3, 1)): [1, 2]
(0, (1, 0, 0), (3, 2)): [2]
(0, (1, 0, 1), (0, 0)): [77, 316, 139, 81, 57, 18, 9, 3, 4, 0, 0, 1, 1]
(0, (1, 0, 1), (0, 1)): [0, 1]
(0, (1, 0, 1), (0, 2)): [0, 1]
(0, (1, 0, 1), (1, 0)): [0, 0, 0, 0, 1]
(0, (1, 0, 1), (1, 2)): [0, 1]
(0, (1, 0, 1), (2, 2)): [0, 1]
(0, (1, 1, 0), (0, 0)): [448, 295, 268, 212, 114, 67, 21, 17, 6, 1, 3, 2]
(0, (1, 1, 0), (0, 1)): [2, 2, 0, 0, 0, 1]
(0, (1, 1, 0), (1, 1)): [0, 2, 0, 0, 0, 1]
(0, (1, 1, 0), (1, 2)): [0, 1]
(0, (1, 1, 0), (2, 1)): [0, 1, 0, 0, 0, 1]
(0, (1, 1, 0), (2, 2)): [0, 2, 0, 0, 0, 1]
(0, (1, 1, 1), (0, 0)): [38, 80, 57, 63, 70, 29, 13, 5, 4, 1, 2, 1]
(1, (0, 0, 0), (0, 0)): [11808, 1516, 702, 305, 109, 57, 24, 8, 4, 2]
(1, (0, 0, 0), (0, 1)): [30, 4, 2]
(1, (0, 0, 0), (0, 2)): [6, 0, 1]
(1, (0, 0, 0), (1, 0)): [30, 1, 2, 0, 0, 1]
(1, (0, 0, 0), (1, 1)): [25, 2, 3]
(1, (0, 0, 0), (1, 2)): [14, 0, 3]
(1, (0, 0, 0), (2, 0)): [12, 1, 0, 0, 0, 1]
(1, (0, 0, 0), (2, 1)): [13, 2, 1]
(1, (0, 0, 0), (2, 2)): [13, 1, 2]
(1, (0, 0, 0), (3, 0)): [4, 0, 0, 0, 0, 1]
(1, (0, 0, 0), (3, 1)): [5, 0, 1]
(1, (0, 0, 0), (3, 2)): [4, 0, 2]
(1, (0, 0, 1), (0, 0)): [373, 667, 146, 66, 28, 14, 5, 3, 1, 0, 3]
(1, (0, 0, 1), (0, 1)): [0, 0, 1]
(1, (0, 0, 1), (1, 0)): [0, 2]
(1, (0, 0, 1), (1, 1)): [0, 1, 1]
(1, (0, 0, 1), (1, 2)): [0, 0, 1]
(1, (0, 0, 1), (2, 1)): [0, 1]
(1, (0, 0, 1), (3, 1)): [0, 1]
(1, (0, 1, 0), (0, 0)): [1585, 873, 301, 131, 60, 28, 15, 7, 4]
(1, (0, 1, 0), (0, 1)): [2, 1, 1]
(1, (0, 1, 0), (0, 2)): [1, 1]
(1, (0, 1, 0), (1, 0)): [1, 2]
(1, (0, 1, 0), (1, 1)): [0, 0, 1]
(1, (0, 1, 0), (1, 2)): [1, 1, 1]
(1, (0, 1, 0), (2, 0)): [1, 2]
(1, (0, 1, 0), (2, 1)): [1, 1]
(1, (0, 1, 0), (2, 2)): [1, 2]
(1, (0, 1, 0), (3, 1)): [1]
(1, (0, 1, 0), (3, 2)): [1]
(1, (0, 1, 1), (0, 0)): [271, 269, 307, 128, 57, 20, 9, 10, 3, 1, 1, 1]
(1, (0, 1, 1), (0, 1)): [1]
(1, (0, 1, 1), (0, 2)): [1]
(1, (0, 1, 1), (1, 0)): [3, 0, 0, 1]
(1, (0, 1, 1), (1, 1)): [0, 0, 0, 1]
(1, (0, 1, 1), (1, 2)): [1]
(1, (0, 1, 1), (2, 0)): [3]
(1, (0, 1, 1), (2, 1)): [1, 0, 0, 1]
(1, (0, 1, 1), (2, 2)): [1]
(1, (0, 1, 1), (3, 0)): [2]
(1, (0, 1, 1), (3, 1)): [0, 0, 0, 1]
(1, (0, 1, 1), (3, 2)): [1]
(1, (1, 0, 0), (0, 0)): [5020, 1012, 679, 358, 146, 64, 30, 11, 4, 4, 0, 1]
(1, (1, 0, 0), (0, 1)): [7, 1, 0, 1]
(1, (1, 0, 0), (0, 2)): [3, 1]
(1, (1, 0, 0), (1, 0)): [7, 0, 1]
(1, (1, 0, 0), (1, 1)): [5, 0, 0, 1]
(1, (1, 0, 0), (1, 2)): [3, 1]
(1, (1, 0, 0), (2, 0)): [4, 0, 1]
(1, (1, 0, 0), (2, 1)): [3, 0, 1]
(1, (1, 0, 0), (2, 2)): [1, 1]
(1, (1, 0, 0), (3, 0)): [1]
(1, (1, 0, 0), (3, 1)): [3]
(1, (1, 0, 0), (3, 2)): [1]
(1, (1, 0, 1), (0, 0)): [459, 575, 181, 162, 63, 26, 16, 5, 1, 2, 1, 1]
(1, (1, 0, 1), (0, 1)): [1]
(1, (1, 0, 1), (0, 2)): [1]
(1, (1, 0, 1), (1, 0)): [1, 2]
(1, (1, 0, 1), (1, 1)): [1]
(1, (1, 0, 1), (1, 2)): [1]
(1, (1, 1, 0), (0, 0)): [1238, 423, 333, 258, 115, 65, 26, 10, 3, 3]
(1, (1, 1, 0), (0, 1)): [1]
(1, (1, 1, 0), (1, 0)): [2]
(1, (1, 1, 0), (1, 1)): [2]
(1, (1, 1, 0), (1, 2)): [2]
(1, (1, 1, 0), (2, 2)): [1]
(1, (1, 1, 1), (0, 0)): [220, 178, 132, 119, 84, 39, 16, 11, 2, 2, 0, 1]
(1, (1, 1, 1), (0, 1)): [0, 0, 0, 1]
(1, (1, 1, 1), (1, 0)): [1, 0, 1]
(1, (1, 1, 1), (1, 1)): [1, 0, 0, 1]
(1, (1, 1, 1), (2, 1)): [1, 0, 0, 1]
(1, (1, 1, 1), (2, 2)): [0, 0, 0, 1]
(1, (1, 1, 1), (3, 2)): [0, 0, 0, 1]
(2, (0, 0, 0), (0, 0)): [10225, 518, 208, 67, 19, 12, 2, 1]
(2, (0, 0, 0), (0, 1)): [27, 0, 1]
(2, (0, 0, 0), (0, 2)): [16]
(2, (0, 0, 0), (1, 0)): [24, 1, 1]
(2, (0, 0, 0), (1, 1)): [17, 1, 2]
(2, (0, 0, 0), (1, 2)): [18, 0, 2]
(2, (0, 0, 0), (2, 0)): [10]
(2, (0, 0, 0), (2, 1)): [7, 1]
(2, (0, 0, 0), (2, 2)): [10, 0, 1]
(2, (0, 0, 0), (3, 0)): [4]
(2, (0, 0, 0), (3, 1)): [2, 1]
(2, (0, 0, 0), (3, 2)): [7, 1, 1]
(2, (0, 0, 1), (0, 0)): [1241, 389, 88, 32, 13, 5, 2, 1]
(2, (0, 0, 1), (0, 1)): [1]
(2, (0, 0, 1), (0, 2)): [1]
(2, (0, 0, 1), (1, 0)): [2, 1, 0, 0, 0, 1]
(2, (0, 0, 1), (1, 1)): [0, 1]
(2, (0, 0, 1), (2, 0)): [2, 0, 0, 0, 0, 1]
(2, (0, 0, 1), (2, 1)): [1, 1]
(2, (0, 0, 1), (2, 2)): [1]
(2, (0, 0, 1), (3, 0)): [1, 0, 0, 0, 0, 1]
(2, (0, 0, 1), (3, 1)): [0, 1]
(2, (0, 1, 0), (0, 0)): [2748, 772, 193, 58, 26, 12, 3]
(2, (0, 1, 0), (0, 1)): [7, 2, 1]
(2, (0, 1, 0), (0, 2)): [1, 0, 1]
(2, (0, 1, 0), (1, 0)): [4]
(2, (0, 1, 0), (1, 1)): [7, 1]
(2, (0, 1, 0), (1, 2)): [2, 1, 1]
(2, (0, 1, 0), (2, 0)): [1]
(2, (0, 1, 0), (2, 1)): [6]
(2, (0, 1, 0), (2, 2)): [4]
(2, (0, 1, 0), (3, 1)): [2]
(2, (0, 1, 0), (3, 2)): [3]
(2, (0, 1, 1), (0, 0)): [668, 69, 168, 61, 28, 8, 5]
(2, (0, 1, 1), (0, 1)): [1, 0, 1]
(2, (0, 1, 1), (1, 0)): [2, 0, 0, 0, 0, 1]
(2, (0, 1, 1), (1, 1)): [2, 0, 1]
(2, (0, 1, 1), (1, 2)): [1, 0, 1]
(2, (0, 1, 1), (2, 0)): [1, 0, 0, 0, 0, 1]
(2, (0, 1, 1), (2, 2)): [0, 0, 1]
(2, (0, 1, 1), (3, 0)): [1, 0, 0, 0, 0, 1]
(2, (0, 1, 1), (3, 1)): [1]
(2, (1, 0, 0), (0, 0)): [6320, 531, 355, 133, 44, 20, 6, 2, 1]
(2, (1, 0, 0), (0, 1)): [13, 1, 1]
(2, (1, 0, 0), (0, 2)): [8, 0, 1]
(2, (1, 0, 0), (1, 0)): [15, 0, 1, 0, 0, 1]
(2, (1, 0, 0), (1, 1)): [9, 1]
(2, (1, 0, 0), (1, 2)): [5, 1]
(2, (1, 0, 0), (2, 0)): [5]
(2, (1, 0, 0), (2, 1)): [6]
(2, (1, 0, 0), (2, 2)): [5, 1]
(2, (1, 0, 0), (3, 0)): [2]
(2, (1, 0, 0), (3, 1)): [3]
(2, (1, 0, 0), (3, 2)): [4]
(2, (1, 0, 1), (0, 0)): [1232, 315, 161, 97, 37, 15, 7, 3, 1]
(2, (1, 0, 1), (0, 1)): [4]
(2, (1, 0, 1), (0, 2)): [2]
(2, (1, 0, 1), (1, 0)): [2, 1, 0, 1, 0, 1]
(2, (1, 0, 1), (1, 1)): [1]
(2, (1, 0, 1), (1, 2)): [2]
(2, (1, 0, 1), (2, 0)): [2, 1, 0, 1]
(2, (1, 0, 1), (2, 1)): [0, 0, 0, 1]
(2, (1, 0, 1), (2, 2)): [1]
(2, (1, 0, 1), (3, 0)): [1]
(2, (1, 0, 1), (3, 1)): [1, 0, 0, 1]
(2, (1, 0, 1), (3, 2)): [2]
(2, (1, 1, 0), (0, 0)): [2085, 362, 215, 142, 54, 27, 3, 0, 1, 1]
(2, (1, 1, 0), (0, 1)): [2, 0, 0, 1]
(2, (1, 1, 0), (1, 0)): [2, 0, 1, 0, 1]
(2, (1, 1, 0), (1, 1)): [1]
(2, (1, 1, 0), (2, 0)): [1]
(2, (1, 1, 0), (2, 1)): [1]
(2, (1, 1, 1), (0, 0)): [636, 91, 105, 67, 59, 26, 9, 3, 1]
(2, (1, 1, 1), (1, 0)): [2]
