(0, (0, 0, 0)): [516650, 97179, 43982, 19589, 8433, 3490, 1389, 581, 204, 91, 32, 16, 6, 3]
(0, (0, 0, 1)): [2270, 5506, 1378, 704, 310, 128, 47, 18, 6, 6, 1, 0, 0, 1]
(0, (0, 1, 0)): [19056, 15547, 6115, 2924, 1336, 536, 233, 99, 33, 19, 4, 0, 1, 1]
(0, (0, 1, 1)): [1700, 2360, 2683, 1309, 661, 301, 122, 63, 26, 15, 3, 1, 1]
(0, (1, 0, 0)): [108278, 33080, 21204, 10176, 4695, 2072, 833, 360, 136, 61, 20, 10, 5]
(0, (1, 0, 1)): [2935, 7185, 2886, 1970, 1021, 440, 213, 81, 34, 15, 8, 2, 1, 1]
(0, (1, 1, 0)): [14929, 8645, 6266, 4514, 2274, 1114, 445, 202, 74, 37, 8, 8, 2]
(0, (1, 1, 1)): [1689, 2378, 2040, 1437, 1122, 583, 266, 122, 50, 23, 5, 3, 2]
(1, (0, 0, 0)): [422468, 43753, 17672, 6892, 2603, 949, 363, 131, 50, 17, 9, 4, 1, 1]
(1, (0, 0, 1)): [11039, 13641, 2645, 1123, 458, 179, 64, 17, 7, 2, 1, 0, 1]
(1, (0, 1, 0)): [55334, 21757, 8147, 3421, 1363, 496, 157, 77, 22, 6, 7, 0, 2]
(1, (0, 1, 1)): [8933, 6140, 5334, 2100, 1121, 429, 161, 72, 21, 10, 0, 3]
(1, (1, 0, 0)): [154419, 24917, 16609, 6828, 2758, 1010, 404, 145, 63, 18, 7, 4, 1, 1]
(1, (1, 0, 1)): [13125, 13100, 4130, 2762, 1171, 438, 193, 72, 17, 7, 0, 2]
(1, (1, 1, 0)): [43007, 12143, 7806, 5769, 2296, 904, 350, 144, 61, 14, 6, 3, 3, 1]
(1, (1, 1, 1)): [9416, 6080, 4102, 2546, 1798, 759, 291, 116, 36, 14, 3, 4, 1, 1]
(2, (0, 0, 0)): [367691, 16361, 5300, 1716, 524, 159, 57, 11, 1, 2, 3]
(2, (0, 0, 1)): [30026, 8487, 1747, 601, 218, 64, 11, 4, 2]
(2, (0, 1, 0)): [84668, 16416, 4694, 1644, 553, 170, 44, 17, 2, 5, 4]
(2, (0, 1, 1)): [18423, 1440, 3649, 1005, 407, 117, 42, 10, 6, 0, 1]
(2, (1, 0, 0)): [185123, 12172, 8529, 2694, 809, 259, 104, 22, 3, 4, 3]
(2, (1, 0, 1)): [32280, 7029, 2538, 1669, 544, 171, 63, 17, 8, 4]
(2, (1, 1, 0)): [73587, 10452, 5103, 3718, 1192, 367, 123, 42, 11, 8, 2, 1]
(2, (1, 1, 1)): [21278, 2641, 3355, 1575, 1207, 351, 126, 42, 10, 1, 1]
