(0, (0, 0, 0)): [14953, 3347, 1689, 858, 363, 163, 78, 40, 13, 9, 3, 4, 1]
(0, (0, 0, 1)): [68, 221, 66, 30, 15, 5, 2, 0, 1, 2]
(0, (0, 1, 0)): [553, 587, 245, 110, 64, 32, 16, 11, 6, 4, 0, 1]
(0, (0, 1, 1)): [39, 108, 128, 57, 29, 13, 10, 3, 2]
(0, (1, 0, 0)): [3297, 1308, 800, 462, 205, 94, 45, 26, 9, 5, 2, 2, 1]
(0, (1, 0, 1)): [90, 337, 151, 103, 53, 26, 13, 8, 1, 0, 1, 1]
(0, (1, 1, 0)): [500, 363, 278, 208, 103, 44, 26, 13, 6, 2, 0, 2, 1]
(0, (1, 1, 1)): [57, 102, 89, 85, 62, 24, 21, 10, 3, 0, 1]
(1, (0, 0, 0)): [11871, 1361, 663, 291, 102, 42, 19, 8, 3, 1, 1, 1]
(1, (0, 0, 1)): [341, 546, 111, 45, 26, 11, 9, 2, 2, 1]
(1, (0, 1, 0)): [1740, 851, 298, 122, 56, 29, 7, 7, 1, 1, 1, 1]
(1, (0, 1, 1)): [305, 297, 282, 120, 56, 21, 9, 3, 3, 2]
(1, (1, 0, 0)): [5003, 1015, 636, 326, 119, 49, 23, 13, 5, 4, 1]
(1, (1, 0, 1)): [433, 552, 183, 127, 59, 33, 11, 3, 2, 1]
(1, (1, 1, 0)): [1382, 494, 353, 244, 103, 52, 31, 9, 3, 2]
(1, (1, 1, 1)): [343, 271, 183, 138, 80, 32, 15, 2, 6, 3]
(2, (0, 0, 0)): [10106, 471, 210, 59, 20, 10, 2, 1]
(2, (0, 0, 1)): [1121, 355, 72, 34, 11, 7, 2, 2]
(2, (0, 1, 0)): [2773, 694, 183, 69, 13, 3, 2, 1]
(2, (0, 1, 1)): [688, 52, 172, 42, 26, 10, 2, 0, 0, 1]
(2, (1, 0, 0)): [6284, 485, 330, 111, 37, 13, 6, 3, 0, 1]
(2, (1, 0, 1)): [1140, 297, 150, 79, 23, 10, 6, 1]
(2, (1, 1, 0)): [2409, 395, 241, 148, 43, 21, 8, 5]
(2, (1, 1, 1)): [741, 104, 156, 69, 46, 25, 8, 1]
