(0, (0, 0, 0)): [1742967, 354693, 163373, 74416, 33223, 14210, 5883, 2390, 977, 424, 173, 94, 33, 17, 4, 1, 1, 1]
(0, (0, 0, 1)): [6676, 20515, 5670, 2699, 1305, 550, 246, 104, 41, 21, 10, 3, 4, 3]
(0, (0, 1, 0)): [63301, 59476, 23335, 11412, 5462, 2342, 1005, 424, 178, 97, 30, 13, 5, 6, 2, 0, 1]
(0, (0, 1, 1)): [5136, 8941, 10623, 4958, 2590, 1260, 524, 232, 122, 50, 13, 10, 2, 2, 2, 0, 1, 1]
(0, (1, 0, 0)): [368418, 123439, 79168, 39206, 18673, 8402, 3505, 1478, 630, 274, 126, 55, 22, 11, 3, 1, 1, 1]
(0, (1, 0, 1)): [8711, 26989, 10930, 7725, 4042, 1871, 895, 350, 173, 67, 36, 17, 7, 2, 2, 0, 0, 1]
(0, (1, 1, 0)): [51567, 32899, 24570, 17680, 9402, 4430, 1867, 875, 366, 167, 77, 32, 10, 4, 0, 0, 1]
(0, (1, 1, 1)): [4850, 9544, 7836, 5685, 4618, 2292, 1047, 506, 233, 98, 50, 18, 5, 3, 1, 0, 1]
(1, (0, 0, 0)): [1420327, 157607, 64599, 25636, 9952, 3772, 1476, 534, 190, 78, 29, 20, 7, 3, 0, 1]
(1, (0, 0, 1)): [38452, 55398, 11019, 4729, 1952, 808, 298, 114, 54, 20, 12, 6, 4, 2]
(1, (0, 1, 0)): [192550, 84431, 30933, 13409, 5399, 2128, 749, 334, 102, 48, 26, 9, 9, 2, 1]
(1, (0, 1, 1)): [30114, 25243, 21987, 8875, 4617, 1825, 719, 295, 130, 43, 12, 7, 2, 2, 0, 1]
(1, (1, 0, 0)): [534360, 95078, 61825, 26285, 10680, 4228, 1692, 595, 244, 104, 38, 28, 5, 3, 0, 2]
(1, (1, 0, 1)): [43434, 50333, 16126, 10849, 4665, 1925, 763, 287, 99, 62, 17, 7, 0, 1]
(1, (1, 1, 0)): [149042, 45700, 30354, 21969, 9231, 3829, 1496, 597, 241, 97, 37, 20, 9, 5, 1]
(1, (1, 1, 1)): [30260, 24288, 15374, 9935, 7441, 3178, 1290, 482, 207, 73, 24, 18, 9, 4, 1, 1]
(2, (0, 0, 0)): [1237166, 57616, 19341, 6148, 2060, 659, 223, 79, 11, 7, 5, 0, 1]
(2, (0, 0, 1)): [115492, 34399, 7184, 2441, 850, 302, 88, 29, 7, 3, 0, 1]
(2, (0, 1, 0)): [305634, 63918, 17683, 6228, 2069, 688, 204, 65, 15, 10, 6, 0, 1]
(2, (0, 1, 1)): [70068, 5943, 14978, 4176, 1655, 551, 185, 58, 21, 5, 4, 1, 0, 1]
(2, (1, 0, 0)): [647470, 47011, 31343, 9939, 3247, 1032, 403, 116, 23, 13, 7, 1, 1]
(2, (1, 0, 1)): [113355, 26925, 10609, 6606, 2135, 719, 239, 78, 27, 9, 2, 3, 1]
(2, (1, 1, 0)): [255471, 38918, 19560, 13512, 4409, 1406, 481, 161, 49, 23, 8, 2, 2, 1]
(2, (1, 1, 1)): [74430, 10856, 12464, 6150, 4585, 1446, 493, 167, 54, 10, 9, 3, 1, 1]
