(0, (0, 0, 0)): [9009, 1504, 662, 307, 124, 53, 18, 9, 2, 0, 1]
(0, (0, 0, 1)): [40, 122, 34, 18, 8, 3, 1]
(0, (0, 1, 0)): [251, 213, 80, 51, 13, 8, 3, 0, 0, 0, 1]
(0, (0, 1, 1)): [20, 41, 49, 17, 15, 4]
(0, (1, 0, 0)): [1947, 663, 374, 183, 84, 34, 12, 5, 1, 0, 1]
(0, (1, 0, 1)): [47, 108, 50, 43, 10, 7, 1]
(0, (1, 1, 0)): [209, 157, 128, 91, 52, 19, 8, 2, 1, 0, 1]
(0, (1, 1, 1)): [27, 54, 49, 32, 25, 11, 7, 3, 1, 1, 1]
(1, (0, 0, 0)): [7082, 649, 229, 82, 32, 13, 3, 4, 1]
(1, (0, 0, 1)): [249, 353, 57, 25, 8, 4, 0, 1]
(1, (0, 1, 0)): [1096, 498, 173, 54, 22, 3, 4, 2]
(1, (0, 1, 1)): [175, 141, 126, 59, 23, 6, 4, 2]
(1, (1, 0, 0)): [2776, 497, 241, 110, 40, 15, 4, 4, 1]
(1, (1, 0, 1)): [208, 257, 69, 51, 23, 6, 2, 1, 1]
(1, (1, 1, 0)): [678, 240, 164, 103, 35, 13, 3, 1, 1]
(1, (1, 1, 1)): [133, 143, 73, 65, 27, 13, 5, 2, 1]
(2, (0, 0, 0)): [6029, 190, 67, 13, 1, 3, 1]
(2, (0, 0, 1)): [722, 219, 42, 10, 1, 1, 2]
(2, (0, 1, 0)): [1776, 371, 79, 28, 5, 0, 1, 1]
(2, (0, 1, 1)): [471, 53, 91, 32, 7, 6, 1]
(2, (1, 0, 0)): [3262, 243, 97, 25, 6, 4, 1]
(2, (1, 0, 1)): [519, 151, 67, 32, 9, 4, 1]
(2, (1, 1, 0)): [1013, 166, 86, 37, 8, 3, 2]
(2, (1, 1, 1)): [325, 58, 55, 22, 10, 5, 1]
