(0, (0, 0, 0), (0, 0)): [152661, 30403, 13935, 6307, 2855, 1235, 530, 209, 74, 36, 20, 3, 5, 3, 2]
(0, (0, 0, 1), (0, 0)): [776, 2451, 725, 322, 167, 61, 38, 20, 3, 2, 0, 0, 2]
(0, (0, 1, 0), (0, 0)): [4709, 4951, 1868, 825, 438, 204, 77, 28, 22, 9, 4]
(0, (0, 1, 0), (1, 0)): [13, 8, 0, 1]
(0, (0, 1, 0), (2, 0)): [7, 6, 0, 1]
(0, (0, 1, 0), (3, 0)): [6, 5, 0, 1]
(0, (0, 1, 1), (0, 0)): [403, 783, 1012, 464, 251, 113, 49, 20, 9, 1, 1, 1, 0, 1, 1]
(0, (1, 0, 0), (0, 0)): [34542, 12249, 7257, 3636, 1659, 744, 338, 131, 45, 22, 15, 2, 4, 3, 2]
(0, (1, 0, 1), (0, 0)): [801, 2312, 1082, 700, 390, 173, 94, 33, 18, 9, 3, 3, 1, 0, 1]
(0, (1, 1, 0), (0, 0)): [4445, 2940, 2432, 1607, 859, 408, 186, 80, 27, 15, 13, 0, 1, 1]
(0, (1, 1, 1), (0, 0)): [476, 824, 698, 599, 481, 237, 98, 52, 19, 13, 8, 0, 0, 1, 1]
(1, (0, 0, 0), (0, 0)): [119914, 12656, 5067, 1961, 816, 334, 114, 46, 11, 8, 3, 1]
(1, (0, 0, 1), (0, 0)): [4275, 6580, 1304, 503, 227, 97, 32, 17, 7, 1, 0, 2, 1]
(1, (0, 1, 0), (0, 0)): [18431, 9135, 3076, 1219, 487, 196, 75, 33, 5, 4, 1, 2, 2]
(1, (0, 1, 0), (1, 0)): [30, 17, 7, 4, 2, 1]
(1, (0, 1, 0), (1, 1)): [21, 12, 4, 4]
(1, (0, 1, 0), (1, 2)): [12, 5, 3]
(1, (0, 1, 0), (2, 2)): [10, 2, 3, 2]
(1, (0, 1, 0), (3, 2)): [11, 1, 3, 4]
(1, (0, 1, 1), (0, 0)): [3020, 2645, 2783, 1071, 469, 186, 72, 28, 10, 4, 3, 2, 0, 1]
(1, (1, 0, 0), (0, 0)): [49450, 9388, 5324, 2330, 913, 405, 135, 53, 17, 9, 5, 3, 1, 2]
(1, (1, 0, 1), (0, 0)): [3846, 4904, 1820, 1037, 446, 206, 70, 31, 10, 11, 4, 1]
(1, (1, 1, 0), (0, 0)): [12339, 3976, 2795, 1879, 783, 336, 117, 46, 23, 8, 3, 2, 0, 3]
(1, (1, 1, 1), (0, 0)): [2317, 1944, 1240, 910, 609, 272, 103, 46, 16, 3, 1, 0, 0, 1]
(2, (0, 0, 0), (0, 0)): [102553, 4180, 1358, 430, 156, 52, 15, 8, 1, 1, 1]
(2, (0, 0, 1), (0, 0)): [13292, 4529, 754, 233, 81, 34, 14]
(2, (0, 1, 0), (0, 0)): [30071, 6876, 1663, 529, 164, 60, 16, 7, 1, 1]
(2, (0, 1, 1), (0, 0)): [7952, 714, 1869, 484, 158, 55, 17, 4, 3, 0, 1]
(2, (0, 1, 1), (0, 1)): [10, 2, 3, 1, 1]
(2, (0, 1, 1), (0, 2)): [6, 0, 2, 1, 1]
(2, (0, 1, 1), (1, 2)): [3, 0, 1, 1, 1]
(2, (1, 0, 0), (0, 0)): [60129, 4721, 2337, 779, 253, 81, 32, 13, 3, 0, 1]
(2, (1, 0, 1), (0, 0)): [10229, 2895, 1247, 578, 174, 69, 25, 7, 3, 0, 0, 1]
(2, (1, 1, 0), (0, 0)): [19285, 3071, 1668, 945, 305, 101, 26, 11, 4, 1, 2, 0, 0, 1]
(2, (1, 1, 1), (0, 0)): [5688, 909, 980, 543, 328, 101, 34, 13, 6, 1, 2, 0, 0, 1]
(2, (1, 1, 1), (1, 0)): [11, 5, 2, 5, 0, 1]
(2, (1, 1, 1), (1, 1)): [5, 0, 3, 3]
(2, (1, 1, 1), (1, 2)): [4, 0, 2, 1, 0, 1]
