(0, (0, 0, 0)): [34779, 6795, 3139, 1484, 695, 311, 135, 52, 11, 9, 7, 3, 0, 2]
(0, (0, 0, 1)): [87, 259, 70, 40, 25, 14, 7, 0, 2, 1, 1]
(0, (0, 1, 0)): [1293, 1227, 458, 264, 132, 42, 23, 10, 0, 1, 1, 3]
(0, (0, 1, 1)): [94, 174, 203, 100, 53, 24, 14, 3, 3, 2, 1]
(0, (1, 0, 0)): [6468, 1996, 1417, 716, 381, 168, 73, 33, 6, 5, 4, 0, 0, 2]
(0, (1, 0, 1)): [152, 399, 164, 125, 76, 32, 14, 8, 2, 3, 0, 1, 0, 1]
(0, (1, 1, 0)): [1062, 632, 396, 337, 187, 88, 38, 21, 2, 1, 3]
(0, (1, 1, 1)): [105, 184, 132, 101, 99, 52, 16, 10, 2, 2, 2]
(1, (0, 0, 0)): [26969, 3087, 1325, 539, 214, 101, 29, 10, 2, 4, 1]
(1, (0, 0, 1)): [677, 954, 206, 96, 36, 11, 7, 5, 0, 0, 0, 1]
(1, (0, 1, 0)): [3462, 1484, 576, 241, 86, 37, 23, 7, 1, 0, 1, 0, 1]
(1, (0, 1, 1)): [513, 431, 332, 156, 94, 28, 9, 7, 2, 2, 1]
(1, (1, 0, 0)): [9383, 1555, 1180, 524, 224, 98, 28, 13, 5, 5]
(1, (1, 0, 1)): [829, 877, 260, 193, 95, 33, 16, 8, 3, 1, 1, 0, 1]
(1, (1, 1, 0)): [2928, 836, 545, 433, 174, 80, 29, 11, 3, 3, 0, 1]
(1, (1, 1, 1)): [633, 471, 271, 176, 165, 51, 24, 14, 2, 2, 1]
(2, (0, 0, 0)): [23925, 1192, 421, 130, 52, 20, 2, 2, 1]
(2, (0, 0, 1)): [2166, 551, 150, 55, 17, 5, 2, 1]
(2, (0, 1, 0)): [5782, 1137, 351, 132, 56, 17, 9, 1]
(2, (0, 1, 1)): [1297, 98, 232, 106, 35, 12, 2, 1]
(2, (1, 0, 0)): [11348, 788, 614, 203, 79, 30, 2, 3, 1]
(2, (1, 0, 1)): [2184, 454, 189, 140, 52, 18, 6]
(2, (1, 1, 0)): [4755, 664, 335, 273, 89, 34, 6, 2, 1]
(2, (1, 1, 1)): [1540, 194, 236, 129, 103, 32, 5, 4, 1]
