(0, (0, 0, 0)): [26714, 5132, 2330, 1095, 460, 172, 76, 27, 13, 5, 3, 0, 1]
(0, (0, 0, 1)): [131, 306, 91, 43, 17, 8, 3, 1, 1]
(0, (0, 1, 0)): [1072, 892, 334, 192, 92, 27, 14, 2, 2, 2]
(0, (0, 1, 1)): [95, 132, 155, 79, 35, 11, 5, 7, 1]
(0, (1, 0, 0)): [5827, 1887, 1132, 580, 261, 90, 43, 15, 12, 4, 2, 0, 1]
(0, (1, 0, 1)): [172, 369, 166, 116, 57, 24, 14, 6, 1, 0, 1]
(0, (1, 1, 0)): [812, 491, 351, 254, 124, 55, 25, 8, 8, 2, 0, 0, 1]
(0, (1, 1, 1)): [84, 112, 118, 87, 73, 24, 15, 4, 2]
(1, (0, 0, 0)): [21617, 2285, 933, 360, 140, 57, 19, 5, 2, 0, 1]
(1, (0, 0, 1)): [632, 779, 146, 72, 28, 7, 3, 0, 1, 1]
(1, (0, 1, 0)): [3189, 1297, 465, 219, 79, 24, 14, 3, 3, 1]
(1, (0, 1, 1)): [542, 402, 311, 115, 66, 27, 8, 6, 3, 2]
(1, (1, 0, 0)): [8010, 1403, 916, 361, 160, 64, 21, 7, 3, 1, 2]
(1, (1, 0, 1)): [712, 755, 224, 156, 55, 19, 5, 0, 2, 1]
(1, (1, 1, 0)): [2395, 715, 439, 337, 128, 47, 17, 5, 2, 0, 1, 1, 1]
(1, (1, 1, 1)): [547, 313, 221, 152, 96, 39, 14, 3, 3, 1, 1]
(2, (0, 0, 0)): [18672, 838, 250, 88, 25, 6, 4]
(2, (0, 0, 1)): [1792, 530, 99, 36, 10, 6, 2]
(2, (0, 1, 0)): [4652, 925, 252, 112, 25, 9, 3, 1, 0, 2, 1]
(2, (0, 1, 1)): [1115, 87, 228, 58, 22, 6, 1, 1, 1]
(2, (1, 0, 0)): [9528, 630, 446, 128, 48, 16, 6, 1]
(2, (1, 0, 1)): [1800, 387, 157, 91, 20, 8, 2, 1]
(2, (1, 1, 0)): [3976, 619, 303, 209, 77, 21, 5, 4, 1, 2]
(2, (1, 1, 1)): [1189, 151, 212, 90, 62, 17, 6, 4]
