(0, (0, 0, 0)): [30638, 5748, 2525, 1095, 492, 198, 78, 34, 7, 11, 1]
(0, (0, 0, 1)): [86, 297, 78, 42, 8, 3, 0, 2, 0, 1]
(0, (0, 1, 0)): [1085, 1079, 424, 184, 87, 33, 19, 9, 4, 2]
(0, (0, 1, 1)): [68, 166, 194, 75, 50, 13, 11, 3, 1]
(0, (1, 0, 0)): [5628, 1902, 1212, 532, 284, 125, 48, 27, 3, 8, 1]
(0, (1, 0, 1)): [131, 419, 161, 121, 53, 32, 13, 6, 3, 1]
(0, (1, 1, 0)): [789, 499, 353, 240, 158, 68, 24, 16, 2, 5, 1]
(0, (1, 1, 1)): [62, 121, 109, 79, 71, 37, 16, 7, 2, 3]
(1, (0, 0, 0)): [23959, 2599, 1002, 424, 150, 45, 15, 1, 1]
(1, (0, 0, 1)): [627, 969, 194, 76, 25, 12, 3, 0, 0, 1]
(1, (0, 1, 0)): [3287, 1381, 491, 218, 75, 41, 7, 1, 1, 1]
(1, (0, 1, 1)): [445, 455, 357, 125, 73, 20, 11, 4, 1, 1]
(1, (1, 0, 0)): [8290, 1509, 914, 391, 156, 56, 24, 8, 3, 1]
(1, (1, 0, 1)): [700, 720, 259, 169, 66, 29, 10, 3, 0, 1]
(1, (1, 1, 0)): [2325, 663, 421, 316, 135, 57, 17, 6, 4]
(1, (1, 1, 1)): [461, 353, 229, 146, 108, 42, 17, 5, 5]
(2, (0, 0, 0)): [21072, 969, 325, 104, 32, 7, 0, 0, 1]
(2, (0, 0, 1)): [2069, 587, 114, 28, 16, 7]
(2, (0, 1, 0)): [5257, 1054, 307, 103, 27, 11, 1, 0, 1]
(2, (0, 1, 1)): [1110, 100, 230, 55, 26, 8, 2]
(2, (1, 0, 0)): [10136, 746, 485, 149, 47, 13, 1, 0, 1]
(2, (1, 0, 1)): [1916, 439, 146, 95, 25, 6]
(2, (1, 1, 0)): [4010, 566, 304, 188, 66, 13, 4, 1, 1]
(2, (1, 1, 1)): [1115, 152, 178, 93, 68, 20, 6, 0, 1]
