(0, (0, 0, 0)): [17266, 3093, 1399, 568, 250, 111, 41, 13, 5, 0, 4]
(0, (0, 0, 1)): [116, 265, 88, 25, 16, 5, 3, 1]
(0, (0, 1, 0)): [500, 535, 203, 80, 38, 13, 5, 1, 2, 1, 1]
(0, (0, 1, 1)): [52, 61, 98, 47, 21, 14, 3, 1]
(0, (1, 0, 0)): [3931, 1325, 717, 344, 146, 60, 23, 9, 2, 0, 3]
(0, (1, 0, 1)): [93, 211, 102, 48, 33, 6, 4, 2, 1]
(0, (1, 1, 0)): [520, 330, 255, 150, 88, 35, 14, 5, 1, 1, 2]
(0, (1, 1, 1)): [54, 88, 74, 53, 49, 18, 7, 4, 1, 1, 1]
(1, (0, 0, 0)): [13498, 1257, 491, 159, 70, 37, 11, 3, 2, 0, 1]
(1, (0, 0, 1)): [555, 786, 138, 46, 21, 7, 4, 2]
(1, (0, 1, 0)): [2180, 1022, 349, 131, 36, 20, 8, 5, 1]
(1, (0, 1, 1)): [368, 303, 299, 108, 43, 23, 2, 3]
(1, (1, 0, 0)): [5336, 949, 485, 198, 75, 38, 12, 1, 3]
(1, (1, 0, 1)): [360, 447, 189, 87, 31, 16, 6, 1, 1]
(1, (1, 1, 0)): [1326, 385, 266, 178, 77, 29, 13, 2, 3]
(1, (1, 1, 1)): [259, 210, 117, 86, 55, 26, 11, 4, 2]
(2, (0, 0, 0)): [11739, 406, 139, 39, 14, 4, 2, 1, 0, 0, 1]
(2, (0, 0, 1)): [1475, 511, 76, 22, 7, 0, 1]
(2, (0, 1, 0)): [3714, 802, 190, 49, 7, 4, 1, 1]
(2, (0, 1, 1)): [897, 93, 185, 34, 18, 4, 2]
(2, (1, 0, 0)): [6408, 468, 213, 70, 19, 6, 4, 2, 0, 0, 1]
(2, (1, 0, 1)): [928, 263, 125, 42, 11, 2, 2]
(2, (1, 1, 0)): [2014, 273, 158, 77, 21, 10, 3, 2, 0, 0, 1]
(2, (1, 1, 1)): [611, 102, 81, 37, 29, 8, 6, 2, 1, 1, 1]
