(0, (0, 0, 0)): [2067975, 424238, 195407, 89582, 40256, 17323, 7203, 2897, 1182, 509, 230, 113, 37, 21, 6, 1, 1, 1]
(0, (0, 0, 1)): [7608, 23610, 6477, 3159, 1522, 667, 290, 115, 49, 28, 17, 3, 4, 3]
(0, (0, 1, 0)): [76306, 71913, 28285, 14047, 6686, 2914, 1263, 511, 212, 112, 39, 17, 6, 6, 3, 0, 1]
(0, (0, 1, 1)): [6080, 10728, 12720, 5958, 3128, 1522, 646, 278, 141, 59, 18, 13, 3, 4, 2, 0, 1, 1]
(0, (1, 0, 0)): [434089, 144250, 93766, 46741, 22443, 10127, 4206, 1796, 755, 324, 159, 65, 24, 16, 4, 1, 1, 1]
(0, (1, 0, 1)): [10208, 31397, 12720, 9107, 4799, 2238, 1053, 418, 208, 86, 45, 19, 8, 3, 2, 0, 0, 1]
(0, (1, 1, 0)): [61767, 39165, 29054, 21179, 11305, 5325, 2275, 1047, 441, 197, 96, 37, 12, 5, 1, 0, 1]
(0, (1, 1, 1)): [5876, 11654, 9380, 6805, 5593, 2809, 1297, 609, 294, 124, 63, 23, 6, 4, 1, 0, 1]
(1, (0, 0, 0)): [1688851, 189419, 77654, 30909, 12162, 4631, 1821, 635, 228, 94, 35, 23, 7, 3, 0, 1]
(1, (0, 0, 1)): [45672, 65595, 13121, 5752, 2335, 979, 372, 131, 67, 24, 14, 8, 4, 2]
(1, (0, 1, 0)): [228641, 99408, 36819, 16074, 6502, 2607, 907, 406, 117, 60, 32, 10, 10, 2, 1]
(1, (0, 1, 1)): [35584, 30090, 26024, 10594, 5520, 2166, 865, 349, 153, 50, 16, 8, 2, 2, 0, 1]
(1, (1, 0, 0)): [631004, 111421, 73587, 31471, 12902, 5131, 2043, 726, 287, 121, 46, 32, 5, 3, 0, 2]
(1, (1, 0, 1)): [51462, 58747, 18858, 12878, 5612, 2312, 918, 356, 123, 73, 21, 7, 1, 1]
(1, (1, 1, 0)): [177864, 53888, 35875, 26329, 11076, 4614, 1804, 722, 278, 113, 44, 25, 9, 5, 1]
(1, (1, 1, 1)): [36419, 29242, 18313, 11899, 9114, 3859, 1584, 600, 242, 87, 30, 21, 9, 4, 1, 1]
(2, (0, 0, 0)): [1473939, 69966, 23392, 7423, 2497, 798, 274, 91, 19, 8, 5, 0, 1]
(2, (0, 0, 1)): [138407, 40493, 8641, 2951, 1060, 366, 102, 34, 8, 5, 0, 2]
(2, (0, 1, 0)): [365341, 75692, 21272, 7580, 2570, 844, 261, 78, 19, 12, 7, 0, 1]
(2, (0, 1, 1)): [84170, 7102, 17675, 5125, 2033, 666, 219, 71, 23, 6, 4, 1, 0, 1]
(2, (1, 0, 0)): [763790, 55389, 37408, 11897, 3969, 1257, 482, 138, 36, 15, 7, 1, 1]
(2, (1, 0, 1)): [134937, 31569, 12480, 7978, 2657, 864, 295, 86, 30, 10, 2, 4, 1]
(2, (1, 1, 0)): [303156, 45765, 23120, 16267, 5322, 1709, 584, 193, 62, 27, 10, 2, 2, 1]
(2, (1, 1, 1)): [89623, 13054, 14858, 7492, 5671, 1757, 598, 199, 66, 15, 10, 4, 1, 1]
