(0, (0, 0, 0)): [14645, 2892, 1402, 645, 276, 132, 56, 19, 13, 3, 0, 1]
(0, (0, 0, 1)): [51, 185, 61, 23, 5, 1, 3, 1]
(0, (0, 1, 0)): [457, 453, 187, 91, 46, 23, 9, 4, 2, 1]
(0, (0, 1, 1)): [36, 82, 98, 47, 24, 11, 6, 3, 1, 1]
(0, (1, 0, 0)): [3261, 1113, 694, 331, 158, 82, 30, 12, 8, 3]
(0, (1, 0, 1)): [61, 225, 85, 53, 29, 20, 6, 0, 3]
(0, (1, 1, 0)): [449, 279, 227, 155, 93, 37, 15, 8, 3, 2]
(0, (1, 1, 1)): [42, 79, 83, 51, 42, 17, 9, 4, 3, 1]
(1, (0, 0, 0)): [11697, 1227, 539, 228, 84, 38, 12, 3, 3, 0, 0, 1]
(1, (0, 0, 1)): [304, 482, 87, 31, 13, 10, 3, 4, 1]
(1, (0, 1, 0)): [1552, 728, 271, 111, 35, 19, 8, 4]
(1, (0, 1, 1)): [251, 213, 202, 87, 48, 18, 3, 3, 0, 0, 0, 1]
(1, (1, 0, 0)): [4689, 862, 584, 224, 102, 36, 11, 5, 2, 0, 0, 1]
(1, (1, 0, 1)): [308, 456, 147, 94, 31, 16, 6, 2, 1, 1]
(1, (1, 1, 0)): [1369, 426, 321, 195, 97, 35, 13, 5, 3]
(1, (1, 1, 1)): [291, 230, 174, 98, 72, 34, 15, 4, 1, 0, 0, 1]
(2, (0, 0, 0)): [10050, 425, 134, 47, 15, 9, 4, 0, 1]
(2, (0, 0, 1)): [877, 276, 46, 21, 3, 3, 1]
(2, (0, 1, 0)): [2418, 542, 139, 56, 17, 6, 5]
(2, (0, 1, 1)): [560, 48, 124, 39, 13, 6, 2]
(2, (1, 0, 0)): [5663, 417, 241, 72, 26, 12, 3, 1, 1]
(2, (1, 0, 1)): [841, 235, 73, 47, 12, 6, 2, 1, 1]
(2, (1, 1, 0)): [2515, 388, 212, 103, 44, 20, 4, 1, 1]
(2, (1, 1, 1)): [731, 103, 137, 65, 37, 15, 1, 1, 1]
