(0, (0, 0, 0), (0, 0)): [268, 39, 16, 8, 4, 1, 1]
(0, (0, 0, 1), (0, 0)): [0, 4, 4]
(0, (0, 1, 0), (0, 0)): [12, 3, 1, 1]
(0, (0, 1, 1), (0, 0)): [0, 1, 1, 1]
(0, (1, 0, 0), (0, 0)): [50, 16, 5, 5, 2, 0, 1]
(0, (1, 1, 0), (0, 0)): [7, 5, 1, 3, 1, 0, 1]
(0, (1, 1, 1), (0, 0)): [1, 1, 0, 1, 0, 1, 1]
(1, (0, 0, 0), (0, 0)): [215, 20, 5, 2, 2, 1]
(1, (0, 0, 1), (0, 0)): [12, 11, 2]
(1, (0, 1, 0), (0, 0)): [30, 14, 2, 1]
(1, (0, 1, 1), (0, 0)): [6, 6, 4, 4, 0, 1]
(1, (1, 0, 0), (0, 0)): [75, 11, 3, 2, 1, 1]
(1, (1, 1, 0), (0, 0)): [17, 6, 0, 4, 1]
(1, (1, 1, 1), (0, 0)): [2, 2, 1, 4, 1, 1]
(2, (0, 0, 0), (0, 0)): [186, 4, 3, 1, 2]
(2, (0, 0, 1), (0, 0)): [31, 11, 1, 0, 1]
(2, (0, 1, 0), (0, 0)): [44, 9, 2, 1]
(2, (0, 1, 1), (0, 0)): [13, 3, 5]
(2, (1, 0, 0), (0, 0)): [98, 3, 4, 2, 1]
(2, (1, 0, 1), (0, 0)): [11, 4, 3, 1]
(2, (1, 1, 0), (0, 0)): [23, 3, 5, 1, 1]
(2, (1, 1, 1), (0, 0)): [7, 2, 2, 1, 1]
