(0, (0, 0, 0)): [630873, 128200, 60724, 27976, 12720, 5619, 2349, 986, 421, 200, 82, 40, 21, 6, 3, 1, 0, 1]
(0, (0, 0, 1)): [2663, 8609, 2429, 1123, 566, 254, 111, 65, 28, 13, 4, 1, 3, 1]
(0, (0, 1, 0)): [20385, 20209, 7955, 3781, 1890, 855, 353, 154, 70, 40, 14, 5, 2, 0, 1]
(0, (0, 1, 1)): [1827, 3237, 4111, 1871, 1019, 486, 206, 93, 48, 17, 6, 5, 0, 2, 1, 0, 0, 1]
(0, (1, 0, 0)): [139538, 47626, 30376, 15179, 7370, 3382, 1461, 626, 272, 131, 57, 25, 13, 4, 2, 1, 0, 1]
(0, (1, 0, 1)): [3107, 10386, 4289, 2932, 1587, 737, 368, 156, 72, 31, 13, 9, 4, 0, 1, 0, 0, 1]
(0, (1, 1, 0)): [19160, 12602, 9952, 6911, 3800, 1813, 806, 390, 164, 73, 36, 14, 6, 1]
(0, (1, 1, 1)): [1956, 3654, 3068, 2406, 1917, 949, 443, 228, 101, 40, 26, 10, 1, 1, 1]
(1, (0, 0, 0)): [503090, 55490, 23227, 9334, 3716, 1451, 556, 215, 87, 36, 14, 10, 5, 2, 0, 1]
(1, (0, 0, 1)): [14238, 21852, 4309, 1822, 774, 326, 131, 61, 30, 9, 5, 4, 3, 1]
(1, (0, 1, 0)): [68598, 32855, 11598, 4933, 2024, 830, 297, 140, 36, 26, 12, 7, 5, 1, 1]
(1, (0, 1, 1)): [11680, 9995, 9545, 3783, 1931, 780, 317, 134, 70, 18, 8, 4, 1, 2, 0, 1]
(1, (1, 0, 0)): [203049, 37343, 23475, 10279, 4157, 1722, 672, 245, 119, 53, 20, 15, 3, 2, 0, 2]
(1, (1, 0, 1)): [15651, 20156, 6657, 4278, 1816, 803, 297, 122, 51, 38, 12, 3, 0, 1]
(1, (1, 1, 0)): [55408, 17593, 12394, 8493, 3713, 1611, 639, 254, 103, 50, 18, 9, 5, 4, 1]
(1, (1, 1, 1)): [11477, 9375, 6075, 4124, 2977, 1306, 545, 202, 95, 35, 14, 10, 5, 2, 1, 1]
(2, (0, 0, 0)): [432199, 19347, 6725, 2139, 754, 264, 93, 33, 7, 2, 2, 0, 1]
(2, (0, 0, 1)): [42774, 13965, 2656, 903, 319, 129, 42, 10, 1, 2, 0, 1]
(2, (0, 1, 0)): [110990, 25394, 6454, 2252, 738, 260, 81, 19, 5, 1, 1, 0, 1]
(2, (0, 1, 1)): [26754, 2372, 6301, 1666, 642, 219, 82, 31, 11, 4, 2, 1, 0, 1]
(2, (1, 0, 0)): [248364, 18832, 11487, 3698, 1243, 390, 157, 50, 12, 6, 3, 0, 1]
(2, (1, 0, 1)): [40414, 10571, 4392, 2474, 779, 278, 102, 31, 12, 3, 0, 2, 1]
(2, (1, 1, 0)): [95916, 15308, 7932, 4996, 1637, 559, 169, 60, 23, 9, 5, 0, 2, 1]
(2, (1, 1, 1)): [28052, 4248, 4810, 2488, 1689, 584, 183, 69, 30, 6, 5, 0, 1, 1]
