(0, (0, 0, 0), (0, 0)): [1057135, 209431, 97112, 44284, 19736, 8481, 3517, 1470, 591, 273, 112, 53, 26, 8, 3, 1, 0, 1]
(0, (0, 0, 0), (0, 1)): [18972, 3428, 1649, 726, 325, 135, 47, 26, 6, 5, 1, 0, 2, 1, 0, 1]
(0, (0, 0, 0), (0, 2)): [6944, 1085, 528, 231, 102, 30, 17, 10, 2, 1, 0, 0, 1]
(0, (0, 0, 0), (1, 0)): [17589, 3782, 1909, 852, 412, 173, 81, 30, 11, 5, 3]
(0, (0, 0, 0), (1, 1)): [16132, 3082, 1535, 698, 336, 134, 46, 24, 6, 3, 3, 0, 1, 1, 0, 1]
(0, (0, 0, 0), (1, 2)): [10430, 1742, 827, 357, 188, 71, 23, 11, 5, 2, 0, 0, 2]
(0, (0, 0, 0), (2, 0)): [5812, 1396, 741, 365, 163, 79, 38, 13, 4, 2, 1]
(0, (0, 0, 0), (2, 1)): [8588, 1813, 966, 459, 211, 87, 38, 20, 3, 1, 1, 0, 0, 1]
(0, (0, 0, 0), (2, 2)): [8260, 1503, 773, 348, 170, 74, 22, 11, 3, 3, 1, 0, 2]
(0, (0, 0, 0), (3, 0)): [1899, 490, 304, 164, 69, 41, 17, 5, 3, 0, 1]
(0, (0, 0, 0), (3, 1)): [3462, 864, 526, 273, 109, 54, 21, 13, 4]
(0, (0, 0, 0), (3, 2)): [4748, 995, 614, 293, 135, 56, 16, 10, 5, 2, 0, 0, 2]
(0, (0, 0, 1), (0, 0)): [4443, 13162, 3576, 1708, 828, 349, 152, 73, 33, 17, 4, 1, 3, 1]
(0, (0, 0, 1), (0, 1)): [80, 199, 61, 21, 13, 6, 2, 1, 0, 1, 0, 0, 0, 1]
(0, (0, 0, 1), (0, 2)): [33, 80, 17, 6, 5, 1]
(0, (0, 0, 1), (1, 0)): [74, 181, 49, 29, 19, 9, 1, 2, 1]
(0, (0, 0, 1), (1, 1)): [68, 141, 47, 18, 15, 6, 1, 1, 0, 1, 0, 0, 0, 1]
(0, (0, 0, 1), (1, 2)): [47, 105, 26, 11, 8, 0, 1, 1, 0, 1]
(0, (0, 0, 1), (2, 1)): [41, 83, 27, 13, 9, 5]
(0, (0, 0, 1), (2, 2)): [49, 78, 22, 8, 7, 1]
(0, (0, 0, 1), (3, 1)): [17, 33, 12, 8, 6, 4, 0, 1]
(0, (0, 0, 1), (3, 2)): [27, 41, 12, 7, 6, 4, 0, 1]
(0, (0, 1, 0), (0, 0)): [35740, 33033, 12902, 6136, 3006, 1302, 544, 231, 99, 57, 17, 5, 3, 2, 1]
(0, (0, 1, 0), (0, 1)): [606, 503, 191, 91, 32, 21, 8, 5, 1]
(0, (0, 1, 0), (0, 2)): [241, 158, 65, 26, 7, 9, 3, 0, 1]
(0, (0, 1, 0), (1, 0)): [575, 504, 210, 109, 55, 28, 10, 2, 1]
(0, (0, 1, 0), (1, 1)): [495, 421, 174, 84, 35, 14, 7, 5]
(0, (0, 1, 0), (1, 2)): [329, 259, 95, 51, 18, 10, 3, 2, 1]
(0, (0, 1, 0), (2, 0)): [202, 182, 70, 42, 21, 18, 4, 0, 1]
(0, (0, 1, 0), (2, 1)): [254, 219, 92, 48, 17, 16, 5, 3]
(0, (0, 1, 0), (2, 2)): [261, 188, 86, 40, 14, 7, 6, 1, 1]
(0, (0, 1, 0), (3, 0)): [74, 67, 32, 26, 14, 6, 2, 0, 1]
(0, (0, 1, 0), (3, 1)): [103, 96, 48, 29, 18, 8, 1, 1]
(0, (0, 1, 0), (3, 2)): [161, 118, 65, 31, 18, 6, 5]
(0, (0, 1, 1), (0, 0)): [3151, 5213, 6350, 2965, 1579, 723, 312, 151, 69, 28, 9, 6, 1, 2, 1, 0, 0, 1]
(0, (0, 1, 1), (0, 1)): [48, 68, 98, 41, 23, 7, 5, 3]
(0, (0, 1, 1), (0, 2)): [26, 24, 35, 13, 12, 4, 3, 2]
(0, (0, 1, 1), (1, 0)): [62, 104, 133, 67, 42, 17, 5, 5, 4, 0, 0, 1]
(0, (0, 1, 1), (1, 1)): [35, 64, 86, 40, 24, 4, 3, 2, 1]
(0, (0, 1, 1), (1, 2)): [30, 33, 45, 21, 16, 5, 3, 2, 1]
(0, (0, 1, 1), (2, 0)): [40, 57, 65, 35, 22, 13, 3, 4, 3, 0, 0, 1]
(0, (0, 1, 1), (2, 1)): [26, 45, 62, 27, 15, 3, 2, 4, 2]
(0, (0, 1, 1), (2, 2)): [32, 34, 44, 17, 9, 4, 2, 2, 2]
(0, (0, 1, 1), (3, 0)): [24, 34, 32, 24, 16, 11, 1, 1, 0, 0, 0, 1]
(0, (0, 1, 1), (3, 1)): [12, 24, 26, 13, 10, 0, 0, 1, 1]
(0, (0, 1, 1), (3, 2)): [18, 20, 34, 14, 8, 3, 2, 3, 2]
(0, (1, 0, 0), (0, 0)): [228357, 75493, 47946, 23720, 11303, 5071, 2156, 929, 386, 175, 77, 34, 16, 4, 2, 1, 0, 1]
(0, (1, 0, 0), (0, 1)): [4011, 1092, 790, 371, 191, 85, 30, 14, 6]
(0, (1, 0, 0), (0, 2)): [1535, 326, 257, 101, 54, 22, 12, 2, 5]
(0, (1, 0, 0), (1, 0)): [3486, 1149, 847, 404, 203, 73, 42, 15, 6, 6, 2]
(0, (1, 0, 0), (1, 1)): [2970, 881, 661, 310, 153, 57, 23, 14, 5, 4]
(0, (1, 0, 0), (1, 2)): [1930, 473, 369, 155, 76, 27, 16, 7, 3, 2]
(0, (1, 0, 0), (2, 0)): [1092, 380, 278, 156, 83, 33, 13, 6, 2, 2, 2]
(0, (1, 0, 0), (2, 1)): [1426, 441, 343, 184, 94, 38, 14, 6, 3, 3]
(0, (1, 0, 0), (2, 2)): [1335, 355, 276, 131, 68, 23, 14, 7, 2, 3]
(0, (1, 0, 0), (3, 0)): [321, 134, 107, 69, 42, 10, 3, 4, 0, 1, 1]
(0, (1, 0, 0), (3, 1)): [547, 192, 153, 96, 60, 16, 4, 2, 3, 1, 1]
(0, (1, 0, 0), (3, 2)): [677, 220, 166, 89, 63, 17, 6, 5, 2, 3]
(0, (1, 0, 1), (0, 0)): [5421, 16382, 6657, 4592, 2466, 1101, 553, 228, 104, 47, 21, 11, 5, 1, 1, 0, 0, 1]
(0, (1, 0, 1), (0, 1)): [84, 236, 98, 66, 31, 13, 11, 2, 1, 0, 0, 0, 1]
(0, (1, 0, 1), (0, 2)): [30, 88, 26, 25, 11, 7, 4, 0, 1]
(0, (1, 0, 1), (1, 0)): [80, 259, 97, 79, 38, 16, 2, 3, 4, 1, 1]
(0, (1, 0, 1), (1, 1)): [71, 183, 67, 51, 29, 11, 6, 1, 2, 0, 1]
(0, (1, 0, 1), (1, 2)): [55, 101, 33, 28, 12, 9, 3, 1, 2]
(0, (1, 0, 1), (2, 0)): [31, 94, 43, 27, 15, 9, 0, 3, 1, 1]
(0, (1, 0, 1), (2, 1)): [25, 114, 42, 31, 19, 6, 1, 0, 2, 0, 1]
(0, (1, 0, 1), (2, 2)): [45, 93, 29, 21, 13, 5, 2, 1, 1, 0, 1]
(0, (1, 0, 1), (3, 0)): [17, 34, 18, 13, 7, 6, 0, 3]
(0, (1, 0, 1), (3, 1)): [12, 43, 16, 14, 11, 4]
(0, (1, 0, 1), (3, 2)): [16, 45, 25, 10, 10, 3, 1, 0, 1, 0, 1]
(0, (1, 1, 0), (0, 0)): [31159, 19911, 15149, 10752, 5682, 2738, 1173, 562, 225, 97, 44, 21, 7, 1]
(0, (1, 1, 0), (0, 1)): [585, 319, 220, 168, 93, 36, 15, 11, 2, 0, 1]
(0, (1, 1, 0), (0, 2)): [238, 113, 73, 53, 36, 13, 8, 6]
(0, (1, 1, 0), (1, 0)): [455, 287, 233, 171, 93, 49, 16, 10, 1, 3]
(0, (1, 1, 0), (1, 1)): [383, 219, 172, 126, 58, 30, 12, 9, 2, 1, 1]
(0, (1, 1, 0), (1, 2)): [267, 121, 93, 72, 39, 15, 4, 10, 1, 1]
(0, (1, 1, 0), (2, 0)): [130, 94, 74, 61, 35, 20, 5, 4, 1, 1]
(0, (1, 1, 0), (2, 1)): [183, 119, 75, 74, 39, 19, 9, 5, 1, 1]
(0, (1, 1, 0), (2, 2)): [183, 101, 70, 56, 29, 16, 3, 7, 1, 2]
(0, (1, 1, 0), (3, 0)): [32, 31, 29, 20, 13, 7, 2, 1, 1]
(0, (1, 1, 0), (3, 1)): [67, 48, 39, 36, 18, 11, 7, 2, 2]
(0, (1, 1, 0), (3, 2)): [102, 57, 42, 40, 18, 10, 2, 4, 1]
(0, (1, 1, 1), (0, 0)): [3084, 5781, 4789, 3615, 2854, 1431, 664, 336, 141, 59, 31, 12, 2, 1, 1]
(0, (1, 1, 1), (0, 1)): [74, 92, 85, 57, 37, 22, 8, 5, 4, 2, 1, 1]
(0, (1, 1, 1), (0, 2)): [35, 41, 27, 17, 18, 5, 2, 1, 3, 0, 0, 1]
(0, (1, 1, 1), (1, 0)): [50, 107, 103, 70, 65, 32, 8, 9, 2, 0, 1]
(0, (1, 1, 1), (1, 1)): [53, 77, 86, 56, 31, 22, 8, 7, 1, 1, 1]
(0, (1, 1, 1), (1, 2)): [45, 55, 45, 22, 13, 12, 3, 2, 4, 0, 0, 1]
(0, (1, 1, 1), (2, 0)): [13, 40, 26, 29, 32, 10, 2, 3, 1, 0, 1]
(0, (1, 1, 1), (2, 1)): [28, 36, 37, 32, 26, 13, 3, 3, 1]
(0, (1, 1, 1), (2, 2)): [28, 37, 36, 26, 15, 11, 3, 3, 1, 0, 0, 1]
(0, (1, 1, 1), (3, 0)): [2, 14, 13, 14, 11, 2, 1, 2, 0, 0, 1]
(0, (1, 1, 1), (3, 1)): [5, 19, 14, 19, 9, 4, 1, 1, 0, 0, 1]
(0, (1, 1, 1), (3, 2)): [10, 14, 21, 20, 11, 7, 3, 0, 1, 0, 0, 1]
(1, (0, 0, 0), (0, 0)): [852396, 91957, 37851, 15016, 5861, 2238, 873, 331, 128, 52, 23, 13, 6, 2, 0, 1]
(1, (0, 0, 0), (0, 1)): [15361, 1538, 667, 248, 89, 23, 11, 8, 1, 0, 0, 0, 0, 1]
(1, (0, 0, 0), (0, 2)): [5667, 461, 193, 68, 23, 6, 1, 1]
(1, (0, 0, 0), (1, 0)): [14808, 1832, 798, 298, 134, 49, 21, 8, 0, 1, 0, 0, 0, 0, 0, 1]
(1, (0, 0, 0), (1, 1)): [13253, 1446, 597, 219, 98, 37, 17, 7, 1, 1, 0, 0, 0, 1]
(1, (0, 0, 0), (1, 2)): [8428, 737, 287, 124, 55, 23, 8, 2]
(1, (0, 0, 0), (2, 0)): [5119, 708, 358, 123, 53, 21, 8, 5, 0, 0, 0, 0, 0, 0, 0, 1]
(1, (0, 0, 0), (2, 1)): [7351, 893, 385, 138, 63, 20, 9, 6, 0, 1]
(1, (0, 0, 0), (2, 2)): [6979, 672, 298, 113, 50, 27, 11, 4]
(1, (0, 0, 0), (3, 0)): [1638, 258, 172, 57, 26, 9, 5, 1, 0, 0, 0, 0, 0, 0, 0, 1]
(1, (0, 0, 0), (3, 1)): [3084, 477, 250, 87, 48, 7, 3, 3]
(1, (0, 0, 0), (3, 2)): [3966, 484, 251, 89, 45, 17, 10, 3]
(1, (0, 0, 1), (0, 0)): [23154, 32975, 6508, 2753, 1163, 480, 183, 72, 34, 11, 5, 4, 4, 1]
(1, (0, 0, 1), (0, 1)): [387, 399, 93, 30, 14, 7, 5]
(1, (0, 0, 1), (0, 2)): [160, 127, 30, 7, 2, 1, 3]
(1, (0, 0, 1), (1, 0)): [397, 553, 113, 56, 26, 12, 5, 3, 1]
(1, (0, 0, 1), (1, 1)): [349, 393, 79, 33, 17, 6, 2, 2]
(1, (0, 0, 1), (1, 2)): [260, 213, 33, 13, 11, 2, 2]
(1, (0, 0, 1), (2, 0)): [171, 230, 48, 28, 13, 7, 5, 1, 1]
(1, (0, 0, 1), (2, 1)): [164, 235, 44, 20, 9, 7, 5, 2]
(1, (0, 0, 1), (2, 2)): [181, 174, 33, 15, 7, 2, 1]
(1, (0, 0, 1), (3, 0)): [77, 91, 28, 19, 8, 3, 2, 1, 1]
(1, (0, 0, 1), (3, 1)): [94, 118, 19, 12, 4, 3, 3, 2]
(1, (0, 0, 1), (3, 2)): [116, 106, 26, 11, 6, 2, 3]
(1, (0, 1, 0), (0, 0)): [113372, 51118, 18292, 7724, 3149, 1224, 433, 204, 55, 31, 19, 7, 7, 2, 1]
(1, (0, 1, 0), (0, 1)): [1789, 701, 264, 106, 31, 14, 6, 2, 1]
(1, (0, 1, 0), (0, 2)): [706, 244, 79, 23, 9, 5, 2]
(1, (0, 1, 0), (1, 0)): [2098, 943, 336, 193, 84, 27, 12, 4, 0, 0, 1, 0, 0, 1]
(1, (0, 1, 0), (1, 1)): [1564, 605, 248, 108, 38, 14, 7, 3, 1, 0, 0, 0, 0, 1]
(1, (0, 1, 0), (1, 2)): [1009, 360, 143, 43, 15, 6, 5, 2]
(1, (0, 1, 0), (2, 0)): [920, 420, 149, 105, 43, 16, 8, 3, 0, 0, 1]
(1, (0, 1, 0), (2, 1)): [843, 368, 124, 77, 32, 11, 6, 2, 0, 0, 1, 0, 0, 1]
(1, (0, 1, 0), (2, 2)): [796, 326, 120, 40, 21, 4, 3, 1]
(1, (0, 1, 0), (3, 0)): [499, 198, 65, 72, 29, 9, 5, 2]
(1, (0, 1, 0), (3, 1)): [420, 164, 58, 47, 20, 8, 3, 1, 0, 0, 0, 0, 0, 1]
(1, (0, 1, 0), (3, 2)): [453, 185, 80, 42, 23, 0, 4, 1, 0, 0, 0, 0, 0, 1]
(1, (0, 1, 1), (0, 0)): [18830, 15133, 13939, 5530, 2845, 1131, 449, 189, 86, 25, 8, 6, 1, 2, 0, 1]
(1, (0, 1, 1), (0, 1)): [248, 173, 140, 60, 27, 15, 6, 2]
(1, (0, 1, 1), (0, 2)): [126, 56, 45, 19, 7, 4, 2]
(1, (0, 1, 1), (1, 0)): [441, 345, 257, 123, 83, 31, 12, 8, 3, 1]
(1, (0, 1, 1), (1, 1)): [200, 153, 135, 54, 28, 7, 5, 4]
(1, (0, 1, 1), (1, 2)): [155, 86, 76, 35, 13, 5, 2]
(1, (0, 1, 1), (2, 0)): [296, 224, 150, 84, 65, 28, 10, 6, 3, 1]
(1, (0, 1, 1), (2, 1)): [123, 98, 75, 33, 14, 8, 7, 2]
(1, (0, 1, 1), (2, 2)): [114, 84, 70, 31, 17, 2, 2, 2]
(1, (0, 1, 1), (3, 0)): [243, 180, 117, 64, 57, 24, 6, 6, 3, 1]
(1, (0, 1, 1), (3, 1)): [59, 45, 34, 17, 5, 6, 5]
(1, (0, 1, 1), (3, 2)): [70, 58, 38, 18, 9, 3, 1, 1]
(1, (1, 0, 0), (0, 0)): [330458, 58291, 37270, 15926, 6446, 2560, 1014, 365, 166, 69, 27, 19, 4, 2, 0, 2]
(1, (1, 0, 0), (0, 1)): [5739, 801, 616, 251, 97, 33, 14, 3, 1, 2]
(1, (1, 0, 0), (0, 2)): [2075, 245, 217, 73, 29, 10, 6, 1, 0, 2]
(1, (1, 0, 0), (1, 0)): [5474, 968, 701, 323, 137, 45, 24, 9, 1, 2, 0, 0, 1, 0, 0, 1]
(1, (1, 0, 0), (1, 1)): [4606, 676, 518, 209, 82, 29, 13, 6, 1, 0, 0, 0, 0, 0, 0, 1]
(1, (1, 0, 0), (1, 2)): [2840, 351, 301, 102, 45, 16, 5, 4, 0, 1]
(1, (1, 0, 0), (2, 0)): [1768, 352, 266, 150, 58, 23, 10, 0, 1, 2, 0, 0, 1]
(1, (1, 0, 0), (2, 1)): [2362, 398, 317, 140, 56, 17, 10, 2, 2, 0, 0, 0, 0, 0, 0, 1]
(1, (1, 0, 0), (2, 2)): [2151, 299, 266, 97, 39, 11, 5, 3, 1, 1]
(1, (1, 0, 0), (3, 0)): [529, 120, 87, 65, 26, 10, 4, 0, 0, 2, 0, 0, 1]
(1, (1, 0, 0), (3, 1)): [897, 212, 151, 87, 31, 12, 6, 1, 0, 1, 0, 0, 0, 0, 0, 1]
(1, (1, 0, 0), (3, 2)): [1106, 207, 161, 81, 29, 12, 5, 1, 1, 1, 0, 0, 0, 0, 0, 1]
(1, (1, 0, 1), (0, 0)): [26259, 31096, 10094, 6571, 2804, 1173, 459, 181, 62, 44, 12, 4, 0, 1]
(1, (1, 0, 1), (0, 1)): [463, 415, 118, 100, 44, 17, 9, 2, 3, 2]
(1, (1, 0, 1), (0, 2)): [202, 130, 40, 31, 7, 6, 4, 1, 0, 1]
(1, (1, 0, 1), (1, 0)): [448, 500, 169, 118, 62, 17, 5, 1, 0, 2]
(1, (1, 0, 1), (1, 1)): [357, 337, 107, 87, 45, 6, 7, 1, 2]
(1, (1, 0, 1), (1, 2)): [268, 178, 57, 48, 16, 5, 6, 1, 0, 1]
(1, (1, 0, 1), (2, 0)): [171, 172, 56, 38, 23, 10, 1, 1, 0, 1]
(1, (1, 0, 1), (2, 1)): [166, 179, 61, 45, 27, 6, 4, 0, 2]
(1, (1, 0, 1), (2, 2)): [174, 140, 50, 28, 17, 3, 5, 0, 1]
(1, (1, 0, 1), (3, 0)): [65, 71, 18, 16, 10, 5, 0, 0, 0, 1]
(1, (1, 0, 1), (3, 1)): [72, 81, 21, 21, 18, 6]
(1, (1, 0, 1), (3, 2)): [86, 77, 30, 20, 17, 6, 3, 0, 1]
(1, (1, 1, 0), (0, 0)): [90310, 28060, 18904, 13314, 5648, 2355, 926, 368, 154, 60, 23, 13, 7, 4, 1]
(1, (1, 1, 0), (0, 1)): [1629, 426, 268, 207, 82, 31, 18, 5, 2]
(1, (1, 1, 0), (0, 2)): [654, 164, 87, 72, 25, 8, 4, 0, 1]
(1, (1, 1, 0), (1, 0)): [1460, 492, 343, 263, 110, 42, 21, 8, 1, 2, 0, 0, 2, 1]
(1, (1, 1, 0), (1, 1)): [1207, 344, 242, 172, 77, 30, 18, 7, 0, 2]
(1, (1, 1, 0), (1, 2)): [888, 215, 136, 105, 40, 14, 8, 1]
(1, (1, 1, 0), (2, 0)): [505, 176, 117, 103, 42, 16, 5, 2, 1, 0, 0, 0, 2, 1]
(1, (1, 1, 0), (2, 1)): [605, 208, 143, 99, 40, 18, 9, 3, 0, 1, 0, 0, 1]
(1, (1, 1, 0), (2, 2)): [640, 169, 96, 76, 37, 13, 4, 1]
(1, (1, 1, 0), (3, 0)): [142, 68, 36, 36, 25, 11, 3, 2, 1, 0, 0, 0, 1]
(1, (1, 1, 0), (3, 1)): [260, 99, 68, 56, 28, 11, 8, 3, 0, 1, 0, 0, 1]
(1, (1, 1, 0), (3, 2)): [339, 102, 70, 44, 31, 14, 8, 4, 0, 1, 0, 0, 1]
(1, (1, 1, 1), (0, 0)): [18726, 14702, 9512, 6244, 4480, 1927, 775, 289, 121, 44, 17, 14, 6, 2, 1, 1]
(1, (1, 1, 1), (0, 1)): [395, 246, 160, 102, 82, 29, 14, 4, 3]
(1, (1, 1, 1), (0, 2)): [200, 85, 58, 32, 33, 8, 7]
(1, (1, 1, 1), (1, 0)): [340, 259, 178, 117, 87, 38, 17, 6, 2, 2, 0, 1, 1]
(1, (1, 1, 1), (1, 1)): [287, 182, 132, 93, 72, 28, 6, 4, 1]
(1, (1, 1, 1), (1, 2)): [222, 97, 88, 54, 36, 20, 7]
(1, (1, 1, 1), (2, 0)): [102, 103, 69, 46, 27, 18, 11, 3, 1, 1, 0, 1, 1]
(1, (1, 1, 1), (2, 1)): [143, 120, 77, 56, 43, 13, 9, 4, 1, 1, 0, 1]
(1, (1, 1, 1), (2, 2)): [154, 84, 68, 60, 34, 14, 6, 1]
(1, (1, 1, 1), (3, 0)): [19, 38, 23, 20, 8, 11, 4, 0, 1, 0, 0, 0, 1]
(1, (1, 1, 1), (3, 1)): [37, 66, 30, 26, 19, 10, 5, 3, 0, 0, 0, 0, 1]
(1, (1, 1, 1), (3, 2)): [75, 54, 34, 36, 22, 12, 3, 2]
(2, (0, 0, 0), (0, 0)): [736359, 32973, 11124, 3584, 1195, 393, 142, 42, 8, 4, 5, 0, 1]
(2, (0, 0, 0), (0, 1)): [13277, 567, 198, 47, 27, 6, 6, 1]
(2, (0, 0, 0), (0, 2)): [4788, 151, 40, 14, 6, 1, 1, 1]
(2, (0, 0, 0), (1, 0)): [13432, 777, 254, 76, 31, 10, 3, 0, 0, 0, 0, 0, 1]
(2, (0, 0, 0), (1, 1)): [11796, 596, 209, 40, 27, 5, 6]
(2, (0, 0, 0), (1, 2)): [7392, 269, 88, 23, 12, 3, 3]
(2, (0, 0, 0), (2, 0)): [4884, 296, 118, 48, 15, 6, 1, 0, 0, 0, 0, 0, 1]
(2, (0, 0, 0), (2, 1)): [6841, 366, 134, 41, 9, 4, 3]
(2, (0, 0, 0), (2, 2)): [6208, 275, 100, 27, 11, 4, 1]
(2, (0, 0, 0), (3, 0)): [1667, 113, 65, 25, 11, 3, 1, 0, 0, 0, 0, 0, 1]
(2, (0, 0, 0), (3, 1)): [3115, 181, 91, 32, 10, 5, 2]
(2, (0, 0, 0), (3, 2)): [3927, 209, 99, 26, 7, 4]
(2, (0, 0, 1), (0, 0)): [67242, 20944, 4071, 1408, 505, 181, 52, 13, 3, 2, 0, 1]
(2, (0, 0, 1), (0, 1)): [1077, 297, 64, 22, 10, 3, 1]
(2, (0, 0, 1), (0, 2)): [416, 74, 20, 4, 2, 1]
(2, (0, 0, 1), (1, 0)): [1273, 370, 85, 37, 9, 4, 0, 1]
(2, (0, 0, 1), (1, 1)): [1034, 254, 60, 19, 8, 1, 1]
(2, (0, 0, 1), (1, 2)): [675, 121, 25, 9, 2, 1, 1]
(2, (0, 0, 1), (2, 0)): [520, 161, 39, 25, 6, 4, 0, 1]
(2, (0, 0, 1), (2, 1)): [587, 143, 45, 16, 9, 1, 0, 1]
(2, (0, 0, 1), (2, 2)): [551, 101, 34, 6, 3, 2, 1]
(2, (0, 0, 1), (3, 0)): [269, 69, 21, 16, 2, 3]
(2, (0, 0, 1), (3, 1)): [296, 74, 19, 14, 6, 1]
(2, (0, 0, 1), (3, 2)): [343, 74, 24, 9, 2, 1]
(2, (0, 1, 0), (0, 0)): [180051, 39044, 10314, 3634, 1190, 398, 117, 32, 7, 6, 5, 0, 1]
(2, (0, 1, 0), (0, 1)): [2780, 506, 134, 50, 14, 1, 1]
(2, (0, 1, 0), (0, 2)): [1044, 146, 35, 10, 4]
(2, (0, 1, 0), (1, 0)): [3672, 633, 265, 108, 24, 14, 5, 1, 0, 0, 0, 0, 1]
(2, (0, 1, 0), (1, 1)): [2595, 443, 156, 55, 13, 4, 3, 1]
(2, (0, 1, 0), (1, 2)): [1619, 230, 59, 33, 3]
(2, (0, 1, 0), (2, 0)): [1714, 276, 134, 71, 17, 9, 3, 0, 0, 0, 0, 0, 1]
(2, (0, 1, 0), (2, 1)): [1569, 280, 99, 34, 9, 6, 3, 1, 0, 0, 0, 0, 1]
(2, (0, 1, 0), (2, 2)): [1420, 211, 60, 35, 5, 3, 0, 1]
(2, (0, 1, 0), (3, 0)): [966, 128, 81, 51, 13, 4, 2]
(2, (0, 1, 0), (3, 1)): [743, 131, 64, 23, 9, 3, 3, 0, 0, 0, 0, 0, 1]
(2, (0, 1, 0), (3, 2)): [910, 144, 57, 29, 5, 3, 1, 0, 0, 0, 0, 0, 1]
(2, (0, 1, 1), (0, 0)): [41907, 3637, 9351, 2510, 989, 317, 116, 40, 17, 4, 3, 1, 0, 1]
(2, (0, 1, 1), (0, 1)): [600, 47, 103, 25, 6, 3, 1, 3]
(2, (0, 1, 1), (0, 2)): [256, 19, 34, 8, 3, 1, 1]
(2, (0, 1, 1), (1, 0)): [850, 87, 166, 59, 26, 7, 4, 0, 0, 0, 1]
(2, (0, 1, 1), (1, 1)): [546, 39, 97, 25, 7, 3, 1, 2]
(2, (0, 1, 1), (1, 2)): [362, 23, 50, 10, 4, 1, 2, 1]
(2, (0, 1, 1), (2, 0)): [435, 52, 82, 35, 20, 6, 1, 0, 0, 0, 1]
(2, (0, 1, 1), (2, 1)): [307, 26, 74, 16, 6, 4]
(2, (0, 1, 1), (2, 2)): [316, 27, 53, 14, 2, 4, 1, 1]
(2, (0, 1, 1), (3, 0)): [302, 40, 46, 22, 18, 5, 1, 0, 0, 0, 1]
(2, (0, 1, 1), (3, 1)): [162, 14, 31, 10, 4, 1]
(2, (0, 1, 1), (3, 2)): [211, 23, 41, 11, 4, 4, 0, 1]
(2, (1, 0, 0), (0, 0)): [401469, 28993, 18592, 5934, 1911, 608, 249, 67, 16, 10, 6, 0, 1]
(2, (1, 0, 0), (0, 1)): [6579, 356, 291, 73, 30, 7, 6, 1]
(2, (1, 0, 0), (0, 2)): [2372, 95, 78, 15, 10, 1, 1]
(2, (1, 0, 0), (1, 0)): [6804, 559, 402, 154, 39, 11, 7, 2, 0, 0, 0, 0, 1]
(2, (1, 0, 0), (1, 1)): [5445, 339, 277, 83, 24, 3, 4, 1]
(2, (1, 0, 0), (1, 2)): [3395, 160, 121, 43, 11, 2]
(2, (1, 0, 0), (2, 0)): [2274, 218, 141, 72, 17, 5, 4, 0, 0, 0, 0, 0, 1]
(2, (1, 0, 0), (2, 1)): [2773, 179, 150, 54, 20, 6, 2, 1, 0, 0, 0, 0, 1]
(2, (1, 0, 0), (2, 2)): [2570, 147, 118, 38, 13, 5, 1, 1]
(2, (1, 0, 0), (3, 0)): [750, 97, 42, 42, 4, 1, 3]
(2, (1, 0, 0), (3, 1)): [1202, 122, 71, 43, 9, 3, 2, 0, 0, 0, 0, 0, 1]
(2, (1, 0, 0), (3, 2)): [1444, 120, 79, 36, 9, 7, 1, 1, 0, 0, 0, 0, 1]
(2, (1, 0, 1), (0, 0)): [66949, 16456, 6509, 3859, 1228, 425, 154, 48, 20, 7, 0, 2, 1]
(2, (1, 0, 1), (0, 1)): [1158, 230, 100, 65, 20, 2, 2, 1, 0, 0, 0, 1]
(2, (1, 0, 1), (0, 2)): [463, 70, 30, 14, 8]
(2, (1, 0, 1), (1, 0)): [1071, 245, 114, 79, 29, 11, 4]
(2, (1, 0, 1), (1, 1)): [879, 181, 72, 60, 17, 6, 4, 1, 0, 0, 0, 1]
(2, (1, 0, 1), (1, 2)): [600, 89, 35, 26, 9, 2, 1, 1, 0, 0, 0, 1]
(2, (1, 0, 1), (2, 0)): [383, 86, 58, 28, 10, 4, 2]
(2, (1, 0, 1), (2, 1)): [483, 111, 39, 32, 14, 4]
(2, (1, 0, 1), (2, 2)): [430, 68, 25, 17, 9, 3, 1, 1, 0, 0, 0, 1]
(2, (1, 0, 1), (3, 0)): [135, 25, 27, 14, 6, 1, 2]
(2, (1, 0, 1), (3, 1)): [221, 45, 27, 18, 6, 1, 2]
(2, (1, 0, 1), (3, 2)): [255, 49, 25, 9, 8, 3, 2, 1]
(2, (1, 1, 0), (0, 0)): [156364, 24262, 12208, 8116, 2619, 863, 279, 95, 35, 17, 7, 1, 2, 1]
(2, (1, 1, 0), (0, 1)): [2735, 376, 167, 123, 32, 7, 4, 3, 0, 0, 0, 0, 1]
(2, (1, 1, 0), (0, 2)): [1082, 115, 47, 30, 8, 1, 1, 1]
(2, (1, 1, 0), (1, 0)): [2677, 406, 234, 181, 53, 19, 7, 2, 1, 1]
(2, (1, 1, 0), (1, 1)): [2230, 306, 147, 124, 26, 7, 3, 2, 1, 1, 0, 0, 1]
(2, (1, 1, 0), (1, 2)): [1536, 171, 77, 50, 11, 3, 2, 2]
(2, (1, 1, 0), (2, 0)): [923, 154, 105, 72, 27, 12, 3, 1]
(2, (1, 1, 0), (2, 1)): [1194, 159, 104, 79, 21, 11, 3, 1, 1, 1, 0, 0, 1]
(2, (1, 1, 0), (2, 2)): [1140, 138, 69, 66, 13, 4, 4, 2, 1]
(2, (1, 1, 0), (3, 0)): [323, 59, 43, 28, 12, 5, 1]
(2, (1, 1, 0), (3, 1)): [516, 78, 64, 40, 10, 8, 2, 1, 0, 0, 0, 0, 1]
(2, (1, 1, 0), (3, 2)): [635, 87, 55, 43, 13, 3, 3, 2, 1]
(2, (1, 1, 1), (0, 0)): [45437, 6658, 7608, 3797, 2712, 877, 288, 107, 39, 7, 6, 0, 1, 1]
(2, (1, 1, 1), (0, 1)): [936, 91, 130, 64, 45, 8, 5, 3, 1, 0, 0, 0, 1]
(2, (1, 1, 1), (0, 2)): [425, 22, 31, 20, 13, 2, 1, 1, 1]
(2, (1, 1, 1), (1, 0)): [735, 215, 140, 79, 52, 22, 6, 1, 2, 0, 1]
(2, (1, 1, 1), (1, 1)): [696, 107, 115, 58, 39, 6, 3, 0, 0, 0, 1, 0, 1]
(2, (1, 1, 1), (1, 2)): [526, 45, 47, 27, 15, 4, 2, 1, 0, 0, 1]
(2, (1, 1, 1), (2, 0)): [202, 142, 40, 34, 25, 15, 4, 1, 1]
(2, (1, 1, 1), (2, 1)): [301, 96, 66, 30, 31, 8, 4, 0, 0, 0, 0, 0, 1]
(2, (1, 1, 1), (2, 2)): [348, 56, 45, 28, 16, 5, 2, 0, 0, 0, 1]
(2, (1, 1, 1), (3, 0)): [42, 96, 15, 21, 7, 8, 1, 0, 1]
(2, (1, 1, 1), (3, 1)): [96, 98, 26, 23, 22, 6, 4]
(2, (1, 1, 1), (3, 2)): [157, 80, 31, 31, 17, 7, 4, 0, 0, 0, 1]
