(0, (0, 0, 0), (0, 0)): [14520, 2894, 1407, 640, 332, 133, 50, 26, 13, 9, 5, 0, 1]
(0, (0, 0, 0), (0, 1)): [870, 171, 81, 35, 17, 8, 2, 0, 0, 1, 1]
(0, (0, 0, 0), (0, 2)): [265, 44, 26, 15, 2, 2, 1, 0, 0, 1]
(0, (0, 0, 0), (1, 0)): [858, 188, 108, 44, 23, 11, 8, 2, 2, 0, 1]
(0, (0, 0, 0), (1, 1)): [788, 152, 88, 31, 21, 6, 2, 1, 2, 0, 2]
(0, (0, 0, 0), (1, 2)): [450, 83, 47, 15, 7, 1, 2, 0, 2]
(0, (0, 0, 0), (2, 0)): [280, 79, 42, 18, 9, 7, 4, 1]
(0, (0, 0, 0), (2, 1)): [413, 99, 60, 22, 14, 6, 2, 1, 0, 0, 1]
(0, (0, 0, 0), (2, 2)): [368, 64, 39, 16, 8, 3, 0, 1, 1, 0, 1]
(0, (0, 0, 0), (3, 0)): [87, 31, 19, 9, 4, 6, 3]
(0, (0, 0, 0), (3, 1)): [171, 56, 26, 9, 5, 3, 4]
(0, (0, 0, 0), (3, 2)): [241, 54, 34, 15, 5, 3, 2, 0, 1]
(0, (0, 0, 1), (0, 0)): [51, 173, 47, 30, 10, 4, 2, 0, 0, 1]
(0, (0, 0, 1), (0, 1)): [4, 10, 2, 0, 1]
(0, (0, 0, 1), (0, 2)): [1, 4]
(0, (0, 0, 1), (1, 0)): [2, 5, 4, 1, 2]
(0, (0, 0, 1), (1, 1)): [3, 4, 2, 0, 1]
(0, (0, 0, 1), (1, 2)): [3, 6]
(0, (0, 0, 1), (2, 0)): [1, 1, 2, 1, 2]
(0, (0, 0, 1), (2, 1)): [0, 2, 2, 0, 2]
(0, (0, 0, 1), (2, 2)): [1, 2, 1]
(0, (0, 0, 1), (3, 0)): [0, 1, 2, 1]
(0, (0, 0, 1), (3, 1)): [0, 0, 1]
(0, (0, 0, 1), (3, 2)): [0, 1, 2]
(0, (0, 1, 0), (0, 0)): [516, 431, 167, 81, 42, 20, 7, 2, 3, 0, 1]
(0, (0, 1, 0), (0, 1)): [30, 21, 11, 5, 0, 1, 1]
(0, (0, 1, 0), (0, 2)): [6, 5, 3, 1, 0, 1, 1]
(0, (0, 1, 0), (1, 0)): [24, 26, 5, 5, 2, 2, 0, 0, 1]
(0, (0, 1, 0), (1, 1)): [27, 20, 10, 5]
(0, (0, 1, 0), (1, 2)): [12, 10, 8, 3, 0, 1]
(0, (0, 1, 0), (2, 0)): [7, 9, 1, 1, 2, 2, 0, 0, 1]
(0, (0, 1, 0), (2, 1)): [14, 10, 4, 2, 0, 2]
(0, (0, 1, 0), (2, 2)): [7, 6, 8, 0, 0, 1]
(0, (0, 1, 0), (3, 0)): [3, 3, 0, 1, 1, 0, 0, 0, 1]
(0, (0, 1, 0), (3, 1)): [5, 4, 2, 2, 1]
(0, (0, 1, 0), (3, 2)): [6, 5, 7, 0, 1]
(0, (0, 1, 1), (0, 0)): [41, 87, 88, 38, 16, 10, 5, 5, 1, 2]
(0, (0, 1, 1), (0, 1)): [2, 2, 6, 2, 0, 0, 1]
(0, (0, 1, 1), (0, 2)): [0, 0, 3, 1]
(0, (0, 1, 1), (1, 0)): [4, 3, 5, 2, 3, 1, 0, 1, 1]
(0, (0, 1, 1), (1, 1)): [2, 0, 2, 2, 1, 0, 1]
(0, (0, 1, 1), (1, 2)): [1, 0, 2, 1]
(0, (0, 1, 1), (2, 0)): [2, 3, 4, 0, 2, 1, 0, 1, 1]
(0, (0, 1, 1), (2, 1)): [1, 2, 1, 1, 2, 0, 0, 1]
(0, (0, 1, 1), (2, 2)): [1, 1, 1, 1, 0, 0, 0, 1]
(0, (0, 1, 1), (3, 0)): [2, 1, 2, 0, 0, 1]
(0, (0, 1, 1), (3, 1)): [2, 1, 1, 1, 1]
(0, (0, 1, 1), (3, 2)): [2, 1, 1, 1, 0, 0, 0, 1]
(0, (1, 0, 0), (0, 0)): [3285, 1072, 717, 351, 197, 84, 31, 17, 9, 5, 3, 0, 1]
(0, (1, 0, 0), (0, 1)): [196, 64, 39, 24, 16, 5, 3, 0, 1]
(0, (1, 0, 0), (0, 2)): [62, 17, 16, 4, 5, 1, 2]
(0, (1, 0, 0), (1, 0)): [165, 54, 47, 14, 10, 9, 3, 1, 0, 0, 1]
(0, (1, 0, 0), (1, 1)): [155, 40, 32, 16, 11, 4, 1, 0, 1]
(0, (1, 0, 0), (1, 2)): [89, 16, 16, 6, 5, 1, 2]
(0, (1, 0, 0), (2, 0)): [49, 22, 14, 4, 4, 7, 1, 1, 0, 0, 1]
(0, (1, 0, 0), (2, 1)): [76, 21, 15, 10, 8, 5]
(0, (1, 0, 0), (2, 2)): [62, 12, 16, 4, 4, 1, 1]
(0, (1, 0, 0), (3, 0)): [15, 13, 6, 1, 1, 2, 0, 1]
(0, (1, 0, 0), (3, 1)): [25, 14, 7, 6, 2, 4, 0, 1]
(0, (1, 0, 0), (3, 2)): [32, 16, 11, 3, 3, 1]
(0, (1, 0, 1), (0, 0)): [71, 226, 84, 63, 38, 20, 8, 3, 4, 1]
(0, (1, 0, 1), (0, 1)): [3, 12, 6, 3, 2, 1, 1, 0, 1]
(0, (1, 0, 1), (0, 2)): [1, 4, 2, 2, 0, 0, 1, 0, 1]
(0, (1, 0, 1), (1, 0)): [1, 12, 6, 5, 3]
(0, (1, 0, 1), (1, 1)): [3, 10, 2, 4, 1, 1]
(0, (1, 0, 1), (1, 2)): [4, 5, 0, 4, 0, 1, 1, 0, 1]
(0, (1, 0, 1), (2, 0)): [0, 6, 5, 1, 2]
(0, (1, 0, 1), (2, 1)): [0, 5, 0, 1, 1]
(0, (1, 0, 1), (2, 2)): [2, 6, 0, 2, 0, 1, 0, 0, 1]
(0, (1, 0, 1), (3, 0)): [0, 2, 3, 1, 2]
(0, (1, 0, 1), (3, 1)): [0, 3, 0, 1, 2]
(0, (1, 0, 1), (3, 2)): [0, 2, 0, 1, 1, 0, 0, 0, 1]
(0, (1, 1, 0), (0, 0)): [512, 323, 273, 193, 113, 42, 14, 14, 6, 2, 2, 0, 1]
(0, (1, 1, 0), (0, 1)): [35, 13, 14, 10, 6, 2, 1, 1, 0, 0, 1]
(0, (1, 1, 0), (0, 2)): [14, 4, 6, 3, 1, 0, 1]
(0, (1, 1, 0), (1, 0)): [19, 23, 12, 9, 6, 2, 2, 1]
(0, (1, 1, 0), (1, 1)): [17, 11, 7, 7, 2, 1, 1, 1, 0, 0, 1]
(0, (1, 1, 0), (1, 2)): [9, 3, 6, 7, 0, 1, 2]
(0, (1, 1, 0), (2, 0)): [7, 7, 8, 5, 2, 0, 0, 1]
(0, (1, 1, 0), (2, 1)): [10, 8, 6, 3, 1, 0, 0, 1]
(0, (1, 1, 0), (2, 2)): [5, 7, 6, 6, 0, 0, 0, 1]
(0, (1, 1, 0), (3, 0)): [3, 2, 3, 2, 1, 0, 0, 1]
(0, (1, 1, 0), (3, 1)): [6, 2, 5, 2, 2, 0, 0, 1]
(0, (1, 1, 0), (3, 2)): [4, 3, 5, 3, 1, 0, 0, 1]
(0, (1, 1, 1), (0, 0)): [54, 112, 91, 68, 57, 24, 11, 9, 4, 1, 1]
(0, (1, 1, 1), (0, 1)): [1, 5, 5, 5, 6, 2, 1, 0, 0, 0, 1]
(0, (1, 1, 1), (0, 2)): [0, 4, 1, 0, 5]
(0, (1, 1, 1), (1, 0)): [2, 7, 13, 3, 4, 1, 0, 0, 1]
(0, (1, 1, 1), (1, 1)): [2, 5, 7, 6, 2, 1, 1, 0, 0, 0, 1]
(0, (1, 1, 1), (1, 2)): [1, 2, 3, 2, 3, 1, 1]
(0, (1, 1, 1), (2, 0)): [1, 2, 4, 2, 1, 0, 0, 0, 1]
(0, (1, 1, 1), (2, 1)): [2, 2, 3, 3, 0, 0, 0, 0, 1]
(0, (1, 1, 1), (2, 2)): [2, 2, 2, 2, 1, 0, 1]
(0, (1, 1, 1), (3, 0)): [0, 1, 2, 0, 1]
(0, (1, 1, 1), (3, 1)): [0, 1, 1, 1, 1]
(0, (1, 1, 1), (3, 2)): [1, 1]
(1, (0, 0, 0), (0, 0)): [11565, 1255, 530, 213, 93, 36, 12, 9, 2, 2, 1]
(1, (0, 0, 0), (0, 1)): [691, 63, 38, 11, 9, 0, 1, 2]
(1, (0, 0, 0), (0, 2)): [236, 16, 9, 2, 2, 0, 0, 1]
(1, (0, 0, 0), (1, 0)): [718, 81, 36, 20, 4, 4, 1]
(1, (0, 0, 0), (1, 1)): [625, 60, 33, 8, 6, 0, 1]
(1, (0, 0, 0), (1, 2)): [367, 29, 15, 4, 3, 0, 1, 1]
(1, (0, 0, 0), (2, 0)): [257, 33, 13, 7, 2, 3, 1]
(1, (0, 0, 0), (2, 1)): [369, 40, 25, 6, 3, 2]
(1, (0, 0, 0), (2, 2)): [301, 29, 13, 3, 2, 2]
(1, (0, 0, 0), (3, 0)): [92, 12, 3, 3, 2]
(1, (0, 0, 0), (3, 1)): [166, 22, 14, 5, 4]
(1, (0, 0, 0), (3, 2)): [193, 19, 11, 5, 2, 2]
(1, (0, 0, 1), (0, 0)): [310, 391, 74, 32, 8, 4, 4, 0, 1]
(1, (0, 0, 1), (0, 1)): [19, 17, 4, 0, 1]
(1, (0, 0, 1), (0, 2)): [7, 3, 1]
(1, (0, 0, 1), (1, 0)): [25, 28, 6, 3, 0, 0, 1]
(1, (0, 0, 1), (1, 1)): [14, 16, 4, 0, 1]
(1, (0, 0, 1), (1, 2)): [10, 9, 2, 0, 1]
(1, (0, 0, 1), (2, 0)): [15, 13, 4, 3, 0, 0, 1]
(1, (0, 0, 1), (2, 1)): [9, 9, 2, 0, 0, 0, 1]
(1, (0, 0, 1), (2, 2)): [8, 6, 2]
(1, (0, 0, 1), (3, 0)): [7, 5, 4, 2]
(1, (0, 0, 1), (3, 1)): [6, 6, 2, 0, 0, 0, 1]
(1, (0, 0, 1), (3, 2)): [7, 10, 3]
(1, (0, 1, 0), (0, 0)): [1453, 654, 247, 106, 48, 25, 11, 6, 2, 0, 1]
(1, (0, 1, 0), (0, 1)): [74, 31, 13, 5, 1, 1, 2, 1, 1]
(1, (0, 1, 0), (0, 2)): [27, 14, 2, 2, 1, 0, 1]
(1, (0, 1, 0), (1, 0)): [90, 46, 24, 8, 5, 3, 1, 0, 0, 0, 1]
(1, (0, 1, 0), (1, 1)): [73, 24, 15, 4, 2, 0, 1, 1, 1]
(1, (0, 1, 0), (1, 2)): [39, 11, 6, 2, 1, 0, 2]
(1, (0, 1, 0), (2, 0)): [32, 19, 9, 6, 3, 3, 1, 0, 0, 0, 1]
(1, (0, 1, 0), (2, 1)): [30, 15, 4, 6, 1, 1, 1, 1, 0, 0, 1]
(1, (0, 1, 0), (2, 2)): [22, 14, 5, 5, 1, 0, 1]
(1, (0, 1, 0), (3, 0)): [21, 11, 3, 3, 2, 1]
(1, (0, 1, 0), (3, 1)): [18, 8, 3, 0, 1, 1, 0, 1]
(1, (0, 1, 0), (3, 2)): [14, 10, 0, 1, 1]
(1, (0, 1, 1), (0, 0)): [281, 221, 189, 66, 46, 15, 7, 3, 3, 1]
(1, (0, 1, 1), (0, 1)): [18, 12, 6, 0, 1, 1, 1]
(1, (0, 1, 1), (0, 2)): [8, 2, 2, 0, 1]
(1, (0, 1, 1), (1, 0)): [16, 19, 9, 9, 2, 3, 1, 2, 0, 1]
(1, (0, 1, 1), (1, 1)): [11, 14, 5, 4, 1, 1, 2, 1]
(1, (0, 1, 1), (1, 2)): [9, 2, 3, 3, 2, 0, 1]
(1, (0, 1, 1), (2, 0)): [13, 8, 7, 5, 1, 3, 0, 1, 0, 1]
(1, (0, 1, 1), (2, 1)): [9, 7, 5, 1, 0, 2, 1, 1]
(1, (0, 1, 1), (2, 2)): [6, 4, 3, 1, 2, 0, 0, 1]
(1, (0, 1, 1), (3, 0)): [8, 8, 3, 5, 1, 2, 0, 1, 0, 1]
(1, (0, 1, 1), (3, 1)): [8, 2, 2, 0, 0, 1, 1]
(1, (0, 1, 1), (3, 2)): [7, 4, 4, 0, 1, 1]
(1, (1, 0, 0), (0, 0)): [4662, 816, 532, 219, 110, 38, 14, 5, 3, 3]
(1, (1, 0, 0), (0, 1)): [273, 34, 17, 15, 4, 2, 2, 0, 0, 1]
(1, (1, 0, 0), (0, 2)): [89, 9, 8, 6, 2, 1, 2, 0, 0, 1]
(1, (1, 0, 0), (1, 0)): [272, 51, 33, 19, 9, 5, 1, 1]
(1, (1, 0, 0), (1, 1)): [218, 31, 16, 8, 2, 1, 0, 1]
(1, (1, 0, 0), (1, 2)): [126, 15, 10, 5, 2, 0, 1, 0, 0, 1]
(1, (1, 0, 0), (2, 0)): [86, 18, 15, 9, 5, 3, 1]
(1, (1, 0, 0), (2, 1)): [106, 19, 10, 9, 1, 3, 1]
(1, (1, 0, 0), (2, 2)): [97, 17, 6, 6, 2, 2, 1, 0, 0, 1]
(1, (1, 0, 0), (3, 0)): [25, 8, 9, 4, 4]
(1, (1, 0, 0), (3, 1)): [30, 13, 6, 6, 3, 0, 1]
(1, (1, 0, 0), (3, 2)): [41, 10, 3, 6, 1, 2, 1]
(1, (1, 0, 1), (0, 0)): [330, 391, 121, 92, 35, 11, 7, 5, 4, 3]
(1, (1, 0, 1), (0, 1)): [19, 22, 7, 3, 1, 1, 0, 0, 1, 1]
(1, (1, 0, 1), (0, 2)): [7, 8, 3, 2]
(1, (1, 0, 1), (1, 0)): [16, 29, 5, 5, 2, 1, 0, 0, 0, 1]
(1, (1, 0, 1), (1, 1)): [16, 20, 4, 2, 2, 0, 0, 0, 1]
(1, (1, 0, 1), (1, 2)): [5, 13, 4, 2]
(1, (1, 0, 1), (2, 0)): [5, 10, 3, 2, 0, 1]
(1, (1, 0, 1), (2, 1)): [8, 10, 4, 1, 2, 1, 0, 0, 1]
(1, (1, 0, 1), (2, 2)): [5, 9, 2, 0, 1]
(1, (1, 0, 1), (3, 0)): [1, 6, 1, 1]
(1, (1, 0, 1), (3, 1)): [1, 6, 0, 0, 1, 1]
(1, (1, 0, 1), (3, 2)): [3, 5, 2, 0, 2, 1]
(1, (1, 1, 0), (0, 0)): [1433, 445, 289, 199, 107, 36, 20, 7]
(1, (1, 1, 0), (0, 1)): [87, 22, 18, 13, 2, 3, 2]
(1, (1, 1, 0), (0, 2)): [29, 4, 5, 3, 1, 1]
(1, (1, 1, 0), (1, 0)): [70, 21, 19, 12, 12, 1, 2, 1]
(1, (1, 1, 0), (1, 1)): [65, 14, 12, 11, 1, 2, 3]
(1, (1, 1, 0), (1, 2)): [46, 11, 5, 9, 1, 1]
(1, (1, 1, 0), (2, 0)): [21, 12, 11, 2, 8, 0, 1, 1]
(1, (1, 1, 0), (2, 1)): [22, 8, 7, 3, 3, 0, 1]
(1, (1, 1, 0), (2, 2)): [27, 6, 2, 2, 3]
(1, (1, 1, 0), (3, 0)): [6, 5, 4, 2, 5, 0, 1, 1]
(1, (1, 1, 0), (3, 1)): [8, 6, 4, 4, 4, 0, 2, 1]
(1, (1, 1, 0), (3, 2)): [15, 4, 2, 2, 3, 0, 2, 1]
(1, (1, 1, 1), (0, 0)): [322, 249, 161, 99, 82, 31, 15, 6, 0, 1]
(1, (1, 1, 1), (0, 1)): [17, 14, 13, 5, 6, 2, 0, 1]
(1, (1, 1, 1), (0, 2)): [8, 5, 6, 0, 1]
(1, (1, 1, 1), (1, 0)): [14, 12, 10, 7, 2, 3, 3]
(1, (1, 1, 1), (1, 1)): [15, 10, 8, 5, 6, 3, 1]
(1, (1, 1, 1), (1, 2)): [13, 5, 4, 2, 2, 1]
(1, (1, 1, 1), (2, 0)): [4, 6, 6, 5, 0, 2, 2]
(1, (1, 1, 1), (2, 1)): [8, 8, 10, 3, 4, 1, 1]
(1, (1, 1, 1), (2, 2)): [8, 3, 4, 2, 3, 2]
(1, (1, 1, 1), (3, 0)): [1, 2, 0, 3, 0, 1, 1]
(1, (1, 1, 1), (3, 1)): [3, 4, 1, 2, 1, 1, 1]
(1, (1, 1, 1), (3, 2)): [3, 3, 0, 3, 2, 2, 1]
(2, (0, 0, 0), (0, 0)): [9919, 446, 167, 57, 15, 6, 2, 2]
(2, (0, 0, 0), (0, 1)): [638, 30, 11, 2, 2]
(2, (0, 0, 0), (0, 2)): [203, 7, 2]
(2, (0, 0, 0), (1, 0)): [617, 37, 19, 7, 0, 1]
(2, (0, 0, 0), (1, 1)): [561, 27, 13, 5, 1]
(2, (0, 0, 0), (1, 2)): [296, 12, 2, 2, 1]
(2, (0, 0, 0), (2, 0)): [217, 11, 7, 2, 0, 1]
(2, (0, 0, 0), (2, 1)): [332, 14, 10, 4]
(2, (0, 0, 0), (2, 2)): [260, 13, 2, 3, 1]
(2, (0, 0, 0), (3, 0)): [72, 6, 5, 1, 0, 1]
(2, (0, 0, 0), (3, 1)): [145, 7, 6, 2, 0, 1]
(2, (0, 0, 0), (3, 2)): [168, 6, 4, 2, 0, 1]
(2, (0, 0, 1), (0, 0)): [798, 245, 56, 21, 11, 2]
(2, (0, 0, 1), (0, 1)): [63, 13, 2, 3, 1, 1]
(2, (0, 0, 1), (0, 2)): [24, 2, 0, 1]
(2, (0, 0, 1), (1, 0)): [58, 17, 5, 3, 1]
(2, (0, 0, 1), (1, 1)): [48, 13, 3, 1, 1]
(2, (0, 0, 1), (1, 2)): [34, 4, 0, 2]
(2, (0, 0, 1), (2, 0)): [19, 8, 2, 2, 1]
(2, (0, 0, 1), (2, 1)): [23, 11, 2, 1, 2]
(2, (0, 0, 1), (2, 2)): [25, 3, 1, 2]
(2, (0, 0, 1), (3, 0)): [10, 5, 1]
(2, (0, 0, 1), (3, 1)): [11, 5, 1, 1, 2]
(2, (0, 0, 1), (3, 2)): [16, 3, 2, 1, 1]
(2, (0, 1, 0), (0, 0)): [2332, 511, 150, 52, 18, 6, 4]
(2, (0, 1, 0), (0, 1)): [124, 18, 8, 3]
(2, (0, 1, 0), (0, 2)): [52, 6, 2]
(2, (0, 1, 0), (1, 0)): [179, 28, 15, 7, 6, 1, 1]
(2, (0, 1, 0), (1, 1)): [105, 20, 10, 5, 1]
(2, (0, 1, 0), (1, 2)): [62, 10, 4, 3]
(2, (0, 1, 0), (2, 0)): [77, 8, 6, 4, 4, 0, 1]
(2, (0, 1, 0), (2, 1)): [76, 13, 4, 2, 1]
(2, (0, 1, 0), (2, 2)): [58, 6, 4, 3]
(2, (0, 1, 0), (3, 0)): [45, 2, 3, 2, 3, 0, 1]
(2, (0, 1, 0), (3, 1)): [48, 8, 4, 2, 3, 0, 1]
(2, (0, 1, 0), (3, 2)): [46, 9, 4, 1, 0, 0, 1]
(2, (0, 1, 1), (0, 0)): [535, 56, 118, 33, 18, 2, 2, 1]
(2, (0, 1, 1), (0, 1)): [38, 4, 4]
(2, (0, 1, 1), (0, 2)): [10, 1, 2]
(2, (0, 1, 1), (1, 0)): [40, 6, 9, 7, 1]
(2, (0, 1, 1), (1, 1)): [35, 4, 4, 1]
(2, (0, 1, 1), (1, 2)): [25, 3, 1, 1]
(2, (0, 1, 1), (2, 0)): [20, 5, 4, 6, 1]
(2, (0, 1, 1), (2, 1)): [15, 3, 2, 2]
(2, (0, 1, 1), (2, 2)): [19, 4, 2, 1]
(2, (0, 1, 1), (3, 0)): [11, 3, 4, 3, 1]
(2, (0, 1, 1), (3, 1)): [5, 1, 2]
(2, (0, 1, 1), (3, 2)): [10, 3, 3]
(2, (1, 0, 0), (0, 0)): [5592, 434, 275, 96, 24, 12, 1, 1]
(2, (1, 0, 0), (0, 1)): [305, 16, 15, 4, 1, 1]
(2, (1, 0, 0), (0, 2)): [105, 5, 2, 2]
(2, (1, 0, 0), (1, 0)): [329, 31, 16, 11, 4]
(2, (1, 0, 0), (1, 1)): [232, 15, 19, 3, 0, 1]
(2, (1, 0, 0), (1, 2)): [153, 7, 6, 4]
(2, (1, 0, 0), (2, 0)): [118, 14, 3, 7, 4]
(2, (1, 0, 0), (2, 1)): [132, 9, 10, 2, 1, 1]
(2, (1, 0, 0), (2, 2)): [111, 8, 8, 2, 1, 1]
(2, (1, 0, 0), (3, 0)): [31, 7, 0, 6]
(2, (1, 0, 0), (3, 1)): [55, 4, 3, 3]
(2, (1, 0, 0), (3, 2)): [77, 5, 5, 2, 0, 1]
(2, (1, 0, 1), (0, 0)): [818, 216, 101, 57, 16, 6, 4]
(2, (1, 0, 1), (0, 1)): [59, 9, 12, 6, 1, 1]
(2, (1, 0, 1), (0, 2)): [15, 1, 4, 2]
(2, (1, 0, 1), (1, 0)): [57, 9, 12, 4, 2, 2, 1]
(2, (1, 0, 1), (1, 1)): [56, 7, 11, 3, 2, 0, 1]
(2, (1, 0, 1), (1, 2)): [22, 2, 2, 2]
(2, (1, 0, 1), (2, 0)): [15, 2, 5, 2, 0, 1]
(2, (1, 0, 1), (2, 1)): [25, 4, 3, 0, 1]
(2, (1, 0, 1), (2, 2)): [13, 2, 2, 1]
(2, (1, 0, 1), (3, 0)): [5, 1, 4, 1]
(2, (1, 0, 1), (3, 1)): [13, 1, 2, 0, 1]
(2, (1, 0, 1), (3, 2)): [11, 2, 1, 1]
(2, (1, 1, 0), (0, 0)): [2626, 395, 196, 141, 49, 19, 3]
(2, (1, 1, 0), (0, 1)): [124, 15, 6, 8, 2, 1, 1]
(2, (1, 1, 0), (0, 2)): [42, 6, 1]
(2, (1, 1, 0), (1, 0)): [129, 16, 12, 13, 5]
(2, (1, 1, 0), (1, 1)): [97, 5, 8, 8, 3, 1]
(2, (1, 1, 0), (1, 2)): [62, 5, 3, 3, 0, 1]
(2, (1, 1, 0), (2, 0)): [52, 6, 3, 6, 3]
(2, (1, 1, 0), (2, 1)): [71, 3, 4, 3, 2]
(2, (1, 1, 0), (2, 2)): [43, 2, 2, 3, 1, 1]
(2, (1, 1, 0), (3, 0)): [13, 1, 2, 4, 2]
(2, (1, 1, 0), (3, 1)): [28, 0, 3, 3]
(2, (1, 1, 0), (3, 2)): [30, 1, 0, 2, 1, 1]
(2, (1, 1, 1), (0, 0)): [741, 120, 136, 76, 42, 10, 5, 2]
(2, (1, 1, 1), (0, 1)): [41, 3, 10, 6, 3]
(2, (1, 1, 1), (0, 2)): [17, 0, 2]
(2, (1, 1, 1), (1, 0)): [32, 8, 8, 5, 1, 1, 2]
(2, (1, 1, 1), (1, 1)): [32, 6, 6, 7, 3, 0, 1]
(2, (1, 1, 1), (1, 2)): [18, 2, 2, 3, 0, 0, 1]
(2, (1, 1, 1), (2, 0)): [13, 5, 2, 1, 1, 1, 1]
(2, (1, 1, 1), (2, 1)): [17, 3, 4, 1, 2, 0, 1]
(2, (1, 1, 1), (2, 2)): [13, 3, 3, 2, 2]
(2, (1, 1, 1), (3, 0)): [5, 5, 1, 1, 0, 1]
(2, (1, 1, 1), (3, 1)): [9, 3, 1, 1, 0, 1, 1]
(2, (1, 1, 1), (3, 2)): [11, 2, 2, 1, 2, 1, 1]
