(0, (0, 0, 0), (0, 0)): [562639, 114365, 53962, 24973, 11443, 5028, 2098, 914, 376, 189, 77, 36, 19, 4, 3, 1]
(0, (0, 0, 0), (0, 1)): [6182, 1198, 556, 220, 115, 40, 13, 11, 3, 3, 1, 0, 0, 0, 0, 1]
(0, (0, 0, 0), (0, 2)): [2129, 375, 174, 75, 34, 7, 5, 8, 0, 1]
(0, (0, 0, 0), (1, 0)): [5889, 1267, 673, 294, 160, 66, 35, 10, 3, 2, 1]
(0, (0, 0, 0), (1, 1)): [5247, 1016, 527, 230, 121, 42, 14, 8, 5, 1, 2, 0, 0, 0, 0, 1]
(0, (0, 0, 0), (1, 2)): [3183, 561, 272, 106, 56, 13, 8, 7, 3]
(0, (0, 0, 0), (2, 0)): [2058, 513, 265, 121, 77, 32, 17, 5, 1, 1]
(0, (0, 0, 0), (2, 1)): [2934, 619, 317, 162, 84, 36, 13, 6, 1, 0, 1]
(0, (0, 0, 0), (2, 2)): [2635, 501, 225, 110, 64, 20, 6, 6, 1, 0, 1]
(0, (0, 0, 0), (3, 0)): [714, 196, 126, 57, 36, 20, 9, 1, 1]
(0, (0, 0, 0), (3, 1)): [1216, 293, 184, 90, 47, 18, 11, 3, 2]
(0, (0, 0, 0), (3, 2)): [1642, 319, 207, 95, 52, 18, 5, 3, 2]
(0, (0, 0, 1), (0, 0)): [2494, 8076, 2280, 1083, 545, 226, 107, 63, 23, 13, 3, 1, 3]
(0, (0, 0, 1), (0, 1)): [21, 52, 28, 4, 6, 2, 2]
(0, (0, 0, 1), (0, 2)): [8, 16, 7, 0, 3]
(0, (0, 0, 1), (1, 0)): [27, 61, 20, 15, 6, 4, 1, 1]
(0, (0, 0, 1), (1, 1)): [19, 44, 22, 6, 6, 3, 2]
(0, (0, 0, 1), (1, 2)): [14, 25, 12, 3, 4, 0, 1]
(0, (0, 0, 1), (2, 0)): [15, 26, 9, 8, 2, 2, 1, 1]
(0, (0, 0, 1), (2, 1)): [15, 23, 12, 4, 4, 3]
(0, (0, 0, 1), (2, 2)): [17, 14, 11, 2, 2, 1]
(0, (0, 0, 1), (3, 0)): [2, 14, 5, 5, 0, 0, 1, 1]
(0, (0, 0, 1), (3, 1)): [3, 9, 5, 3, 2, 2, 0, 1]
(0, (0, 0, 1), (3, 2)): [9, 9, 3, 2, 1, 3, 0, 1]
(0, (0, 1, 0), (0, 0)): [18220, 18523, 7137, 3405, 1733, 798, 331, 144, 63, 39, 13, 5, 2, 0, 1]
(0, (0, 1, 0), (0, 1)): [190, 150, 66, 27, 10, 9, 2, 1]
(0, (0, 1, 0), (0, 2)): [67, 39, 23, 9, 1, 5, 1]
(0, (0, 1, 0), (1, 0)): [184, 177, 62, 39, 20, 14, 7, 0, 1]
(0, (0, 1, 0), (1, 1)): [159, 129, 51, 27, 11, 8, 3, 1]
(0, (0, 1, 0), (1, 2)): [99, 71, 31, 14, 6, 6, 2]
(0, (0, 1, 0), (2, 0)): [58, 74, 27, 16, 9, 8, 3, 0, 1]
(0, (0, 1, 0), (2, 1)): [70, 60, 31, 21, 4, 11, 3, 1]
(0, (0, 1, 0), (2, 2)): [73, 45, 30, 15, 3, 5, 3]
(0, (0, 1, 0), (3, 0)): [28, 32, 13, 9, 6, 1, 1, 0, 1]
(0, (0, 1, 0), (3, 1)): [31, 33, 16, 12, 7, 4, 1, 1]
(0, (0, 1, 0), (3, 2)): [45, 34, 22, 11, 5, 3, 3]
(0, (0, 1, 1), (0, 0)): [1625, 2957, 3802, 1704, 936, 441, 189, 91, 45, 16, 5, 4, 0, 1, 1]
(0, (0, 1, 1), (0, 1)): [10, 19, 32, 13, 11, 2, 3, 1, 1]
(0, (0, 1, 1), (0, 2)): [4, 6, 13, 7, 7, 1, 1, 1]
(0, (0, 1, 1), (1, 0)): [26, 29, 46, 26, 14, 4, 4, 2, 1]
(0, (0, 1, 1), (1, 1)): [11, 18, 23, 11, 8, 3, 2, 0, 1]
(0, (0, 1, 1), (1, 2)): [5, 7, 14, 8, 8, 2, 1, 1]
(0, (0, 1, 1), (2, 0)): [17, 17, 26, 15, 9, 2, 2, 2, 1]
(0, (0, 1, 1), (2, 1)): [9, 14, 18, 9, 5, 2, 1, 1, 1]
(0, (0, 1, 1), (2, 2)): [9, 8, 14, 6, 4, 1, 1, 1]
(0, (0, 1, 1), (3, 0)): [10, 8, 13, 12, 7, 2, 1, 1]
(0, (0, 1, 1), (3, 1)): [5, 8, 8, 7, 4, 1, 0, 0, 1]
(0, (0, 1, 1), (3, 2)): [6, 5, 11, 6, 2, 1, 1, 1, 1]
(0, (1, 0, 0), (0, 0)): [125243, 43406, 27359, 13683, 6680, 3035, 1301, 576, 245, 120, 53, 22, 12, 3, 2]
(0, (1, 0, 0), (0, 1)): [1315, 362, 278, 116, 83, 27, 13, 6, 2]
(0, (1, 0, 0), (0, 2)): [473, 96, 93, 26, 23, 8, 5, 1, 1]
(0, (1, 0, 0), (1, 0)): [1186, 409, 279, 142, 80, 29, 20, 6, 2, 2, 1]
(0, (1, 0, 0), (1, 1)): [1020, 306, 214, 110, 57, 16, 10, 5, 2, 1]
(0, (1, 0, 0), (1, 2)): [604, 143, 130, 38, 24, 12, 6, 1, 1]
(0, (1, 0, 0), (2, 0)): [357, 147, 91, 55, 36, 15, 5, 5, 1, 1, 1]
(0, (1, 0, 0), (2, 1)): [500, 153, 101, 69, 44, 13, 5, 4, 2, 1]
(0, (1, 0, 0), (2, 2)): [435, 113, 99, 40, 24, 8, 4, 3, 2]
(0, (1, 0, 0), (3, 0)): [119, 54, 38, 26, 17, 5, 0, 3, 0, 1]
(0, (1, 0, 0), (3, 1)): [194, 65, 45, 31, 23, 9, 2, 1, 1, 1]
(0, (1, 0, 0), (3, 2)): [234, 74, 51, 24, 22, 10, 2, 1]
(0, (1, 0, 1), (0, 0)): [2846, 9410, 3915, 2693, 1457, 687, 345, 143, 67, 29, 12, 10, 3, 0, 1]
(0, (1, 0, 1), (0, 1)): [28, 76, 36, 26, 13, 3, 6, 1, 1]
(0, (1, 0, 1), (0, 2)): [13, 29, 10, 9, 4, 1, 4, 0, 1]
(0, (1, 0, 1), (1, 0)): [25, 100, 36, 24, 15, 9, 0, 2, 1]
(0, (1, 0, 1), (1, 1)): [19, 68, 24, 20, 11, 7, 2, 1, 1]
(0, (1, 0, 1), (1, 2)): [12, 29, 11, 10, 7, 2, 1, 1, 1]
(0, (1, 0, 1), (2, 0)): [9, 40, 17, 10, 7, 4, 0, 1]
(0, (1, 0, 1), (2, 1)): [11, 48, 15, 9, 7, 4, 0, 0, 1]
(0, (1, 0, 1), (2, 2)): [13, 32, 13, 6, 5, 3, 0, 1, 1]
(0, (1, 0, 1), (3, 0)): [2, 14, 8, 7, 4, 3, 0, 1]
(0, (1, 0, 1), (3, 1)): [3, 15, 7, 1, 7, 3]
(0, (1, 0, 1), (3, 2)): [5, 13, 10, 3, 6, 1, 0, 0, 1]
(0, (1, 1, 0), (0, 0)): [16915, 11254, 9158, 6265, 3467, 1610, 719, 364, 147, 66, 33, 12, 6, 1]
(0, (1, 1, 0), (0, 1)): [208, 108, 75, 57, 34, 16, 7, 4, 0, 0, 1]
(0, (1, 1, 0), (0, 2)): [64, 35, 29, 19, 16, 5, 3, 3]
(0, (1, 1, 0), (1, 0)): [158, 115, 95, 68, 40, 22, 8, 4, 1, 1]
(0, (1, 1, 0), (1, 1)): [144, 72, 60, 50, 19, 14, 4, 1, 0, 1, 1]
(0, (1, 1, 0), (1, 2)): [87, 39, 38, 32, 11, 6, 3, 3, 0, 1]
(0, (1, 1, 0), (2, 0)): [39, 37, 37, 23, 17, 9, 3, 3, 1]
(0, (1, 1, 0), (2, 1)): [62, 40, 32, 21, 18, 8, 3, 1]
(0, (1, 1, 0), (2, 2)): [55, 35, 30, 22, 7, 6, 1, 1, 0, 1]
(0, (1, 1, 0), (3, 0)): [10, 15, 16, 9, 7, 4, 1, 2, 1]
(0, (1, 1, 0), (3, 1)): [25, 18, 16, 10, 8, 5, 3, 1, 1]
(0, (1, 1, 0), (3, 2)): [41, 20, 20, 14, 4, 4, 1, 1, 1]
(0, (1, 1, 1), (0, 0)): [1729, 3243, 2772, 2223, 1758, 856, 408, 214, 90, 39, 23, 9, 1, 1, 1]
(0, (1, 1, 1), (0, 1)): [23, 31, 36, 28, 18, 3, 3, 0, 2, 1, 1]
(0, (1, 1, 1), (0, 2)): [9, 13, 9, 8, 8, 1, 0, 0, 1]
(0, (1, 1, 1), (1, 0)): [16, 44, 50, 29, 29, 17, 5, 5, 1]
(0, (1, 1, 1), (1, 1)): [19, 28, 37, 26, 18, 7, 5, 2, 0, 0, 1]
(0, (1, 1, 1), (1, 2)): [15, 16, 18, 9, 8, 3, 2, 0, 1]
(0, (1, 1, 1), (2, 0)): [5, 16, 15, 15, 14, 3, 0, 2, 1]
(0, (1, 1, 1), (2, 1)): [8, 16, 19, 13, 12, 4, 0, 3, 1]
(0, (1, 1, 1), (2, 2)): [9, 17, 13, 12, 7, 3, 2, 1]
(0, (1, 1, 1), (3, 0)): [1, 2, 6, 7, 5]
(0, (1, 1, 1), (3, 1)): [2, 4, 7, 11, 5]
(0, (1, 1, 1), (3, 2)): [4, 3, 9, 10, 5, 1, 1]
(1, (0, 0, 0), (0, 0)): [446721, 48842, 20352, 8194, 3295, 1303, 504, 205, 79, 35, 13, 10, 3, 2, 0, 1]
(1, (0, 0, 0), (0, 1)): [4923, 504, 204, 70, 39, 5, 2, 4, 1, 0, 0, 0, 0, 1]
(1, (0, 0, 0), (0, 2)): [1723, 135, 57, 20, 6, 1, 0, 2]
(1, (0, 0, 0), (1, 0)): [4807, 606, 280, 88, 41, 18, 8, 4, 0, 1, 0, 0, 0, 0, 0, 1]
(1, (0, 0, 0), (1, 1)): [4213, 485, 199, 62, 33, 10, 4, 1, 1, 1, 0, 0, 0, 1]
(1, (0, 0, 0), (1, 2)): [2533, 246, 89, 33, 13, 4, 1, 1]
(1, (0, 0, 0), (2, 0)): [1688, 246, 134, 34, 20, 9, 3, 2, 0, 0, 0, 0, 0, 0, 0, 1]
(1, (0, 0, 0), (2, 1)): [2338, 305, 140, 42, 30, 8, 3, 1, 0, 1]
(1, (0, 0, 0), (2, 2)): [2083, 229, 89, 28, 13, 7, 3, 1]
(1, (0, 0, 0), (3, 0)): [590, 88, 65, 17, 9, 4, 1, 0, 0, 0, 0, 0, 0, 0, 0, 1]
(1, (0, 0, 0), (3, 1)): [1024, 177, 90, 31, 19, 3]
(1, (0, 0, 0), (3, 2)): [1249, 167, 91, 29, 12, 6, 1, 1]
(1, (0, 0, 1), (0, 0)): [13323, 20751, 4069, 1727, 730, 300, 132, 60, 27, 11, 6, 4, 3, 1]
(1, (0, 0, 1), (0, 1)): [112, 150, 33, 9, 3, 1, 2]
(1, (0, 0, 1), (0, 2)): [43, 50, 11, 2]
(1, (0, 0, 1), (1, 0)): [151, 195, 43, 17, 9, 3, 4, 0, 1]
(1, (0, 0, 1), (1, 1)): [120, 138, 28, 9, 6, 2, 2]
(1, (0, 0, 1), (1, 2)): [78, 69, 13, 5, 2, 1]
(1, (0, 0, 1), (2, 0)): [62, 75, 22, 12, 5, 2, 4, 0, 1]
(1, (0, 0, 1), (2, 1)): [52, 70, 14, 6, 3, 1, 4]
(1, (0, 0, 1), (2, 2)): [54, 52, 10, 4, 2, 1]
(1, (0, 0, 1), (3, 0)): [26, 34, 13, 7, 4, 1, 2, 0, 1]
(1, (0, 0, 1), (3, 1)): [32, 39, 7, 7, 3, 0, 2]
(1, (0, 0, 1), (3, 2)): [35, 38, 8, 7, 2, 1, 1]
(1, (0, 1, 0), (0, 0)): [62819, 30628, 10633, 4485, 1860, 753, 282, 133, 33, 26, 10, 5, 5, 1, 1]
(1, (0, 1, 0), (0, 1)): [537, 238, 91, 31, 9, 5, 4, 2, 1]
(1, (0, 1, 0), (0, 2)): [183, 88, 22, 5, 3, 2, 2]
(1, (0, 1, 0), (1, 0)): [710, 352, 107, 61, 38, 10, 4, 2, 0, 0, 1, 0, 0, 1]
(1, (0, 1, 0), (1, 1)): [503, 220, 75, 35, 18, 5, 4, 2, 1, 0, 0, 0, 0, 1]
(1, (0, 1, 0), (1, 2)): [293, 124, 39, 13, 7, 1, 2]
(1, (0, 1, 0), (2, 0)): [312, 133, 52, 41, 20, 6, 2, 2, 0, 0, 1]
(1, (0, 1, 0), (2, 1)): [273, 118, 36, 27, 14, 7, 4, 3, 0, 0, 1, 0, 0, 1]
(1, (0, 1, 0), (2, 2)): [233, 105, 33, 17, 9, 2, 1]
(1, (0, 1, 0), (3, 0)): [169, 71, 21, 29, 15, 1, 0, 1]
(1, (0, 1, 0), (3, 1)): [145, 52, 23, 18, 12, 4, 1, 1, 0, 0, 0, 0, 0, 1]
(1, (0, 1, 0), (3, 2)): [149, 55, 23, 18, 12, 1, 0, 0, 0, 0, 0, 0, 0, 1]
(1, (0, 1, 1), (0, 0)): [10691, 9311, 9058, 3560, 1761, 723, 276, 116, 62, 17, 7, 4, 1, 1]
(1, (0, 1, 1), (0, 1)): [87, 66, 54, 20, 11, 6, 3, 1]
(1, (0, 1, 1), (0, 2)): [39, 18, 16, 6, 4]
(1, (0, 1, 1), (1, 0)): [157, 112, 86, 47, 38, 10, 4, 4, 1, 1]
(1, (0, 1, 1), (1, 1)): [68, 57, 43, 21, 8, 3, 4, 1]
(1, (0, 1, 1), (1, 2)): [48, 22, 23, 14, 2, 0, 1]
(1, (0, 1, 1), (2, 0)): [112, 76, 52, 28, 31, 10, 3, 3, 1, 1]
(1, (0, 1, 1), (2, 1)): [41, 39, 28, 9, 3, 5, 3, 1]
(1, (0, 1, 1), (2, 2)): [39, 25, 21, 11, 3, 0, 0, 1]
(1, (0, 1, 1), (3, 0)): [91, 62, 39, 22, 30, 8, 3, 3, 1, 1]
(1, (0, 1, 1), (3, 1)): [20, 19, 11, 3, 2, 3, 3]
(1, (0, 1, 1), (3, 2)): [23, 23, 16, 3, 2, 1, 1]
(1, (1, 0, 0), (0, 0)): [182147, 34083, 20877, 9156, 3702, 1556, 595, 221, 103, 50, 17, 15, 2, 2, 0, 1]
(1, (1, 0, 0), (0, 1)): [1852, 287, 201, 73, 31, 14, 10, 1, 0, 2]
(1, (1, 0, 0), (0, 2)): [639, 87, 67, 25, 10, 3, 5, 0, 0, 2]
(1, (1, 0, 0), (1, 0)): [1873, 358, 237, 112, 40, 15, 6, 4, 1, 1, 0, 0, 0, 0, 0, 1]
(1, (1, 0, 0), (1, 1)): [1505, 248, 167, 48, 29, 10, 5, 3, 0, 0, 0, 0, 0, 0, 0, 1]
(1, (1, 0, 0), (1, 2)): [870, 113, 85, 21, 16, 5, 4, 1, 0, 1]
(1, (1, 0, 0), (2, 0)): [619, 131, 92, 56, 19, 9, 3, 0, 1, 1]
(1, (1, 0, 0), (2, 1)): [767, 144, 92, 40, 17, 8, 2, 1, 1, 0, 0, 0, 0, 0, 0, 1]
(1, (1, 0, 0), (2, 2)): [634, 106, 73, 29, 17, 6, 2, 0, 0, 1]
(1, (1, 0, 0), (3, 0)): [206, 53, 36, 24, 11, 4, 1, 0, 0, 1]
(1, (1, 0, 0), (3, 1)): [293, 77, 43, 31, 11, 4, 2, 1, 0, 0, 0, 0, 0, 0, 0, 1]
(1, (1, 0, 0), (3, 2)): [320, 72, 37, 28, 11, 7, 2, 0, 0, 0, 0, 0, 0, 0, 0, 1]
(1, (1, 0, 1), (0, 0)): [14145, 18343, 6117, 3910, 1673, 732, 279, 110, 46, 34, 11, 3]
(1, (1, 0, 1), (0, 1)): [156, 138, 41, 30, 16, 6, 5, 0, 3, 1]
(1, (1, 0, 1), (0, 2)): [74, 41, 13, 16, 2, 3, 1]
(1, (1, 0, 1), (1, 0)): [152, 198, 47, 34, 21, 11, 2, 1, 0, 1]
(1, (1, 0, 1), (1, 1)): [111, 115, 28, 20, 21, 2, 4, 0, 2]
(1, (1, 0, 1), (1, 2)): [83, 58, 23, 19, 8, 2, 2]
(1, (1, 0, 1), (2, 0)): [58, 73, 17, 13, 8, 6]
(1, (1, 0, 1), (2, 1)): [54, 60, 11, 11, 10, 3, 3, 0, 2]
(1, (1, 0, 1), (2, 2)): [46, 43, 15, 6, 6, 2, 2, 0, 1]
(1, (1, 0, 1), (3, 0)): [22, 32, 7, 5, 4, 3]
(1, (1, 0, 1), (3, 1)): [20, 31, 5, 7, 8, 4]
(1, (1, 0, 1), (3, 2)): [24, 25, 11, 5, 9, 5, 2, 0, 1]
(1, (1, 1, 0), (0, 0)): [48942, 15692, 11170, 7537, 3303, 1440, 576, 225, 87, 44, 14, 9, 4, 4, 1]
(1, (1, 1, 0), (0, 1)): [529, 142, 113, 70, 29, 10, 8, 2]
(1, (1, 1, 0), (0, 2)): [188, 52, 37, 24, 10, 2]
(1, (1, 1, 0), (1, 0)): [497, 171, 114, 102, 48, 11, 4, 3, 0, 1, 0, 0, 1, 1]
(1, (1, 1, 0), (1, 1)): [409, 118, 91, 61, 27, 6, 8, 3, 0, 1]
(1, (1, 1, 0), (1, 2)): [282, 62, 48, 41, 14, 2, 1, 1]
(1, (1, 1, 0), (2, 0)): [172, 64, 39, 38, 24, 5, 1, 1, 0, 0, 0, 0, 1, 1]
(1, (1, 1, 0), (2, 1)): [204, 74, 49, 40, 15, 3, 4, 1, 0, 1, 0, 0, 1]
(1, (1, 1, 0), (2, 2)): [204, 50, 33, 23, 14, 0, 1, 1]
(1, (1, 1, 0), (3, 0)): [51, 22, 16, 12, 15, 4, 1, 1]
(1, (1, 1, 0), (3, 1)): [84, 37, 23, 16, 13, 2, 4, 2, 0, 1, 0, 0, 1]
(1, (1, 1, 0), (3, 2)): [106, 39, 21, 13, 14, 1, 3, 3, 0, 1, 0, 0, 1]
(1, (1, 1, 1), (0, 0)): [10057, 8333, 5411, 3738, 2649, 1186, 487, 184, 81, 32, 12, 9, 4, 2, 1]
(1, (1, 1, 1), (0, 1)): [138, 92, 66, 39, 38, 10, 4, 3]
(1, (1, 1, 1), (0, 2)): [68, 36, 25, 11, 14, 3, 2]
(1, (1, 1, 1), (1, 0)): [115, 90, 74, 39, 39, 18, 10, 2, 1, 1]
(1, (1, 1, 1), (1, 1)): [99, 60, 48, 32, 35, 10, 2, 2]
(1, (1, 1, 1), (1, 2)): [78, 33, 29, 20, 19, 7, 2, 1]
(1, (1, 1, 1), (2, 0)): [37, 37, 34, 18, 15, 10, 5, 2]
(1, (1, 1, 1), (2, 1)): [51, 39, 34, 17, 25, 4, 2, 1]
(1, (1, 1, 1), (2, 2)): [53, 26, 29, 14, 21, 4, 3, 1]
(1, (1, 1, 1), (3, 0)): [11, 16, 9, 10, 4, 7, 3]
(1, (1, 1, 1), (3, 1)): [22, 18, 7, 9, 7, 5, 2, 1]
(1, (1, 1, 1), (3, 2)): [38, 17, 13, 15, 11, 6, 2]
(2, (0, 0, 0), (0, 0)): [383049, 16717, 5787, 1828, 658, 239, 82, 32, 8, 2, 2]
(2, (0, 0, 0), (0, 1)): [4442, 168, 62, 16, 8, 3]
(2, (0, 0, 0), (0, 2)): [1452, 41, 12, 7]
(2, (0, 0, 0), (1, 0)): [4407, 271, 87, 29, 7, 6, 2]
(2, (0, 0, 0), (1, 1)): [3929, 172, 69, 14, 8, 4, 1]
(2, (0, 0, 0), (1, 2)): [2271, 74, 30, 8, 3, 2, 1]
(2, (0, 0, 0), (2, 0)): [1618, 115, 38, 17, 3, 4, 1]
(2, (0, 0, 0), (2, 1)): [2298, 116, 46, 15, 4, 3]
(2, (0, 0, 0), (2, 2)): [1921, 84, 29, 12, 3, 3]
(2, (0, 0, 0), (3, 0)): [581, 49, 23, 10, 1, 2, 1]
(2, (0, 0, 0), (3, 1)): [1047, 61, 31, 11, 3, 3]
(2, (0, 0, 0), (3, 2)): [1233, 65, 34, 11, 0, 3]
(2, (0, 0, 1), (0, 0)): [40076, 13274, 2458, 841, 303, 118, 38, 11, 1, 2, 0, 1]
(2, (0, 0, 1), (0, 1)): [349, 118, 23, 6, 4, 3, 1]
(2, (0, 0, 1), (0, 2)): [139, 32, 11, 1, 1, 1]
(2, (0, 0, 1), (1, 0)): [407, 136, 38, 12, 3, 2, 0, 1]
(2, (0, 0, 1), (1, 1)): [303, 96, 20, 4, 3, 1, 1]
(2, (0, 0, 1), (1, 2)): [198, 48, 12, 3, 2, 1, 1]
(2, (0, 0, 1), (2, 0)): [183, 54, 18, 10, 3, 2, 0, 1]
(2, (0, 0, 1), (2, 1)): [191, 57, 16, 5, 4, 0, 0, 1]
(2, (0, 0, 1), (2, 2)): [162, 38, 14, 3, 3, 1, 1]
(2, (0, 0, 1), (3, 0)): [93, 24, 11, 6, 0, 2]
(2, (0, 0, 1), (3, 1)): [105, 24, 9, 5, 2]
(2, (0, 0, 1), (3, 2)): [115, 30, 8, 3, 2, 1]
(2, (0, 1, 0), (0, 0)): [101898, 23585, 5844, 2047, 678, 241, 75, 18, 6, 1, 1, 0, 1]
(2, (0, 1, 0), (0, 1)): [882, 169, 38, 9, 8, 1, 1]
(2, (0, 1, 0), (0, 2)): [325, 35, 10, 1, 3]
(2, (0, 1, 0), (1, 0)): [1247, 220, 94, 33, 11, 6, 1, 0, 0, 0, 0, 0, 1]
(2, (0, 1, 0), (1, 1)): [817, 162, 47, 12, 7, 3, 1]
(2, (0, 1, 0), (1, 2)): [443, 69, 18, 7, 3]
(2, (0, 1, 0), (2, 0)): [601, 99, 48, 24, 7, 2, 1, 0, 0, 0, 0, 0, 1]
(2, (0, 1, 0), (2, 1)): [537, 98, 26, 9, 5, 2, 0, 0, 0, 0, 0, 0, 1]
(2, (0, 1, 0), (2, 2)): [438, 57, 14, 9, 3]
(2, (0, 1, 0), (3, 0)): [344, 52, 31, 15, 5, 0, 1]
(2, (0, 1, 0), (3, 1)): [294, 59, 26, 9, 7, 1, 1, 0, 0, 0, 0, 0, 1]
(2, (0, 1, 0), (3, 2)): [305, 53, 18, 3, 3, 1, 1, 0, 0, 0, 0, 0, 1]
(2, (0, 1, 1), (0, 0)): [24882, 2221, 5917, 1579, 604, 202, 73, 29, 11, 4, 1]
(2, (0, 1, 1), (0, 1)): [223, 13, 39, 8, 3, 2, 1, 1]
(2, (0, 1, 1), (0, 2)): [91, 3, 14, 4, 2, 1, 1]
(2, (0, 1, 1), (1, 0)): [306, 35, 62, 23, 13, 2, 1]
(2, (0, 1, 1), (1, 1)): [190, 16, 37, 8, 3, 1, 0, 1]
(2, (0, 1, 1), (1, 2)): [133, 6, 21, 5, 2, 1, 1]
(2, (0, 1, 1), (2, 0)): [161, 25, 30, 17, 10, 2, 1]
(2, (0, 1, 1), (2, 1)): [98, 13, 22, 7, 2, 1]
(2, (0, 1, 1), (2, 2)): [97, 9, 18, 4, 0, 1]
(2, (0, 1, 1), (3, 0)): [114, 17, 20, 10, 9, 2, 1]
(2, (0, 1, 1), (3, 1)): [52, 6, 13, 4, 0, 1]
(2, (0, 1, 1), (3, 2)): [67, 10, 17, 5, 0, 2]
(2, (1, 0, 0), (0, 0)): [223012, 17127, 10022, 3251, 1097, 352, 140, 46, 13, 5, 3]
(2, (1, 0, 0), (0, 1)): [2133, 112, 91, 23, 6, 5, 1]
(2, (1, 0, 0), (0, 2)): [703, 29, 26, 6, 2, 1, 1]
(2, (1, 0, 0), (1, 0)): [2308, 187, 131, 57, 17, 5, 3]
(2, (1, 0, 0), (1, 1)): [1737, 113, 90, 26, 5, 2]
(2, (1, 0, 0), (1, 2)): [1005, 44, 35, 18, 2, 2]
(2, (1, 0, 0), (2, 0)): [807, 86, 52, 30, 11, 2, 2]
(2, (1, 0, 0), (2, 1)): [931, 72, 56, 16, 6, 2]
(2, (1, 0, 0), (2, 2)): [759, 45, 36, 13, 3, 3]
(2, (1, 0, 0), (3, 0)): [253, 38, 17, 17, 4, 1, 2]
(2, (1, 0, 0), (3, 1)): [388, 41, 30, 13, 4, 1, 2]
(2, (1, 0, 0), (3, 2)): [450, 38, 23, 11, 2, 4]
(2, (1, 0, 1), (0, 0)): [36881, 9761, 4146, 2240, 692, 260, 91, 30, 12, 2, 0, 2]
(2, (1, 0, 1), (0, 1)): [395, 78, 36, 26, 10, 2, 0, 0, 0, 0, 0, 1]
(2, (1, 0, 1), (0, 2)): [149, 17, 11, 9, 3]
(2, (1, 0, 1), (1, 0)): [369, 84, 48, 30, 12, 4, 1]
(2, (1, 0, 1), (1, 1)): [311, 68, 25, 21, 10, 0, 1, 0, 0, 0, 0, 1]
(2, (1, 0, 1), (1, 2)): [197, 26, 6, 9, 3, 0, 0, 0, 0, 0, 0, 1]
(2, (1, 0, 1), (2, 0)): [120, 25, 25, 14, 1, 2]
(2, (1, 0, 1), (2, 1)): [158, 37, 14, 11, 7, 1]
(2, (1, 0, 1), (2, 2)): [133, 22, 5, 5, 5, 1, 0, 0, 0, 0, 0, 1]
(2, (1, 0, 1), (3, 0)): [51, 9, 13, 9, 1]
(2, (1, 0, 1), (3, 1)): [71, 16, 10, 8, 3]
(2, (1, 0, 1), (3, 2)): [81, 17, 5, 3, 6, 1]
(2, (1, 1, 0), (0, 0)): [84042, 13477, 7135, 4318, 1422, 497, 149, 54, 21, 8, 5, 0, 1, 1]
(2, (1, 1, 0), (0, 1)): [876, 132, 62, 42, 9, 4, 2]
(2, (1, 1, 0), (0, 2)): [311, 42, 19, 7, 1]
(2, (1, 1, 0), (1, 0)): [911, 132, 80, 67, 17, 8, 2, 2, 1, 1]
(2, (1, 1, 0), (1, 1)): [710, 95, 52, 39, 11, 4, 1, 1, 1, 1]
(2, (1, 1, 0), (1, 2)): [421, 54, 34, 17, 1, 2, 1]
(2, (1, 1, 0), (2, 0)): [345, 54, 33, 31, 10, 5, 1, 1]
(2, (1, 1, 0), (2, 1)): [417, 41, 27, 23, 11, 4, 0, 1, 1, 1]
(2, (1, 1, 0), (2, 2)): [334, 45, 22, 21, 7, 2, 1, 0, 1]
(2, (1, 1, 0), (3, 0)): [129, 27, 17, 16, 4, 3, 1]
(2, (1, 1, 0), (3, 1)): [181, 21, 19, 19, 2, 5, 1, 1]
(2, (1, 1, 0), (3, 2)): [216, 22, 17, 19, 7, 2, 1, 0, 1]
(2, (1, 1, 1), (0, 0)): [24688, 3761, 4258, 2257, 1521, 525, 167, 62, 28, 6, 4, 0, 0, 1]
(2, (1, 1, 1), (0, 1)): [307, 31, 44, 27, 25, 3, 3, 2, 1]
(2, (1, 1, 1), (0, 2)): [141, 4, 9, 4, 4, 1, 0, 0, 1]
(2, (1, 1, 1), (1, 0)): [268, 82, 48, 40, 15, 9, 4, 0, 1]
(2, (1, 1, 1), (1, 1)): [237, 35, 40, 23, 19, 3, 2]
(2, (1, 1, 1), (1, 2)): [165, 11, 15, 11, 7, 2, 1]
(2, (1, 1, 1), (2, 0)): [83, 64, 17, 20, 6, 5, 3]
(2, (1, 1, 1), (2, 1)): [109, 33, 23, 15, 10, 3, 3]
(2, (1, 1, 1), (2, 2)): [118, 17, 16, 14, 6, 2, 1]
(2, (1, 1, 1), (3, 0)): [20, 49, 6, 10, 1, 3]
(2, (1, 1, 1), (3, 1)): [41, 39, 9, 8, 5, 2, 2]
(2, (1, 1, 1), (3, 2)): [66, 27, 13, 15, 6, 4, 2]
