(0, (0, 0, 0)): [35974, 6384, 2922, 1324, 541, 218, 93, 42, 16, 7]
(0, (0, 0, 1)): [70, 282, 75, 39, 9, 6, 1, 3, 1, 2]
(0, (0, 1, 0)): [1289, 1147, 484, 204, 80, 50, 13, 14, 4, 1]
(0, (0, 1, 1)): [99, 177, 214, 74, 49, 21, 9, 2, 1, 2]
(0, (1, 0, 0)): [6497, 1932, 1336, 675, 313, 105, 59, 22, 9, 4]
(0, (1, 0, 1)): [120, 436, 170, 133, 50, 28, 14, 7, 6, 2]
(0, (1, 1, 0)): [1095, 583, 422, 305, 164, 72, 34, 18, 3, 2]
(0, (1, 1, 1)): [105, 165, 138, 97, 86, 48, 21, 11, 5, 2]
(1, (0, 0, 0)): [28088, 2928, 1135, 453, 162, 65, 24, 6, 3]
(1, (0, 0, 1)): [635, 924, 177, 81, 29, 17, 4, 2]
(1, (0, 1, 0)): [3520, 1340, 518, 208, 90, 31, 4, 3, 1]
(1, (0, 1, 1)): [482, 474, 355, 146, 72, 23, 10, 5]
(1, (1, 0, 0)): [9682, 1534, 1084, 471, 174, 51, 23, 6, 4]
(1, (1, 0, 1)): [803, 765, 245, 174, 72, 27, 11, 5, 1]
(1, (1, 1, 0)): [2789, 754, 466, 385, 147, 50, 18, 7, 2]
(1, (1, 1, 1)): [534, 418, 249, 194, 123, 55, 13, 5]
(2, (0, 0, 0)): [24526, 1112, 310, 111, 32, 11, 6]
(2, (0, 0, 1)): [2184, 577, 111, 42, 8, 9, 2]
(2, (0, 1, 0)): [5687, 1010, 282, 118, 42, 15, 5, 0, 1]
(2, (0, 1, 1)): [1395, 88, 225, 78, 23, 7, 2, 2]
(2, (1, 0, 0)): [11699, 812, 523, 169, 46, 18, 7, 1]
(2, (1, 0, 1)): [2140, 418, 152, 98, 30, 7, 3]
(2, (1, 1, 0)): [4492, 591, 274, 237, 67, 16, 5, 2]
(2, (1, 1, 1)): [1319, 194, 163, 100, 66, 18, 4, 1]
