(0, (0, 0, 0), (0, 0)): [953148, 189984, 88536, 40404, 18097, 7847, 3242, 1352, 550, 250, 108, 53, 25, 7, 3, 1, 0, 1]
(0, (0, 0, 0), (0, 1)): [19022, 3434, 1638, 725, 319, 133, 47, 29, 6, 5, 1, 0, 2, 1, 0, 1]
(0, (0, 0, 0), (0, 2)): [6997, 1104, 514, 236, 104, 29, 17, 12, 2, 1, 0, 0, 1]
(0, (0, 0, 0), (1, 0)): [17551, 3718, 1888, 838, 419, 178, 84, 30, 11, 5, 3]
(0, (0, 0, 0), (1, 1)): [16063, 3048, 1516, 687, 316, 132, 46, 25, 6, 3, 3, 0, 1, 1, 0, 1]
(0, (0, 0, 0), (1, 2)): [10421, 1751, 809, 360, 179, 69, 21, 12, 5, 2, 0, 0, 2]
(0, (0, 0, 0), (2, 0)): [5825, 1382, 736, 363, 173, 84, 40, 13, 4, 2, 1]
(0, (0, 0, 0), (2, 1)): [8608, 1792, 956, 450, 209, 88, 39, 21, 3, 1, 1, 0, 0, 1]
(0, (0, 0, 0), (2, 2)): [8278, 1512, 746, 348, 167, 74, 21, 12, 3, 3, 1, 0, 2]
(0, (0, 0, 0), (3, 0)): [1902, 478, 305, 166, 74, 44, 19, 5, 3, 0, 1]
(0, (0, 0, 0), (3, 1)): [3450, 838, 528, 268, 109, 53, 23, 13, 4]
(0, (0, 0, 0), (3, 2)): [4718, 981, 613, 283, 133, 55, 16, 10, 5, 2, 0, 0, 2]
(0, (0, 0, 1), (0, 0)): [4085, 12225, 3306, 1586, 790, 344, 146, 73, 30, 18, 4, 1, 3, 1]
(0, (0, 0, 1), (0, 1)): [76, 196, 61, 22, 15, 6, 3, 1, 0, 1, 0, 0, 0, 1]
(0, (0, 0, 1), (0, 2)): [31, 80, 17, 6, 5, 1]
(0, (0, 0, 1), (1, 0)): [70, 182, 48, 32, 19, 9, 1, 2, 1]
(0, (0, 0, 1), (1, 1)): [64, 136, 49, 19, 18, 6, 2, 1, 0, 1, 0, 0, 0, 1]
(0, (0, 0, 1), (1, 2)): [45, 104, 27, 11, 9, 0, 1, 1, 0, 1]
(0, (0, 0, 1), (2, 0)): [30, 83, 20, 17, 5, 6, 1, 1, 1]
(0, (0, 0, 1), (2, 1)): [37, 81, 27, 17, 11, 5]
(0, (0, 0, 1), (2, 2)): [43, 76, 23, 9, 9, 1]
(0, (0, 0, 1), (3, 1)): [15, 34, 12, 8, 7, 4, 0, 1]
(0, (0, 0, 1), (3, 2)): [22, 41, 12, 8, 8, 4, 0, 1]
(0, (0, 1, 0), (0, 0)): [31589, 29654, 11614, 5516, 2708, 1184, 489, 211, 89, 52, 16, 5, 3, 1, 1]
(0, (0, 1, 0), (0, 1)): [601, 488, 183, 90, 34, 21, 7, 5, 1]
(0, (0, 1, 0), (0, 2)): [232, 146, 65, 27, 6, 9, 2, 0, 1]
(0, (0, 1, 0), (1, 0)): [564, 489, 205, 112, 53, 28, 11, 2, 1]
(0, (0, 1, 0), (1, 1)): [489, 407, 166, 84, 33, 15, 7, 5]
(0, (0, 1, 0), (1, 2)): [326, 247, 92, 52, 19, 10, 3, 2, 1]
(0, (0, 1, 0), (2, 0)): [198, 174, 68, 43, 21, 17, 5, 0, 1]
(0, (0, 1, 0), (2, 1)): [242, 208, 89, 50, 14, 17, 6, 3]
(0, (0, 1, 0), (2, 2)): [252, 182, 81, 44, 13, 7, 6, 1, 1]
(0, (0, 1, 0), (3, 0)): [75, 65, 32, 24, 14, 5, 2, 0, 1]
(0, (0, 1, 0), (3, 1)): [99, 88, 47, 27, 16, 9, 2, 1]
(0, (0, 1, 0), (3, 2)): [153, 112, 62, 31, 17, 6, 6]
(0, (0, 1, 1), (0, 0)): [2824, 4701, 5812, 2692, 1455, 659, 290, 139, 64, 28, 9, 6, 1, 2, 1, 0, 0, 1]
(0, (0, 1, 1), (0, 1)): [48, 64, 93, 40, 24, 7, 5, 3, 1]
(0, (0, 1, 1), (0, 2)): [27, 24, 34, 15, 12, 4, 3, 2]
(0, (0, 1, 1), (1, 0)): [59, 101, 122, 66, 42, 17, 8, 5, 4, 0, 0, 1]
(0, (0, 1, 1), (1, 1)): [34, 62, 80, 38, 24, 5, 3, 2, 2]
(0, (0, 1, 1), (1, 2)): [28, 32, 44, 18, 17, 5, 3, 2, 1]
(0, (0, 1, 1), (2, 1)): [25, 41, 55, 28, 15, 4, 2, 4, 3]
(0, (0, 1, 1), (2, 2)): [32, 34, 41, 16, 10, 4, 2, 2, 2]
(0, (0, 1, 1), (3, 1)): [11, 22, 21, 14, 10, 1, 0, 1, 2]
(0, (0, 1, 1), (3, 2)): [16, 18, 30, 15, 8, 3, 2, 3, 3]
(0, (1, 0, 0), (0, 0)): [206925, 68563, 43807, 21671, 10346, 4703, 1977, 860, 356, 161, 76, 34, 15, 4, 2, 1, 0, 1]
(0, (1, 0, 0), (0, 1)): [4005, 1081, 789, 371, 195, 83, 31, 14, 6]
(0, (1, 0, 0), (0, 2)): [1537, 323, 256, 104, 54, 20, 13, 2, 5]
(0, (1, 0, 0), (1, 0)): [3470, 1118, 829, 399, 196, 81, 43, 18, 7, 6, 2]
(0, (1, 0, 0), (1, 1)): [2956, 869, 658, 309, 155, 57, 23, 14, 5, 4]
(0, (1, 0, 0), (1, 2)): [1910, 464, 365, 155, 77, 26, 16, 7, 3, 2]
(0, (1, 0, 0), (2, 0)): [1089, 378, 267, 151, 79, 35, 14, 9, 3, 2, 2]
(0, (1, 0, 0), (2, 1)): [1438, 446, 334, 179, 92, 39, 14, 6, 4, 3]
(0, (1, 0, 0), (2, 2)): [1335, 356, 275, 126, 67, 22, 14, 7, 3, 3]
(0, (1, 0, 0), (3, 0)): [316, 133, 103, 66, 40, 12, 3, 5, 0, 1, 1]
(0, (1, 0, 0), (3, 1)): [541, 194, 148, 92, 58, 19, 4, 2, 3, 1, 1]
(0, (1, 0, 0), (3, 2)): [677, 219, 166, 83, 61, 18, 6, 5, 2, 3]
(0, (1, 0, 1), (0, 0)): [4827, 14883, 6052, 4160, 2243, 1028, 505, 205, 94, 43, 20, 12, 5, 1, 1, 0, 0, 1]
(0, (1, 0, 1), (0, 1)): [86, 234, 95, 69, 33, 13, 12, 2, 1, 0, 0, 0, 1]
(0, (1, 0, 1), (0, 2)): [32, 87, 24, 26, 12, 7, 5, 0, 1]
(0, (1, 0, 1), (1, 0)): [77, 260, 98, 75, 40, 19, 2, 4, 4, 1, 1]
(0, (1, 0, 1), (1, 1)): [70, 191, 68, 51, 29, 13, 6, 1, 2, 0, 1]
(0, (1, 0, 1), (1, 2)): [56, 101, 33, 29, 14, 9, 3, 1, 2]
(0, (1, 0, 1), (2, 0)): [30, 93, 41, 27, 15, 10, 0, 3, 1, 1]
(0, (1, 0, 1), (2, 1)): [25, 117, 40, 31, 19, 9, 1, 0, 2, 0, 1]
(0, (1, 0, 1), (3, 0)): [15, 33, 18, 13, 7, 6, 0, 3]
(0, (1, 0, 1), (3, 1)): [13, 44, 14, 14, 11, 6]
(0, (1, 0, 1), (3, 2)): [16, 46, 25, 11, 10, 4, 1, 0, 1, 0, 1]
(0, (1, 1, 0), (0, 0)): [28174, 17994, 13863, 9840, 5251, 2496, 1082, 529, 208, 92, 44, 20, 6, 1]
(0, (1, 1, 0), (0, 1)): [578, 313, 219, 165, 90, 39, 13, 11, 2, 0, 1]
(0, (1, 1, 0), (0, 2)): [230, 110, 73, 50, 34, 13, 6, 6]
(0, (1, 1, 0), (1, 0)): [449, 285, 227, 166, 86, 50, 18, 11, 1, 3]
(0, (1, 1, 0), (1, 1)): [383, 216, 168, 126, 56, 33, 13, 9, 2, 1, 1]
(0, (1, 1, 0), (1, 2)): [265, 121, 93, 67, 36, 17, 4, 10, 1, 1]
(0, (1, 1, 0), (2, 0)): [124, 91, 72, 62, 34, 20, 5, 5, 1, 1]
(0, (1, 1, 0), (2, 1)): [178, 117, 77, 72, 36, 19, 10, 5, 1, 1]
(0, (1, 1, 0), (2, 2)): [176, 99, 71, 52, 24, 16, 3, 7, 1, 2]
(0, (1, 1, 0), (3, 1)): [66, 44, 39, 39, 18, 11, 8, 2, 2]
(0, (1, 1, 0), (3, 2)): [99, 54, 43, 38, 16, 11, 2, 4, 1]
(0, (1, 1, 1), (0, 0)): [2844, 5260, 4346, 3349, 2648, 1322, 633, 319, 132, 58, 31, 12, 2, 1, 1]
(0, (1, 1, 1), (0, 1)): [74, 92, 84, 58, 38, 21, 8, 5, 5, 2, 1, 1]
(0, (1, 1, 1), (0, 2)): [34, 39, 27, 18, 18, 5, 2, 1, 3, 0, 0, 1]
(0, (1, 1, 1), (1, 0)): [49, 102, 103, 71, 63, 32, 9, 10, 2, 0, 1]
(0, (1, 1, 1), (1, 1)): [53, 77, 85, 57, 31, 21, 9, 7, 1, 1, 1]
(0, (1, 1, 1), (1, 2)): [45, 52, 44, 22, 15, 11, 3, 2, 4, 0, 0, 1]
(0, (1, 1, 1), (2, 0)): [13, 39, 27, 30, 32, 10, 2, 4, 1, 0, 1]
(0, (1, 1, 1), (2, 1)): [28, 37, 37, 32, 26, 13, 3, 4, 1]
(0, (1, 1, 1), (2, 2)): [27, 33, 35, 26, 14, 9, 3, 3, 1, 0, 0, 1]
(0, (1, 1, 1), (3, 0)): [2, 13, 13, 15, 11, 2, 1, 2, 0, 0, 1]
(0, (1, 1, 1), (3, 1)): [5, 19, 14, 20, 9, 4, 1, 1, 0, 0, 1]
(0, (1, 1, 1), (3, 2)): [9, 12, 21, 21, 10, 6, 3, 0, 1, 0, 0, 1]
(1, (0, 0, 0), (0, 0)): [766583, 83249, 34358, 13648, 5367, 2046, 803, 302, 121, 46, 21, 13, 6, 2, 0, 1]
(1, (0, 0, 0), (0, 1)): [15414, 1538, 664, 246, 96, 23, 11, 9, 1, 0, 0, 0, 0, 1]
(1, (0, 0, 0), (0, 2)): [5691, 450, 192, 68, 27, 6, 1, 2]
(1, (0, 0, 0), (1, 0)): [14722, 1821, 797, 287, 130, 50, 20, 7, 0, 1, 0, 0, 0, 0, 0, 1]
(1, (0, 0, 0), (1, 1)): [13227, 1456, 597, 215, 96, 38, 17, 6, 1, 1, 0, 0, 0, 1]
(1, (0, 0, 0), (1, 2)): [8392, 736, 295, 123, 56, 24, 8, 2]
(1, (0, 0, 0), (2, 0)): [5085, 696, 357, 121, 53, 20, 7, 4, 0, 0, 0, 0, 0, 0, 0, 1]
(1, (0, 0, 0), (2, 1)): [7348, 897, 394, 142, 62, 20, 9, 6, 0, 1]
(1, (0, 0, 0), (2, 2)): [6973, 677, 303, 116, 50, 28, 11, 4]
(1, (0, 0, 0), (3, 0)): [1625, 247, 168, 54, 26, 8, 4, 0, 0, 0, 0, 0, 0, 0, 0, 1]
(1, (0, 0, 0), (3, 1)): [3064, 470, 250, 87, 46, 7, 2, 3]
(1, (0, 0, 0), (3, 2)): [3979, 485, 258, 88, 46, 18, 10, 3]
(1, (0, 0, 1), (0, 0)): [21163, 30705, 6027, 2547, 1074, 456, 171, 72, 32, 11, 6, 4, 4, 1]
(1, (0, 0, 1), (0, 1)): [389, 414, 87, 29, 15, 7, 5]
(1, (0, 0, 1), (0, 2)): [164, 133, 26, 7, 2, 1, 3]
(1, (0, 0, 1), (1, 0)): [390, 548, 110, 54, 26, 12, 5, 3, 1]
(1, (0, 0, 1), (1, 1)): [339, 395, 76, 33, 19, 6, 2, 2]
(1, (0, 0, 1), (1, 2)): [253, 215, 32, 14, 11, 2, 2]
(1, (0, 0, 1), (2, 0)): [170, 224, 46, 26, 12, 7, 5, 1, 1]
(1, (0, 0, 1), (2, 1)): [161, 235, 37, 19, 9, 7, 5, 2]
(1, (0, 0, 1), (2, 2)): [174, 178, 30, 14, 6, 2, 1]
(1, (0, 0, 1), (3, 0)): [73, 90, 27, 17, 8, 3, 2, 1, 1]
(1, (0, 0, 1), (3, 1)): [90, 113, 16, 12, 5, 3, 3, 2]
(1, (0, 0, 1), (3, 2)): [110, 109, 22, 11, 5, 2, 3]
(1, (0, 1, 0), (0, 0)): [102107, 46725, 16702, 7054, 2864, 1133, 384, 189, 48, 30, 18, 7, 6, 1, 1]
(1, (0, 1, 0), (0, 1)): [1752, 683, 257, 108, 32, 13, 7, 3, 1]
(1, (0, 1, 0), (0, 2)): [685, 242, 77, 22, 10, 6, 3]
(1, (0, 1, 0), (1, 0)): [2061, 931, 335, 193, 87, 26, 12, 4, 0, 0, 1, 0, 0, 1]
(1, (0, 1, 0), (1, 1)): [1535, 593, 238, 110, 39, 13, 7, 4, 1, 0, 0, 0, 0, 1]
(1, (0, 1, 0), (1, 2)): [1002, 351, 136, 43, 17, 6, 5, 2]
(1, (0, 1, 0), (2, 0)): [891, 402, 151, 104, 45, 15, 8, 3, 0, 0, 1]
(1, (0, 1, 0), (2, 1)): [829, 351, 126, 76, 31, 11, 6, 3, 0, 0, 1, 0, 0, 1]
(1, (0, 1, 0), (2, 2)): [792, 314, 114, 43, 23, 5, 3, 1]
(1, (0, 1, 0), (3, 0)): [472, 194, 64, 73, 32, 8, 5, 2]
(1, (0, 1, 0), (3, 1)): [403, 159, 59, 46, 22, 7, 3, 1, 0, 0, 0, 0, 0, 1]
(1, (0, 1, 0), (3, 2)): [452, 171, 76, 44, 24, 1, 4, 1, 0, 0, 0, 0, 0, 1]
(1, (0, 1, 1), (0, 0)): [17205, 13918, 13045, 5162, 2637, 1047, 418, 167, 80, 21, 8, 6, 1, 2, 0, 1]
(1, (0, 1, 1), (0, 1)): [248, 172, 152, 52, 24, 14, 6, 3]
(1, (0, 1, 1), (0, 2)): [123, 55, 50, 16, 7, 3, 2]
(1, (0, 1, 1), (1, 0)): [441, 330, 247, 119, 84, 30, 12, 8, 3, 1]
(1, (0, 1, 1), (1, 1)): [206, 148, 143, 51, 25, 6, 5, 3]
(1, (0, 1, 1), (1, 2)): [159, 80, 79, 33, 10, 4, 2]
(1, (0, 1, 1), (2, 0)): [293, 218, 137, 79, 65, 28, 10, 7, 3, 1]
(1, (0, 1, 1), (2, 1)): [124, 100, 76, 31, 14, 8, 6, 2]
(1, (0, 1, 1), (2, 2)): [118, 80, 70, 29, 17, 2, 1, 2]
(1, (0, 1, 1), (3, 0)): [239, 170, 109, 59, 57, 24, 7, 7, 3, 1]
(1, (0, 1, 1), (3, 1)): [62, 44, 32, 15, 5, 6, 5]
(1, (0, 1, 1), (3, 2)): [72, 56, 38, 14, 9, 3, 1, 1]
(1, (1, 0, 0), (0, 0)): [299721, 53368, 34044, 14625, 5923, 2367, 941, 331, 154, 63, 24, 18, 4, 2, 0, 2]
(1, (1, 0, 0), (0, 1)): [5797, 797, 608, 248, 100, 33, 15, 3, 1, 2]
(1, (1, 0, 0), (0, 2)): [2089, 251, 215, 70, 29, 10, 6, 1, 0, 2]
(1, (1, 0, 0), (1, 0)): [5463, 966, 696, 327, 134, 47, 23, 9, 1, 2, 0, 0, 1, 0, 0, 1]
(1, (1, 0, 0), (1, 1)): [4649, 681, 517, 213, 85, 31, 12, 6, 1, 0, 0, 0, 0, 0, 0, 1]
(1, (1, 0, 0), (1, 2)): [2894, 355, 300, 100, 46, 16, 5, 4, 0, 1]
(1, (1, 0, 0), (2, 0)): [1778, 346, 265, 149, 57, 23, 10, 0, 1, 2, 0, 0, 1]
(1, (1, 0, 0), (2, 1)): [2360, 395, 317, 146, 57, 18, 9, 2, 2, 0, 0, 0, 0, 0, 0, 1]
(1, (1, 0, 0), (2, 2)): [2170, 296, 265, 102, 41, 12, 5, 3, 1, 1]
(1, (1, 0, 0), (3, 0)): [539, 117, 85, 63, 26, 10, 4, 0, 0, 2, 0, 0, 1]
(1, (1, 0, 0), (3, 1)): [905, 211, 144, 86, 31, 12, 6, 1, 0, 1, 0, 0, 0, 0, 0, 1]
(1, (1, 0, 0), (3, 2)): [1122, 212, 156, 84, 29, 13, 5, 1, 1, 1, 0, 0, 0, 0, 0, 1]
(1, (1, 0, 1), (0, 0)): [23618, 28449, 9231, 6028, 2611, 1084, 413, 167, 58, 43, 12, 4, 0, 1]
(1, (1, 0, 1), (0, 1)): [461, 415, 119, 99, 46, 16, 9, 2, 3, 2]
(1, (1, 0, 1), (0, 2)): [207, 125, 42, 31, 8, 6, 4, 1, 0, 1]
(1, (1, 0, 1), (1, 0)): [441, 502, 154, 113, 59, 17, 4, 2, 0, 2]
(1, (1, 0, 1), (1, 1)): [353, 339, 102, 84, 45, 6, 6, 1, 2]
(1, (1, 0, 1), (1, 2)): [271, 176, 59, 47, 18, 5, 5, 1, 0, 1]
(1, (1, 0, 1), (2, 0)): [172, 175, 52, 34, 23, 9, 1, 1, 0, 1]
(1, (1, 0, 1), (2, 1)): [165, 179, 55, 45, 26, 6, 4, 0, 2]
(1, (1, 0, 1), (2, 2)): [175, 135, 49, 27, 17, 3, 5, 0, 1]
(1, (1, 0, 1), (3, 0)): [67, 73, 18, 12, 10, 5, 0, 0, 0, 1]
(1, (1, 0, 1), (3, 1)): [73, 84, 19, 22, 18, 6]
(1, (1, 0, 1), (3, 2)): [90, 79, 29, 21, 18, 6, 3, 0, 1]
(1, (1, 1, 0), (0, 0)): [81260, 25342, 17346, 12135, 5163, 2194, 853, 341, 139, 56, 22, 11, 6, 4, 1]
(1, (1, 1, 0), (0, 1)): [1614, 423, 264, 203, 87, 32, 18, 5, 2]
(1, (1, 1, 0), (0, 2)): [646, 166, 86, 71, 26, 8, 4, 0, 1]
(1, (1, 1, 0), (1, 0)): [1448, 484, 348, 265, 114, 41, 19, 8, 1, 2, 0, 0, 2, 1]
(1, (1, 1, 0), (1, 1)): [1215, 337, 244, 172, 78, 30, 18, 7, 0, 2]
(1, (1, 1, 0), (1, 2)): [889, 211, 136, 104, 40, 14, 8, 1]
(1, (1, 1, 0), (2, 0)): [492, 174, 119, 104, 42, 16, 4, 2, 1, 0, 0, 0, 2, 1]
(1, (1, 1, 0), (2, 1)): [593, 205, 143, 103, 39, 18, 9, 3, 0, 1, 0, 0, 1]
(1, (1, 1, 0), (2, 2)): [639, 162, 97, 75, 38, 12, 4, 1]
(1, (1, 1, 0), (3, 0)): [138, 65, 38, 34, 25, 11, 2, 2, 1, 0, 0, 0, 1]
(1, (1, 1, 0), (3, 1)): [249, 98, 70, 54, 27, 11, 8, 3, 0, 1, 0, 0, 1]
(1, (1, 1, 0), (3, 2)): [337, 97, 70, 45, 30, 14, 8, 4, 0, 1, 0, 0, 1]
(1, (1, 1, 1), (0, 0)): [16913, 13318, 8583, 5742, 4135, 1780, 725, 275, 114, 41, 17, 13, 6, 2, 1, 1]
(1, (1, 1, 1), (0, 1)): [388, 238, 159, 100, 82, 30, 14, 5, 3]
(1, (1, 1, 1), (0, 2)): [199, 84, 57, 31, 31, 9, 7]
(1, (1, 1, 1), (1, 0)): [337, 249, 168, 112, 90, 39, 17, 6, 2, 2, 0, 1, 1]
(1, (1, 1, 1), (1, 1)): [281, 171, 128, 92, 74, 29, 7, 5, 1]
(1, (1, 1, 1), (1, 2)): [224, 87, 82, 53, 36, 22, 8, 1]
(1, (1, 1, 1), (2, 0)): [101, 102, 67, 44, 28, 18, 10, 3, 1, 1, 0, 1, 1]
(1, (1, 1, 1), (2, 1)): [141, 118, 76, 54, 46, 13, 8, 4, 1, 1, 0, 1]
(1, (1, 1, 1), (2, 2)): [149, 81, 66, 58, 37, 15, 7, 2]
(1, (1, 1, 1), (3, 0)): [20, 36, 19, 19, 8, 11, 4, 0, 1, 0, 0, 0, 1]
(1, (1, 1, 1), (3, 1)): [40, 63, 27, 26, 19, 10, 5, 3, 0, 0, 0, 0, 1]
(1, (1, 1, 1), (3, 2)): [76, 52, 34, 37, 24, 13, 3, 2]
(2, (0, 0, 0), (0, 0)): [662360, 29713, 10079, 3208, 1100, 361, 131, 40, 9, 3, 4, 0, 1]
(2, (0, 0, 0), (0, 1)): [13331, 548, 199, 46, 29, 6, 6, 1]
(2, (0, 0, 0), (0, 2)): [4750, 146, 41, 14, 6, 1, 1, 1]
(2, (0, 0, 0), (1, 0)): [13364, 760, 257, 75, 33, 10, 3, 0, 0, 0, 0, 0, 1]
(2, (0, 0, 0), (1, 1)): [11805, 578, 213, 41, 29, 5, 6]
(2, (0, 0, 0), (1, 2)): [7367, 257, 92, 22, 12, 3, 3]
(2, (0, 0, 0), (2, 0)): [4844, 280, 118, 46, 16, 6, 1, 0, 0, 0, 0, 0, 1]
(2, (0, 0, 0), (2, 1)): [6819, 350, 132, 42, 10, 4, 3]
(2, (0, 0, 0), (2, 2)): [6151, 268, 102, 27, 11, 4, 1]
(2, (0, 0, 0), (3, 0)): [1647, 111, 66, 23, 12, 3, 1, 0, 0, 0, 0, 0, 1]
(2, (0, 0, 0), (3, 1)): [3087, 167, 85, 30, 11, 5, 2]
(2, (0, 0, 0), (3, 2)): [3902, 203, 99, 25, 7, 4]
(2, (0, 0, 1), (0, 0)): [61668, 19498, 3755, 1289, 462, 161, 48, 13, 3, 2, 0, 1]
(2, (0, 0, 1), (0, 1)): [1069, 306, 65, 22, 9, 3, 1]
(2, (0, 0, 1), (0, 2)): [417, 79, 25, 4, 1, 1]
(2, (0, 0, 1), (1, 0)): [1254, 384, 83, 36, 9, 3, 0, 1]
(2, (0, 0, 1), (1, 1)): [1020, 259, 55, 19, 8, 1, 1]
(2, (0, 0, 1), (1, 2)): [668, 129, 27, 9, 2, 1, 1]
(2, (0, 0, 1), (2, 0)): [519, 165, 39, 24, 6, 3, 0, 1]
(2, (0, 0, 1), (2, 1)): [587, 146, 43, 16, 9, 1, 0, 1]
(2, (0, 0, 1), (2, 2)): [547, 108, 35, 6, 3, 2, 1]
(2, (0, 0, 1), (3, 0)): [266, 71, 21, 15, 2, 2]
(2, (0, 0, 1), (3, 1)): [294, 76, 19, 14, 6]
(2, (0, 0, 1), (3, 2)): [332, 76, 25, 9, 2, 1]
(2, (0, 1, 0), (0, 0)): [163579, 35966, 9411, 3311, 1081, 363, 111, 28, 8, 4, 4, 0, 1]
(2, (0, 1, 0), (0, 1)): [2785, 495, 134, 50, 14, 1, 1]
(2, (0, 1, 0), (0, 2)): [1060, 137, 35, 11, 4]
(2, (0, 1, 0), (1, 0)): [3671, 629, 265, 105, 25, 15, 5, 1, 0, 0, 0, 0, 1]
(2, (0, 1, 0), (1, 1)): [2580, 445, 156, 51, 13, 4, 3, 1]
(2, (0, 1, 0), (1, 2)): [1620, 223, 60, 32, 4]
(2, (0, 1, 0), (2, 0)): [1724, 272, 134, 72, 18, 10, 3, 0, 0, 0, 0, 0, 1]
(2, (0, 1, 0), (2, 1)): [1564, 286, 99, 36, 10, 7, 3, 1, 0, 0, 0, 0, 1]
(2, (0, 1, 0), (2, 2)): [1419, 208, 60, 34, 5, 3, 0, 1]
(2, (0, 1, 0), (3, 0)): [967, 126, 78, 49, 13, 4, 2]
(2, (0, 1, 0), (3, 1)): [745, 132, 63, 23, 11, 4, 3, 0, 0, 0, 0, 0, 1]
(2, (0, 1, 0), (3, 2)): [915, 146, 56, 28, 6, 4, 1, 0, 0, 0, 0, 0, 1]
(2, (0, 1, 1), (0, 0)): [38467, 3380, 8679, 2317, 913, 296, 108, 39, 15, 4, 3, 1, 0, 1]
(2, (0, 1, 1), (0, 1)): [610, 48, 108, 23, 7, 3, 1, 3]
(2, (0, 1, 1), (0, 2)): [260, 19, 33, 8, 4, 1, 1]
(2, (0, 1, 1), (1, 0)): [842, 87, 172, 59, 27, 7, 4, 0, 0, 0, 1]
(2, (0, 1, 1), (1, 1)): [550, 41, 103, 26, 6, 3, 1, 2]
(2, (0, 1, 1), (1, 2)): [374, 23, 52, 10, 4, 1, 2, 1]
(2, (0, 1, 1), (2, 0)): [431, 51, 86, 36, 20, 6, 1, 0, 0, 0, 1]
(2, (0, 1, 1), (2, 1)): [299, 28, 75, 17, 5, 4]
(2, (0, 1, 1), (2, 2)): [316, 27, 54, 14, 2, 4, 1, 1]
(2, (0, 1, 1), (3, 0)): [301, 38, 48, 22, 18, 5, 1, 0, 0, 0, 1]
(2, (0, 1, 1), (3, 1)): [156, 14, 33, 10, 4, 1]
(2, (0, 1, 1), (3, 2)): [213, 23, 43, 10, 4, 4, 0, 1]
(2, (1, 0, 0), (0, 0)): [365354, 26614, 16929, 5385, 1756, 557, 229, 62, 17, 8, 5, 0, 1]
(2, (1, 0, 0), (0, 1)): [6616, 350, 293, 72, 32, 7, 6, 1]
(2, (1, 0, 0), (0, 2)): [2373, 95, 78, 15, 11, 1, 1]
(2, (1, 0, 0), (1, 0)): [6820, 547, 404, 154, 42, 11, 7, 1, 0, 0, 0, 0, 1]
(2, (1, 0, 0), (1, 1)): [5468, 337, 278, 84, 25, 3, 4]
(2, (1, 0, 0), (1, 2)): [3403, 161, 120, 43, 12, 2]
(2, (1, 0, 0), (2, 0)): [2293, 215, 142, 74, 18, 5, 4, 0, 0, 0, 0, 0, 1]
(2, (1, 0, 0), (2, 1)): [2776, 177, 152, 53, 21, 6, 2, 0, 0, 0, 0, 0, 1]
(2, (1, 0, 0), (2, 2)): [2574, 148, 117, 38, 14, 5, 1]
(2, (1, 0, 0), (3, 0)): [751, 99, 43, 44, 5, 1, 3]
(2, (1, 0, 0), (3, 1)): [1192, 120, 72, 42, 9, 3, 2, 0, 0, 0, 0, 0, 1]
(2, (1, 0, 0), (3, 2)): [1427, 119, 79, 34, 9, 7, 1, 0, 0, 0, 0, 0, 1]
(2, (1, 0, 1), (0, 0)): [60440, 15103, 6069, 3527, 1140, 385, 145, 44, 19, 6, 0, 2, 1]
(2, (1, 0, 1), (0, 1)): [1139, 236, 96, 63, 21, 2, 2, 1, 0, 0, 0, 1]
(2, (1, 0, 1), (0, 2)): [450, 70, 28, 14, 9]
(2, (1, 0, 1), (1, 0)): [1051, 234, 115, 82, 29, 11, 3]
(2, (1, 0, 1), (1, 1)): [870, 182, 71, 59, 17, 5, 4, 1, 0, 0, 0, 1]
(2, (1, 0, 1), (1, 2)): [583, 86, 32, 23, 10, 2, 1, 1, 0, 0, 0, 1]
(2, (1, 0, 1), (2, 0)): [371, 82, 58, 30, 10, 4, 1]
(2, (1, 0, 1), (2, 1)): [469, 109, 37, 33, 14, 4]
(2, (1, 0, 1), (2, 2)): [409, 67, 25, 19, 10, 3, 1, 1, 0, 0, 0, 1]
(2, (1, 0, 1), (3, 0)): [137, 24, 28, 14, 6, 1, 1]
(2, (1, 0, 1), (3, 1)): [217, 42, 26, 18, 6, 1, 1]
(2, (1, 0, 1), (3, 2)): [245, 48, 27, 10, 8, 3, 1, 1]
(2, (1, 1, 0), (0, 0)): [140680, 21990, 11175, 7329, 2339, 793, 249, 83, 33, 13, 6, 1, 2, 1]
(2, (1, 1, 0), (0, 1)): [2743, 369, 171, 117, 34, 7, 4, 2, 0, 0, 0, 0, 1]
(2, (1, 1, 0), (0, 2)): [1095, 116, 50, 27, 8, 1, 1]
(2, (1, 1, 0), (1, 0)): [2632, 388, 230, 180, 53, 19, 7, 2, 1, 1]
(2, (1, 1, 0), (1, 1)): [2194, 293, 149, 118, 28, 7, 3, 2, 1, 1, 0, 0, 1]
(2, (1, 1, 0), (1, 2)): [1519, 170, 80, 48, 12, 3, 2, 1]
(2, (1, 1, 0), (2, 0)): [927, 152, 102, 77, 28, 12, 3, 1]
(2, (1, 1, 0), (2, 1)): [1186, 147, 101, 78, 23, 11, 3, 1, 1, 1, 0, 0, 1]
(2, (1, 1, 0), (2, 2)): [1135, 137, 70, 64, 13, 4, 4, 1, 1]
(2, (1, 1, 0), (3, 0)): [324, 60, 44, 30, 13, 5, 1]
(2, (1, 1, 0), (3, 1)): [508, 76, 62, 41, 12, 8, 2, 1, 0, 0, 0, 0, 1]
(2, (1, 1, 0), (3, 2)): [632, 81, 56, 43, 14, 3, 3, 1, 1]
(2, (1, 1, 1), (0, 0)): [41082, 6090, 6862, 3469, 2462, 811, 267, 95, 37, 6, 5, 0, 1, 1]
(2, (1, 1, 1), (0, 1)): [920, 88, 129, 62, 43, 8, 5, 2, 1, 0, 0, 0, 1]
(2, (1, 1, 1), (0, 2)): [421, 22, 29, 17, 13, 2, 1, 0, 1]
(2, (1, 1, 1), (1, 0)): [728, 205, 135, 84, 53, 22, 6, 1, 1, 0, 1]
(2, (1, 1, 1), (1, 1)): [689, 102, 119, 58, 37, 6, 3, 0, 0, 0, 1, 0, 1]
(2, (1, 1, 1), (1, 2)): [520, 44, 47, 25, 15, 4, 2, 0, 0, 0, 1]
(2, (1, 1, 1), (2, 0)): [198, 138, 36, 37, 26, 15, 4, 1]
(2, (1, 1, 1), (2, 1)): [304, 93, 67, 31, 31, 8, 4, 0, 0, 0, 0, 0, 1]
(2, (1, 1, 1), (2, 2)): [349, 57, 45, 29, 17, 5, 2, 0, 0, 0, 1]
(2, (1, 1, 1), (3, 0)): [41, 93, 13, 21, 7, 8, 1]
(2, (1, 1, 1), (3, 1)): [95, 96, 25, 22, 21, 6, 4]
(2, (1, 1, 1), (3, 2)): [160, 81, 31, 31, 17, 7, 4, 0, 0, 0, 1]
