(0, (0, 0, 0), (0, 0)): [29698, 5331, 2291, 925, 399, 170, 58, 18, 7, 2, 4]
(0, (0, 0, 1), (0, 0)): [185, 487, 150, 45, 21, 8, 5, 1]
(0, (0, 1, 0), (0, 0)): [871, 875, 333, 121, 59, 19, 7, 1, 2, 1, 1]
(0, (0, 1, 1), (0, 0)): [96, 117, 157, 73, 31, 15, 6, 1]
(0, (1, 0, 0), (0, 0)): [6678, 2264, 1158, 544, 226, 96, 34, 12, 3, 2, 3]
(0, (1, 0, 1), (0, 0)): [155, 350, 168, 89, 53, 11, 8, 3, 2]
(0, (1, 1, 0), (0, 0)): [880, 544, 392, 238, 126, 57, 20, 6, 1, 3, 2]
(0, (1, 1, 1), (0, 0)): [98, 160, 116, 91, 76, 33, 11, 7, 3, 3, 1]
(1, (0, 0, 0), (0, 0)): [23336, 2153, 817, 277, 118, 54, 13, 5, 3, 0, 1]
(1, (0, 0, 0), (1, 0)): [1]
(1, (0, 0, 0), (2, 0)): [1]
(1, (0, 0, 0), (3, 0)): [1]
(1, (0, 0, 1), (0, 0)): [933, 1300, 246, 77, 34, 13, 6, 2]
(1, (0, 1, 0), (0, 0)): [3720, 1739, 545, 200, 61, 28, 11, 6, 1]
(1, (0, 1, 1), (0, 0)): [622, 512, 497, 176, 65, 33, 4, 3]
(1, (1, 0, 0), (0, 0)): [9043, 1630, 813, 328, 119, 61, 14, 3, 3]
(1, (1, 0, 1), (0, 0)): [590, 785, 320, 152, 59, 23, 7, 2, 1]
(1, (1, 1, 0), (0, 0)): [2255, 669, 423, 277, 116, 40, 17, 2, 3]
(1, (1, 1, 1), (0, 0)): [429, 352, 202, 147, 86, 37, 15, 5, 2]
(2, (0, 0, 0), (0, 0)): [20251, 694, 217, 57, 25, 8, 2, 2, 1, 0, 1]
(2, (0, 0, 1), (0, 0)): [2569, 849, 117, 32, 10, 2, 1]
(2, (0, 1, 0), (0, 0)): [6199, 1326, 297, 79, 17, 12, 1, 2]
(2, (0, 1, 1), (0, 0)): [1573, 147, 309, 62, 30, 5, 3]
(2, (1, 0, 0), (0, 0)): [10902, 770, 344, 106, 39, 12, 6, 3, 1, 0, 1]
(2, (1, 0, 1), (0, 0)): [1586, 434, 208, 68, 23, 7, 2]
(2, (1, 1, 0), (0, 0)): [3324, 473, 258, 126, 40, 14, 4, 4, 1, 0, 1]
(2, (1, 1, 1), (0, 0)): [1021, 168, 141, 62, 52, 14, 6, 2, 1, 1, 1]
