(0, (0, 0, 0)): [1420574, 284470, 130801, 59149, 26263, 11207, 4593, 1899, 763, 348, 140, 66, 31, 10, 4, 1, 0, 1]
(0, (0, 0, 1)): [5811, 17401, 4739, 2232, 1084, 454, 202, 90, 35, 20, 8, 3, 3, 2]
(0, (0, 1, 0)): [50466, 46870, 18354, 8789, 4230, 1807, 775, 330, 135, 76, 24, 6, 3, 2, 2]
(0, (0, 1, 1)): [4181, 7129, 8503, 3939, 2101, 975, 413, 190, 94, 39, 9, 6, 2, 2, 1, 0, 0, 1]
(0, (1, 0, 0)): [302451, 101012, 63947, 31448, 14929, 6674, 2766, 1184, 495, 229, 98, 41, 21, 4, 3, 1, 0, 1]
(0, (1, 0, 1)): [7244, 22046, 8918, 6164, 3226, 1461, 705, 288, 137, 57, 28, 14, 5, 1, 2, 0, 0, 1]
(0, (1, 1, 0)): [41585, 26512, 19810, 14088, 7505, 3536, 1496, 706, 290, 137, 60, 24, 9, 2]
(0, (1, 1, 1)): [4001, 7599, 6217, 4625, 3686, 1851, 844, 414, 182, 79, 38, 14, 3, 1, 1]
(1, (0, 0, 0)): [1153485, 125755, 51462, 20252, 7804, 2969, 1147, 416, 160, 64, 25, 15, 7, 3, 0, 1]
(1, (0, 0, 1)): [31452, 44994, 8898, 3770, 1564, 628, 237, 96, 42, 15, 8, 5, 4, 1]
(1, (0, 1, 0)): [155584, 68961, 24857, 10656, 4272, 1676, 578, 265, 78, 39, 21, 9, 9, 2, 1]
(1, (0, 1, 1)): [24798, 20291, 18113, 7216, 3752, 1465, 578, 232, 109, 37, 11, 7, 2, 2, 0, 1]
(1, (1, 0, 0)): [437477, 77624, 49763, 21002, 8474, 3359, 1333, 464, 206, 87, 29, 22, 5, 3, 0, 2]
(1, (1, 0, 1)): [35198, 41134, 13193, 8778, 3734, 1543, 621, 232, 79, 52, 13, 6, 0, 1]
(1, (1, 1, 0)): [120412, 37151, 24731, 17588, 7349, 3032, 1185, 479, 202, 78, 25, 15, 9, 5, 1]
(1, (1, 1, 1)): [24568, 19487, 12444, 8083, 5903, 2503, 1011, 372, 169, 61, 19, 15, 8, 3, 1, 1]
(2, (0, 0, 0)): [1001639, 45386, 15294, 4870, 1596, 517, 174, 54, 10, 6, 5, 0, 1]
(2, (0, 0, 1)): [92208, 28065, 5625, 1896, 675, 232, 65, 19, 4, 2, 0, 1]
(2, (0, 1, 0)): [245838, 52170, 14063, 4913, 1613, 550, 154, 45, 13, 8, 5, 0, 1]
(2, (0, 1, 1)): [55785, 4799, 12211, 3283, 1300, 415, 148, 47, 18, 4, 3, 1, 0, 1]
(2, (1, 0, 0)): [530721, 38436, 25032, 7910, 2540, 806, 312, 86, 18, 11, 6, 0, 1]
(2, (1, 0, 1)): [90633, 21866, 8571, 5163, 1674, 563, 190, 61, 22, 7, 0, 3, 1]
(2, (1, 1, 0)): [207872, 31918, 15913, 10776, 3477, 1115, 369, 122, 42, 19, 7, 1, 2, 1]
(2, (1, 1, 1)): [59702, 8668, 10087, 4912, 3591, 1141, 380, 132, 45, 9, 7, 1, 1, 1]
