(0, (0, 0, 0)): [14171, 2534, 1087, 484, 239, 97, 22, 16, 6, 5, 3, 0, 1, 1]
(0, (0, 0, 1)): [52, 154, 41, 24, 13, 5, 0, 2, 0, 1]
(0, (0, 1, 0)): [415, 429, 153, 68, 34, 13, 2, 4]
(0, (0, 1, 1)): [37, 53, 87, 31, 21, 13, 0, 1, 0, 1, 0, 1]
(0, (1, 0, 0)): [3091, 976, 562, 286, 144, 51, 18, 6, 4, 4, 2, 0, 1]
(0, (1, 0, 1)): [70, 208, 74, 38, 27, 6, 5, 1, 1, 0, 0, 0, 1]
(0, (1, 1, 0)): [409, 270, 180, 138, 73, 27, 13, 7, 4, 2, 1]
(0, (1, 1, 1)): [44, 81, 62, 47, 31, 15, 2, 3, 3, 0, 1, 1]
(1, (0, 0, 0)): [11278, 1090, 395, 150, 64, 29, 6, 5, 3, 0, 1, 0, 0, 1]
(1, (0, 0, 1)): [266, 393, 66, 32, 11, 1, 0, 0, 0, 0, 0, 1, 1, 1]
(1, (0, 1, 0)): [1487, 686, 224, 96, 41, 14, 6, 3, 0, 1, 1]
(1, (0, 1, 1)): [228, 192, 175, 79, 41, 16, 7, 3, 2, 0, 1]
(1, (1, 0, 0)): [4406, 769, 411, 168, 63, 33, 9, 4, 4, 1, 2, 1]
(1, (1, 0, 1)): [278, 375, 97, 64, 26, 11, 6, 1]
(1, (1, 1, 0)): [1248, 384, 250, 145, 68, 28, 13, 4, 4, 2, 2]
(1, (1, 1, 1)): [260, 226, 141, 97, 60, 27, 13, 6, 4, 2, 3, 1]
(2, (0, 0, 0)): [9499, 370, 125, 30, 17, 2, 0, 1]
(2, (0, 0, 1)): [706, 244, 34, 17, 7, 3, 0, 0, 0, 1]
(2, (0, 1, 0)): [2298, 544, 114, 48, 16, 6, 1, 1, 1]
(2, (0, 1, 1)): [470, 47, 108, 29, 11, 5, 2]
(2, (1, 0, 0)): [5268, 381, 228, 62, 31, 5, 1, 3]
(2, (1, 0, 1)): [681, 181, 84, 37, 14, 5, 0, 0, 0, 1]
(2, (1, 1, 0)): [2313, 413, 183, 114, 32, 10, 3, 4]
(2, (1, 1, 1)): [604, 106, 102, 54, 24, 9, 4, 4, 1, 1]
