(0, (0, 0, 0), (0, 0)): [13143, 2463, 1089, 532, 249, 106, 31, 21, 5, 6, 1, 0, 1]
(0, (0, 0, 0), (0, 1)): [33, 7, 1, 0, 3]
(0, (0, 0, 0), (0, 2)): [12, 2, 1]
(0, (0, 0, 0), (1, 0)): [25, 4, 4, 1, 0, 1]
(0, (0, 0, 0), (1, 1)): [25, 4, 3, 0, 2]
(0, (0, 0, 0), (1, 2)): [16, 1, 0, 0, 1]
(0, (0, 0, 0), (2, 0)): [7, 2, 1, 0, 0, 1]
(0, (0, 0, 0), (2, 1)): [9, 2, 3, 0, 1, 1]
(0, (0, 0, 0), (2, 2)): [9, 1, 1, 0, 0, 1]
(0, (0, 0, 0), (3, 0)): [2, 1]
(0, (0, 0, 0), (3, 1)): [3, 1, 2, 0, 1]
(0, (0, 0, 0), (3, 2)): [4, 2, 0, 0, 0, 1]
(0, (0, 0, 1), (0, 0)): [46, 126, 27, 17, 10, 4, 1, 1, 0, 1]
(0, (0, 0, 1), (1, 0)): [0, 1]
(0, (0, 1, 0), (0, 0)): [436, 401, 134, 66, 38, 9, 3, 4, 0, 1]
(0, (0, 1, 0), (0, 1)): [2]
(0, (0, 1, 0), (0, 2)): [1]
(0, (0, 1, 0), (1, 0)): [0, 1]
(0, (0, 1, 0), (2, 0)): [0, 1]
(0, (0, 1, 0), (2, 1)): [0, 1]
(0, (0, 1, 0), (3, 1)): [0, 1]
(0, (0, 1, 1), (0, 0)): [33, 59, 85, 23, 25, 7, 5, 3, 1]
(0, (0, 1, 1), (0, 1)): [0, 0, 1]
(0, (0, 1, 1), (1, 0)): [0, 0, 0, 0, 1]
(0, (1, 0, 0), (0, 0)): [2960, 965, 601, 295, 151, 66, 24, 14, 6, 4, 1, 0, 1]
(0, (1, 0, 0), (0, 1)): [5, 0, 1, 0, 1]
(0, (1, 0, 0), (0, 2)): [4]
(0, (1, 0, 0), (1, 0)): [7, 1, 1]
(0, (1, 0, 0), (1, 1)): [3, 1, 0, 0, 1]
(0, (1, 0, 0), (1, 2)): [2, 1]
(0, (1, 0, 0), (2, 0)): [1]
(0, (1, 0, 1), (0, 0)): [61, 237, 80, 60, 27, 15, 2, 2]
(0, (1, 0, 1), (1, 0)): [0, 0, 0, 0, 0, 1]
(0, (1, 1, 0), (0, 0)): [372, 227, 200, 151, 76, 36, 18, 7, 3, 0, 1]
(0, (1, 1, 0), (0, 1)): [1, 0, 0, 1, 1]
(0, (1, 1, 0), (0, 2)): [0, 0, 0, 0, 1]
(0, (1, 1, 0), (1, 0)): [3]
(0, (1, 1, 0), (1, 1)): [1]
(0, (1, 1, 0), (1, 2)): [1]
(0, (1, 1, 0), (2, 0)): [2]
(0, (1, 1, 0), (2, 1)): [2]
(0, (1, 1, 0), (2, 2)): [1]
(0, (1, 1, 0), (3, 2)): [1]
(0, (1, 1, 1), (0, 0)): [43, 64, 58, 49, 41, 19, 9, 10, 3]
(1, (0, 0, 0), (0, 0)): [10338, 1068, 387, 191, 66, 31, 9, 2, 1, 1]
(1, (0, 0, 0), (0, 1)): [30, 0, 0, 0, 2]
(1, (0, 0, 0), (0, 2)): [8]
(1, (0, 0, 0), (1, 0)): [16, 5, 1]
(1, (0, 0, 0), (1, 1)): [16, 2, 0, 0, 1]
(1, (0, 0, 0), (1, 2)): [8, 1]
(1, (0, 0, 0), (2, 0)): [8, 0, 1]
(1, (0, 0, 0), (2, 1)): [9, 1, 0, 0, 1]
(1, (0, 0, 0), (2, 2)): [10, 2, 0, 0, 1]
(1, (0, 0, 0), (3, 0)): [3]
(1, (0, 0, 0), (3, 1)): [3]
(1, (0, 0, 0), (3, 2)): [6, 1, 0, 0, 1]
(1, (0, 0, 1), (0, 0)): [248, 396, 66, 30, 8, 4, 2, 1, 2]
(1, (0, 0, 1), (0, 1)): [1]
(1, (0, 0, 1), (1, 0)): [0, 0, 1, 1]
(1, (0, 0, 1), (1, 1)): [1]
(1, (0, 0, 1), (2, 0)): [0, 0, 1]
(1, (0, 0, 1), (2, 1)): [1]
(1, (0, 0, 1), (3, 0)): [0, 0, 1]
(1, (0, 1, 0), (0, 0)): [1426, 711, 244, 100, 38, 16, 3, 2, 0, 1, 0, 0, 1]
(1, (0, 1, 0), (0, 1)): [2, 0, 0, 0, 1]
(1, (0, 1, 0), (0, 2)): [2]
(1, (0, 1, 0), (1, 0)): [2, 1]
(1, (0, 1, 0), (1, 1)): [1, 1, 0, 0, 1]
(1, (0, 1, 0), (1, 2)): [3]
(1, (0, 1, 0), (2, 1)): [0, 0, 0, 0, 1]
(1, (0, 1, 0), (2, 2)): [3, 0, 0, 0, 1]
(1, (0, 1, 0), (3, 2)): [3]
(1, (0, 1, 1), (0, 0)): [216, 204, 158, 80, 35, 21, 4, 4, 2]
(1, (0, 1, 1), (1, 0)): [0, 1, 2, 0, 1]
(1, (0, 1, 1), (2, 0)): [0, 1, 2, 0, 1]
(1, (0, 1, 1), (3, 0)): [0, 1, 2, 0, 1]
(1, (1, 0, 0), (0, 0)): [4180, 799, 410, 204, 71, 27, 10, 4, 2, 2]
(1, (1, 0, 0), (0, 1)): [6, 2, 0, 0, 2]
(1, (1, 0, 0), (0, 2)): [4, 1]
(1, (1, 0, 0), (1, 0)): [6, 1, 1]
(1, (1, 0, 0), (1, 1)): [3, 1, 0, 0, 1]
(1, (1, 0, 0), (1, 2)): [1]
(1, (1, 0, 0), (2, 0)): [1, 0, 1]
(1, (1, 0, 0), (2, 1)): [1, 0, 0, 0, 1]
(1, (1, 0, 0), (2, 2)): [2, 0, 0, 0, 1]
(1, (1, 0, 0), (3, 0)): [0, 0, 1]
(1, (1, 0, 0), (3, 2)): [1]
(1, (1, 0, 1), (0, 0)): [303, 431, 122, 74, 30, 16, 4, 3]
(1, (1, 0, 1), (0, 1)): [2, 1, 1]
(1, (1, 0, 1), (0, 2)): [0, 1]
(1, (1, 0, 1), (1, 1)): [1, 0, 1]
(1, (1, 0, 1), (2, 1)): [1]
(1, (1, 0, 1), (3, 1)): [1]
(1, (1, 1, 0), (0, 0)): [1186, 385, 240, 171, 64, 21, 13, 1, 2, 3, 1, 0, 1]
(1, (1, 1, 0), (0, 1)): [2, 1, 1, 1]
(1, (1, 1, 0), (0, 2)): [1]
(1, (1, 1, 0), (1, 0)): [1]
(1, (1, 1, 0), (1, 1)): [2]
(1, (1, 1, 0), (1, 2)): [1]
(1, (1, 1, 1), (0, 0)): [244, 217, 140, 96, 51, 26, 9, 7, 3, 0, 0, 1, 1]
(1, (1, 1, 1), (0, 1)): [1, 0, 0, 0, 1]
(1, (1, 1, 1), (1, 0)): [0, 1, 1]
(1, (1, 1, 1), (1, 1)): [0, 1, 0, 0, 1]
(1, (1, 1, 1), (1, 2)): [0, 0, 0, 0, 1]
(1, (1, 1, 1), (2, 0)): [0, 0, 1]
(1, (1, 1, 1), (2, 1)): [0, 1]
(1, (1, 1, 1), (2, 2)): [0, 1, 0, 0, 1]
(1, (1, 1, 1), (3, 0)): [0, 0, 1]
(1, (1, 1, 1), (3, 2)): [0, 1, 0, 0, 1]
(2, (0, 0, 0), (0, 0)): [8809, 329, 107, 41, 14, 9, 1, 0, 0, 1]
(2, (0, 0, 0), (0, 1)): [22, 2]
(2, (0, 0, 0), (0, 2)): [7]
(2, (0, 0, 0), (1, 0)): [23, 0, 1]
(2, (0, 0, 0), (1, 1)): [18, 1]
(2, (0, 0, 0), (1, 2)): [10]
(2, (0, 0, 0), (2, 0)): [9]
(2, (0, 0, 0), (2, 1)): [8, 1]
(2, (0, 0, 0), (2, 2)): [9]
(2, (0, 0, 0), (3, 0)): [4]
(2, (0, 0, 0), (3, 1)): [3]
(2, (0, 0, 0), (3, 2)): [3]
(2, (0, 0, 1), (0, 0)): [719, 267, 35, 16, 3, 4]
(2, (0, 0, 1), (0, 1)): [1, 1]
(2, (0, 0, 1), (1, 0)): [2, 1]
(2, (0, 0, 1), (2, 0)): [1, 1]
(2, (0, 0, 1), (3, 0)): [1]
(2, (0, 1, 0), (0, 0)): [2214, 485, 111, 40, 15, 8]
(2, (0, 1, 0), (0, 1)): [4, 1, 1]
(2, (0, 1, 0), (0, 2)): [0, 1]
(2, (0, 1, 0), (1, 0)): [8, 1, 0, 1, 1]
(2, (0, 1, 0), (1, 1)): [5, 0, 1]
(2, (0, 1, 0), (1, 2)): [3]
(2, (0, 1, 0), (2, 0)): [4, 1, 0, 1, 1]
(2, (0, 1, 0), (2, 1)): [1, 0, 1]
(2, (0, 1, 0), (2, 2)): [2]
(2, (0, 1, 0), (3, 0)): [3, 0, 0, 1]
(2, (0, 1, 0), (3, 1)): [1, 0, 1]
(2, (0, 1, 1), (0, 0)): [488, 35, 101, 37, 12, 3, 1, 1]
(2, (0, 1, 1), (0, 1)): [2]
(2, (0, 1, 1), (0, 2)): [2]
(2, (0, 1, 1), (1, 2)): [2]
(2, (1, 0, 0), (0, 0)): [5162, 365, 208, 79, 22, 12, 3, 0, 0, 1]
(2, (1, 0, 0), (0, 1)): [9, 3]
(2, (1, 0, 0), (0, 2)): [2, 2]
(2, (1, 0, 0), (1, 0)): [5, 1]
(2, (1, 0, 0), (1, 1)): [6, 1]
(2, (1, 0, 0), (1, 2)): [5, 2]
(2, (1, 0, 0), (2, 0)): [2]
(2, (1, 0, 0), (2, 1)): [1, 1]
(2, (1, 0, 0), (2, 2)): [1]
(2, (1, 0, 0), (3, 0)): [2]
(2, (1, 0, 0), (3, 1)): [3, 1]
(2, (1, 0, 0), (3, 2)): [1]
(2, (1, 0, 1), (0, 0)): [727, 188, 69, 49, 14, 8, 1]
(2, (1, 0, 1), (0, 1)): [2, 1, 0, 1]
(2, (1, 0, 1), (0, 2)): [1]
(2, (1, 0, 1), (1, 0)): [1, 1, 0, 0, 1]
(2, (1, 0, 1), (1, 1)): [1, 1, 0, 1]
(2, (1, 0, 1), (1, 2)): [1, 1]
(2, (1, 0, 1), (2, 0)): [1, 0, 0, 0, 1]
(2, (1, 0, 1), (2, 2)): [0, 1]
(2, (1, 0, 1), (3, 0)): [1]
(2, (1, 1, 0), (0, 0)): [2244, 347, 176, 110, 37, 13, 2, 0, 0, 1]
(2, (1, 1, 0), (0, 1)): [3, 1]
(2, (1, 1, 0), (1, 0)): [5, 2, 1]
(2, (1, 1, 0), (1, 1)): [6, 1]
(2, (1, 1, 0), (1, 2)): [4]
(2, (1, 1, 0), (2, 0)): [1, 2, 1]
(2, (1, 1, 0), (2, 1)): [2, 2, 1]
(2, (1, 1, 0), (2, 2)): [3, 1, 1]
(2, (1, 1, 0), (3, 1)): [0, 1]
(2, (1, 1, 0), (3, 2)): [2, 1, 1]
(2, (1, 1, 1), (0, 0)): [623, 90, 119, 48, 31, 10, 1, 0, 1, 1]
(2, (1, 1, 1), (0, 1)): [3, 1]
(2, (1, 1, 1), (0, 2)): [1, 1]
(2, (1, 1, 1), (1, 0)): [0, 1, 1, 1, 1]
(2, (1, 1, 1), (1, 1)): [1, 0, 0, 1]
(2, (1, 1, 1), (1, 2)): [0, 1, 0, 1]
(2, (1, 1, 1), (2, 0)): [0, 0, 1, 0, 1]
(2, (1, 1, 1), (2, 2)): [0, 1]
(2, (1, 1, 1), (3, 0)): [0, 0, 1, 0, 1]
(2, (1, 1, 1), (3, 2)): [0, 1]
