(0, (0, 0, 0), (0, 0)): [2337216, 478823, 220047, 100824, 45309, 19351, 8061, 3236, 1332, 578, 251, 121, 43, 23, 6, 1, 1, 1]
(0, (0, 0, 0), (0, 1)): [477809, 92549, 42037, 19503, 8639, 3688, 1520, 548, 250, 103, 48, 23, 7, 5, 1, 1]
(0, (0, 0, 0), (0, 2)): [186307, 31955, 14240, 6477, 2809, 1179, 487, 166, 81, 32, 8, 4, 4, 1, 1]
(0, (0, 0, 0), (1, 0)): [386092, 86816, 41020, 19161, 8983, 3777, 1646, 673, 262, 105, 53, 21, 6, 6, 2, 0, 1]
(0, (0, 0, 0), (1, 1)): [392449, 79820, 37005, 17197, 7744, 3295, 1387, 537, 233, 83, 51, 21, 4, 6, 0, 1, 1]
(0, (0, 0, 0), (1, 2)): [276931, 49183, 22411, 10091, 4472, 1867, 807, 303, 136, 45, 16, 8, 5, 2, 1]
(0, (0, 0, 0), (2, 0)): [122746, 30511, 15479, 7337, 3587, 1466, 647, 281, 101, 49, 23, 9, 2, 3, 1]
(0, (0, 0, 0), (2, 1)): [197962, 44315, 21590, 10113, 4724, 1999, 809, 356, 145, 57, 31, 14, 3, 4, 0, 0, 1]
(0, (0, 0, 0), (2, 2)): [217784, 42359, 19978, 9206, 4112, 1685, 731, 274, 138, 43, 19, 6, 5, 2, 1, 0, 1]
(0, (0, 0, 0), (3, 0)): [35262, 9871, 5828, 2937, 1457, 594, 268, 116, 43, 25, 12, 4, 0, 2, 1]
(0, (0, 0, 0), (3, 1)): [74795, 19479, 10470, 5150, 2487, 1083, 432, 212, 87, 35, 12, 11, 2, 4, 1]
(0, (0, 0, 0), (3, 2)): [113914, 25819, 13569, 6344, 2993, 1256, 521, 225, 103, 40, 13, 11, 4, 2, 1, 0, 1]
(0, (0, 0, 1), (0, 0)): [8276, 25875, 7087, 3473, 1672, 728, 316, 125, 54, 32, 18, 4, 4, 3]
(0, (0, 0, 1), (0, 1)): [1219, 3781, 1028, 489, 226, 106, 39, 16, 10, 5, 4, 1, 0, 1]
(0, (0, 0, 1), (0, 2)): [556, 1423, 362, 169, 73, 40, 16, 6, 7, 0, 1]
(0, (0, 0, 1), (1, 0)): [1153, 4035, 1153, 632, 318, 139, 61, 21, 9, 5, 7]
(0, (0, 0, 1), (1, 1)): [1090, 3446, 927, 473, 248, 111, 38, 13, 5, 9, 3, 1, 0, 1]
(0, (0, 0, 1), (1, 2)): [880, 2222, 573, 280, 125, 66, 21, 9, 4, 4, 2]
(0, (0, 0, 1), (2, 0)): [424, 1475, 462, 281, 126, 58, 26, 12, 5, 1, 5]
(0, (0, 0, 1), (2, 1)): [582, 1962, 571, 333, 162, 70, 33, 11, 6, 5, 2, 1]
(0, (0, 0, 1), (2, 2)): [783, 2030, 547, 276, 141, 66, 22, 7, 3, 4, 2]
(0, (0, 0, 1), (3, 0)): [138, 496, 146, 114, 49, 23, 9, 3, 1, 0, 3]
(0, (0, 0, 1), (3, 1)): [239, 851, 250, 201, 88, 36, 20, 4, 3, 3, 0, 1]
(0, (0, 0, 1), (3, 2)): [434, 1228, 339, 238, 121, 48, 19, 4, 3, 3, 1]
(0, (0, 1, 0), (0, 0)): [86994, 81402, 32183, 16010, 7585, 3297, 1422, 580, 245, 126, 44, 19, 9, 6, 3, 0, 1]
(0, (0, 1, 0), (0, 1)): [17333, 15159, 6040, 2929, 1348, 578, 268, 101, 41, 21, 7, 4, 3, 1, 1]
(0, (0, 1, 0), (0, 2)): [7144, 5318, 2126, 991, 460, 207, 97, 36, 16, 5, 0, 1, 2]
(0, (0, 1, 0), (1, 0)): [16250, 15368, 6513, 3494, 1643, 755, 312, 131, 56, 19, 10, 5, 2, 2, 1, 0, 1]
(0, (0, 1, 0), (1, 1)): [14837, 12922, 5345, 2741, 1268, 541, 242, 98, 32, 22, 10, 4, 1, 2, 1]
(0, (0, 1, 0), (1, 2)): [10505, 8074, 3343, 1644, 728, 318, 130, 68, 20, 9, 3, 3, 2, 0, 1]
(0, (0, 1, 0), (2, 0)): [5889, 5491, 2489, 1415, 666, 337, 126, 60, 24, 5, 2, 4, 2, 1, 0, 0, 1]
(0, (0, 1, 0), (2, 1)): [8030, 7184, 3109, 1630, 795, 361, 170, 55, 24, 16, 5, 3, 1, 1, 0, 0, 1]
(0, (0, 1, 0), (2, 2)): [8834, 6891, 2996, 1446, 680, 295, 136, 52, 21, 9, 4, 3, 1, 0, 1, 0, 1]
(0, (0, 1, 0), (3, 0)): [2034, 1635, 857, 585, 269, 148, 56, 31, 11, 2, 0, 1, 1]
(0, (0, 1, 0), (3, 1)): [3555, 2953, 1429, 943, 439, 203, 82, 40, 8, 5, 2, 2, 0, 1]
(0, (0, 1, 0), (3, 2)): [5205, 3980, 1899, 1066, 510, 240, 119, 41, 9, 9, 2, 1, 0, 0, 1, 0, 1]
(0, (0, 1, 1), (0, 0)): [6861, 12094, 14291, 6689, 3513, 1705, 726, 317, 157, 67, 21, 15, 4, 4, 2, 0, 1, 1]
(0, (0, 1, 1), (0, 1)): [1336, 2259, 2511, 1134, 603, 283, 131, 51, 22, 11, 4, 3, 1, 0, 0, 0, 1]
(0, (0, 1, 1), (0, 2)): [641, 872, 927, 423, 223, 108, 48, 23, 5, 4, 1, 1]
(0, (0, 1, 1), (1, 0)): [1245, 2326, 2768, 1394, 727, 387, 153, 65, 38, 13, 6, 6, 1, 1, 1]
(0, (0, 1, 1), (1, 1)): [1085, 1941, 2241, 1015, 542, 251, 113, 38, 20, 8, 6, 3, 2, 0, 0, 0, 1]
(0, (0, 1, 1), (1, 2)): [904, 1267, 1393, 606, 360, 166, 65, 26, 13, 2, 2, 3, 1, 0, 0, 0, 1]
(0, (0, 1, 1), (2, 0)): [507, 999, 1037, 581, 339, 201, 69, 31, 24, 8, 2, 2, 0, 1, 1]
(0, (0, 1, 1), (2, 1)): [554, 1060, 1217, 600, 276, 156, 63, 30, 13, 9, 4, 1, 1, 0, 1]
(0, (0, 1, 1), (2, 2)): [706, 1101, 1189, 547, 294, 141, 53, 24, 12, 7, 2, 3, 1, 0, 0, 0, 1]
(0, (0, 1, 1), (3, 0)): [267, 471, 444, 288, 195, 101, 36, 10, 16, 2, 1, 2, 0, 1]
(0, (0, 1, 1), (3, 1)): [227, 426, 491, 267, 166, 93, 36, 15, 13, 4, 1, 1, 0, 0, 1]
(0, (0, 1, 1), (3, 2)): [405, 608, 667, 371, 187, 108, 45, 21, 13, 4, 3, 0, 1, 0, 0, 0, 1]
(0, (1, 0, 0), (0, 0)): [486383, 159943, 104881, 52305, 25128, 11201, 4694, 1994, 847, 368, 173, 71, 26, 17, 4, 1, 1, 1]
(0, (1, 0, 0), (0, 1)): [89113, 26042, 17929, 8843, 4210, 1830, 784, 300, 149, 56, 28, 12, 1, 3]
(0, (1, 0, 0), (0, 2)): [34751, 8800, 6128, 2850, 1321, 569, 262, 102, 45, 20, 11, 3]
(0, (1, 0, 0), (1, 0)): [74962, 26046, 18455, 9686, 4781, 2133, 886, 385, 155, 75, 41, 11, 3, 6, 2, 0, 1]
(0, (1, 0, 0), (1, 1)): [67153, 20841, 14606, 7480, 3525, 1615, 669, 270, 119, 48, 24, 10, 1, 4, 1]
(0, (1, 0, 0), (1, 2)): [45329, 12174, 8537, 4221, 1939, 855, 373, 149, 72, 23, 8, 5, 0, 0, 1]
(0, (1, 0, 0), (2, 0)): [23267, 8853, 6575, 3647, 1868, 836, 344, 150, 51, 39, 21, 3, 3, 3, 0, 0, 1]
(0, (1, 0, 0), (2, 1)): [32216, 10891, 7828, 4151, 2029, 941, 376, 166, 72, 40, 20, 6, 0, 6, 0, 0, 1]
(0, (1, 0, 0), (2, 2)): [32842, 9598, 6807, 3369, 1626, 686, 328, 128, 62, 27, 13, 4, 0, 3]
(0, (1, 0, 0), (3, 0)): [5974, 2788, 2135, 1431, 736, 328, 142, 53, 22, 17, 8, 1, 2]
(0, (1, 0, 0), (3, 1)): [11523, 4643, 3437, 2118, 1044, 513, 205, 92, 36, 19, 12, 2, 2, 2]
(0, (1, 0, 0), (3, 2)): [15471, 5661, 3956, 2241, 1094, 475, 226, 96, 45, 19, 10, 4, 0, 1]
(0, (1, 0, 1), (0, 0)): [11325, 34759, 14040, 10127, 5301, 2474, 1159, 474, 232, 99, 50, 20, 11, 3, 2, 0, 0, 1]
(0, (1, 0, 1), (0, 1)): [2078, 5532, 2264, 1698, 839, 402, 180, 67, 38, 15, 7, 1, 4, 1]
(0, (1, 0, 1), (0, 2)): [983, 2017, 817, 601, 281, 134, 60, 21, 12, 1, 2, 1, 2, 1]
(0, (1, 0, 1), (1, 0)): [1718, 5690, 2308, 1743, 951, 465, 199, 90, 48, 25, 15, 2, 1, 1, 1]
(0, (1, 0, 1), (1, 1)): [1593, 4396, 1852, 1338, 698, 311, 138, 65, 39, 17, 8, 1, 1]
(0, (1, 0, 1), (1, 2)): [1307, 2666, 1130, 779, 406, 174, 74, 35, 20, 5, 2, 1, 2]
(0, (1, 0, 1), (2, 0)): [567, 1914, 780, 623, 353, 194, 78, 33, 18, 13, 5, 1]
(0, (1, 0, 1), (2, 1)): [742, 2240, 962, 710, 370, 202, 81, 33, 22, 16, 6]
(0, (1, 0, 1), (2, 2)): [962, 2049, 900, 638, 327, 157, 71, 36, 11, 10, 3]
(0, (1, 0, 1), (3, 0)): [187, 579, 270, 182, 132, 80, 29, 12, 8, 3, 1, 1]
(0, (1, 0, 1), (3, 1)): [294, 786, 408, 299, 194, 102, 38, 18, 15, 9, 3]
(0, (1, 0, 1), (3, 2)): [468, 1040, 543, 357, 232, 118, 50, 23, 14, 11, 5]
(0, (1, 1, 0), (0, 0)): [69975, 43919, 32256, 23741, 12636, 5897, 2539, 1170, 495, 220, 102, 43, 13, 6, 1, 0, 1]
(0, (1, 1, 0), (0, 1)): [14222, 7746, 5256, 4078, 2206, 961, 461, 191, 77, 27, 16, 9, 1, 1, 1, 0, 1]
(0, (1, 1, 0), (0, 2)): [5964, 2766, 1818, 1430, 755, 338, 145, 78, 30, 13, 5, 1]
(0, (1, 1, 0), (1, 0)): [11050, 7126, 5291, 4219, 2217, 1075, 459, 205, 89, 39, 20, 7, 3, 3]
(0, (1, 1, 0), (1, 1)): [10463, 5981, 4267, 3383, 1737, 788, 364, 149, 47, 22, 18, 4, 2, 2, 1, 0, 1]
(0, (1, 1, 0), (1, 2)): [7766, 3688, 2542, 2082, 1038, 451, 201, 89, 36, 19, 5, 3, 0, 1, 0, 0, 1]
(0, (1, 1, 0), (2, 0)): [3231, 2379, 1792, 1437, 856, 438, 186, 86, 41, 14, 6, 5, 0, 1]
(0, (1, 1, 0), (2, 1)): [4824, 3019, 2244, 1779, 993, 449, 213, 89, 41, 12, 12, 5, 2, 0, 1]
(0, (1, 1, 0), (2, 2)): [5500, 2899, 2052, 1629, 859, 386, 174, 85, 32, 18, 7, 2, 0, 0, 0, 0, 1]
(0, (1, 1, 0), (3, 0)): [728, 769, 622, 480, 332, 172, 73, 31, 14, 6, 2, 2, 0, 1]
(0, (1, 1, 0), (3, 1)): [1638, 1267, 989, 810, 534, 275, 121, 44, 23, 8, 5, 2, 2, 0, 1]
(0, (1, 1, 0), (3, 2)): [2556, 1636, 1259, 1013, 618, 297, 122, 65, 22, 11, 6, 0, 0, 0, 0, 0, 1]
(0, (1, 1, 1), (0, 0)): [6681, 13186, 10515, 7592, 6257, 3119, 1452, 682, 330, 134, 66, 26, 7, 4, 1, 0, 1]
(0, (1, 1, 1), (0, 1)): [1501, 2585, 1991, 1335, 1134, 571, 247, 121, 66, 24, 9, 5, 3, 1]
(0, (1, 1, 1), (0, 2)): [803, 1014, 725, 488, 412, 202, 78, 41, 22, 8, 6, 2, 1]
(0, (1, 1, 1), (1, 0)): [979, 2263, 1827, 1293, 1093, 592, 263, 101, 60, 27, 11, 4, 0, 1, 0, 0, 1]
(0, (1, 1, 1), (1, 1)): [998, 2018, 1559, 1046, 903, 488, 218, 104, 52, 20, 6, 4, 1, 1, 0, 0, 1]
(0, (1, 1, 1), (1, 2)): [938, 1385, 1027, 667, 578, 269, 115, 59, 28, 12, 5, 4, 0, 1, 0, 0, 1]
(0, (1, 1, 1), (2, 0)): [274, 663, 619, 463, 401, 219, 88, 37, 18, 13, 5, 2, 0, 1]
(0, (1, 1, 1), (2, 1)): [443, 925, 796, 549, 454, 276, 112, 55, 35, 13, 4, 0, 1]
(0, (1, 1, 1), (2, 2)): [598, 1022, 794, 534, 443, 238, 100, 55, 27, 14, 3, 2, 1]
(0, (1, 1, 1), (3, 0)): [51, 172, 165, 164, 123, 79, 39, 17, 5, 5, 3, 1, 0, 1]
(0, (1, 1, 1), (3, 1)): [127, 320, 316, 235, 206, 120, 60, 21, 12, 7, 2, 1, 0, 1]
(0, (1, 1, 1), (3, 2)): [228, 491, 438, 321, 286, 150, 86, 31, 18, 8, 2, 1, 1, 1]
(1, (0, 0, 0), (0, 0)): [1913349, 214742, 87665, 34858, 13683, 5201, 2026, 708, 257, 104, 37, 23, 8, 3, 0, 1]
(1, (0, 0, 0), (0, 1)): [393520, 41096, 16581, 6575, 2608, 956, 363, 134, 42, 14, 5, 5, 1, 1]
(1, (0, 0, 0), (0, 2)): [155126, 13646, 5532, 2044, 813, 295, 97, 36, 6, 5, 1, 3]
(1, (0, 0, 0), (1, 0)): [330089, 42082, 17573, 7093, 2873, 1097, 422, 129, 53, 22, 6, 3, 0, 0, 0, 1]
(1, (0, 0, 0), (1, 1)): [329992, 37197, 15088, 6031, 2438, 864, 376, 123, 42, 13, 7, 2, 1, 1]
(1, (0, 0, 0), (1, 2)): [230991, 21843, 8764, 3402, 1377, 484, 189, 54, 19, 8, 2, 2, 1]
(1, (0, 0, 0), (2, 0)): [108999, 15621, 7047, 2966, 1195, 471, 174, 57, 23, 13, 2, 2, 0, 0, 0, 1]
(1, (0, 0, 0), (2, 1)): [171238, 21640, 9265, 3723, 1558, 581, 202, 82, 19, 16, 6, 2]
(1, (0, 0, 0), (2, 2)): [186819, 19671, 8250, 3309, 1314, 478, 167, 64, 22, 8, 2, 1]
(1, (0, 0, 0), (3, 0)): [31947, 5111, 2854, 1261, 477, 209, 95, 24, 16, 6, 1, 1, 0, 0, 0, 1]
(1, (0, 0, 0), (3, 1)): [67528, 10092, 5031, 2140, 893, 352, 120, 45, 14, 6, 3]
(1, (0, 0, 0), (3, 2)): [101479, 12808, 6226, 2524, 1071, 387, 131, 55, 14, 8, 4]
(1, (0, 0, 1), (0, 0)): [50918, 72942, 14599, 6455, 2611, 1078, 414, 145, 70, 25, 15, 9, 4, 2]
(1, (0, 0, 1), (0, 1)): [9187, 11232, 2274, 957, 340, 154, 74, 18, 4, 1, 3, 1]
(1, (0, 0, 1), (0, 2)): [4090, 3751, 720, 290, 111, 48, 21, 3, 3, 0, 1, 1]
(1, (0, 0, 1), (1, 0)): [9422, 13894, 2938, 1477, 594, 254, 84, 30, 22, 5, 2, 1]
(1, (0, 0, 1), (1, 1)): [8307, 10548, 2178, 985, 369, 151, 63, 18, 7, 3, 1, 1]
(1, (0, 0, 1), (1, 2)): [6344, 5998, 1220, 526, 203, 85, 39, 7, 5, 1, 1, 2]
(1, (0, 0, 1), (2, 0)): [3908, 5658, 1300, 759, 303, 134, 49, 18, 12, 3, 1]
(1, (0, 0, 1), (2, 1)): [4706, 6226, 1338, 683, 259, 110, 34, 18, 7, 2, 1]
(1, (0, 0, 1), (2, 2)): [5518, 5477, 1179, 558, 195, 78, 39, 10, 3, 1, 2, 2]
(1, (0, 0, 1), (3, 0)): [1828, 2285, 595, 421, 169, 80, 27, 8, 4, 1, 1]
(1, (0, 0, 1), (3, 1)): [2092, 2718, 687, 379, 152, 75, 22, 12, 4, 2]
(1, (0, 0, 1), (3, 2)): [3311, 3384, 835, 444, 166, 77, 36, 11, 3, 0, 1]
(1, (0, 1, 0), (0, 0)): [256615, 110379, 41159, 17924, 7252, 2902, 1026, 444, 135, 67, 34, 10, 10, 2, 1]
(1, (0, 1, 0), (0, 1)): [47564, 18342, 6925, 2847, 1170, 491, 167, 79, 18, 11, 6, 1, 1]
(1, (0, 1, 0), (0, 2)): [19035, 6472, 2344, 879, 367, 163, 51, 24, 7, 4, 1, 1, 1]
(1, (0, 1, 0), (1, 0)): [49195, 20640, 8324, 4142, 1662, 675, 252, 96, 43, 16, 8, 0, 0, 1]
(1, (0, 1, 0), (1, 1)): [42426, 16562, 6490, 2912, 1176, 465, 181, 63, 21, 6, 6, 0, 0, 1]
(1, (0, 1, 0), (1, 2)): [29220, 10114, 3746, 1558, 604, 245, 90, 43, 13, 7, 1, 1]
(1, (0, 1, 0), (2, 0)): [20307, 8266, 3604, 2081, 876, 351, 123, 58, 23, 11, 6]
(1, (0, 1, 0), (2, 1)): [24315, 9578, 4059, 1972, 847, 326, 126, 44, 16, 7, 5, 0, 0, 1]
(1, (0, 1, 0), (2, 2)): [25268, 8818, 3523, 1553, 624, 262, 91, 33, 11, 6, 3]
(1, (0, 1, 0), (3, 0)): [8970, 3333, 1557, 1132, 486, 196, 72, 31, 11, 6, 2]
(1, (0, 1, 0), (3, 1)): [11269, 4197, 2022, 1221, 532, 187, 86, 39, 16, 6, 3, 0, 0, 1]
(1, (0, 1, 0), (3, 2)): [15408, 5376, 2465, 1287, 566, 198, 84, 32, 9, 7, 3, 0, 0, 1]
(1, (0, 1, 1), (0, 0)): [39730, 33605, 28780, 11772, 6091, 2428, 981, 396, 165, 55, 19, 10, 3, 2, 0, 1]
(1, (0, 1, 1), (0, 1)): [6542, 4961, 4205, 1684, 774, 281, 136, 64, 16, 1, 5, 1]
(1, (0, 1, 1), (0, 2)): [3125, 1587, 1491, 604, 277, 86, 47, 26, 3, 0, 4]
(1, (0, 1, 1), (1, 0)): [8054, 7285, 5503, 2484, 1495, 618, 253, 97, 36, 17, 2, 2, 1]
(1, (0, 1, 1), (1, 1)): [5576, 4507, 3714, 1512, 747, 270, 116, 49, 17, 6, 0, 2]
(1, (0, 1, 1), (1, 2)): [4584, 2571, 2293, 891, 453, 152, 70, 33, 7, 3, 3, 1]
(1, (0, 1, 1), (2, 0)): [4408, 3821, 2741, 1373, 968, 426, 176, 66, 26, 10, 2, 1]
(1, (0, 1, 1), (2, 1)): [3017, 2559, 2100, 927, 464, 195, 84, 24, 10, 3]
(1, (0, 1, 1), (2, 2)): [3829, 2257, 1994, 822, 410, 139, 61, 20, 6, 1, 2, 1]
(1, (0, 1, 1), (3, 0)): [3133, 2502, 1639, 939, 785, 341, 136, 57, 22, 7, 2, 1]
(1, (0, 1, 1), (3, 1)): [1279, 1144, 908, 431, 262, 138, 50, 22, 9, 3]
(1, (0, 1, 1), (3, 2)): [2141, 1451, 1141, 552, 332, 122, 47, 20, 7, 2, 1, 1]
(1, (1, 0, 0), (0, 0)): [708889, 123964, 82701, 35291, 14425, 5729, 2267, 809, 319, 138, 49, 32, 7, 3, 0, 2]
(1, (1, 0, 0), (0, 1)): [130446, 20214, 13964, 5967, 2352, 930, 366, 139, 42, 18, 9, 4, 1]
(1, (1, 0, 0), (0, 2)): [50340, 6739, 4508, 1867, 720, 321, 120, 39, 11, 5, 4]
(1, (1, 0, 0), (1, 0)): [117680, 21947, 15668, 7024, 2928, 1182, 487, 171, 53, 28, 9, 4, 2, 0, 0, 1]
(1, (1, 0, 0), (1, 1)): [103709, 17197, 12097, 5304, 2114, 812, 341, 124, 38, 18, 7, 6, 1, 0, 0, 1]
(1, (1, 0, 0), (1, 2)): [69215, 9940, 6836, 2891, 1121, 429, 177, 65, 20, 7, 6, 1]
(1, (1, 0, 0), (2, 0)): [38265, 7786, 5802, 2847, 1220, 491, 208, 70, 29, 10, 3, 0, 1]
(1, (1, 0, 0), (2, 1)): [51596, 9382, 6736, 3249, 1289, 525, 212, 73, 24, 9, 5, 4, 1, 0, 0, 1]
(1, (1, 0, 0), (2, 2)): [52058, 8167, 5616, 2565, 1020, 406, 157, 59, 15, 6, 3, 1, 1]
(1, (1, 0, 0), (3, 0)): [10742, 2549, 1841, 1103, 505, 199, 91, 25, 11, 5, 1, 0, 1]
(1, (1, 0, 0), (3, 1)): [19746, 4310, 3002, 1748, 716, 278, 137, 33, 17, 5, 3, 1, 0, 0, 0, 1]
(1, (1, 0, 0), (3, 2)): [25977, 5163, 3406, 1836, 712, 289, 128, 37, 18, 7, 4, 2, 1, 0, 0, 1]
(1, (1, 0, 1), (0, 0)): [57725, 65145, 20842, 14346, 6215, 2579, 1009, 391, 139, 77, 22, 10, 2, 1]
(1, (1, 0, 1), (0, 1)): [11189, 10099, 3207, 2274, 967, 405, 142, 50, 27, 8, 3, 1, 2]
(1, (1, 0, 1), (0, 2)): [4984, 3342, 1100, 793, 337, 131, 60, 24, 9, 3, 2, 0, 1]
(1, (1, 0, 1), (1, 0)): [9601, 10690, 3587, 2622, 1217, 511, 193, 83, 26, 18, 1, 3]
(1, (1, 0, 1), (1, 1)): [8617, 8270, 2723, 1932, 791, 358, 122, 37, 16, 7, 1, 3, 1]
(1, (1, 0, 1), (1, 2)): [6427, 4682, 1606, 1123, 444, 194, 74, 33, 9, 3, 3]
(1, (1, 0, 1), (2, 0)): [3279, 3538, 1283, 961, 501, 209, 80, 40, 9, 8, 0, 1]
(1, (1, 0, 1), (2, 1)): [4298, 4159, 1417, 1046, 501, 200, 70, 22, 13, 7, 0, 3]
(1, (1, 0, 1), (2, 2)): [4761, 3584, 1311, 901, 417, 155, 66, 22, 11, 3, 1]
(1, (1, 0, 1), (3, 0)): [1068, 1146, 449, 339, 200, 99, 33, 12, 1, 4]
(1, (1, 0, 1), (3, 1)): [1585, 1602, 648, 476, 251, 122, 32, 16, 2, 4, 0, 2]
(1, (1, 0, 1), (3, 2)): [2345, 2021, 825, 558, 318, 121, 43, 15, 8, 3, 0, 2]
(1, (1, 1, 0), (0, 0)): [200204, 60014, 39850, 29467, 12358, 5157, 2005, 797, 311, 129, 49, 25, 10, 5, 1]
(1, (1, 1, 0), (0, 1)): [39827, 10330, 6562, 5093, 2126, 886, 318, 134, 59, 20, 10, 4, 1]
(1, (1, 1, 0), (0, 2)): [16347, 3738, 2232, 1761, 715, 282, 90, 44, 17, 4, 3]
(1, (1, 1, 0), (1, 0)): [33485, 10739, 7180, 5612, 2428, 1004, 440, 158, 41, 28, 12, 4, 2, 1]
(1, (1, 1, 0), (1, 1)): [31172, 8697, 5816, 4467, 1879, 771, 291, 126, 45, 24, 10, 4, 1]
(1, (1, 1, 0), (1, 2)): [22256, 5363, 3345, 2596, 1071, 398, 135, 69, 27, 6, 7, 2, 1]
(1, (1, 1, 0), (2, 0)): [10697, 3984, 2516, 2010, 1010, 434, 201, 63, 19, 13, 7, 2, 2, 1]
(1, (1, 1, 0), (2, 1)): [15365, 4811, 3254, 2499, 1157, 504, 209, 67, 28, 14, 7, 2, 1]
(1, (1, 1, 0), (2, 2)): [16812, 4444, 2842, 2184, 997, 409, 147, 59, 25, 9, 3, 2, 1]
(1, (1, 1, 0), (3, 0)): [2724, 1432, 917, 626, 409, 176, 81, 34, 4, 6, 1, 2, 1]
(1, (1, 1, 0), (3, 1)): [5575, 2356, 1590, 1181, 642, 285, 118, 40, 13, 9, 4, 2, 1]
(1, (1, 1, 0), (3, 2)): [8349, 2815, 1908, 1420, 746, 298, 106, 41, 20, 10, 2, 1, 1]
(1, (1, 1, 1), (0, 0)): [40955, 32786, 20394, 13222, 10215, 4368, 1778, 667, 274, 100, 34, 22, 9, 4, 1, 1]
(1, (1, 1, 1), (0, 1)): [8758, 5902, 3565, 2283, 1827, 746, 306, 107, 50, 16, 5, 1, 0, 1]
(1, (1, 1, 1), (0, 2)): [4221, 2069, 1288, 835, 629, 239, 99, 28, 11, 9, 2, 0, 0, 1]
(1, (1, 1, 1), (1, 0)): [6317, 5756, 3493, 2253, 1941, 856, 389, 139, 51, 17, 7, 7, 2]
(1, (1, 1, 1), (1, 1)): [6342, 4782, 2942, 1892, 1515, 643, 295, 104, 44, 10, 4, 3]
(1, (1, 1, 1), (1, 2)): [5189, 2839, 1850, 1176, 889, 383, 164, 55, 23, 9, 2, 3, 0, 1]
(1, (1, 1, 1), (2, 0)): [1644, 1945, 1222, 768, 708, 345, 159, 60, 19, 8, 3, 3, 1]
(1, (1, 1, 1), (2, 1)): [2740, 2549, 1532, 987, 828, 379, 170, 58, 26, 7, 3, 2]
(1, (1, 1, 1), (2, 2)): [3527, 2329, 1500, 954, 760, 333, 153, 51, 21, 11, 1, 3, 0, 1]
(1, (1, 1, 1), (3, 0)): [277, 597, 429, 255, 206, 124, 60, 25, 6, 3, 0, 1, 1]
(1, (1, 1, 1), (3, 1)): [709, 1091, 706, 441, 373, 199, 75, 33, 16, 2, 2, 1, 1]
(1, (1, 1, 1), (3, 2)): [1347, 1373, 918, 567, 466, 244, 103, 37, 16, 4, 2, 1, 0, 1]
(2, (0, 0, 0), (0, 0)): [1672028, 79775, 26452, 8469, 2834, 889, 306, 102, 21, 8, 5, 0, 1]
(2, (0, 0, 0), (0, 1)): [340498, 14139, 4729, 1522, 550, 158, 53, 16, 4]
(2, (0, 0, 0), (0, 2)): [132839, 3884, 1351, 424, 162, 41, 4, 7, 1]
(2, (0, 0, 0), (1, 0)): [299425, 17531, 5945, 1886, 649, 176, 74, 19, 7, 0, 0, 0, 1]
(2, (0, 0, 0), (1, 1)): [293116, 13925, 4739, 1491, 541, 164, 66, 13, 5]
(2, (0, 0, 0), (1, 2)): [200905, 6784, 2370, 784, 271, 81, 27, 8, 1]
(2, (0, 0, 0), (2, 0)): [104015, 6878, 2786, 845, 294, 75, 29, 7, 3, 0, 0, 0, 1]
(2, (0, 0, 0), (2, 1)): [158619, 8864, 3368, 987, 349, 101, 44, 10, 5]
(2, (0, 0, 0), (2, 2)): [169070, 6911, 2611, 817, 272, 83, 29, 7, 1]
(2, (0, 0, 0), (3, 0)): [32218, 2289, 1258, 389, 137, 38, 11, 4, 0, 0, 0, 0, 1]
(2, (0, 0, 0), (3, 1)): [66099, 4428, 2123, 661, 213, 62, 21, 7, 3]
(2, (0, 0, 0), (3, 2)): [97713, 5155, 2403, 734, 240, 81, 25, 7, 2]
(2, (0, 0, 1), (0, 0)): [156126, 45018, 9626, 3329, 1170, 412, 115, 40, 9, 6, 0, 2]
(2, (0, 0, 1), (0, 1)): [29382, 6898, 1510, 510, 168, 72, 14, 5, 1, 3]
(2, (0, 0, 1), (0, 2)): [11938, 2115, 451, 150, 51, 21, 4, 0, 0, 1]
(2, (0, 0, 1), (1, 0)): [32134, 8775, 2202, 866, 317, 99, 35, 14, 3, 1, 0, 1]
(2, (0, 0, 1), (1, 1)): [27173, 6667, 1487, 572, 192, 69, 14, 7, 1, 2]
(2, (0, 0, 1), (1, 2)): [18958, 3556, 744, 266, 106, 37, 8, 3, 0, 2]
(2, (0, 0, 1), (2, 0)): [13969, 3660, 1072, 490, 184, 57, 20, 8, 2, 1, 0, 1]
(2, (0, 0, 1), (2, 1)): [16253, 4152, 1081, 448, 157, 41, 14, 8, 0, 2]
(2, (0, 0, 1), (2, 2)): [17206, 3508, 834, 313, 114, 40, 8, 4]
(2, (0, 0, 1), (3, 0)): [6616, 1485, 530, 307, 104, 39, 12, 1, 2, 0, 0, 1]
(2, (0, 0, 1), (3, 1)): [7664, 1930, 616, 332, 106, 28, 12, 4, 0, 1]
(2, (0, 0, 1), (3, 2)): [10900, 2426, 677, 327, 112, 30, 11, 3, 0, 1]
(2, (0, 1, 0), (0, 0)): [411771, 84197, 23904, 8567, 2892, 924, 287, 83, 22, 13, 7, 0, 1]
(2, (0, 1, 0), (0, 1)): [76487, 13145, 3713, 1203, 451, 126, 39, 9, 6, 3, 1]
(2, (0, 1, 0), (0, 2)): [30945, 3937, 1122, 334, 116, 26, 10, 2, 3, 1]
(2, (0, 1, 0), (1, 0)): [84145, 16490, 5560, 2343, 757, 234, 84, 27, 1, 2, 0, 0, 1]
(2, (0, 1, 0), (1, 1)): [69967, 12582, 3788, 1343, 487, 130, 53, 13, 3, 2, 1]
(2, (0, 1, 0), (1, 2)): [48520, 6681, 1899, 670, 227, 50, 27, 7, 1, 1]
(2, (0, 1, 0), (2, 0)): [37477, 6953, 2650, 1392, 460, 144, 43, 17, 1, 2, 0, 0, 1]
(2, (0, 1, 0), (2, 1)): [41153, 7695, 2556, 1018, 357, 104, 31, 7, 2, 2, 1, 0, 1]
(2, (0, 1, 0), (2, 2)): [43279, 6403, 1965, 768, 265, 71, 32, 9, 0, 2]
(2, (0, 1, 0), (3, 0)): [18933, 2980, 1320, 922, 293, 92, 30, 15, 1, 2]
(2, (0, 1, 0), (3, 1)): [19044, 3590, 1388, 725, 256, 72, 24, 6, 2, 1, 1, 0, 1]
(2, (0, 1, 0), (3, 2)): [27087, 4275, 1535, 804, 266, 70, 39, 8, 0, 1, 0, 0, 1]
(2, (0, 1, 1), (0, 0)): [95578, 7939, 19665, 5781, 2271, 763, 250, 80, 25, 7, 5, 1, 0, 1]
(2, (0, 1, 1), (0, 1)): [18194, 1159, 3036, 893, 311, 113, 33, 10, 1, 2]
(2, (0, 1, 1), (0, 2)): [7860, 390, 941, 275, 108, 33, 12, 2, 0, 2]
(2, (0, 1, 1), (1, 0)): [20302, 1895, 3873, 1421, 633, 229, 70, 23, 6, 0, 3]
(2, (0, 1, 1), (1, 1)): [16232, 1132, 2884, 915, 330, 131, 31, 12, 4, 0, 1]
(2, (0, 1, 1), (1, 2)): [12280, 663, 1645, 476, 183, 62, 15, 4, 1, 2, 1]
(2, (0, 1, 1), (2, 0)): [9722, 1068, 1755, 739, 417, 140, 45, 16, 2, 0, 2]
(2, (0, 1, 1), (2, 1)): [9517, 743, 1759, 605, 273, 92, 24, 9, 3, 0, 1]
(2, (0, 1, 1), (2, 2)): [10966, 706, 1542, 524, 196, 77, 15, 5, 3, 1]
(2, (0, 1, 1), (3, 0)): [5601, 726, 901, 428, 283, 111, 29, 13, 1, 0, 1]
(2, (0, 1, 1), (3, 1)): [4420, 419, 815, 320, 182, 63, 21, 8, 1, 0, 1]
(2, (0, 1, 1), (3, 2)): [6850, 553, 1053, 400, 186, 79, 16, 8, 4, 1]
(2, (1, 0, 0), (0, 0)): [857557, 61874, 42182, 13477, 4446, 1403, 535, 156, 38, 15, 7, 1, 1]
(2, (1, 0, 0), (0, 1)): [157153, 9602, 6587, 2137, 717, 238, 91, 33, 10, 1, 0, 1]
(2, (1, 0, 0), (0, 2)): [60486, 2667, 1790, 600, 189, 57, 25, 9, 4]
(2, (1, 0, 0), (1, 0)): [145446, 12030, 8644, 2990, 1022, 289, 116, 31, 8, 2, 0, 0, 1]
(2, (1, 0, 0), (1, 1)): [128482, 8651, 6072, 2075, 695, 207, 82, 25, 7, 1]
(2, (1, 0, 0), (1, 2)): [85360, 4282, 2804, 1028, 323, 90, 33, 11, 4]
(2, (1, 0, 0), (2, 0)): [48704, 4649, 3237, 1312, 464, 135, 52, 19, 6, 2, 0, 0, 1]
(2, (1, 0, 0), (2, 1)): [66348, 5163, 3698, 1387, 468, 142, 55, 14, 5, 0, 0, 0, 1]
(2, (1, 0, 0), (2, 2)): [66348, 4045, 2632, 1009, 338, 100, 40, 10, 4]
(2, (1, 0, 0), (3, 0)): [14338, 1742, 1017, 593, 201, 58, 22, 11, 3, 2]
(2, (1, 0, 0), (3, 1)): [26671, 2739, 1771, 892, 268, 83, 31, 9, 3, 1, 0, 0, 1]
(2, (1, 0, 0), (3, 2)): [35210, 3007, 1859, 890, 286, 95, 30, 13, 1, 1, 0, 0, 1]
(2, (1, 0, 1), (0, 0)): [152044, 35081, 13830, 8960, 2959, 964, 327, 94, 32, 11, 2, 4, 2]
(2, (1, 0, 1), (0, 1)): [29783, 5640, 2068, 1433, 488, 165, 57, 12, 4, 2, 1, 1, 1]
(2, (1, 0, 1), (0, 2)): [12186, 1685, 603, 392, 145, 43, 12, 2, 1, 1]
(2, (1, 0, 1), (1, 0)): [27757, 6119, 2807, 1961, 716, 202, 73, 17, 3, 2, 0, 1]
(2, (1, 0, 1), (1, 1)): [24605, 4840, 2038, 1379, 509, 160, 55, 15, 3, 2, 1, 2, 1]
(2, (1, 0, 1), (1, 2)): [17207, 2539, 1040, 654, 254, 81, 30, 6, 3, 1, 0, 1]
(2, (1, 0, 1), (2, 0)): [9929, 2119, 1149, 764, 309, 91, 34, 10, 3]
(2, (1, 0, 1), (2, 1)): [13050, 2606, 1276, 816, 352, 108, 34, 12, 0, 1, 0, 1]
(2, (1, 0, 1), (2, 2)): [13405, 2023, 986, 610, 235, 90, 34, 6, 3, 0, 0, 1]
(2, (1, 0, 1), (3, 0)): [3342, 651, 471, 284, 134, 41, 19, 3, 3]
(2, (1, 0, 1), (3, 1)): [5583, 1061, 660, 409, 226, 50, 27, 5, 3, 1]
(2, (1, 0, 1), (3, 2)): [7463, 1092, 772, 438, 218, 71, 23, 7, 5]
(2, (1, 1, 0), (0, 0)): [339469, 50696, 25602, 18286, 5932, 1890, 640, 217, 67, 28, 10, 3, 2, 1]
(2, (1, 1, 0), (0, 1)): [66346, 8205, 4004, 2997, 914, 284, 98, 35, 6, 4, 2, 1, 1]
(2, (1, 1, 0), (0, 2)): [27699, 2424, 1202, 856, 277, 80, 28, 14, 2, 1]
(2, (1, 1, 0), (1, 0)): [58265, 8840, 4932, 3774, 1370, 392, 143, 45, 18, 5, 1, 1]
(2, (1, 1, 0), (1, 1)): [54606, 7245, 3774, 2836, 872, 287, 86, 33, 9, 5, 2, 2, 1]
(2, (1, 1, 0), (1, 2)): [39560, 3815, 1999, 1401, 434, 146, 35, 18, 6, 1, 1, 1]
(2, (1, 1, 0), (2, 0)): [19969, 3104, 1982, 1453, 698, 185, 72, 21, 9, 3]
(2, (1, 1, 0), (2, 1)): [28513, 3925, 2334, 1751, 674, 181, 70, 24, 6, 4, 0, 0, 1]
(2, (1, 1, 0), (2, 2)): [31343, 3302, 1923, 1351, 498, 137, 48, 19, 10, 1, 1, 1]
(2, (1, 1, 0), (3, 0)): [6310, 964, 805, 471, 330, 96, 32, 9, 6, 2]
(2, (1, 1, 0), (3, 1)): [11956, 1708, 1319, 875, 464, 124, 47, 10, 5, 2, 0, 0, 1]
(2, (1, 1, 0), (3, 2)): [17244, 2035, 1585, 977, 495, 113, 45, 15, 8, 1, 1]
(2, (1, 1, 1), (0, 0)): [100721, 14620, 16624, 8297, 6346, 1983, 670, 229, 78, 18, 10, 4, 1, 1]
(2, (1, 1, 1), (0, 1)): [21839, 2290, 2823, 1401, 1085, 349, 116, 37, 20, 3, 3, 0, 1]
(2, (1, 1, 1), (0, 2)): [9739, 740, 849, 433, 300, 94, 39, 8, 4, 1, 2]
(2, (1, 1, 1), (1, 0)): [16384, 3607, 3089, 1694, 1367, 433, 147, 51, 15, 5, 1, 2]
(2, (1, 1, 1), (1, 1)): [17013, 2395, 2547, 1348, 1051, 332, 110, 35, 16, 4, 1, 0, 1]
(2, (1, 1, 1), (1, 2)): [13374, 1283, 1378, 680, 516, 185, 60, 17, 5, 2, 2]
(2, (1, 1, 1), (2, 0)): [4582, 2048, 1069, 680, 539, 185, 61, 22, 6, 3, 0, 2]
(2, (1, 1, 1), (2, 1)): [7677, 1935, 1424, 873, 669, 230, 72, 18, 10, 2, 0, 0, 1]
(2, (1, 1, 1), (2, 2)): [9529, 1484, 1221, 697, 514, 198, 64, 15, 6, 4, 2]
(2, (1, 1, 1), (3, 0)): [753, 1240, 306, 280, 162, 85, 32, 14, 3, 3, 0, 1]
(2, (1, 1, 1), (3, 1)): [2173, 1600, 564, 481, 349, 129, 48, 12, 5, 3, 0, 1]
(2, (1, 1, 1), (3, 2)): [4033, 1656, 745, 615, 388, 166, 55, 15, 5, 3, 2]
