(0, (0, 0, 0), (0, 0)): [19845, 3645, 1629, 723, 301, 114, 52, 23, 5, 1, 1, 1]
(0, (0, 0, 0), (0, 1)): [114, 17, 8, 4, 2]
(0, (0, 0, 0), (0, 2)): [56, 5, 5, 2, 1]
(0, (0, 0, 0), (1, 0)): [143, 28, 15, 7, 3, 1, 0, 1]
(0, (0, 0, 0), (1, 1)): [88, 17, 9, 5, 1, 1]
(0, (0, 0, 0), (1, 2)): [84, 11, 3, 4, 2, 1]
(0, (0, 0, 0), (2, 0)): [47, 5, 5, 2]
(0, (0, 0, 0), (2, 1)): [40, 5, 5, 2]
(0, (0, 0, 0), (2, 2)): [42, 4, 5, 1, 1]
(0, (0, 0, 0), (3, 0)): [18, 3, 1, 1]
(0, (0, 0, 1), (0, 0)): [74, 221, 59, 31, 15, 3, 5, 1]
(0, (0, 0, 1), (0, 1)): [0, 0, 0, 1]
(0, (0, 0, 1), (1, 0)): [0, 3, 2]
(0, (0, 0, 1), (1, 1)): [0, 0, 2]
(0, (0, 0, 1), (1, 2)): [0, 0, 1]
(0, (0, 0, 1), (2, 0)): [0, 3]
(0, (0, 0, 1), (3, 0)): [0, 3]
(0, (0, 1, 0), (0, 0)): [862, 684, 259, 121, 56, 22, 10, 6, 1, 1, 1, 1]
(0, (0, 1, 0), (0, 1)): [6, 2]
(0, (0, 1, 0), (0, 2)): [6, 1]
(0, (0, 1, 0), (1, 0)): [10, 6, 3, 1]
(0, (0, 1, 0), (1, 1)): [4, 3, 3]
(0, (0, 1, 0), (1, 2)): [8, 1, 1]
(0, (0, 1, 0), (2, 0)): [3, 1, 0, 1]
(0, (0, 1, 0), (2, 1)): [1, 1, 1, 1]
(0, (0, 1, 0), (2, 2)): [2, 1, 0, 1]
(0, (0, 1, 0), (3, 0)): [2]
(0, (0, 1, 1), (0, 0)): [55, 103, 101, 47, 22, 12, 6, 2, 1, 1]
(0, (0, 1, 1), (0, 1)): [1, 1, 1]
(0, (0, 1, 1), (0, 2)): [1]
(0, (0, 1, 1), (1, 0)): [0, 2, 1, 1]
(0, (0, 1, 1), (1, 1)): [0, 1, 1, 1]
(0, (0, 1, 1), (1, 2)): [0, 1, 0, 1]
(0, (0, 1, 1), (2, 0)): [0, 1]
(0, (0, 1, 1), (2, 1)): [0, 1]
(0, (0, 1, 1), (2, 2)): [0, 1]
(0, (1, 0, 0), (0, 0)): [4171, 1333, 794, 404, 174, 67, 24, 13, 4, 1]
(0, (1, 0, 0), (0, 1)): [24, 5, 5, 2, 1]
(0, (1, 0, 0), (0, 2)): [11, 2, 3, 2]
(0, (1, 0, 0), (1, 0)): [51, 5, 5, 4, 2, 0, 0, 1]
(0, (1, 0, 0), (1, 1)): [29, 5, 3, 2, 1]
(0, (1, 0, 0), (1, 2)): [27, 3, 0, 3, 1]
(0, (1, 0, 0), (2, 0)): [20, 0, 2, 1]
(0, (1, 0, 0), (2, 1)): [16, 2, 2]
(0, (1, 0, 0), (2, 2)): [21, 1, 1, 0, 1]
(0, (1, 0, 0), (3, 0)): [6, 0, 1, 1]
(0, (1, 0, 1), (0, 0)): [109, 309, 118, 80, 38, 18, 7, 4, 2, 0, 0, 1]
(0, (1, 0, 1), (0, 1)): [0, 3]
(0, (1, 0, 1), (0, 2)): [0, 2]
(0, (1, 0, 1), (1, 0)): [1, 3, 0, 2]
(0, (1, 0, 1), (1, 1)): [1, 2, 0, 1]
(0, (1, 0, 1), (1, 2)): [1, 2, 0, 1]
(0, (1, 0, 1), (2, 0)): [0, 0, 0, 1]
(0, (1, 0, 1), (2, 1)): [0, 1, 0, 1]
(0, (1, 0, 1), (2, 2)): [1, 0, 0, 1]
(0, (1, 1, 0), (0, 0)): [569, 350, 257, 164, 83, 33, 12, 9, 1, 0, 1]
(0, (1, 1, 0), (0, 1)): [4, 2, 1, 2, 1]
(0, (1, 1, 0), (0, 2)): [2, 2, 1, 2]
(0, (1, 1, 0), (1, 0)): [6, 2, 2, 2, 1]
(0, (1, 1, 0), (1, 1)): [5, 2, 1, 1, 1]
(0, (1, 1, 0), (1, 2)): [4, 1, 0, 2, 1]
(0, (1, 1, 0), (2, 0)): [2, 0, 1, 1]
(0, (1, 1, 0), (2, 1)): [3, 0, 2]
(0, (1, 1, 0), (2, 2)): [4, 0, 1, 0, 1]
(0, (1, 1, 0), (3, 0)): [0, 0, 0, 1]
(0, (1, 1, 1), (0, 0)): [59, 84, 67, 56, 41, 22, 8, 4, 1, 0, 1]
(0, (1, 1, 1), (0, 1)): [0, 0, 1, 1]
(0, (1, 1, 1), (0, 2)): [0, 0, 1, 1]
(0, (1, 1, 1), (1, 0)): [0, 2, 1, 1]
(0, (1, 1, 1), (1, 1)): [0, 1, 1, 1]
(0, (1, 1, 1), (1, 2)): [0, 0, 0, 1]
(0, (1, 1, 1), (2, 0)): [0, 1]
(0, (1, 1, 1), (2, 1)): [0, 1]
(0, (1, 1, 1), (2, 2)): [0, 1]
(1, (0, 0, 0), (0, 0)): [16216, 1590, 643, 240, 90, 33, 19, 3, 1]
(1, (0, 0, 0), (0, 1)): [91, 9, 3, 1, 1]
(1, (0, 0, 0), (0, 2)): [43, 3, 2, 0, 1]
(1, (0, 0, 0), (1, 0)): [98, 20, 5, 2, 1, 1]
(1, (0, 0, 0), (1, 1)): [63, 14, 2, 3, 0, 1]
(1, (0, 0, 0), (1, 2)): [60, 8, 1, 1, 1, 1]
(1, (0, 0, 0), (2, 0)): [30, 2, 2]
(1, (0, 0, 0), (2, 1)): [24, 2, 2, 1]
(1, (0, 0, 0), (2, 2)): [22, 2, 3]
(1, (0, 0, 0), (3, 0)): [14, 1]
(1, (0, 0, 1), (0, 0)): [455, 606, 113, 43, 20, 6, 2]
(1, (0, 0, 1), (0, 1)): [2, 4, 1]
(1, (0, 0, 1), (0, 2)): [1, 0, 1]
(1, (0, 0, 1), (1, 0)): [3, 4]
(1, (0, 0, 1), (1, 1)): [2, 2]
(1, (0, 0, 1), (1, 2)): [3, 1]
(1, (0, 0, 1), (2, 0)): [0, 2]
(1, (0, 0, 1), (2, 1)): [0, 1]
(1, (0, 0, 1), (2, 2)): [1, 1]
(1, (0, 0, 1), (3, 0)): [0, 1]
(1, (0, 1, 0), (0, 0)): [2331, 908, 320, 149, 56, 13, 7, 2, 1]
(1, (0, 1, 0), (0, 1)): [15, 4, 2]
(1, (0, 1, 0), (0, 2)): [8, 1, 2]
(1, (0, 1, 0), (1, 0)): [26, 8, 1, 1]
(1, (0, 1, 0), (1, 1)): [11, 6, 1]
(1, (0, 1, 0), (1, 2)): [14, 2, 1]
(1, (0, 1, 0), (2, 0)): [10, 1]
(1, (0, 1, 0), (2, 1)): [3, 1]
(1, (0, 1, 0), (2, 2)): [5, 1]
(1, (0, 1, 0), (3, 0)): [7, 1]
(1, (0, 1, 1), (0, 0)): [314, 254, 205, 86, 31, 18, 6, 1, 1, 1]
(1, (0, 1, 1), (0, 1)): [1, 1, 0, 1]
(1, (0, 1, 1), (0, 2)): [1]
(1, (0, 1, 1), (1, 0)): [3, 5, 0, 2, 1]
(1, (0, 1, 1), (1, 1)): [2, 4, 0, 0, 1]
(1, (0, 1, 1), (1, 2)): [0, 3, 0, 0, 1]
(1, (0, 1, 1), (2, 0)): [1, 1]
(1, (0, 1, 1), (2, 1)): [1, 1]
(1, (0, 1, 1), (2, 2)): [1, 1, 0, 0, 1]
(1, (1, 0, 0), (0, 0)): [5775, 963, 570, 267, 99, 35, 22, 5, 2]
(1, (1, 0, 0), (0, 1)): [21, 3, 0, 1]
(1, (1, 0, 0), (0, 2)): [11, 1]
(1, (1, 0, 0), (1, 0)): [59, 10, 6, 2, 2, 1, 0, 1]
(1, (1, 0, 0), (1, 1)): [34, 7, 3, 3, 0, 1]
(1, (1, 0, 0), (1, 2)): [23, 4, 1, 1, 0, 1]
(1, (1, 0, 0), (2, 0)): [18, 1, 2]
(1, (1, 0, 0), (2, 1)): [17, 2, 2, 1]
(1, (1, 0, 0), (2, 2)): [15, 1, 3]
(1, (1, 0, 0), (3, 0)): [6]
(1, (1, 0, 1), (0, 0)): [494, 495, 155, 110, 42, 12, 10, 3]
(1, (1, 0, 1), (0, 1)): [1, 2]
(1, (1, 0, 1), (0, 2)): [0, 1]
(1, (1, 0, 1), (1, 0)): [4, 2, 1, 2, 0, 0, 1]
(1, (1, 0, 1), (1, 1)): [3, 1, 1, 1]
(1, (1, 0, 1), (1, 2)): [2, 0, 1, 1]
(1, (1, 0, 1), (2, 0)): [1, 0, 0, 1]
(1, (1, 0, 1), (2, 1)): [1, 0, 0, 1]
(1, (1, 0, 1), (2, 2)): [2, 0, 0, 1]
(1, (1, 1, 0), (0, 0)): [1662, 471, 305, 217, 91, 29, 15, 3, 3]
(1, (1, 1, 0), (0, 1)): [8, 1, 0, 2, 1]
(1, (1, 1, 0), (0, 2)): [3, 1, 0, 1]
(1, (1, 1, 0), (1, 0)): [11, 6, 4, 2, 2, 1, 0, 1]
(1, (1, 1, 0), (1, 1)): [6, 4, 2, 2, 0, 1]
(1, (1, 1, 0), (1, 2)): [8, 2, 1, 3, 0, 1]
(1, (1, 1, 0), (2, 0)): [6, 0, 1]
(1, (1, 1, 0), (2, 1)): [2, 1, 1]
(1, (1, 1, 0), (2, 2)): [4, 1, 2]
(1, (1, 1, 0), (3, 0)): [3]
(1, (1, 1, 1), (0, 0)): [299, 223, 158, 92, 64, 26, 8, 2, 2, 1]
(1, (1, 1, 1), (0, 1)): [2]
(1, (1, 1, 1), (0, 2)): [1]
(1, (1, 1, 1), (1, 0)): [3, 6, 0, 1, 2, 2, 1]
(1, (1, 1, 1), (1, 1)): [1, 3, 0, 0, 1, 1]
(1, (1, 1, 1), (1, 2)): [0, 1, 0, 0, 1, 1]
(1, (1, 1, 1), (2, 0)): [0, 1]
(1, (1, 1, 1), (2, 1)): [1, 1]
(1, (1, 1, 1), (2, 2)): [1, 1, 0, 0, 1]
(2, (0, 0, 0), (0, 0)): [14149, 561, 195, 57, 21, 5, 3, 1]
(2, (0, 0, 0), (0, 1)): [86, 3, 3, 0, 1]
(2, (0, 0, 0), (0, 2)): [39, 2, 1, 0, 1]
(2, (0, 0, 0), (1, 0)): [84, 6]
(2, (0, 0, 0), (1, 1)): [54, 4]
(2, (0, 0, 0), (1, 2)): [54, 2, 0, 0, 1]
(2, (0, 0, 0), (2, 0)): [27]
(2, (0, 0, 0), (2, 1)): [23, 1]
(2, (0, 0, 0), (2, 2)): [20, 1]
(2, (0, 0, 0), (3, 0)): [11]
(2, (0, 0, 1), (0, 0)): [1306, 376, 62, 25, 7, 0, 2]
(2, (0, 0, 1), (0, 1)): [8, 4, 1]
(2, (0, 0, 1), (0, 2)): [4, 1, 1]
(2, (0, 0, 1), (1, 0)): [12]
(2, (0, 0, 1), (1, 1)): [7]
(2, (0, 0, 1), (1, 2)): [10]
(2, (0, 0, 1), (2, 0)): [4]
(2, (0, 0, 1), (2, 1)): [3]
(2, (0, 0, 1), (2, 2)): [4]
(2, (0, 1, 0), (0, 0)): [3455, 685, 169, 65, 30, 9, 2]
(2, (0, 1, 0), (0, 1)): [16, 1, 2]
(2, (0, 1, 0), (0, 2)): [11, 1, 2]
(2, (0, 1, 0), (1, 0)): [31, 4, 1, 1]
(2, (0, 1, 0), (1, 1)): [16, 4, 1]
(2, (0, 1, 0), (1, 2)): [18, 1]
(2, (0, 1, 0), (2, 0)): [10]
(2, (0, 1, 0), (2, 1)): [5, 3]
(2, (0, 1, 0), (2, 2)): [7, 1]
(2, (0, 1, 0), (3, 0)): [6]
(2, (0, 1, 1), (0, 0)): [747, 64, 131, 45, 15, 5, 1]
(2, (0, 1, 1), (0, 1)): [3, 0, 0, 1]
(2, (0, 1, 1), (0, 2)): [3]
(2, (0, 1, 1), (1, 0)): [5, 1, 0, 1]
(2, (0, 1, 1), (1, 1)): [2, 1, 0, 2]
(2, (0, 1, 1), (1, 2)): [1, 0, 0, 1]
(2, (0, 1, 1), (2, 0)): [2]
(2, (0, 1, 1), (2, 1)): [0, 0, 0, 1]
(2, (0, 1, 1), (2, 2)): [1]
(2, (0, 1, 1), (3, 0)): [1]
(2, (1, 0, 0), (0, 0)): [6911, 492, 321, 93, 26, 9, 5, 1]
(2, (1, 0, 0), (0, 1)): [37, 2, 3, 0, 1]
(2, (1, 0, 0), (0, 2)): [18, 1, 1, 0, 1]
(2, (1, 0, 0), (1, 0)): [60, 6, 2, 1]
(2, (1, 0, 0), (1, 1)): [35, 5, 0, 1]
(2, (1, 0, 0), (1, 2)): [25, 3, 0, 0, 1]
(2, (1, 0, 0), (2, 0)): [16, 0, 1]
(2, (1, 0, 0), (2, 1)): [19, 1, 1, 1]
(2, (1, 0, 0), (2, 2)): [15, 2, 1]
(2, (1, 0, 0), (3, 0)): [6]
(2, (1, 0, 1), (0, 0)): [1257, 262, 98, 50, 20, 4, 5]
(2, (1, 0, 1), (0, 1)): [8, 1, 1, 1]
(2, (1, 0, 1), (0, 2)): [4, 0, 1]
(2, (1, 0, 1), (1, 0)): [9, 1, 1, 1]
(2, (1, 0, 1), (1, 1)): [5, 1, 0, 1]
(2, (1, 0, 1), (1, 2)): [4, 0, 0, 1]
(2, (1, 0, 1), (2, 0)): [4, 0, 0, 1]
(2, (1, 0, 1), (2, 1)): [3, 0, 0, 1]
(2, (1, 0, 1), (2, 2)): [3, 0, 0, 1]
(2, (1, 0, 1), (3, 0)): [1]
(2, (1, 1, 0), (0, 0)): [2731, 394, 193, 141, 46, 13, 6, 1]
(2, (1, 1, 0), (0, 1)): [11, 4, 0, 2, 1]
(2, (1, 1, 0), (0, 2)): [6, 3, 0, 2, 1]
(2, (1, 1, 0), (1, 0)): [31, 7, 3, 1]
(2, (1, 1, 0), (1, 1)): [19, 6, 2]
(2, (1, 1, 0), (1, 2)): [16, 4, 1, 2, 1]
(2, (1, 1, 0), (2, 0)): [6]
(2, (1, 1, 0), (2, 1)): [6, 1]
(2, (1, 1, 0), (2, 2)): [7, 2, 1]
(2, (1, 1, 0), (3, 0)): [3]
(2, (1, 1, 1), (0, 0)): [773, 112, 122, 67, 35, 9, 3, 2, 1, 1]
(2, (1, 1, 1), (0, 1)): [6, 1, 0, 2]
(2, (1, 1, 1), (0, 2)): [2, 0, 0, 1]
(2, (1, 1, 1), (1, 0)): [10, 4, 1]
(2, (1, 1, 1), (1, 1)): [8, 3, 0, 1]
(2, (1, 1, 1), (1, 2)): [6, 2, 0, 2]
(2, (1, 1, 1), (2, 0)): [2, 1]
(2, (1, 1, 1), (2, 1)): [1, 1]
(2, (1, 1, 1), (2, 2)): [2, 1]
(2, (1, 1, 1), (3, 0)): [2]
