(0, (0, 0, 0), (0, 0)): [32981, 7084, 3174, 1573, 709, 328, 122, 63, 14, 8, 7, 0, 1, 1, 1]
(0, (0, 0, 0), (0, 1)): [16665, 3611, 1573, 787, 366, 167, 56, 31, 6, 0, 3, 0, 1, 1]
(0, (0, 0, 0), (0, 2)): [7206, 1522, 694, 312, 177, 64, 25, 11, 3, 0, 2]
(0, (0, 0, 0), (1, 0)): [12546, 2659, 1227, 608, 277, 130, 45, 24, 4, 5, 3, 0, 0, 0, 1]
(0, (0, 0, 0), (1, 1)): [12774, 2767, 1250, 675, 263, 134, 48, 30, 2, 4, 2, 0, 1]
(0, (0, 0, 0), (1, 2)): [10133, 2193, 962, 513, 232, 97, 35, 16, 1, 3, 4, 0, 1]
(0, (0, 0, 0), (2, 0)): [3719, 793, 347, 159, 76, 43, 9, 4, 0, 1]
(0, (0, 0, 0), (2, 1)): [6097, 1305, 612, 297, 113, 67, 17, 14, 2, 1]
(0, (0, 0, 0), (2, 2)): [7554, 1586, 737, 359, 168, 78, 23, 11, 2, 1, 1, 0, 1]
(0, (0, 0, 0), (3, 0)): [612, 116, 48, 25, 11, 6, 2]
(0, (0, 0, 0), (3, 1)): [1722, 364, 169, 81, 27, 20, 7, 6, 0, 1]
(0, (0, 0, 0), (3, 2)): [3403, 710, 340, 178, 73, 33, 16, 7, 0, 1, 1]
(0, (0, 0, 1), (0, 0)): [82, 268, 70, 35, 24, 6, 5, 1]
(0, (0, 0, 1), (0, 1)): [33, 137, 36, 19, 17, 4, 3]
(0, (0, 0, 1), (0, 2)): [18, 57, 13, 7, 8, 0, 1]
(0, (0, 0, 1), (1, 0)): [40, 102, 25, 14, 4, 1, 2, 1]
(0, (0, 0, 1), (1, 1)): [24, 106, 29, 12, 6, 2, 2, 1]
(0, (0, 0, 1), (1, 2)): [24, 80, 17, 10, 5, 0, 0, 1]
(0, (0, 0, 1), (2, 0)): [11, 30, 5, 7, 0, 0, 1]
(0, (0, 0, 1), (2, 1)): [17, 47, 15, 9, 3, 2, 1]
(0, (0, 0, 1), (2, 2)): [16, 65, 13, 10, 5, 1, 1]
(0, (0, 0, 1), (3, 0)): [1, 5, 0, 2]
(0, (0, 0, 1), (3, 1)): [5, 15, 4, 3]
(0, (0, 0, 1), (3, 2)): [4, 32, 3, 5, 2, 0, 1]
(0, (0, 1, 0), (0, 0)): [1316, 1233, 512, 275, 146, 56, 16, 12, 3, 1, 1, 0, 0, 0, 1]
(0, (0, 1, 0), (0, 1)): [684, 631, 260, 148, 74, 28, 7, 5, 3]
(0, (0, 1, 0), (0, 2)): [289, 273, 125, 60, 38, 14, 1, 2, 1]
(0, (0, 1, 0), (1, 0)): [492, 461, 198, 98, 58, 26, 6, 5, 0, 0, 1, 0, 0, 0, 1]
(0, (0, 1, 0), (1, 1)): [506, 497, 197, 102, 56, 25, 6, 4]
(0, (0, 1, 0), (1, 2)): [388, 396, 177, 84, 50, 16, 0, 3, 1]
(0, (0, 1, 0), (2, 0)): [153, 134, 57, 30, 20, 6, 0, 1]
(0, (0, 1, 0), (2, 1)): [237, 228, 90, 55, 29, 14, 3, 1]
(0, (0, 1, 0), (2, 2)): [282, 283, 125, 63, 31, 13]
(0, (0, 1, 0), (3, 0)): [29, 14, 7, 2, 3, 2]
(0, (0, 1, 0), (3, 1)): [70, 64, 27, 13, 7, 6, 2]
(0, (0, 1, 0), (3, 2)): [142, 122, 56, 33, 15, 5, 2]
(0, (0, 1, 1), (0, 0)): [94, 173, 196, 99, 56, 21, 11, 1, 1, 1, 0, 0, 1, 1]
(0, (0, 1, 1), (0, 1)): [38, 94, 96, 50, 28, 8, 7, 1, 0, 0, 0, 0, 1]
(0, (0, 1, 1), (0, 2)): [8, 40, 42, 16, 10, 1, 4, 1]
(0, (0, 1, 1), (1, 0)): [42, 58, 80, 38, 24, 10, 3, 0, 1, 1, 0, 0, 0, 1]
(0, (0, 1, 1), (1, 1)): [39, 67, 74, 43, 27, 12, 3, 0, 1, 1]
(0, (0, 1, 1), (1, 2)): [24, 55, 49, 27, 19, 6, 4, 0, 1]
(0, (0, 1, 1), (2, 0)): [16, 18, 24, 10, 7, 3, 1]
(0, (0, 1, 1), (2, 1)): [23, 34, 39, 18, 11, 7, 1]
(0, (0, 1, 1), (2, 2)): [22, 42, 40, 17, 14, 6, 3, 0, 1]
(0, (0, 1, 1), (3, 0)): [2, 0, 6, 1]
(0, (0, 1, 1), (3, 1)): [5, 8, 11, 9, 1, 1]
(0, (0, 1, 1), (3, 2)): [8, 21, 17, 9, 4, 3, 1, 0, 1]
(0, (1, 0, 0), (0, 0)): [6527, 2109, 1400, 796, 378, 168, 59, 40, 7, 7, 3, 0, 1, 2]
(0, (1, 0, 0), (0, 1)): [3261, 1074, 713, 396, 195, 82, 32, 20, 3, 0, 2, 0, 1, 1]
(0, (1, 0, 0), (0, 2)): [1403, 461, 301, 172, 87, 33, 17, 6, 2, 0, 1]
(0, (1, 0, 0), (1, 0)): [2523, 793, 526, 313, 150, 68, 19, 14, 2, 5, 1, 0, 0, 1]
(0, (1, 0, 0), (1, 1)): [2587, 813, 561, 348, 136, 66, 22, 16, 1, 3, 1, 0, 1]
(0, (1, 0, 0), (1, 2)): [2062, 636, 420, 265, 112, 50, 20, 9, 0, 2, 2, 0, 1]
(0, (1, 0, 0), (2, 0)): [736, 243, 140, 75, 43, 25, 4, 3, 0, 1]
(0, (1, 0, 0), (2, 1)): [1191, 379, 257, 134, 56, 30, 6, 8, 1, 1]
(0, (1, 0, 0), (2, 2)): [1515, 462, 321, 182, 79, 35, 13, 10, 1, 1, 0, 0, 1]
(0, (1, 0, 0), (3, 0)): [113, 38, 18, 11, 10, 2, 1]
(0, (1, 0, 0), (3, 1)): [329, 122, 65, 38, 18, 9, 2, 3, 0, 1]
(0, (1, 0, 0), (3, 2)): [672, 220, 146, 86, 42, 13, 8, 5, 0, 1]
(0, (1, 0, 1), (0, 0)): [157, 437, 179, 131, 93, 36, 16, 9, 3, 5, 1]
(0, (1, 0, 1), (0, 1)): [79, 215, 95, 70, 52, 15, 9, 5, 3, 0, 1]
(0, (1, 0, 1), (0, 2)): [26, 93, 37, 31, 19, 8, 2, 2, 2, 0, 1]
(0, (1, 0, 1), (1, 0)): [62, 173, 64, 46, 31, 17, 6, 3, 0, 4]
(0, (1, 0, 1), (1, 1)): [59, 173, 78, 51, 38, 16, 6, 2, 0, 3]
(0, (1, 0, 1), (1, 2)): [46, 135, 67, 38, 34, 11, 4, 2, 1, 2, 1]
(0, (1, 0, 1), (2, 0)): [22, 58, 17, 16, 9, 4, 0, 0, 0, 1]
(0, (1, 0, 1), (2, 1)): [23, 71, 32, 27, 17, 8, 1, 1, 0, 1]
(0, (1, 0, 1), (2, 2)): [31, 92, 47, 34, 16, 8, 1, 2, 0, 1]
(0, (1, 0, 1), (3, 0)): [4, 12, 2, 1, 1]
(0, (1, 0, 1), (3, 1)): [5, 24, 6, 5, 2, 2, 1, 0, 0, 1]
(0, (1, 0, 1), (3, 2)): [8, 34, 23, 16, 7, 3, 0, 1, 0, 1]
(0, (1, 1, 0), (0, 0)): [1012, 669, 413, 374, 189, 104, 37, 20, 7, 2, 1, 0, 1, 1]
(0, (1, 1, 0), (0, 1)): [511, 346, 213, 187, 102, 53, 20, 11, 1, 0, 1, 0, 1, 1]
(0, (1, 1, 0), (0, 2)): [220, 142, 74, 67, 48, 21, 9, 4]
(0, (1, 1, 0), (1, 0)): [380, 256, 150, 147, 68, 42, 11, 4, 3, 1]
(0, (1, 1, 0), (1, 1)): [393, 277, 168, 174, 59, 42, 12, 7, 3, 0, 1, 0, 1]
(0, (1, 1, 0), (1, 2)): [310, 206, 123, 128, 54, 30, 7, 5, 2, 0, 1, 0, 1]
(0, (1, 1, 0), (2, 0)): [111, 76, 47, 36, 23, 13, 4, 2]
(0, (1, 1, 0), (2, 1)): [166, 127, 76, 62, 27, 16, 9, 5, 1]
(0, (1, 1, 0), (2, 2)): [236, 148, 99, 88, 40, 20, 7, 4, 2, 0, 0, 0, 1]
(0, (1, 1, 0), (3, 0)): [28, 13, 9, 8, 4, 1]
(0, (1, 1, 0), (3, 1)): [56, 38, 21, 22, 8, 5, 2, 2]
(0, (1, 1, 0), (3, 2)): [116, 68, 48, 43, 24, 6, 6, 3]
(0, (1, 1, 1), (0, 0)): [99, 206, 143, 120, 109, 55, 23, 9, 6, 3, 2, 1, 1]
(0, (1, 1, 1), (0, 1)): [43, 94, 73, 64, 60, 28, 10, 5, 1, 0, 2, 1, 1]
(0, (1, 1, 1), (0, 2)): [15, 40, 24, 18, 25, 12, 5, 2]
(0, (1, 1, 1), (1, 0)): [44, 90, 48, 43, 39, 20, 8, 2, 4, 3]
(0, (1, 1, 1), (1, 1)): [35, 85, 52, 69, 40, 26, 6, 3, 4, 1, 2, 1, 1]
(0, (1, 1, 1), (1, 2)): [19, 57, 45, 48, 33, 16, 3, 2, 2, 0, 2, 1, 1]
(0, (1, 1, 1), (2, 0)): [17, 28, 17, 9, 12, 2, 2, 1, 0, 1]
(0, (1, 1, 1), (2, 1)): [25, 44, 22, 21, 17, 8, 3, 2, 1, 1]
(0, (1, 1, 1), (2, 2)): [22, 51, 27, 34, 23, 9, 3, 0, 2, 0, 1, 1, 1]
(0, (1, 1, 1), (3, 0)): [2, 4, 5, 2, 1]
(0, (1, 1, 1), (3, 1)): [7, 12, 8, 5, 2, 5, 1, 1, 0, 1]
(0, (1, 1, 1), (3, 2)): [8, 23, 10, 12, 11, 5, 1, 1, 1]
(1, (0, 0, 0), (0, 0)): [27401, 3280, 1319, 537, 197, 100, 36, 11, 3, 1, 1]
(1, (0, 0, 0), (0, 1)): [13874, 1690, 631, 274, 94, 51, 12, 6, 0, 0, 1]
(1, (0, 0, 0), (0, 2)): [5989, 711, 282, 106, 45, 18, 4, 2, 0, 0, 1]
(1, (0, 0, 0), (1, 0)): [10392, 1228, 528, 205, 86, 40, 16, 3, 2, 1]
(1, (0, 0, 0), (1, 1)): [10619, 1293, 512, 221, 76, 42, 16, 7, 1, 1]
(1, (0, 0, 0), (1, 2)): [8394, 1056, 389, 178, 67, 30, 12, 3, 0, 1, 1]
(1, (0, 0, 0), (2, 0)): [3087, 380, 153, 57, 24, 12, 4]
(1, (0, 0, 0), (2, 1)): [5091, 612, 272, 105, 37, 20, 6, 3, 1]
(1, (0, 0, 0), (2, 2)): [6294, 764, 311, 120, 53, 28, 9, 1, 1]
(1, (0, 0, 0), (3, 0)): [512, 54, 23, 11, 3, 3, 1]
(1, (0, 0, 0), (3, 1)): [1442, 160, 78, 28, 11, 5, 3, 1]
(1, (0, 0, 0), (3, 2)): [2853, 330, 143, 60, 19, 13, 5]
(1, (0, 0, 1), (0, 0)): [631, 978, 213, 117, 42, 17, 4, 1, 0, 0, 0, 1]
(1, (0, 0, 1), (0, 1)): [305, 502, 98, 62, 19, 7, 1, 1, 0, 0, 0, 1]
(1, (0, 0, 1), (0, 2)): [137, 216, 45, 28, 9, 3]
(1, (0, 0, 1), (1, 0)): [257, 363, 91, 40, 20, 10, 3]
(1, (0, 0, 1), (1, 1)): [249, 370, 83, 44, 22, 7, 1]
(1, (0, 0, 1), (1, 2)): [192, 309, 66, 38, 16, 7]
(1, (0, 0, 1), (2, 0)): [69, 112, 24, 12, 4, 2]
(1, (0, 0, 1), (2, 1)): [116, 168, 39, 20, 8, 3, 1]
(1, (0, 0, 1), (2, 2)): [137, 218, 46, 21, 12, 3]
(1, (0, 0, 1), (3, 0)): [8, 15, 4, 1]
(1, (0, 0, 1), (3, 1)): [31, 50, 14, 5, 0, 1, 1]
(1, (0, 0, 1), (3, 2)): [63, 101, 24, 13, 1, 0, 1]
(1, (0, 1, 0), (0, 0)): [3657, 1479, 583, 261, 104, 59, 21, 9, 1, 1, 1]
(1, (0, 1, 0), (0, 1)): [1893, 773, 266, 130, 43, 31, 9, 2, 0, 0, 1]
(1, (0, 1, 0), (0, 2)): [814, 334, 135, 53, 19, 11, 1, 0, 0, 0, 1]
(1, (0, 1, 0), (1, 0)): [1339, 550, 249, 108, 53, 19, 9, 6, 0, 1]
(1, (0, 1, 0), (1, 1)): [1429, 600, 225, 110, 45, 26, 12, 5, 0, 1]
(1, (0, 1, 0), (1, 2)): [1105, 483, 174, 81, 38, 19, 8, 4, 0, 1, 1]
(1, (0, 1, 0), (2, 0)): [391, 143, 72, 23, 12, 6, 0, 1]
(1, (0, 1, 0), (2, 1)): [658, 263, 126, 44, 16, 10, 3, 2]
(1, (0, 1, 0), (2, 2)): [778, 353, 147, 56, 34, 10, 7, 3]
(1, (0, 1, 0), (3, 0)): [63, 22, 7, 2, 1, 2]
(1, (0, 1, 0), (3, 1)): [183, 74, 31, 9, 4, 6, 1]
(1, (0, 1, 0), (3, 2)): [350, 164, 60, 32, 15, 7, 2]
(1, (0, 1, 1), (0, 0)): [534, 469, 362, 167, 99, 27, 15, 3, 3]
(1, (0, 1, 1), (0, 1)): [252, 267, 156, 74, 43, 13, 9, 2, 1]
(1, (0, 1, 1), (0, 2)): [96, 103, 65, 28, 16, 4, 3]
(1, (0, 1, 1), (1, 0)): [215, 157, 153, 74, 43, 11, 4, 0, 2]
(1, (0, 1, 1), (1, 1)): [226, 197, 134, 72, 43, 12, 5, 2, 1]
(1, (0, 1, 1), (1, 2)): [164, 153, 103, 50, 29, 7, 3, 1, 1]
(1, (0, 1, 1), (2, 0)): [62, 47, 46, 17, 6, 3]
(1, (0, 1, 1), (2, 1)): [98, 92, 73, 30, 16, 5, 1]
(1, (0, 1, 1), (2, 2)): [110, 111, 88, 37, 19, 6, 4, 0, 1]
(1, (0, 1, 1), (3, 0)): [10, 9, 7, 3, 1, 2]
(1, (0, 1, 1), (3, 1)): [25, 26, 21, 9, 6, 3]
(1, (0, 1, 1), (3, 2)): [54, 51, 34, 16, 7, 2, 2]
(1, (1, 0, 0), (0, 0)): [9701, 1607, 1145, 537, 213, 80, 40, 11, 4, 2, 1]
(1, (1, 0, 0), (0, 1)): [4830, 808, 580, 258, 108, 47, 16, 6, 1, 1]
(1, (1, 0, 0), (0, 2)): [2082, 344, 247, 107, 50, 17, 7, 3, 0, 1]
(1, (1, 0, 0), (1, 0)): [3762, 597, 436, 220, 84, 28, 19, 5, 3, 1, 1]
(1, (1, 0, 0), (1, 1)): [3786, 613, 463, 216, 84, 32, 20, 6, 2, 1]
(1, (1, 0, 0), (1, 2)): [2994, 510, 349, 177, 74, 23, 16, 3, 1, 2]
(1, (1, 0, 0), (2, 0)): [1128, 170, 111, 61, 24, 9, 3, 1]
(1, (1, 0, 0), (2, 1)): [1843, 288, 213, 99, 33, 13, 7, 2, 1]
(1, (1, 0, 0), (2, 2)): [2253, 342, 272, 115, 57, 20, 13, 2, 1]
(1, (1, 0, 0), (3, 0)): [175, 18, 17, 10, 4, 1, 1]
(1, (1, 0, 0), (3, 1)): [499, 83, 55, 29, 9, 2, 3]
(1, (1, 0, 0), (3, 2)): [997, 158, 111, 61, 21, 6, 6, 1]
(1, (1, 0, 1), (0, 0)): [827, 809, 276, 218, 95, 45, 13, 4, 2, 1, 1]
(1, (1, 0, 1), (0, 1)): [380, 406, 139, 109, 44, 20, 6, 3, 0, 1]
(1, (1, 0, 1), (0, 2)): [178, 162, 64, 46, 18, 8, 2, 0, 0, 1]
(1, (1, 0, 1), (1, 0)): [341, 305, 108, 86, 42, 18, 4, 1, 0, 0, 1]
(1, (1, 0, 1), (1, 1)): [301, 318, 123, 88, 40, 20, 7, 4]
(1, (1, 0, 1), (1, 2)): [229, 252, 111, 68, 24, 12, 5, 3, 0, 1]
(1, (1, 0, 1), (2, 0)): [106, 91, 31, 23, 16, 2, 1]
(1, (1, 0, 1), (2, 1)): [148, 144, 51, 40, 25, 8, 4, 1]
(1, (1, 0, 1), (2, 2)): [179, 175, 67, 49, 24, 12, 5, 3]
(1, (1, 0, 1), (3, 0)): [12, 22, 4, 2, 4]
(1, (1, 0, 1), (3, 1)): [32, 51, 14, 9, 8, 1]
(1, (1, 0, 1), (3, 2)): [63, 92, 33, 27, 13, 2]
(1, (1, 1, 0), (0, 0)): [2923, 817, 550, 438, 181, 63, 28, 11, 1, 2]
(1, (1, 1, 0), (0, 1)): [1487, 413, 277, 212, 95, 33, 15, 5]
(1, (1, 1, 0), (0, 2)): [619, 179, 120, 90, 44, 13, 6, 3]
(1, (1, 1, 0), (1, 0)): [1124, 306, 215, 180, 68, 22, 11, 4, 1, 1]
(1, (1, 1, 0), (1, 1)): [1173, 326, 233, 180, 68, 22, 14, 4, 1]
(1, (1, 1, 0), (1, 2)): [893, 261, 166, 138, 58, 17, 10, 2]
(1, (1, 1, 0), (2, 0)): [325, 87, 54, 48, 20, 6, 3, 1]
(1, (1, 1, 0), (2, 1)): [537, 135, 107, 77, 29, 8, 6, 1, 1]
(1, (1, 1, 0), (2, 2)): [688, 161, 139, 94, 46, 10, 10, 1, 1]
(1, (1, 1, 0), (3, 0)): [57, 9, 8, 10, 2, 2, 1]
(1, (1, 1, 0), (3, 1)): [148, 39, 28, 23, 5, 3, 4]
(1, (1, 1, 0), (3, 2)): [315, 67, 57, 57, 19, 6, 7, 1]
(1, (1, 1, 1), (0, 0)): [662, 486, 270, 186, 174, 54, 31, 10, 5, 2]
(1, (1, 1, 1), (0, 1)): [315, 245, 135, 90, 95, 28, 15, 4, 0, 1]
(1, (1, 1, 1), (0, 2)): [122, 112, 65, 40, 39, 10, 3, 2, 0, 1]
(1, (1, 1, 1), (1, 0)): [258, 193, 111, 83, 60, 20, 14, 4, 4, 1]
(1, (1, 1, 1), (1, 1)): [261, 202, 112, 82, 58, 24, 15, 4, 1]
(1, (1, 1, 1), (1, 2)): [176, 166, 103, 60, 41, 14, 12, 2, 1, 1]
(1, (1, 1, 1), (2, 0)): [76, 62, 32, 23, 18, 3, 3]
(1, (1, 1, 1), (2, 1)): [130, 105, 60, 39, 28, 7, 7]
(1, (1, 1, 1), (2, 2)): [139, 120, 85, 49, 31, 9, 14, 1, 1]
(1, (1, 1, 1), (3, 0)): [11, 10, 3, 5, 3, 1]
(1, (1, 1, 1), (3, 1)): [26, 27, 14, 8, 9, 3, 3]
(1, (1, 1, 1), (3, 2)): [62, 56, 32, 19, 14, 4, 7, 1, 1]
(2, (0, 0, 0), (0, 0)): [24186, 1274, 436, 134, 42, 14, 4, 1]
(2, (0, 0, 0), (0, 1)): [12257, 629, 213, 77, 18, 5, 1]
(2, (0, 0, 0), (0, 2)): [5317, 271, 104, 34, 11, 1]
(2, (0, 0, 0), (1, 0)): [9172, 511, 166, 48, 20, 8, 2]
(2, (0, 0, 0), (1, 1)): [9339, 502, 150, 61, 15, 7, 3]
(2, (0, 0, 0), (1, 2)): [7438, 399, 122, 55, 12, 5, 1]
(2, (0, 0, 0), (2, 0)): [2727, 160, 54, 14, 7, 3]
(2, (0, 0, 0), (2, 1)): [4429, 251, 82, 29, 9, 5, 1]
(2, (0, 0, 0), (2, 2)): [5552, 302, 84, 34, 5, 6, 1]
(2, (0, 0, 0), (3, 0)): [454, 24, 11, 2, 2]
(2, (0, 0, 0), (3, 1)): [1288, 64, 33, 5, 4, 1]
(2, (0, 0, 0), (3, 2)): [2543, 130, 42, 12, 3, 3]
(2, (0, 0, 1), (0, 0)): [2253, 625, 152, 51, 20, 5, 1, 0, 0, 0, 0, 1]
(2, (0, 0, 1), (0, 1)): [1144, 299, 64, 29, 10, 2, 0, 0, 0, 0, 0, 1]
(2, (0, 0, 1), (0, 2)): [504, 131, 28, 10, 5, 1]
(2, (0, 0, 1), (1, 0)): [852, 264, 73, 19, 9, 2, 1]
(2, (0, 0, 1), (1, 1)): [862, 241, 61, 23, 8, 2]
(2, (0, 0, 1), (1, 2)): [684, 196, 43, 12, 6]
(2, (0, 0, 1), (2, 0)): [245, 73, 23, 3, 2]
(2, (0, 0, 1), (2, 1)): [403, 124, 32, 10, 2]
(2, (0, 0, 1), (2, 2)): [496, 161, 41, 12, 5]
(2, (0, 0, 1), (3, 0)): [31, 7, 2, 1, 1]
(2, (0, 0, 1), (3, 1)): [99, 33, 7, 3, 1]
(2, (0, 0, 1), (3, 2)): [218, 67, 16, 6]
(2, (0, 1, 0), (0, 0)): [6018, 1154, 364, 129, 52, 16, 4, 1, 0, 1, 1]
(2, (0, 1, 0), (0, 1)): [3099, 605, 174, 60, 12, 10, 1, 0, 0, 1, 1]
(2, (0, 1, 0), (0, 2)): [1326, 252, 80, 24, 5, 5, 0, 0, 0, 1, 1]
(2, (0, 1, 0), (1, 0)): [2242, 426, 152, 56, 29, 5, 3, 1]
(2, (0, 1, 0), (1, 1)): [2409, 451, 133, 51, 15, 6, 3]
(2, (0, 1, 0), (1, 2)): [1888, 365, 105, 43, 6, 6, 1, 0, 0, 1, 1]
(2, (0, 1, 0), (2, 0)): [617, 122, 44, 16, 11, 2, 1]
(2, (0, 1, 0), (2, 1)): [1098, 228, 65, 23, 14, 4, 2]
(2, (0, 1, 0), (2, 2)): [1372, 267, 75, 27, 12, 3, 3]
(2, (0, 1, 0), (3, 0)): [97, 12, 4, 2, 1]
(2, (0, 1, 0), (3, 1)): [290, 51, 18, 7, 3]
(2, (0, 1, 0), (3, 2)): [589, 115, 35, 13, 7, 0, 1]
(2, (0, 1, 1), (0, 0)): [1368, 91, 240, 84, 27, 11, 2, 1, 1]
(2, (0, 1, 1), (0, 1)): [705, 42, 107, 41, 11, 5, 1]
(2, (0, 1, 1), (0, 2)): [302, 22, 45, 14, 3, 2]
(2, (0, 1, 1), (1, 0)): [515, 38, 102, 35, 11, 5, 1, 1, 1]
(2, (0, 1, 1), (1, 1)): [551, 38, 102, 40, 15, 4, 2, 0, 1]
(2, (0, 1, 1), (1, 2)): [440, 32, 79, 25, 9, 4, 1]
(2, (0, 1, 1), (2, 0)): [147, 7, 24, 11, 1]
(2, (0, 1, 1), (2, 1)): [251, 9, 43, 24, 5, 2, 0, 0, 1]
(2, (0, 1, 1), (2, 2)): [323, 20, 50, 20, 6, 3, 0, 0, 1]
(2, (0, 1, 1), (3, 0)): [22, 0, 4]
(2, (0, 1, 1), (3, 1)): [70, 2, 14, 6, 2]
(2, (0, 1, 1), (3, 2)): [147, 8, 18, 12, 3, 2]
(2, (1, 0, 0), (0, 0)): [11661, 826, 640, 195, 73, 23, 7, 2, 1]
(2, (1, 0, 0), (0, 1)): [5920, 422, 326, 106, 42, 12, 2]
(2, (1, 0, 0), (0, 2)): [2503, 183, 146, 50, 20, 3]
(2, (1, 0, 0), (1, 0)): [4394, 311, 238, 73, 26, 10, 4, 1, 1]
(2, (1, 0, 0), (1, 1)): [4534, 351, 231, 79, 32, 10, 4, 1, 1]
(2, (1, 0, 0), (1, 2)): [3661, 268, 185, 76, 27, 7, 2, 0, 1]
(2, (1, 0, 0), (2, 0)): [1322, 76, 74, 21, 6, 5, 1]
(2, (1, 0, 0), (2, 1)): [2161, 156, 116, 36, 15, 6, 2, 1]
(2, (1, 0, 0), (2, 2)): [2722, 184, 144, 57, 15, 10, 3]
(2, (1, 0, 0), (3, 0)): [223, 9, 16, 4, 1]
(2, (1, 0, 0), (3, 1)): [630, 39, 39, 8, 3, 1]
(2, (1, 0, 0), (3, 2)): [1259, 78, 71, 20, 6, 5]
(2, (1, 0, 1), (0, 0)): [2180, 452, 175, 140, 61, 14, 2, 2, 0, 0, 0, 1]
(2, (1, 0, 1), (0, 1)): [1092, 232, 92, 79, 29, 9, 0, 1, 0, 0, 0, 1]
(2, (1, 0, 1), (0, 2)): [490, 100, 39, 26, 12, 2, 0, 1]
(2, (1, 0, 1), (1, 0)): [843, 180, 67, 49, 26, 4, 2, 1]
(2, (1, 0, 1), (1, 1)): [820, 193, 68, 44, 24, 8, 1, 1]
(2, (1, 0, 1), (1, 2)): [643, 151, 52, 36, 21, 7, 0, 2]
(2, (1, 0, 1), (2, 0)): [264, 44, 21, 18, 8]
(2, (1, 0, 1), (2, 1)): [421, 91, 33, 27, 15, 2, 1]
(2, (1, 0, 1), (2, 2)): [460, 121, 40, 29, 20, 4, 1]
(2, (1, 0, 1), (3, 0)): [38, 3, 4, 4]
(2, (1, 0, 1), (3, 1)): [121, 22, 10, 6, 3, 1]
(2, (1, 0, 1), (3, 2)): [205, 58, 21, 16, 6, 3]
(2, (1, 1, 0), (0, 0)): [4962, 689, 362, 276, 92, 28, 8, 4, 2, 1, 1]
(2, (1, 1, 0), (0, 1)): [2499, 353, 176, 152, 47, 18, 4, 2, 0, 1, 1]
(2, (1, 1, 0), (0, 2)): [1057, 144, 77, 68, 21, 4, 0, 1, 0, 1]
(2, (1, 1, 0), (1, 0)): [1914, 263, 144, 95, 37, 8, 4, 1, 2]
(2, (1, 1, 0), (1, 1)): [1989, 260, 136, 109, 33, 11, 6, 2, 2]
(2, (1, 1, 0), (1, 2)): [1580, 198, 113, 92, 26, 7, 3, 2, 1, 1]
(2, (1, 1, 0), (2, 0)): [578, 83, 48, 17, 13, 3]
(2, (1, 1, 0), (2, 1)): [933, 131, 65, 49, 18, 5, 2, 1, 1]
(2, (1, 1, 0), (2, 2)): [1238, 140, 76, 65, 18, 6, 2, 0, 1]
(2, (1, 1, 0), (3, 0)): [84, 7, 6, 1, 1]
(2, (1, 1, 0), (3, 1)): [234, 35, 18, 7, 3, 1]
(2, (1, 1, 0), (3, 2)): [536, 63, 32, 27, 10, 2]
(2, (1, 1, 1), (0, 0)): [1562, 211, 232, 136, 111, 27, 6, 4, 3, 3, 1]
(2, (1, 1, 1), (0, 1)): [800, 107, 114, 80, 56, 13, 3, 1, 1, 3, 1]
(2, (1, 1, 1), (0, 2)): [345, 42, 45, 35, 24, 4, 1, 0, 0, 2]
(2, (1, 1, 1), (1, 0)): [587, 87, 95, 45, 43, 10, 2, 1, 1]
(2, (1, 1, 1), (1, 1)): [627, 97, 99, 55, 43, 11, 2, 1, 1]
(2, (1, 1, 1), (1, 2)): [492, 76, 75, 44, 31, 8, 1, 1, 1, 2]
(2, (1, 1, 1), (2, 0)): [182, 28, 32, 13, 13, 3]
(2, (1, 1, 1), (2, 1)): [309, 37, 53, 29, 14, 3, 1]
(2, (1, 1, 1), (2, 2)): [374, 59, 63, 38, 21, 8, 2]
(2, (1, 1, 1), (3, 0)): [21, 4, 2, 1, 2, 1]
(2, (1, 1, 1), (3, 1)): [73, 12, 14, 4, 6, 1]
(2, (1, 1, 1), (3, 2)): [147, 20, 30, 18, 10, 3]
