(0, (0, 0, 0), (0, 0)): [32794, 7075, 3295, 1506, 732, 346, 129, 48, 21, 8, 3, 0, 0, 1]
(0, (0, 0, 0), (0, 1)): [16051, 3190, 1420, 679, 321, 156, 56, 21, 11, 5, 1]
(0, (0, 0, 0), (0, 2)): [6365, 1129, 479, 234, 106, 61, 17, 9, 1, 2, 1]
(0, (0, 0, 0), (1, 0)): [12661, 2837, 1405, 627, 317, 149, 58, 18, 7, 2, 2, 0, 0, 1]
(0, (0, 0, 0), (1, 1)): [12894, 2690, 1257, 570, 294, 136, 56, 14, 11, 3, 0, 0, 0, 1]
(0, (0, 0, 0), (1, 2)): [9317, 1698, 753, 365, 173, 76, 29, 9, 5, 1]
(0, (0, 0, 0), (2, 0)): [3961, 953, 524, 224, 126, 51, 18, 11, 2, 1, 1]
(0, (0, 0, 0), (2, 1)): [6530, 1456, 763, 314, 181, 86, 30, 11, 4, 3, 0, 0, 0, 1]
(0, (0, 0, 0), (2, 2)): [7318, 1397, 684, 307, 158, 71, 27, 6, 7, 2, 0, 0, 0, 1]
(0, (0, 0, 0), (3, 0)): [1088, 260, 180, 93, 47, 14, 4, 6, 2, 0, 1]
(0, (0, 0, 0), (3, 1)): [2392, 625, 314, 154, 81, 47, 17, 10, 4, 1]
(0, (0, 0, 0), (3, 2)): [3795, 826, 439, 196, 104, 50, 23, 9, 6, 3]
(0, (0, 0, 1), (0, 0)): [87, 298, 99, 50, 21, 15, 3, 0, 1, 3, 1]
(0, (0, 0, 1), (0, 1)): [43, 129, 43, 15, 5, 7, 2, 0, 1, 1, 1]
(0, (0, 0, 1), (0, 2)): [22, 44, 18, 5, 2, 5, 0, 0, 1]
(0, (0, 0, 1), (1, 0)): [36, 136, 45, 29, 13, 6, 1, 0, 0, 1]
(0, (0, 0, 1), (1, 1)): [30, 122, 40, 16, 6, 4, 1, 0, 0, 2]
(0, (0, 0, 1), (1, 2)): [23, 72, 24, 7, 4, 5, 0, 0, 0, 1]
(0, (0, 0, 1), (2, 0)): [19, 48, 18, 13, 6, 4]
(0, (0, 0, 1), (2, 1)): [17, 64, 18, 14, 4, 5, 1]
(0, (0, 0, 1), (2, 2)): [19, 72, 18, 9, 3, 2, 1, 0, 0, 1]
(0, (0, 0, 1), (3, 0)): [10, 17, 7, 5, 3, 1]
(0, (0, 0, 1), (3, 1)): [8, 29, 7, 7, 3, 3]
(0, (0, 0, 1), (3, 2)): [12, 53, 14, 9, 4, 4]
(0, (0, 1, 0), (0, 0)): [1386, 1271, 543, 268, 123, 66, 31, 10, 5, 2]
(0, (0, 1, 0), (0, 1)): [607, 521, 218, 109, 47, 31, 12, 1, 2, 1]
(0, (0, 1, 0), (0, 2)): [255, 188, 78, 34, 11, 10, 6]
(0, (0, 1, 0), (1, 0)): [586, 534, 228, 114, 57, 27, 14, 6, 3]
(0, (0, 1, 0), (1, 1)): [506, 462, 201, 85, 49, 20, 7, 1, 1, 1]
(0, (0, 1, 0), (1, 2)): [364, 278, 127, 50, 25, 16, 8, 1, 1, 1]
(0, (0, 1, 0), (2, 0)): [225, 186, 78, 47, 20, 14, 5, 1, 1]
(0, (0, 1, 0), (2, 1)): [290, 261, 110, 52, 25, 14, 3, 1]
(0, (0, 1, 0), (2, 2)): [324, 249, 109, 46, 21, 16, 5, 2, 0, 1]
(0, (0, 1, 0), (3, 0)): [70, 59, 22, 20, 10, 6, 2]
(0, (0, 1, 0), (3, 1)): [123, 107, 49, 34, 18, 5, 2]
(0, (0, 1, 0), (3, 2)): [177, 161, 67, 37, 18, 7, 5, 1]
(0, (0, 1, 1), (0, 0)): [92, 196, 190, 92, 54, 40, 9, 2, 3, 0, 1, 0, 0, 1]
(0, (0, 1, 1), (0, 1)): [47, 88, 76, 38, 23, 19, 3, 0, 1, 0, 1]
(0, (0, 1, 1), (0, 2)): [22, 25, 26, 16, 9, 8]
(0, (0, 1, 1), (1, 0)): [37, 79, 88, 39, 22, 17, 6, 2, 1, 0, 0, 0, 0, 1]
(0, (0, 1, 1), (1, 1)): [38, 81, 71, 29, 20, 17, 4, 2, 1, 0, 1]
(0, (0, 1, 1), (1, 2)): [35, 44, 38, 17, 14, 14, 0, 0, 0, 0, 1]
(0, (0, 1, 1), (2, 0)): [11, 32, 38, 19, 12, 7, 4, 0, 0, 0, 0, 0, 0, 1]
(0, (0, 1, 1), (2, 1)): [13, 45, 46, 14, 11, 10, 4, 0, 1]
(0, (0, 1, 1), (2, 2)): [24, 44, 38, 13, 9, 10, 3, 0, 0, 0, 1]
(0, (0, 1, 1), (3, 0)): [10, 13, 18, 9, 5, 3, 3, 0, 0, 0, 0, 0, 0, 1]
(0, (0, 1, 1), (3, 1)): [7, 14, 17, 3, 9, 4, 0, 0, 1]
(0, (0, 1, 1), (3, 2)): [17, 28, 22, 8, 4, 7, 2, 0, 0, 0, 1]
(0, (1, 0, 0), (0, 0)): [6535, 1978, 1449, 738, 408, 194, 64, 24, 16, 2, 2, 0, 0, 1]
(0, (1, 0, 0), (0, 1)): [2959, 822, 606, 299, 159, 86, 22, 10, 8, 1]
(0, (1, 0, 0), (0, 2)): [1167, 282, 197, 79, 48, 25, 7, 5, 4]
(0, (1, 0, 0), (1, 0)): [2494, 788, 589, 319, 175, 80, 27, 9, 6, 1, 2]
(0, (1, 0, 0), (1, 1)): [2244, 670, 491, 260, 149, 67, 24, 7, 4]
(0, (1, 0, 0), (1, 2)): [1535, 417, 291, 147, 80, 33, 12, 7, 5]
(0, (1, 0, 0), (2, 0)): [750, 263, 203, 114, 67, 29, 5, 4, 1, 1, 1]
(0, (1, 0, 0), (2, 1)): [1041, 368, 246, 140, 70, 32, 10, 5, 1]
(0, (1, 0, 0), (2, 2)): [1141, 331, 208, 114, 64, 24, 10, 7, 2]
(0, (1, 0, 0), (3, 0)): [200, 77, 65, 46, 30, 10, 5, 2, 0, 1, 1]
(0, (1, 0, 0), (3, 1)): [416, 140, 109, 63, 47, 15, 9, 3, 0, 1, 1]
(0, (1, 0, 0), (3, 2)): [515, 176, 109, 76, 40, 17, 9, 6, 1]
(0, (1, 0, 1), (0, 0)): [163, 437, 192, 152, 79, 39, 17, 9, 5, 1]
(0, (1, 0, 1), (0, 1)): [68, 174, 69, 68, 33, 15, 8, 1, 1]
(0, (1, 0, 1), (0, 2)): [30, 71, 30, 23, 17, 4, 1, 1, 1]
(0, (1, 0, 1), (1, 0)): [72, 173, 88, 62, 33, 15, 7, 4, 4, 1]
(0, (1, 0, 1), (1, 1)): [51, 131, 56, 56, 21, 10, 8, 3, 1]
(0, (1, 0, 1), (1, 2)): [44, 90, 34, 29, 15, 5, 5, 1, 1]
(0, (1, 0, 1), (2, 0)): [31, 48, 36, 17, 12, 9, 3, 1, 2]
(0, (1, 0, 1), (2, 1)): [23, 61, 27, 23, 16, 8, 1, 0, 1]
(0, (1, 0, 1), (2, 2)): [40, 59, 31, 22, 18, 3, 6]
(0, (1, 0, 1), (3, 0)): [16, 14, 15, 9, 4, 5, 2, 0, 1]
(0, (1, 0, 1), (3, 1)): [13, 30, 12, 14, 7, 5, 1, 0, 1]
(0, (1, 0, 1), (3, 2)): [22, 35, 20, 11, 10, 3, 3, 0, 1]
(0, (1, 1, 0), (0, 0)): [1014, 603, 432, 340, 190, 96, 39, 11, 9, 2, 2]
(0, (1, 1, 0), (0, 1)): [482, 246, 177, 126, 86, 35, 17, 3, 4, 1, 2]
(0, (1, 1, 0), (0, 2)): [188, 88, 63, 33, 35, 11, 4, 0, 1, 1]
(0, (1, 1, 0), (1, 0)): [352, 239, 162, 151, 70, 44, 16, 7, 2, 1]
(0, (1, 1, 0), (1, 1)): [350, 195, 128, 109, 57, 35, 14, 6, 2, 1, 1]
(0, (1, 1, 0), (1, 2)): [252, 110, 81, 61, 42, 18, 7, 1, 1, 1]
(0, (1, 1, 0), (2, 0)): [103, 76, 57, 54, 25, 14, 6, 2, 1]
(0, (1, 1, 0), (2, 1)): [158, 102, 67, 58, 27, 19, 8, 4, 1]
(0, (1, 1, 0), (2, 2)): [194, 102, 63, 49, 30, 12, 8, 2, 1]
(0, (1, 1, 0), (3, 0)): [22, 20, 18, 14, 11, 7, 3]
(0, (1, 1, 0), (3, 1)): [44, 34, 33, 30, 18, 9, 0, 2, 1]
(0, (1, 1, 0), (3, 2)): [73, 52, 46, 31, 17, 10, 5, 2, 1]
(0, (1, 1, 1), (0, 0)): [112, 197, 159, 112, 92, 54, 26, 9, 8, 0, 1, 0, 0, 1]
(0, (1, 1, 1), (0, 1)): [63, 76, 61, 49, 43, 26, 13, 4, 3, 0, 1]
(0, (1, 1, 1), (0, 2)): [32, 29, 21, 17, 19, 8, 6, 1, 1, 0, 1]
(0, (1, 1, 1), (1, 0)): [34, 85, 65, 46, 32, 23, 9, 2, 4]
(0, (1, 1, 1), (1, 1)): [35, 67, 49, 43, 32, 17, 11, 3, 1]
(0, (1, 1, 1), (1, 2)): [34, 45, 31, 27, 27, 7, 13, 1, 1, 0, 1]
(0, (1, 1, 1), (2, 0)): [7, 21, 20, 19, 10, 6, 1, 1, 1]
(0, (1, 1, 1), (2, 1)): [9, 25, 29, 19, 14, 12, 3, 1, 2]
(0, (1, 1, 1), (2, 2)): [21, 35, 27, 19, 18, 8, 8, 2, 1]
(0, (1, 1, 1), (3, 0)): [0, 9, 6, 6, 2, 1, 1, 1]
(0, (1, 1, 1), (3, 1)): [0, 13, 9, 9, 3, 2, 2, 1, 1]
(0, (1, 1, 1), (3, 2)): [4, 14, 16, 8, 11, 6, 6, 1, 1]
(1, (0, 0, 0), (0, 0)): [27387, 3386, 1346, 529, 222, 86, 35, 14, 3, 3, 1]
(1, (0, 0, 0), (0, 1)): [13225, 1532, 580, 231, 100, 33, 19, 8, 2, 1]
(1, (0, 0, 0), (0, 2)): [5209, 520, 217, 70, 28, 8, 5, 2]
(1, (0, 0, 0), (1, 0)): [10931, 1400, 589, 233, 97, 38, 12, 3, 1, 1, 1]
(1, (0, 0, 0), (1, 1)): [10972, 1302, 528, 196, 89, 31, 18, 4, 1, 2, 1]
(1, (0, 0, 0), (1, 2)): [7665, 818, 315, 110, 50, 16, 11, 4, 0, 2]
(1, (0, 0, 0), (2, 0)): [3577, 504, 214, 96, 45, 19, 4, 1]
(1, (0, 0, 0), (2, 1)): [5735, 705, 309, 135, 58, 21, 7, 2, 0, 0, 1]
(1, (0, 0, 0), (2, 2)): [6139, 690, 289, 110, 47, 15, 8, 1, 0, 1]
(1, (0, 0, 0), (3, 0)): [1037, 162, 79, 36, 17, 7, 4, 1]
(1, (0, 0, 0), (3, 1)): [2268, 343, 154, 67, 33, 12, 4, 1]
(1, (0, 0, 0), (3, 2)): [3353, 459, 197, 88, 40, 17, 3, 2]
(1, (0, 0, 1), (0, 0)): [734, 983, 232, 89, 44, 18, 4, 2, 3]
(1, (0, 0, 1), (0, 1)): [316, 377, 80, 27, 8, 5, 2]
(1, (0, 0, 1), (0, 2)): [139, 138, 26, 6, 4, 2, 2]
(1, (0, 0, 1), (1, 0)): [343, 450, 111, 47, 29, 11, 1, 2, 3]
(1, (0, 0, 1), (1, 1)): [291, 338, 71, 36, 11, 3, 0, 0, 2]
(1, (0, 0, 1), (1, 2)): [223, 191, 43, 17, 9, 4, 2, 0, 1]
(1, (0, 0, 1), (2, 0)): [149, 193, 58, 25, 14, 6, 1, 2, 1]
(1, (0, 0, 1), (2, 1)): [160, 223, 43, 19, 6, 1, 1, 2, 1]
(1, (0, 0, 1), (2, 2)): [185, 189, 47, 21, 8, 1, 3, 1]
(1, (0, 0, 1), (3, 0)): [79, 68, 27, 18, 9, 5]
(1, (0, 0, 1), (3, 1)): [81, 103, 23, 7, 5, 2, 0, 0, 1]
(1, (0, 0, 1), (3, 2)): [125, 121, 29, 15, 8, 1, 2, 1]
(1, (0, 1, 0), (0, 0)): [3647, 1352, 568, 258, 118, 57, 21, 6, 1, 2]
(1, (0, 1, 0), (0, 1)): [1643, 588, 249, 95, 45, 28, 8, 3, 0, 2]
(1, (0, 1, 0), (0, 2)): [698, 215, 102, 22, 10, 12, 4, 1, 0, 1]
(1, (0, 1, 0), (1, 0)): [1646, 607, 250, 138, 57, 24, 12, 3, 1]
(1, (0, 1, 0), (1, 1)): [1427, 522, 213, 96, 53, 15, 7, 2]
(1, (0, 1, 0), (1, 2)): [1006, 317, 135, 49, 17, 9, 7, 2, 0, 1]
(1, (0, 1, 0), (2, 0)): [666, 244, 109, 70, 26, 13, 3, 3, 1]
(1, (0, 1, 0), (2, 1)): [835, 313, 139, 68, 32, 12, 3, 2]
(1, (0, 1, 0), (2, 2)): [876, 295, 132, 53, 20, 12, 8, 1, 0, 1]
(1, (0, 1, 0), (3, 0)): [277, 87, 54, 37, 16, 6, 2, 2, 1]
(1, (0, 1, 0), (3, 1)): [378, 132, 62, 39, 15, 5, 0, 4]
(1, (0, 1, 0), (3, 2)): [514, 172, 91, 42, 16, 8, 3, 2, 0, 1]
(1, (0, 1, 1), (0, 0)): [577, 490, 396, 174, 94, 34, 17, 6, 3, 1]
(1, (0, 1, 1), (0, 1)): [214, 169, 148, 65, 31, 15, 4, 1, 2]
(1, (0, 1, 1), (0, 2)): [104, 48, 55, 25, 12, 6, 1]
(1, (0, 1, 1), (1, 0)): [305, 263, 186, 94, 52, 16, 11, 5, 1, 1]
(1, (0, 1, 1), (1, 1)): [181, 157, 141, 55, 32, 8, 2, 1, 2]
(1, (0, 1, 1), (1, 2)): [148, 81, 88, 42, 19, 5, 2, 1, 1]
(1, (0, 1, 1), (2, 0)): [177, 140, 90, 53, 34, 11, 9, 5, 0, 1]
(1, (0, 1, 1), (2, 1)): [104, 98, 81, 30, 19, 4, 1, 0, 1]
(1, (0, 1, 1), (2, 2)): [126, 88, 78, 35, 19, 5, 2, 0, 2]
(1, (0, 1, 1), (3, 0)): [130, 77, 48, 32, 26, 10, 6, 5, 0, 1]
(1, (0, 1, 1), (3, 1)): [44, 42, 25, 13, 7, 1]
(1, (0, 1, 1), (3, 2)): [76, 57, 45, 21, 12, 1, 1, 0, 1]
(1, (1, 0, 0), (0, 0)): [9640, 1628, 1191, 517, 215, 94, 34, 18, 1, 1, 1]
(1, (1, 0, 0), (0, 1)): [4423, 645, 510, 210, 89, 36, 12, 10, 0, 0, 1]
(1, (1, 0, 0), (0, 2)): [1694, 224, 184, 70, 32, 7, 6, 2, 0, 0, 1]
(1, (1, 0, 0), (1, 0)): [3852, 736, 519, 253, 93, 41, 15, 5, 1, 1]
(1, (1, 0, 0), (1, 1)): [3405, 582, 408, 188, 78, 27, 14, 8]
(1, (1, 0, 0), (1, 2)): [2255, 335, 250, 110, 37, 14, 8, 8, 0, 0, 1]
(1, (1, 0, 0), (2, 0)): [1264, 244, 183, 108, 24, 16, 4, 3, 1, 1]
(1, (1, 0, 0), (2, 1)): [1711, 304, 216, 120, 45, 19, 5, 1]
(1, (1, 0, 0), (2, 2)): [1703, 273, 199, 91, 34, 15, 4, 5]
(1, (1, 0, 0), (3, 0)): [341, 73, 57, 48, 11, 5, 2, 1]
(1, (1, 0, 0), (3, 1)): [682, 143, 102, 67, 24, 9, 6, 1]
(1, (1, 0, 0), (3, 2)): [871, 182, 109, 66, 21, 7, 4]
(1, (1, 0, 1), (0, 0)): [798, 803, 273, 205, 103, 51, 17, 10, 1, 1]
(1, (1, 0, 1), (0, 1)): [369, 293, 120, 72, 35, 13, 5, 1, 1]
(1, (1, 0, 1), (0, 2)): [162, 79, 39, 30, 13, 5, 1, 1]
(1, (1, 0, 1), (1, 0)): [332, 318, 99, 93, 46, 27, 9, 8, 0, 1]
(1, (1, 0, 1), (1, 1)): [283, 266, 85, 49, 37, 15, 5, 2, 1]
(1, (1, 0, 1), (1, 2)): [213, 130, 46, 40, 22, 9, 5, 2, 1]
(1, (1, 0, 1), (2, 0)): [124, 92, 36, 38, 20, 8, 5, 4, 0, 1]
(1, (1, 0, 1), (2, 1)): [139, 139, 43, 33, 25, 6, 0, 2]
(1, (1, 0, 1), (2, 2)): [151, 99, 36, 27, 10, 8, 4, 2, 1]
(1, (1, 0, 1), (3, 0)): [55, 31, 19, 16, 8, 6, 3, 1]
(1, (1, 0, 1), (3, 1)): [67, 55, 21, 12, 15, 4, 1]
(1, (1, 0, 1), (3, 2)): [82, 54, 26, 17, 15, 8, 1]
(1, (1, 1, 0), (0, 0)): [2862, 758, 528, 424, 185, 70, 21, 6, 2, 0, 1]
(1, (1, 1, 0), (0, 1)): [1326, 325, 230, 176, 82, 26, 7, 3]
(1, (1, 1, 0), (0, 2)): [528, 122, 85, 60, 29, 8, 4, 1]
(1, (1, 1, 0), (1, 0)): [1113, 326, 221, 184, 71, 31, 13, 2, 2, 0, 1]
(1, (1, 1, 0), (1, 1)): [1060, 271, 192, 148, 67, 25, 5, 2, 2]
(1, (1, 1, 0), (1, 2)): [793, 183, 115, 96, 42, 9, 4, 1, 1]
(1, (1, 1, 0), (2, 0)): [362, 128, 82, 63, 29, 18, 5, 0, 0, 0, 1]
(1, (1, 1, 0), (2, 1)): [498, 140, 121, 87, 36, 18, 6, 1, 0, 0, 1]
(1, (1, 1, 0), (2, 2)): [588, 121, 108, 84, 28, 10, 7, 1, 1]
(1, (1, 1, 0), (3, 0)): [97, 48, 26, 15, 14, 6, 1]
(1, (1, 1, 0), (3, 1)): [189, 82, 45, 35, 24, 16, 3]
(1, (1, 1, 0), (3, 2)): [269, 78, 63, 44, 16, 9, 4]
(1, (1, 1, 1), (0, 0)): [630, 440, 283, 177, 166, 66, 31, 11, 3, 2, 2]
(1, (1, 1, 1), (0, 1)): [341, 174, 122, 79, 73, 23, 15, 4, 3, 1, 1]
(1, (1, 1, 1), (0, 2)): [182, 77, 37, 25, 28, 8, 3, 2]
(1, (1, 1, 1), (1, 0)): [215, 190, 120, 63, 72, 25, 8, 5, 0, 1, 1]
(1, (1, 1, 1), (1, 1)): [217, 131, 103, 60, 58, 16, 12, 4, 2, 1, 1]
(1, (1, 1, 1), (1, 2)): [206, 88, 67, 40, 43, 11, 4, 4, 1]
(1, (1, 1, 1), (2, 0)): [46, 69, 49, 15, 27, 10, 3, 3, 0, 0, 1]
(1, (1, 1, 1), (2, 1)): [78, 79, 51, 28, 30, 8, 5, 1, 0, 1, 1]
(1, (1, 1, 1), (2, 2)): [125, 78, 61, 29, 25, 9, 4, 4]
(1, (1, 1, 1), (3, 0)): [5, 20, 13, 2, 11, 4, 2, 1]
(1, (1, 1, 1), (3, 1)): [19, 31, 22, 8, 14, 4, 0, 1, 0, 0, 1]
(1, (1, 1, 1), (3, 2)): [46, 47, 31, 14, 16, 6, 2, 2, 0, 0, 1]
(2, (0, 0, 0), (0, 0)): [24332, 1396, 454, 137, 43, 15, 9, 0, 1]
(2, (0, 0, 0), (0, 1)): [11559, 538, 168, 59, 20, 4, 4]
(2, (0, 0, 0), (0, 2)): [4560, 150, 51, 13, 5]
(2, (0, 0, 0), (1, 0)): [10049, 653, 243, 57, 19, 10, 5, 0, 1]
(2, (0, 0, 0), (1, 1)): [9845, 501, 170, 48, 27, 5, 6]
(2, (0, 0, 0), (1, 2)): [6715, 261, 84, 26, 8, 0, 2]
(2, (0, 0, 0), (2, 0)): [3458, 268, 116, 25, 7, 4, 2, 0, 1]
(2, (0, 0, 0), (2, 1)): [5419, 321, 136, 23, 11, 4, 5, 0, 1]
(2, (0, 0, 0), (2, 2)): [5747, 257, 99, 20, 6, 1, 2]
(2, (0, 0, 0), (3, 0)): [1043, 76, 55, 14, 6, 3]
(2, (0, 0, 0), (3, 1)): [2191, 160, 96, 25, 6, 3, 0, 0, 1]
(2, (0, 0, 0), (3, 2)): [3250, 167, 80, 18, 8, 3, 0, 0, 1]
(2, (0, 0, 1), (0, 0)): [2233, 549, 150, 46, 18, 7, 0, 0, 0, 1]
(2, (0, 0, 1), (0, 1)): [973, 212, 50, 12, 4, 4, 0, 0, 0, 1]
(2, (0, 0, 1), (0, 2)): [375, 60, 16, 6, 1, 1]
(2, (0, 0, 1), (1, 0)): [1077, 267, 80, 27, 12, 2]
(2, (0, 0, 1), (1, 1)): [941, 199, 54, 12, 4, 5, 0, 0, 0, 1]
(2, (0, 0, 1), (1, 2)): [618, 127, 26, 8, 2, 2]
(2, (0, 0, 1), (2, 0)): [469, 120, 44, 17, 10]
(2, (0, 0, 1), (2, 1)): [543, 115, 42, 14, 5, 2, 0, 0, 0, 1]
(2, (0, 0, 1), (2, 2)): [588, 114, 35, 7, 4, 2]
(2, (0, 0, 1), (3, 0)): [227, 50, 19, 6, 6]
(2, (0, 0, 1), (3, 1)): [243, 56, 17, 11, 4, 2]
(2, (0, 0, 1), (3, 2)): [371, 87, 19, 8, 2, 1]
(2, (0, 1, 0), (0, 0)): [6116, 1191, 377, 136, 53, 24, 9, 1]
(2, (0, 1, 0), (0, 1)): [2705, 443, 143, 43, 21, 9]
(2, (0, 1, 0), (0, 2)): [1064, 133, 41, 7, 5, 2]
(2, (0, 1, 0), (1, 0)): [2820, 598, 183, 80, 28, 12, 7, 1]
(2, (0, 1, 0), (1, 1)): [2454, 434, 134, 59, 23, 8, 2]
(2, (0, 1, 0), (1, 2)): [1717, 217, 67, 22, 10, 3, 1]
(2, (0, 1, 0), (2, 0)): [1234, 239, 84, 37, 15, 6, 5, 1]
(2, (0, 1, 0), (2, 1)): [1439, 273, 90, 44, 14, 3, 2]
(2, (0, 1, 0), (2, 2)): [1544, 210, 66, 32, 15, 4, 1]
(2, (0, 1, 0), (3, 0)): [629, 117, 43, 21, 9, 5, 3, 1]
(2, (0, 1, 0), (3, 1)): [663, 132, 47, 28, 7, 2, 2]
(2, (0, 1, 0), (3, 2)): [964, 142, 59, 32, 14, 5, 1]
(2, (0, 1, 1), (0, 0)): [1409, 115, 264, 88, 37, 15, 1, 2]
(2, (0, 1, 1), (0, 1)): [622, 36, 109, 29, 9, 3]
(2, (0, 1, 1), (0, 2)): [267, 14, 25, 4, 1, 2]
(2, (0, 1, 1), (1, 0)): [679, 71, 130, 46, 25, 12, 0, 2]
(2, (0, 1, 1), (1, 1)): [554, 37, 109, 30, 14, 4, 0, 1]
(2, (0, 1, 1), (1, 2)): [421, 19, 58, 12, 6, 2]
(2, (0, 1, 1), (2, 0)): [334, 44, 52, 27, 15, 7]
(2, (0, 1, 1), (2, 1)): [326, 16, 48, 16, 13, 6, 0, 1]
(2, (0, 1, 1), (2, 2)): [346, 24, 47, 14, 10, 3]
(2, (0, 1, 1), (3, 0)): [202, 33, 30, 20, 8, 4]
(2, (0, 1, 1), (3, 1)): [159, 8, 25, 8, 8, 5, 0, 1]
(2, (0, 1, 1), (3, 2)): [217, 19, 30, 11, 11, 5]
(2, (1, 0, 0), (0, 0)): [11501, 820, 641, 205, 78, 22, 12, 3, 2]
(2, (1, 0, 0), (0, 1)): [5181, 322, 257, 70, 25, 6, 4, 2, 2]
(2, (1, 0, 0), (0, 2)): [1959, 103, 74, 19, 8, 0, 1, 1, 1]
(2, (1, 0, 0), (1, 0)): [4801, 392, 267, 105, 43, 12, 8, 1]
(2, (1, 0, 0), (1, 1)): [4279, 283, 226, 68, 24, 10, 2, 2, 1]
(2, (1, 0, 0), (1, 2)): [2837, 158, 111, 30, 17, 5, 1, 1, 1]
(2, (1, 0, 0), (2, 0)): [1583, 148, 102, 48, 23, 4, 7]
(2, (1, 0, 0), (2, 1)): [2178, 157, 125, 49, 17, 4, 5, 1, 1]
(2, (1, 0, 0), (2, 2)): [2169, 128, 102, 32, 14, 3, 3, 0, 1]
(2, (1, 0, 0), (3, 0)): [454, 56, 30, 25, 7, 3, 1]
(2, (1, 0, 0), (3, 1)): [890, 88, 63, 38, 8, 1, 2, 1]
(2, (1, 0, 0), (3, 2)): [1157, 92, 72, 29, 9, 0, 2]
(2, (1, 0, 1), (0, 0)): [2121, 428, 159, 141, 58, 12, 9]
(2, (1, 0, 1), (0, 1)): [940, 201, 62, 47, 24, 6, 4]
(2, (1, 0, 1), (0, 2)): [381, 66, 12, 12, 9, 2]
(2, (1, 0, 1), (1, 0)): [947, 163, 75, 68, 29, 5, 3]
(2, (1, 0, 1), (1, 1)): [809, 147, 75, 39, 20, 4, 6]
(2, (1, 0, 1), (1, 2)): [583, 80, 28, 20, 11, 2, 3]
(2, (1, 0, 1), (2, 0)): [342, 53, 27, 34, 14, 2]
(2, (1, 0, 1), (2, 1)): [421, 81, 45, 23, 18, 3, 3]
(2, (1, 0, 1), (2, 2)): [445, 67, 30, 12, 10, 4, 4]
(2, (1, 0, 1), (3, 0)): [111, 10, 11, 15, 4]
(2, (1, 0, 1), (3, 1)): [197, 28, 20, 16, 7, 1, 1]
(2, (1, 0, 1), (3, 2)): [254, 34, 22, 9, 7, 2, 2]
(2, (1, 1, 0), (0, 0)): [4800, 655, 333, 258, 88, 26, 7, 3, 1, 1]
(2, (1, 1, 0), (0, 1)): [2313, 269, 131, 100, 36, 11, 4, 2]
(2, (1, 1, 0), (0, 2)): [951, 85, 46, 22, 8, 3, 0, 1]
(2, (1, 1, 0), (1, 0)): [1887, 276, 160, 126, 45, 14, 1, 0, 1, 1]
(2, (1, 1, 0), (1, 1)): [1833, 247, 113, 93, 27, 15, 4, 1]
(2, (1, 1, 0), (1, 2)): [1341, 134, 69, 37, 10, 5, 1, 1]
(2, (1, 1, 0), (2, 0)): [648, 86, 77, 53, 32, 4, 0, 0, 1, 1]
(2, (1, 1, 0), (2, 1)): [926, 112, 78, 68, 20, 10, 2, 1, 1]
(2, (1, 1, 0), (2, 2)): [1064, 103, 71, 31, 18, 5, 3, 0, 1]
(2, (1, 1, 0), (3, 0)): [219, 32, 38, 19, 19, 2, 0, 0, 0, 1]
(2, (1, 1, 0), (3, 1)): [396, 51, 46, 41, 18, 3, 0, 1]
(2, (1, 1, 0), (3, 2)): [569, 71, 65, 31, 18, 3, 2]
(2, (1, 1, 1), (0, 0)): [1486, 183, 237, 125, 102, 31, 15, 4, 0, 1]
(2, (1, 1, 1), (0, 1)): [760, 60, 105, 57, 39, 18, 7, 1]
(2, (1, 1, 1), (0, 2)): [317, 16, 22, 26, 11, 6, 3, 1]
(2, (1, 1, 1), (1, 0)): [562, 105, 97, 46, 45, 8, 7, 3, 0, 1]
(2, (1, 1, 1), (1, 1)): [604, 63, 94, 40, 42, 9, 6, 0, 0, 1]
(2, (1, 1, 1), (1, 2)): [453, 27, 42, 18, 22, 11, 2, 0, 0, 1]
(2, (1, 1, 1), (2, 0)): [152, 68, 32, 17, 13, 2, 3, 3]
(2, (1, 1, 1), (2, 1)): [256, 55, 49, 36, 22, 5, 3]
(2, (1, 1, 1), (2, 2)): [320, 37, 42, 25, 21, 8, 3, 0, 0, 1]
(2, (1, 1, 1), (3, 0)): [28, 42, 9, 1, 3, 0, 2, 3]
(2, (1, 1, 1), (3, 1)): [76, 49, 14, 13, 8, 2, 2, 1]
(2, (1, 1, 1), (3, 2)): [127, 50, 22, 18, 8, 7, 2, 0, 0, 1]
