(0, (0, 0, 0), (0, 0)): [32817, 6939, 3269, 1572, 700, 346, 141, 47, 24, 6, 6, 4]
(0, (0, 0, 0), (0, 1)): [16641, 3289, 1520, 722, 316, 152, 72, 19, 17, 5, 1, 2]
(0, (0, 0, 0), (0, 2)): [6483, 1131, 523, 235, 93, 39, 22, 5, 5, 2]
(0, (0, 0, 0), (1, 0)): [12618, 2817, 1381, 676, 290, 144, 50, 23, 4, 1, 4, 1]
(0, (0, 0, 0), (1, 1)): [13358, 2720, 1296, 617, 276, 134, 48, 15, 9, 3, 3, 3]
(0, (0, 0, 0), (1, 2)): [9477, 1705, 827, 346, 153, 66, 41, 11, 8, 1, 1]
(0, (0, 0, 0), (2, 0)): [3907, 989, 504, 243, 114, 63, 18, 12, 3, 1, 1]
(0, (0, 0, 0), (2, 1)): [6575, 1500, 731, 366, 160, 80, 18, 11, 7, 2, 0, 3]
(0, (0, 0, 0), (2, 2)): [7366, 1468, 693, 329, 147, 64, 31, 9, 5, 1, 1]
(0, (0, 0, 0), (3, 0)): [1119, 260, 185, 97, 43, 27, 9, 7, 0, 1, 1]
(0, (0, 0, 0), (3, 1)): [2463, 632, 369, 182, 84, 43, 11, 10, 3, 1, 1, 2]
(0, (0, 0, 0), (3, 2)): [3741, 857, 499, 228, 115, 55, 21, 11, 4, 1]
(0, (0, 0, 1), (0, 0)): [94, 310, 76, 57, 18, 8, 6, 0, 1, 0, 2]
(0, (0, 0, 1), (0, 1)): [35, 134, 34, 24, 5, 3, 1]
(0, (0, 0, 1), (0, 2)): [16, 41, 11, 11, 1, 2]
(0, (0, 0, 1), (1, 0)): [50, 140, 32, 22, 12, 4, 2, 0, 1, 0, 1]
(0, (0, 0, 1), (1, 1)): [39, 141, 28, 19, 6, 3, 2, 0, 1]
(0, (0, 0, 1), (1, 2)): [27, 89, 19, 12, 3, 2, 1, 0, 1]
(0, (0, 0, 1), (2, 0)): [22, 39, 10, 11, 4, 1, 0, 0, 0, 0, 1]
(0, (0, 0, 1), (2, 1)): [25, 71, 15, 13, 5, 1, 1]
(0, (0, 0, 1), (2, 2)): [32, 73, 18, 8, 4, 3, 2]
(0, (0, 0, 1), (3, 0)): [12, 10, 6, 2, 1, 1, 0, 0, 0, 0, 1]
(0, (0, 0, 1), (3, 1)): [8, 22, 8, 10]
(0, (0, 0, 1), (3, 2)): [14, 39, 12, 8, 2, 1, 2]
(0, (0, 1, 0), (0, 0)): [1380, 1304, 553, 303, 138, 73, 22, 4, 5, 1]
(0, (0, 1, 0), (0, 1)): [646, 507, 238, 110, 59, 33, 9, 3, 3, 1]
(0, (0, 1, 0), (0, 2)): [274, 181, 79, 36, 23, 12, 2, 1, 0, 1]
(0, (0, 1, 0), (1, 0)): [556, 587, 231, 142, 52, 34, 9, 1, 1]
(0, (0, 1, 0), (1, 1)): [536, 448, 206, 106, 49, 29, 10, 1, 2]
(0, (0, 1, 0), (1, 2)): [397, 269, 126, 61, 33, 16, 6, 1]
(0, (0, 1, 0), (2, 0)): [196, 199, 90, 59, 19, 12, 4, 1, 1]
(0, (0, 1, 0), (2, 1)): [274, 242, 128, 68, 27, 20, 7, 1, 2]
(0, (0, 1, 0), (2, 2)): [295, 216, 122, 58, 26, 16, 4, 1]
(0, (0, 1, 0), (3, 0)): [80, 49, 33, 22, 7, 6, 1, 1]
(0, (0, 1, 0), (3, 1)): [126, 110, 48, 39, 10, 8, 3, 2, 1]
(0, (0, 1, 0), (3, 2)): [174, 134, 73, 46, 20, 15, 3, 2]
(0, (0, 1, 1), (0, 0)): [86, 200, 234, 117, 62, 34, 9, 8, 4, 0, 2]
(0, (0, 1, 1), (0, 1)): [33, 93, 104, 47, 21, 8, 5, 3, 1]
(0, (0, 1, 1), (0, 2)): [17, 34, 30, 14, 5, 2, 3, 1]
(0, (0, 1, 1), (1, 0)): [41, 87, 95, 61, 33, 23, 4, 4, 3, 0, 1]
(0, (0, 1, 1), (1, 1)): [25, 67, 89, 45, 22, 11, 4, 3]
(0, (0, 1, 1), (1, 2)): [20, 40, 46, 20, 13, 3, 4, 1]
(0, (0, 1, 1), (2, 0)): [25, 32, 30, 23, 15, 12, 2, 2, 3, 0, 1]
(0, (0, 1, 1), (2, 1)): [19, 36, 41, 23, 11, 13, 3, 3, 0, 0, 1]
(0, (0, 1, 1), (2, 2)): [15, 38, 42, 20, 13, 6, 1, 2]
(0, (0, 1, 1), (3, 0)): [15, 16, 14, 13, 4, 2, 0, 0, 2]
(0, (0, 1, 1), (3, 1)): [8, 15, 17, 10, 3, 6, 3, 2, 1]
(0, (0, 1, 1), (3, 2)): [3, 19, 23, 13, 3, 4, 2, 3]
(0, (1, 0, 0), (0, 0)): [6564, 2032, 1485, 764, 383, 202, 68, 30, 17, 5, 4, 3]
(0, (1, 0, 0), (0, 1)): [3132, 881, 633, 319, 157, 77, 26, 13, 6, 0, 3, 1]
(0, (1, 0, 0), (0, 2)): [1216, 290, 209, 96, 57, 31, 9, 5, 0, 0, 1]
(0, (1, 0, 0), (1, 0)): [2417, 850, 623, 331, 168, 94, 32, 11, 8, 4, 1, 2]
(0, (1, 0, 0), (1, 1)): [2279, 685, 543, 265, 129, 69, 21, 10, 9, 1, 2, 3]
(0, (1, 0, 0), (1, 2)): [1603, 402, 284, 151, 70, 44, 16, 5, 4, 0, 0, 1]
(0, (1, 0, 0), (2, 0)): [751, 295, 222, 127, 65, 32, 10, 2, 3, 3, 1]
(0, (1, 0, 0), (2, 1)): [1042, 367, 270, 152, 82, 44, 13, 7, 6, 2, 3, 1]
(0, (1, 0, 0), (2, 2)): [1116, 313, 243, 126, 71, 32, 12, 4, 4, 1, 1, 1]
(0, (1, 0, 0), (3, 0)): [206, 90, 74, 43, 28, 13, 3, 1, 0, 2]
(0, (1, 0, 0), (3, 1)): [419, 152, 125, 72, 34, 19, 9, 3, 2, 1, 1]
(0, (1, 0, 0), (3, 2)): [533, 188, 142, 70, 45, 29, 12, 4, 3, 1, 0, 1]
(0, (1, 0, 1), (0, 0)): [154, 455, 173, 159, 84, 35, 14, 4, 3, 3, 3]
(0, (1, 0, 1), (0, 1)): [66, 197, 83, 57, 36, 17, 5, 2, 1, 2, 2]
(0, (1, 0, 1), (0, 2)): [35, 69, 26, 19, 9, 4, 1, 0, 0, 0, 1]
(0, (1, 0, 1), (1, 0)): [69, 188, 67, 72, 34, 12, 6, 2, 2, 1, 1]
(0, (1, 0, 1), (1, 1)): [48, 161, 75, 55, 35, 10, 1, 1, 1, 1]
(0, (1, 0, 1), (1, 2)): [38, 99, 42, 30, 12, 7, 1]
(0, (1, 0, 1), (2, 0)): [27, 54, 15, 29, 12, 6, 3, 1, 1, 1]
(0, (1, 0, 1), (2, 1)): [26, 78, 39, 32, 20, 6, 1, 2, 0, 1]
(0, (1, 0, 1), (2, 2)): [26, 87, 37, 29, 16, 2]
(0, (1, 0, 1), (3, 0)): [10, 16, 2, 8, 4, 4, 2, 0, 1]
(0, (1, 0, 1), (3, 1)): [16, 30, 11, 15, 8, 3, 2, 1, 0, 1]
(0, (1, 0, 1), (3, 2)): [17, 45, 22, 15, 8, 0, 0, 1]
(0, (1, 1, 0), (0, 0)): [1092, 598, 457, 338, 189, 101, 43, 16, 11, 3, 2, 1]
(0, (1, 1, 0), (0, 1)): [518, 244, 206, 142, 76, 37, 20, 6, 6, 2, 1, 1]
(0, (1, 1, 0), (0, 2)): [223, 86, 77, 46, 31, 15, 10, 2, 2, 2]
(0, (1, 1, 0), (1, 0)): [397, 242, 168, 140, 76, 43, 18, 6, 5, 1, 1]
(0, (1, 1, 0), (1, 1)): [382, 200, 143, 114, 56, 31, 15, 8, 1, 1, 2]
(0, (1, 1, 0), (1, 2)): [293, 107, 81, 74, 41, 24, 10, 5, 2, 1]
(0, (1, 1, 0), (2, 0)): [104, 85, 59, 34, 27, 18, 7, 0, 4]
(0, (1, 1, 0), (2, 1)): [161, 113, 67, 50, 24, 23, 8, 2, 3, 0, 1]
(0, (1, 1, 0), (2, 2)): [196, 88, 75, 53, 30, 18, 9, 3, 1, 0, 1]
(0, (1, 1, 0), (3, 0)): [27, 28, 20, 11, 17, 6, 1, 0, 1]
(0, (1, 1, 0), (3, 1)): [65, 56, 29, 22, 21, 18, 5, 2]
(0, (1, 1, 0), (3, 2)): [79, 60, 44, 28, 24, 25, 6, 1, 1, 0, 1]
(0, (1, 1, 1), (0, 0)): [122, 223, 159, 106, 96, 59, 35, 13, 6, 3, 1]
(0, (1, 1, 1), (0, 1)): [58, 109, 77, 36, 43, 27, 14, 6, 3, 2, 1]
(0, (1, 1, 1), (0, 2)): [34, 44, 34, 12, 17, 5, 3, 1, 0, 0, 1]
(0, (1, 1, 1), (1, 0)): [43, 78, 57, 47, 38, 23, 14, 5, 3, 1]
(0, (1, 1, 1), (1, 1)): [35, 70, 49, 29, 33, 22, 10, 4, 3, 1]
(0, (1, 1, 1), (1, 2)): [35, 54, 41, 13, 26, 11, 6, 3, 0, 1]
(0, (1, 1, 1), (2, 0)): [15, 25, 18, 18, 13, 10, 4, 1, 2, 1]
(0, (1, 1, 1), (2, 1)): [18, 36, 30, 21, 15, 15, 6, 2, 3, 1]
(0, (1, 1, 1), (2, 2)): [31, 42, 30, 14, 16, 12, 7, 4, 1, 2]
(0, (1, 1, 1), (3, 0)): [2, 4, 5, 8, 5, 2, 2, 0, 1]
(0, (1, 1, 1), (3, 1)): [4, 13, 8, 12, 12, 5, 3, 0, 1]
(0, (1, 1, 1), (3, 2)): [9, 14, 18, 10, 7, 10, 5, 3]
(1, (0, 0, 0), (0, 0)): [27114, 3186, 1308, 560, 210, 86, 45, 10, 2]
(1, (0, 0, 0), (0, 1)): [13485, 1419, 591, 240, 88, 41, 19, 4, 1]
(1, (0, 0, 0), (0, 2)): [5349, 481, 202, 67, 32, 18, 2, 1]
(1, (0, 0, 0), (1, 0)): [10834, 1400, 576, 261, 95, 39, 18, 4]
(1, (0, 0, 0), (1, 1)): [11112, 1297, 496, 228, 72, 33, 23, 3]
(1, (0, 0, 0), (1, 2)): [7859, 783, 320, 133, 45, 13, 12, 3]
(1, (0, 0, 0), (2, 0)): [3552, 494, 234, 117, 40, 17, 5, 2]
(1, (0, 0, 0), (2, 1)): [5619, 735, 308, 135, 54, 24, 9, 2]
(1, (0, 0, 0), (2, 2)): [6348, 693, 274, 133, 51, 14, 9, 3]
(1, (0, 0, 0), (3, 0)): [1035, 153, 88, 52, 12, 6, 2]
(1, (0, 0, 0), (3, 1)): [2271, 319, 165, 88, 24, 18, 4, 1]
(1, (0, 0, 0), (3, 2)): [3481, 452, 216, 99, 39, 15, 6, 2]
(1, (0, 0, 1), (0, 0)): [727, 1013, 190, 121, 42, 14, 8, 0, 3]
(1, (0, 0, 1), (0, 1)): [333, 397, 68, 38, 14, 6, 2, 0, 1]
(1, (0, 0, 1), (0, 2)): [130, 122, 28, 11, 5, 3, 0, 0, 1]
(1, (0, 0, 1), (1, 0)): [327, 466, 91, 65, 24, 4, 5, 0, 2]
(1, (0, 0, 1), (1, 1)): [301, 359, 57, 53, 10, 4, 4]
(1, (0, 0, 1), (1, 2)): [248, 197, 33, 26, 9, 4, 1]
(1, (0, 0, 1), (2, 0)): [131, 193, 43, 32, 16, 0, 2, 0, 1]
(1, (0, 0, 1), (2, 1)): [147, 197, 43, 36, 6, 1, 3]
(1, (0, 0, 1), (2, 2)): [197, 178, 38, 30, 6, 3, 1]
(1, (0, 0, 1), (3, 0)): [67, 86, 17, 17, 10, 0, 1, 0, 1]
(1, (0, 0, 1), (3, 1)): [54, 77, 24, 17, 9, 1, 2]
(1, (0, 0, 1), (3, 2)): [109, 97, 25, 22, 3, 3, 2]
(1, (0, 1, 0), (0, 0)): [3621, 1483, 648, 308, 94, 50, 20, 7, 1, 1]
(1, (0, 1, 0), (0, 1)): [1592, 627, 244, 113, 41, 20, 9, 4, 0, 1]
(1, (0, 1, 0), (0, 2)): [618, 207, 85, 39, 13, 6, 2, 1]
(1, (0, 1, 0), (1, 0)): [1702, 694, 327, 164, 44, 29, 9, 3, 1]
(1, (0, 1, 0), (1, 1)): [1431, 572, 246, 111, 31, 21, 9, 4, 1]
(1, (0, 1, 0), (1, 2)): [944, 326, 142, 59, 24, 12, 3, 2]
(1, (0, 1, 0), (2, 0)): [717, 263, 134, 74, 24, 15, 3, 1]
(1, (0, 1, 0), (2, 1)): [843, 328, 134, 75, 20, 16, 5, 2, 1]
(1, (0, 1, 0), (2, 2)): [849, 275, 119, 59, 19, 14, 4, 1]
(1, (0, 1, 0), (3, 0)): [316, 95, 62, 37, 13, 8, 1, 1]
(1, (0, 1, 0), (3, 1)): [364, 140, 85, 43, 14, 8, 2, 1, 1]
(1, (0, 1, 0), (3, 2)): [510, 176, 96, 45, 18, 9, 1, 1]
(1, (0, 1, 1), (0, 0)): [507, 440, 407, 175, 80, 26, 13, 6, 2, 0, 1]
(1, (0, 1, 1), (0, 1)): [216, 162, 154, 69, 21, 7, 2, 1, 1]
(1, (0, 1, 1), (0, 2)): [94, 41, 52, 22, 6, 4, 0, 1]
(1, (0, 1, 1), (1, 0)): [264, 223, 197, 82, 53, 17, 9, 5, 1]
(1, (0, 1, 1), (1, 1)): [196, 144, 130, 55, 25, 8, 6, 2, 1]
(1, (0, 1, 1), (1, 2)): [139, 80, 79, 32, 14, 4, 0, 1]
(1, (0, 1, 1), (2, 0)): [138, 117, 94, 48, 34, 8, 3, 3, 1]
(1, (0, 1, 1), (2, 1)): [106, 78, 68, 29, 15, 5, 4]
(1, (0, 1, 1), (2, 2)): [118, 64, 66, 28, 16, 3, 4, 1]
(1, (0, 1, 1), (3, 0)): [96, 75, 58, 35, 28, 7, 3, 3, 1]
(1, (0, 1, 1), (3, 1)): [42, 25, 38, 18, 6, 4]
(1, (0, 1, 1), (3, 2)): [61, 31, 45, 21, 15, 4, 2, 1]
(1, (1, 0, 0), (0, 0)): [9788, 1629, 1177, 531, 229, 92, 32, 15, 3, 1, 0, 2]
(1, (1, 0, 0), (0, 1)): [4435, 703, 463, 212, 87, 31, 10, 4]
(1, (1, 0, 0), (0, 2)): [1691, 265, 140, 78, 21, 10, 4, 3]
(1, (1, 0, 0), (1, 0)): [4005, 733, 533, 250, 105, 45, 20, 8, 2, 1, 0, 2]
(1, (1, 0, 0), (1, 1)): [3577, 559, 427, 175, 89, 27, 13, 6, 0, 0, 0, 1]
(1, (1, 0, 0), (1, 2)): [2398, 345, 228, 94, 40, 16, 5, 2]
(1, (1, 0, 0), (2, 0)): [1327, 278, 191, 99, 42, 22, 6, 3, 1]
(1, (1, 0, 0), (2, 1)): [1745, 325, 236, 105, 47, 15, 6, 4, 0, 0, 0, 1]
(1, (1, 0, 0), (2, 2)): [1844, 271, 206, 90, 32, 15, 5, 3]
(1, (1, 0, 0), (3, 0)): [395, 91, 66, 40, 19, 9, 5, 2, 1]
(1, (1, 0, 0), (3, 1)): [712, 147, 110, 64, 30, 12, 4, 2, 1]
(1, (1, 0, 0), (3, 2)): [907, 170, 124, 63, 30, 11, 7, 2]
(1, (1, 0, 1), (0, 0)): [842, 845, 277, 226, 90, 39, 16, 5, 2, 3, 1]
(1, (1, 0, 1), (0, 1)): [395, 354, 110, 89, 43, 14, 7, 2, 1, 2]
(1, (1, 0, 1), (0, 2)): [193, 139, 39, 33, 12, 6, 3, 2, 1, 1]
(1, (1, 0, 1), (1, 0)): [330, 342, 131, 94, 34, 18, 6, 1, 1, 1]
(1, (1, 0, 1), (1, 1)): [274, 247, 111, 72, 24, 10, 6, 0, 1]
(1, (1, 0, 1), (1, 2)): [224, 158, 70, 40, 15, 6, 3, 2, 0, 1]
(1, (1, 0, 1), (2, 0)): [115, 115, 38, 35, 18, 8, 0, 0, 0, 1]
(1, (1, 0, 1), (2, 1)): [151, 144, 53, 45, 18, 9, 5, 0, 1, 1]
(1, (1, 0, 1), (2, 2)): [153, 99, 51, 39, 16, 6, 4, 1, 1, 1]
(1, (1, 0, 1), (3, 0)): [36, 19, 16, 11, 6, 2]
(1, (1, 0, 1), (3, 1)): [56, 51, 25, 20, 7, 3, 2]
(1, (1, 0, 1), (3, 2)): [75, 56, 30, 26, 10, 2, 3]
(1, (1, 1, 0), (0, 0)): [3123, 824, 545, 451, 207, 86, 26, 18, 7, 0, 0, 2]
(1, (1, 1, 0), (0, 1)): [1495, 373, 214, 199, 92, 40, 9, 8, 5, 0, 0, 1]
(1, (1, 1, 0), (0, 2)): [627, 127, 72, 70, 31, 14, 1, 3, 2]
(1, (1, 1, 0), (1, 0)): [1187, 354, 255, 199, 89, 26, 15, 10, 1, 0, 0, 1]
(1, (1, 1, 0), (1, 1)): [1136, 319, 190, 170, 77, 25, 12, 9, 2, 0, 0, 1]
(1, (1, 1, 0), (1, 2)): [809, 193, 111, 88, 48, 17, 2, 4, 3]
(1, (1, 1, 0), (2, 0)): [359, 136, 95, 79, 32, 13, 7, 3, 0, 0, 0, 1]
(1, (1, 1, 0), (2, 1)): [531, 172, 106, 125, 49, 15, 8, 3, 1, 0, 0, 1]
(1, (1, 1, 0), (2, 2)): [593, 162, 93, 86, 54, 11, 4, 2, 3]
(1, (1, 1, 0), (3, 0)): [96, 49, 30, 21, 13, 4, 4, 2, 0, 0, 0, 1]
(1, (1, 1, 0), (3, 1)): [177, 96, 49, 52, 23, 11, 5, 3, 0, 0, 0, 1]
(1, (1, 1, 0), (3, 2)): [285, 118, 60, 59, 37, 8, 3, 2, 3]
(1, (1, 1, 1), (0, 0)): [615, 511, 323, 220, 172, 53, 29, 14, 5, 0, 1, 1]
(1, (1, 1, 1), (0, 1)): [315, 222, 148, 105, 76, 21, 12, 6, 3]
(1, (1, 1, 1), (0, 2)): [157, 82, 60, 35, 25, 6, 5, 1, 1]
(1, (1, 1, 1), (1, 0)): [214, 205, 132, 82, 70, 24, 13, 7, 2, 0, 1, 1]
(1, (1, 1, 1), (1, 1)): [226, 179, 110, 78, 53, 18, 10, 4, 1, 0, 1]
(1, (1, 1, 1), (1, 2)): [187, 93, 73, 53, 40, 16, 3, 0, 1]
(1, (1, 1, 1), (2, 0)): [62, 59, 49, 27, 29, 9, 4, 2, 0, 0, 0, 1]
(1, (1, 1, 1), (2, 1)): [105, 97, 61, 41, 32, 6, 7, 4, 0, 0, 1]
(1, (1, 1, 1), (2, 2)): [125, 82, 61, 48, 36, 15, 5, 2, 1]
(1, (1, 1, 1), (3, 0)): [10, 17, 22, 8, 6, 5, 1, 1, 0, 0, 0, 1]
(1, (1, 1, 1), (3, 1)): [38, 48, 24, 17, 9, 4, 2, 1, 0, 0, 1, 1]
(1, (1, 1, 1), (3, 2)): [50, 57, 33, 27, 25, 11, 4, 1]
(2, (0, 0, 0), (0, 0)): [23781, 1215, 402, 136, 42, 15, 8, 2]
(2, (0, 0, 0), (0, 1)): [11676, 499, 167, 52, 12, 8, 3]
(2, (0, 0, 0), (0, 2)): [4604, 137, 51, 10, 4, 1, 1]
(2, (0, 0, 0), (1, 0)): [9737, 555, 202, 73, 21, 6, 4]
(2, (0, 0, 0), (1, 1)): [9846, 459, 161, 63, 16, 9, 3]
(2, (0, 0, 0), (1, 2)): [6809, 230, 87, 28, 7, 3, 1]
(2, (0, 0, 0), (2, 0)): [3275, 220, 101, 31, 9, 2, 3]
(2, (0, 0, 0), (2, 1)): [5234, 295, 105, 42, 12, 7, 1]
(2, (0, 0, 0), (2, 2)): [5627, 219, 90, 29, 5, 2, 2]
(2, (0, 0, 0), (3, 0)): [1013, 72, 47, 13, 5, 0, 2]
(2, (0, 0, 0), (3, 1)): [2178, 156, 64, 28, 6, 6, 2]
(2, (0, 0, 0), (3, 2)): [3292, 174, 78, 21, 3, 2, 3]
(2, (0, 0, 1), (0, 0)): [2249, 593, 144, 56, 28, 9, 3]
(2, (0, 0, 1), (0, 1)): [1005, 216, 50, 18, 8, 2]
(2, (0, 0, 1), (0, 2)): [396, 72, 19, 7, 2, 1]
(2, (0, 0, 1), (1, 0)): [1070, 308, 74, 35, 19, 6, 3]
(2, (0, 0, 1), (1, 1)): [897, 234, 46, 24, 11, 4, 1]
(2, (0, 0, 1), (1, 2)): [594, 125, 22, 15, 7, 2, 1]
(2, (0, 0, 1), (2, 0)): [474, 113, 30, 19, 13, 3, 2]
(2, (0, 0, 1), (2, 1)): [570, 141, 31, 13, 5, 2]
(2, (0, 0, 1), (2, 2)): [559, 121, 29, 14, 8, 3, 1]
(2, (0, 0, 1), (3, 0)): [225, 38, 13, 14, 9, 3, 2]
(2, (0, 0, 1), (3, 1)): [279, 67, 13, 13, 7, 1, 1]
(2, (0, 0, 1), (3, 2)): [378, 85, 22, 12, 10, 3, 1]
(2, (0, 1, 0), (0, 0)): [5884, 1151, 386, 142, 48, 19, 7, 2]
(2, (0, 1, 0), (0, 1)): [2603, 460, 139, 46, 16, 5, 2, 1]
(2, (0, 1, 0), (0, 2)): [1015, 134, 38, 21, 4, 1]
(2, (0, 1, 0), (1, 0)): [2811, 539, 203, 83, 29, 12, 5, 1]
(2, (0, 1, 0), (1, 1)): [2398, 416, 148, 44, 17, 5, 3, 1]
(2, (0, 1, 0), (1, 2)): [1701, 235, 71, 28, 9, 3, 3, 1]
(2, (0, 1, 0), (2, 0)): [1245, 228, 85, 47, 16, 7, 2, 1]
(2, (0, 1, 0), (2, 1)): [1392, 263, 95, 28, 11, 3]
(2, (0, 1, 0), (2, 2)): [1515, 223, 83, 30, 10, 2, 3]
(2, (0, 1, 0), (3, 0)): [629, 88, 41, 32, 11, 5, 2, 1]
(2, (0, 1, 0), (3, 1)): [649, 110, 46, 21, 8, 2]
(2, (0, 1, 0), (3, 2)): [949, 147, 58, 29, 7, 2, 3]
(2, (0, 1, 1), (0, 0)): [1415, 107, 289, 107, 43, 10, 4]
(2, (0, 1, 1), (0, 1)): [635, 43, 111, 37, 13, 1, 2]
(2, (0, 1, 1), (0, 2)): [300, 12, 43, 9, 5, 1, 2]
(2, (0, 1, 1), (1, 0)): [680, 55, 140, 56, 28, 9, 1]
(2, (0, 1, 1), (1, 1)): [522, 31, 100, 44, 17, 2]
(2, (0, 1, 1), (1, 2)): [416, 16, 63, 21, 9, 2, 2]
(2, (0, 1, 1), (2, 0)): [325, 31, 72, 23, 18, 6, 1]
(2, (0, 1, 1), (2, 1)): [318, 23, 59, 30, 15, 1, 1]
(2, (0, 1, 1), (2, 2)): [379, 14, 49, 26, 10, 2]
(2, (0, 1, 1), (3, 0)): [184, 17, 38, 12, 13, 4]
(2, (0, 1, 1), (3, 1)): [141, 15, 30, 13, 9, 0, 1]
(2, (0, 1, 1), (3, 2)): [241, 15, 32, 16, 10, 1]
(2, (1, 0, 0), (0, 0)): [11669, 835, 613, 208, 74, 24, 13, 4, 0, 1]
(2, (1, 0, 0), (0, 1)): [5480, 321, 221, 81, 29, 6, 4, 2, 0, 1]
(2, (1, 0, 0), (0, 2)): [2115, 96, 57, 27, 8, 2, 0, 1]
(2, (1, 0, 0), (1, 0)): [4718, 413, 296, 95, 37, 15, 8, 1]
(2, (1, 0, 0), (1, 1)): [4320, 314, 221, 69, 32, 7, 6, 1, 0, 1]
(2, (1, 0, 0), (1, 2)): [2935, 152, 97, 37, 13, 5, 2, 1]
(2, (1, 0, 0), (2, 0)): [1570, 162, 106, 35, 18, 8, 1]
(2, (1, 0, 0), (2, 1)): [2190, 179, 126, 47, 20, 1, 2]
(2, (1, 0, 0), (2, 2)): [2244, 144, 103, 36, 9, 3, 2, 1]
(2, (1, 0, 0), (3, 0)): [441, 64, 33, 11, 7, 4, 1]
(2, (1, 0, 0), (3, 1)): [868, 97, 71, 26, 13, 1]
(2, (1, 0, 0), (3, 2)): [1168, 107, 70, 36, 7, 3, 1, 1]
(2, (1, 0, 1), (0, 0)): [2257, 451, 211, 129, 53, 16, 6, 1, 0, 1]
(2, (1, 0, 1), (0, 1)): [1069, 175, 88, 57, 17, 7, 5]
(2, (1, 0, 1), (0, 2)): [457, 54, 24, 9, 4, 2, 1]
(2, (1, 0, 1), (1, 0)): [934, 202, 106, 58, 31, 6, 1, 1, 0, 1]
(2, (1, 0, 1), (1, 1)): [853, 145, 91, 48, 25, 4, 4, 1, 0, 1]
(2, (1, 0, 1), (1, 2)): [612, 74, 46, 20, 11, 4, 2]
(2, (1, 0, 1), (2, 0)): [325, 74, 39, 23, 9, 5]
(2, (1, 0, 1), (2, 1)): [465, 88, 55, 25, 16, 1, 3]
(2, (1, 0, 1), (2, 2)): [506, 67, 38, 21, 7, 4, 1]
(2, (1, 0, 1), (3, 0)): [107, 23, 12, 8, 6, 4]
(2, (1, 0, 1), (3, 1)): [195, 42, 30, 13, 14, 2, 3]
(2, (1, 0, 1), (3, 2)): [305, 39, 30, 18, 11, 3, 2]
(2, (1, 1, 0), (0, 0)): [4952, 711, 347, 310, 95, 32, 13, 4, 1]
(2, (1, 1, 0), (0, 1)): [2382, 307, 140, 132, 37, 9, 6, 1]
(2, (1, 1, 0), (0, 2)): [1014, 84, 39, 35, 12, 3, 2, 1]
(2, (1, 1, 0), (1, 0)): [2012, 303, 161, 138, 49, 18, 7, 3, 1]
(2, (1, 1, 0), (1, 1)): [1887, 285, 135, 117, 33, 9, 6, 2]
(2, (1, 1, 0), (1, 2)): [1394, 136, 74, 55, 21, 4, 0, 1]
(2, (1, 1, 0), (2, 0)): [700, 91, 63, 57, 24, 9, 2, 1, 1]
(2, (1, 1, 0), (2, 1)): [1007, 161, 87, 80, 26, 7, 7, 1]
(2, (1, 1, 0), (2, 2)): [1089, 125, 74, 58, 23, 2, 1, 1]
(2, (1, 1, 0), (3, 0)): [205, 28, 21, 20, 9, 5, 0, 1, 1]
(2, (1, 1, 0), (3, 1)): [419, 60, 49, 41, 14, 5, 2, 2]
(2, (1, 1, 0), (3, 2)): [605, 88, 74, 43, 23, 1, 1, 1]
(2, (1, 1, 1), (0, 0)): [1582, 211, 276, 147, 109, 28, 10, 2, 1]
(2, (1, 1, 1), (0, 1)): [807, 85, 121, 51, 42, 8, 5, 0, 1]
(2, (1, 1, 1), (0, 2)): [337, 30, 37, 15, 13, 3, 1]
(2, (1, 1, 1), (1, 0)): [605, 113, 119, 74, 57, 13, 4, 2]
(2, (1, 1, 1), (1, 1)): [633, 78, 91, 56, 35, 14, 1]
(2, (1, 1, 1), (1, 2)): [487, 45, 54, 28, 19, 8, 1]
(2, (1, 1, 1), (2, 0)): [184, 69, 47, 36, 25, 3, 2, 2]
(2, (1, 1, 1), (2, 1)): [303, 70, 58, 39, 31, 11, 1]
(2, (1, 1, 1), (2, 2)): [347, 51, 46, 28, 19, 10, 1]
(2, (1, 1, 1), (3, 0)): [27, 36, 17, 16, 7, 1, 2, 1]
(2, (1, 1, 1), (3, 1)): [85, 54, 30, 20, 21, 5, 2]
(2, (1, 1, 1), (3, 2)): [168, 65, 34, 25, 17, 7, 1]
