(0, (0, 0, 0)): [2206884, 452035, 208114, 95175, 42698, 18273, 7644, 3046, 1258, 544, 237, 115, 40, 22, 6, 1, 1, 1]
(0, (0, 0, 1)): [7837, 24543, 6713, 3285, 1583, 688, 301, 119, 52, 30, 18, 4, 4, 3]
(0, (0, 1, 0)): [82127, 76961, 30405, 15055, 7131, 3107, 1349, 552, 238, 119, 41, 17, 7, 6, 3, 0, 1]
(0, (0, 1, 1)): [6444, 11434, 13523, 6284, 3320, 1617, 688, 293, 145, 64, 20, 13, 3, 4, 2, 0, 1, 1]
(0, (1, 0, 0)): [460100, 151875, 99386, 49446, 23685, 10610, 4465, 1874, 797, 349, 163, 67, 25, 17, 4, 1, 1, 1]
(0, (1, 0, 1)): [10752, 33091, 13374, 9626, 5044, 2351, 1113, 450, 226, 96, 49, 19, 9, 3, 2, 0, 0, 1]
(0, (1, 1, 0)): [66073, 41564, 30605, 22399, 11904, 5614, 2411, 1095, 467, 207, 95, 39, 12, 6, 1, 0, 1]
(0, (1, 1, 1)): [6258, 12431, 9939, 7146, 5906, 2970, 1366, 640, 314, 127, 62, 23, 6, 4, 1, 0, 1]
(1, (0, 0, 0)): [1805640, 202451, 82837, 32921, 12943, 4901, 1918, 669, 242, 98, 35, 23, 8, 3, 0, 1]
(1, (0, 0, 1)): [48073, 68895, 13814, 6066, 2459, 1017, 393, 137, 70, 23, 13, 8, 4, 2]
(1, (0, 1, 0)): [242843, 104719, 38957, 16993, 6899, 2733, 966, 422, 126, 63, 32, 10, 10, 2, 1]
(1, (0, 1, 1)): [37551, 31814, 27241, 11135, 5786, 2284, 931, 365, 159, 53, 16, 9, 3, 2, 0, 1]
(1, (1, 0, 0)): [670030, 117551, 78248, 33352, 13652, 5392, 2149, 766, 301, 129, 48, 32, 7, 3, 0, 2]
(1, (1, 0, 1)): [54708, 61920, 19838, 13614, 5884, 2427, 965, 366, 131, 76, 21, 9, 2, 1]
(1, (1, 1, 0)): [189470, 57028, 37829, 27881, 11704, 4842, 1900, 760, 292, 121, 45, 25, 10, 5, 1]
(1, (1, 1, 1)): [38762, 31054, 19358, 12558, 9651, 4098, 1677, 624, 258, 91, 29, 22, 9, 4, 1, 1]
(2, (0, 0, 0)): [1576816, 75030, 24980, 7984, 2666, 841, 293, 98, 19, 8, 5, 0, 1]
(2, (0, 0, 1)): [147162, 42402, 9121, 3144, 1106, 388, 108, 34, 9, 6, 0, 2]
(2, (0, 1, 0)): [388764, 79805, 22606, 8080, 2742, 888, 273, 80, 20, 13, 7, 0, 1]
(2, (0, 1, 1)): [89846, 7465, 18578, 5419, 2157, 707, 237, 75, 24, 7, 5, 1, 0, 1]
(2, (1, 0, 0)): [810647, 58653, 39907, 12716, 4205, 1326, 516, 148, 37, 15, 7, 1, 1]
(2, (1, 0, 1)): [143779, 33270, 13150, 8481, 2803, 919, 311, 88, 32, 11, 2, 4, 2]
(2, (1, 1, 0)): [322238, 48334, 24364, 17275, 5641, 1793, 613, 206, 64, 28, 10, 3, 2, 1]
(2, (1, 1, 1)): [95507, 13870, 15787, 7898, 6029, 1869, 628, 213, 73, 17, 10, 4, 1, 1]
