(0, (0, 0, 0), (0, 0)): [23142, 3963, 1650, 684, 291, 81, 49, 12, 4, 3, 2]
(0, (0, 0, 0), (0, 1)): [37, 6, 6, 1]
(0, (0, 0, 0), (0, 2)): [23, 1, 2, 1]
(0, (0, 0, 0), (1, 0)): [53, 8, 4, 3, 0, 1]
(0, (0, 0, 0), (1, 1)): [29, 5, 3, 1]
(0, (0, 0, 0), (1, 2)): [30, 3, 2, 1]
(0, (0, 0, 0), (2, 0)): [25, 5, 3, 1, 0, 1]
(0, (0, 0, 0), (2, 1)): [26, 4, 4]
(0, (0, 0, 0), (2, 2)): [25, 3, 4]
(0, (0, 0, 0), (3, 0)): [8, 2, 0, 1, 0, 1]
(0, (0, 0, 0), (3, 1)): [14, 2, 2, 1]
(0, (0, 0, 0), (3, 2)): [18, 2]
(0, (0, 0, 1), (0, 0)): [119, 245, 63, 21, 11, 2]
(0, (0, 0, 1), (0, 1)): [0, 3, 1]
(0, (0, 0, 1), (0, 2)): [0, 2]
(0, (0, 0, 1), (1, 1)): [0, 1, 1]
(0, (0, 0, 1), (1, 2)): [0, 2]
(0, (0, 0, 1), (2, 1)): [0, 0, 1]
(0, (0, 0, 1), (3, 1)): [0, 0, 1]
(0, (0, 0, 1), (3, 2)): [0, 0, 1]
(0, (0, 1, 0), (0, 0)): [830, 644, 250, 95, 37, 12, 10, 0, 2, 1, 1]
(0, (0, 1, 0), (0, 1)): [4, 1, 1, 1]
(0, (0, 1, 0), (0, 2)): [2, 0, 0, 1]
(0, (0, 1, 0), (1, 0)): [3, 2]
(0, (0, 1, 0), (1, 1)): [2, 1]
(0, (0, 1, 0), (1, 2)): [2, 0, 0, 1]
(0, (0, 1, 0), (2, 0)): [2, 2]
(0, (0, 1, 0), (2, 1)): [0, 2]
(0, (0, 1, 0), (2, 2)): [0, 1]
(0, (0, 1, 0), (3, 0)): [2, 1]
(0, (0, 1, 0), (3, 1)): [1, 2]
(0, (0, 1, 0), (3, 2)): [1, 2]
(0, (0, 1, 1), (0, 0)): [84, 91, 102, 46, 26, 11, 4, 1, 1, 1]
(0, (0, 1, 1), (0, 1)): [0, 0, 0, 0, 1]
(0, (0, 1, 1), (0, 2)): [0, 0, 0, 0, 1]
(0, (0, 1, 1), (1, 0)): [3, 0, 1, 0, 1]
(0, (0, 1, 1), (1, 1)): [0, 0, 0, 0, 1]
(0, (0, 1, 1), (1, 2)): [0, 0, 0, 0, 1]
(0, (0, 1, 1), (2, 0)): [3]
(0, (0, 1, 1), (2, 1)): [0, 0, 0, 0, 1]
(0, (0, 1, 1), (2, 2)): [0, 0, 0, 0, 1]
(0, (0, 1, 1), (3, 0)): [3]
(0, (0, 1, 1), (3, 1)): [0, 0, 0, 0, 1]
(0, (1, 0, 0), (0, 0)): [4503, 1386, 802, 363, 164, 45, 26, 11, 2, 2, 2]
(0, (1, 0, 0), (0, 1)): [11, 3, 3, 1]
(0, (1, 0, 0), (0, 2)): [7, 1, 1, 1]
(0, (1, 0, 0), (1, 0)): [14, 1, 1, 1, 0, 1]
(0, (1, 0, 0), (1, 1)): [7, 2, 1, 1]
(0, (1, 0, 0), (1, 2)): [11, 1, 0, 1]
(0, (1, 0, 0), (2, 0)): [7, 0, 0, 0, 0, 1]
(0, (1, 0, 0), (2, 1)): [4, 1]
(0, (1, 0, 0), (2, 2)): [7]
(0, (1, 0, 0), (3, 0)): [3, 0, 0, 0, 0, 1]
(0, (1, 0, 0), (3, 1)): [3, 0, 0, 0, 0, 1]
(0, (1, 0, 0), (3, 2)): [5]
(0, (1, 0, 1), (0, 0)): [129, 327, 139, 83, 36, 10, 9, 2, 2, 1]
(0, (1, 0, 1), (0, 1)): [0, 2, 1]
(0, (1, 0, 1), (0, 2)): [0, 1]
(0, (1, 0, 1), (1, 0)): [1, 2]
(0, (1, 0, 1), (1, 1)): [0, 2, 1]
(0, (1, 0, 1), (1, 2)): [0, 1]
(0, (1, 0, 1), (2, 0)): [1, 1]
(0, (1, 0, 1), (2, 1)): [0, 2]
(0, (1, 0, 1), (2, 2)): [0, 2]
(0, (1, 0, 1), (3, 0)): [0, 1]
(0, (1, 0, 1), (3, 2)): [0, 1]
(0, (1, 1, 0), (0, 0)): [602, 331, 239, 158, 62, 28, 13, 3, 1, 0, 1]
(0, (1, 1, 0), (0, 1)): [3, 1, 1, 0, 0, 1]
(0, (1, 1, 0), (0, 2)): [1, 1, 0, 0, 0, 1]
(0, (1, 1, 0), (1, 0)): [1, 0, 0, 0, 1]
(0, (1, 1, 0), (1, 1)): [1, 0, 0, 0, 1]
(0, (1, 1, 0), (1, 2)): [1, 1, 0, 0, 0, 1]
(0, (1, 1, 0), (2, 0)): [1]
(0, (1, 1, 0), (2, 1)): [0, 0, 0, 0, 1]
(0, (1, 1, 0), (2, 2)): [0, 0, 0, 0, 0, 1]
(0, (1, 1, 0), (3, 1)): [0, 0, 0, 0, 1]
(0, (1, 1, 0), (3, 2)): [0, 0, 0, 0, 0, 1]
(0, (1, 1, 1), (0, 0)): [62, 110, 88, 51, 27, 20, 11, 2, 1]
(0, (1, 1, 1), (0, 1)): [1, 0, 0, 1, 0, 1]
(0, (1, 1, 1), (1, 0)): [1, 0, 1]
(0, (1, 1, 1), (1, 1)): [1, 0, 1, 1]
(0, (1, 1, 1), (2, 1)): [0, 0, 1, 1]
(0, (1, 1, 1), (2, 2)): [0, 0, 1, 1]
(1, (0, 0, 0), (0, 0)): [19147, 1776, 614, 238, 84, 21, 21, 1, 1, 1]
(1, (0, 0, 0), (0, 1)): [42, 0, 1]
(1, (0, 0, 0), (0, 2)): [26]
(1, (0, 0, 0), (1, 0)): [33, 7]
(1, (0, 0, 0), (1, 1)): [23, 2, 1]
(1, (0, 0, 0), (1, 2)): [25, 1, 1]
(1, (0, 0, 0), (2, 0)): [14, 4]
(1, (0, 0, 0), (2, 1)): [16, 2]
(1, (0, 0, 0), (2, 2)): [19, 1]
(1, (0, 0, 0), (3, 0)): [4, 1]
(1, (0, 0, 0), (3, 1)): [8, 1]
(1, (0, 0, 0), (3, 2)): [14, 2]
(1, (0, 0, 1), (0, 0)): [477, 528, 98, 30, 16, 5, 3, 0, 1]
(1, (0, 0, 1), (0, 1)): [2, 1]
(1, (0, 0, 1), (0, 2)): [2]
(1, (0, 0, 1), (1, 0)): [1, 2, 1]
(1, (0, 0, 1), (1, 1)): [0, 2, 1]
(1, (0, 0, 1), (1, 2)): [1, 2, 1]
(1, (0, 0, 1), (2, 0)): [1, 1]
(1, (0, 0, 1), (2, 1)): [0, 1]
(1, (0, 0, 1), (2, 2)): [0, 1]
(1, (0, 0, 1), (3, 0)): [1]
(1, (0, 0, 1), (3, 1)): [1]
(1, (0, 0, 1), (3, 2)): [1]
(1, (0, 1, 0), (0, 0)): [2336, 903, 304, 112, 50, 16, 7, 4, 1, 1, 1]
(1, (0, 1, 0), (0, 1)): [9, 2, 2, 1]
(1, (0, 1, 0), (0, 2)): [7]
(1, (0, 1, 0), (1, 0)): [8, 4, 1, 1]
(1, (0, 1, 0), (1, 1)): [4, 3, 2]
(1, (0, 1, 0), (1, 2)): [5, 0, 1]
(1, (0, 1, 0), (2, 0)): [6, 2, 0, 1]
(1, (0, 1, 0), (2, 1)): [4, 3]
(1, (0, 1, 0), (2, 2)): [7, 1, 1]
(1, (0, 1, 0), (3, 0)): [4, 1, 0, 1]
(1, (0, 1, 0), (3, 1)): [2, 1, 0, 1]
(1, (0, 1, 0), (3, 2)): [5, 0, 0, 1]
(1, (0, 1, 1), (0, 0)): [350, 252, 192, 67, 33, 13, 5, 0, 1]
(1, (0, 1, 1), (0, 1)): [1]
(1, (0, 1, 1), (0, 2)): [1]
(1, (0, 1, 1), (1, 0)): [0, 0, 0, 1, 0, 1]
(1, (0, 1, 1), (1, 2)): [1]
(1, (0, 1, 1), (2, 0)): [0, 0, 0, 1, 0, 1]
(1, (0, 1, 1), (3, 0)): [0, 0, 0, 1, 0, 1]
(1, (1, 0, 0), (0, 0)): [6490, 1014, 592, 241, 87, 17, 20, 2, 3]
(1, (1, 0, 0), (0, 1)): [16, 1, 1]
(1, (1, 0, 0), (0, 2)): [5]
(1, (1, 0, 0), (1, 0)): [24, 5, 1, 1]
(1, (1, 0, 0), (1, 1)): [18, 5, 1, 1]
(1, (1, 0, 0), (1, 2)): [9, 3, 1]
(1, (1, 0, 0), (2, 0)): [10, 1, 1]
(1, (1, 0, 0), (2, 1)): [9, 2, 1, 1]
(1, (1, 0, 0), (2, 2)): [9, 2, 1, 1]
(1, (1, 0, 0), (3, 0)): [4]
(1, (1, 0, 0), (3, 1)): [5, 1]
(1, (1, 0, 0), (3, 2)): [6, 0, 1, 1]
(1, (1, 0, 1), (0, 0)): [501, 555, 155, 86, 36, 14, 10, 1, 1]
(1, (1, 0, 1), (0, 1)): [3, 5, 0, 1]
(1, (1, 0, 1), (0, 2)): [2, 2]
(1, (1, 0, 1), (1, 0)): [1, 2]
(1, (1, 0, 1), (1, 1)): [1, 2, 0, 1]
(1, (1, 0, 1), (1, 2)): [0, 3]
(1, (1, 0, 1), (2, 0)): [0, 1]
(1, (1, 0, 1), (2, 1)): [1, 1, 0, 1]
(1, (1, 0, 1), (2, 2)): [0, 1, 0, 1]
(1, (1, 0, 1), (3, 0)): [0, 1]
(1, (1, 0, 1), (3, 1)): [1, 1]
(1, (1, 0, 1), (3, 2)): [0, 1, 0, 1]
(1, (1, 1, 0), (0, 0)): [1732, 467, 300, 213, 71, 16, 11, 2, 2]
(1, (1, 1, 0), (0, 1)): [8, 2, 0, 0, 1]
(1, (1, 1, 0), (0, 2)): [4, 0, 0, 0, 1]
(1, (1, 1, 0), (1, 0)): [10]
(1, (1, 1, 0), (1, 1)): [6, 1]
(1, (1, 1, 0), (1, 2)): [6]
(1, (1, 1, 0), (2, 0)): [3]
(1, (1, 1, 0), (2, 2)): [4]
(1, (1, 1, 0), (3, 0)): [3]
(1, (1, 1, 0), (3, 1)): [1]
(1, (1, 1, 0), (3, 2)): [3]
(1, (1, 1, 1), (0, 0)): [366, 233, 161, 102, 53, 17, 7, 2, 3]
(1, (1, 1, 1), (0, 1)): [2]
(1, (1, 1, 1), (0, 2)): [1]
(1, (1, 1, 1), (1, 0)): [1, 0, 1, 0, 1]
(1, (1, 1, 1), (1, 1)): [1, 0, 1]
(1, (1, 1, 1), (1, 2)): [1, 0, 1]
(1, (1, 1, 1), (2, 0)): [0, 0, 0, 0, 1]
(1, (1, 1, 1), (2, 1)): [0, 0, 0, 0, 1]
(1, (1, 1, 1), (2, 2)): [0, 0, 1, 0, 1]
(1, (1, 1, 1), (3, 2)): [0, 0, 0, 0, 1]
(2, (0, 0, 0), (0, 0)): [16551, 650, 193, 71, 20, 7, 3]
(2, (0, 0, 0), (0, 1)): [32]
(2, (0, 0, 0), (0, 2)): [11]
(2, (0, 0, 0), (1, 0)): [37, 2, 3]
(2, (0, 0, 0), (1, 1)): [25, 1, 2]
(2, (0, 0, 0), (1, 2)): [12, 1]
(2, (0, 0, 0), (2, 0)): [18, 1]
(2, (0, 0, 0), (2, 1)): [25, 0, 2]
(2, (0, 0, 0), (2, 2)): [11, 1, 2]
(2, (0, 0, 0), (3, 0)): [5, 1]
(2, (0, 0, 0), (3, 1)): [16]
(2, (0, 0, 0), (3, 2)): [14, 0, 1]
(2, (0, 0, 1), (0, 0)): [1236, 334, 67, 11, 7, 2]
(2, (0, 0, 1), (0, 1)): [1, 1]
(2, (0, 0, 1), (1, 0)): [5, 3]
(2, (0, 0, 1), (1, 1)): [4, 1]
(2, (0, 0, 1), (1, 2)): [2]
(2, (0, 0, 1), (2, 0)): [2, 2]
(2, (0, 0, 1), (2, 1)): [2]
(2, (0, 0, 1), (2, 2)): [2]
(2, (0, 0, 1), (3, 0)): [1, 2]
(2, (0, 0, 1), (3, 1)): [1, 1]
(2, (0, 0, 1), (3, 2)): [1]
(2, (0, 1, 0), (0, 0)): [3603, 670, 179, 53, 18, 3, 1, 1, 0, 1, 1]
(2, (0, 1, 0), (0, 1)): [8, 1, 0, 1]
(2, (0, 1, 0), (0, 2)): [5]
(2, (0, 1, 0), (1, 0)): [11, 3, 1]
(2, (0, 1, 0), (1, 1)): [7, 1, 0, 1]
(2, (0, 1, 0), (1, 2)): [7, 1]
(2, (0, 1, 0), (2, 0)): [4, 2, 1]
(2, (0, 1, 0), (2, 1)): [3, 1]
(2, (0, 1, 0), (2, 2)): [2, 1]
(2, (0, 1, 0), (3, 0)): [2, 1, 1]
(2, (0, 1, 0), (3, 1)): [5, 1]
(2, (0, 1, 0), (3, 2)): [4, 2]
(2, (0, 1, 1), (0, 0)): [784, 58, 157, 34, 9, 4]
(2, (0, 1, 1), (0, 1)): [2]
(2, (0, 1, 1), (0, 2)): [1]
(2, (0, 1, 1), (1, 0)): [2]
(2, (0, 1, 1), (1, 1)): [1]
(2, (0, 1, 1), (1, 2)): [2]
(2, (0, 1, 1), (2, 0)): [2]
(2, (0, 1, 1), (3, 0)): [2]
(2, (1, 0, 0), (0, 0)): [7953, 452, 282, 99, 24, 12, 5]
(2, (1, 0, 0), (0, 1)): [22, 0, 2]
(2, (1, 0, 0), (0, 2)): [11, 0, 1]
(2, (1, 0, 0), (1, 0)): [17, 2, 2]
(2, (1, 0, 0), (1, 1)): [17, 0, 1]
(2, (1, 0, 0), (1, 2)): [12]
(2, (1, 0, 0), (2, 0)): [3, 2, 1]
(2, (1, 0, 0), (2, 1)): [6]
(2, (1, 0, 0), (2, 2)): [8]
(2, (1, 0, 0), (3, 0)): [2, 0, 1]
(2, (1, 0, 0), (3, 1)): [3, 0, 1]
(2, (1, 0, 0), (3, 2)): [1, 0, 1]
(2, (1, 0, 1), (0, 0)): [1324, 303, 102, 47, 22, 7, 3, 0, 0, 1]
(2, (1, 0, 1), (0, 1)): [6, 1, 0, 1]
(2, (1, 0, 1), (0, 2)): [4, 1]
(2, (1, 0, 1), (1, 0)): [3, 1]
(2, (1, 0, 1), (1, 1)): [4, 0, 0, 1]
(2, (1, 0, 1), (1, 2)): [5, 1, 0, 1]
(2, (1, 0, 1), (2, 0)): [0, 1]
(2, (1, 0, 1), (2, 1)): [1, 1]
(2, (1, 0, 1), (2, 2)): [5, 1]
(2, (1, 0, 1), (3, 2)): [2, 1]
(2, (1, 1, 0), (0, 0)): [2944, 391, 188, 134, 31, 14, 4, 1, 1]
(2, (1, 1, 0), (0, 1)): [10, 1]
(2, (1, 1, 0), (0, 2)): [5, 1]
(2, (1, 1, 0), (1, 0)): [9, 0, 1]
(2, (1, 1, 0), (1, 1)): [8]
(2, (1, 1, 0), (1, 2)): [8, 1]
(2, (1, 1, 0), (2, 0)): [2, 0, 1]
(2, (1, 1, 0), (2, 1)): [3]
(2, (1, 1, 0), (2, 2)): [5, 1]
(2, (1, 1, 0), (3, 0)): [0, 0, 1]
(2, (1, 1, 0), (3, 1)): [0, 0, 1]
(2, (1, 1, 0), (3, 2)): [2, 1, 1]
(2, (1, 1, 1), (0, 0)): [837, 102, 142, 49, 39, 10, 4, 2, 1]
(2, (1, 1, 1), (0, 1)): [4, 1]
(2, (1, 1, 1), (0, 2)): [2]
(2, (1, 1, 1), (1, 0)): [1, 0, 0, 0, 1]
(2, (1, 1, 1), (1, 1)): [2, 1]
(2, (1, 1, 1), (1, 2)): [1]
(2, (1, 1, 1), (2, 1)): [1, 1]
(2, (1, 1, 1), (2, 2)): [2]
(2, (1, 1, 1), (3, 1)): [0, 1]
