(0, (0, 0, 0), (0, 0)): [1249850, 248780, 114796, 52148, 23138, 9913, 4068, 1715, 680, 311, 132, 61, 27, 10, 3, 1, 0, 1]
(0, (0, 0, 0), (0, 1)): [21349, 3849, 1837, 812, 356, 144, 52, 30, 6, 5, 1, 0, 2, 1, 0, 1]
(0, (0, 0, 0), (0, 2)): [7860, 1249, 587, 257, 110, 32, 20, 12, 2, 1, 0, 0, 1]
(0, (0, 0, 0), (1, 0)): [20044, 4295, 2129, 952, 472, 195, 88, 31, 14, 5, 3]
(0, (0, 0, 0), (1, 1)): [18152, 3434, 1693, 768, 365, 145, 50, 26, 7, 3, 3, 0, 1, 1, 0, 1]
(0, (0, 0, 0), (1, 2)): [11823, 1965, 913, 402, 202, 79, 25, 13, 5, 2, 0, 0, 2]
(0, (0, 0, 0), (2, 0)): [6760, 1627, 836, 412, 195, 91, 42, 14, 6, 2, 1]
(0, (0, 0, 0), (2, 1)): [9761, 2051, 1066, 499, 236, 96, 41, 21, 5, 1, 1, 0, 0, 1]
(0, (0, 0, 0), (2, 2)): [9391, 1710, 849, 390, 193, 79, 22, 12, 5, 3, 1, 0, 2]
(0, (0, 0, 0), (3, 0)): [2237, 590, 350, 194, 83, 48, 19, 6, 3, 0, 1]
(0, (0, 0, 0), (3, 1)): [3993, 1000, 586, 304, 125, 59, 24, 14, 4]
(0, (0, 0, 0), (3, 2)): [5435, 1135, 680, 323, 157, 62, 18, 10, 5, 2, 0, 0, 2]
(0, (0, 0, 1), (0, 0)): [5314, 15696, 4260, 2025, 982, 419, 180, 85, 34, 19, 6, 1, 3, 2]
(0, (0, 0, 1), (0, 1)): [89, 220, 71, 24, 16, 6, 3, 1, 0, 1, 0, 0, 0, 1]
(0, (0, 0, 1), (0, 2)): [36, 89, 20, 6, 6, 1]
(0, (0, 0, 1), (1, 0)): [83, 208, 63, 40, 22, 10, 2, 2, 1]
(0, (0, 0, 1), (1, 1)): [77, 154, 57, 21, 18, 7, 2, 1, 0, 1, 0, 0, 0, 1]
(0, (0, 0, 1), (1, 2)): [53, 119, 33, 12, 10, 1, 1, 1, 0, 1]
(0, (0, 0, 1), (2, 0)): [32, 94, 27, 22, 6, 6, 1, 1, 1]
(0, (0, 0, 1), (2, 1)): [45, 92, 34, 19, 11, 5]
(0, (0, 0, 1), (2, 2)): [53, 90, 30, 9, 10, 1]
(0, (0, 0, 1), (3, 0)): [9, 41, 10, 9, 2, 3, 1, 1, 1]
(0, (0, 1, 0), (0, 0)): [43489, 40196, 15657, 7522, 3615, 1558, 655, 280, 113, 69, 23, 6, 3, 2, 1]
(0, (0, 1, 0), (0, 1)): [693, 564, 218, 99, 41, 22, 8, 6, 2]
(0, (0, 1, 0), (0, 2)): [269, 169, 81, 29, 10, 10, 3, 1, 1]
(0, (0, 1, 0), (1, 0)): [681, 581, 232, 126, 59, 29, 12, 2, 1]
(0, (0, 1, 0), (1, 1)): [591, 478, 188, 94, 37, 15, 7, 5]
(0, (0, 1, 0), (1, 2)): [385, 288, 110, 56, 21, 11, 3, 3, 1]
(0, (0, 1, 0), (2, 0)): [238, 219, 80, 47, 24, 18, 5, 0, 1]
(0, (0, 1, 0), (2, 1)): [295, 255, 101, 53, 20, 17, 6, 3]
(0, (0, 1, 0), (2, 2)): [303, 219, 95, 46, 15, 8, 6, 1, 1]
(0, (0, 1, 0), (3, 0)): [91, 79, 36, 27, 15, 6, 2, 0, 1]
(0, (0, 1, 1), (0, 0)): [3719, 6230, 7470, 3490, 1842, 857, 361, 172, 81, 35, 9, 6, 1, 2, 1, 0, 0, 1]
(0, (0, 1, 1), (0, 1)): [56, 78, 106, 46, 26, 9, 5, 3, 1]
(0, (0, 1, 1), (0, 2)): [32, 29, 38, 17, 13, 4, 3, 2]
(0, (0, 1, 1), (1, 1)): [42, 73, 92, 46, 26, 7, 3, 2, 2]
(0, (0, 1, 1), (1, 2)): [32, 37, 49, 22, 19, 6, 3, 2, 1]
(0, (0, 1, 1), (2, 1)): [31, 52, 65, 32, 15, 5, 2, 4, 3]
(0, (0, 1, 1), (2, 2)): [36, 41, 47, 17, 11, 4, 2, 2, 2]
(0, (0, 1, 1), (3, 2)): [19, 25, 37, 17, 10, 3, 2, 3, 3]
(0, (1, 0, 0), (0, 0)): [268707, 89474, 56481, 27895, 13223, 5924, 2458, 1076, 443, 202, 90, 39, 18, 4, 2, 1, 0, 1]
(0, (1, 0, 0), (0, 1)): [4490, 1227, 873, 414, 211, 90, 33, 15, 6]
(0, (1, 0, 0), (0, 2)): [1717, 365, 283, 120, 60, 23, 14, 2, 5]
(0, (1, 0, 0), (1, 0)): [3935, 1305, 944, 450, 224, 91, 45, 18, 8, 6, 2]
(0, (1, 0, 0), (1, 1)): [3309, 989, 733, 342, 169, 62, 24, 15, 5, 4]
(0, (1, 0, 0), (1, 2)): [2135, 539, 415, 182, 87, 29, 17, 8, 3, 2]
(0, (1, 0, 0), (2, 0)): [1240, 434, 309, 179, 92, 42, 15, 9, 4, 2, 2]
(0, (1, 0, 0), (2, 1)): [1605, 506, 376, 196, 97, 43, 15, 6, 5, 3]
(0, (1, 0, 0), (2, 2)): [1493, 411, 308, 145, 73, 27, 15, 8, 4, 3]
(0, (1, 0, 0), (3, 0)): [360, 158, 118, 79, 46, 15, 4, 5, 0, 1, 1]
(0, (1, 0, 0), (3, 1)): [612, 217, 165, 105, 63, 21, 5, 2, 3, 1, 1]
(0, (1, 0, 0), (3, 2)): [744, 250, 186, 99, 68, 21, 7, 6, 2, 3]
(0, (1, 0, 1), (0, 0)): [6402, 19337, 7867, 5404, 2847, 1293, 632, 257, 121, 52, 23, 13, 5, 1, 1, 0, 0, 1]
(0, (1, 0, 1), (0, 1)): [99, 265, 107, 72, 38, 16, 12, 2, 1, 0, 0, 0, 1]
(0, (1, 0, 1), (0, 2)): [39, 99, 28, 27, 14, 8, 5, 0, 1]
(0, (1, 0, 1), (1, 0)): [89, 299, 115, 86, 42, 20, 2, 4, 4, 1, 1]
(0, (1, 0, 1), (1, 1)): [79, 210, 79, 54, 32, 14, 6, 1, 2, 0, 1]
(0, (1, 0, 1), (1, 2)): [63, 115, 38, 31, 16, 11, 3, 1, 2]
(0, (1, 0, 1), (2, 0)): [34, 108, 48, 30, 16, 10, 0, 3, 1, 1]
(0, (1, 0, 1), (2, 1)): [27, 130, 53, 33, 20, 9, 1, 0, 2, 0, 1]
(0, (1, 0, 1), (2, 2)): [49, 104, 37, 25, 16, 6, 2, 1, 1, 0, 1]
(0, (1, 1, 0), (0, 0)): [36657, 23488, 17715, 12555, 6665, 3148, 1331, 650, 263, 119, 56, 24, 8, 1]
(0, (1, 1, 0), (0, 1)): [635, 350, 243, 185, 103, 42, 17, 11, 3, 0, 1]
(0, (1, 1, 0), (1, 0)): [508, 317, 254, 189, 100, 54, 21, 12, 1, 3]
(0, (1, 1, 0), (1, 1)): [420, 240, 188, 144, 65, 37, 16, 9, 2, 1, 1]
(0, (1, 1, 0), (1, 2)): [293, 134, 102, 79, 43, 19, 6, 10, 1, 1]
(0, (1, 1, 0), (2, 0)): [146, 103, 81, 67, 39, 21, 6, 5, 1, 1]
(0, (1, 1, 0), (2, 1)): [205, 127, 85, 81, 42, 21, 10, 5, 1, 1]
(0, (1, 1, 0), (2, 2)): [204, 110, 76, 59, 33, 19, 3, 7, 1, 2]
(0, (1, 1, 0), (3, 0)): [34, 35, 30, 24, 16, 7, 3, 2, 1]
(0, (1, 1, 1), (0, 0)): [3621, 6782, 5563, 4218, 3316, 1659, 765, 385, 164, 70, 37, 14, 3, 1, 1]
(0, (1, 1, 1), (0, 1)): [81, 104, 92, 60, 43, 26, 9, 5, 5, 2, 1, 1]
(0, (1, 1, 1), (1, 0)): [54, 118, 112, 78, 68, 34, 9, 11, 2, 0, 1]
(0, (1, 1, 1), (1, 1)): [56, 87, 91, 61, 37, 24, 10, 7, 1, 1, 1]
(0, (1, 1, 1), (1, 2)): [47, 63, 47, 26, 19, 14, 3, 2, 4, 0, 0, 1]
(0, (1, 1, 1), (2, 0)): [16, 45, 30, 33, 32, 10, 2, 5, 1, 0, 1]
(0, (1, 1, 1), (2, 1)): [29, 43, 40, 34, 27, 14, 3, 5, 1]
(0, (1, 1, 1), (2, 2)): [30, 43, 37, 29, 16, 12, 3, 4, 1, 0, 0, 1]
(1, (0, 0, 0), (0, 0)): [1010502, 109364, 44930, 17707, 6869, 2633, 1020, 381, 145, 59, 25, 14, 6, 3, 0, 1]
(1, (0, 0, 0), (0, 1)): [17317, 1714, 751, 272, 105, 27, 13, 9, 1, 0, 0, 0, 0, 1]
(1, (0, 0, 0), (0, 2)): [6411, 511, 223, 78, 30, 8, 2, 2]
(1, (0, 0, 0), (1, 0)): [16814, 2091, 891, 336, 145, 53, 23, 9, 0, 1, 0, 0, 0, 0, 0, 1]
(1, (0, 0, 0), (1, 1)): [14926, 1626, 667, 246, 107, 41, 19, 7, 1, 1, 0, 0, 0, 1]
(1, (0, 0, 0), (1, 2)): [9517, 829, 329, 137, 62, 26, 10, 2]
(1, (0, 0, 0), (2, 0)): [5876, 826, 394, 141, 59, 21, 9, 5, 0, 0, 0, 0, 0, 0, 0, 1]
(1, (0, 0, 0), (2, 1)): [8293, 1002, 437, 158, 72, 22, 10, 6, 0, 1]
(1, (0, 0, 0), (2, 2)): [7867, 760, 335, 129, 59, 29, 12, 4]
(1, (0, 0, 0), (3, 0)): [1907, 300, 189, 64, 28, 9, 5, 1, 0, 0, 0, 0, 0, 0, 0, 1]
(1, (0, 0, 0), (3, 1)): [3506, 546, 276, 99, 50, 9, 4, 3]
(1, (0, 0, 0), (3, 2)): [4537, 559, 282, 98, 51, 18, 11, 3]
(1, (0, 0, 1), (0, 0)): [27930, 39743, 7791, 3308, 1384, 561, 219, 90, 39, 14, 8, 4, 4, 1]
(1, (0, 0, 1), (0, 1)): [433, 464, 104, 33, 15, 7, 5]
(1, (0, 0, 1), (0, 2)): [183, 158, 34, 7, 2, 1, 3]
(1, (0, 0, 1), (1, 0)): [468, 638, 128, 65, 28, 12, 5, 3, 1]
(1, (0, 0, 1), (1, 1)): [395, 441, 88, 37, 20, 6, 2, 2]
(1, (0, 0, 1), (1, 2)): [290, 241, 37, 15, 11, 2, 2]
(1, (0, 0, 1), (2, 0)): [199, 268, 55, 33, 13, 7, 5, 1, 1]
(1, (0, 0, 1), (2, 1)): [188, 268, 48, 22, 10, 7, 5, 2]
(1, (0, 0, 1), (2, 2)): [210, 204, 37, 15, 7, 2, 1]
(1, (0, 1, 0), (0, 0)): [136687, 61053, 21871, 9301, 3761, 1470, 503, 239, 64, 35, 20, 7, 8, 2, 1]
(1, (0, 1, 0), (0, 1)): [2052, 800, 296, 118, 37, 15, 7, 3, 1]
(1, (0, 1, 0), (0, 2)): [793, 290, 89, 26, 11, 6, 3]
(1, (0, 1, 0), (1, 0)): [2411, 1073, 376, 218, 95, 30, 12, 4, 0, 0, 1, 0, 0, 1]
(1, (0, 1, 0), (1, 1)): [1785, 685, 273, 122, 44, 17, 7, 4, 1, 0, 0, 0, 0, 1]
(1, (0, 1, 0), (1, 2)): [1165, 423, 166, 50, 17, 6, 5, 2]
(1, (0, 1, 0), (2, 0)): [1067, 478, 169, 117, 51, 16, 8, 3, 0, 0, 1]
(1, (0, 1, 0), (2, 1)): [963, 411, 136, 85, 36, 14, 6, 3, 0, 0, 1, 0, 0, 1]
(1, (0, 1, 0), (2, 2)): [920, 372, 138, 47, 25, 6, 3, 1]
(1, (0, 1, 0), (3, 0)): [582, 223, 74, 79, 36, 9, 5, 2]
(1, (0, 1, 0), (3, 1)): [506, 185, 64, 56, 25, 8, 3, 1, 0, 0, 0, 0, 0, 1]
(1, (0, 1, 0), (3, 2)): [552, 208, 90, 51, 26, 1, 4, 1, 0, 0, 0, 0, 0, 1]
(1, (0, 1, 1), (0, 0)): [22249, 18006, 16361, 6503, 3313, 1324, 510, 213, 100, 30, 9, 7, 1, 2, 0, 1]
(1, (0, 1, 1), (0, 1)): [288, 194, 161, 72, 29, 16, 7, 3]
(1, (0, 1, 1), (0, 2)): [145, 66, 53, 22, 8, 4, 3]
(1, (0, 1, 1), (1, 0)): [495, 388, 286, 140, 93, 34, 14, 9, 3, 1]
(1, (0, 1, 1), (1, 1)): [231, 171, 157, 62, 30, 8, 5, 4]
(1, (0, 1, 1), (1, 2)): [186, 95, 88, 40, 15, 6, 3]
(1, (0, 1, 1), (2, 0)): [330, 256, 163, 94, 73, 31, 12, 7, 3, 1]
(1, (0, 1, 1), (2, 1)): [134, 116, 89, 38, 15, 8, 7, 2]
(1, (0, 1, 1), (2, 2)): [132, 94, 81, 37, 19, 3, 2, 2]
(1, (0, 1, 1), (3, 0)): [271, 199, 123, 70, 64, 27, 8, 7, 3, 1]
(1, (0, 1, 1), (3, 1)): [66, 47, 36, 19, 6, 7, 5]
(1, (0, 1, 1), (3, 2)): [81, 62, 43, 21, 12, 4, 1, 1]
(1, (1, 0, 0), (0, 0)): [387888, 68778, 43907, 18620, 7505, 2970, 1188, 420, 186, 76, 28, 20, 4, 3, 0, 2]
(1, (1, 0, 0), (0, 1)): [6423, 894, 673, 282, 106, 37, 16, 3, 1, 2]
(1, (1, 0, 0), (0, 2)): [2331, 280, 241, 83, 30, 11, 6, 1, 0, 2]
(1, (1, 0, 0), (1, 0)): [6167, 1115, 798, 360, 147, 52, 26, 10, 1, 2, 0, 0, 1, 0, 0, 1]
(1, (1, 0, 0), (1, 1)): [5129, 747, 568, 240, 90, 34, 16, 7, 1, 0, 0, 0, 0, 0, 0, 1]
(1, (1, 0, 0), (1, 2)): [3207, 394, 328, 117, 49, 16, 6, 5, 0, 1]
(1, (1, 0, 0), (2, 0)): [2024, 412, 308, 158, 60, 25, 10, 0, 1, 2, 0, 0, 1]
(1, (1, 0, 0), (2, 1)): [2614, 447, 352, 155, 61, 20, 12, 2, 2, 0, 0, 0, 0, 0, 0, 1]
(1, (1, 0, 0), (2, 2)): [2405, 335, 296, 114, 43, 13, 6, 3, 1, 1]
(1, (1, 0, 0), (3, 0)): [614, 145, 102, 67, 27, 11, 4, 0, 0, 2, 0, 0, 1]
(1, (1, 0, 0), (3, 1)): [1006, 241, 164, 91, 34, 13, 6, 1, 0, 1, 0, 0, 0, 0, 0, 1]
(1, (1, 0, 0), (3, 2)): [1230, 235, 176, 90, 30, 14, 5, 1, 1, 1, 0, 0, 0, 0, 0, 1]
(1, (1, 0, 1), (0, 0)): [30950, 36594, 11763, 7752, 3292, 1347, 547, 210, 72, 48, 12, 5, 0, 1]
(1, (1, 0, 1), (0, 1)): [521, 469, 132, 114, 49, 17, 9, 2, 3, 2]
(1, (1, 0, 1), (0, 2)): [223, 146, 52, 40, 8, 6, 4, 1, 0, 1]
(1, (1, 0, 1), (1, 0)): [513, 567, 179, 131, 69, 21, 8, 2, 0, 2]
(1, (1, 0, 1), (1, 1)): [404, 383, 111, 95, 49, 7, 8, 1, 2]
(1, (1, 0, 1), (1, 2)): [296, 206, 68, 54, 19, 6, 6, 1, 0, 1]
(1, (1, 0, 1), (2, 0)): [200, 195, 60, 42, 27, 12, 2, 1, 0, 1]
(1, (1, 0, 1), (2, 2)): [196, 157, 55, 31, 19, 4, 6, 0, 1]
(1, (1, 0, 1), (3, 0)): [75, 79, 20, 19, 11, 6, 1, 0, 0, 1]
(1, (1, 0, 1), (3, 1)): [82, 90, 23, 25, 18, 7]
(1, (1, 0, 1), (3, 2)): [99, 88, 34, 24, 18, 7, 4, 0, 1]
(1, (1, 1, 0), (0, 0)): [106200, 32884, 22099, 15556, 6560, 2720, 1068, 428, 180, 69, 25, 13, 8, 5, 1]
(1, (1, 1, 0), (0, 1)): [1825, 483, 296, 229, 97, 34, 19, 5, 2]
(1, (1, 1, 0), (0, 2)): [732, 183, 96, 83, 29, 8, 5, 0, 1]
(1, (1, 1, 0), (1, 0)): [1631, 554, 390, 295, 124, 44, 25, 10, 1, 3, 0, 0, 2, 1]
(1, (1, 1, 0), (1, 1)): [1345, 387, 274, 190, 87, 32, 18, 8, 0, 2]
(1, (1, 1, 0), (1, 2)): [981, 234, 153, 117, 46, 15, 8, 2]
(1, (1, 1, 0), (2, 0)): [572, 195, 126, 116, 47, 16, 8, 2, 1, 1, 0, 0, 2, 1]
(1, (1, 1, 0), (2, 1)): [679, 234, 159, 113, 45, 19, 11, 3, 0, 1, 0, 0, 1]
(1, (1, 1, 0), (2, 2)): [706, 183, 112, 84, 42, 14, 6, 1]
(1, (1, 1, 0), (3, 1)): [292, 114, 74, 60, 29, 11, 9, 3, 0, 2, 0, 0, 1]
(1, (1, 1, 0), (3, 2)): [376, 114, 75, 50, 31, 15, 9, 4, 0, 2, 0, 0, 1]
(1, (1, 1, 1), (0, 0)): [21845, 17256, 11075, 7256, 5240, 2243, 909, 345, 142, 53, 20, 15, 6, 3, 1, 1]
(1, (1, 1, 1), (0, 1)): [432, 267, 167, 111, 87, 32, 17, 5, 3]
(1, (1, 1, 1), (0, 2)): [215, 95, 62, 35, 33, 9, 9]
(1, (1, 1, 1), (1, 0)): [375, 283, 193, 130, 98, 43, 18, 8, 2, 2, 0, 1, 1]
(1, (1, 1, 1), (1, 1)): [313, 199, 138, 105, 79, 31, 8, 6, 1]
(1, (1, 1, 1), (1, 2)): [240, 107, 89, 60, 40, 23, 8, 2]
(1, (1, 1, 1), (2, 0)): [118, 111, 79, 50, 32, 19, 11, 4, 1, 1, 0, 1, 1]
(1, (1, 1, 1), (2, 1)): [155, 130, 81, 63, 47, 14, 10, 4, 1, 1, 0, 1]
(1, (1, 1, 1), (2, 2)): [162, 91, 71, 65, 39, 16, 8, 2]
(1, (1, 1, 1), (3, 0)): [27, 40, 27, 22, 10, 11, 4, 1, 1, 0, 0, 0, 1]
(1, (1, 1, 1), (3, 1)): [46, 68, 34, 30, 21, 10, 5, 3, 0, 0, 0, 0, 1]
(2, (0, 0, 0), (0, 0)): [874882, 39210, 13181, 4206, 1395, 466, 160, 50, 10, 5, 5, 0, 1]
(2, (0, 0, 0), (0, 1)): [14968, 616, 216, 55, 29, 7, 6, 1]
(2, (0, 0, 0), (0, 2)): [5385, 162, 42, 17, 6, 1, 1, 1]
(2, (0, 0, 0), (1, 0)): [15280, 877, 291, 88, 37, 11, 3, 0, 0, 0, 0, 0, 1]
(2, (0, 0, 0), (1, 1)): [13324, 654, 230, 47, 31, 6, 6]
(2, (0, 0, 0), (1, 2)): [8377, 288, 99, 27, 13, 4, 3]
(2, (0, 0, 0), (2, 0)): [5674, 336, 138, 51, 18, 6, 1, 0, 0, 0, 0, 0, 1]
(2, (0, 0, 0), (2, 1)): [7741, 406, 146, 46, 11, 4, 3]
(2, (0, 0, 0), (2, 2)): [7044, 299, 109, 31, 12, 5, 1]
(2, (0, 0, 0), (3, 0)): [1964, 132, 80, 26, 14, 3, 1, 0, 0, 0, 0, 0, 1]
(2, (0, 0, 0), (3, 1)): [3594, 206, 104, 34, 13, 5, 2]
(2, (0, 0, 0), (3, 2)): [4464, 231, 108, 28, 9, 5]
(2, (0, 0, 1), (0, 0)): [80902, 25011, 4898, 1665, 599, 203, 62, 18, 3, 2, 0, 1]
(2, (0, 0, 1), (0, 1)): [1230, 342, 72, 22, 11, 3, 1]
(2, (0, 0, 1), (0, 2)): [478, 90, 27, 4, 2, 1]
(2, (0, 0, 1), (1, 0)): [1490, 428, 101, 42, 10, 5, 0, 1]
(2, (0, 0, 1), (1, 1)): [1190, 297, 65, 20, 9, 2, 1]
(2, (0, 0, 1), (1, 2)): [773, 147, 35, 10, 2, 1, 1]
(2, (0, 0, 1), (2, 0)): [624, 183, 49, 28, 6, 4, 0, 1]
(2, (0, 0, 1), (2, 1)): [684, 163, 50, 18, 10, 2, 0, 1]
(2, (0, 0, 1), (2, 2)): [634, 122, 43, 7, 3, 2, 1]
(2, (0, 0, 1), (3, 0)): [329, 82, 25, 17, 2, 3]
(2, (0, 0, 1), (3, 1)): [365, 88, 20, 16, 7, 2]
(2, (0, 0, 1), (3, 2)): [410, 88, 30, 10, 3, 1]
(2, (0, 1, 0), (0, 0)): [216033, 46351, 12299, 4312, 1417, 487, 143, 40, 9, 7, 5, 0, 1]
(2, (0, 1, 0), (0, 1)): [3152, 581, 152, 54, 17, 1, 1]
(2, (0, 1, 0), (0, 2)): [1185, 166, 42, 11, 5]
(2, (0, 1, 0), (1, 0)): [4214, 728, 295, 118, 28, 16, 5, 1, 0, 0, 0, 0, 1]
(2, (0, 1, 0), (1, 1)): [2938, 512, 174, 57, 15, 5, 3, 1]
(2, (0, 1, 0), (1, 2)): [1848, 260, 63, 34, 4]
(2, (0, 1, 0), (2, 0)): [1997, 319, 149, 80, 21, 10, 3, 0, 0, 0, 0, 0, 1]
(2, (0, 1, 0), (2, 1)): [1780, 328, 114, 39, 11, 8, 3, 1, 0, 0, 0, 0, 1]
(2, (0, 1, 0), (2, 2)): [1629, 246, 64, 36, 5, 3, 0, 1]
(2, (0, 1, 0), (3, 0)): [1135, 151, 87, 56, 16, 4, 2]
(2, (0, 1, 0), (3, 1)): [877, 161, 78, 27, 13, 4, 3, 0, 0, 0, 0, 0, 1]
(2, (0, 1, 0), (3, 2)): [1069, 173, 69, 30, 8, 4, 1, 0, 0, 0, 0, 0, 1]
(2, (0, 1, 1), (0, 0)): [49517, 4286, 10938, 2947, 1151, 365, 131, 46, 17, 4, 3, 1, 0, 1]
(2, (0, 1, 1), (0, 1)): [680, 52, 114, 28, 8, 3, 1, 3]
(2, (0, 1, 1), (1, 0)): [970, 99, 205, 68, 31, 8, 4, 0, 0, 0, 1]
(2, (0, 1, 1), (1, 1)): [623, 48, 114, 31, 7, 4, 1, 2]
(2, (0, 1, 1), (1, 2)): [417, 26, 58, 14, 5, 1, 2, 1]
(2, (0, 1, 1), (2, 0)): [501, 57, 101, 41, 23, 6, 1, 0, 0, 0, 1]
(2, (0, 1, 1), (2, 1)): [343, 29, 83, 18, 7, 5]
(2, (0, 1, 1), (2, 2)): [360, 29, 60, 17, 3, 4, 1, 1]
(2, (0, 1, 1), (3, 0)): [354, 44, 61, 27, 20, 5, 1, 0, 0, 0, 1]
(2, (0, 1, 1), (3, 1)): [182, 16, 39, 11, 5, 2]
(2, (0, 1, 1), (3, 2)): [235, 23, 53, 13, 5, 4, 0, 1]
(2, (1, 0, 0), (0, 0)): [470757, 34093, 21891, 6946, 2213, 710, 282, 79, 18, 10, 6, 0, 1]
(2, (1, 0, 0), (0, 1)): [7366, 397, 329, 80, 33, 8, 6, 1]
(2, (1, 0, 0), (0, 2)): [2646, 107, 88, 16, 11, 1, 1]
(2, (1, 0, 0), (1, 0)): [7712, 619, 447, 175, 43, 12, 7, 2, 0, 0, 0, 0, 1]
(2, (1, 0, 0), (1, 1)): [6083, 374, 301, 96, 26, 3, 4, 1]
(2, (1, 0, 0), (1, 2)): [3776, 169, 131, 44, 12, 2]
(2, (1, 0, 0), (2, 0)): [2629, 251, 155, 81, 18, 6, 4, 0, 0, 0, 0, 0, 1]
(2, (1, 0, 0), (2, 1)): [3146, 205, 159, 64, 22, 6, 2, 1, 0, 0, 0, 0, 1]
(2, (1, 0, 0), (2, 2)): [2902, 159, 124, 41, 14, 5, 1, 1]
(2, (1, 0, 0), (3, 0)): [857, 117, 52, 47, 5, 2, 3]
(2, (1, 0, 0), (3, 1)): [1363, 143, 80, 50, 10, 4, 2, 0, 0, 0, 0, 0, 1]
(2, (1, 0, 0), (3, 2)): [1625, 139, 86, 41, 9, 8, 1, 1, 0, 0, 0, 0, 1]
(2, (1, 0, 1), (0, 0)): [79400, 19429, 7672, 4532, 1443, 496, 176, 55, 21, 7, 0, 2, 1]
(2, (1, 0, 1), (0, 1)): [1287, 259, 106, 72, 21, 5, 2, 1, 0, 0, 0, 1]
(2, (1, 0, 1), (0, 2)): [507, 79, 31, 15, 9]
(2, (1, 0, 1), (1, 0)): [1210, 271, 134, 93, 30, 11, 4]
(2, (1, 0, 1), (1, 1)): [984, 202, 78, 70, 17, 7, 4, 1, 0, 0, 0, 1]
(2, (1, 0, 1), (1, 2)): [662, 103, 39, 30, 10, 3, 1, 1, 0, 0, 0, 1]
(2, (1, 0, 1), (2, 0)): [444, 98, 65, 34, 10, 4, 2]
(2, (1, 0, 1), (2, 1)): [533, 120, 43, 37, 14, 4]
(2, (1, 0, 1), (3, 1)): [250, 50, 32, 18, 6, 1, 2]
(2, (1, 0, 1), (3, 2)): [277, 55, 32, 11, 8, 3, 2, 1]
(2, (1, 1, 0), (0, 0)): [183151, 28297, 14183, 9519, 3060, 1011, 328, 110, 40, 17, 7, 1, 2, 1]
(2, (1, 1, 0), (0, 1)): [3078, 416, 190, 136, 37, 7, 5, 3, 0, 0, 0, 0, 1]
(2, (1, 1, 0), (0, 2)): [1233, 135, 55, 35, 9, 1, 2, 1]
(2, (1, 1, 0), (1, 0)): [3002, 455, 261, 207, 61, 20, 8, 2, 1, 1]
(2, (1, 1, 0), (1, 1)): [2489, 338, 163, 130, 29, 7, 4, 2, 1, 1, 0, 0, 1]
(2, (1, 1, 0), (1, 2)): [1711, 197, 84, 53, 13, 3, 2, 2]
(2, (1, 1, 0), (2, 0)): [1058, 173, 116, 87, 34, 13, 3, 1]
(2, (1, 1, 0), (2, 1)): [1337, 173, 116, 89, 25, 11, 4, 1, 1, 1, 0, 0, 1]
(2, (1, 1, 0), (2, 2)): [1281, 156, 73, 72, 14, 4, 4, 2, 1]
(2, (1, 1, 0), (3, 0)): [371, 71, 50, 33, 14, 6, 1]
(2, (1, 1, 0), (3, 1)): [584, 87, 74, 46, 13, 9, 2, 1, 0, 0, 0, 0, 1]
(2, (1, 1, 0), (3, 2)): [709, 93, 64, 47, 16, 4, 3, 2, 1]
(2, (1, 1, 1), (0, 0)): [52973, 7709, 8923, 4434, 3153, 1014, 339, 121, 41, 8, 6, 0, 1, 1]
(2, (1, 1, 1), (0, 1)): [1044, 99, 149, 71, 46, 9, 5, 3, 1, 0, 0, 0, 1]
(2, (1, 1, 1), (0, 2)): [479, 26, 36, 22, 13, 2, 1, 1, 1]
(2, (1, 1, 1), (1, 0)): [818, 232, 157, 92, 55, 23, 6, 1, 2, 0, 1]
(2, (1, 1, 1), (1, 1)): [770, 113, 130, 62, 40, 7, 3, 0, 0, 0, 1, 0, 1]
(2, (1, 1, 1), (1, 2)): [587, 49, 56, 30, 15, 4, 2, 1, 0, 0, 1]
(2, (1, 1, 1), (2, 0)): [228, 156, 44, 43, 27, 16, 4, 1, 1]
(2, (1, 1, 1), (2, 1)): [340, 102, 76, 34, 33, 9, 4, 0, 0, 0, 0, 0, 1]
(2, (1, 1, 1), (2, 2)): [384, 61, 53, 34, 17, 5, 2, 0, 0, 0, 1]
(2, (1, 1, 1), (3, 1)): [105, 106, 31, 25, 24, 6, 4]
