(0, (0, 0, 0), (0, 0)): [69846, 12587, 5446, 2324, 964, 415, 166, 49, 23, 7, 8, 0, 0, 0, 1]
(0, (0, 0, 0), (0, 1)): [6, 1, 1]
(0, (0, 0, 0), (0, 2)): [3, 1, 1]
(0, (0, 0, 0), (1, 0)): [10, 2, 0, 0, 1, 2]
(0, (0, 0, 0), (1, 1)): [1]
(0, (0, 0, 0), (1, 2)): [2]
(0, (0, 0, 0), (2, 0)): [9, 2, 0, 0, 1, 2]
(0, (0, 0, 0), (3, 0)): [9, 2, 0, 0, 1, 2]
(0, (0, 0, 0), (3, 1)): [3]
(0, (0, 0, 0), (3, 2)): [3]
(0, (0, 0, 1), (0, 0)): [401, 1040, 316, 126, 53, 21, 12, 4, 2]
(0, (0, 1, 0), (0, 0)): [2047, 2037, 707, 320, 146, 52, 23, 8, 6, 2, 2]
(0, (0, 1, 1), (0, 0)): [177, 304, 371, 163, 77, 35, 16, 5, 1, 0, 0, 0, 0, 0, 1]
(0, (1, 0, 0), (0, 0)): [15479, 5330, 2854, 1366, 566, 249, 103, 33, 12, 4, 7, 0, 0, 0, 1]
(0, (1, 0, 1), (0, 0)): [359, 875, 387, 257, 115, 43, 24, 7, 4]
(0, (1, 1, 0), (0, 0)): [1910, 1264, 985, 602, 337, 139, 55, 18, 6, 3, 6]
(0, (1, 1, 1), (0, 0)): [210, 362, 292, 245, 186, 77, 33, 20, 7, 5, 5, 0, 0, 0, 1]
(1, (0, 0, 0), (0, 0)): [54919, 5123, 1959, 688, 273, 124, 36, 11, 6, 2, 1]
(1, (0, 0, 0), (0, 1)): [6]
(1, (0, 0, 0), (0, 2)): [6]
(1, (0, 0, 0), (1, 0)): [5]
(1, (0, 0, 0), (1, 2)): [1]
(1, (0, 0, 0), (2, 0)): [5]
(1, (0, 0, 0), (2, 1)): [1]
(1, (0, 0, 0), (2, 2)): [2]
(1, (0, 0, 0), (3, 0)): [4]
(1, (0, 0, 0), (3, 1)): [1]
(1, (0, 0, 0), (3, 2)): [2]
(1, (0, 0, 1), (0, 0)): [2088, 2956, 546, 202, 77, 32, 9, 5, 2, 0, 0, 1]
(1, (0, 0, 1), (1, 0)): [1, 0, 1]
(1, (0, 0, 1), (2, 0)): [1, 0, 1]
(1, (0, 0, 1), (3, 0)): [1, 0, 1]
(1, (0, 0, 1), (3, 1)): [1]
(1, (0, 0, 1), (3, 2)): [1]
(1, (0, 1, 0), (0, 0)): [8733, 4050, 1290, 449, 154, 63, 28, 13, 3]
(1, (0, 1, 0), (1, 0)): [1]
(1, (0, 1, 0), (2, 0)): [1]
(1, (0, 1, 0), (3, 0)): [1]
(1, (0, 1, 0), (3, 1)): [1]
(1, (0, 1, 0), (3, 2)): [1]
(1, (0, 1, 1), (0, 0)): [1411, 1175, 1176, 427, 171, 74, 24, 8, 3, 0, 1]
(1, (1, 0, 0), (0, 0)): [21482, 3880, 2015, 839, 294, 146, 40, 14, 6, 3, 1]
(1, (1, 0, 0), (0, 1)): [2, 0, 1]
(1, (1, 0, 0), (0, 2)): [2, 0, 1]
(1, (1, 0, 1), (0, 0)): [1511, 1910, 719, 387, 152, 68, 24, 9, 2, 2]
(1, (1, 1, 0), (0, 0)): [5197, 1656, 1130, 689, 269, 118, 35, 8, 7, 1, 0, 0, 0, 1]
(1, (1, 1, 1), (0, 0)): [972, 852, 507, 355, 216, 109, 31, 11, 4, 1]
(2, (0, 0, 0), (0, 0)): [47160, 1592, 525, 141, 49, 19, 7, 2, 1, 0, 1]
(2, (0, 0, 0), (0, 1)): [5]
(2, (0, 0, 0), (0, 2)): [5]
(2, (0, 0, 1), (0, 0)): [6023, 1984, 312, 79, 22, 7, 6]
(2, (0, 1, 0), (0, 0)): [14248, 3035, 696, 209, 51, 20, 3, 3]
(2, (0, 1, 1), (0, 0)): [3611, 349, 798, 186, 58, 18, 5, 1, 1]
(2, (1, 0, 0), (0, 0)): [25844, 1880, 838, 238, 86, 29, 12, 4, 2, 0, 1]
(2, (1, 0, 1), (0, 0)): [3935, 1105, 543, 182, 49, 19, 6, 0, 1]
(2, (1, 1, 0), (0, 0)): [7929, 1172, 610, 304, 92, 33, 8, 5, 1, 0, 1]
(2, (1, 1, 1), (0, 0)): [2415, 399, 382, 185, 109, 34, 8, 3, 2, 1, 1]
