(0, (0, 0, 0), (0, 0)): [1751064, 357303, 164502, 75010, 33584, 14392, 5941, 2422, 984, 429, 172, 94, 32, 18, 4, 1, 1, 1]
(0, (0, 0, 0), (0, 1)): [202191, 39452, 17927, 8327, 3697, 1627, 648, 227, 97, 45, 17, 10, 4, 3, 0, 1]
(0, (0, 0, 0), (0, 2)): [76519, 13267, 5865, 2658, 1176, 517, 198, 68, 31, 14, 6, 2, 2]
(0, (0, 0, 0), (1, 0)): [181064, 41526, 19780, 9149, 4303, 1814, 784, 315, 137, 43, 20, 12, 0, 3, 1, 0, 1]
(0, (0, 0, 0), (1, 1)): [173400, 35898, 16722, 7769, 3484, 1501, 647, 236, 111, 32, 19, 11, 2, 4, 0, 1, 1]
(0, (0, 0, 0), (1, 2)): [117462, 21298, 9625, 4394, 1973, 833, 361, 128, 62, 21, 11, 5, 4]
(0, (0, 0, 0), (2, 0)): [58696, 14874, 7586, 3556, 1764, 737, 306, 138, 50, 20, 10, 5, 0, 1, 1]
(0, (0, 0, 0), (2, 1)): [90382, 20509, 10098, 4635, 2217, 953, 378, 172, 64, 22, 10, 8, 0, 2, 0, 0, 1]
(0, (0, 0, 0), (2, 2)): [93635, 18524, 8766, 4046, 1834, 769, 314, 126, 65, 21, 9, 3, 3, 1, 0, 0, 1]
(0, (0, 0, 0), (3, 0)): [17342, 5029, 2934, 1480, 736, 313, 123, 58, 22, 6, 5, 1, 0, 1, 1]
(0, (0, 0, 0), (3, 1)): [34704, 9341, 4946, 2419, 1177, 520, 204, 102, 42, 11, 3, 6, 0, 1, 1]
(0, (0, 0, 0), (3, 2)): [49752, 11597, 6093, 2856, 1356, 586, 227, 97, 47, 18, 6, 7, 2, 0, 1, 0, 1]
(0, (0, 0, 1), (0, 0)): [6604, 20433, 5654, 2712, 1299, 558, 244, 104, 42, 24, 11, 3, 3, 3]
(0, (0, 0, 1), (0, 1)): [569, 1771, 519, 208, 110, 43, 20, 8, 5, 2, 3, 0, 0, 1]
(0, (0, 0, 1), (0, 2)): [258, 662, 172, 73, 35, 19, 5, 2, 3]
(0, (0, 0, 1), (1, 0)): [572, 2023, 617, 339, 148, 72, 26, 11, 2, 2, 1]
(0, (0, 0, 1), (1, 1)): [532, 1690, 493, 222, 118, 44, 22, 9, 1, 3, 2, 0, 0, 1]
(0, (0, 0, 1), (1, 2)): [404, 1077, 289, 121, 57, 31, 9, 5, 2, 2, 1]
(0, (0, 0, 1), (2, 0)): [202, 760, 258, 158, 57, 36, 9, 6, 2, 1]
(0, (0, 0, 1), (2, 1)): [287, 957, 319, 166, 84, 37, 18, 6, 2, 1, 1]
(0, (0, 0, 1), (2, 2)): [366, 978, 274, 130, 71, 25, 12, 2, 1, 2]
(0, (0, 0, 1), (3, 0)): [63, 251, 89, 67, 22, 14, 6, 2, 1]
(0, (0, 0, 1), (3, 1)): [112, 442, 142, 104, 47, 19, 8, 4, 1]
(0, (0, 0, 1), (3, 2)): [208, 610, 175, 115, 62, 18, 5, 2, 2, 1]
(0, (0, 1, 0), (0, 0)): [63926, 59962, 23560, 11554, 5519, 2392, 1025, 436, 180, 97, 29, 13, 5, 6, 2, 0, 1]
(0, (0, 1, 0), (0, 1)): [7464, 6775, 2643, 1249, 590, 261, 125, 46, 21, 11, 0, 2, 0, 1]
(0, (0, 1, 0), (0, 2)): [3007, 2297, 902, 398, 183, 92, 52, 13, 6, 3, 0, 1]
(0, (0, 1, 0), (1, 0)): [7431, 7284, 3072, 1615, 749, 351, 131, 64, 23, 8, 4, 2, 2, 2, 1, 0, 1]
(0, (0, 1, 0), (1, 1)): [6657, 6002, 2431, 1212, 568, 240, 101, 48, 11, 9, 1, 1, 0, 2]
(0, (0, 1, 0), (1, 2)): [4624, 3628, 1485, 719, 309, 143, 63, 33, 7, 4, 1, 2]
(0, (0, 1, 0), (2, 0)): [2720, 2610, 1155, 665, 290, 168, 54, 27, 12, 3, 1, 2, 2, 1, 0, 0, 1]
(0, (0, 1, 0), (2, 1)): [3660, 3394, 1434, 723, 344, 180, 63, 24, 8, 6, 1, 1, 1, 1, 0, 0, 1]
(0, (0, 1, 0), (2, 2)): [3992, 3087, 1377, 628, 292, 137, 57, 23, 9, 4, 1, 2, 0, 0, 0, 0, 1]
(0, (0, 1, 0), (3, 0)): [952, 798, 393, 273, 125, 74, 29, 16, 7, 1, 0, 1, 1]
(0, (0, 1, 0), (3, 1)): [1598, 1403, 668, 428, 197, 106, 35, 17, 2, 1, 0, 1, 0, 1]
(0, (0, 1, 0), (3, 2)): [2309, 1818, 904, 467, 220, 106, 50, 18, 5, 4, 1, 0, 0, 0, 0, 0, 1]
(0, (0, 1, 1), (0, 0)): [5161, 9041, 10670, 4984, 2619, 1282, 530, 234, 123, 50, 14, 10, 2, 3, 2, 0, 1, 1]
(0, (0, 1, 1), (0, 1)): [602, 964, 1112, 487, 257, 138, 53, 16, 9, 6, 2, 2, 0, 0, 0, 0, 1]
(0, (0, 1, 1), (0, 2)): [278, 357, 392, 184, 85, 49, 23, 7, 1, 3, 0, 1]
(0, (0, 1, 1), (1, 0)): [578, 1127, 1352, 677, 347, 186, 68, 29, 23, 3, 2, 2, 0, 1, 1]
(0, (0, 1, 1), (1, 1)): [502, 882, 1035, 460, 249, 124, 42, 18, 12, 3, 2, 0, 0, 0, 0, 0, 1]
(0, (0, 1, 1), (1, 2)): [396, 561, 597, 276, 157, 91, 26, 9, 5, 2, 1, 1, 0, 0, 0, 0, 1]
(0, (0, 1, 1), (2, 0)): [239, 502, 534, 306, 173, 104, 32, 13, 12, 2, 1, 1, 0, 1, 1]
(0, (0, 1, 1), (2, 1)): [269, 516, 611, 294, 139, 69, 24, 15, 9, 4, 0, 0, 0, 0, 1]
(0, (0, 1, 1), (2, 2)): [322, 518, 527, 253, 123, 74, 24, 12, 5, 3, 1, 1, 0, 0, 0, 0, 1]
(0, (0, 1, 1), (3, 0)): [126, 223, 226, 139, 103, 58, 18, 6, 7, 0, 1, 1, 0, 1]
(0, (0, 1, 1), (3, 1)): [118, 195, 243, 133, 98, 40, 13, 7, 9, 2, 0, 0, 0, 0, 1]
(0, (0, 1, 1), (3, 2)): [188, 271, 324, 170, 84, 58, 19, 9, 9, 1, 1, 0, 0, 0, 0, 0, 1]
(0, (1, 0, 0), (0, 0)): [369298, 123570, 79498, 39408, 18884, 8504, 3532, 1490, 641, 274, 125, 55, 22, 12, 3, 1, 1, 1]
(0, (1, 0, 0), (0, 1)): [38996, 12020, 8004, 3875, 1871, 854, 339, 140, 72, 19, 8, 4]
(0, (1, 0, 0), (0, 2)): [14529, 3932, 2639, 1233, 583, 256, 118, 40, 22, 2, 4, 2]
(0, (1, 0, 0), (1, 0)): [35519, 12727, 8935, 4614, 2308, 1037, 429, 178, 76, 36, 21, 7, 1, 5, 1, 0, 1]
(0, (1, 0, 0), (1, 1)): [30415, 9926, 6753, 3398, 1605, 758, 294, 124, 55, 26, 8, 3, 0, 2]
(0, (1, 0, 0), (1, 2)): [19533, 5557, 3795, 1862, 862, 378, 159, 66, 35, 10, 2, 2]
(0, (1, 0, 0), (2, 0)): [11026, 4310, 3183, 1760, 909, 415, 175, 74, 25, 16, 11, 2, 1, 3, 0, 0, 1]
(0, (1, 0, 0), (2, 1)): [14903, 5232, 3664, 1958, 927, 447, 180, 73, 31, 17, 8, 3, 0, 4, 0, 0, 1]
(0, (1, 0, 0), (2, 2)): [14237, 4375, 3052, 1474, 726, 297, 140, 65, 33, 14, 5, 2, 0, 2]
(0, (1, 0, 0), (3, 0)): [2848, 1359, 1049, 689, 373, 158, 74, 30, 11, 6, 5, 1]
(0, (1, 0, 0), (3, 1)): [5307, 2177, 1601, 1020, 491, 242, 94, 41, 16, 9, 7, 1, 0, 2]
(0, (1, 0, 0), (3, 2)): [6668, 2496, 1754, 1022, 508, 214, 99, 49, 22, 9, 4, 1, 0, 1]
(0, (1, 0, 1), (0, 0)): [8739, 27122, 10966, 7799, 4069, 1896, 900, 356, 177, 68, 36, 17, 7, 2, 2, 0, 0, 1]
(0, (1, 0, 1), (0, 1)): [918, 2664, 1054, 788, 399, 197, 98, 19, 13, 5, 2, 0, 2, 1]
(0, (1, 0, 1), (0, 2)): [413, 941, 358, 253, 133, 70, 28, 6, 5, 1, 0, 0, 0, 1]
(0, (1, 0, 1), (1, 0)): [840, 2849, 1189, 890, 481, 233, 82, 43, 27, 7, 7, 1, 0, 0, 1]
(0, (1, 0, 1), (1, 1)): [733, 2178, 904, 663, 337, 147, 67, 26, 18, 4, 4]
(0, (1, 0, 1), (1, 2)): [575, 1233, 519, 353, 187, 78, 38, 12, 7, 2]
(0, (1, 0, 1), (2, 0)): [281, 963, 410, 310, 183, 106, 33, 17, 6, 2, 3, 1]
(0, (1, 0, 1), (2, 1)): [355, 1128, 472, 364, 179, 102, 34, 13, 14, 2, 3]
(0, (1, 0, 1), (2, 2)): [456, 969, 412, 310, 154, 73, 40, 15, 4, 2, 2]
(0, (1, 0, 1), (3, 0)): [94, 298, 150, 85, 68, 47, 13, 7, 1, 1, 1, 1]
(0, (1, 0, 1), (3, 1)): [128, 385, 202, 155, 107, 58, 12, 5, 8, 2, 1]
(0, (1, 0, 1), (3, 2)): [209, 479, 260, 183, 106, 59, 24, 11, 7, 4, 3]
(0, (1, 1, 0), (0, 0)): [51806, 33028, 24620, 17810, 9473, 4469, 1888, 874, 371, 167, 78, 32, 10, 4, 0, 0, 1]
(0, (1, 1, 0), (0, 1)): [6114, 3421, 2393, 1814, 1049, 431, 198, 80, 35, 14, 9, 4, 0, 0, 0, 0, 1]
(0, (1, 1, 0), (0, 2)): [2462, 1194, 799, 597, 351, 140, 65, 28, 14, 7, 2]
(0, (1, 1, 0), (1, 0)): [4953, 3332, 2599, 1965, 1026, 540, 205, 94, 38, 17, 9, 3, 1, 2]
(0, (1, 1, 0), (1, 1)): [4544, 2659, 1979, 1548, 804, 386, 155, 70, 23, 10, 9, 2, 1, 1, 0, 0, 1]
(0, (1, 1, 0), (1, 2)): [3223, 1587, 1127, 920, 475, 191, 86, 37, 14, 10, 3, 1, 0, 1, 0, 0, 1]
(0, (1, 1, 0), (2, 0)): [1486, 1104, 900, 667, 396, 215, 86, 39, 19, 8, 4, 3, 0, 1]
(0, (1, 1, 0), (2, 1)): [2113, 1358, 1088, 838, 448, 214, 92, 43, 21, 7, 7, 3, 1]
(0, (1, 1, 0), (2, 2)): [2281, 1225, 924, 742, 381, 178, 78, 37, 14, 9, 3, 1, 0, 0, 0, 0, 1]
(0, (1, 1, 0), (3, 0)): [345, 347, 329, 224, 153, 90, 32, 15, 9, 4, 2, 1, 0, 1]
(0, (1, 1, 0), (3, 1)): [751, 566, 492, 370, 241, 132, 50, 18, 12, 6, 3, 1, 1]
(0, (1, 1, 0), (3, 2)): [1053, 668, 577, 469, 258, 128, 58, 28, 10, 3, 2, 0, 0, 0, 0, 0, 1]
(0, (1, 1, 1), (0, 0)): [4879, 9614, 7893, 5723, 4644, 2319, 1068, 508, 240, 97, 51, 18, 5, 4, 1, 0, 1]
(0, (1, 1, 1), (0, 1)): [631, 1064, 921, 602, 521, 261, 107, 52, 29, 11, 4, 2, 2, 1]
(0, (1, 1, 1), (0, 2)): [333, 419, 336, 213, 182, 97, 33, 16, 10, 2, 3, 1, 1]
(0, (1, 1, 1), (1, 0)): [427, 1011, 888, 618, 519, 272, 110, 41, 29, 8, 6, 2, 0, 1, 0, 0, 1]
(0, (1, 1, 1), (1, 1)): [423, 877, 754, 505, 415, 220, 97, 45, 20, 11, 4, 1, 1, 1, 0, 0, 1]
(0, (1, 1, 1), (1, 2)): [391, 603, 485, 320, 265, 131, 53, 24, 12, 1, 3, 1, 0, 1, 0, 0, 1]
(0, (1, 1, 1), (2, 0)): [119, 302, 294, 217, 201, 109, 32, 18, 10, 2, 2, 2, 0, 1]
(0, (1, 1, 1), (2, 1)): [193, 385, 371, 255, 208, 124, 45, 26, 16, 7, 1, 0, 1]
(0, (1, 1, 1), (2, 2)): [239, 428, 384, 251, 201, 107, 40, 24, 9, 5, 0, 1, 1]
(0, (1, 1, 1), (3, 0)): [24, 95, 80, 81, 61, 46, 16, 9, 2, 0, 2, 1, 0, 1]
(0, (1, 1, 1), (3, 1)): [62, 157, 147, 112, 90, 54, 30, 10, 5, 2, 1, 1, 0, 1]
(0, (1, 1, 1), (3, 2)): [90, 218, 210, 138, 129, 65, 38, 15, 8, 3, 0, 1, 1, 1]
(1, (0, 0, 0), (0, 0)): [1428410, 159153, 65181, 25899, 10067, 3806, 1491, 545, 187, 80, 29, 20, 7, 3, 0, 1]
(1, (0, 0, 0), (0, 1)): [166297, 17588, 7007, 2815, 1103, 393, 151, 70, 16, 4, 1, 3, 0, 1]
(1, (0, 0, 0), (0, 2)): [63128, 5646, 2232, 844, 345, 119, 39, 20, 2, 1, 0, 2]
(1, (0, 0, 0), (1, 0)): [155627, 19885, 8420, 3410, 1366, 516, 209, 66, 19, 10, 3, 2, 0, 0, 0, 1]
(1, (0, 0, 0), (1, 1)): [146760, 16493, 6689, 2733, 1083, 389, 171, 60, 18, 8, 2, 1, 0, 1]
(1, (0, 0, 0), (1, 2)): [97828, 9292, 3707, 1494, 602, 226, 88, 31, 5, 4, 0, 1]
(1, (0, 0, 0), (2, 0)): [52300, 7584, 3463, 1410, 571, 224, 95, 34, 8, 3, 2, 2, 0, 0, 0, 1]
(1, (0, 0, 0), (2, 1)): [78737, 9926, 4303, 1712, 702, 261, 90, 47, 8, 6, 3, 1]
(1, (0, 0, 0), (2, 2)): [80277, 8502, 3595, 1476, 580, 226, 77, 36, 7, 6, 1]
(1, (0, 0, 0), (3, 0)): [15665, 2556, 1430, 593, 244, 96, 51, 12, 6, 2, 1, 1, 0, 0, 0, 1]
(1, (0, 0, 0), (3, 1)): [31685, 4867, 2356, 989, 408, 158, 62, 20, 5, 2, 1]
(1, (0, 0, 0), (3, 2)): [44221, 5785, 2730, 1160, 464, 178, 62, 31, 6, 6, 1]
(1, (0, 0, 1), (0, 0)): [38431, 55326, 11052, 4746, 1961, 817, 294, 114, 57, 19, 13, 6, 3, 2]
(1, (0, 0, 1), (0, 1)): [4177, 5122, 1036, 411, 155, 69, 31, 7, 2, 0, 2, 1]
(1, (0, 0, 1), (0, 2)): [1818, 1670, 328, 118, 56, 18, 14, 1, 2, 0, 0, 1]
(1, (0, 0, 1), (1, 0)): [4506, 6882, 1474, 693, 287, 138, 36, 16, 11, 3, 1]
(1, (0, 0, 1), (1, 1)): [3940, 5097, 1044, 442, 185, 77, 19, 8, 3, 2, 1]
(1, (0, 0, 1), (1, 2)): [2903, 2807, 532, 227, 103, 37, 15, 2, 3, 0, 0, 1]
(1, (0, 0, 1), (2, 0)): [1836, 2809, 667, 358, 142, 72, 25, 10, 7, 1, 1]
(1, (0, 0, 1), (2, 1)): [2258, 3088, 671, 309, 125, 57, 16, 7, 4, 1, 1]
(1, (0, 0, 1), (2, 2)): [2534, 2566, 536, 251, 98, 42, 17, 3, 2, 0, 1, 1]
(1, (0, 0, 1), (3, 0)): [866, 1149, 315, 195, 79, 42, 11, 5, 1, 0, 1]
(1, (0, 0, 1), (3, 1)): [984, 1326, 340, 180, 67, 33, 12, 6, 2]
(1, (0, 0, 1), (3, 2)): [1538, 1608, 385, 209, 88, 33, 15, 4, 2, 0, 1]
(1, (0, 1, 0), (0, 0)): [193091, 84364, 30990, 13454, 5450, 2157, 757, 338, 101, 50, 25, 9, 9, 2, 1]
(1, (0, 1, 0), (0, 1)): [21093, 8350, 3083, 1298, 511, 220, 78, 33, 10, 6, 2]
(1, (0, 1, 0), (0, 2)): [8245, 2924, 1024, 405, 137, 76, 26, 9, 3, 2]
(1, (0, 1, 0), (1, 0)): [23893, 10161, 4009, 2015, 822, 322, 122, 50, 20, 7, 4, 0, 0, 1]
(1, (0, 1, 0), (1, 1)): [19668, 7813, 2948, 1381, 574, 216, 82, 26, 11, 3, 1, 0, 0, 1]
(1, (0, 1, 0), (1, 2)): [13066, 4668, 1676, 698, 245, 100, 42, 19, 6, 4]
(1, (0, 1, 0), (2, 0)): [10111, 4147, 1792, 1021, 425, 168, 66, 33, 12, 4, 4]
(1, (0, 1, 0), (2, 1)): [11515, 4611, 1912, 958, 430, 150, 63, 24, 8, 3, 1, 0, 0, 1]
(1, (0, 1, 0), (2, 2)): [11398, 4085, 1594, 691, 281, 110, 40, 13, 7, 5]
(1, (0, 1, 0), (3, 0)): [4604, 1740, 794, 573, 246, 94, 38, 18, 8, 2, 2]
(1, (0, 1, 0), (3, 1)): [5436, 2044, 964, 595, 273, 91, 41, 21, 9, 2, 2, 0, 0, 1]
(1, (0, 1, 0), (3, 2)): [7031, 2497, 1138, 607, 273, 81, 35, 14, 4, 6, 1, 0, 0, 1]
(1, (0, 1, 1), (0, 0)): [30198, 25313, 21945, 8891, 4652, 1833, 729, 295, 133, 41, 11, 6, 2, 2, 0, 1]
(1, (0, 1, 1), (0, 1)): [2896, 2277, 1892, 775, 348, 136, 66, 25, 5, 0, 1]
(1, (0, 1, 1), (0, 2)): [1364, 743, 660, 263, 132, 41, 23, 10, 1, 0, 1]
(1, (0, 1, 1), (1, 0)): [3861, 3566, 2690, 1189, 748, 282, 110, 47, 18, 8]
(1, (0, 1, 1), (1, 1)): [2511, 2082, 1720, 718, 339, 124, 49, 24, 7, 3]
(1, (0, 1, 1), (1, 2)): [2036, 1209, 1051, 415, 208, 73, 31, 14, 3, 1, 1]
(1, (0, 1, 1), (2, 0)): [2225, 1916, 1411, 672, 508, 196, 82, 32, 13, 5]
(1, (0, 1, 1), (2, 1)): [1375, 1189, 977, 438, 223, 88, 36, 13, 3, 3]
(1, (0, 1, 1), (2, 2)): [1681, 1035, 894, 378, 198, 61, 24, 9, 3, 1]
(1, (0, 1, 1), (3, 0)): [1623, 1313, 889, 471, 418, 156, 65, 27, 11, 4]
(1, (0, 1, 1), (3, 1)): [579, 544, 432, 199, 120, 63, 25, 10, 2, 2]
(1, (0, 1, 1), (3, 2)): [951, 678, 499, 242, 141, 54, 19, 10, 2, 1]
(1, (1, 0, 0), (0, 0)): [536279, 95328, 62206, 26483, 10777, 4268, 1706, 610, 239, 104, 39, 27, 5, 3, 0, 2]
(1, (1, 0, 0), (0, 1)): [56681, 9188, 6118, 2623, 1046, 404, 172, 64, 12, 8, 5, 2]
(1, (1, 0, 0), (0, 2)): [20921, 2926, 1946, 784, 306, 132, 64, 17, 4, 3, 2]
(1, (1, 0, 0), (1, 0)): [55673, 10832, 7512, 3357, 1390, 567, 226, 85, 24, 13, 3, 2, 1, 0, 0, 1]
(1, (1, 0, 0), (1, 1)): [46668, 8069, 5515, 2424, 959, 373, 147, 60, 13, 8, 4, 4, 0, 0, 0, 1]
(1, (1, 0, 0), (1, 2)): [29660, 4486, 3051, 1257, 487, 191, 80, 34, 5, 4, 3, 1]
(1, (1, 0, 0), (2, 0)): [18193, 3869, 2765, 1394, 576, 243, 97, 31, 13, 6, 1, 0, 1]
(1, (1, 0, 0), (2, 1)): [23738, 4481, 3101, 1534, 595, 254, 102, 31, 12, 3, 3, 2, 0, 0, 0, 1]
(1, (1, 0, 0), (2, 2)): [22505, 3693, 2519, 1129, 459, 184, 73, 28, 5, 4, 2]
(1, (1, 0, 0), (3, 0)): [5086, 1308, 856, 546, 250, 102, 38, 10, 4, 4, 0, 0, 1]
(1, (1, 0, 0), (3, 1)): [9134, 2112, 1378, 811, 342, 134, 57, 12, 6, 4, 2, 1, 0, 0, 0, 1]
(1, (1, 0, 0), (3, 2)): [11293, 2347, 1493, 796, 330, 137, 57, 12, 8, 4, 4, 1, 0, 0, 0, 1]
(1, (1, 0, 1), (0, 0)): [43675, 50437, 16096, 10913, 4708, 1947, 766, 295, 98, 61, 17, 7, 0, 1]
(1, (1, 0, 1), (0, 1)): [5115, 4668, 1521, 997, 433, 195, 66, 18, 9, 5]
(1, (1, 0, 1), (0, 2)): [2188, 1468, 521, 310, 149, 68, 28, 10, 3, 2]
(1, (1, 0, 1), (1, 0)): [4527, 5303, 1787, 1290, 599, 230, 88, 38, 11, 10, 0, 1]
(1, (1, 0, 1), (1, 1)): [4029, 3903, 1274, 906, 365, 161, 51, 13, 6, 4, 0, 1]
(1, (1, 0, 1), (1, 2)): [2951, 2157, 772, 492, 206, 99, 26, 17, 4, 2]
(1, (1, 0, 1), (2, 0)): [1562, 1754, 643, 482, 257, 94, 40, 19, 5, 5]
(1, (1, 0, 1), (2, 1)): [1988, 1987, 660, 503, 233, 83, 32, 10, 6, 2, 0, 1]
(1, (1, 0, 1), (2, 2)): [2123, 1649, 618, 410, 194, 67, 28, 12, 6, 1]
(1, (1, 0, 1), (3, 0)): [518, 608, 245, 170, 112, 47, 17, 5, 1, 3]
(1, (1, 0, 1), (3, 1)): [737, 796, 315, 216, 121, 54, 14, 5, 1, 1, 0, 1]
(1, (1, 0, 1), (3, 2)): [1056, 937, 399, 259, 151, 55, 20, 7, 4, 1, 0, 1]
(1, (1, 1, 0), (0, 0)): [149889, 45893, 30445, 22121, 9299, 3857, 1497, 598, 235, 96, 37, 20, 9, 5, 1]
(1, (1, 1, 0), (0, 1)): [17534, 4698, 2920, 2241, 968, 391, 143, 53, 19, 7, 5, 3]
(1, (1, 1, 0), (0, 2)): [7031, 1658, 965, 739, 321, 130, 40, 15, 6, 1, 2]
(1, (1, 1, 0), (1, 0)): [15467, 5121, 3463, 2678, 1158, 491, 203, 71, 23, 14, 7, 1, 2, 1]
(1, (1, 1, 0), (1, 1)): [13887, 4027, 2694, 2018, 882, 357, 131, 56, 12, 13, 6, 2]
(1, (1, 1, 0), (1, 2)): [9855, 2417, 1518, 1183, 495, 160, 59, 32, 4, 2, 6, 2]
(1, (1, 1, 0), (2, 0)): [4987, 1867, 1208, 976, 473, 223, 92, 31, 12, 4, 4, 1, 2, 1]
(1, (1, 1, 0), (2, 1)): [6891, 2251, 1530, 1156, 536, 257, 103, 27, 14, 4, 5, 0, 1]
(1, (1, 1, 0), (2, 2)): [7447, 1987, 1267, 977, 458, 176, 69, 26, 8, 2, 3, 1]
(1, (1, 1, 0), (3, 0)): [1274, 696, 429, 291, 188, 88, 34, 17, 4, 1, 0, 1, 1]
(1, (1, 1, 0), (3, 1)): [2561, 1076, 734, 546, 300, 146, 54, 19, 8, 4, 2, 1, 1]
(1, (1, 1, 0), (3, 2)): [3580, 1262, 838, 618, 338, 129, 52, 20, 6, 4, 1, 1, 1]
(1, (1, 1, 1), (0, 0)): [30500, 24431, 15481, 9976, 7529, 3207, 1306, 487, 205, 74, 26, 18, 9, 4, 1, 1]
(1, (1, 1, 1), (0, 1)): [3751, 2573, 1637, 1026, 789, 330, 137, 52, 26, 4, 3, 1, 0, 1]
(1, (1, 1, 1), (0, 2)): [1775, 900, 578, 371, 264, 91, 44, 13, 4, 2, 2, 0, 0, 1]
(1, (1, 1, 1), (1, 0)): [2922, 2662, 1655, 1051, 880, 394, 174, 63, 22, 10, 3, 3, 2]
(1, (1, 1, 1), (1, 1)): [2811, 2154, 1383, 871, 683, 297, 128, 54, 25, 5, 2, 2]
(1, (1, 1, 1), (1, 2)): [2215, 1238, 853, 528, 409, 166, 67, 29, 11, 2, 1, 2, 0, 1]
(1, (1, 1, 1), (2, 0)): [748, 882, 576, 356, 323, 159, 69, 30, 4, 3, 2, 1, 1]
(1, (1, 1, 1), (2, 1)): [1212, 1145, 713, 442, 348, 185, 80, 26, 10, 3, 2, 1]
(1, (1, 1, 1), (2, 2)): [1487, 994, 698, 440, 328, 149, 72, 22, 7, 3, 1, 2, 0, 1]
(1, (1, 1, 1), (3, 0)): [127, 286, 183, 134, 103, 60, 25, 11, 2, 2, 0, 0, 1]
(1, (1, 1, 1), (3, 1)): [305, 492, 318, 197, 169, 95, 28, 20, 5, 2, 1, 0, 1]
(1, (1, 1, 1), (3, 2)): [595, 582, 397, 251, 200, 102, 41, 22, 3, 1, 2, 1, 0, 1]
(2, (0, 0, 0), (0, 0)): [1244897, 58385, 19583, 6219, 2089, 670, 229, 79, 12, 7, 4, 0, 1]
(2, (0, 0, 0), (0, 1)): [144453, 6107, 2046, 629, 234, 61, 27, 9, 1]
(2, (0, 0, 0), (0, 2)): [54347, 1625, 538, 179, 70, 12, 2, 5]
(2, (0, 0, 0), (1, 0)): [140990, 8185, 2874, 864, 326, 92, 33, 11, 2, 0, 0, 0, 1]
(2, (0, 0, 0), (1, 1)): [130057, 6253, 2192, 617, 242, 73, 31, 4, 1]
(2, (0, 0, 0), (1, 2)): [85075, 2918, 1034, 328, 116, 31, 15, 5]
(2, (0, 0, 0), (2, 0)): [50122, 3277, 1366, 395, 154, 39, 14, 7, 1, 0, 0, 0, 1]
(2, (0, 0, 0), (2, 1)): [72968, 4085, 1592, 427, 156, 42, 18, 5, 1]
(2, (0, 0, 0), (2, 2)): [72879, 3099, 1170, 334, 125, 38, 12, 5]
(2, (0, 0, 0), (3, 0)): [15967, 1121, 628, 182, 76, 21, 6, 4, 0, 0, 0, 0, 1]
(2, (0, 0, 0), (3, 1)): [30928, 2073, 1011, 305, 98, 25, 6, 5, 1]
(2, (0, 0, 0), (3, 2)): [42755, 2333, 1090, 308, 110, 34, 8, 4, 1]
(2, (0, 0, 1), (0, 0)): [115704, 34250, 7230, 2450, 861, 307, 85, 29, 7, 4, 0, 1]
(2, (0, 0, 1), (0, 1)): [13075, 3198, 702, 229, 71, 30, 12, 4, 1, 2]
(2, (0, 0, 1), (0, 2)): [5131, 945, 209, 64, 21, 7, 4, 0, 0, 1]
(2, (0, 0, 1), (1, 0)): [15311, 4305, 1095, 408, 144, 54, 13, 5, 1]
(2, (0, 0, 1), (1, 1)): [12558, 3159, 711, 261, 82, 36, 7, 3, 1, 1]
(2, (0, 0, 1), (1, 2)): [8431, 1618, 352, 107, 44, 18, 6, 1, 0, 1]
(2, (0, 0, 1), (2, 0)): [6645, 1838, 542, 232, 82, 30, 8, 3, 1]
(2, (0, 0, 1), (2, 1)): [7599, 2027, 548, 217, 75, 25, 5, 3, 0, 1]
(2, (0, 0, 1), (2, 2)): [7806, 1599, 421, 139, 52, 22, 4, 1]
(2, (0, 0, 1), (3, 0)): [3172, 768, 259, 142, 37, 17, 6, 1, 1]
(2, (0, 0, 1), (3, 1)): [3627, 985, 293, 144, 45, 18, 5, 2]
(2, (0, 0, 1), (3, 2)): [5025, 1133, 324, 141, 43, 17, 6, 1]
(2, (0, 1, 0), (0, 0)): [306652, 63999, 17791, 6287, 2112, 706, 213, 65, 15, 10, 6, 0, 1]
(2, (0, 1, 0), (0, 1)): [33661, 5893, 1633, 497, 190, 59, 18, 6, 2, 1, 1]
(2, (0, 1, 0), (0, 2)): [13191, 1747, 472, 126, 53, 11, 6, 1, 0, 1]
(2, (0, 1, 0), (1, 0)): [40079, 7953, 2691, 1117, 347, 113, 43, 15, 0, 1, 0, 0, 1]
(2, (0, 1, 0), (1, 1)): [31809, 5807, 1756, 597, 212, 63, 28, 9, 2, 0, 1]
(2, (0, 1, 0), (1, 2)): [21173, 2996, 790, 275, 94, 24, 12, 5, 0, 1]
(2, (0, 1, 0), (2, 0)): [18316, 3410, 1332, 679, 220, 69, 20, 8, 0, 1, 0, 0, 1]
(2, (0, 1, 0), (2, 1)): [19271, 3680, 1265, 463, 161, 47, 19, 4, 2, 0, 1, 0, 1]
(2, (0, 1, 0), (2, 2)): [19142, 2943, 847, 334, 118, 29, 18, 7, 0, 1]
(2, (0, 1, 0), (3, 0)): [9371, 1484, 675, 469, 141, 43, 15, 8, 0, 1]
(2, (0, 1, 0), (3, 1)): [9011, 1709, 710, 346, 115, 40, 12, 3, 2, 0, 1, 0, 1]
(2, (0, 1, 0), (3, 2)): [12204, 1936, 735, 365, 116, 37, 21, 5, 0, 0, 0, 0, 1]
(2, (0, 1, 1), (0, 0)): [70257, 5941, 14960, 4210, 1670, 557, 184, 58, 21, 5, 4, 1, 0, 1]
(2, (0, 1, 1), (0, 1)): [7912, 514, 1367, 356, 125, 52, 9, 6]
(2, (0, 1, 1), (0, 2)): [3300, 185, 402, 108, 44, 15, 4, 1]
(2, (0, 1, 1), (1, 0)): [9510, 916, 1876, 669, 298, 113, 33, 10, 3, 0, 2]
(2, (0, 1, 1), (1, 1)): [7268, 498, 1327, 377, 137, 62, 12, 7, 2]
(2, (0, 1, 1), (1, 2)): [5341, 291, 718, 201, 76, 27, 5, 3]
(2, (0, 1, 1), (2, 0)): [4674, 526, 872, 370, 200, 71, 21, 6, 1, 0, 2]
(2, (0, 1, 1), (2, 1)): [4295, 332, 830, 254, 111, 48, 9, 4, 2, 0, 1]
(2, (0, 1, 1), (2, 2)): [4724, 323, 665, 203, 80, 41, 7, 3, 1]
(2, (0, 1, 1), (3, 0)): [2747, 368, 442, 227, 140, 53, 17, 5, 0, 0, 1]
(2, (0, 1, 1), (3, 1)): [2082, 169, 383, 132, 73, 30, 8, 5, 1, 0, 1]
(2, (0, 1, 1), (3, 2)): [3021, 248, 465, 153, 78, 44, 7, 5, 2]
(2, (1, 0, 0), (0, 0)): [649606, 47137, 31629, 10031, 3307, 1047, 410, 116, 25, 13, 6, 1, 1]
(2, (1, 0, 0), (0, 1)): [68500, 4213, 2956, 936, 310, 107, 49, 17, 5, 0, 0, 1]
(2, (1, 0, 0), (0, 2)): [25169, 1121, 746, 256, 89, 22, 16, 2, 1]
(2, (1, 0, 0), (1, 0)): [68925, 5807, 4097, 1407, 481, 137, 60, 15, 3, 1, 0, 0, 1]
(2, (1, 0, 0), (1, 1)): [58278, 3928, 2783, 927, 297, 96, 39, 14, 4]
(2, (1, 0, 0), (1, 2)): [36931, 1816, 1243, 452, 136, 40, 18, 3, 3]
(2, (1, 0, 0), (2, 0)): [23347, 2290, 1555, 658, 223, 65, 32, 10, 2, 1, 0, 0, 1]
(2, (1, 0, 0), (2, 1)): [30603, 2432, 1680, 631, 215, 62, 32, 9, 1, 0, 0, 0, 1]
(2, (1, 0, 0), (2, 2)): [28960, 1770, 1168, 421, 154, 43, 23, 4, 2]
(2, (1, 0, 0), (3, 0)): [6959, 868, 517, 313, 99, 30, 11, 4, 1, 1]
(2, (1, 0, 0), (3, 1)): [12422, 1281, 828, 444, 118, 38, 17, 4, 1, 1, 0, 0, 1]
(2, (1, 0, 0), (3, 2)): [15337, 1358, 842, 387, 122, 43, 18, 5, 0, 1, 0, 0, 1]
(2, (1, 0, 1), (0, 0)): [114104, 26942, 10585, 6684, 2174, 723, 245, 78, 27, 9, 2, 3, 1]
(2, (1, 0, 1), (0, 1)): [13302, 2624, 970, 631, 208, 71, 22, 6, 4, 1, 1, 1]
(2, (1, 0, 1), (0, 2)): [5310, 774, 290, 167, 59, 18, 3, 1, 1]
(2, (1, 0, 1), (1, 0)): [13239, 2948, 1363, 947, 340, 97, 37, 9, 0, 1]
(2, (1, 0, 1), (1, 1)): [11248, 2299, 944, 607, 237, 73, 32, 6, 3, 1, 1, 1]
(2, (1, 0, 1), (1, 2)): [7559, 1187, 474, 287, 107, 31, 16, 3, 3, 0, 0, 1]
(2, (1, 0, 1), (2, 0)): [4795, 1046, 562, 390, 148, 42, 13, 7]
(2, (1, 0, 1), (2, 1)): [6181, 1243, 596, 360, 168, 55, 14, 4, 0, 1]
(2, (1, 0, 1), (2, 2)): [5937, 954, 444, 249, 96, 43, 14, 3, 3, 0, 0, 1]
(2, (1, 0, 1), (3, 0)): [1619, 323, 231, 155, 58, 16, 8, 3]
(2, (1, 0, 1), (3, 1)): [2667, 497, 301, 198, 111, 24, 10, 2, 0, 1]
(2, (1, 0, 1), (3, 2)): [3309, 513, 345, 183, 92, 37, 9, 2, 3]
(2, (1, 1, 0), (0, 0)): [257096, 39122, 19619, 13640, 4477, 1422, 481, 159, 50, 24, 7, 2, 2, 1]
(2, (1, 1, 0), (0, 1)): [29207, 3756, 1773, 1302, 399, 119, 46, 24, 2, 2, 0, 1, 1]
(2, (1, 1, 0), (0, 2)): [11850, 1119, 525, 364, 110, 32, 11, 9, 2]
(2, (1, 1, 0), (1, 0)): [27607, 4248, 2431, 1756, 642, 189, 76, 16, 6, 3, 1]
(2, (1, 1, 0), (1, 1)): [24881, 3361, 1742, 1270, 383, 126, 45, 17, 3, 3, 0, 1, 1]
(2, (1, 1, 0), (1, 2)): [17459, 1733, 893, 610, 186, 62, 19, 13, 2]
(2, (1, 1, 0), (2, 0)): [9410, 1518, 994, 686, 341, 94, 39, 7, 2, 2]
(2, (1, 1, 0), (2, 1)): [13119, 1836, 1134, 781, 286, 79, 35, 9, 4, 2, 0, 0, 1]
(2, (1, 1, 0), (2, 2)): [13794, 1472, 878, 597, 212, 54, 30, 11, 6, 1]
(2, (1, 1, 0), (3, 0)): [3041, 495, 412, 229, 180, 56, 20, 2, 0, 1]
(2, (1, 1, 0), (3, 1)): [5530, 807, 639, 375, 215, 55, 26, 3, 0, 0, 0, 0, 1]
(2, (1, 1, 0), (3, 2)): [7653, 891, 706, 428, 227, 47, 26, 6, 3]
(2, (1, 1, 1), (0, 0)): [74956, 10890, 12558, 6217, 4653, 1462, 499, 165, 53, 10, 8, 3, 1, 1]
(2, (1, 1, 1), (0, 1)): [9552, 1012, 1262, 648, 479, 139, 53, 14, 3, 0, 2, 0, 1]
(2, (1, 1, 1), (0, 2)): [4134, 313, 360, 190, 129, 41, 14, 5, 1, 0, 1]
(2, (1, 1, 1), (1, 0)): [7555, 1709, 1448, 787, 622, 209, 73, 23, 8, 2, 1, 2]
(2, (1, 1, 1), (1, 1)): [7614, 1074, 1185, 620, 477, 150, 53, 13, 4, 1, 1, 0, 1]
(2, (1, 1, 1), (1, 2)): [5799, 543, 608, 291, 229, 83, 19, 8, 2, 1, 1]
(2, (1, 1, 1), (2, 0)): [2133, 1004, 491, 327, 249, 90, 31, 11, 3, 1, 0, 2]
(2, (1, 1, 1), (2, 1)): [3474, 912, 661, 399, 296, 106, 39, 6, 1, 0, 0, 0, 1]
(2, (1, 1, 1), (2, 2)): [4124, 649, 531, 304, 224, 84, 26, 7, 2, 1, 1]
(2, (1, 1, 1), (3, 0)): [355, 613, 140, 153, 79, 46, 17, 8, 2, 1, 0, 1]
(2, (1, 1, 1), (3, 1)): [1010, 755, 259, 241, 158, 58, 24, 6, 0, 1, 0, 1]
(2, (1, 1, 1), (3, 2)): [1722, 756, 328, 270, 179, 67, 30, 6, 2, 1, 1]
