(0, (0, 0, 0)): [842228, 168551, 78958, 36036, 16179, 7056, 2918, 1215, 501, 233, 96, 48, 25, 7, 3, 1, 0, 1]
(0, (0, 0, 1)): [3547, 10856, 2976, 1404, 709, 308, 134, 69, 29, 17, 4, 1, 3, 1]
(0, (0, 1, 0)): [27629, 26304, 10412, 4874, 2410, 1061, 433, 190, 86, 49, 15, 5, 3, 1, 1]
(0, (0, 1, 1)): [2468, 4172, 5194, 2384, 1302, 597, 260, 122, 56, 27, 8, 6, 1, 2, 1, 0, 0, 1]
(0, (1, 0, 0)): [183059, 60905, 39069, 19292, 9238, 4209, 1796, 775, 326, 150, 66, 31, 15, 4, 2, 1, 0, 1]
(0, (1, 0, 1)): [4204, 13346, 5438, 3736, 2003, 914, 459, 190, 87, 40, 17, 11, 5, 1, 1, 0, 0, 1]
(0, (1, 1, 0)): [24967, 16012, 12376, 8718, 4684, 2243, 978, 474, 189, 81, 40, 18, 6, 1]
(0, (1, 1, 1)): [2530, 4667, 3886, 2966, 2363, 1170, 557, 285, 119, 50, 28, 11, 2, 1, 1]
(1, (0, 0, 0)): [676858, 73815, 30500, 12205, 4808, 1843, 709, 266, 109, 43, 20, 11, 6, 2, 0, 1]
(1, (0, 0, 1)): [18514, 27222, 5414, 2247, 961, 408, 155, 64, 32, 9, 5, 4, 4, 1]
(1, (0, 1, 0)): [89911, 41535, 14881, 6282, 2563, 1025, 352, 172, 45, 28, 16, 7, 6, 1, 1]
(1, (0, 1, 1)): [15141, 12427, 11690, 4613, 2392, 941, 381, 157, 77, 19, 8, 5, 1, 2, 0, 1]
(1, (1, 0, 0)): [265714, 47551, 30358, 13092, 5320, 2132, 839, 301, 143, 60, 22, 16, 4, 2, 0, 2]
(1, (1, 0, 1)): [20777, 25495, 8274, 5411, 2338, 997, 378, 149, 56, 42, 12, 3, 0, 1]
(1, (1, 1, 0)): [71955, 22532, 15528, 10829, 4654, 1969, 772, 305, 129, 54, 18, 11, 6, 4, 1]
(1, (1, 1, 1)): [14937, 11820, 7627, 5112, 3715, 1575, 651, 238, 107, 39, 14, 12, 6, 2, 1, 1]
(2, (0, 0, 0)): [584333, 26285, 8975, 2885, 989, 326, 120, 37, 8, 3, 4, 0, 1]
(2, (0, 0, 1)): [54582, 17338, 3354, 1139, 408, 156, 44, 12, 2, 2, 0, 1]
(2, (0, 1, 0)): [144479, 31949, 8377, 2950, 952, 327, 94, 26, 5, 3, 3, 0, 1]
(2, (0, 1, 1)): [34162, 2987, 7817, 2064, 816, 266, 102, 36, 11, 4, 3, 1, 0, 1]
(2, (1, 0, 0)): [324537, 23828, 15119, 4813, 1582, 495, 210, 57, 15, 8, 5, 0, 1]
(2, (1, 0, 1)): [53167, 13458, 5433, 3164, 1024, 350, 131, 41, 17, 5, 0, 2, 1]
(2, (1, 1, 0)): [125148, 19621, 9989, 6524, 2105, 708, 217, 77, 28, 12, 6, 1, 2, 1]
(2, (1, 1, 1)): [36346, 5391, 6149, 3085, 2190, 717, 235, 87, 35, 6, 5, 0, 1, 1]
