(0, (0, 0, 0)): [13781, 3190, 1665, 873, 377, 200, 74, 37, 15, 7, 2, 4, 1]
(0, (0, 0, 1)): [69, 253, 66, 52, 19, 4, 3, 2, 2, 0, 1, 1]
(0, (0, 1, 0)): [545, 556, 227, 98, 61, 36, 10, 9, 1, 2, 1]
(0, (0, 1, 1)): [40, 82, 140, 68, 31, 20, 3, 5, 3, 3]
(0, (1, 0, 0)): [3007, 1115, 810, 471, 214, 110, 36, 23, 10, 4, 1, 3, 1]
(0, (1, 0, 1)): [76, 299, 132, 75, 54, 17, 9, 3, 4, 0, 0, 1, 1]
(0, (1, 1, 0)): [429, 281, 251, 197, 108, 64, 20, 16, 5, 1, 2, 2]
(0, (1, 1, 1)): [36, 76, 56, 57, 65, 27, 12, 5, 4, 1, 1, 1]
(1, (0, 0, 0)): [11072, 1410, 655, 292, 99, 55, 22, 7, 4, 2]
(1, (0, 0, 1)): [352, 634, 137, 63, 27, 11, 4, 2, 1, 0, 2]
(1, (0, 1, 0)): [1488, 815, 284, 125, 57, 27, 15, 5, 4]
(1, (0, 1, 1)): [256, 252, 276, 123, 52, 20, 8, 10, 2, 1, 1, 1]
(1, (1, 0, 0)): [4729, 946, 637, 343, 131, 60, 25, 10, 4, 3, 0, 1]
(1, (1, 0, 1)): [432, 540, 173, 153, 60, 26, 16, 4, 1, 2, 1, 1]
(1, (1, 1, 0)): [1164, 393, 315, 245, 108, 60, 23, 10, 3, 3]
(1, (1, 1, 1)): [203, 166, 122, 113, 78, 37, 13, 10, 2, 2, 0, 1]
(2, (0, 0, 0)): [9587, 478, 197, 65, 17, 11, 2, 1]
(2, (0, 0, 1)): [1165, 353, 82, 31, 11, 5, 2, 1]
(2, (0, 1, 0)): [2574, 719, 180, 51, 24, 11, 2]
(2, (0, 1, 1)): [624, 65, 153, 57, 27, 8, 5]
(2, (1, 0, 0)): [5936, 497, 331, 127, 38, 18, 5, 2, 1]
(2, (1, 0, 1)): [1159, 298, 153, 93, 35, 14, 7, 3, 1]
(2, (1, 1, 0)): [1977, 337, 201, 133, 46, 24, 3, 0, 1, 1]
(2, (1, 1, 1)): [599, 88, 100, 63, 53, 24, 9, 3, 1]
