(0, (0, 0, 0)): [175354, 33650, 15564, 6886, 3033, 1323, 495, 203, 79, 28, 11, 7, 3]
(0, (0, 0, 1)): [718, 1805, 425, 228, 119, 60, 19, 7, 2, 5]
(0, (0, 1, 0)): [5966, 4913, 1987, 940, 443, 174, 62, 36, 13, 5, 0, 0, 1]
(0, (0, 1, 1)): [565, 780, 906, 430, 246, 99, 41, 23, 6, 9, 2, 1]
(0, (1, 0, 0)): [37079, 10952, 7422, 3492, 1666, 775, 300, 131, 55, 17, 6, 5, 1]
(0, (1, 0, 1)): [903, 2469, 942, 640, 335, 156, 70, 28, 9, 5, 4]
(0, (1, 1, 0)): [5161, 2850, 2061, 1533, 786, 390, 159, 73, 26, 7, 2, 4]
(0, (1, 1, 1)): [612, 789, 685, 488, 418, 198, 97, 50, 17, 11, 2, 1]
(1, (0, 0, 0)): [143265, 15331, 6316, 2460, 953, 344, 124, 39, 20, 5, 6, 1, 1]
(1, (0, 0, 1)): [3469, 4424, 872, 363, 149, 79, 19, 4, 2, 0, 0, 0, 1]
(1, (0, 1, 0)): [17714, 6975, 2767, 1130, 473, 170, 39, 23, 8, 1, 3, 0, 1]
(1, (0, 1, 1)): [2982, 2008, 1833, 690, 415, 148, 59, 24, 7, 1]
(1, (1, 0, 0)): [53091, 8403, 5923, 2480, 1044, 381, 144, 53, 21, 7, 1, 1, 1]
(1, (1, 0, 1)): [4339, 4374, 1339, 986, 453, 165, 65, 27, 5, 4]
(1, (1, 1, 0)): [14452, 4078, 2726, 2020, 842, 335, 123, 51, 25, 5, 0, 1, 1]
(1, (1, 1, 1)): [3199, 2034, 1347, 844, 663, 260, 104, 41, 10, 5, 0, 1, 1]
(2, (0, 0, 0)): [125290, 5868, 1960, 611, 201, 60, 24, 4, 1, 1, 2]
(2, (0, 0, 1)): [9745, 2792, 558, 207, 70, 26, 1, 2, 1]
(2, (0, 1, 0)): [27761, 5421, 1627, 568, 197, 56, 12, 4, 0, 1, 1]
(2, (0, 1, 1)): [6181, 492, 1267, 333, 154, 41, 20, 2, 0, 0, 1]
(2, (1, 0, 0)): [64284, 4199, 3168, 950, 299, 92, 43, 10, 1, 2, 2]
(2, (1, 0, 1)): [10596, 2372, 860, 584, 218, 61, 28, 8, 4, 1]
(2, (1, 1, 0)): [25239, 3619, 1749, 1302, 413, 135, 39, 18, 3, 3, 1, 1]
(2, (1, 1, 1)): [7243, 910, 1107, 514, 436, 129, 50, 17, 4]
