(0, (0, 0, 0)): [14616, 2910, 1413, 644, 333, 133, 50, 26, 13, 9, 5, 0, 1]
(0, (0, 0, 1)): [51, 174, 47, 30, 10, 4, 2, 0, 0, 1]
(0, (0, 1, 0)): [517, 435, 168, 82, 43, 20, 7, 2, 3, 0, 1]
(0, (0, 1, 1)): [41, 87, 89, 38, 16, 10, 5, 5, 1, 2]
(0, (1, 0, 0)): [3299, 1080, 721, 353, 197, 84, 31, 17, 9, 5, 3, 0, 1]
(0, (1, 0, 1)): [71, 232, 84, 63, 38, 20, 8, 3, 4, 1]
(0, (1, 1, 0)): [514, 326, 274, 193, 113, 42, 14, 14, 6, 2, 2, 0, 1]
(0, (1, 1, 1)): [54, 113, 91, 68, 57, 24, 11, 9, 4, 1, 1]
(1, (0, 0, 0)): [11647, 1261, 531, 214, 93, 36, 12, 9, 2, 2, 1]
(1, (0, 0, 1)): [312, 395, 74, 33, 9, 4, 4, 0, 1]
(1, (0, 1, 0)): [1458, 657, 247, 107, 48, 25, 11, 6, 2, 0, 1]
(1, (0, 1, 1)): [281, 225, 190, 66, 46, 15, 7, 3, 3, 1]
(1, (1, 0, 0)): [4693, 820, 534, 221, 110, 38, 14, 5, 3, 3]
(1, (1, 0, 1)): [331, 397, 121, 92, 36, 11, 7, 5, 4, 3]
(1, (1, 1, 0)): [1440, 447, 290, 201, 107, 36, 20, 7]
(1, (1, 1, 1)): [325, 252, 162, 100, 82, 31, 15, 6, 0, 1]
(2, (0, 0, 0)): [9985, 448, 168, 57, 15, 6, 2, 2]
(2, (0, 0, 1)): [806, 246, 56, 21, 11, 2]
(2, (0, 1, 0)): [2348, 512, 150, 52, 18, 6, 4]
(2, (0, 1, 1)): [537, 56, 118, 33, 18, 2, 2, 1]
(2, (1, 0, 0)): [5624, 437, 277, 96, 24, 12, 1, 1]
(2, (1, 0, 1)): [821, 216, 102, 57, 16, 6, 4]
(2, (1, 1, 0)): [2641, 397, 197, 141, 49, 19, 3]
(2, (1, 1, 1)): [744, 122, 137, 76, 42, 10, 5, 2]
