(0, (0, 0, 0)): [193423, 38641, 17659, 8066, 3652, 1566, 657, 265, 98, 46, 23, 4, 5, 3, 2]
(0, (0, 0, 1)): [1021, 3160, 910, 419, 213, 79, 42, 25, 3, 2, 0, 0, 2]
(0, (0, 1, 0)): [6010, 6340, 2356, 1087, 561, 250, 97, 37, 23, 12, 4]
(0, (0, 1, 1)): [529, 998, 1305, 588, 310, 145, 64, 26, 11, 2, 1, 1, 0, 1, 1]
(0, (1, 0, 0)): [43776, 15610, 9236, 4608, 2137, 956, 412, 169, 63, 29, 18, 3, 4, 3, 2]
(0, (1, 0, 1)): [1019, 2923, 1361, 887, 511, 228, 116, 43, 19, 10, 3, 3, 1, 0, 1]
(0, (1, 1, 0)): [5619, 3761, 3115, 2057, 1113, 510, 229, 108, 40, 20, 15, 1, 1, 1]
(0, (1, 1, 1)): [613, 1051, 898, 786, 624, 303, 132, 69, 27, 16, 9, 1, 0, 1, 1]
(1, (0, 0, 0)): [152034, 15991, 6424, 2508, 1034, 415, 151, 55, 13, 9, 3, 1]
(1, (0, 0, 1)): [5503, 8445, 1639, 665, 296, 115, 43, 22, 7, 1, 0, 2, 1]
(1, (0, 1, 0)): [23561, 11625, 3856, 1577, 610, 246, 94, 37, 6, 5, 1, 2, 2]
(1, (0, 1, 1)): [3881, 3379, 3561, 1354, 569, 240, 87, 31, 10, 5, 3, 2, 0, 1]
(1, (1, 0, 0)): [62716, 11921, 6792, 2972, 1157, 503, 165, 62, 20, 11, 5, 3, 1, 2]
(1, (1, 0, 1)): [4894, 6242, 2282, 1309, 581, 252, 83, 35, 10, 11, 4, 1]
(1, (1, 1, 0)): [15707, 5037, 3530, 2386, 986, 432, 143, 61, 27, 10, 4, 2, 0, 3]
(1, (1, 1, 1)): [2996, 2490, 1586, 1190, 777, 342, 122, 62, 18, 5, 2, 0, 0, 1]
(2, (0, 0, 0)): [130192, 5290, 1702, 532, 193, 66, 21, 10, 1, 1, 1]
(2, (0, 0, 1)): [16829, 5728, 948, 297, 102, 42, 17, 1]
(2, (0, 1, 0)): [38364, 8708, 2083, 683, 213, 76, 25, 7, 1, 1]
(2, (0, 1, 1)): [10010, 897, 2384, 611, 206, 67, 20, 5, 3, 1, 1]
(2, (1, 0, 0)): [76268, 5959, 2954, 967, 325, 100, 37, 15, 3, 0, 1]
(2, (1, 0, 1)): [12904, 3657, 1572, 719, 228, 84, 30, 8, 4, 0, 0, 1]
(2, (1, 1, 0)): [24563, 3869, 2133, 1234, 385, 130, 35, 13, 5, 1, 2, 0, 0, 1]
(2, (1, 1, 1)): [7278, 1142, 1212, 692, 417, 128, 45, 16, 7, 1, 2, 0, 0, 1]
