(0, (0, 0, 0), (0, 0)): [1482829, 297334, 136285, 61756, 27419, 11636, 4786, 1975, 794, 360, 146, 67, 30, 11, 4, 1, 0, 1]
(0, (0, 0, 0), (0, 1)): [83618, 15290, 6814, 3018, 1240, 518, 207, 71, 32, 16, 6, 0, 2, 1, 0, 1]
(0, (0, 0, 0), (0, 2)): [31083, 5032, 2214, 932, 386, 160, 63, 24, 15, 3, 1, 0, 1]
(0, (0, 0, 0), (1, 0)): [77463, 16549, 7742, 3525, 1634, 641, 284, 113, 51, 15, 8, 0, 0, 1, 1]
(0, (0, 0, 0), (1, 1)): [72198, 13938, 6387, 2847, 1269, 500, 220, 78, 33, 10, 9, 0, 1, 1, 0, 1]
(0, (0, 0, 0), (1, 2)): [47940, 8182, 3666, 1517, 708, 294, 114, 41, 20, 7, 2, 0, 2]
(0, (0, 0, 0), (2, 0)): [25330, 6015, 2971, 1419, 665, 249, 113, 55, 21, 7, 4, 0, 0, 0, 1]
(0, (0, 0, 0), (2, 1)): [38044, 7999, 3892, 1796, 816, 311, 147, 69, 26, 5, 6, 0, 0, 1]
(0, (0, 0, 0), (2, 2)): [38066, 6978, 3310, 1449, 657, 251, 98, 36, 24, 8, 1, 0, 2]
(0, (0, 0, 0), (3, 0)): [7636, 2167, 1175, 617, 276, 109, 50, 17, 8, 3, 2, 0, 0, 0, 1]
(0, (0, 0, 0), (3, 1)): [14732, 3789, 1936, 979, 440, 176, 82, 39, 16, 3, 2, 0, 0, 0, 1]
(0, (0, 0, 0), (3, 2)): [20249, 4423, 2386, 1047, 499, 200, 74, 33, 18, 7, 2, 0, 2, 0, 1]
(0, (0, 0, 1), (0, 0)): [5900, 17862, 4856, 2303, 1114, 464, 205, 95, 37, 21, 9, 3, 2, 2]
(0, (0, 0, 1), (0, 1)): [267, 756, 229, 86, 41, 10, 4, 4, 2, 1, 1, 0, 0, 1]
(0, (0, 0, 1), (0, 2)): [111, 303, 74, 34, 16, 3, 0, 1, 2]
(0, (0, 0, 1), (1, 0)): [267, 899, 244, 121, 64, 27, 9, 7, 1, 1, 1]
(0, (0, 0, 1), (1, 1)): [247, 686, 204, 79, 44, 14, 4, 5, 0, 1, 1, 0, 0, 1]
(0, (0, 0, 1), (1, 2)): [184, 466, 122, 49, 25, 7, 1, 4, 2, 1]
(0, (0, 0, 1), (2, 0)): [101, 364, 100, 57, 24, 14, 3, 4, 1, 1]
(0, (0, 0, 1), (2, 1)): [140, 400, 140, 58, 34, 10, 3, 3, 0, 1, 1]
(0, (0, 0, 1), (2, 2)): [163, 407, 125, 43, 33, 7, 1, 0, 1, 1]
(0, (0, 0, 1), (3, 0)): [31, 128, 33, 22, 7, 7, 3, 1, 1]
(0, (0, 0, 1), (3, 1)): [60, 180, 57, 37, 17, 8, 0, 3]
(0, (0, 0, 1), (3, 2)): [92, 232, 70, 38, 27, 4, 0, 1, 1, 1]
(0, (0, 1, 0), (0, 0)): [53017, 49276, 19259, 9265, 4393, 1916, 806, 350, 142, 78, 25, 7, 3, 3, 2]
(0, (0, 1, 0), (0, 1)): [2937, 2679, 1003, 437, 187, 90, 43, 19, 7, 3]
(0, (0, 1, 0), (0, 2)): [1173, 913, 329, 128, 64, 30, 23, 5, 4, 1]
(0, (0, 1, 0), (1, 0)): [2959, 2881, 1191, 557, 249, 121, 38, 19, 6, 2, 1, 1, 0, 1, 1]
(0, (0, 1, 0), (1, 1)): [2562, 2354, 951, 440, 174, 83, 26, 18, 2, 3]
(0, (0, 1, 0), (1, 2)): [1777, 1409, 559, 241, 102, 46, 20, 14, 1, 2]
(0, (0, 1, 0), (2, 0)): [1115, 1040, 436, 215, 94, 57, 15, 9, 3, 1, 1, 1, 0, 1]
(0, (0, 1, 0), (2, 1)): [1409, 1313, 545, 253, 102, 63, 19, 8, 1, 2, 1, 0, 0, 1]
(0, (0, 1, 0), (2, 2)): [1545, 1143, 522, 202, 89, 38, 20, 9, 2, 1, 1]
(0, (0, 1, 0), (3, 0)): [385, 305, 154, 90, 41, 22, 9, 7, 3, 0, 0, 1]
(0, (0, 1, 0), (3, 1)): [602, 546, 238, 150, 58, 34, 10, 7, 0, 0, 0, 1, 0, 1]
(0, (0, 1, 0), (3, 2)): [885, 695, 335, 151, 70, 27, 18, 4, 1, 1, 1]
(0, (0, 1, 1), (0, 0)): [4359, 7499, 8861, 4121, 2180, 1018, 437, 195, 96, 42, 10, 6, 2, 2, 1, 0, 0, 1]
(0, (0, 1, 1), (0, 1)): [244, 374, 435, 189, 99, 45, 21, 7, 1, 2, 1]
(0, (0, 1, 1), (0, 2)): [120, 136, 158, 67, 34, 13, 12, 2, 1, 1]
(0, (0, 1, 1), (1, 0)): [234, 474, 560, 264, 144, 59, 25, 9, 8, 1, 0, 1]
(0, (0, 1, 1), (1, 1)): [191, 368, 405, 183, 101, 37, 15, 8, 1, 1, 1]
(0, (0, 1, 1), (1, 2)): [161, 212, 218, 95, 64, 22, 13, 3, 2, 1]
(0, (0, 1, 1), (2, 0)): [113, 209, 237, 122, 73, 37, 12, 5, 5, 1, 0, 1]
(0, (0, 1, 1), (2, 1)): [108, 215, 252, 115, 55, 21, 9, 8, 3, 2]
(0, (0, 1, 1), (2, 2)): [133, 190, 186, 87, 43, 18, 10, 6, 2, 1]
(0, (0, 1, 1), (3, 0)): [60, 97, 99, 59, 51, 28, 5, 2, 1, 0, 0, 1]
(0, (0, 1, 1), (3, 1)): [48, 87, 103, 51, 42, 7, 4, 1, 2, 1]
(0, (0, 1, 1), (3, 2)): [70, 101, 123, 59, 33, 17, 4, 5, 3]
(0, (1, 0, 0), (0, 0)): [314400, 105127, 66498, 32725, 15583, 6933, 2898, 1233, 517, 239, 102, 41, 21, 5, 3, 1, 0, 1]
(0, (1, 0, 0), (0, 1)): [16287, 4897, 3118, 1423, 699, 312, 115, 59, 21, 5]
(0, (1, 0, 0), (0, 2)): [5888, 1570, 1036, 432, 224, 81, 42, 12, 9, 1]
(0, (1, 0, 0), (1, 0)): [14841, 5347, 3525, 1746, 853, 346, 168, 61, 27, 17, 10, 0, 0, 1, 1]
(0, (1, 0, 0), (1, 1)): [12456, 4014, 2574, 1250, 598, 264, 107, 46, 15, 8, 3]
(0, (1, 0, 0), (1, 2)): [7828, 2225, 1441, 659, 330, 125, 65, 23, 9, 5]
(0, (1, 0, 0), (2, 0)): [4584, 1758, 1200, 674, 334, 141, 68, 29, 10, 7, 7, 0, 0, 1]
(0, (1, 0, 0), (2, 1)): [6013, 2034, 1403, 740, 352, 159, 60, 27, 8, 7, 4, 0, 0, 1]
(0, (1, 0, 0), (2, 2)): [5568, 1687, 1133, 520, 261, 104, 59, 24, 9, 7, 2]
(0, (1, 0, 0), (3, 0)): [1200, 542, 396, 271, 137, 47, 29, 14, 5, 2, 3]
(0, (1, 0, 0), (3, 1)): [2131, 844, 579, 396, 204, 71, 30, 13, 6, 2, 3, 0, 0, 1]
(0, (1, 0, 0), (3, 2)): [2683, 942, 652, 352, 197, 67, 31, 18, 5, 3, 1]
(0, (1, 0, 1), (0, 0)): [7519, 23098, 9299, 6468, 3364, 1547, 732, 297, 149, 60, 31, 14, 5, 1, 2, 0, 0, 1]
(0, (1, 0, 1), (0, 1)): [382, 1147, 452, 285, 156, 74, 31, 8, 9, 1, 1, 0, 1]
(0, (1, 0, 1), (0, 2)): [175, 406, 155, 98, 44, 26, 10, 2, 4]
(0, (1, 0, 1), (1, 0)): [350, 1209, 470, 352, 164, 83, 26, 13, 8, 3, 3, 0, 0, 0, 1]
(0, (1, 0, 1), (1, 1)): [301, 872, 356, 247, 128, 52, 20, 9, 5, 0, 3]
(0, (1, 0, 1), (1, 2)): [244, 512, 208, 130, 68, 26, 13, 4, 4]
(0, (1, 0, 1), (2, 0)): [124, 423, 167, 122, 70, 43, 11, 6, 2, 2, 1]
(0, (1, 0, 1), (2, 1)): [135, 465, 194, 134, 70, 35, 12, 4, 6, 0, 2]
(0, (1, 0, 1), (2, 2)): [180, 398, 155, 95, 55, 20, 12, 6, 2, 0, 2]
(0, (1, 0, 1), (3, 0)): [45, 135, 64, 37, 28, 19, 2, 4, 0, 1, 1]
(0, (1, 0, 1), (3, 1)): [44, 155, 72, 61, 45, 18, 3, 2, 2, 1]
(0, (1, 0, 1), (3, 2)): [78, 175, 95, 61, 49, 20, 5, 4, 4, 1, 2]
(0, (1, 1, 0), (0, 0)): [43392, 27634, 20546, 14688, 7821, 3662, 1567, 731, 301, 138, 63, 24, 9, 3]
(0, (1, 1, 0), (0, 1)): [2443, 1349, 946, 661, 398, 148, 70, 31, 8, 4, 3]
(0, (1, 1, 0), (0, 2)): [986, 455, 311, 210, 131, 50, 27, 11, 3, 1, 1]
(0, (1, 1, 0), (1, 0)): [1963, 1277, 952, 705, 379, 183, 79, 38, 15, 6, 2, 0, 0, 2]
(0, (1, 1, 0), (1, 1)): [1718, 981, 736, 539, 306, 130, 58, 28, 7, 5, 3, 0, 0, 1]
(0, (1, 1, 0), (1, 2)): [1208, 607, 428, 329, 175, 57, 29, 18, 2, 4, 1, 0, 0, 1]
(0, (1, 1, 0), (2, 0)): [566, 404, 332, 240, 134, 62, 32, 13, 8, 2, 0, 0, 0, 1]
(0, (1, 1, 0), (2, 1)): [783, 496, 382, 292, 168, 74, 38, 14, 6, 3, 2]
(0, (1, 1, 0), (2, 2)): [833, 441, 327, 248, 139, 56, 27, 15, 3, 4, 1]
(0, (1, 1, 0), (3, 0)): [136, 127, 120, 77, 50, 27, 11, 6, 5, 1, 0, 0, 0, 1]
(0, (1, 1, 0), (3, 1)): [280, 198, 167, 123, 82, 43, 23, 8, 4, 1, 1]
(0, (1, 1, 0), (3, 2)): [383, 213, 189, 161, 93, 36, 18, 11, 3, 0, 1]
(0, (1, 1, 1), (0, 0)): [4133, 7943, 6496, 4813, 3836, 1914, 887, 422, 191, 81, 41, 14, 4, 2, 1]
(0, (1, 1, 1), (0, 1)): [239, 403, 355, 210, 188, 89, 40, 18, 10, 4, 1, 1, 1, 1]
(0, (1, 1, 1), (0, 2)): [115, 170, 131, 66, 71, 37, 13, 5, 6, 0, 0, 1, 1]
(0, (1, 1, 1), (1, 0)): [189, 391, 341, 255, 210, 104, 40, 16, 7, 2, 3]
(0, (1, 1, 1), (1, 1)): [175, 320, 283, 185, 156, 69, 34, 17, 3, 5, 3, 0, 0, 1]
(0, (1, 1, 1), (1, 2)): [149, 230, 178, 105, 92, 40, 12, 9, 6, 1, 0, 1, 0, 1]
(0, (1, 1, 1), (2, 0)): [59, 121, 110, 93, 81, 44, 11, 7, 5, 0, 1]
(0, (1, 1, 1), (2, 1)): [88, 144, 133, 106, 77, 40, 19, 9, 4, 2, 1]
(0, (1, 1, 1), (2, 2)): [87, 170, 135, 88, 71, 35, 13, 8, 1, 2, 0, 1]
(0, (1, 1, 1), (3, 0)): [13, 38, 35, 34, 25, 19, 5, 3, 2, 0, 1]
(0, (1, 1, 1), (3, 1)): [28, 64, 59, 54, 28, 17, 11, 1, 1, 0, 1]
(0, (1, 1, 1), (3, 2)): [37, 74, 73, 58, 48, 22, 12, 4, 2, 0, 0, 1]
(1, (0, 0, 0), (0, 0)): [1205957, 131582, 53733, 21252, 8175, 3054, 1192, 434, 161, 65, 26, 15, 7, 3, 0, 1]
(1, (0, 0, 0), (0, 1)): [68781, 6639, 2660, 1067, 389, 124, 37, 23, 7, 0, 0, 0, 0, 1]
(1, (0, 0, 0), (0, 2)): [25704, 2096, 824, 321, 115, 36, 7, 4]
(1, (0, 0, 0), (1, 0)): [66167, 7902, 3229, 1292, 493, 156, 72, 20, 5, 3, 1, 0, 0, 0, 0, 1]
(1, (0, 0, 0), (1, 1)): [60828, 6321, 2571, 1009, 383, 125, 49, 23, 7, 1, 0, 0, 0, 1]
(1, (0, 0, 0), (1, 2)): [40055, 3461, 1407, 559, 221, 76, 22, 9, 2]
(1, (0, 0, 0), (2, 0)): [22246, 3057, 1336, 527, 207, 66, 35, 9, 0, 2, 1, 0, 0, 0, 0, 1]
(1, (0, 0, 0), (2, 1)): [32654, 3872, 1629, 629, 230, 78, 24, 11, 2, 2, 1]
(1, (0, 0, 0), (2, 2)): [32356, 3150, 1323, 527, 203, 77, 24, 8, 3, 0, 1]
(1, (0, 0, 0), (3, 0)): [6703, 1052, 585, 213, 100, 31, 21, 3, 0, 1, 0, 0, 0, 0, 0, 1]
(1, (0, 0, 0), (3, 1)): [13152, 1941, 927, 361, 161, 41, 19, 6, 1, 1]
(1, (0, 0, 0), (3, 2)): [17671, 2172, 1010, 404, 177, 49, 23, 5, 2, 0, 1]
(1, (0, 0, 1), (0, 0)): [32634, 46678, 9259, 3925, 1607, 657, 246, 98, 45, 16, 11, 5, 3, 1]
(1, (0, 0, 1), (0, 1)): [1791, 2068, 444, 153, 60, 24, 10, 3, 0, 0, 1]
(1, (0, 0, 1), (0, 2)): [756, 668, 140, 39, 22, 6, 4, 1]
(1, (0, 0, 1), (1, 0)): [1891, 2897, 579, 269, 100, 45, 17, 5, 3, 2]
(1, (0, 0, 1), (1, 1)): [1663, 2090, 422, 169, 63, 22, 5, 3, 0, 1, 1]
(1, (0, 0, 1), (1, 2)): [1209, 1164, 213, 78, 35, 13, 2, 1]
(1, (0, 0, 1), (2, 0)): [781, 1167, 263, 128, 53, 24, 14, 1, 3, 1]
(1, (0, 0, 1), (2, 1)): [921, 1239, 256, 117, 47, 18, 11, 2, 0, 0, 1]
(1, (0, 0, 1), (2, 2)): [1018, 1022, 191, 94, 35, 11, 3, 1, 0, 0, 1]
(1, (0, 0, 1), (3, 0)): [371, 490, 131, 71, 28, 13, 5, 1, 1]
(1, (0, 0, 1), (3, 1)): [404, 565, 132, 60, 21, 9, 7, 2]
(1, (0, 0, 1), (3, 2)): [602, 622, 142, 73, 33, 8, 6, 1, 0, 0, 1]
(1, (0, 1, 0), (0, 0)): [162306, 71558, 25807, 11114, 4448, 1739, 595, 281, 83, 40, 22, 9, 9, 2, 1]
(1, (0, 1, 0), (0, 1)): [8681, 3392, 1163, 495, 177, 66, 19, 11, 3, 2, 2]
(1, (0, 1, 0), (0, 2)): [3341, 1175, 381, 154, 49, 20, 5, 2]
(1, (0, 1, 0), (1, 0)): [9901, 4266, 1573, 805, 304, 121, 40, 19, 10, 1, 1, 0, 0, 1]
(1, (0, 1, 0), (1, 1)): [7973, 3087, 1091, 527, 190, 74, 21, 12, 6, 1, 1, 0, 0, 1]
(1, (0, 1, 0), (1, 2)): [5248, 1826, 658, 267, 79, 30, 10, 8, 2, 1]
(1, (0, 1, 0), (2, 0)): [4267, 1826, 718, 431, 158, 65, 27, 13, 5, 0, 1]
(1, (0, 1, 0), (2, 1)): [4500, 1862, 647, 362, 148, 56, 22, 8, 2, 0, 1, 0, 0, 1]
(1, (0, 1, 0), (2, 2)): [4409, 1594, 561, 247, 87, 31, 11, 5, 3]
(1, (0, 1, 0), (3, 0)): [2048, 785, 332, 274, 95, 37, 13, 9, 5]
(1, (0, 1, 0), (3, 1)): [2121, 815, 332, 234, 105, 38, 15, 6, 4, 0, 0, 0, 0, 1]
(1, (0, 1, 0), (3, 2)): [2580, 959, 384, 220, 100, 21, 10, 6, 1, 0, 0, 0, 0, 1]
(1, (0, 1, 1), (0, 0)): [25716, 21126, 18669, 7449, 3894, 1515, 605, 238, 114, 35, 10, 6, 2, 2, 0, 1]
(1, (0, 1, 1), (0, 1)): [1158, 867, 748, 284, 123, 45, 23, 6, 1]
(1, (0, 1, 1), (0, 2)): [541, 281, 256, 95, 46, 12, 8, 2]
(1, (0, 1, 1), (1, 0)): [1702, 1521, 1133, 469, 317, 99, 46, 17, 7, 2]
(1, (0, 1, 1), (1, 1)): [1016, 787, 687, 259, 129, 38, 20, 9, 1, 1]
(1, (0, 1, 1), (1, 2)): [794, 446, 432, 141, 77, 25, 11, 3, 1]
(1, (0, 1, 1), (2, 0)): [1034, 887, 635, 289, 219, 78, 34, 11, 6, 1]
(1, (0, 1, 1), (2, 1)): [542, 462, 367, 155, 80, 24, 16, 4, 0, 1]
(1, (0, 1, 1), (2, 2)): [644, 394, 356, 122, 68, 19, 5, 3, 1]
(1, (0, 1, 1), (3, 0)): [788, 654, 425, 217, 181, 67, 29, 10, 6, 1]
(1, (0, 1, 1), (3, 1)): [232, 212, 170, 73, 44, 17, 11, 3]
(1, (0, 1, 1), (3, 2)): [369, 248, 187, 77, 44, 17, 4, 4, 1]
(1, (1, 0, 0), (0, 0)): [455474, 80796, 51851, 21943, 8840, 3468, 1384, 485, 206, 90, 31, 21, 5, 3, 0, 2]
(1, (1, 0, 0), (0, 1)): [23418, 3602, 2337, 1011, 372, 131, 68, 16, 3, 5]
(1, (1, 0, 0), (0, 2)): [8416, 1110, 754, 310, 109, 46, 24, 6, 1, 3]
(1, (1, 0, 0), (1, 0)): [23286, 4538, 2979, 1258, 495, 188, 72, 31, 8, 4, 1, 0, 1, 0, 0, 1]
(1, (1, 0, 0), (1, 1)): [19123, 3190, 2116, 897, 315, 122, 58, 16, 4, 2, 1, 0, 0, 0, 0, 1]
(1, (1, 0, 0), (1, 2)): [11879, 1684, 1197, 436, 150, 66, 28, 10, 1, 2, 1]
(1, (1, 0, 0), (2, 0)): [7528, 1631, 1078, 511, 207, 85, 31, 9, 5, 3, 0, 0, 1]
(1, (1, 0, 0), (2, 1)): [9650, 1796, 1187, 559, 197, 81, 42, 6, 4, 0, 0, 0, 0, 0, 0, 1]
(1, (1, 0, 0), (2, 2)): [8854, 1407, 989, 412, 142, 57, 30, 7, 2, 1, 1]
(1, (1, 0, 0), (3, 0)): [2126, 544, 321, 200, 88, 39, 7, 4, 1, 3, 0, 0, 1]
(1, (1, 0, 0), (3, 1)): [3637, 849, 509, 284, 116, 47, 13, 6, 1, 2, 0, 0, 0, 0, 0, 1]
(1, (1, 0, 0), (3, 2)): [4335, 872, 554, 298, 101, 44, 18, 3, 3, 2, 1, 0, 0, 0, 0, 1]
(1, (1, 0, 1), (0, 0)): [36834, 42813, 13657, 9125, 3897, 1592, 640, 241, 80, 55, 15, 6, 0, 1]
(1, (1, 0, 1), (0, 1)): [2089, 1880, 621, 400, 173, 67, 27, 4, 5, 5]
(1, (1, 0, 1), (0, 2)): [891, 579, 211, 126, 50, 22, 10, 3, 2, 2]
(1, (1, 0, 1), (1, 0)): [1883, 2210, 750, 475, 223, 75, 31, 8, 3, 4]
(1, (1, 0, 1), (1, 1)): [1622, 1521, 512, 359, 137, 45, 24, 3, 3, 3]
(1, (1, 0, 1), (1, 2)): [1178, 856, 296, 199, 70, 31, 10, 5, 2, 2]
(1, (1, 0, 1), (2, 0)): [657, 759, 274, 172, 92, 36, 11, 4, 2, 2]
(1, (1, 0, 1), (2, 1)): [787, 765, 280, 196, 89, 25, 13, 2, 4, 1]
(1, (1, 0, 1), (2, 2)): [812, 635, 247, 141, 69, 20, 11, 3, 4, 1]
(1, (1, 0, 1), (3, 0)): [223, 269, 97, 56, 41, 20, 5, 1, 0, 1]
(1, (1, 0, 1), (3, 1)): [277, 318, 131, 89, 43, 20, 3, 1, 0, 1]
(1, (1, 0, 1), (3, 2)): [394, 342, 149, 99, 48, 19, 7, 3, 2, 1]
(1, (1, 1, 0), (0, 0)): [125651, 38743, 25690, 18331, 7645, 3147, 1223, 507, 200, 78, 24, 15, 9, 5, 1]
(1, (1, 1, 0), (0, 1)): [6992, 1859, 1121, 857, 349, 138, 51, 24, 6, 2]
(1, (1, 1, 0), (0, 2)): [2821, 661, 375, 286, 110, 43, 18, 7, 2]
(1, (1, 1, 0), (1, 0)): [6098, 2044, 1394, 997, 422, 167, 73, 31, 9, 3, 0, 0, 2, 1]
(1, (1, 1, 0), (1, 1)): [5324, 1563, 1034, 743, 310, 119, 45, 23, 3, 4]
(1, (1, 1, 0), (1, 2)): [3770, 931, 584, 439, 179, 57, 26, 14, 1, 1]
(1, (1, 1, 0), (2, 0)): [1995, 730, 485, 368, 168, 79, 34, 15, 6, 1, 0, 0, 2, 1]
(1, (1, 1, 0), (2, 1)): [2642, 878, 585, 389, 165, 82, 32, 12, 7, 1, 0, 0, 1]
(1, (1, 1, 0), (2, 2)): [2809, 743, 459, 338, 150, 63, 18, 5, 1, 1]
(1, (1, 1, 0), (3, 0)): [502, 279, 159, 108, 78, 34, 12, 8, 2, 1, 0, 0, 1]
(1, (1, 1, 0), (3, 1)): [997, 426, 282, 176, 100, 33, 22, 10, 5, 2, 0, 0, 1]
(1, (1, 1, 0), (3, 2)): [1358, 481, 302, 174, 110, 41, 21, 8, 3, 3, 0, 0, 1]
(1, (1, 1, 1), (0, 0)): [25597, 20445, 12969, 8367, 6162, 2594, 1051, 389, 173, 62, 19, 15, 8, 3, 1, 1]
(1, (1, 1, 1), (0, 1)): [1483, 1027, 668, 393, 289, 108, 46, 18, 12, 1]
(1, (1, 1, 1), (0, 2)): [707, 345, 234, 147, 96, 34, 20, 4, 3, 1]
(1, (1, 1, 1), (1, 0)): [1192, 1081, 645, 392, 312, 138, 68, 19, 9, 2, 0, 1, 1]
(1, (1, 1, 1), (1, 1)): [1094, 855, 533, 315, 241, 99, 41, 17, 7]
(1, (1, 1, 1), (1, 2)): [830, 485, 337, 197, 130, 59, 30, 9, 4]
(1, (1, 1, 1), (2, 0)): [318, 345, 231, 140, 111, 58, 26, 8, 1, 1, 0, 1, 1]
(1, (1, 1, 1), (2, 1)): [493, 462, 272, 175, 116, 56, 28, 7, 2, 1, 0, 1]
(1, (1, 1, 1), (2, 2)): [600, 394, 265, 160, 112, 51, 22, 6, 3]
(1, (1, 1, 1), (3, 0)): [57, 112, 68, 57, 37, 26, 8, 4, 1, 0, 0, 0, 1]
(1, (1, 1, 1), (3, 1)): [115, 189, 119, 87, 59, 28, 11, 5, 0, 0, 0, 0, 1]
(1, (1, 1, 1), (3, 2)): [232, 218, 140, 94, 66, 34, 12, 7, 1]
(2, (0, 0, 0), (0, 0)): [1047698, 47616, 15976, 5084, 1677, 534, 184, 59, 10, 6, 4, 0, 1]
(2, (0, 0, 0), (0, 1)): [59176, 2287, 739, 204, 87, 17, 10, 4, 1]
(2, (0, 0, 0), (0, 2)): [21834, 576, 174, 71, 30, 2, 1, 2]
(2, (0, 0, 0), (1, 0)): [59722, 3156, 1076, 338, 112, 25, 13, 3, 0, 0, 0, 0, 1]
(2, (0, 0, 0), (1, 1)): [53470, 2387, 793, 202, 85, 18, 12, 1]
(2, (0, 0, 0), (1, 2)): [34544, 1063, 347, 118, 48, 7, 5, 1]
(2, (0, 0, 0), (2, 0)): [21403, 1262, 534, 162, 52, 12, 7, 2, 0, 0, 0, 0, 1]
(2, (0, 0, 0), (2, 1)): [30094, 1573, 585, 153, 52, 10, 7, 1]
(2, (0, 0, 0), (2, 2)): [29086, 1122, 412, 115, 48, 8, 2]
(2, (0, 0, 0), (3, 0)): [6916, 442, 261, 72, 28, 6, 5, 1, 0, 0, 0, 0, 1]
(2, (0, 0, 0), (3, 1)): [12992, 788, 381, 114, 32, 9, 4, 1]
(2, (0, 0, 0), (3, 2)): [17168, 853, 389, 100, 38, 8, 1, 1]
(2, (0, 0, 1), (0, 0)): [96346, 29032, 5922, 1977, 710, 247, 65, 23, 5, 2, 0, 1]
(2, (0, 0, 1), (0, 1)): [5297, 1340, 269, 83, 29, 12, 4, 2, 1]
(2, (0, 0, 1), (0, 2)): [2063, 395, 82, 22, 7, 3]
(2, (0, 0, 1), (1, 0)): [6336, 1773, 425, 152, 51, 18, 3, 2]
(2, (0, 0, 1), (1, 1)): [5050, 1263, 273, 93, 32, 17, 4, 2, 1]
(2, (0, 0, 1), (1, 2)): [3431, 654, 134, 39, 18, 7, 2, 1]
(2, (0, 0, 1), (2, 0)): [2728, 768, 194, 93, 26, 7, 1, 1]
(2, (0, 0, 1), (2, 1)): [2963, 814, 204, 82, 25, 10, 2, 2]
(2, (0, 0, 1), (2, 2)): [3001, 607, 152, 50, 16, 11, 2, 1]
(2, (0, 0, 1), (3, 0)): [1342, 298, 100, 59, 9, 4]
(2, (0, 0, 1), (3, 1)): [1430, 400, 103, 52, 17, 5, 2, 1]
(2, (0, 0, 1), (3, 2)): [1936, 424, 114, 54, 11, 10, 2]
(2, (0, 1, 0), (0, 0)): [256548, 54091, 14644, 5165, 1701, 572, 166, 50, 14, 8, 6, 0, 1]
(2, (0, 1, 0), (0, 1)): [13453, 2390, 598, 185, 61, 15, 8, 2, 1, 0, 1]
(2, (0, 1, 0), (0, 2)): [5222, 701, 169, 48, 15, 2, 2]
(2, (0, 1, 0), (1, 0)): [16768, 3201, 1078, 444, 122, 38, 13, 6, 0, 0, 0, 0, 1]
(2, (0, 1, 0), (1, 1)): [12836, 2299, 683, 220, 74, 17, 12, 3, 1, 0, 1]
(2, (0, 1, 0), (1, 2)): [8365, 1190, 287, 111, 24, 5, 3, 2]
(2, (0, 1, 0), (2, 0)): [7734, 1399, 523, 276, 74, 24, 6, 4, 0, 0, 0, 0, 1]
(2, (0, 1, 0), (2, 1)): [7621, 1452, 474, 162, 48, 13, 8, 1, 1, 0, 1, 0, 1]
(2, (0, 1, 0), (2, 2)): [7393, 1136, 325, 130, 34, 7, 3, 3]
(2, (0, 1, 0), (3, 0)): [4121, 632, 286, 203, 56, 16, 5, 4]
(2, (0, 1, 0), (3, 1)): [3628, 659, 274, 120, 40, 9, 7, 0, 1, 0, 1, 0, 1]
(2, (0, 1, 0), (3, 2)): [4666, 709, 281, 134, 34, 8, 5, 1, 0, 0, 0, 0, 1]
(2, (0, 1, 1), (0, 0)): [58181, 4967, 12591, 3413, 1354, 435, 154, 47, 19, 4, 3, 1, 0, 1]
(2, (0, 1, 1), (0, 1)): [3050, 199, 494, 107, 37, 20, 4, 4]
(2, (0, 1, 1), (0, 2)): [1309, 79, 152, 36, 16, 5, 1, 1]
(2, (0, 1, 1), (1, 0)): [3798, 390, 739, 236, 112, 37, 14, 1, 1, 0, 1]
(2, (0, 1, 1), (1, 1)): [2721, 196, 481, 121, 35, 23, 3, 3, 1]
(2, (0, 1, 1), (1, 2)): [1991, 115, 261, 65, 27, 8, 2, 2]
(2, (0, 1, 1), (2, 0)): [1926, 221, 336, 136, 80, 24, 10, 0, 0, 0, 1]
(2, (0, 1, 1), (2, 1)): [1606, 130, 315, 71, 28, 17, 2]
(2, (0, 1, 1), (2, 2)): [1742, 126, 230, 56, 23, 17, 1, 2]
(2, (0, 1, 1), (3, 0)): [1191, 160, 185, 88, 62, 17, 9, 0, 0, 0, 1]
(2, (0, 1, 1), (3, 1)): [762, 62, 160, 45, 17, 5, 3]
(2, (0, 1, 1), (3, 2)): [1100, 101, 184, 45, 23, 14, 2, 2]
(2, (1, 0, 0), (0, 0)): [552004, 40009, 26122, 8263, 2669, 844, 330, 89, 18, 12, 5, 0, 1]
(2, (1, 0, 0), (0, 1)): [27931, 1672, 1097, 330, 108, 31, 15, 4, 1]
(2, (1, 0, 0), (0, 2)): [10023, 453, 273, 84, 34, 5, 4]
(2, (1, 0, 0), (1, 0)): [28999, 2457, 1598, 554, 162, 44, 23, 6, 0, 1, 0, 0, 1]
(2, (1, 0, 0), (1, 1)): [23512, 1541, 1030, 344, 95, 26, 11, 4, 1]
(2, (1, 0, 0), (1, 2)): [14546, 733, 448, 152, 40, 11, 2, 1]
(2, (1, 0, 0), (2, 0)): [9812, 984, 598, 255, 71, 22, 14, 3, 0, 1, 0, 0, 1]
(2, (1, 0, 0), (2, 1)): [12275, 951, 592, 227, 71, 18, 9, 4, 0, 0, 0, 0, 1]
(2, (1, 0, 0), (2, 2)): [11236, 697, 417, 155, 44, 14, 4, 3]
(2, (1, 0, 0), (3, 0)): [2945, 371, 206, 135, 29, 10, 6, 1, 0, 1]
(2, (1, 0, 0), (3, 1)): [5014, 508, 298, 165, 32, 14, 5, 1, 0, 1, 0, 0, 1]
(2, (1, 0, 0), (3, 2)): [5875, 517, 281, 145, 36, 16, 4, 4, 0, 1, 0, 0, 1]
(2, (1, 0, 1), (0, 0)): [95116, 22706, 8881, 5429, 1749, 584, 192, 65, 23, 8, 0, 3, 1]
(2, (1, 0, 1), (0, 1)): [5350, 1031, 393, 261, 67, 20, 5, 2, 0, 1, 0, 1]
(2, (1, 0, 1), (0, 2)): [2130, 314, 121, 69, 24, 6, 1]
(2, (1, 0, 1), (1, 0)): [5295, 1193, 532, 327, 108, 34, 8, 2]
(2, (1, 0, 1), (1, 1)): [4399, 886, 352, 232, 80, 22, 6, 2, 0, 1, 0, 1]
(2, (1, 0, 1), (1, 2)): [2905, 473, 185, 114, 41, 11, 2, 1, 0, 0, 0, 1]
(2, (1, 0, 1), (2, 0)): [1899, 416, 225, 137, 40, 15, 4, 2]
(2, (1, 0, 1), (2, 1)): [2418, 476, 235, 124, 50, 18, 0, 1, 0, 1]
(2, (1, 0, 1), (2, 2)): [2218, 378, 175, 88, 34, 12, 2, 1, 0, 0, 0, 1]
(2, (1, 0, 1), (3, 0)): [640, 128, 94, 52, 22, 3, 4]
(2, (1, 0, 1), (3, 1)): [1021, 184, 104, 64, 36, 7, 2, 0, 0, 1]
(2, (1, 0, 1), (3, 2)): [1200, 205, 127, 61, 31, 11, 3, 1]
(2, (1, 1, 0), (0, 0)): [216897, 33284, 16526, 11270, 3654, 1155, 390, 126, 43, 20, 7, 1, 2, 1]
(2, (1, 1, 0), (0, 1)): [11628, 1590, 704, 470, 135, 31, 16, 10, 1, 1, 0, 0, 1]
(2, (1, 1, 0), (0, 2)): [4714, 466, 204, 125, 43, 8, 4, 6, 1]
(2, (1, 1, 0), (1, 0)): [11424, 1740, 943, 673, 224, 56, 29, 4, 2, 1, 1]
(2, (1, 1, 0), (1, 1)): [9816, 1355, 659, 476, 121, 28, 17, 5, 1, 2, 0, 0, 1]
(2, (1, 1, 0), (1, 2)): [6845, 703, 347, 221, 61, 14, 7, 7, 1]
(2, (1, 1, 0), (2, 0)): [3831, 623, 381, 259, 117, 34, 14, 1]
(2, (1, 1, 0), (2, 1)): [5170, 756, 430, 292, 92, 19, 16, 2, 1, 1, 0, 0, 1]
(2, (1, 1, 0), (2, 2)): [5295, 595, 311, 238, 74, 14, 14, 4, 2]
(2, (1, 1, 0), (3, 0)): [1231, 212, 152, 80, 63, 18, 5]
(2, (1, 1, 0), (3, 1)): [2156, 331, 243, 134, 64, 17, 9, 2, 0, 0, 0, 0, 1]
(2, (1, 1, 0), (3, 2)): [2897, 348, 253, 157, 81, 10, 10, 3, 1]
(2, (1, 1, 1), (0, 0)): [62345, 9037, 10497, 5136, 3757, 1176, 392, 131, 45, 8, 6, 1, 1, 1]
(2, (1, 1, 1), (0, 1)): [3747, 381, 510, 233, 178, 39, 14, 4, 1, 0, 0, 0, 1]
(2, (1, 1, 1), (0, 2)): [1664, 123, 151, 68, 46, 11, 4, 2, 1]
(2, (1, 1, 1), (1, 0)): [2923, 705, 541, 310, 210, 68, 24, 5, 2, 0, 1]
(2, (1, 1, 1), (1, 1)): [2861, 394, 445, 239, 169, 38, 10, 4, 0, 0, 1, 0, 1]
(2, (1, 1, 1), (1, 2)): [2241, 199, 231, 102, 81, 18, 4, 4, 0, 0, 1]
(2, (1, 1, 1), (2, 0)): [803, 427, 182, 121, 85, 35, 13, 1, 1]
(2, (1, 1, 1), (2, 1)): [1283, 350, 251, 145, 99, 30, 12, 0, 0, 0, 0, 0, 1]
(2, (1, 1, 1), (2, 2)): [1486, 219, 195, 106, 82, 20, 7, 3, 0, 0, 1]
(2, (1, 1, 1), (3, 0)): [137, 272, 51, 60, 31, 19, 4, 0, 1]
(2, (1, 1, 1), (3, 1)): [369, 322, 88, 94, 54, 23, 8]
(2, (1, 1, 1), (3, 2)): [622, 259, 110, 101, 62, 18, 10, 1, 0, 0, 1]
