(0, (0, 0, 0), (0, 0)): [1166509, 232294, 107302, 48824, 21677, 9285, 3823, 1628, 642, 296, 121, 59, 26, 10, 3, 1, 0, 1]
(0, (0, 0, 0), (0, 1)): [19858, 3601, 1731, 763, 342, 137, 50, 26, 6, 5, 1, 0, 2, 1, 0, 1]
(0, (0, 0, 0), (0, 2)): [7301, 1148, 558, 242, 105, 31, 19, 10, 2, 1, 0, 0, 1]
(0, (0, 0, 0), (1, 0)): [18753, 4039, 2028, 907, 436, 185, 82, 31, 14, 5, 3]
(0, (0, 0, 0), (1, 1)): [16965, 3238, 1614, 728, 354, 139, 48, 24, 7, 3, 3, 0, 1, 1, 0, 1]
(0, (0, 0, 0), (1, 2)): [11044, 1839, 875, 379, 200, 75, 25, 11, 5, 2, 0, 0, 2]
(0, (0, 0, 0), (2, 0)): [6337, 1531, 797, 392, 177, 85, 38, 14, 6, 2, 1]
(0, (0, 0, 0), (2, 1)): [9111, 1923, 1018, 472, 224, 91, 38, 20, 5, 1, 1, 0, 0, 1]
(0, (0, 0, 0), (2, 2)): [8764, 1600, 818, 363, 186, 78, 22, 11, 5, 3, 1, 0, 2]
(0, (0, 0, 0), (3, 0)): [2125, 557, 333, 183, 77, 44, 17, 6, 3, 0, 1]
(0, (0, 0, 0), (3, 1)): [3779, 948, 554, 290, 117, 57, 22, 14, 4]
(0, (0, 0, 0), (3, 2)): [5114, 1081, 645, 307, 147, 60, 17, 10, 5, 2, 0, 0, 2]
(0, (0, 0, 1), (0, 0)): [4865, 14447, 3906, 1872, 911, 384, 165, 82, 34, 18, 6, 1, 2, 2]
(0, (0, 0, 1), (0, 1)): [82, 206, 67, 22, 14, 6, 2, 1, 0, 1, 0, 0, 0, 1]
(0, (0, 0, 1), (1, 0)): [78, 196, 58, 34, 21, 10, 1, 2, 1]
(0, (0, 0, 1), (1, 1)): [70, 147, 52, 20, 15, 7, 1, 1, 0, 1, 0, 0, 0, 1]
(0, (0, 0, 1), (2, 0)): [31, 88, 26, 17, 6, 6, 1, 1, 1]
(0, (0, 0, 1), (2, 1)): [42, 89, 33, 14, 9, 5]
(0, (0, 1, 0), (0, 0)): [40591, 37276, 14599, 7016, 3355, 1463, 618, 274, 108, 62, 20, 6, 3, 2, 1]
(0, (0, 1, 0), (0, 1)): [643, 527, 203, 94, 36, 22, 8, 6, 2]
(0, (0, 1, 0), (0, 2)): [256, 164, 73, 26, 9, 10, 3, 1, 1]
(0, (0, 1, 0), (1, 0)): [632, 552, 224, 115, 57, 28, 10, 2, 1]
(0, (0, 1, 0), (1, 1)): [540, 456, 178, 90, 36, 14, 7, 5]
(0, (0, 1, 0), (1, 2)): [360, 280, 104, 52, 19, 11, 3, 3, 1]
(0, (0, 1, 0), (2, 0)): [227, 205, 79, 42, 23, 18, 4, 0, 1]
(0, (0, 1, 0), (2, 1)): [279, 244, 95, 49, 19, 16, 5, 3]
(0, (0, 1, 0), (2, 2)): [288, 212, 92, 41, 15, 8, 6, 1, 1]
(0, (0, 1, 0), (3, 0)): [87, 74, 36, 26, 15, 6, 2, 0, 1]
(0, (0, 1, 0), (3, 1)): [117, 107, 50, 29, 19, 8, 1, 1]
(0, (0, 1, 0), (3, 2)): [179, 131, 66, 32, 18, 6, 5]
(0, (0, 1, 1), (0, 0)): [3484, 5818, 6967, 3251, 1728, 802, 344, 165, 78, 33, 9, 6, 1, 2, 1, 0, 0, 1]
(0, (0, 1, 1), (0, 1)): [50, 72, 104, 43, 23, 8, 5, 3]
(0, (0, 1, 1), (1, 0)): [67, 113, 144, 72, 44, 17, 5, 5, 4, 0, 0, 1]
(0, (0, 1, 1), (1, 1)): [38, 68, 89, 44, 24, 5, 3, 2, 1]
(0, (0, 1, 1), (2, 0)): [43, 63, 72, 37, 23, 13, 3, 4, 3, 0, 0, 1]
(0, (0, 1, 1), (2, 1)): [29, 50, 65, 31, 15, 3, 2, 4, 2]
(0, (0, 1, 1), (2, 2)): [35, 38, 47, 17, 9, 4, 2, 2, 2]
(0, (0, 1, 1), (3, 0)): [26, 38, 37, 25, 17, 11, 1, 1, 0, 0, 0, 1]
(0, (0, 1, 1), (3, 1)): [14, 26, 29, 15, 11, 0, 0, 1, 1]
(0, (0, 1, 1), (3, 2)): [19, 23, 37, 15, 9, 3, 2, 3, 2]
(0, (1, 0, 0), (0, 0)): [250479, 83163, 52688, 26044, 12363, 5555, 2326, 1015, 420, 194, 81, 37, 18, 4, 2, 1, 0, 1]
(0, (1, 0, 0), (0, 1)): [4189, 1143, 826, 388, 197, 86, 31, 15, 6]
(0, (1, 0, 0), (0, 2)): [1614, 344, 270, 110, 56, 22, 13, 2, 5]
(0, (1, 0, 0), (1, 0)): [3703, 1232, 896, 430, 216, 81, 43, 15, 7, 6, 2]
(0, (1, 0, 0), (1, 1)): [3116, 934, 692, 325, 158, 58, 24, 15, 5, 4]
(0, (1, 0, 0), (1, 2)): [2019, 506, 393, 170, 80, 27, 17, 8, 3, 2]
(0, (1, 0, 0), (2, 0)): [1166, 409, 297, 170, 90, 40, 13, 6, 3, 2, 2]
(0, (1, 0, 0), (2, 1)): [1508, 467, 359, 189, 94, 42, 14, 6, 4, 3]
(0, (1, 0, 0), (2, 2)): [1405, 377, 288, 139, 70, 26, 15, 8, 3, 3]
(0, (1, 0, 0), (3, 0)): [340, 151, 114, 76, 46, 13, 4, 4, 0, 1, 1]
(0, (1, 0, 0), (3, 1)): [579, 206, 160, 102, 62, 18, 5, 2, 3, 1, 1]
(0, (1, 0, 0), (3, 2)): [707, 233, 178, 97, 66, 19, 7, 6, 2, 3]
(0, (1, 0, 1), (0, 0)): [5989, 18159, 7339, 5077, 2662, 1217, 595, 250, 117, 49, 23, 12, 5, 1, 1, 0, 0, 1]
(0, (1, 0, 1), (0, 1)): [91, 258, 104, 65, 33, 15, 11, 2, 1, 0, 0, 0, 1]
(0, (1, 0, 1), (0, 2)): [34, 97, 28, 24, 12, 7, 4, 0, 1]
(0, (1, 0, 1), (1, 0)): [86, 276, 107, 83, 39, 18, 2, 3, 4, 1, 1]
(0, (1, 0, 1), (1, 1)): [76, 196, 74, 52, 29, 12, 6, 1, 2, 0, 1]
(0, (1, 0, 1), (2, 0)): [33, 101, 46, 30, 16, 9, 0, 3, 1, 1]
(0, (1, 0, 1), (2, 1)): [26, 121, 48, 33, 19, 6, 1, 0, 2, 0, 1]
(0, (1, 0, 1), (2, 2)): [48, 97, 33, 22, 13, 6, 2, 1, 1, 0, 1]
(0, (1, 1, 0), (0, 0)): [34185, 21903, 16498, 11753, 6211, 2953, 1268, 606, 244, 113, 51, 24, 8, 1]
(0, (1, 1, 0), (0, 1)): [598, 330, 230, 177, 99, 35, 16, 11, 3, 0, 1]
(0, (1, 1, 0), (1, 0)): [486, 300, 247, 180, 97, 50, 19, 11, 1, 3]
(0, (1, 1, 0), (1, 1)): [398, 225, 181, 134, 62, 31, 15, 9, 2, 1, 1]
(0, (1, 1, 0), (1, 2)): [280, 126, 98, 78, 42, 16, 6, 10, 1, 1]
(0, (1, 1, 0), (2, 0)): [141, 100, 80, 65, 37, 20, 6, 4, 1, 1]
(0, (1, 1, 0), (2, 1)): [193, 122, 83, 77, 40, 19, 9, 5, 1, 1]
(0, (1, 1, 0), (2, 2)): [194, 103, 76, 59, 31, 17, 3, 7, 1, 2]
(0, (1, 1, 0), (3, 0)): [34, 34, 30, 23, 14, 7, 3, 1, 1]
(0, (1, 1, 0), (3, 1)): [71, 51, 40, 39, 18, 11, 8, 2, 2]
(0, (1, 1, 1), (0, 0)): [3364, 6346, 5209, 3927, 3090, 1558, 725, 358, 155, 66, 35, 13, 3, 1, 1]
(0, (1, 1, 1), (0, 1)): [76, 97, 88, 57, 38, 25, 8, 5, 4, 2, 1, 1]
(0, (1, 1, 1), (1, 0)): [54, 111, 110, 74, 66, 32, 8, 10, 2, 0, 1]
(0, (1, 1, 1), (1, 1)): [55, 82, 90, 58, 32, 23, 8, 7, 1, 1, 1]
(0, (1, 1, 1), (1, 2)): [46, 60, 47, 24, 15, 13, 3, 2, 4, 0, 0, 1]
(0, (1, 1, 1), (2, 0)): [16, 41, 29, 31, 32, 10, 2, 4, 1, 0, 1]
(0, (1, 1, 1), (2, 1)): [29, 39, 39, 33, 26, 14, 3, 4, 1]
(0, (1, 1, 1), (3, 0)): [3, 14, 13, 15, 11, 2, 1, 2, 0, 0, 1]
(0, (1, 1, 1), (3, 1)): [6, 20, 14, 20, 9, 4, 1, 1, 0, 0, 1]
(0, (1, 1, 1), (3, 2)): [11, 14, 21, 20, 11, 8, 3, 1, 1, 0, 0, 1]
(1, (0, 0, 0), (0, 0)): [943623, 102354, 42076, 16648, 6459, 2458, 953, 365, 136, 56, 24, 14, 6, 3, 0, 1]
(1, (0, 0, 0), (0, 1)): [16089, 1601, 703, 260, 94, 26, 12, 7, 1, 0, 0, 0, 0, 1]
(1, (0, 0, 0), (0, 2)): [5941, 484, 205, 73, 26, 7, 1, 1]
(1, (0, 0, 0), (1, 0)): [15766, 1971, 844, 322, 141, 50, 23, 8, 0, 1, 0, 0, 0, 0, 0, 1]
(1, (0, 0, 0), (1, 1)): [13950, 1521, 632, 234, 101, 39, 19, 6, 1, 1, 0, 0, 0, 1]
(1, (0, 0, 0), (1, 2)): [8882, 778, 306, 130, 57, 24, 10, 2]
(1, (0, 0, 0), (2, 0)): [5555, 781, 374, 133, 57, 21, 9, 5, 0, 0, 0, 0, 0, 0, 0, 1]
(1, (0, 0, 0), (2, 1)): [7784, 952, 408, 145, 69, 21, 10, 6, 0, 1]
(1, (0, 0, 0), (2, 2)): [7364, 721, 318, 119, 54, 28, 12, 4]
(1, (0, 0, 0), (3, 0)): [1809, 286, 181, 64, 27, 9, 5, 1, 0, 0, 0, 0, 0, 0, 0, 1]
(1, (0, 0, 0), (3, 1)): [3324, 518, 263, 94, 50, 8, 4, 3]
(1, (0, 0, 0), (3, 2)): [4258, 529, 268, 93, 49, 17, 11, 3]
(1, (0, 0, 1), (0, 0)): [25588, 36341, 7152, 3047, 1270, 519, 197, 83, 38, 11, 8, 4, 3, 1]
(1, (0, 0, 1), (0, 1)): [403, 421, 99, 33, 14, 7, 5]
(1, (0, 0, 1), (0, 2)): [168, 140, 34, 7, 2, 1, 3]
(1, (0, 0, 1), (1, 0)): [431, 600, 121, 62, 27, 12, 5, 3, 1]
(1, (0, 0, 1), (1, 1)): [367, 416, 81, 35, 18, 6, 2, 2]
(1, (0, 0, 1), (1, 2)): [271, 224, 35, 13, 11, 2, 2]
(1, (0, 0, 1), (2, 0)): [187, 252, 53, 31, 13, 7, 5, 1, 1]
(1, (0, 0, 1), (2, 1)): [179, 252, 46, 21, 9, 7, 5, 2]
(1, (0, 0, 1), (3, 0)): [87, 103, 31, 22, 8, 3, 2, 1, 1]
(1, (0, 0, 1), (3, 1)): [103, 130, 20, 14, 4, 3, 3, 2]
(1, (0, 1, 0), (0, 0)): [126377, 56372, 20253, 8619, 3514, 1376, 474, 228, 58, 33, 19, 7, 8, 2, 1]
(1, (0, 1, 0), (0, 1)): [1907, 740, 274, 112, 35, 14, 5, 2, 1]
(1, (0, 1, 0), (0, 2)): [744, 265, 83, 25, 9, 5, 2]
(1, (0, 1, 0), (1, 0)): [2271, 1006, 357, 205, 86, 28, 11, 4, 0, 0, 1, 0, 0, 1]
(1, (0, 1, 0), (1, 1)): [1672, 637, 261, 116, 42, 15, 6, 3, 1, 0, 0, 0, 0, 1]
(1, (0, 1, 0), (1, 2)): [1080, 390, 154, 47, 15, 6, 5, 2]
(1, (0, 1, 0), (2, 0)): [1012, 457, 159, 109, 45, 16, 8, 3, 0, 0, 1]
(1, (0, 1, 0), (2, 1)): [910, 392, 131, 81, 36, 12, 6, 2, 0, 0, 1, 0, 0, 1]
(1, (0, 1, 0), (2, 2)): [865, 345, 131, 41, 24, 5, 3, 1]
(1, (0, 1, 0), (3, 0)): [558, 210, 68, 74, 31, 9, 5, 2]
(1, (0, 1, 0), (3, 1)): [482, 175, 61, 53, 22, 8, 3, 1, 0, 0, 0, 0, 0, 1]
(1, (0, 1, 0), (3, 2)): [514, 198, 85, 46, 25, 0, 4, 1, 0, 0, 0, 0, 0, 1]
(1, (0, 1, 1), (0, 0)): [20679, 16610, 15032, 5989, 3105, 1223, 491, 201, 98, 27, 8, 6, 1, 2, 0, 1]
(1, (0, 1, 1), (0, 1)): [262, 183, 142, 69, 28, 15, 7, 2]
(1, (0, 1, 1), (0, 2)): [133, 60, 45, 21, 7, 4, 3]
(1, (0, 1, 1), (1, 0)): [460, 370, 272, 130, 91, 32, 13, 8, 3, 1]
(1, (0, 1, 1), (1, 1)): [213, 160, 142, 58, 30, 7, 5, 4]
(1, (0, 1, 1), (1, 2)): [169, 90, 79, 37, 14, 5, 3]
(1, (0, 1, 1), (2, 0)): [307, 244, 159, 88, 72, 29, 11, 6, 3, 1]
(1, (0, 1, 1), (2, 1)): [127, 105, 80, 34, 15, 8, 7, 2]
(1, (0, 1, 1), (2, 2)): [123, 88, 74, 33, 18, 2, 2, 2]
(1, (0, 1, 1), (3, 0)): [253, 194, 122, 68, 63, 25, 7, 6, 3, 1]
(1, (0, 1, 1), (3, 1)): [60, 45, 35, 18, 6, 7, 5]
(1, (0, 1, 1), (3, 2)): [75, 59, 39, 19, 11, 3, 1, 1]
(1, (1, 0, 0), (0, 0)): [362152, 63998, 41026, 17468, 7043, 2777, 1112, 400, 178, 73, 28, 19, 4, 3, 0, 2]
(1, (1, 0, 0), (0, 1)): [6023, 835, 634, 268, 101, 34, 15, 3, 1, 2]
(1, (1, 0, 0), (0, 2)): [2195, 261, 227, 79, 29, 9, 6, 1, 0, 2]
(1, (1, 0, 0), (1, 0)): [5793, 1052, 752, 336, 143, 46, 24, 10, 1, 2, 0, 0, 1, 0, 0, 1]
(1, (1, 0, 0), (1, 1)): [4823, 704, 547, 225, 86, 31, 15, 7, 1, 0, 0, 0, 0, 0, 0, 1]
(1, (1, 0, 0), (1, 2)): [2992, 374, 312, 112, 46, 15, 5, 5, 0, 1]
(1, (1, 0, 0), (2, 0)): [1895, 395, 290, 150, 59, 24, 10, 0, 1, 2, 0, 0, 1]
(1, (1, 0, 0), (2, 1)): [2486, 421, 337, 144, 60, 17, 12, 2, 2, 0, 0, 0, 0, 0, 0, 1]
(1, (1, 0, 0), (2, 2)): [2267, 318, 283, 102, 41, 10, 6, 3, 1, 1]
(1, (1, 0, 0), (3, 0)): [573, 139, 98, 66, 26, 11, 4, 0, 0, 2, 0, 0, 1]
(1, (1, 0, 0), (3, 1)): [958, 229, 161, 90, 33, 13, 6, 1, 0, 1, 0, 0, 0, 0, 0, 1]
(1, (1, 0, 0), (3, 2)): [1163, 220, 170, 82, 30, 12, 5, 1, 1, 1, 0, 0, 0, 0, 0, 1]
(1, (1, 0, 1), (0, 0)): [29033, 34138, 10957, 7230, 3058, 1268, 507, 200, 70, 46, 12, 5, 0, 1]
(1, (1, 0, 1), (0, 1)): [493, 434, 128, 109, 45, 17, 9, 2, 3, 2]
(1, (1, 0, 1), (0, 2)): [211, 139, 48, 38, 7, 6, 4, 1, 0, 1]
(1, (1, 0, 1), (1, 0)): [480, 529, 172, 124, 66, 20, 8, 1, 0, 2]
(1, (1, 0, 1), (1, 1)): [382, 360, 109, 91, 47, 7, 8, 1, 2]
(1, (1, 0, 1), (1, 2)): [281, 193, 63, 53, 17, 6, 6, 1, 0, 1]
(1, (1, 0, 1), (2, 0)): [183, 181, 58, 40, 25, 12, 2, 1, 0, 1]
(1, (1, 0, 1), (2, 1)): [181, 187, 61, 46, 28, 7, 5, 0, 2]
(1, (1, 0, 1), (2, 2)): [185, 149, 52, 30, 18, 4, 6, 0, 1]
(1, (1, 0, 1), (3, 0)): [69, 74, 19, 18, 10, 6, 1, 0, 0, 1]
(1, (1, 0, 1), (3, 1)): [75, 85, 22, 21, 18, 7]
(1, (1, 0, 1), (3, 2)): [89, 81, 32, 21, 17, 7, 4, 0, 1]
(1, (1, 1, 0), (0, 0)): [99406, 30825, 20630, 14585, 6158, 2553, 1009, 407, 164, 65, 23, 13, 8, 5, 1]
(1, (1, 1, 0), (0, 1)): [1707, 451, 278, 217, 84, 32, 18, 5, 2]
(1, (1, 1, 0), (0, 2)): [690, 171, 90, 77, 25, 8, 4, 0, 1]
(1, (1, 1, 0), (1, 0)): [1542, 521, 365, 274, 116, 42, 25, 10, 1, 3, 0, 0, 2, 1]
(1, (1, 1, 0), (1, 1)): [1258, 365, 258, 179, 80, 31, 18, 8, 0, 2]
(1, (1, 1, 0), (1, 2)): [922, 223, 144, 113, 41, 15, 8, 2]
(1, (1, 1, 0), (2, 0)): [550, 188, 122, 109, 46, 16, 8, 2, 1, 1, 0, 0, 2, 1]
(1, (1, 1, 0), (2, 1)): [642, 220, 154, 105, 44, 18, 11, 3, 0, 1, 0, 0, 1]
(1, (1, 1, 0), (2, 2)): [667, 176, 105, 80, 40, 14, 6, 1]
(1, (1, 1, 0), (3, 0)): [153, 75, 36, 38, 25, 11, 4, 2, 1, 1, 0, 0, 1]
(1, (1, 1, 0), (3, 1)): [278, 107, 69, 60, 29, 11, 9, 3, 0, 2, 0, 0, 1]
(1, (1, 1, 0), (3, 2)): [358, 109, 72, 48, 31, 15, 9, 4, 0, 2, 0, 0, 1]
(1, (1, 1, 1), (0, 0)): [20479, 16157, 10416, 6782, 4922, 2093, 852, 317, 134, 51, 19, 15, 6, 3, 1, 1]
(1, (1, 1, 1), (0, 1)): [409, 260, 163, 106, 84, 31, 17, 4, 3]
(1, (1, 1, 1), (0, 2)): [207, 93, 61, 32, 33, 8, 9]
(1, (1, 1, 1), (1, 0)): [359, 273, 184, 122, 93, 42, 17, 7, 2, 2, 0, 1, 1]
(1, (1, 1, 1), (1, 1)): [296, 192, 133, 99, 76, 30, 7, 5, 1]
(1, (1, 1, 1), (1, 2)): [227, 104, 89, 55, 40, 21, 7, 1]
(1, (1, 1, 1), (2, 0)): [114, 106, 75, 49, 30, 19, 11, 3, 1, 1, 0, 1, 1]
(1, (1, 1, 1), (2, 1)): [149, 126, 80, 60, 44, 14, 10, 4, 1, 1, 0, 1]
(1, (1, 1, 1), (2, 2)): [158, 91, 70, 63, 37, 15, 7, 1]
(2, (0, 0, 0), (0, 0)): [816795, 36793, 12398, 3971, 1321, 436, 152, 47, 9, 5, 4, 0, 1]
(2, (0, 0, 0), (0, 1)): [13884, 592, 203, 52, 27, 6, 6, 1]
(2, (0, 0, 0), (0, 2)): [5017, 157, 41, 16, 6, 1, 1, 1]
(2, (0, 0, 0), (1, 0)): [14342, 827, 275, 82, 34, 11, 3, 0, 0, 0, 0, 0, 1]
(2, (0, 0, 0), (1, 1)): [12411, 624, 213, 44, 28, 6, 6]
(2, (0, 0, 0), (1, 2)): [7822, 281, 91, 26, 14, 4, 3]
(2, (0, 0, 0), (2, 0)): [5348, 321, 131, 49, 17, 6, 1, 0, 0, 0, 0, 0, 1]
(2, (0, 0, 0), (2, 1)): [7254, 385, 138, 43, 9, 4, 3]
(2, (0, 0, 0), (2, 2)): [6619, 288, 102, 29, 12, 5, 1]
(2, (0, 0, 0), (3, 0)): [1862, 126, 75, 25, 13, 3, 1, 0, 0, 0, 0, 0, 1]
(2, (0, 0, 0), (3, 1)): [3383, 195, 101, 33, 12, 5, 2]
(2, (0, 0, 0), (3, 2)): [4192, 221, 104, 26, 10, 5]
(2, (0, 0, 1), (0, 0)): [74391, 22815, 4522, 1546, 566, 196, 54, 17, 3, 2, 0, 1]
(2, (0, 0, 1), (0, 1)): [1140, 311, 65, 22, 10, 3, 1]
(2, (0, 0, 1), (0, 2)): [441, 78, 20, 4, 2, 1]
(2, (0, 0, 1), (1, 0)): [1395, 393, 97, 40, 10, 5, 0, 1]
(2, (0, 0, 1), (1, 1)): [1109, 273, 65, 20, 8, 2, 1]
(2, (0, 0, 1), (1, 2)): [717, 131, 29, 10, 2, 1, 1]
(2, (0, 0, 1), (2, 0)): [584, 172, 45, 27, 6, 4, 0, 1]
(2, (0, 0, 1), (2, 1)): [630, 152, 48, 17, 9, 2, 0, 1]
(2, (0, 0, 1), (2, 2)): [589, 108, 37, 7, 3, 2, 1]
(2, (0, 0, 1), (3, 0)): [315, 78, 24, 17, 2, 3]
(2, (0, 0, 1), (3, 1)): [337, 82, 19, 15, 6, 2]
(2, (0, 0, 1), (3, 2)): [382, 80, 26, 10, 2, 1]
(2, (0, 1, 0), (0, 0)): [199535, 42862, 11422, 4019, 1336, 460, 134, 37, 8, 7, 5, 0, 1]
(2, (0, 1, 0), (0, 1)): [2930, 543, 141, 51, 15, 1, 1]
(2, (0, 1, 0), (0, 2)): [1104, 160, 39, 10, 4]
(2, (0, 1, 0), (1, 0)): [3939, 674, 282, 114, 27, 15, 5, 1, 0, 0, 0, 0, 1]
(2, (0, 1, 0), (1, 1)): [2739, 471, 165, 57, 14, 5, 3, 1]
(2, (0, 1, 0), (1, 2)): [1721, 246, 60, 33, 3]
(2, (0, 1, 0), (2, 0)): [1873, 300, 142, 76, 20, 9, 3, 0, 0, 0, 0, 0, 1]
(2, (0, 1, 0), (2, 1)): [1670, 300, 108, 36, 10, 7, 3, 1, 0, 0, 0, 0, 1]
(2, (0, 1, 0), (2, 2)): [1510, 234, 62, 35, 5, 3, 0, 1]
(2, (0, 1, 0), (3, 0)): [1070, 140, 84, 55, 15, 4, 2]
(2, (0, 1, 0), (3, 1)): [820, 147, 76, 24, 11, 3, 3, 0, 0, 0, 0, 0, 1]
(2, (0, 1, 0), (3, 2)): [996, 160, 66, 30, 7, 3, 1, 0, 0, 0, 0, 0, 1]
(2, (0, 1, 1), (0, 0)): [45783, 3929, 10066, 2742, 1071, 337, 127, 42, 17, 4, 3, 1, 0, 1]
(2, (0, 1, 1), (0, 1)): [620, 49, 106, 27, 6, 3, 1, 3]
(2, (0, 1, 1), (0, 2)): [265, 21, 34, 8, 3, 1, 1]
(2, (0, 1, 1), (1, 0)): [897, 90, 183, 62, 28, 7, 4, 0, 0, 0, 1]
(2, (0, 1, 1), (1, 1)): [574, 39, 104, 28, 7, 3, 1, 2]
(2, (0, 1, 1), (1, 2)): [384, 23, 53, 12, 4, 1, 2, 1]
(2, (0, 1, 1), (2, 0)): [462, 55, 90, 37, 22, 6, 1, 0, 0, 0, 1]
(2, (0, 1, 1), (2, 1)): [323, 26, 78, 17, 7, 4]
(2, (0, 1, 1), (2, 2)): [336, 27, 56, 15, 3, 4, 1, 1]
(2, (0, 1, 1), (3, 0)): [324, 43, 53, 24, 19, 5, 1, 0, 0, 0, 1]
(2, (0, 1, 1), (3, 2)): [218, 23, 47, 12, 4, 4, 0, 1]
(2, (1, 0, 0), (0, 0)): [439401, 31772, 20562, 6548, 2106, 665, 269, 72, 17, 10, 5, 0, 1]
(2, (1, 0, 0), (0, 1)): [6855, 374, 309, 78, 29, 8, 6, 1]
(2, (1, 0, 0), (0, 2)): [2473, 100, 84, 16, 10, 1, 1]
(2, (1, 0, 0), (1, 0)): [7219, 597, 420, 167, 41, 12, 7, 2, 0, 0, 0, 0, 1]
(2, (1, 0, 0), (1, 1)): [5681, 356, 290, 91, 25, 3, 4, 1]
(2, (1, 0, 0), (1, 2)): [3545, 164, 128, 43, 11, 2]
(2, (1, 0, 0), (2, 0)): [2474, 238, 147, 77, 17, 6, 4, 0, 0, 0, 0, 0, 1]
(2, (1, 0, 0), (2, 1)): [2954, 196, 154, 60, 21, 6, 2, 1, 0, 0, 0, 0, 1]
(2, (1, 0, 0), (2, 2)): [2728, 150, 120, 40, 13, 5, 1, 1]
(2, (1, 0, 0), (3, 0)): [815, 111, 47, 45, 4, 2, 3]
(2, (1, 0, 0), (3, 1)): [1298, 139, 77, 49, 10, 4, 2, 0, 0, 0, 0, 0, 1]
(2, (1, 0, 0), (3, 2)): [1540, 135, 82, 40, 9, 8, 1, 1, 0, 0, 0, 0, 1]
(2, (1, 0, 1), (0, 0)): [74236, 18011, 7089, 4266, 1361, 466, 168, 54, 21, 7, 0, 2, 1]
(2, (1, 0, 1), (0, 1)): [1218, 241, 104, 69, 19, 3, 2, 1, 0, 0, 0, 1]
(2, (1, 0, 1), (0, 2)): [485, 72, 31, 14, 8]
(2, (1, 0, 1), (1, 0)): [1145, 264, 126, 85, 30, 11, 4]
(2, (1, 0, 1), (1, 1)): [933, 190, 76, 67, 17, 7, 4, 1, 0, 0, 0, 1]
(2, (1, 0, 1), (1, 2)): [638, 98, 38, 29, 9, 3, 1, 1, 0, 0, 0, 1]
(2, (1, 0, 1), (2, 0)): [422, 97, 62, 31, 11, 4, 2]
(2, (1, 0, 1), (2, 1)): [512, 115, 41, 34, 14, 4]
(2, (1, 0, 1), (2, 2)): [455, 76, 28, 19, 9, 3, 1, 1, 0, 0, 0, 1]
(2, (1, 0, 1), (3, 0)): [152, 30, 29, 14, 6, 1, 2]
(2, (1, 0, 1), (3, 1)): [239, 49, 30, 18, 6, 1, 2]
(2, (1, 0, 1), (3, 2)): [270, 54, 29, 10, 8, 3, 2, 1]
(2, (1, 1, 0), (0, 0)): [172156, 26684, 13308, 8967, 2925, 944, 307, 99, 37, 17, 6, 1, 2, 1]
(2, (1, 1, 0), (0, 1)): [2882, 391, 178, 131, 36, 7, 5, 3, 0, 0, 0, 0, 1]
(2, (1, 1, 0), (0, 2)): [1147, 124, 51, 34, 10, 1, 2, 1]
(2, (1, 1, 0), (1, 0)): [2869, 439, 247, 194, 56, 19, 8, 2, 1, 1]
(2, (1, 1, 0), (1, 1)): [2365, 319, 153, 126, 27, 7, 4, 2, 1, 1, 0, 0, 1]
(2, (1, 1, 0), (1, 2)): [1630, 184, 81, 51, 12, 3, 2, 2]
(2, (1, 1, 0), (2, 0)): [1007, 170, 112, 79, 30, 12, 3, 1]
(2, (1, 1, 0), (2, 1)): [1271, 171, 108, 84, 21, 10, 4, 1, 1, 1, 0, 0, 1]
(2, (1, 1, 0), (2, 2)): [1223, 148, 71, 69, 14, 4, 4, 2, 1]
(2, (1, 1, 0), (3, 0)): [353, 67, 47, 30, 13, 6, 1]
(2, (1, 1, 0), (3, 1)): [553, 85, 67, 41, 11, 8, 2, 1, 0, 0, 0, 0, 1]
(2, (1, 1, 0), (3, 2)): [679, 93, 60, 45, 15, 3, 3, 2, 1]
(2, (1, 1, 1), (0, 0)): [49716, 7238, 8398, 4172, 2989, 946, 316, 110, 39, 7, 5, 0, 1, 1]
(2, (1, 1, 1), (0, 1)): [984, 93, 136, 68, 45, 8, 5, 3, 1, 0, 0, 0, 1]
(2, (1, 1, 1), (0, 2)): [449, 24, 34, 22, 13, 2, 1, 1, 1]
(2, (1, 1, 1), (1, 0)): [778, 226, 150, 83, 55, 22, 6, 1, 2, 0, 1]
(2, (1, 1, 1), (1, 1)): [732, 108, 119, 60, 40, 6, 3, 0, 0, 0, 1, 0, 1]
(2, (1, 1, 1), (1, 2)): [553, 47, 51, 30, 15, 4, 2, 1, 0, 0, 1]
(2, (1, 1, 1), (2, 0)): [216, 150, 45, 37, 27, 15, 4, 1, 1]
(2, (1, 1, 1), (2, 1)): [316, 99, 71, 31, 32, 8, 4, 0, 0, 0, 0, 0, 1]
(2, (1, 1, 1), (2, 2)): [362, 58, 48, 31, 16, 5, 2, 0, 0, 0, 1]
(2, (1, 1, 1), (3, 0)): [45, 102, 16, 23, 9, 8, 1, 0, 1]
(2, (1, 1, 1), (3, 1)): [103, 103, 29, 24, 24, 6, 4]
(2, (1, 1, 1), (3, 2)): [165, 83, 33, 34, 19, 7, 4, 0, 0, 0, 1]
