(0, (0, 0, 0)): [1221105, 242796, 112127, 50969, 22642, 9686, 3985, 1687, 668, 305, 129, 60, 27, 10, 3, 1, 0, 1]
(0, (0, 0, 1)): [5210, 15334, 4158, 1979, 968, 410, 175, 85, 34, 19, 6, 1, 3, 2]
(0, (0, 1, 0)): [42311, 39068, 15242, 7314, 3513, 1517, 641, 278, 111, 66, 22, 6, 3, 2, 1]
(0, (0, 1, 1)): [3651, 6072, 7311, 3408, 1801, 840, 355, 170, 81, 33, 9, 6, 1, 2, 1, 0, 0, 1]
(0, (1, 0, 0)): [262916, 87418, 55210, 27269, 12917, 5797, 2412, 1055, 435, 198, 87, 38, 18, 4, 2, 1, 0, 1]
(0, (1, 0, 1)): [6274, 18885, 7689, 5269, 2784, 1267, 617, 256, 119, 49, 23, 13, 5, 1, 1, 0, 0, 1]
(0, (1, 1, 0)): [35823, 22965, 17386, 12300, 6520, 3080, 1313, 637, 255, 117, 54, 24, 8, 1]
(0, (1, 1, 1)): [3543, 6639, 5454, 4139, 3253, 1628, 755, 378, 161, 70, 37, 14, 3, 1, 1]
(1, (0, 0, 0)): [986501, 106660, 43843, 17302, 6737, 2571, 1000, 377, 143, 58, 25, 14, 6, 3, 0, 1]
(1, (0, 0, 1)): [27276, 38779, 7600, 3236, 1352, 548, 213, 88, 38, 14, 8, 4, 4, 1]
(1, (0, 1, 0)): [133277, 59614, 21332, 9079, 3676, 1441, 496, 236, 61, 34, 20, 7, 8, 2, 1]
(1, (0, 1, 1)): [21819, 17581, 16034, 6370, 3244, 1289, 506, 208, 99, 30, 9, 7, 1, 2, 0, 1]
(1, (1, 0, 0)): [379450, 67221, 42861, 18238, 7359, 2909, 1161, 411, 185, 75, 28, 20, 4, 3, 0, 2]
(1, (1, 0, 1)): [30294, 35764, 11556, 7555, 3216, 1320, 529, 206, 72, 48, 12, 5, 0, 1]
(1, (1, 1, 0)): [103845, 32174, 21623, 15226, 6428, 2668, 1050, 421, 174, 67, 25, 13, 8, 5, 1]
(1, (1, 1, 1)): [21358, 16875, 10851, 7120, 5135, 2190, 888, 336, 141, 53, 20, 15, 6, 3, 1, 1]
(2, (0, 0, 0)): [853836, 38245, 12868, 4104, 1366, 450, 158, 49, 10, 5, 5, 0, 1]
(2, (0, 0, 1)): [78962, 24418, 4754, 1628, 591, 201, 59, 18, 3, 2, 0, 1]
(2, (0, 1, 0)): [210825, 45351, 11991, 4216, 1386, 476, 141, 39, 9, 7, 5, 0, 1]
(2, (0, 1, 1)): [48489, 4199, 10701, 2897, 1129, 358, 130, 45, 17, 4, 3, 1, 0, 1]
(2, (1, 0, 0)): [460550, 33330, 21380, 6798, 2176, 688, 279, 77, 18, 10, 6, 0, 1]
(2, (1, 0, 1)): [77553, 18971, 7502, 4428, 1415, 482, 174, 55, 21, 7, 0, 2, 1]
(2, (1, 1, 0)): [179099, 27729, 13924, 9307, 3002, 976, 323, 106, 38, 17, 7, 1, 2, 1]
(2, (1, 1, 1)): [51847, 7582, 8714, 4350, 3093, 985, 333, 118, 40, 8, 6, 0, 1, 1]
