(0, (0, 0, 0), (0, 0)): [33263, 7111, 3405, 1620, 724, 320, 140, 69, 15, 6, 6, 1]
(0, (0, 0, 0), (0, 1)): [17867, 3425, 1639, 771, 348, 147, 61, 29, 9, 3, 4]
(0, (0, 0, 0), (0, 2)): [7586, 1297, 619, 279, 127, 43, 26, 10, 3, 0, 1]
(0, (0, 0, 0), (1, 0)): [12369, 2839, 1413, 674, 284, 138, 67, 30, 4, 1, 1, 1]
(0, (0, 0, 0), (1, 1)): [14035, 2842, 1415, 700, 298, 138, 45, 23, 5, 4, 1]
(0, (0, 0, 0), (1, 2)): [10848, 1920, 931, 441, 197, 69, 36, 14, 6, 0, 2]
(0, (0, 0, 0), (2, 0)): [3880, 994, 519, 232, 106, 48, 27, 12, 2, 0, 0, 1]
(0, (0, 0, 0), (2, 1)): [6864, 1555, 813, 386, 169, 81, 32, 13, 1, 4, 0, 1]
(0, (0, 0, 0), (2, 2)): [8788, 1640, 806, 413, 175, 70, 31, 12, 4, 2, 1]
(0, (0, 0, 0), (3, 0)): [1049, 266, 190, 85, 38, 21, 5, 6, 1]
(0, (0, 0, 0), (3, 1)): [2507, 623, 395, 192, 85, 49, 12, 9, 2, 2, 0, 1]
(0, (0, 0, 0), (3, 2)): [4625, 991, 578, 294, 132, 50, 17, 11, 3, 1, 1, 1]
(0, (0, 0, 1), (0, 0)): [81, 231, 71, 31, 22, 7, 3, 1, 1, 1]
(0, (0, 0, 1), (0, 1)): [39, 113, 36, 14, 10, 4, 0, 0, 0, 1]
(0, (0, 0, 1), (0, 2)): [21, 49, 10, 5, 5, 2]
(0, (0, 0, 1), (1, 0)): [34, 93, 28, 14, 11, 2, 2, 1, 1]
(0, (0, 0, 1), (1, 1)): [31, 83, 26, 16, 10, 3, 1, 0, 1, 1]
(0, (0, 0, 1), (1, 2)): [33, 71, 20, 12, 5, 1, 0, 0, 1]
(0, (0, 0, 1), (2, 0)): [16, 38, 11, 4, 2, 0, 1, 1]
(0, (0, 0, 1), (2, 1)): [11, 46, 15, 7, 7, 2, 1, 0, 0, 1]
(0, (0, 0, 1), (2, 2)): [25, 56, 18, 6, 7, 2, 0, 0, 1]
(0, (0, 0, 1), (3, 0)): [9, 11, 2, 1, 0, 0, 1]
(0, (0, 0, 1), (3, 1)): [7, 20, 7, 3, 3, 0, 1, 0, 0, 1]
(0, (0, 0, 1), (3, 2)): [12, 39, 13, 5, 6, 2, 1]
(0, (0, 1, 0), (0, 0)): [1329, 1053, 469, 249, 116, 60, 28, 16, 1, 4, 1]
(0, (0, 1, 0), (0, 1)): [665, 512, 213, 106, 57, 23, 10, 7, 0, 1, 1]
(0, (0, 1, 0), (0, 2)): [291, 211, 78, 38, 21, 9, 2, 2]
(0, (0, 1, 0), (1, 0)): [534, 408, 197, 104, 46, 30, 11, 5, 0, 3]
(0, (0, 1, 0), (1, 1)): [537, 406, 182, 84, 52, 21, 6, 4, 0, 3]
(0, (0, 1, 0), (1, 2)): [446, 282, 112, 54, 25, 13, 4, 3]
(0, (0, 1, 0), (2, 0)): [195, 140, 73, 43, 16, 15, 7, 4, 0, 1]
(0, (0, 1, 0), (2, 1)): [252, 224, 113, 47, 37, 17, 6, 2, 0, 1]
(0, (0, 1, 0), (2, 2)): [344, 259, 96, 48, 24, 19, 5, 3, 0, 1]
(0, (0, 1, 0), (3, 0)): [63, 42, 23, 23, 6, 6, 3, 3]
(0, (0, 1, 0), (3, 1)): [99, 92, 45, 30, 18, 12, 2, 1]
(0, (0, 1, 0), (3, 2)): [195, 157, 56, 38, 23, 16, 4, 3, 0, 1]
(0, (0, 1, 1), (0, 0)): [97, 183, 197, 101, 67, 24, 12, 5, 2, 0, 1]
(0, (0, 1, 1), (0, 1)): [49, 84, 88, 43, 29, 12, 3, 3]
(0, (0, 1, 1), (0, 2)): [26, 37, 30, 12, 11, 4, 0, 2]
(0, (0, 1, 1), (1, 0)): [36, 76, 87, 45, 31, 11, 8, 1, 1, 0, 1]
(0, (0, 1, 1), (1, 1)): [27, 76, 83, 44, 24, 10, 4, 2]
(0, (0, 1, 1), (1, 2)): [28, 59, 56, 26, 14, 6, 3, 4]
(0, (0, 1, 1), (2, 0)): [20, 27, 28, 16, 15, 5, 5, 0, 1, 0, 1]
(0, (0, 1, 1), (2, 1)): [16, 42, 46, 21, 14, 6, 1, 0, 1, 0, 1]
(0, (0, 1, 1), (2, 2)): [26, 43, 53, 22, 15, 4, 3, 2, 1]
(0, (0, 1, 1), (3, 0)): [12, 6, 7, 7, 8, 3, 3]
(0, (0, 1, 1), (3, 1)): [7, 22, 15, 10, 7, 4, 2]
(0, (0, 1, 1), (3, 2)): [14, 31, 26, 15, 8, 3, 1, 1]
(0, (1, 0, 0), (0, 0)): [6211, 1744, 1505, 781, 370, 165, 70, 41, 5, 2, 5, 1]
(0, (1, 0, 0), (0, 1)): [3240, 842, 703, 368, 155, 65, 31, 14, 3, 1, 1]
(0, (1, 0, 0), (0, 2)): [1429, 327, 290, 150, 62, 24, 11, 7, 1, 1]
(0, (1, 0, 0), (1, 0)): [2148, 677, 606, 313, 168, 71, 24, 20, 1, 1, 2, 1]
(0, (1, 0, 0), (1, 1)): [2305, 635, 534, 289, 129, 48, 20, 14, 3, 1, 2]
(0, (1, 0, 0), (1, 2)): [1819, 441, 354, 201, 79, 27, 16, 11, 0, 1]
(0, (1, 0, 0), (2, 0)): [638, 248, 230, 117, 61, 31, 8, 5, 0, 0, 0, 1]
(0, (1, 0, 0), (2, 1)): [1053, 334, 270, 151, 92, 31, 10, 5, 3, 1, 2]
(0, (1, 0, 0), (2, 2)): [1289, 353, 253, 152, 69, 28, 17, 9, 3]
(0, (1, 0, 0), (3, 0)): [165, 78, 78, 45, 15, 12, 2, 0, 0, 0, 0, 1]
(0, (1, 0, 0), (3, 1)): [372, 149, 117, 79, 43, 22, 4, 2, 0, 0, 0, 1]
(0, (1, 0, 0), (3, 2)): [615, 224, 154, 104, 57, 15, 10, 8, 1, 0, 0, 1]
(0, (1, 0, 1), (0, 0)): [149, 351, 144, 110, 59, 32, 21, 6, 1, 1]
(0, (1, 0, 1), (0, 1)): [83, 137, 70, 53, 25, 12, 8, 2]
(0, (1, 0, 1), (0, 2)): [48, 44, 25, 20, 10, 5, 2, 1]
(0, (1, 0, 1), (1, 0)): [50, 150, 52, 50, 21, 16, 10, 1, 0, 1]
(0, (1, 0, 1), (1, 1)): [56, 131, 49, 41, 14, 12, 11, 1, 0, 1]
(0, (1, 0, 1), (1, 2)): [53, 77, 32, 29, 9, 10, 9, 1]
(0, (1, 0, 1), (2, 0)): [15, 48, 22, 20, 9, 6, 3, 1]
(0, (1, 0, 1), (2, 1)): [27, 61, 21, 22, 12, 8, 5, 1]
(0, (1, 0, 1), (2, 2)): [37, 60, 27, 22, 4, 8, 8, 1]
(0, (1, 0, 1), (3, 0)): [4, 14, 7, 3, 3, 1, 0, 1]
(0, (1, 0, 1), (3, 1)): [6, 28, 8, 11, 6, 2, 2, 1]
(0, (1, 0, 1), (3, 2)): [18, 37, 16, 16, 5, 2, 2, 2]
(0, (1, 1, 0), (0, 0)): [1026, 564, 395, 375, 198, 92, 40, 19, 3, 3, 1, 1]
(0, (1, 1, 0), (0, 1)): [520, 255, 185, 156, 94, 45, 16, 7, 1, 1, 1, 1]
(0, (1, 1, 0), (0, 2)): [242, 121, 74, 61, 32, 14, 6, 3, 0, 0, 1, 1]
(0, (1, 1, 0), (1, 0)): [367, 229, 147, 162, 81, 34, 20, 10, 2, 2]
(0, (1, 1, 0), (1, 1)): [381, 186, 132, 124, 75, 37, 16, 6, 1, 2]
(0, (1, 1, 0), (1, 2)): [301, 156, 96, 70, 51, 25, 10, 3, 0, 1]
(0, (1, 1, 0), (2, 0)): [100, 81, 50, 62, 25, 11, 8, 4, 1]
(0, (1, 1, 0), (2, 1)): [170, 98, 73, 75, 34, 11, 6, 4, 0, 1]
(0, (1, 1, 0), (2, 2)): [199, 116, 86, 73, 46, 18, 7, 5]
(0, (1, 1, 0), (3, 0)): [23, 24, 13, 20, 9, 5, 4, 2]
(0, (1, 1, 0), (3, 1)): [69, 42, 32, 32, 18, 6, 5, 4, 0, 1]
(0, (1, 1, 0), (3, 2)): [98, 56, 50, 44, 24, 10, 4, 5]
(0, (1, 1, 1), (0, 0)): [108, 169, 141, 101, 93, 36, 25, 10, 1, 1, 2]
(0, (1, 1, 1), (0, 1)): [57, 83, 58, 48, 47, 15, 9, 5, 1, 0, 2]
(0, (1, 1, 1), (0, 2)): [29, 31, 23, 23, 15, 3, 5, 3, 1, 0, 2]
(0, (1, 1, 1), (1, 0)): [39, 65, 61, 42, 33, 16, 12, 4, 0, 1]
(0, (1, 1, 1), (1, 1)): [47, 56, 49, 32, 30, 14, 10, 3]
(0, (1, 1, 1), (1, 2)): [31, 39, 31, 22, 20, 10, 7, 2, 1]
(0, (1, 1, 1), (2, 0)): [12, 16, 19, 19, 16, 6, 2, 2]
(0, (1, 1, 1), (2, 1)): [29, 26, 30, 22, 17, 6, 6, 2]
(0, (1, 1, 1), (2, 2)): [36, 28, 29, 21, 11, 6, 7, 3, 1]
(0, (1, 1, 1), (3, 0)): [2, 4, 4, 8, 6, 2, 0, 1]
(0, (1, 1, 1), (3, 1)): [5, 10, 14, 10, 7, 3, 2, 2]
(0, (1, 1, 1), (3, 2)): [15, 11, 16, 6, 7, 2, 6, 1]
(1, (0, 0, 0), (0, 0)): [28355, 3555, 1402, 612, 215, 92, 43, 10, 7, 1]
(1, (0, 0, 0), (0, 1)): [15052, 1659, 654, 279, 90, 45, 18, 5, 3, 1]
(1, (0, 0, 0), (0, 2)): [6447, 602, 233, 95, 26, 13, 6, 3]
(1, (0, 0, 0), (1, 0)): [10662, 1468, 580, 264, 100, 37, 18, 4, 4]
(1, (0, 0, 0), (1, 1)): [11956, 1425, 586, 257, 85, 33, 17, 3, 5]
(1, (0, 0, 0), (1, 2)): [9331, 963, 355, 149, 46, 18, 10, 3, 1]
(1, (0, 0, 0), (2, 0)): [3474, 512, 214, 98, 42, 18, 7, 0, 2]
(1, (0, 0, 0), (2, 1)): [5853, 775, 355, 146, 53, 19, 12, 2, 3]
(1, (0, 0, 0), (2, 2)): [7666, 842, 350, 153, 45, 17, 13, 2, 2]
(1, (0, 0, 0), (3, 0)): [993, 156, 74, 39, 19, 5, 1, 0, 1]
(1, (0, 0, 0), (3, 1)): [2254, 346, 169, 80, 34, 8, 5, 0, 2]
(1, (0, 0, 0), (3, 2)): [4121, 497, 247, 122, 37, 12, 10, 2, 3]
(1, (0, 0, 1), (0, 0)): [580, 742, 181, 79, 39, 11, 6, 6, 1]
(1, (0, 0, 1), (0, 1)): [289, 310, 75, 36, 11, 3, 3, 2]
(1, (0, 0, 1), (0, 2)): [139, 118, 37, 13, 3, 1, 1]
(1, (0, 0, 1), (1, 0)): [247, 314, 79, 35, 22, 8, 3, 4, 1]
(1, (0, 0, 1), (1, 1)): [237, 272, 59, 32, 14, 2, 3, 2]
(1, (0, 0, 1), (1, 2)): [196, 185, 54, 20, 6, 1, 1]
(1, (0, 0, 1), (2, 0)): [96, 107, 29, 17, 14, 6, 1, 3, 1]
(1, (0, 0, 1), (2, 1)): [137, 138, 40, 20, 14, 2, 3, 3]
(1, (0, 0, 1), (2, 2)): [175, 156, 46, 15, 8, 1, 1, 1]
(1, (0, 0, 1), (3, 0)): [44, 41, 11, 9, 6, 4, 0, 1, 1]
(1, (0, 0, 1), (3, 1)): [62, 59, 16, 9, 11, 3, 2, 2]
(1, (0, 0, 1), (3, 2)): [115, 91, 23, 12, 9, 2, 2]
(1, (0, 1, 0), (0, 0)): [3191, 1201, 564, 246, 95, 55, 18, 5, 0, 1, 1]
(1, (0, 1, 0), (0, 1)): [1549, 560, 271, 102, 36, 19, 7, 0, 0, 1, 1]
(1, (0, 1, 0), (0, 2)): [691, 205, 100, 42, 16, 5, 4]
(1, (0, 1, 0), (1, 0)): [1347, 523, 237, 125, 51, 28, 8, 5]
(1, (0, 1, 0), (1, 1)): [1280, 478, 212, 90, 31, 21, 6, 3]
(1, (0, 1, 0), (1, 2)): [972, 316, 141, 63, 20, 7, 3, 2]
(1, (0, 1, 0), (2, 0)): [533, 200, 96, 58, 29, 13, 3, 2]
(1, (0, 1, 0), (2, 1)): [714, 262, 128, 55, 23, 16, 5, 1]
(1, (0, 1, 0), (2, 2)): [802, 270, 123, 65, 23, 8, 3, 2]
(1, (0, 1, 0), (3, 0)): [211, 68, 39, 31, 17, 10, 1, 1]
(1, (0, 1, 0), (3, 1)): [298, 93, 60, 45, 14, 13, 3, 1]
(1, (0, 1, 0), (3, 2)): [519, 160, 78, 56, 21, 8, 3]
(1, (0, 1, 1), (0, 0)): [513, 426, 357, 161, 86, 39, 11, 1, 0, 0, 2]
(1, (0, 1, 1), (0, 1)): [266, 176, 148, 65, 28, 17, 3, 1]
(1, (0, 1, 1), (0, 2)): [128, 65, 65, 24, 5, 7, 3]
(1, (0, 1, 1), (1, 0)): [223, 190, 175, 81, 53, 18, 7, 0, 0, 0, 2]
(1, (0, 1, 1), (1, 1)): [207, 148, 133, 57, 37, 14, 0, 1]
(1, (0, 1, 1), (1, 2)): [188, 94, 100, 34, 15, 11, 2]
(1, (0, 1, 1), (2, 0)): [104, 89, 64, 36, 28, 10, 6, 0, 0, 0, 2]
(1, (0, 1, 1), (2, 1)): [97, 79, 74, 42, 25, 6, 0, 0, 0, 0, 1]
(1, (0, 1, 1), (2, 2)): [140, 80, 85, 37, 17, 13, 2, 0, 0, 0, 1]
(1, (0, 1, 1), (3, 0)): [65, 55, 30, 11, 22, 7, 3, 0, 0, 0, 1]
(1, (0, 1, 1), (3, 1)): [41, 42, 29, 17, 12, 3]
(1, (0, 1, 1), (3, 2)): [71, 51, 50, 28, 21, 7, 1, 0, 0, 0, 1]
(1, (1, 0, 0), (0, 0)): [9752, 1488, 1272, 589, 202, 89, 42, 16, 9, 0, 1]
(1, (1, 0, 0), (0, 1)): [4943, 688, 567, 255, 100, 39, 17, 9, 3]
(1, (1, 0, 0), (0, 2)): [2173, 264, 202, 92, 36, 19, 8, 4]
(1, (1, 0, 0), (1, 0)): [3628, 598, 503, 249, 78, 32, 18, 5, 5, 0, 1]
(1, (1, 0, 0), (1, 1)): [3705, 519, 449, 224, 69, 29, 17, 7, 4, 0, 1]
(1, (1, 0, 0), (1, 2)): [2827, 341, 261, 126, 40, 24, 11, 4, 1]
(1, (1, 0, 0), (2, 0)): [1155, 224, 167, 99, 29, 11, 8]
(1, (1, 0, 0), (2, 1)): [1779, 291, 225, 142, 29, 17, 11, 3, 2]
(1, (1, 0, 0), (2, 2)): [2110, 283, 214, 115, 35, 16, 10, 5, 2]
(1, (1, 0, 0), (3, 0)): [327, 72, 60, 34, 13, 3, 3]
(1, (1, 0, 0), (3, 1)): [732, 115, 111, 77, 13, 5, 3, 1, 1]
(1, (1, 0, 0), (3, 2)): [1133, 181, 120, 88, 27, 9, 8, 5, 1]
(1, (1, 0, 1), (0, 0)): [743, 725, 231, 201, 84, 36, 20, 6, 3, 2, 1]
(1, (1, 0, 1), (0, 1)): [373, 336, 109, 85, 35, 11, 10, 4, 0, 2, 1]
(1, (1, 0, 1), (0, 2)): [193, 120, 52, 33, 9, 3, 6, 1, 0, 2, 1]
(1, (1, 0, 1), (1, 0)): [281, 266, 81, 83, 35, 19, 8, 0, 3]
(1, (1, 0, 1), (1, 1)): [267, 222, 71, 62, 32, 15, 6, 1, 1]
(1, (1, 0, 1), (1, 2)): [218, 139, 61, 47, 22, 3, 6, 1, 1, 2]
(1, (1, 0, 1), (2, 0)): [93, 98, 23, 34, 12, 6, 4, 0, 1]
(1, (1, 0, 1), (2, 1)): [141, 129, 32, 39, 22, 11, 3]
(1, (1, 0, 1), (2, 2)): [157, 119, 37, 43, 16, 7, 3, 1, 1, 2]
(1, (1, 0, 1), (3, 0)): [35, 24, 8, 10, 3, 3, 1]
(1, (1, 0, 1), (3, 1)): [54, 47, 13, 19, 18, 4, 2]
(1, (1, 0, 1), (3, 2)): [89, 68, 22, 17, 18, 4, 3, 1, 1, 1]
(1, (1, 1, 0), (0, 0)): [2673, 749, 500, 425, 190, 84, 37, 17, 6, 1, 0, 1]
(1, (1, 1, 0), (0, 1)): [1371, 346, 225, 191, 77, 30, 16, 12, 3, 1]
(1, (1, 1, 0), (0, 2)): [588, 137, 85, 81, 28, 11, 4, 3]
(1, (1, 1, 0), (1, 0)): [982, 297, 208, 173, 92, 39, 18, 3, 1]
(1, (1, 1, 0), (1, 1)): [1045, 272, 205, 138, 69, 27, 16, 8, 3]
(1, (1, 1, 0), (1, 2)): [831, 179, 135, 97, 37, 12, 11, 6, 1]
(1, (1, 1, 0), (2, 0)): [320, 119, 59, 72, 33, 17, 4, 2, 1]
(1, (1, 1, 0), (2, 1)): [502, 158, 99, 88, 42, 16, 7, 2, 3]
(1, (1, 1, 0), (2, 2)): [613, 153, 106, 82, 33, 15, 8, 6, 2]
(1, (1, 1, 0), (3, 0)): [89, 33, 17, 22, 17, 8, 1]
(1, (1, 1, 0), (3, 1)): [183, 68, 40, 34, 25, 14, 2, 0, 2]
(1, (1, 1, 0), (3, 2)): [309, 102, 59, 52, 16, 11, 3, 2, 2]
(1, (1, 1, 1), (0, 0)): [579, 426, 242, 158, 179, 72, 29, 7, 5, 1, 1]
(1, (1, 1, 1), (0, 1)): [322, 194, 106, 71, 83, 29, 10, 5, 3]
(1, (1, 1, 1), (0, 2)): [171, 83, 39, 27, 25, 11, 6]
(1, (1, 1, 1), (1, 0)): [197, 173, 107, 68, 61, 30, 13, 1, 2, 1, 1]
(1, (1, 1, 1), (1, 1)): [218, 157, 96, 55, 62, 23, 8, 5, 3]
(1, (1, 1, 1), (1, 2)): [189, 97, 64, 31, 40, 15, 6, 1, 2]
(1, (1, 1, 1), (2, 0)): [50, 56, 38, 24, 25, 13, 6, 0, 1, 1]
(1, (1, 1, 1), (2, 1)): [95, 92, 55, 31, 26, 14, 5, 2, 2, 1]
(1, (1, 1, 1), (2, 2)): [125, 72, 50, 25, 30, 12, 5, 1, 4]
(1, (1, 1, 1), (3, 0)): [7, 14, 14, 10, 8, 5, 3]
(1, (1, 1, 1), (3, 1)): [21, 39, 25, 16, 10, 6, 5, 1, 0, 1]
(1, (1, 1, 1), (3, 2)): [53, 37, 28, 24, 15, 8, 1, 1, 0, 1]
(2, (0, 0, 0), (0, 0)): [25296, 1467, 431, 149, 46, 13, 3, 2, 0, 1]
(2, (0, 0, 0), (0, 1)): [13137, 627, 172, 66, 19, 5, 2, 2, 0, 1]
(2, (0, 0, 0), (0, 2)): [5673, 197, 49, 21, 7, 1, 0, 1]
(2, (0, 0, 0), (1, 0)): [9818, 624, 207, 70, 20, 7, 1]
(2, (0, 0, 0), (1, 1)): [10612, 556, 182, 56, 19, 5, 3, 1]
(2, (0, 0, 0), (1, 2)): [8113, 324, 94, 33, 10, 3]
(2, (0, 0, 0), (2, 0)): [3381, 230, 88, 27, 7, 5]
(2, (0, 0, 0), (2, 1)): [5697, 331, 143, 39, 12, 7, 3]
(2, (0, 0, 0), (2, 2)): [6960, 300, 118, 33, 8, 4, 2]
(2, (0, 0, 0), (3, 0)): [993, 91, 27, 11, 3]
(2, (0, 0, 0), (3, 1)): [2234, 165, 72, 25, 6, 4]
(2, (0, 0, 0), (3, 2)): [4027, 219, 114, 31, 8, 4, 2]
(2, (0, 0, 1), (0, 0)): [1989, 481, 139, 49, 17, 5, 2, 1]
(2, (0, 0, 1), (0, 1)): [949, 210, 49, 12, 7, 0, 1]
(2, (0, 0, 1), (0, 2)): [437, 62, 14, 4, 3, 0, 1]
(2, (0, 0, 1), (1, 0)): [874, 209, 73, 34, 10, 5, 1, 1]
(2, (0, 0, 1), (1, 1)): [830, 199, 57, 18, 5, 3, 1, 1]
(2, (0, 0, 1), (1, 2)): [625, 110, 32, 8, 4, 0, 0, 1]
(2, (0, 0, 1), (2, 0)): [343, 80, 32, 17, 6, 1]
(2, (0, 0, 1), (2, 1)): [453, 112, 41, 15, 3, 3, 1]
(2, (0, 0, 1), (2, 2)): [580, 112, 35, 10, 5]
(2, (0, 0, 1), (3, 0)): [159, 30, 16, 11, 4]
(2, (0, 0, 1), (3, 1)): [192, 51, 19, 10, 3, 3, 1]
(2, (0, 0, 1), (3, 2)): [355, 80, 30, 6, 7, 3, 1]
(2, (0, 1, 0), (0, 0)): [5558, 1005, 364, 124, 39, 13, 5, 2]
(2, (0, 1, 0), (0, 1)): [2668, 455, 158, 42, 20, 3, 2, 1]
(2, (0, 1, 0), (0, 2)): [1190, 153, 53, 12, 6]
(2, (0, 1, 0), (1, 0)): [2427, 433, 166, 70, 16, 6, 3, 1]
(2, (0, 1, 0), (1, 1)): [2243, 372, 132, 43, 15, 3, 2]
(2, (0, 1, 0), (1, 2)): [1801, 238, 82, 20, 8, 0, 1]
(2, (0, 1, 0), (2, 0)): [1020, 174, 72, 40, 8, 5, 3, 1]
(2, (0, 1, 0), (2, 1)): [1254, 213, 88, 28, 9, 2]
(2, (0, 1, 0), (2, 2)): [1542, 206, 82, 25, 9, 1, 1]
(2, (0, 1, 0), (3, 0)): [463, 63, 30, 28, 3, 5, 3, 1]
(2, (0, 1, 0), (3, 1)): [527, 99, 35, 17, 8, 3, 1]
(2, (0, 1, 0), (3, 2)): [963, 134, 59, 23, 7, 2, 1]
(2, (0, 1, 1), (0, 0)): [1458, 97, 264, 93, 40, 13, 8, 1]
(2, (0, 1, 1), (0, 1)): [705, 34, 122, 36, 14, 6, 3]
(2, (0, 1, 1), (0, 2)): [325, 12, 41, 17, 5, 2, 1]
(2, (0, 1, 1), (1, 0)): [642, 56, 107, 46, 22, 7, 4]
(2, (0, 1, 1), (1, 1)): [579, 32, 105, 32, 19, 5, 3]
(2, (0, 1, 1), (1, 2)): [475, 23, 63, 20, 10, 2, 1]
(2, (0, 1, 1), (2, 0)): [291, 30, 38, 17, 11, 4, 2]
(2, (0, 1, 1), (2, 1)): [353, 16, 57, 16, 13, 3, 2]
(2, (0, 1, 1), (2, 2)): [435, 16, 64, 26, 13, 2, 1]
(2, (0, 1, 1), (3, 0)): [154, 18, 17, 11, 9, 4, 2]
(2, (0, 1, 1), (3, 1)): [162, 14, 27, 6, 10, 2, 2]
(2, (0, 1, 1), (3, 2)): [266, 15, 44, 19, 14, 4, 1]
(2, (1, 0, 0), (0, 0)): [11956, 790, 672, 221, 69, 18, 10, 4, 2, 1]
(2, (1, 0, 0), (0, 1)): [6024, 338, 260, 93, 28, 6, 5, 1, 0, 1]
(2, (1, 0, 0), (0, 2)): [2614, 98, 67, 32, 7, 0, 2]
(2, (1, 0, 0), (1, 0)): [4506, 365, 303, 102, 29, 9, 4, 2, 1]
(2, (1, 0, 0), (1, 1)): [4486, 312, 241, 82, 22, 10, 6, 0, 0, 1]
(2, (1, 0, 0), (1, 2)): [3363, 173, 109, 45, 13, 3, 4, 0, 0, 1]
(2, (1, 0, 0), (2, 0)): [1516, 128, 103, 46, 15, 2, 1, 1, 1]
(2, (1, 0, 0), (2, 1)): [2288, 146, 135, 48, 20, 5, 2, 0, 1]
(2, (1, 0, 0), (2, 2)): [2639, 156, 100, 44, 14, 3, 3, 0, 0, 1]
(2, (1, 0, 0), (3, 0)): [436, 63, 34, 15, 4, 1]
(2, (1, 0, 0), (3, 1)): [867, 73, 70, 26, 10, 1, 1, 0, 1]
(2, (1, 0, 0), (3, 2)): [1449, 120, 61, 36, 17, 3, 2]
(2, (1, 0, 1), (0, 0)): [1982, 425, 166, 132, 51, 16, 7, 4, 1]
(2, (1, 0, 1), (0, 1)): [976, 191, 67, 45, 19, 5, 2, 3, 1]
(2, (1, 0, 1), (0, 2)): [435, 61, 24, 17, 8, 1, 1, 2]
(2, (1, 0, 1), (1, 0)): [812, 165, 74, 63, 26, 11, 3]
(2, (1, 0, 1), (1, 1)): [770, 141, 56, 47, 18, 5, 2, 1, 1]
(2, (1, 0, 1), (1, 2)): [596, 76, 29, 28, 12, 4, 1, 1, 1]
(2, (1, 0, 1), (2, 0)): [295, 49, 29, 22, 11, 7]
(2, (1, 0, 1), (2, 1)): [407, 65, 37, 27, 15, 4, 1, 1]
(2, (1, 0, 1), (2, 2)): [493, 64, 25, 23, 13, 6, 1, 2, 1]
(2, (1, 0, 1), (3, 0)): [99, 12, 11, 7, 4, 4]
(2, (1, 0, 1), (3, 1)): [153, 20, 19, 16, 9, 2]
(2, (1, 0, 1), (3, 2)): [268, 22, 21, 15, 6, 4, 0, 1]
(2, (1, 1, 0), (0, 0)): [4455, 590, 299, 285, 84, 22, 16, 4, 0, 1]
(2, (1, 1, 0), (0, 1)): [2241, 242, 127, 122, 44, 7, 7, 2, 0, 1]
(2, (1, 1, 0), (0, 2)): [1021, 83, 32, 48, 14, 4, 3, 0, 0, 1]
(2, (1, 1, 0), (1, 0)): [1776, 258, 134, 117, 30, 12, 8, 1]
(2, (1, 1, 0), (1, 1)): [1766, 209, 115, 100, 42, 11, 4, 2]
(2, (1, 1, 0), (1, 2)): [1371, 122, 58, 69, 26, 4, 1, 1]
(2, (1, 1, 0), (2, 0)): [602, 97, 53, 44, 8, 4, 4]
(2, (1, 1, 0), (2, 1)): [918, 123, 66, 51, 24, 8, 4, 1]
(2, (1, 1, 0), (2, 2)): [1112, 112, 64, 59, 27, 3, 2, 2]
(2, (1, 1, 0), (3, 0)): [185, 33, 24, 13, 2, 3]
(2, (1, 1, 0), (3, 1)): [369, 51, 35, 26, 14, 2, 1]
(2, (1, 1, 0), (3, 2)): [649, 63, 45, 38, 24, 2, 2, 2]
(2, (1, 1, 1), (0, 0)): [1466, 221, 219, 100, 107, 33, 13, 3]
(2, (1, 1, 1), (0, 1)): [813, 72, 89, 39, 51, 7, 8, 1]
(2, (1, 1, 1), (0, 2)): [381, 17, 30, 9, 9, 1, 3]
(2, (1, 1, 1), (1, 0)): [511, 134, 91, 44, 40, 18, 4, 2]
(2, (1, 1, 1), (1, 1)): [586, 91, 69, 29, 33, 14, 6, 1]
(2, (1, 1, 1), (1, 2)): [486, 36, 37, 10, 14, 4, 4]
(2, (1, 1, 1), (2, 0)): [153, 83, 34, 22, 21, 6, 1, 1]
(2, (1, 1, 1), (2, 1)): [271, 80, 44, 27, 21, 12, 2, 1]
(2, (1, 1, 1), (2, 2)): [377, 47, 38, 17, 19, 7, 4]
(2, (1, 1, 1), (3, 0)): [45, 53, 11, 12, 7, 3]
(2, (1, 1, 1), (3, 1)): [83, 76, 21, 19, 8, 5, 2]
(2, (1, 1, 1), (3, 2)): [163, 59, 24, 23, 10, 7, 2]
