(0, (0, 0, 0)): [34916, 7198, 3316, 1517, 740, 347, 129, 50, 21, 8, 3, 0, 0, 1]
(0, (0, 0, 1)): [82, 302, 100, 50, 21, 15, 3, 0, 1, 3, 1]
(0, (0, 1, 0)): [1367, 1289, 546, 268, 125, 66, 31, 11, 5, 2]
(0, (0, 1, 1)): [90, 198, 189, 92, 55, 40, 9, 2, 3, 0, 1, 0, 0, 1]
(0, (1, 0, 0)): [6476, 2015, 1459, 745, 413, 195, 64, 25, 16, 2, 2, 0, 0, 1]
(0, (1, 0, 1)): [154, 442, 193, 153, 81, 40, 17, 9, 5, 1]
(0, (1, 1, 0)): [1004, 614, 434, 345, 191, 96, 39, 11, 9, 2, 2]
(0, (1, 1, 1)): [106, 208, 160, 113, 92, 54, 26, 9, 8, 0, 1, 0, 0, 1]
(1, (0, 0, 0)): [27346, 3440, 1356, 533, 225, 86, 35, 15, 3, 3, 1]
(1, (0, 0, 1)): [716, 999, 233, 89, 45, 18, 4, 2, 3]
(1, (0, 1, 0)): [3615, 1380, 571, 259, 118, 57, 22, 7, 1, 2]
(1, (0, 1, 1)): [565, 496, 400, 176, 96, 34, 17, 6, 3, 1]
(1, (1, 0, 0)): [9610, 1652, 1201, 521, 220, 94, 34, 18, 1, 1, 1]
(1, (1, 0, 1)): [780, 819, 275, 206, 104, 51, 17, 10, 1, 1]
(1, (1, 1, 0)): [2840, 782, 529, 431, 188, 70, 21, 6, 2, 0, 1]
(1, (1, 1, 1)): [616, 459, 286, 177, 169, 66, 31, 11, 3, 2, 2]
(2, (0, 0, 0)): [24336, 1410, 454, 138, 43, 16, 9, 1, 1]
(2, (0, 0, 1)): [2228, 554, 150, 46, 18, 7, 1, 0, 0, 1]
(2, (0, 1, 0)): [6109, 1200, 378, 137, 54, 24, 9, 2]
(2, (0, 1, 1)): [1400, 120, 266, 90, 37, 15, 1, 2]
(2, (1, 0, 0)): [11499, 828, 644, 207, 80, 23, 12, 3, 2]
(2, (1, 0, 1)): [2111, 440, 158, 142, 58, 12, 10]
(2, (1, 1, 0)): [4797, 667, 335, 262, 92, 27, 7, 3, 1, 1]
(2, (1, 1, 1)): [1481, 197, 237, 126, 105, 31, 15, 4, 0, 1]
