(0, (0, 0, 0)): [501457, 102330, 48480, 22490, 10307, 4525, 1888, 810, 352, 177, 70, 30, 18, 4, 3]
(0, (0, 0, 1)): [2175, 7255, 2043, 965, 496, 197, 100, 56, 22, 11, 3, 1, 3]
(0, (0, 1, 0)): [16249, 16635, 6453, 3061, 1560, 722, 301, 133, 62, 35, 12, 4, 2, 0, 1]
(0, (0, 1, 1)): [1442, 2657, 3416, 1543, 836, 401, 171, 79, 42, 16, 5, 3, 0, 1, 1]
(0, (1, 0, 0)): [111523, 38864, 24584, 12348, 5994, 2714, 1172, 510, 225, 118, 48, 19, 12, 3, 2]
(0, (1, 0, 1)): [2543, 8507, 3561, 2455, 1324, 611, 321, 132, 65, 28, 11, 7, 3, 0, 1]
(0, (1, 1, 0)): [15030, 10046, 8205, 5601, 3079, 1444, 645, 319, 134, 64, 31, 12, 6, 1]
(0, (1, 1, 1)): [1501, 2894, 2478, 1980, 1555, 759, 351, 183, 82, 34, 20, 7, 1, 1, 1]
(1, (0, 0, 0)): [397972, 43728, 18229, 7383, 2970, 1179, 453, 184, 77, 28, 12, 8, 2, 1]
(1, (0, 0, 1)): [11776, 18559, 3639, 1540, 661, 264, 118, 56, 26, 8, 5, 4, 3, 1]
(1, (0, 1, 0)): [55954, 27508, 9579, 4008, 1694, 686, 263, 124, 32, 24, 10, 5, 4, 0, 1]
(1, (0, 1, 1)): [9583, 8355, 8129, 3201, 1600, 642, 256, 108, 60, 17, 7, 4, 1, 1]
(1, (1, 0, 0)): [162738, 30552, 18755, 8297, 3332, 1401, 531, 199, 99, 44, 15, 12, 2, 2]
(1, (1, 0, 1)): [12706, 16594, 5568, 3546, 1484, 673, 259, 101, 45, 32, 9, 3]
(1, (1, 1, 0)): [43670, 14065, 10056, 6757, 2986, 1296, 521, 203, 81, 37, 11, 7, 2, 3, 1]
(1, (1, 1, 1)): [8925, 7456, 4849, 3349, 2348, 1063, 435, 165, 75, 27, 11, 9, 4, 2, 1]
(2, (0, 0, 0)): [340691, 14958, 5212, 1653, 599, 218, 77, 30, 7, 2, 2]
(2, (0, 0, 1)): [35971, 11902, 2222, 756, 275, 109, 37, 9, 1, 2, 0, 1]
(2, (0, 1, 0)): [90713, 21220, 5260, 1823, 605, 222, 63, 17, 5, 1, 1]
(2, (0, 1, 1)): [22291, 1974, 5343, 1411, 537, 177, 71, 26, 11, 3, 1]
(2, (1, 0, 0)): [199368, 15447, 9015, 2964, 997, 313, 129, 43, 12, 4, 3]
(2, (1, 0, 1)): [33260, 8819, 3762, 2042, 637, 241, 83, 29, 12, 2, 0, 1]
(2, (1, 1, 0)): [75249, 12092, 6435, 3876, 1294, 440, 133, 48, 18, 7, 4, 0, 0, 1]
(2, (1, 1, 1)): [22074, 3366, 3876, 2024, 1360, 458, 152, 57, 25, 5, 4, 0, 0, 1]
