(0, (0, 0, 0), (0, 0)): [77735, 14961, 6557, 2985, 1317, 543, 231, 89, 36, 14, 7, 0, 0, 0, 2]
(0, (0, 0, 0), (0, 1)): [26, 10, 6, 2, 2]
(0, (0, 0, 0), (0, 2)): [9, 5, 3]
(0, (0, 0, 0), (1, 0)): [50, 9, 2, 4, 2, 2]
(0, (0, 0, 0), (1, 1)): [26, 7, 1, 2, 2]
(0, (0, 0, 0), (1, 2)): [15, 5, 1, 1, 1]
(0, (0, 0, 0), (2, 0)): [33, 6, 2, 4, 2, 2]
(0, (0, 0, 0), (2, 1)): [12, 4, 1, 1]
(0, (0, 0, 0), (2, 2)): [13, 3, 1]
(0, (0, 0, 0), (3, 0)): [28, 5, 2, 4, 2, 2]
(0, (0, 0, 0), (3, 1)): [13, 2, 2, 1]
(0, (0, 0, 0), (3, 2)): [17, 2, 2, 1]
(0, (0, 0, 1), (0, 0)): [397, 1209, 361, 168, 71, 28, 20, 9, 3]
(0, (0, 0, 1), (0, 1)): [0, 1]
(0, (0, 0, 1), (1, 0)): [0, 3]
(0, (0, 0, 1), (1, 1)): [0, 1]
(0, (0, 0, 1), (1, 2)): [0, 1]
(0, (0, 0, 1), (2, 0)): [0, 2]
(0, (0, 0, 1), (2, 1)): [0, 1]
(0, (0, 0, 1), (2, 2)): [0, 1]
(0, (0, 0, 1), (3, 0)): [0, 1]
(0, (0, 1, 0), (0, 0)): [2331, 2372, 823, 408, 207, 84, 33, 10, 11, 3, 1]
(0, (0, 1, 0), (1, 0)): [4, 1, 0, 1]
(0, (0, 1, 0), (2, 0)): [3, 1, 0, 1]
(0, (0, 1, 0), (3, 0)): [3, 1, 0, 1]
(0, (0, 1, 0), (3, 1)): [0, 0, 0, 1]
(0, (0, 1, 0), (3, 2)): [0, 0, 0, 1]
(0, (0, 1, 1), (0, 0)): [197, 380, 456, 218, 106, 50, 23, 6, 2, 1, 0, 0, 0, 0, 1]
(0, (0, 1, 1), (0, 1)): [0, 0, 1, 0, 1]
(0, (0, 1, 1), (0, 2)): [0, 0, 0, 0, 1]
(0, (0, 1, 1), (1, 0)): [0, 0, 0, 0, 0, 1]
(0, (0, 1, 1), (1, 1)): [0, 0, 1]
(0, (0, 1, 1), (1, 2)): [0, 0, 0, 0, 1]
(0, (0, 1, 1), (2, 0)): [0, 0, 0, 0, 0, 1]
(0, (0, 1, 1), (2, 2)): [0, 0, 0, 0, 1]
(0, (0, 1, 1), (3, 0)): [0, 0, 0, 0, 0, 1]
(0, (0, 1, 1), (3, 2)): [0, 0, 0, 0, 1]
(0, (1, 0, 0), (0, 0)): [17294, 6136, 3448, 1753, 777, 339, 154, 56, 21, 7, 6, 0, 0, 0, 2]
(0, (1, 0, 0), (0, 1)): [3, 0, 2, 2]
(0, (1, 0, 0), (0, 2)): [1, 0, 1]
(0, (1, 0, 0), (1, 0)): [8, 2, 2, 1]
(0, (1, 0, 0), (1, 1)): [1, 0, 1, 3]
(0, (1, 0, 0), (1, 2)): [2, 0, 1]
(0, (1, 0, 0), (2, 0)): [6, 2, 1]
(0, (1, 0, 0), (2, 1)): [1, 1, 1, 2]
(0, (1, 0, 0), (2, 2)): [0, 0, 0, 1]
(0, (1, 0, 0), (3, 0)): [5, 0, 1]
(0, (1, 0, 0), (3, 1)): [4, 1, 1]
(0, (1, 0, 0), (3, 2)): [2, 0, 1]
(0, (1, 0, 1), (0, 0)): [396, 1058, 479, 336, 173, 69, 34, 15, 7, 1, 0, 0, 0, 0, 1]
(0, (1, 0, 1), (1, 0)): [0, 2]
(0, (1, 0, 1), (2, 0)): [0, 2]
(0, (1, 0, 1), (2, 1)): [0, 1]
(0, (1, 0, 1), (3, 1)): [0, 1]
(0, (1, 0, 1), (3, 2)): [0, 1]
(0, (1, 1, 0), (0, 0)): [2112, 1452, 1194, 787, 412, 193, 87, 29, 13, 5, 6, 0, 0, 1]
(0, (1, 1, 0), (0, 1)): [1]
(0, (1, 1, 0), (1, 0)): [0, 2, 3, 3, 1]
(0, (1, 1, 0), (1, 1)): [1, 0, 0, 1]
(0, (1, 1, 0), (1, 2)): [1, 0, 0, 1]
(0, (1, 1, 0), (2, 0)): [0, 1, 3, 1, 1]
(0, (1, 1, 0), (2, 1)): [0, 0, 0, 0, 1]
(0, (1, 1, 0), (2, 2)): [0, 0, 0, 1]
(0, (1, 1, 0), (3, 0)): [0, 1, 3]
(0, (1, 1, 0), (3, 1)): [0, 0, 1, 0, 1]
(0, (1, 1, 0), (3, 2)): [0, 0, 1]
(0, (1, 1, 1), (0, 0)): [228, 417, 358, 301, 228, 106, 50, 27, 11, 6, 5, 0, 0, 0, 1]
(0, (1, 1, 1), (0, 1)): [0, 0, 1]
(0, (1, 1, 1), (0, 2)): [0, 0, 1]
(0, (1, 1, 1), (1, 0)): [0, 0, 0, 0, 0, 1]
(0, (1, 1, 1), (1, 1)): [0, 0, 0, 0, 0, 1]
(0, (1, 1, 1), (1, 2)): [0, 0, 1]
(0, (1, 1, 1), (2, 1)): [0, 0, 0, 0, 0, 1]
(0, (1, 1, 1), (2, 2)): [0, 0, 0, 0, 0, 1]
(1, (0, 0, 0), (0, 0)): [61152, 6156, 2400, 890, 368, 146, 45, 24, 4, 5, 1]
(1, (0, 0, 0), (0, 1)): [29, 2, 0, 1]
(1, (0, 0, 0), (0, 2)): [20, 1]
(1, (0, 0, 0), (1, 0)): [30, 5, 2, 2]
(1, (0, 0, 0), (1, 1)): [13, 3, 0, 3]
(1, (0, 0, 0), (1, 2)): [15, 2, 0, 1]
(1, (0, 0, 0), (2, 0)): [23, 3, 2]
(1, (0, 0, 0), (2, 1)): [8, 2, 0, 2]
(1, (0, 0, 0), (2, 2)): [11, 2, 0, 3]
(1, (0, 0, 0), (3, 0)): [18, 1]
(1, (0, 0, 0), (3, 1)): [10, 2]
(1, (0, 0, 0), (3, 2)): [10, 4, 0, 2]
(1, (0, 0, 1), (0, 0)): [2224, 3348, 643, 271, 113, 38, 14, 6, 4, 0, 0, 1]
(1, (0, 0, 1), (0, 1)): [1, 2]
(1, (0, 0, 1), (0, 2)): [0, 2]
(1, (0, 0, 1), (1, 0)): [1, 2, 1]
(1, (0, 0, 1), (1, 1)): [1, 1]
(1, (0, 0, 1), (1, 2)): [1, 2]
(1, (0, 0, 1), (2, 0)): [1, 1, 1]
(1, (0, 0, 1), (2, 1)): [0, 1]
(1, (0, 0, 1), (2, 2)): [1, 1]
(1, (0, 0, 1), (3, 0)): [1, 1, 1]
(1, (0, 0, 1), (3, 1)): [1, 1]
(1, (0, 0, 1), (3, 2)): [1, 1]
(1, (0, 1, 0), (0, 0)): [9516, 4618, 1476, 569, 237, 85, 31, 14, 2, 1]
(1, (0, 1, 0), (0, 1)): [2, 4, 0, 1]
(1, (0, 1, 0), (0, 2)): [1, 1]
(1, (0, 1, 0), (1, 0)): [7, 2, 3, 2]
(1, (0, 1, 0), (1, 1)): [3, 4, 2, 2]
(1, (0, 1, 0), (1, 2)): [0, 1, 1]
(1, (0, 1, 0), (2, 0)): [4, 0, 1, 1]
(1, (0, 1, 0), (2, 1)): [3, 2, 0, 2]
(1, (0, 1, 0), (2, 2)): [3, 2, 1]
(1, (0, 1, 0), (3, 0)): [4, 0, 1]
(1, (0, 1, 0), (3, 1)): [2, 0, 0, 2]
(1, (0, 1, 0), (3, 2)): [3, 1, 1, 2]
(1, (0, 1, 1), (0, 0)): [1572, 1336, 1403, 537, 216, 86, 36, 11, 4, 0, 1, 1, 0, 1]
(1, (0, 1, 1), (0, 1)): [0, 0, 0, 2]
(1, (0, 1, 1), (0, 2)): [0, 0, 0, 1]
(1, (0, 1, 1), (1, 0)): [0, 0, 2]
(1, (0, 1, 1), (1, 1)): [0, 0, 0, 1]
(1, (0, 1, 1), (2, 0)): [0, 0, 1]
(1, (0, 1, 1), (2, 1)): [0, 0, 0, 1]
(1, (0, 1, 1), (2, 2)): [0, 0, 0, 1]
(1, (0, 1, 1), (3, 0)): [0, 0, 1]
(1, (1, 0, 0), (0, 0)): [24644, 4541, 2521, 1082, 397, 181, 52, 32, 4, 5, 2]
(1, (1, 0, 0), (0, 1)): [13, 3, 3, 2]
(1, (1, 0, 0), (0, 2)): [6, 2, 2, 2]
(1, (1, 0, 0), (1, 0)): [17, 5, 5, 1]
(1, (1, 0, 0), (1, 1)): [13, 3, 4]
(1, (1, 0, 0), (1, 2)): [7, 0, 1]
(1, (1, 0, 0), (2, 0)): [7, 2, 1, 1]
(1, (1, 0, 0), (2, 1)): [10, 4, 3]
(1, (1, 0, 0), (2, 2)): [7, 2, 1]
(1, (1, 0, 0), (3, 0)): [4, 1, 1, 1]
(1, (1, 0, 0), (3, 1)): [3, 1, 1]
(1, (1, 0, 0), (3, 2)): [4, 2]
(1, (1, 0, 1), (0, 0)): [1832, 2361, 872, 495, 211, 89, 31, 18, 2, 3]
(1, (1, 0, 1), (0, 1)): [0, 0, 0, 1]
(1, (1, 0, 1), (0, 2)): [0, 0, 0, 1]
(1, (1, 0, 1), (1, 0)): [1, 1, 0, 2]
(1, (1, 0, 1), (1, 1)): [1, 1, 0, 2]
(1, (1, 0, 1), (1, 2)): [1, 0, 0, 2]
(1, (1, 0, 1), (2, 1)): [0, 1]
(1, (1, 0, 1), (2, 2)): [0, 1]
(1, (1, 0, 1), (3, 2)): [0, 1]
(1, (1, 1, 0), (0, 0)): [6018, 1940, 1338, 869, 357, 153, 47, 18, 6, 4, 1, 0, 0, 1]
(1, (1, 1, 0), (0, 1)): [1, 1, 0, 1, 1, 1]
(1, (1, 1, 0), (0, 2)): [1, 1, 0, 0, 1]
(1, (1, 1, 0), (1, 0)): [6, 0, 2, 0, 1]
(1, (1, 1, 0), (1, 1)): [0, 0, 0, 1]
(1, (1, 1, 0), (1, 2)): [1, 0, 0, 1, 1]
(1, (1, 1, 0), (2, 0)): [6, 0, 2, 0, 1]
(1, (1, 1, 0), (2, 1)): [2, 0, 0, 0, 1]
(1, (1, 1, 0), (2, 2)): [2, 0, 0, 1, 2]
(1, (1, 1, 0), (3, 0)): [3, 0, 2]
(1, (1, 1, 0), (3, 1)): [1, 0, 1]
(1, (1, 1, 0), (3, 2)): [1, 0, 0, 0, 2]
(1, (1, 1, 1), (0, 0)): [1097, 960, 608, 436, 273, 122, 38, 18, 6, 2, 0, 0, 0, 1]
(1, (1, 1, 1), (0, 1)): [2, 1]
(1, (1, 1, 1), (0, 2)): [1]
(1, (1, 1, 1), (1, 0)): [0, 0, 1, 1]
(1, (1, 1, 1), (1, 1)): [1]
(1, (1, 1, 1), (2, 0)): [0, 0, 1, 1]
(1, (1, 1, 1), (2, 1)): [1, 0, 1]
(1, (1, 1, 1), (2, 2)): [1]
(1, (1, 1, 1), (3, 0)): [0, 0, 0, 1]
(1, (1, 1, 1), (3, 1)): [0, 0, 0, 1]
(1, (1, 1, 1), (3, 2)): [1, 0, 0, 1]
(2, (0, 0, 0), (0, 0)): [52336, 1981, 629, 190, 70, 24, 5, 4, 1, 1]
(2, (0, 0, 0), (0, 1)): [30, 3]
(2, (0, 0, 0), (0, 2)): [13, 2]
(2, (0, 0, 0), (1, 0)): [54, 4, 1, 1]
(2, (0, 0, 0), (1, 1)): [34, 2, 1]
(2, (0, 0, 0), (1, 2)): [17, 2]
(2, (0, 0, 0), (2, 0)): [31, 3, 0, 1]
(2, (0, 0, 0), (2, 1)): [29, 2, 1]
(2, (0, 0, 0), (2, 2)): [17, 2]
(2, (0, 0, 0), (3, 0)): [17, 1, 0, 1]
(2, (0, 0, 0), (3, 1)): [19, 2]
(2, (0, 0, 0), (3, 2)): [18, 2]
(2, (0, 0, 1), (0, 0)): [6759, 2323, 379, 109, 43, 13, 6]
(2, (0, 0, 1), (0, 1)): [2]
(2, (0, 0, 1), (0, 2)): [2]
(2, (0, 0, 1), (1, 0)): [4]
(2, (0, 0, 1), (1, 1)): [1]
(2, (0, 0, 1), (1, 2)): [1]
(2, (0, 0, 1), (2, 0)): [3]
(2, (0, 0, 1), (2, 2)): [1]
(2, (0, 0, 1), (3, 0)): [2]
(2, (0, 1, 0), (0, 0)): [15454, 3396, 809, 257, 80, 27, 5, 3, 0, 1]
(2, (0, 1, 0), (1, 0)): [5, 1, 0, 1, 1]
(2, (0, 1, 0), (1, 1)): [1]
(2, (0, 1, 0), (2, 0)): [4, 1, 0, 1, 1]
(2, (0, 1, 0), (2, 1)): [1]
(2, (0, 1, 0), (3, 0)): [3, 1, 0, 1, 1]
(2, (0, 1, 0), (3, 1)): [2, 0, 0, 0, 1]
(2, (0, 1, 0), (3, 2)): [2]
(2, (0, 1, 1), (0, 0)): [4094, 366, 923, 253, 71, 28, 8, 1, 2]
(2, (0, 1, 1), (0, 1)): [2]
(2, (0, 1, 1), (0, 2)): [2]
(2, (0, 1, 1), (1, 0)): [4, 0, 1]
(2, (0, 1, 1), (1, 1)): [0, 0, 1]
(2, (0, 1, 1), (2, 0)): [4]
(2, (0, 1, 1), (3, 0)): [4]
(2, (0, 1, 1), (3, 1)): [2]
(2, (0, 1, 1), (3, 2)): [2]
(2, (1, 0, 0), (0, 0)): [29840, 2267, 1071, 341, 110, 35, 10, 7, 2]
(2, (1, 0, 0), (0, 1)): [7]
(2, (1, 0, 0), (0, 2)): [2]
(2, (1, 0, 0), (1, 0)): [19, 3, 1]
(2, (1, 0, 0), (1, 1)): [8, 0, 1]
(2, (1, 0, 0), (1, 2)): [4, 0, 1]
(2, (1, 0, 0), (2, 0)): [11, 2]
(2, (1, 0, 0), (2, 1)): [6]
(2, (1, 0, 0), (2, 2)): [6, 0, 1]
(2, (1, 0, 0), (3, 0)): [7, 2]
(2, (1, 0, 0), (3, 1)): [3]
(2, (1, 0, 0), (3, 2)): [5]
(2, (1, 0, 1), (0, 0)): [4846, 1373, 624, 252, 67, 25, 7, 5, 2]
(2, (1, 0, 1), (0, 1)): [4]
(2, (1, 0, 1), (0, 2)): [1]
(2, (1, 0, 1), (1, 0)): [4, 0, 1, 2]
(2, (1, 0, 1), (1, 1)): [4, 0, 0, 1]
(2, (1, 0, 1), (1, 2)): [1]
(2, (1, 0, 1), (2, 0)): [2, 0, 1]
(2, (1, 0, 1), (2, 1)): [3, 0, 0, 1]
(2, (1, 0, 1), (2, 2)): [2]
(2, (1, 0, 1), (3, 0)): [2, 0, 1]
(2, (1, 0, 1), (3, 1)): [2]
(2, (1, 0, 1), (3, 2)): [2]
(2, (1, 1, 0), (0, 0)): [9250, 1451, 738, 423, 130, 40, 9, 3, 1, 0, 1]
(2, (1, 1, 0), (0, 1)): [4, 1, 1, 0, 1]
(2, (1, 1, 0), (0, 2)): [3, 1, 1]
(2, (1, 1, 0), (1, 0)): [9, 0, 2, 0, 0, 2]
(2, (1, 1, 0), (1, 1)): [1, 0, 0, 0, 1]
(2, (1, 1, 0), (1, 2)): [3, 1]
(2, (1, 1, 0), (2, 0)): [8, 0, 1, 0, 0, 1]
(2, (1, 1, 0), (2, 1)): [2, 0, 1, 0, 1]
(2, (1, 1, 0), (2, 2)): [0, 1, 1, 0, 1]
(2, (1, 1, 0), (3, 0)): [6, 0, 0, 0, 0, 1]
(2, (1, 1, 0), (3, 1)): [4]
(2, (1, 1, 0), (3, 2)): [3, 0, 1, 0, 1]
(2, (1, 1, 1), (0, 0)): [2758, 450, 476, 252, 150, 42, 4, 2, 1, 0, 1]
(2, (1, 1, 1), (0, 1)): [1, 0, 1]
(2, (1, 1, 1), (1, 0)): [2, 1, 0, 1, 0, 1]
(2, (1, 1, 1), (1, 1)): [0, 0, 1]
(2, (1, 1, 1), (2, 0)): [2, 1, 0, 1, 0, 1]
(2, (1, 1, 1), (2, 1)): [0, 0, 1]
(2, (1, 1, 1), (3, 0)): [2, 1, 0, 1, 0, 1]
(2, (1, 1, 1), (3, 1)): [2]
(2, (1, 1, 1), (3, 2)): [1]
