(0, (0, 0, 0)): [130119, 26229, 11923, 5463, 2487, 1075, 463, 188, 65, 33, 14, 3, 4, 3, 2]
(0, (0, 0, 1)): [627, 2089, 610, 286, 143, 51, 33, 19, 3, 2, 0, 0, 1]
(0, (0, 1, 0)): [4043, 4209, 1565, 712, 378, 186, 68, 27, 19, 7, 2]
(0, (0, 1, 1)): [342, 694, 873, 401, 222, 97, 45, 19, 8, 1, 1, 1, 0, 1, 1]
(0, (1, 0, 0)): [29379, 10507, 6196, 3130, 1453, 654, 301, 114, 41, 20, 11, 2, 4, 3, 2]
(0, (1, 0, 1)): [686, 2014, 931, 625, 341, 160, 86, 30, 17, 9, 3, 3, 1, 0, 1]
(0, (1, 1, 0)): [3750, 2496, 2061, 1398, 741, 356, 165, 68, 24, 13, 11, 0, 1, 1]
(0, (1, 1, 1)): [412, 703, 603, 524, 413, 211, 89, 45, 18, 12, 7, 0, 0, 1, 1]
(1, (0, 0, 0)): [102260, 10962, 4385, 1722, 707, 283, 96, 43, 8, 7, 2, 1]
(1, (0, 0, 1)): [3596, 5561, 1119, 440, 196, 85, 26, 14, 7, 0, 0, 2]
(1, (0, 1, 0)): [15598, 7796, 2593, 1034, 425, 169, 62, 27, 4, 4, 0, 2, 2]
(1, (0, 1, 1)): [2572, 2254, 2357, 924, 409, 157, 64, 23, 9, 1, 2, 1, 0, 1]
(1, (1, 0, 0)): [42358, 8118, 4600, 2033, 793, 350, 114, 52, 13, 7, 5, 2, 1, 2]
(1, (1, 0, 1)): [3363, 4256, 1549, 908, 391, 182, 60, 29, 8, 9, 4, 1]
(1, (1, 1, 0)): [10524, 3448, 2407, 1604, 672, 293, 97, 43, 16, 7, 2, 2, 0, 3]
(1, (1, 1, 1)): [1972, 1648, 1071, 781, 525, 231, 86, 40, 11, 2, 1, 0, 0, 1]
(2, (0, 0, 0)): [87268, 3605, 1176, 373, 138, 47, 12, 7, 1, 1]
(2, (0, 0, 1)): [11416, 3864, 655, 199, 72, 32, 12]
(2, (0, 1, 0)): [25355, 5843, 1414, 457, 151, 54, 15, 5, 1, 1]
(2, (0, 1, 1)): [6826, 597, 1613, 432, 138, 48, 15, 4, 3, 0, 1]
(2, (1, 0, 0)): [51478, 4071, 2021, 681, 229, 71, 26, 11, 3]
(2, (1, 0, 1)): [8986, 2529, 1084, 518, 156, 60, 23, 7, 3, 0, 0, 1]
(2, (1, 1, 0)): [16459, 2666, 1417, 827, 274, 89, 21, 8, 4, 1, 1, 0, 0, 1]
(2, (1, 1, 1)): [4823, 764, 857, 485, 288, 87, 26, 9, 5, 0, 1, 0, 0, 1]
