(0, (0, 0, 0)): [33108, 7213, 3452, 1635, 731, 322, 141, 70, 15, 6, 6, 1]
(0, (0, 0, 1)): [76, 236, 71, 31, 22, 7, 3, 1, 1, 1]
(0, (0, 1, 0)): [1303, 1066, 482, 248, 119, 60, 28, 16, 1, 4, 1]
(0, (0, 1, 1)): [91, 187, 198, 102, 67, 24, 12, 5, 2, 0, 1]
(0, (1, 0, 0)): [6156, 1772, 1525, 788, 372, 167, 70, 42, 5, 2, 5, 1]
(0, (1, 0, 1)): [139, 360, 145, 109, 60, 32, 21, 6, 1, 1]
(0, (1, 1, 0)): [999, 581, 403, 375, 200, 92, 40, 19, 3, 3, 1, 1]
(0, (1, 1, 1)): [94, 181, 142, 101, 94, 36, 25, 10, 1, 1, 2]
(1, (0, 0, 0)): [28295, 3602, 1418, 618, 217, 92, 44, 10, 7, 1]
(1, (0, 0, 1)): [576, 741, 185, 80, 39, 11, 6, 6, 1]
(1, (0, 1, 0)): [3164, 1220, 570, 247, 96, 55, 19, 5, 0, 1, 1]
(1, (0, 1, 1)): [497, 434, 359, 166, 86, 40, 11, 1, 0, 0, 2]
(1, (1, 0, 0)): [9709, 1510, 1286, 598, 203, 90, 43, 17, 9, 0, 1]
(1, (1, 0, 1)): [731, 731, 232, 203, 85, 37, 21, 6, 3, 2, 1]
(1, (1, 1, 0)): [2644, 765, 506, 428, 194, 85, 38, 17, 6, 1, 0, 1]
(1, (1, 1, 1)): [549, 447, 246, 158, 182, 74, 29, 7, 5, 1, 1]
(2, (0, 0, 0)): [25287, 1482, 438, 149, 47, 13, 3, 2, 0, 1]
(2, (0, 0, 1)): [1982, 484, 143, 49, 17, 5, 2, 1]
(2, (0, 1, 0)): [5540, 1014, 371, 127, 39, 13, 5, 2]
(2, (0, 1, 1)): [1445, 105, 268, 94, 41, 13, 8, 1]
(2, (1, 0, 0)): [11936, 808, 682, 222, 70, 18, 10, 4, 2, 1]
(2, (1, 0, 1)): [1973, 433, 167, 133, 51, 16, 7, 4, 1]
(2, (1, 1, 0)): [4439, 601, 302, 290, 85, 22, 16, 4, 0, 1]
(2, (1, 1, 1)): [1455, 228, 222, 100, 108, 33, 13, 3]
