(0, (0, 0, 0), (0, 0)): [1914926, 392717, 180784, 82867, 37206, 15972, 6605, 2688, 1091, 478, 204, 105, 35, 21, 5, 1, 1, 1]
(0, (0, 0, 0), (0, 1)): [283417, 55913, 25398, 12020, 5311, 2341, 916, 341, 141, 64, 35, 17, 5, 4, 1, 1]
(0, (0, 0, 0), (0, 2)): [108012, 18832, 8438, 3919, 1700, 737, 288, 101, 42, 22, 8, 4, 3, 0, 1]
(0, (0, 0, 0), (1, 0)): [244750, 55876, 26598, 12394, 5844, 2468, 1099, 434, 183, 58, 32, 15, 2, 5, 1, 0, 1]
(0, (0, 0, 0), (1, 1)): [239085, 49575, 23015, 10795, 4850, 2116, 883, 338, 149, 47, 30, 14, 3, 6, 0, 1, 1]
(0, (0, 0, 0), (1, 2)): [163582, 29774, 13550, 6272, 2762, 1176, 488, 184, 84, 29, 11, 8, 5, 1, 1]
(0, (0, 0, 0), (2, 0)): [78715, 19875, 10146, 4810, 2363, 974, 428, 190, 68, 25, 15, 7, 1, 2, 1]
(0, (0, 0, 0), (2, 1)): [123288, 27904, 13697, 6406, 3031, 1308, 516, 236, 87, 32, 22, 9, 1, 3, 0, 0, 1]
(0, (0, 0, 0), (2, 2)): [129778, 25718, 12156, 5683, 2567, 1074, 448, 180, 85, 26, 12, 5, 4, 2, 1, 0, 1]
(0, (0, 0, 0), (3, 0)): [22951, 6636, 3889, 1946, 978, 401, 180, 78, 29, 9, 8, 2, 0, 2, 1]
(0, (0, 0, 0), (3, 1)): [46949, 12572, 6756, 3316, 1612, 704, 273, 143, 56, 18, 7, 7, 1, 3, 1]
(0, (0, 0, 0), (3, 2)): [68658, 15888, 8361, 3961, 1888, 807, 318, 143, 62, 24, 8, 9, 4, 2, 1, 0, 1]
(0, (0, 0, 1), (0, 0)): [7009, 21808, 5993, 2907, 1413, 610, 265, 111, 46, 27, 14, 3, 3, 3]
(0, (0, 0, 1), (0, 1)): [757, 2365, 666, 296, 153, 63, 29, 12, 6, 3, 3, 0, 0, 1]
(0, (0, 0, 1), (0, 2)): [340, 885, 222, 103, 47, 26, 10, 4, 4]
(0, (0, 0, 1), (1, 0)): [751, 2612, 765, 422, 203, 97, 35, 14, 5, 4, 4]
(0, (0, 0, 1), (1, 1)): [694, 2176, 625, 289, 163, 71, 25, 12, 2, 6, 2, 0, 0, 1]
(0, (0, 0, 1), (1, 2)): [544, 1402, 363, 169, 82, 44, 12, 7, 2, 3, 1]
(0, (0, 0, 1), (2, 0)): [271, 981, 309, 194, 82, 41, 15, 8, 3, 1, 3]
(0, (0, 0, 1), (2, 1)): [368, 1241, 389, 209, 111, 50, 23, 9, 4, 3, 2]
(0, (0, 0, 1), (2, 2)): [485, 1260, 350, 169, 95, 40, 13, 5, 1, 2, 1]
(0, (0, 0, 1), (3, 0)): [81, 331, 106, 82, 32, 16, 7, 2, 1, 0, 1]
(0, (0, 0, 1), (3, 1)): [145, 566, 178, 129, 64, 25, 12, 4, 2, 2]
(0, (0, 0, 1), (3, 2)): [277, 784, 220, 146, 85, 31, 7, 2, 3, 1]
(0, (0, 1, 0), (0, 0)): [70558, 66258, 26077, 12909, 6165, 2667, 1144, 487, 197, 106, 36, 17, 6, 6, 3, 0, 1]
(0, (0, 1, 0), (0, 1)): [10373, 9377, 3734, 1743, 838, 348, 168, 64, 25, 14, 4, 4, 1, 1, 1]
(0, (0, 1, 0), (0, 2)): [4233, 3224, 1281, 551, 277, 115, 61, 19, 9, 3, 0, 1, 1]
(0, (0, 1, 0), (1, 0)): [10173, 9803, 4119, 2240, 1049, 489, 189, 88, 32, 13, 7, 3, 2, 2, 1, 0, 1]
(0, (0, 1, 0), (1, 1)): [9068, 8188, 3340, 1695, 791, 338, 148, 66, 17, 16, 6, 3, 0, 2, 1]
(0, (0, 1, 0), (1, 2)): [6332, 5000, 2071, 989, 448, 188, 81, 45, 10, 6, 2, 3, 1, 0, 1]
(0, (0, 1, 0), (2, 0)): [3721, 3502, 1557, 927, 413, 227, 76, 39, 15, 3, 1, 3, 2, 1, 0, 0, 1]
(0, (0, 1, 0), (2, 1)): [4970, 4576, 1948, 1011, 482, 243, 97, 37, 12, 11, 1, 1, 1, 1, 0, 0, 1]
(0, (0, 1, 0), (2, 2)): [5431, 4214, 1878, 856, 406, 183, 79, 37, 10, 6, 2, 2, 1, 0, 1, 0, 1]
(0, (0, 1, 0), (3, 0)): [1290, 1051, 530, 384, 172, 92, 39, 20, 8, 1, 0, 1, 1]
(0, (0, 1, 0), (3, 1)): [2167, 1901, 894, 594, 276, 137, 49, 20, 3, 3, 0, 1, 0, 1]
(0, (0, 1, 0), (3, 2)): [3167, 2470, 1209, 637, 305, 150, 68, 29, 6, 5, 2, 0, 0, 0, 1, 0, 1]
(0, (0, 1, 1), (0, 0)): [5615, 9923, 11712, 5487, 2893, 1389, 598, 251, 133, 56, 16, 11, 3, 4, 2, 0, 1, 1]
(0, (0, 1, 1), (0, 1)): [813, 1360, 1537, 683, 369, 174, 89, 26, 14, 8, 3, 2, 1, 0, 0, 0, 1]
(0, (0, 1, 1), (0, 2)): [374, 503, 560, 256, 131, 67, 35, 14, 2, 3, 0, 1]
(0, (0, 1, 1), (1, 0)): [770, 1499, 1813, 915, 474, 243, 94, 34, 28, 5, 3, 3, 0, 1, 1]
(0, (0, 1, 1), (1, 1)): [685, 1236, 1422, 636, 348, 155, 66, 21, 16, 4, 4, 0, 1, 0, 0, 0, 1]
(0, (0, 1, 1), (1, 2)): [563, 775, 854, 381, 223, 108, 43, 13, 8, 2, 1, 1, 0, 0, 0, 0, 1]
(0, (0, 1, 1), (2, 0)): [304, 651, 693, 396, 232, 130, 42, 15, 17, 4, 1, 1, 0, 1, 1]
(0, (0, 1, 1), (2, 1)): [340, 686, 803, 392, 182, 86, 36, 15, 10, 7, 2, 0, 1, 0, 1]
(0, (0, 1, 1), (2, 2)): [443, 694, 729, 347, 177, 90, 33, 13, 8, 6, 2, 1, 0, 0, 0, 0, 1]
(0, (0, 1, 1), (3, 0)): [157, 306, 294, 192, 135, 74, 22, 8, 11, 0, 1, 1, 0, 1]
(0, (0, 1, 1), (3, 1)): [138, 268, 318, 176, 120, 52, 21, 7, 10, 2, 0, 0, 0, 0, 1]
(0, (0, 1, 1), (3, 2)): [252, 367, 426, 236, 117, 72, 29, 10, 11, 2, 2, 0, 0, 0, 0, 0, 1]
(0, (1, 0, 0), (0, 0)): [401916, 133875, 86755, 43259, 20815, 9357, 3899, 1654, 702, 305, 142, 59, 23, 16, 3, 1, 1, 1]
(0, (1, 0, 0), (0, 1)): [53935, 16312, 11012, 5470, 2651, 1197, 486, 190, 99, 32, 15, 6, 1, 3]
(0, (1, 0, 0), (0, 2)): [20360, 5345, 3706, 1752, 819, 359, 173, 60, 30, 9, 6, 2]
(0, (1, 0, 0), (1, 0)): [47843, 16990, 11969, 6286, 3143, 1406, 584, 255, 99, 48, 28, 8, 1, 5, 1, 0, 1]
(0, (1, 0, 0), (1, 1)): [41552, 13371, 9190, 4733, 2228, 1047, 417, 171, 76, 37, 13, 3, 1, 3]
(0, (1, 0, 0), (1, 2)): [27067, 7558, 5294, 2628, 1221, 536, 234, 91, 46, 15, 4, 2]
(0, (1, 0, 0), (2, 0)): [14873, 5795, 4253, 2383, 1236, 572, 230, 103, 32, 21, 15, 2, 1, 3, 0, 0, 1]
(0, (1, 0, 0), (2, 1)): [20190, 7064, 4954, 2672, 1288, 611, 246, 103, 44, 25, 12, 3, 0, 5, 0, 0, 1]
(0, (1, 0, 0), (2, 2)): [19701, 6005, 4215, 2096, 1017, 421, 205, 85, 40, 20, 8, 2, 0, 2]
(0, (1, 0, 0), (3, 0)): [3821, 1814, 1400, 933, 493, 223, 94, 39, 15, 10, 5, 1]
(0, (1, 0, 0), (3, 1)): [7165, 2972, 2177, 1382, 687, 343, 137, 57, 22, 12, 9, 1, 0, 2]
(0, (1, 0, 0), (3, 2)): [9221, 3497, 2419, 1403, 693, 292, 142, 66, 30, 16, 6, 1, 0, 1]
(0, (1, 0, 1), (0, 0)): [9468, 29308, 11853, 8492, 4464, 2079, 976, 395, 197, 81, 41, 18, 8, 3, 2, 0, 0, 1]
(0, (1, 0, 1), (0, 1)): [1275, 3575, 1458, 1075, 551, 267, 122, 35, 23, 8, 2, 1, 3, 1]
(0, (1, 0, 1), (0, 2)): [593, 1262, 509, 364, 180, 90, 37, 9, 6, 1, 0, 1, 1, 1]
(0, (1, 0, 1), (1, 0)): [1117, 3701, 1542, 1163, 640, 314, 119, 61, 33, 15, 11, 1, 0, 1, 1]
(0, (1, 0, 1), (1, 1)): [1012, 2860, 1200, 889, 467, 208, 91, 43, 26, 9, 6]
(0, (1, 0, 1), (1, 2)): [804, 1671, 702, 489, 263, 110, 52, 20, 11, 3, 1, 1, 1]
(0, (1, 0, 1), (2, 0)): [375, 1252, 535, 408, 235, 131, 47, 19, 8, 8, 5, 1]
(0, (1, 0, 1), (2, 1)): [489, 1475, 629, 481, 239, 133, 47, 19, 16, 8, 5]
(0, (1, 0, 1), (2, 2)): [611, 1296, 548, 406, 206, 107, 50, 21, 4, 4, 3]
(0, (1, 0, 1), (3, 0)): [126, 376, 192, 116, 91, 59, 18, 7, 2, 2, 1, 1]
(0, (1, 0, 1), (3, 1)): [187, 498, 276, 204, 140, 72, 19, 7, 10, 6, 2]
(0, (1, 0, 1), (3, 2)): [297, 643, 349, 234, 149, 85, 29, 12, 8, 9, 4]
(0, (1, 1, 0), (0, 0)): [56997, 36237, 26767, 19601, 10446, 4931, 2096, 966, 408, 183, 84, 35, 11, 5, 0, 0, 1]
(0, (1, 1, 0), (0, 1)): [8607, 4795, 3264, 2526, 1461, 611, 285, 122, 45, 15, 12, 4, 0, 1, 0, 0, 1]
(0, (1, 1, 0), (0, 2)): [3502, 1654, 1097, 846, 481, 210, 87, 47, 19, 8, 3]
(0, (1, 1, 0), (1, 0)): [6819, 4538, 3440, 2716, 1414, 738, 294, 129, 55, 26, 11, 5, 2, 2]
(0, (1, 1, 0), (1, 1)): [6361, 3684, 2700, 2125, 1118, 526, 218, 91, 27, 13, 9, 2, 2, 2, 0, 0, 1]
(0, (1, 1, 0), (1, 2)): [4540, 2222, 1549, 1301, 659, 279, 115, 54, 19, 13, 3, 1, 0, 1, 0, 0, 1]
(0, (1, 1, 0), (2, 0)): [2013, 1537, 1184, 923, 549, 294, 128, 55, 29, 12, 6, 4, 0, 1]
(0, (1, 1, 0), (2, 1)): [2947, 1899, 1464, 1107, 622, 289, 130, 54, 28, 9, 9, 3, 2]
(0, (1, 1, 0), (2, 2)): [3201, 1730, 1263, 1007, 527, 249, 100, 47, 18, 11, 3, 1, 0, 0, 0, 0, 1]
(0, (1, 1, 0), (3, 0)): [468, 491, 418, 315, 212, 125, 51, 22, 11, 6, 2, 2, 0, 1]
(0, (1, 1, 0), (3, 1)): [1043, 800, 667, 518, 329, 188, 80, 27, 18, 8, 5, 1, 2]
(0, (1, 1, 0), (3, 2)): [1501, 963, 788, 642, 359, 184, 75, 38, 14, 6, 3, 0, 0, 0, 0, 0, 1]
(0, (1, 1, 1), (0, 0)): [5375, 10671, 8624, 6278, 5140, 2584, 1179, 550, 272, 111, 58, 20, 6, 4, 1, 0, 1]
(0, (1, 1, 1), (0, 1)): [887, 1534, 1245, 844, 718, 368, 151, 74, 45, 17, 6, 3, 2, 1]
(0, (1, 1, 1), (0, 2)): [472, 611, 451, 292, 251, 130, 45, 24, 16, 5, 3, 1, 1]
(0, (1, 1, 1), (1, 0)): [601, 1424, 1172, 844, 722, 386, 161, 57, 39, 16, 9, 3, 0, 1, 0, 0, 1]
(0, (1, 1, 1), (1, 1)): [591, 1240, 1011, 693, 576, 321, 134, 65, 33, 16, 6, 2, 1, 1, 0, 0, 1]
(0, (1, 1, 1), (1, 2)): [541, 855, 652, 431, 365, 184, 77, 34, 19, 6, 4, 2, 0, 1, 0, 0, 1]
(0, (1, 1, 1), (2, 0)): [172, 413, 391, 297, 276, 145, 52, 22, 10, 5, 3, 2, 0, 1]
(0, (1, 1, 1), (2, 1)): [277, 568, 493, 358, 294, 174, 65, 37, 21, 9, 3, 0, 1]
(0, (1, 1, 1), (2, 2)): [349, 612, 507, 343, 279, 155, 62, 35, 17, 8, 2, 1, 1]
(0, (1, 1, 1), (3, 0)): [36, 120, 102, 107, 82, 56, 23, 12, 2, 2, 2, 1, 0, 1]
(0, (1, 1, 1), (3, 1)): [87, 212, 207, 153, 125, 76, 40, 12, 5, 3, 2, 1, 0, 1]
(0, (1, 1, 1), (3, 2)): [142, 300, 285, 203, 175, 91, 57, 19, 11, 5, 2, 1, 1, 1]
(1, (0, 0, 0), (0, 0)): [1564524, 175447, 71986, 28658, 11188, 4263, 1648, 598, 209, 89, 32, 22, 7, 3, 0, 1]
(1, (0, 0, 0), (0, 1)): [233511, 24773, 10060, 4013, 1593, 596, 219, 91, 22, 9, 3, 4, 0, 1]
(1, (0, 0, 0), (0, 2)): [89401, 8051, 3266, 1220, 475, 172, 56, 25, 3, 3, 0, 3]
(1, (0, 0, 0), (1, 0)): [210086, 26986, 11432, 4636, 1867, 716, 280, 90, 33, 14, 4, 3, 0, 0, 0, 1]
(1, (0, 0, 0), (1, 1)): [202118, 22937, 9460, 3793, 1542, 559, 236, 89, 28, 9, 4, 1, 0, 1]
(1, (0, 0, 0), (1, 2)): [136579, 13074, 5284, 2091, 865, 318, 118, 36, 12, 5, 0, 2]
(1, (0, 0, 0), (2, 0)): [70226, 10150, 4605, 1915, 787, 319, 124, 39, 12, 7, 2, 2, 0, 0, 0, 1]
(1, (0, 0, 0), (2, 1)): [107321, 13626, 5929, 2353, 1004, 372, 132, 65, 13, 9, 5, 1]
(1, (0, 0, 0), (2, 2)): [111398, 11799, 5062, 2056, 836, 312, 104, 44, 16, 7, 1]
(1, (0, 0, 0), (3, 0)): [20866, 3401, 1891, 822, 311, 143, 66, 14, 8, 4, 1, 1, 0, 0, 0, 1]
(1, (0, 0, 0), (3, 1)): [42893, 6527, 3257, 1374, 580, 219, 81, 33, 6, 4, 3]
(1, (0, 0, 0), (3, 2)): [61307, 7877, 3788, 1603, 676, 245, 81, 37, 10, 7, 3]
(1, (0, 0, 1), (0, 0)): [41872, 60157, 12085, 5253, 2141, 891, 335, 124, 62, 20, 13, 8, 3, 2]
(1, (0, 0, 1), (0, 1)): [5675, 7025, 1465, 582, 208, 99, 47, 11, 3, 0, 2, 1]
(1, (0, 0, 1), (0, 2)): [2497, 2309, 451, 169, 71, 31, 17, 2, 2, 0, 0, 1]
(1, (0, 0, 1), (1, 0)): [6116, 9112, 1926, 956, 390, 172, 54, 22, 15, 4, 1, 1]
(1, (0, 0, 1), (1, 1)): [5276, 6809, 1403, 616, 240, 99, 35, 11, 5, 2, 1, 1]
(1, (0, 0, 1), (1, 2)): [3950, 3781, 739, 322, 135, 53, 23, 4, 4, 0, 0, 2]
(1, (0, 0, 1), (2, 0)): [2522, 3715, 868, 488, 197, 88, 34, 14, 9, 2, 1]
(1, (0, 0, 1), (2, 1)): [3013, 4087, 891, 433, 168, 74, 22, 11, 6, 2, 1]
(1, (0, 0, 1), (2, 2)): [3456, 3457, 732, 345, 125, 54, 24, 6, 3, 0, 1, 2]
(1, (0, 0, 1), (3, 0)): [1186, 1491, 398, 266, 113, 50, 17, 7, 2, 0, 1]
(1, (0, 0, 1), (3, 1)): [1348, 1745, 450, 242, 98, 45, 15, 8, 3, 1]
(1, (0, 0, 1), (3, 2)): [2108, 2142, 517, 278, 115, 52, 23, 8, 3, 0, 1]
(1, (0, 1, 0), (0, 0)): [211069, 91716, 33959, 14781, 6002, 2404, 839, 381, 108, 56, 30, 9, 10, 2, 1]
(1, (0, 1, 0), (0, 1)): [29142, 11524, 4282, 1811, 708, 329, 107, 47, 13, 8, 5, 0, 1]
(1, (0, 1, 0), (0, 2)): [11363, 4034, 1427, 564, 205, 111, 35, 15, 3, 3, 0, 0, 1]
(1, (0, 1, 0), (1, 0)): [32015, 13487, 5460, 2706, 1117, 439, 164, 76, 24, 11, 6, 0, 0, 1]
(1, (0, 1, 0), (1, 1)): [26753, 10613, 4092, 1872, 778, 311, 106, 38, 14, 4, 5, 0, 0, 1]
(1, (0, 1, 0), (1, 2)): [17835, 6332, 2304, 977, 357, 163, 59, 28, 7, 6]
(1, (0, 1, 0), (2, 0)): [13441, 5481, 2411, 1383, 579, 228, 88, 47, 13, 7, 5]
(1, (0, 1, 0), (2, 1)): [15563, 6230, 2626, 1287, 561, 203, 75, 34, 9, 5, 3, 0, 0, 1]
(1, (0, 1, 0), (2, 2)): [15599, 5562, 2179, 954, 395, 166, 56, 23, 8, 5, 1]
(1, (0, 1, 0), (3, 0)): [6107, 2252, 1073, 763, 335, 134, 53, 23, 9, 3, 2]
(1, (0, 1, 0), (3, 1)): [7349, 2736, 1308, 798, 364, 122, 53, 27, 11, 2, 2, 0, 0, 1]
(1, (0, 1, 0), (3, 2)): [9648, 3409, 1529, 820, 366, 128, 50, 22, 5, 6, 2, 0, 0, 1]
(1, (0, 1, 1), (0, 0)): [32889, 27696, 23839, 9723, 5125, 2000, 808, 324, 147, 46, 12, 6, 2, 2, 0, 1]
(1, (0, 1, 1), (0, 1)): [3988, 3093, 2602, 1087, 497, 173, 89, 37, 10, 1, 1]
(1, (0, 1, 1), (0, 2)): [1865, 999, 916, 389, 190, 53, 31, 16, 2, 0, 1]
(1, (0, 1, 1), (1, 0)): [5233, 4811, 3622, 1606, 1025, 393, 157, 63, 26, 12, 1]
(1, (0, 1, 1), (1, 1)): [3439, 2847, 2339, 962, 478, 164, 73, 31, 13, 5]
(1, (0, 1, 1), (1, 2)): [2794, 1635, 1453, 584, 301, 91, 44, 23, 5, 3, 1]
(1, (0, 1, 1), (2, 0)): [2973, 2586, 1864, 916, 689, 278, 112, 44, 18, 7, 1]
(1, (0, 1, 1), (2, 1)): [1883, 1618, 1312, 599, 300, 118, 52, 16, 7, 3]
(1, (0, 1, 1), (2, 2)): [2313, 1417, 1253, 536, 277, 78, 37, 14, 5, 1]
(1, (0, 1, 1), (3, 0)): [2159, 1732, 1159, 634, 571, 222, 87, 37, 15, 6, 1]
(1, (0, 1, 1), (3, 1)): [815, 724, 576, 271, 161, 82, 32, 13, 5, 3]
(1, (0, 1, 1), (3, 2)): [1314, 918, 690, 350, 212, 71, 28, 15, 6, 2]
(1, (1, 0, 0), (0, 0)): [584221, 103343, 68157, 29137, 11906, 4723, 1891, 678, 265, 116, 43, 29, 5, 3, 0, 2]
(1, (1, 0, 0), (0, 1)): [78637, 12545, 8526, 3682, 1484, 591, 242, 88, 23, 13, 6, 4]
(1, (1, 0, 0), (0, 2)): [29450, 4042, 2714, 1101, 450, 193, 84, 21, 4, 4, 2]
(1, (1, 0, 0), (1, 0)): [74951, 14332, 10158, 4572, 1919, 765, 318, 115, 34, 19, 6, 2, 1, 0, 0, 1]
(1, (1, 0, 0), (1, 1)): [63958, 10966, 7604, 3375, 1343, 522, 211, 80, 27, 12, 6, 5, 0, 0, 0, 1]
(1, (1, 0, 0), (1, 2)): [41324, 6115, 4190, 1799, 710, 275, 114, 42, 10, 5, 4, 1]
(1, (1, 0, 0), (2, 0)): [24461, 5093, 3734, 1865, 797, 322, 143, 46, 17, 6, 1, 0, 1]
(1, (1, 0, 0), (2, 1)): [32215, 6047, 4260, 2083, 815, 347, 137, 44, 18, 6, 4, 3, 0, 0, 0, 1]
(1, (1, 0, 0), (2, 2)): [31179, 5064, 3427, 1587, 636, 266, 104, 39, 9, 4, 3, 1]
(1, (1, 0, 0), (3, 0)): [6888, 1686, 1170, 735, 342, 131, 64, 16, 5, 4, 0, 0, 1]
(1, (1, 0, 0), (3, 1)): [12400, 2814, 1928, 1106, 458, 179, 83, 19, 10, 4, 2, 1, 0, 0, 0, 1]
(1, (1, 0, 0), (3, 2)): [15705, 3248, 2059, 1113, 453, 193, 82, 22, 12, 4, 4, 2, 0, 0, 0, 1]
(1, (1, 0, 1), (0, 0)): [47768, 54638, 17448, 11952, 5185, 2137, 844, 333, 115, 66, 20, 7, 1, 1]
(1, (1, 0, 1), (0, 1)): [6966, 6320, 2036, 1415, 618, 259, 93, 25, 19, 6, 3, 0, 1]
(1, (1, 0, 1), (0, 2)): [3011, 2033, 694, 480, 215, 85, 37, 14, 7, 2, 2]
(1, (1, 0, 1), (1, 0)): [6194, 7072, 2382, 1727, 811, 329, 126, 61, 18, 13, 0, 1]
(1, (1, 0, 1), (1, 1)): [5475, 5290, 1742, 1237, 511, 228, 74, 21, 11, 4, 0, 1, 1]
(1, (1, 0, 1), (1, 2)): [3986, 2929, 1011, 712, 285, 127, 35, 22, 8, 2, 2]
(1, (1, 0, 1), (2, 0)): [2126, 2348, 861, 632, 351, 136, 52, 31, 6, 6]
(1, (1, 0, 1), (2, 1)): [2693, 2703, 921, 670, 332, 119, 52, 18, 8, 3, 0, 1]
(1, (1, 0, 1), (2, 2)): [2886, 2249, 842, 568, 272, 91, 41, 18, 8, 1, 1]
(1, (1, 0, 1), (3, 0)): [724, 793, 302, 219, 146, 64, 19, 9, 1, 3]
(1, (1, 0, 1), (3, 1)): [1024, 1077, 424, 292, 172, 78, 21, 11, 2, 2, 0, 1]
(1, (1, 0, 1), (3, 2)): [1436, 1282, 534, 355, 211, 79, 29, 11, 7, 1, 0, 1]
(1, (1, 1, 0), (0, 0)): [164447, 50023, 33231, 24361, 10213, 4267, 1662, 664, 254, 109, 41, 23, 9, 5, 1]
(1, (1, 1, 0), (0, 1)): [24399, 6444, 4089, 3168, 1340, 558, 200, 80, 30, 13, 7, 3]
(1, (1, 1, 0), (0, 2)): [9803, 2281, 1360, 1071, 430, 183, 51, 24, 9, 1, 2]
(1, (1, 1, 0), (1, 0)): [21133, 6944, 4663, 3649, 1569, 659, 296, 102, 29, 19, 9, 3, 2, 1]
(1, (1, 1, 0), (1, 1)): [19274, 5545, 3683, 2804, 1226, 491, 198, 76, 23, 21, 7, 3]
(1, (1, 1, 0), (1, 2)): [13631, 3346, 2083, 1643, 682, 227, 79, 46, 11, 4, 6, 2]
(1, (1, 1, 0), (2, 0)): [6780, 2519, 1660, 1306, 648, 300, 129, 44, 14, 6, 5, 1, 2, 1]
(1, (1, 1, 0), (2, 1)): [9537, 3047, 2082, 1572, 740, 347, 148, 38, 17, 8, 6, 1, 1]
(1, (1, 1, 0), (2, 2)): [10290, 2797, 1760, 1365, 645, 252, 99, 40, 11, 5, 3, 2]
(1, (1, 1, 0), (3, 0)): [1732, 929, 605, 386, 262, 123, 47, 23, 4, 3, 1, 1, 1]
(1, (1, 1, 0), (3, 1)): [3516, 1462, 1020, 730, 416, 194, 74, 23, 9, 5, 4, 1, 1]
(1, (1, 1, 0), (3, 2)): [5040, 1738, 1198, 848, 481, 180, 72, 28, 7, 5, 2, 1, 1]
(1, (1, 1, 1), (0, 0)): [33648, 26924, 16927, 10938, 8387, 3551, 1450, 545, 226, 82, 27, 19, 9, 4, 1, 1]
(1, (1, 1, 1), (0, 1)): [5329, 3648, 2241, 1429, 1141, 461, 194, 70, 32, 9, 3, 1, 0, 1]
(1, (1, 1, 1), (0, 2)): [2506, 1253, 796, 506, 384, 135, 62, 20, 5, 5, 2, 0, 0, 1]
(1, (1, 1, 1), (1, 0)): [4027, 3671, 2255, 1453, 1244, 541, 244, 86, 33, 11, 3, 4, 2]
(1, (1, 1, 1), (1, 1)): [3945, 3014, 1891, 1226, 973, 409, 186, 71, 31, 7, 2, 3]
(1, (1, 1, 1), (1, 2)): [3136, 1747, 1167, 733, 570, 237, 101, 39, 14, 5, 1, 3, 0, 1]
(1, (1, 1, 1), (2, 0)): [1048, 1225, 775, 492, 452, 222, 97, 39, 10, 4, 2, 1, 1]
(1, (1, 1, 1), (2, 1)): [1681, 1601, 960, 619, 500, 251, 109, 38, 15, 4, 2, 1]
(1, (1, 1, 1), (2, 2)): [2111, 1428, 932, 608, 478, 204, 97, 34, 12, 7, 1, 2, 0, 1]
(1, (1, 1, 1), (3, 0)): [179, 381, 255, 181, 142, 74, 36, 16, 4, 2, 0, 0, 1]
(1, (1, 1, 1), (3, 1)): [434, 670, 438, 272, 239, 131, 40, 21, 9, 2, 1, 0, 1]
(1, (1, 1, 1), (3, 2)): [825, 832, 550, 363, 284, 145, 61, 27, 8, 3, 2, 1, 0, 1]
(2, (0, 0, 0), (0, 0)): [1365405, 64765, 21706, 6912, 2309, 740, 245, 85, 14, 7, 4, 0, 1]
(2, (0, 0, 0), (0, 1)): [202583, 8584, 2868, 913, 329, 91, 33, 11, 3]
(2, (0, 0, 0), (0, 2)): [76864, 2294, 794, 259, 97, 21, 2, 5]
(2, (0, 0, 0), (1, 0)): [190512, 11183, 3934, 1195, 425, 122, 42, 14, 2, 0, 0, 0, 1]
(2, (0, 0, 0), (1, 1)): [179229, 8674, 3030, 904, 334, 100, 39, 8, 3]
(2, (0, 0, 0), (1, 2)): [118756, 4098, 1462, 479, 162, 49, 16, 6, 1]
(2, (0, 0, 0), (2, 0)): [67322, 4446, 1838, 536, 194, 55, 18, 7, 1, 0, 0, 0, 1]
(2, (0, 0, 0), (2, 1)): [99439, 5627, 2184, 603, 215, 60, 24, 7, 2]
(2, (0, 0, 0), (2, 2)): [101283, 4248, 1634, 477, 168, 53, 16, 6, 1]
(2, (0, 0, 0), (3, 0)): [21193, 1490, 843, 248, 91, 31, 8, 4, 0, 0, 0, 0, 1]
(2, (0, 0, 0), (3, 1)): [41906, 2820, 1378, 419, 132, 37, 10, 6, 1]
(2, (0, 0, 0), (3, 2)): [59061, 3209, 1511, 441, 152, 51, 14, 6, 2]
(2, (0, 0, 1), (0, 0)): [127065, 37154, 7987, 2706, 965, 339, 92, 32, 8, 5, 0, 2]
(2, (0, 0, 1), (0, 1)): [18063, 4370, 983, 315, 104, 43, 13, 4, 1, 2]
(2, (0, 0, 1), (0, 2)): [7166, 1313, 288, 91, 30, 11, 4, 0, 0, 1]
(2, (0, 0, 1), (1, 0)): [20672, 5686, 1471, 552, 207, 68, 19, 8, 2, 1, 0, 1]
(2, (0, 0, 1), (1, 1)): [17092, 4235, 986, 353, 127, 45, 9, 5, 1, 1]
(2, (0, 0, 1), (1, 2)): [11648, 2206, 491, 149, 64, 24, 6, 2, 0, 1]
(2, (0, 0, 1), (2, 0)): [9015, 2422, 725, 320, 119, 38, 12, 4, 1, 1, 0, 1]
(2, (0, 0, 1), (2, 1)): [10297, 2689, 732, 297, 109, 29, 9, 5, 0, 2]
(2, (0, 0, 1), (2, 2)): [10657, 2172, 570, 192, 78, 26, 5, 2]
(2, (0, 0, 1), (3, 0)): [4318, 1003, 355, 194, 62, 23, 8, 1, 1, 0, 0, 1]
(2, (0, 0, 1), (3, 1)): [4869, 1301, 393, 209, 67, 21, 8, 3, 0, 1]
(2, (0, 0, 1), (3, 2)): [6811, 1499, 449, 201, 73, 19, 7, 2, 0, 1]
(2, (0, 1, 0), (0, 0)): [336255, 69732, 19641, 6971, 2384, 776, 236, 72, 17, 12, 7, 0, 1]
(2, (0, 1, 0), (0, 1)): [46622, 8180, 2299, 726, 282, 74, 25, 6, 4, 3, 1]
(2, (0, 1, 0), (0, 2)): [18392, 2436, 688, 194, 79, 14, 8, 1, 1, 1]
(2, (0, 1, 0), (1, 0)): [54157, 10691, 3643, 1511, 498, 161, 56, 21, 0, 1, 0, 0, 1]
(2, (0, 1, 0), (1, 1)): [43662, 7895, 2403, 851, 308, 88, 37, 12, 3, 2, 1]
(2, (0, 1, 0), (1, 2)): [29247, 4137, 1132, 393, 142, 32, 17, 6, 0, 1]
(2, (0, 1, 0), (2, 0)): [24482, 4626, 1785, 898, 309, 94, 24, 11, 0, 1, 0, 0, 1]
(2, (0, 1, 0), (2, 1)): [26172, 4966, 1723, 657, 240, 65, 22, 5, 2, 2, 1, 0, 1]
(2, (0, 1, 0), (2, 2)): [26356, 4004, 1181, 461, 173, 39, 22, 7, 0, 2]
(2, (0, 1, 0), (3, 0)): [12516, 2016, 905, 607, 195, 60, 18, 11, 0, 1]
(2, (0, 1, 0), (3, 1)): [12219, 2327, 958, 469, 163, 50, 15, 5, 2, 1, 1, 0, 1]
(2, (0, 1, 0), (3, 2)): [16683, 2636, 975, 504, 171, 45, 26, 7, 0, 1, 0, 0, 1]
(2, (0, 1, 1), (0, 0)): [77185, 6471, 16230, 4700, 1853, 612, 200, 66, 23, 6, 4, 1, 0, 1]
(2, (0, 1, 1), (0, 1)): [10869, 681, 1894, 534, 178, 69, 14, 8, 1, 1]
(2, (0, 1, 1), (0, 2)): [4544, 235, 577, 163, 63, 18, 4, 1, 0, 1]
(2, (0, 1, 1), (1, 0)): [12905, 1241, 2485, 926, 419, 151, 44, 16, 4, 0, 2]
(2, (0, 1, 1), (1, 1)): [9980, 692, 1810, 561, 203, 87, 19, 10, 3]
(2, (0, 1, 1), (1, 2)): [7364, 398, 997, 289, 112, 34, 6, 3, 0, 1]
(2, (0, 1, 1), (2, 0)): [6270, 710, 1132, 501, 274, 92, 26, 11, 1, 0, 2]
(2, (0, 1, 1), (2, 1)): [5858, 471, 1119, 373, 165, 67, 13, 6, 3, 0, 1]
(2, (0, 1, 1), (2, 2)): [6534, 441, 942, 302, 121, 51, 8, 4, 2]
(2, (0, 1, 1), (3, 0)): [3694, 492, 581, 299, 190, 68, 21, 10, 0, 0, 1]
(2, (0, 1, 1), (3, 1)): [2800, 256, 516, 205, 107, 43, 12, 7, 1, 0, 1]
(2, (0, 1, 1), (3, 2)): [4150, 354, 647, 244, 115, 55, 9, 7, 3]
(2, (1, 0, 0), (0, 0)): [707536, 51294, 34765, 11063, 3680, 1165, 442, 128, 30, 13, 6, 1, 1]
(2, (1, 0, 0), (0, 1)): [94727, 5845, 4074, 1318, 448, 154, 59, 23, 8, 0, 0, 1]
(2, (1, 0, 0), (0, 2)): [35242, 1559, 1057, 366, 123, 31, 18, 4, 4]
(2, (1, 0, 0), (1, 0)): [93180, 7790, 5586, 1908, 676, 186, 79, 21, 4, 1, 0, 0, 1]
(2, (1, 0, 0), (1, 1)): [79817, 5405, 3803, 1275, 431, 136, 50, 17, 4]
(2, (1, 0, 0), (1, 2)): [51126, 2554, 1701, 631, 210, 56, 22, 6, 4]
(2, (1, 0, 0), (2, 0)): [31513, 3055, 2124, 895, 306, 86, 37, 14, 3, 1, 0, 0, 1]
(2, (1, 0, 0), (2, 1)): [41877, 3329, 2357, 861, 289, 93, 38, 11, 1, 0, 0, 0, 1]
(2, (1, 0, 0), (2, 2)): [40191, 2497, 1629, 600, 219, 64, 30, 5, 3]
(2, (1, 0, 0), (3, 0)): [9355, 1135, 699, 417, 138, 37, 14, 6, 2, 1]
(2, (1, 0, 0), (3, 1)): [16983, 1747, 1152, 585, 163, 54, 20, 6, 1, 1, 0, 0, 1]
(2, (1, 0, 0), (3, 2)): [21392, 1846, 1186, 540, 174, 61, 21, 8, 1, 1, 0, 0, 1]
(2, (1, 0, 1), (0, 0)): [125075, 29232, 11495, 7403, 2454, 803, 271, 84, 30, 9, 2, 4, 1]
(2, (1, 0, 1), (0, 1)): [18353, 3548, 1338, 901, 318, 103, 32, 6, 4, 1, 1, 1]
(2, (1, 0, 1), (0, 2)): [7368, 1069, 388, 247, 93, 24, 7, 1, 1]
(2, (1, 0, 1), (1, 0)): [17892, 3986, 1799, 1292, 479, 133, 51, 14, 1, 1, 0, 1]
(2, (1, 0, 1), (1, 1)): [15460, 3086, 1295, 851, 343, 104, 37, 9, 3, 1, 1, 2]
(2, (1, 0, 1), (1, 2)): [10503, 1608, 658, 412, 161, 48, 20, 3, 3, 0, 0, 1]
(2, (1, 0, 1), (2, 0)): [6459, 1420, 750, 526, 209, 59, 21, 8, 1]
(2, (1, 0, 1), (2, 1)): [8423, 1680, 805, 510, 251, 76, 19, 8, 0, 1, 0, 1]
(2, (1, 0, 1), (2, 2)): [8203, 1303, 616, 367, 154, 56, 20, 3, 3, 0, 0, 1]
(2, (1, 0, 1), (3, 0)): [2167, 445, 307, 203, 80, 20, 13, 3, 1]
(2, (1, 0, 1), (3, 1)): [3643, 688, 409, 267, 154, 30, 16, 4, 1, 1]
(2, (1, 0, 1), (3, 2)): [4626, 701, 479, 254, 151, 46, 13, 4, 3]
(2, (1, 1, 0), (0, 0)): [281476, 42628, 21442, 15036, 4945, 1580, 529, 179, 55, 26, 9, 2, 2, 1]
(2, (1, 1, 0), (0, 1)): [40807, 5195, 2501, 1833, 557, 179, 62, 28, 3, 3, 2, 1, 1]
(2, (1, 1, 0), (0, 2)): [16698, 1547, 735, 541, 166, 52, 17, 9, 2, 1]
(2, (1, 1, 0), (1, 0)): [37578, 5756, 3280, 2422, 906, 265, 101, 25, 10, 4, 1]
(2, (1, 1, 0), (1, 1)): [34327, 4630, 2421, 1756, 544, 179, 58, 24, 6, 3, 2, 1, 1]
(2, (1, 1, 0), (1, 2)): [24260, 2424, 1267, 853, 257, 91, 25, 16, 4, 1, 1]
(2, (1, 1, 0), (2, 0)): [12960, 2051, 1338, 953, 461, 126, 52, 11, 3, 3]
(2, (1, 1, 0), (2, 1)): [18090, 2534, 1519, 1111, 428, 114, 45, 14, 4, 2, 0, 0, 1]
(2, (1, 1, 0), (2, 2)): [19242, 2053, 1226, 825, 304, 86, 36, 16, 7, 1, 1]
(2, (1, 1, 0), (3, 0)): [4193, 648, 551, 320, 232, 71, 26, 4, 1, 2]
(2, (1, 1, 0), (3, 1)): [7707, 1118, 861, 557, 315, 79, 32, 3, 1, 0, 0, 0, 1]
(2, (1, 1, 0), (3, 2)): [10728, 1259, 979, 605, 327, 75, 31, 11, 5, 0, 1]
(2, (1, 1, 1), (0, 0)): [82676, 11987, 13778, 6894, 5221, 1620, 547, 186, 60, 13, 9, 3, 1, 1]
(2, (1, 1, 1), (0, 1)): [13436, 1410, 1759, 912, 694, 203, 73, 22, 9, 0, 3, 0, 1]
(2, (1, 1, 1), (0, 2)): [5849, 445, 508, 275, 173, 59, 22, 6, 1, 0, 2]
(2, (1, 1, 1), (1, 0)): [10487, 2316, 1985, 1113, 884, 292, 94, 34, 9, 4, 1, 2]
(2, (1, 1, 1), (1, 1)): [10636, 1503, 1633, 887, 680, 200, 68, 21, 7, 1, 1, 0, 1]
(2, (1, 1, 1), (1, 2)): [8211, 762, 841, 421, 323, 108, 30, 10, 3, 1, 2]
(2, (1, 1, 1), (2, 0)): [2929, 1329, 687, 442, 358, 121, 38, 12, 4, 3, 0, 2]
(2, (1, 1, 1), (2, 1)): [4785, 1239, 901, 571, 420, 150, 48, 8, 4, 0, 0, 0, 1]
(2, (1, 1, 1), (2, 2)): [5780, 905, 753, 439, 318, 120, 34, 8, 3, 1, 2]
(2, (1, 1, 1), (3, 0)): [496, 817, 190, 194, 112, 56, 20, 9, 2, 3, 0, 1]
(2, (1, 1, 1), (3, 1)): [1404, 1018, 341, 326, 217, 80, 32, 7, 2, 3, 0, 1]
(2, (1, 1, 1), (3, 2)): [2417, 1021, 448, 397, 248, 100, 38, 8, 2, 1, 2]
