(0, (0, 0, 0), (0, 0)): [1646299, 332917, 152898, 69396, 30957, 13150, 5437, 2223, 904, 394, 160, 83, 31, 17, 4, 1, 1, 1]
(0, (0, 0, 0), (0, 1)): [143484, 27429, 12365, 5605, 2455, 1047, 428, 146, 63, 26, 13, 5, 2, 3, 0, 1]
(0, (0, 0, 0), (0, 2)): [53875, 9133, 4006, 1764, 769, 321, 136, 45, 21, 7, 4, 1, 1]
(0, (0, 0, 0), (1, 0)): [130989, 29449, 13803, 6409, 3008, 1210, 541, 214, 93, 29, 11, 9, 0, 2, 1, 0, 1]
(0, (0, 0, 0), (1, 1)): [124016, 25048, 11603, 5354, 2371, 990, 423, 152, 71, 17, 14, 8, 1, 3, 0, 1, 1]
(0, (0, 0, 0), (1, 2)): [83363, 14779, 6662, 2943, 1331, 546, 229, 82, 39, 13, 7, 3, 2]
(0, (0, 0, 0), (2, 0)): [42450, 10633, 5263, 2480, 1226, 483, 225, 99, 33, 16, 5, 4, 0, 1, 1]
(0, (0, 0, 0), (2, 1)): [64721, 14381, 7051, 3253, 1525, 634, 272, 123, 47, 12, 8, 6, 0, 1, 0, 0, 1]
(0, (0, 0, 0), (2, 2)): [66367, 12923, 6037, 2746, 1259, 503, 212, 78, 42, 13, 5, 1, 2, 0, 0, 0, 1]
(0, (0, 0, 0), (3, 0)): [12616, 3675, 2033, 1043, 513, 208, 97, 36, 12, 6, 2, 0, 0, 1, 1]
(0, (0, 0, 0), (3, 1)): [24836, 6575, 3504, 1701, 820, 342, 149, 68, 26, 7, 3, 5, 0, 1, 1]
(0, (0, 0, 0), (3, 2)): [35202, 8088, 4224, 1949, 942, 391, 161, 61, 28, 11, 3, 5, 2, 0, 1, 0, 1]
(0, (0, 0, 1), (0, 0)): [6451, 19616, 5380, 2550, 1248, 525, 234, 100, 39, 21, 9, 3, 4, 3]
(0, (0, 0, 1), (0, 1)): [434, 1279, 366, 149, 83, 29, 13, 7, 2, 1, 1, 0, 0, 1]
(0, (0, 0, 1), (0, 2)): [193, 485, 122, 52, 28, 11, 3, 2, 2]
(0, (0, 0, 1), (1, 0)): [445, 1505, 436, 227, 110, 56, 19, 9, 2, 1, 2]
(0, (0, 0, 1), (1, 1)): [411, 1219, 349, 149, 90, 35, 17, 7, 0, 1, 2, 0, 0, 1]
(0, (0, 0, 1), (1, 2)): [311, 792, 200, 83, 43, 21, 6, 5, 2, 1, 1]
(0, (0, 0, 1), (2, 0)): [161, 576, 182, 109, 39, 27, 5, 5, 2, 1]
(0, (0, 0, 1), (2, 1)): [226, 700, 233, 111, 68, 25, 14, 4, 1, 1, 1]
(0, (0, 0, 1), (2, 2)): [286, 721, 197, 92, 57, 20, 7, 0, 1, 1, 1]
(0, (0, 0, 1), (3, 0)): [48, 193, 63, 50, 12, 12, 3, 2, 1]
(0, (0, 0, 1), (3, 1)): [90, 320, 107, 72, 34, 13, 7, 4, 1]
(0, (0, 0, 1), (3, 2)): [159, 440, 119, 80, 48, 12, 3, 1, 2, 1, 1]
(0, (0, 1, 0), (0, 0)): [59290, 55637, 21781, 10561, 5038, 2174, 915, 385, 166, 90, 28, 8, 4, 6, 2, 0, 1]
(0, (0, 1, 0), (0, 1)): [5216, 4776, 1823, 853, 398, 177, 83, 30, 15, 7, 0, 0, 0, 1]
(0, (0, 1, 0), (0, 2)): [2098, 1626, 607, 265, 122, 63, 35, 8, 6, 3]
(0, (0, 1, 0), (1, 0)): [5224, 5159, 2180, 1102, 494, 236, 69, 38, 15, 6, 2, 1, 1, 2, 1, 0, 1]
(0, (0, 1, 0), (1, 1)): [4637, 4231, 1708, 843, 368, 167, 60, 29, 5, 4, 0, 0, 0, 2]
(0, (0, 1, 0), (1, 2)): [3215, 2532, 1023, 502, 208, 102, 38, 21, 4, 2]
(0, (0, 1, 0), (2, 0)): [1911, 1854, 828, 440, 180, 110, 26, 19, 9, 3, 1, 1, 1, 1, 0, 0, 1]
(0, (0, 1, 0), (2, 1)): [2547, 2373, 1028, 500, 221, 118, 37, 17, 4, 4, 1, 0, 1, 1, 0, 0, 1]
(0, (0, 1, 0), (2, 2)): [2792, 2141, 946, 441, 187, 90, 39, 14, 6, 2, 1, 0, 0, 0, 0, 0, 1]
(0, (0, 1, 0), (3, 0)): [667, 554, 280, 183, 69, 51, 15, 12, 6, 1, 0, 1]
(0, (0, 1, 0), (3, 1)): [1097, 965, 488, 281, 122, 68, 18, 13, 1, 1, 0, 1, 0, 1]
(0, (0, 1, 0), (3, 2)): [1622, 1232, 645, 303, 146, 62, 30, 10, 4, 3, 1, 0, 0, 0, 0, 0, 1]
(0, (0, 1, 1), (0, 0)): [4828, 8388, 9944, 4617, 2427, 1167, 485, 219, 111, 43, 11, 9, 2, 2, 2, 0, 1, 1]
(0, (0, 1, 1), (0, 1)): [420, 650, 781, 334, 176, 83, 42, 13, 5, 2, 1, 2, 0, 0, 0, 0, 1]
(0, (0, 1, 1), (0, 2)): [195, 229, 283, 124, 53, 29, 18, 5, 1, 1, 0, 1]
(0, (0, 1, 1), (1, 0)): [408, 833, 965, 485, 248, 126, 42, 20, 14, 2, 1, 2, 0, 0, 1]
(0, (0, 1, 1), (1, 1)): [346, 629, 722, 332, 187, 74, 29, 13, 7, 1, 1, 0, 0, 0, 0, 0, 1]
(0, (0, 1, 1), (1, 2)): [278, 379, 417, 192, 108, 49, 22, 5, 4, 1, 0, 1, 0, 0, 0, 0, 1]
(0, (0, 1, 1), (2, 0)): [176, 372, 382, 217, 116, 78, 19, 9, 7, 2, 1, 1, 0, 0, 1]
(0, (0, 1, 1), (2, 1)): [183, 372, 437, 206, 100, 47, 15, 14, 8, 2, 0, 0, 0, 0, 1]
(0, (0, 1, 1), (2, 2)): [226, 352, 361, 178, 87, 43, 17, 10, 4, 1, 0, 1, 0, 0, 0, 0, 1]
(0, (0, 1, 1), (3, 0)): [95, 165, 164, 105, 71, 43, 10, 2, 2, 1, 1, 1]
(0, (0, 1, 1), (3, 1)): [77, 148, 179, 92, 66, 26, 8, 4, 4, 1, 0, 0, 0, 0, 1]
(0, (0, 1, 1), (3, 2)): [123, 186, 231, 119, 60, 35, 12, 8, 6, 0, 0, 0, 0, 0, 0, 0, 1]
(0, (1, 0, 0), (0, 0)): [348475, 116841, 74366, 36692, 17456, 7811, 3266, 1379, 578, 256, 112, 51, 21, 11, 3, 1, 1, 1]
(0, (1, 0, 0), (0, 1)): [27815, 8602, 5619, 2650, 1291, 567, 232, 102, 42, 9, 2, 3]
(0, (1, 0, 0), (0, 2)): [10217, 2805, 1862, 848, 410, 170, 87, 25, 15, 2, 1, 1]
(0, (1, 0, 0), (1, 0)): [25456, 9321, 6324, 3200, 1578, 697, 309, 120, 48, 27, 14, 4, 0, 5, 1, 0, 1]
(0, (1, 0, 0), (1, 1)): [21589, 7104, 4729, 2301, 1080, 518, 200, 86, 33, 13, 7, 1, 0, 2]
(0, (1, 0, 0), (1, 2)): [13758, 3936, 2636, 1290, 589, 257, 119, 40, 19, 6, 0, 1]
(0, (1, 0, 0), (2, 0)): [7908, 3148, 2227, 1237, 618, 277, 130, 51, 17, 13, 7, 2, 0, 3, 0, 0, 1]
(0, (1, 0, 0), (2, 1)): [10558, 3705, 2578, 1327, 634, 308, 124, 55, 19, 11, 5, 1, 0, 4, 0, 0, 1]
(0, (1, 0, 0), (2, 2)): [9946, 3070, 2115, 996, 491, 198, 104, 40, 17, 9, 2, 1, 0, 2]
(0, (1, 0, 0), (3, 0)): [2053, 980, 736, 487, 251, 104, 57, 20, 8, 5, 3, 1]
(0, (1, 0, 0), (3, 1)): [3696, 1538, 1122, 692, 343, 163, 59, 27, 10, 6, 4, 0, 0, 2]
(0, (1, 0, 0), (3, 2)): [4642, 1754, 1224, 688, 343, 143, 67, 29, 13, 7, 2, 0, 0, 1]
(0, (1, 0, 1), (0, 0)): [8277, 25545, 10327, 7237, 3772, 1743, 830, 325, 165, 63, 34, 15, 6, 2, 2, 0, 0, 1]
(0, (1, 0, 1), (0, 1)): [660, 1917, 761, 542, 271, 136, 61, 13, 11, 4, 2, 0, 1, 1]
(0, (1, 0, 1), (0, 2)): [288, 678, 253, 175, 81, 47, 19, 3, 4, 1, 0, 0, 0, 1]
(0, (1, 0, 1), (1, 0)): [601, 2093, 829, 618, 331, 164, 54, 25, 17, 3, 5, 0, 0, 0, 1]
(0, (1, 0, 1), (1, 1)): [527, 1563, 628, 447, 231, 100, 37, 19, 12, 1, 4]
(0, (1, 0, 1), (1, 2)): [412, 885, 373, 246, 133, 50, 20, 8, 6, 1]
(0, (1, 0, 1), (2, 0)): [209, 707, 294, 214, 135, 76, 24, 9, 3, 2, 1]
(0, (1, 0, 1), (2, 1)): [250, 823, 338, 249, 123, 72, 23, 9, 9, 0, 2]
(0, (1, 0, 1), (2, 2)): [319, 709, 278, 201, 100, 53, 21, 12, 4, 1, 2]
(0, (1, 0, 1), (3, 0)): [69, 214, 97, 60, 51, 32, 8, 5, 0, 1, 1]
(0, (1, 0, 1), (3, 1)): [93, 275, 132, 105, 80, 40, 7, 3, 3, 1]
(0, (1, 0, 1), (3, 2)): [149, 347, 171, 121, 83, 45, 12, 9, 6, 2, 2]
(0, (1, 1, 0), (0, 0)): [48397, 30899, 23068, 16543, 8771, 4123, 1746, 822, 337, 154, 70, 29, 10, 4, 0, 0, 1]
(0, (1, 1, 0), (0, 1)): [4256, 2412, 1673, 1249, 716, 282, 128, 58, 18, 9, 4, 3, 0, 0, 0, 0, 1]
(0, (1, 1, 0), (0, 2)): [1690, 839, 544, 422, 229, 91, 42, 19, 8, 3, 1]
(0, (1, 1, 0), (1, 0)): [3450, 2303, 1813, 1346, 706, 360, 144, 63, 26, 10, 5, 1, 1, 2]
(0, (1, 1, 0), (1, 1)): [3133, 1822, 1367, 1053, 562, 251, 108, 45, 12, 7, 6, 2, 1, 1, 0, 0, 1]
(0, (1, 1, 0), (1, 2)): [2193, 1110, 769, 641, 326, 115, 57, 28, 6, 5, 3, 1, 0, 1, 0, 0, 1]
(0, (1, 1, 0), (2, 0)): [1031, 749, 627, 446, 262, 134, 60, 26, 13, 5, 1, 1, 0, 1]
(0, (1, 1, 0), (2, 1)): [1429, 940, 754, 559, 319, 143, 61, 28, 12, 5, 3, 1, 1]
(0, (1, 1, 0), (2, 2)): [1502, 828, 622, 513, 269, 115, 52, 27, 7, 5, 3, 0, 0, 0, 0, 0, 1]
(0, (1, 1, 0), (3, 0)): [240, 232, 227, 157, 97, 54, 23, 10, 7, 3, 1, 1, 0, 1]
(0, (1, 1, 0), (3, 1)): [529, 385, 347, 241, 163, 79, 36, 12, 10, 4, 1, 1, 1]
(0, (1, 1, 0), (3, 2)): [718, 447, 396, 324, 187, 80, 37, 20, 7, 2, 2, 0, 0, 0, 0, 0, 1]
(0, (1, 1, 1), (0, 0)): [4573, 8937, 7312, 5363, 4300, 2141, 981, 471, 214, 91, 46, 16, 5, 3, 1, 0, 1]
(0, (1, 1, 1), (0, 1)): [434, 759, 649, 416, 358, 163, 69, 33, 22, 10, 2, 1, 2, 1]
(0, (1, 1, 1), (0, 2)): [222, 294, 241, 148, 120, 63, 20, 9, 9, 3, 1, 1, 1]
(0, (1, 1, 1), (1, 0)): [302, 689, 608, 449, 356, 194, 75, 28, 13, 5, 4, 1, 0, 1, 0, 0, 1]
(0, (1, 1, 1), (1, 1)): [307, 625, 504, 338, 292, 140, 60, 28, 12, 9, 3, 0, 1, 1, 0, 0, 1]
(0, (1, 1, 1), (1, 2)): [281, 430, 331, 213, 181, 79, 24, 16, 7, 1, 1, 1, 0, 1, 0, 0, 1]
(0, (1, 1, 1), (2, 0)): [81, 212, 213, 159, 138, 87, 21, 12, 6, 1, 1, 1, 0, 1]
(0, (1, 1, 1), (2, 1)): [135, 270, 256, 177, 134, 88, 31, 15, 12, 5, 1, 0, 1]
(0, (1, 1, 1), (2, 2)): [168, 309, 259, 168, 134, 70, 23, 13, 5, 3, 0, 1, 1]
(0, (1, 1, 1), (3, 0)): [14, 62, 63, 60, 44, 35, 10, 6, 2, 0, 1, 1, 0, 1]
(0, (1, 1, 1), (3, 1)): [41, 103, 110, 80, 59, 39, 21, 6, 3, 2, 1, 1, 0, 1]
(0, (1, 1, 1), (3, 2)): [66, 148, 149, 100, 84, 41, 23, 10, 4, 2, 0, 1, 1, 1]
(1, (0, 0, 0), (0, 0)): [1340349, 147611, 60348, 23877, 9272, 3466, 1360, 493, 182, 73, 28, 19, 7, 3, 0, 1]
(1, (0, 0, 0), (0, 1)): [118320, 12089, 4812, 1931, 751, 243, 95, 45, 10, 1, 0, 2, 0, 1]
(1, (0, 0, 0), (0, 2)): [44462, 3867, 1460, 568, 237, 69, 25, 12, 1, 0, 0, 1]
(1, (0, 0, 0), (1, 0)): [112301, 14049, 5888, 2354, 943, 334, 135, 45, 15, 6, 2, 2, 0, 0, 0, 1]
(1, (0, 0, 0), (1, 1)): [104873, 11502, 4658, 1883, 754, 253, 108, 41, 14, 3, 0, 1, 0, 1]
(1, (0, 0, 0), (1, 2)): [69522, 6371, 2519, 1024, 424, 136, 49, 17, 4]
(1, (0, 0, 0), (2, 0)): [37611, 5395, 2442, 971, 387, 143, 61, 23, 5, 3, 2, 2, 0, 0, 0, 1]
(1, (0, 0, 0), (2, 1)): [56108, 7012, 3011, 1184, 479, 172, 59, 29, 6, 4, 1, 1]
(1, (0, 0, 0), (2, 2)): [56724, 5847, 2428, 1007, 397, 139, 48, 22, 7, 2, 1]
(1, (0, 0, 0), (3, 0)): [11260, 1820, 1032, 397, 162, 62, 33, 10, 4, 2, 1, 1, 0, 0, 0, 1]
(1, (0, 0, 0), (3, 1)): [22527, 3463, 1689, 689, 277, 105, 46, 12, 2, 2]
(1, (0, 0, 0), (3, 2)): [31165, 4007, 1858, 779, 306, 105, 43, 13, 6, 3, 1]
(1, (0, 0, 1), (0, 0)): [36384, 52383, 10376, 4425, 1832, 766, 275, 108, 51, 19, 11, 6, 4, 2]
(1, (0, 0, 1), (0, 1)): [3000, 3650, 753, 290, 118, 53, 16, 5, 1, 0, 2, 1]
(1, (0, 0, 1), (0, 2)): [1303, 1170, 240, 86, 40, 12, 6, 1, 1, 0, 0, 1]
(1, (0, 0, 1), (1, 0)): [3287, 5063, 1026, 490, 190, 100, 28, 10, 7, 2]
(1, (0, 0, 1), (1, 1)): [2841, 3690, 752, 307, 131, 61, 12, 5, 1, 1, 1]
(1, (0, 0, 1), (1, 2)): [2087, 2029, 379, 157, 67, 26, 6, 1, 1, 0, 0, 1]
(1, (0, 0, 1), (2, 0)): [1343, 2064, 459, 249, 97, 50, 19, 6, 6, 1]
(1, (0, 0, 1), (2, 1)): [1640, 2237, 480, 217, 89, 45, 13, 4, 3, 0, 1]
(1, (0, 0, 1), (2, 2)): [1810, 1840, 370, 170, 66, 33, 7, 1, 1, 0, 1, 1]
(1, (0, 0, 1), (3, 0)): [617, 868, 219, 133, 53, 28, 8, 4, 1]
(1, (0, 0, 1), (3, 1)): [683, 954, 235, 132, 44, 25, 10, 5, 1]
(1, (0, 0, 1), (3, 2)): [1060, 1135, 270, 144, 59, 27, 10, 2, 1, 0, 1]
(1, (0, 1, 0), (0, 0)): [181441, 79943, 29055, 12531, 5057, 1983, 682, 316, 97, 46, 26, 9, 9, 2, 1]
(1, (0, 1, 0), (0, 1)): [15006, 6026, 2125, 893, 344, 143, 43, 22, 7, 4, 2]
(1, (0, 1, 0), (0, 2)): [5752, 2085, 685, 282, 96, 46, 13, 7, 3, 1]
(1, (0, 1, 0), (1, 0)): [17187, 7491, 2874, 1422, 598, 223, 78, 37, 17, 5, 4, 0, 0, 1]
(1, (0, 1, 0), (1, 1)): [14042, 5650, 2044, 953, 381, 148, 45, 20, 8, 3, 1, 0, 0, 1]
(1, (0, 1, 0), (1, 2)): [9245, 3387, 1159, 490, 166, 70, 18, 16, 6, 3]
(1, (0, 1, 0), (2, 0)): [7348, 3079, 1286, 733, 315, 121, 47, 25, 10, 3, 4]
(1, (0, 1, 0), (2, 1)): [8100, 3341, 1277, 662, 303, 96, 38, 18, 5, 3, 1, 0, 0, 1]
(1, (0, 1, 0), (2, 2)): [8021, 2912, 1079, 469, 190, 70, 17, 10, 7, 4]
(1, (0, 1, 0), (3, 0)): [3457, 1313, 586, 425, 182, 73, 27, 13, 7, 1, 2]
(1, (0, 1, 0), (3, 1)): [3849, 1453, 649, 415, 204, 62, 31, 14, 6, 2, 2, 0, 0, 1]
(1, (0, 1, 0), (3, 2)): [4892, 1761, 778, 415, 196, 51, 21, 10, 4, 5, 1, 0, 0, 1]
(1, (0, 1, 1), (0, 0)): [28558, 23715, 20817, 8323, 4339, 1693, 670, 276, 122, 40, 11, 7, 2, 2, 0, 1]
(1, (0, 1, 1), (0, 1)): [2041, 1578, 1321, 514, 237, 87, 51, 17, 3]
(1, (0, 1, 1), (0, 2)): [961, 505, 459, 183, 92, 20, 19, 7, 1]
(1, (0, 1, 1), (1, 0)): [2850, 2596, 1951, 832, 542, 187, 68, 31, 10, 4]
(1, (0, 1, 1), (1, 1)): [1780, 1457, 1197, 478, 232, 80, 32, 18, 2, 1]
(1, (0, 1, 1), (1, 2)): [1433, 822, 736, 279, 142, 47, 21, 11, 1]
(1, (0, 1, 1), (2, 0)): [1686, 1434, 1060, 485, 376, 142, 54, 21, 9, 3]
(1, (0, 1, 1), (2, 1)): [985, 833, 684, 295, 154, 57, 24, 7, 0, 2]
(1, (0, 1, 1), (2, 2)): [1170, 706, 625, 254, 129, 39, 12, 7, 1]
(1, (0, 1, 1), (3, 0)): [1242, 1032, 684, 348, 308, 114, 45, 19, 9, 2]
(1, (0, 1, 1), (3, 1)): [419, 381, 311, 126, 90, 41, 19, 4, 0, 1]
(1, (0, 1, 1), (3, 2)): [644, 458, 353, 162, 89, 34, 10, 7, 1]
(1, (1, 0, 0), (0, 0)): [505058, 89867, 57986, 24557, 9934, 3895, 1562, 552, 231, 97, 33, 27, 5, 3, 0, 2]
(1, (1, 0, 0), (0, 1)): [40428, 6556, 4215, 1797, 703, 252, 122, 44, 7, 6, 2, 1]
(1, (1, 0, 0), (0, 2)): [14763, 2053, 1306, 537, 199, 84, 48, 14, 2, 3]
(1, (1, 0, 0), (1, 0)): [39932, 7807, 5297, 2314, 937, 363, 149, 53, 16, 7, 1, 2, 1, 0, 0, 1]
(1, (1, 0, 0), (1, 1)): [33241, 5768, 3848, 1656, 639, 229, 104, 34, 8, 4, 3, 3, 0, 0, 0, 1]
(1, (1, 0, 0), (1, 2)): [20953, 3149, 2106, 843, 319, 126, 56, 21, 3, 3, 2, 1]
(1, (1, 0, 0), (2, 0)): [12959, 2769, 1937, 946, 396, 163, 65, 18, 9, 4, 0, 0, 1]
(1, (1, 0, 0), (2, 1)): [16788, 3206, 2164, 1040, 398, 148, 75, 17, 7, 1, 1, 1, 0, 0, 0, 1]
(1, (1, 0, 0), (2, 2)): [15800, 2604, 1729, 782, 302, 114, 54, 16, 2, 2, 2]
(1, (1, 0, 0), (3, 0)): [3611, 953, 576, 369, 171, 70, 20, 5, 3, 3, 0, 0, 1]
(1, (1, 0, 0), (3, 1)): [6352, 1498, 951, 539, 224, 77, 36, 9, 5, 3, 1, 0, 0, 0, 0, 1]
(1, (1, 0, 0), (3, 2)): [7819, 1642, 1019, 563, 221, 81, 37, 8, 5, 2, 3, 0, 0, 0, 0, 1]
(1, (1, 0, 1), (0, 0)): [40940, 47552, 15216, 10181, 4365, 1800, 712, 269, 91, 60, 15, 7, 0, 1]
(1, (1, 0, 1), (0, 1)): [3659, 3374, 1092, 704, 303, 136, 45, 12, 6, 5]
(1, (1, 0, 1), (0, 2)): [1600, 1067, 372, 219, 95, 46, 19, 7, 2, 2]
(1, (1, 0, 1), (1, 0)): [3256, 3844, 1287, 890, 416, 145, 55, 19, 7, 7, 0, 1]
(1, (1, 0, 1), (1, 1)): [2855, 2752, 902, 646, 253, 103, 38, 8, 5, 3, 0, 1]
(1, (1, 0, 1), (1, 2)): [2105, 1561, 547, 344, 133, 70, 18, 12, 3, 2]
(1, (1, 0, 1), (2, 0)): [1116, 1304, 466, 331, 178, 66, 23, 10, 3, 3]
(1, (1, 0, 1), (2, 1)): [1400, 1383, 467, 352, 158, 54, 22, 6, 5, 1, 0, 1]
(1, (1, 0, 1), (2, 2)): [1479, 1185, 438, 276, 128, 45, 19, 7, 5, 1]
(1, (1, 0, 1), (3, 0)): [355, 445, 172, 112, 86, 34, 11, 2, 0, 2]
(1, (1, 0, 1), (3, 1)): [499, 567, 221, 150, 82, 35, 9, 3, 0, 1, 0, 1]
(1, (1, 0, 1), (3, 2)): [713, 652, 270, 174, 96, 37, 15, 5, 3, 1, 0, 1]
(1, (1, 1, 0), (0, 0)): [140070, 43032, 28635, 20520, 8599, 3529, 1384, 562, 228, 87, 33, 19, 9, 5, 1]
(1, (1, 1, 0), (0, 1)): [12423, 3333, 2043, 1541, 647, 256, 89, 43, 14, 4, 4, 3]
(1, (1, 1, 0), (0, 2)): [4997, 1170, 670, 514, 217, 86, 28, 12, 5, 0, 2]
(1, (1, 1, 0), (1, 0)): [10838, 3620, 2495, 1854, 790, 320, 150, 50, 17, 7, 3, 0, 2, 1]
(1, (1, 1, 0), (1, 1)): [9638, 2829, 1914, 1387, 594, 234, 90, 40, 5, 7, 4, 2]
(1, (1, 1, 0), (1, 2)): [6864, 1693, 1068, 811, 340, 103, 40, 23, 1, 2, 5, 2]
(1, (1, 1, 0), (2, 0)): [3490, 1294, 862, 681, 318, 141, 70, 24, 11, 3, 1, 0, 2, 1]
(1, (1, 1, 0), (2, 1)): [4759, 1576, 1081, 800, 353, 174, 70, 17, 11, 2, 2, 0, 1]
(1, (1, 1, 0), (2, 2)): [5100, 1359, 879, 664, 308, 117, 44, 15, 4, 2, 3, 1]
(1, (1, 1, 0), (3, 0)): [874, 477, 302, 186, 125, 56, 25, 14, 4, 1, 0, 0, 1]
(1, (1, 1, 0), (3, 1)): [1756, 752, 524, 370, 190, 86, 34, 13, 7, 3, 1, 0, 1]
(1, (1, 1, 0), (3, 2)): [2443, 854, 583, 393, 226, 81, 38, 14, 4, 3, 1, 1, 1]
(1, (1, 1, 1), (0, 0)): [28455, 22836, 14488, 9316, 6926, 2942, 1194, 444, 192, 70, 23, 17, 9, 4, 1, 1]
(1, (1, 1, 1), (0, 1)): [2614, 1849, 1189, 702, 515, 215, 81, 34, 16, 1, 2, 1, 0, 1]
(1, (1, 1, 1), (0, 2)): [1228, 633, 425, 253, 167, 61, 32, 10, 4, 1, 2, 0, 0, 1]
(1, (1, 1, 1), (1, 0)): [2061, 1895, 1176, 733, 601, 269, 123, 42, 18, 8, 1, 2, 2]
(1, (1, 1, 1), (1, 1)): [1960, 1555, 986, 584, 452, 196, 71, 36, 14, 3, 1, 2]
(1, (1, 1, 1), (1, 2)): [1529, 875, 623, 354, 250, 105, 42, 18, 7, 2, 1, 2, 0, 1]
(1, (1, 1, 1), (2, 0)): [524, 607, 405, 258, 221, 106, 51, 17, 3, 2, 0, 1, 1]
(1, (1, 1, 1), (2, 1)): [850, 820, 497, 315, 235, 128, 49, 15, 6, 2, 1, 1]
(1, (1, 1, 1), (2, 2)): [1033, 702, 483, 293, 215, 97, 43, 12, 4, 3, 1, 2, 0, 1]
(1, (1, 1, 1), (3, 0)): [95, 198, 128, 97, 73, 44, 18, 7, 2, 1, 0, 0, 1]
(1, (1, 1, 1), (3, 1)): [213, 348, 228, 143, 115, 64, 17, 9, 3, 1, 0, 0, 1]
(1, (1, 1, 1), (3, 2)): [401, 401, 263, 168, 131, 71, 24, 11, 1, 1, 1, 1, 0, 1]
(2, (0, 0, 0), (0, 0)): [1166261, 53656, 17949, 5717, 1914, 607, 210, 69, 11, 7, 5, 0, 1]
(2, (0, 0, 0), (0, 1)): [102540, 4188, 1374, 400, 162, 39, 17, 7, 1]
(2, (0, 0, 0), (0, 2)): [38234, 1111, 358, 122, 52, 7, 2, 5]
(2, (0, 0, 0), (1, 0)): [101501, 5662, 1942, 608, 225, 56, 24, 7, 1, 0, 0, 0, 1]
(2, (0, 0, 0), (1, 1)): [92686, 4321, 1479, 396, 166, 43, 19, 2, 1]
(2, (0, 0, 0), (1, 2)): [60336, 1980, 692, 210, 87, 20, 9, 4]
(2, (0, 0, 0), (2, 0)): [36076, 2248, 921, 285, 104, 26, 12, 5, 0, 0, 0, 0, 1]
(2, (0, 0, 0), (2, 1)): [51885, 2839, 1080, 296, 110, 27, 12, 4]
(2, (0, 0, 0), (2, 2)): [51372, 2108, 781, 221, 89, 22, 7, 4]
(2, (0, 0, 0), (3, 0)): [11524, 796, 427, 126, 49, 12, 6, 2, 0, 0, 0, 0, 1]
(2, (0, 0, 0), (3, 1)): [22032, 1424, 673, 210, 68, 16, 7, 2]
(2, (0, 0, 0), (3, 2)): [30116, 1613, 741, 201, 74, 17, 6, 2]
(2, (0, 0, 1), (0, 0)): [108458, 32545, 6713, 2256, 795, 279, 81, 26, 5, 2, 0, 1]
(2, (0, 0, 1), (0, 1)): [9306, 2319, 481, 163, 52, 18, 9, 3, 1]
(2, (0, 0, 1), (0, 2)): [3643, 698, 140, 46, 13, 5, 3]
(2, (0, 0, 1), (1, 0)): [10968, 3123, 783, 276, 96, 39, 9, 4]
(2, (0, 0, 1), (1, 1)): [8871, 2270, 490, 184, 63, 25, 7, 2, 1]
(2, (0, 0, 1), (1, 2)): [5981, 1152, 236, 75, 31, 14, 5, 1]
(2, (0, 0, 1), (2, 0)): [4768, 1308, 392, 157, 48, 21, 5, 3]
(2, (0, 0, 1), (2, 1)): [5342, 1458, 387, 152, 49, 17, 4, 3]
(2, (0, 0, 1), (2, 2)): [5458, 1130, 294, 97, 32, 18, 3, 1]
(2, (0, 0, 1), (3, 0)): [2276, 533, 196, 99, 20, 13, 4, 1]
(2, (0, 0, 1), (3, 1)): [2572, 722, 201, 96, 35, 12, 5, 2]
(2, (0, 0, 1), (3, 2)): [3473, 805, 227, 100, 26, 14, 5, 1]
(2, (0, 1, 0), (0, 0)): [287375, 60387, 16510, 5818, 1920, 641, 186, 61, 15, 10, 6, 0, 1]
(2, (0, 1, 0), (0, 1)): [23640, 4204, 1095, 323, 127, 31, 13, 5, 2, 1, 1]
(2, (0, 1, 0), (0, 2)): [9154, 1251, 319, 85, 33, 5, 4, 0, 0, 1]
(2, (0, 1, 0), (1, 0)): [28681, 5682, 1913, 802, 228, 79, 26, 11, 0, 1, 0, 0, 1]
(2, (0, 1, 0), (1, 1)): [22403, 4164, 1205, 402, 144, 38, 19, 7, 2, 0, 1]
(2, (0, 1, 0), (1, 2)): [14758, 2149, 533, 190, 61, 15, 8, 2, 0, 1]
(2, (0, 1, 0), (2, 0)): [13254, 2421, 959, 500, 140, 48, 11, 7, 0, 1, 0, 0, 1]
(2, (0, 1, 0), (2, 1)): [13493, 2606, 873, 313, 105, 29, 10, 4, 2, 0, 1, 0, 1]
(2, (0, 1, 0), (2, 2)): [13276, 2091, 571, 230, 77, 17, 9, 5, 0, 1]
(2, (0, 1, 0), (3, 0)): [6897, 1074, 499, 357, 97, 31, 10, 7, 0, 1]
(2, (0, 1, 0), (3, 1)): [6245, 1194, 501, 234, 79, 25, 8, 3, 2, 0, 1, 0, 1]
(2, (0, 1, 0), (3, 2)): [8370, 1357, 499, 249, 78, 19, 10, 3, 0, 0, 0, 0, 1]
(2, (0, 1, 1), (0, 0)): [65714, 5615, 14115, 3878, 1540, 498, 176, 55, 21, 5, 4, 1, 0, 1]
(2, (0, 1, 1), (0, 1)): [5545, 362, 924, 241, 85, 36, 8, 5]
(2, (0, 1, 1), (0, 2)): [2302, 135, 287, 81, 35, 9, 4, 1]
(2, (0, 1, 1), (1, 0)): [6785, 676, 1343, 451, 205, 67, 27, 6, 3, 0, 2]
(2, (0, 1, 1), (1, 1)): [5081, 348, 889, 245, 78, 37, 10, 4, 2]
(2, (0, 1, 1), (1, 2)): [3712, 203, 485, 143, 52, 19, 5, 2]
(2, (0, 1, 1), (2, 0)): [3367, 380, 641, 263, 143, 46, 16, 5, 1, 0, 2]
(2, (0, 1, 1), (2, 1)): [2995, 231, 585, 155, 63, 26, 8, 2, 2, 0, 1]
(2, (0, 1, 1), (2, 2)): [3277, 213, 452, 133, 46, 26, 7, 2, 1]
(2, (0, 1, 1), (3, 0)): [2028, 273, 336, 161, 106, 34, 13, 4, 0, 0, 1]
(2, (0, 1, 1), (3, 1)): [1453, 124, 282, 91, 43, 13, 5, 2, 1, 0, 1]
(2, (0, 1, 1), (3, 2)): [2077, 166, 332, 110, 45, 26, 6, 4, 2]
(2, (1, 0, 0), (0, 0)): [612009, 44430, 29234, 9267, 3018, 957, 380, 104, 20, 13, 6, 1, 1]
(2, (1, 0, 0), (0, 1)): [48657, 2957, 1961, 644, 210, 73, 36, 8, 2, 0, 0, 1]
(2, (1, 0, 0), (0, 2)): [17676, 793, 495, 174, 55, 16, 12]
(2, (1, 0, 0), (1, 0)): [49514, 4193, 2866, 986, 315, 90, 42, 12, 1, 1, 0, 0, 1]
(2, (1, 0, 0), (1, 1)): [41422, 2754, 1878, 637, 200, 61, 27, 8, 1]
(2, (1, 0, 0), (1, 2)): [26058, 1276, 828, 304, 85, 27, 10, 2]
(2, (1, 0, 0), (2, 0)): [16674, 1656, 1081, 447, 143, 42, 21, 8, 1, 1, 0, 0, 1]
(2, (1, 0, 0), (2, 1)): [21593, 1687, 1117, 416, 135, 42, 21, 6, 0, 0, 0, 0, 1]
(2, (1, 0, 0), (2, 2)): [20326, 1242, 764, 284, 103, 32, 12, 3]
(2, (1, 0, 0), (3, 0)): [4953, 632, 376, 220, 70, 18, 9, 3, 0, 1]
(2, (1, 0, 0), (3, 1)): [8731, 884, 549, 296, 71, 26, 11, 2, 0, 1, 0, 0, 1]
(2, (1, 0, 0), (3, 2)): [10636, 946, 529, 259, 81, 33, 10, 4, 0, 1, 0, 0, 1]
(2, (1, 0, 1), (0, 0)): [106481, 25388, 10030, 6099, 1996, 669, 226, 73, 25, 8, 0, 3, 1]
(2, (1, 0, 1), (0, 1)): [9509, 1856, 720, 445, 136, 45, 10, 4, 2, 1, 0, 1]
(2, (1, 0, 1), (0, 2)): [3776, 543, 211, 118, 40, 11, 2, 1, 1]
(2, (1, 0, 1), (1, 0)): [9425, 2147, 1004, 627, 236, 70, 29, 7]
(2, (1, 0, 1), (1, 1)): [7965, 1641, 689, 430, 164, 51, 20, 4, 1, 1, 0, 1]
(2, (1, 0, 1), (1, 2)): [5286, 849, 355, 206, 76, 23, 10, 2, 1, 0, 0, 1]
(2, (1, 0, 1), (2, 0)): [3387, 757, 411, 254, 97, 29, 11, 5]
(2, (1, 0, 1), (2, 1)): [4386, 879, 435, 240, 109, 34, 8, 2, 0, 1]
(2, (1, 0, 1), (2, 2)): [4140, 681, 328, 166, 69, 29, 7, 2, 1, 0, 0, 1]
(2, (1, 0, 1), (3, 0)): [1137, 239, 163, 102, 43, 11, 7, 2]
(2, (1, 0, 1), (3, 1)): [1860, 346, 207, 122, 72, 16, 7, 2, 0, 1]
(2, (1, 0, 1), (3, 2)): [2251, 364, 240, 119, 58, 26, 6, 1, 1]
(2, (1, 1, 0), (0, 0)): [240635, 36800, 18384, 12641, 4111, 1307, 444, 149, 47, 22, 8, 2, 2, 1]
(2, (1, 1, 0), (0, 1)): [20478, 2715, 1235, 911, 260, 75, 33, 18, 2, 2, 0, 1, 1]
(2, (1, 1, 0), (0, 2)): [8292, 804, 346, 257, 79, 20, 9, 7, 2]
(2, (1, 1, 0), (1, 0)): [19703, 3034, 1696, 1242, 450, 126, 54, 8, 3, 1, 1]
(2, (1, 1, 0), (1, 1)): [17384, 2369, 1221, 892, 247, 76, 33, 11, 2, 3, 0, 1, 1]
(2, (1, 1, 0), (1, 2)): [12141, 1220, 603, 427, 126, 39, 13, 10, 2]
(2, (1, 1, 0), (2, 0)): [6685, 1081, 667, 481, 239, 68, 27, 3]
(2, (1, 1, 0), (2, 1)): [9191, 1289, 799, 548, 188, 46, 28, 6, 1, 1, 0, 0, 1]
(2, (1, 1, 0), (2, 2)): [9522, 1030, 577, 436, 146, 35, 22, 9, 3]
(2, (1, 1, 0), (3, 0)): [2141, 363, 257, 159, 130, 40, 11]
(2, (1, 1, 0), (3, 1)): [3840, 576, 443, 251, 142, 40, 19, 2, 0, 0, 0, 0, 1]
(2, (1, 1, 0), (3, 2)): [5273, 611, 466, 300, 157, 31, 15, 4, 2]
(2, (1, 1, 1), (0, 0)): [69755, 10159, 11710, 5764, 4253, 1336, 451, 153, 50, 9, 9, 3, 1, 1]
(2, (1, 1, 1), (0, 1)): [6645, 707, 884, 446, 322, 80, 31, 10, 2, 0, 2, 0, 1]
(2, (1, 1, 1), (0, 2)): [2876, 221, 257, 125, 90, 23, 10, 4, 1, 0, 1]
(2, (1, 1, 1), (1, 0)): [5296, 1217, 1013, 576, 420, 149, 46, 11, 5, 0, 1, 2]
(2, (1, 1, 1), (1, 1)): [5248, 760, 803, 448, 325, 98, 32, 9, 2, 0, 1, 0, 1]
(2, (1, 1, 1), (1, 2)): [3979, 388, 411, 195, 157, 50, 12, 7, 1, 0, 1]
(2, (1, 1, 1), (2, 0)): [1495, 709, 355, 229, 170, 65, 19, 3, 2, 0, 0, 2]
(2, (1, 1, 1), (2, 1)): [2424, 651, 457, 269, 205, 68, 25, 3, 0, 0, 0, 0, 1]
(2, (1, 1, 1), (2, 2)): [2806, 444, 356, 204, 154, 53, 17, 6, 1, 0, 1]
(2, (1, 1, 1), (3, 0)): [251, 427, 106, 111, 54, 35, 8, 1, 1, 0, 0, 1]
(2, (1, 1, 1), (3, 1)): [705, 546, 189, 170, 109, 41, 16, 2, 0, 0, 0, 1]
(2, (1, 1, 1), (3, 2)): [1162, 522, 228, 193, 124, 43, 19, 4, 1, 0, 1]
