(0, (0, 0, 0), (0, 0)): [1654399, 335517, 154021, 70087, 31269, 13307, 5496, 2251, 909, 401, 158, 87, 31, 17, 4, 1, 1, 1]
(0, (0, 0, 0), (0, 1)): [157057, 30178, 13596, 6213, 2718, 1166, 467, 158, 69, 33, 13, 8, 3, 3, 0, 1]
(0, (0, 0, 0), (0, 2)): [59094, 10115, 4422, 1965, 854, 354, 145, 46, 23, 9, 4, 2, 1]
(0, (0, 0, 0), (1, 0)): [142586, 32267, 15107, 7023, 3272, 1334, 591, 233, 103, 31, 11, 9, 0, 2, 1, 0, 1]
(0, (0, 0, 0), (1, 1)): [135420, 27513, 12761, 5907, 2611, 1102, 468, 166, 81, 19, 14, 9, 2, 3, 0, 1, 1]
(0, (0, 0, 0), (1, 2)): [91334, 16273, 7311, 3250, 1467, 609, 257, 88, 47, 15, 8, 5, 3]
(0, (0, 0, 0), (2, 0)): [46195, 11610, 5766, 2719, 1329, 537, 243, 107, 36, 16, 5, 4, 0, 1, 1]
(0, (0, 0, 0), (2, 1)): [70563, 15755, 7714, 3568, 1669, 700, 290, 131, 48, 13, 8, 6, 0, 1, 0, 0, 1]
(0, (0, 0, 0), (2, 2)): [72620, 14181, 6651, 3038, 1383, 569, 233, 85, 49, 14, 6, 2, 3, 0, 0, 0, 1]
(0, (0, 0, 0), (3, 0)): [13685, 3990, 2226, 1135, 549, 234, 104, 41, 13, 6, 2, 0, 0, 1, 1]
(0, (0, 0, 0), (3, 1)): [27101, 7189, 3811, 1854, 892, 373, 159, 74, 26, 7, 3, 5, 0, 1, 1]
(0, (0, 0, 0), (3, 2)): [38572, 8917, 4621, 2145, 1032, 433, 173, 67, 32, 11, 4, 6, 2, 0, 1, 0, 1]
(0, (0, 0, 1), (0, 0)): [6378, 19531, 5356, 2554, 1244, 526, 231, 100, 39, 21, 9, 3, 3, 3]
(0, (0, 0, 1), (0, 1)): [456, 1383, 403, 161, 92, 30, 14, 7, 2, 1, 1, 0, 0, 1]
(0, (0, 0, 1), (0, 2)): [199, 523, 132, 54, 31, 11, 3, 2, 2]
(0, (0, 0, 1), (1, 0)): [484, 1626, 474, 250, 116, 59, 19, 9, 2, 1, 1]
(0, (0, 0, 1), (1, 1)): [445, 1324, 383, 168, 97, 35, 18, 7, 0, 1, 1, 0, 0, 1]
(0, (0, 0, 1), (1, 2)): [331, 863, 222, 91, 49, 21, 7, 5, 2, 1]
(0, (0, 0, 1), (2, 0)): [173, 620, 197, 118, 42, 28, 6, 5, 2, 1]
(0, (0, 0, 1), (2, 1)): [243, 757, 258, 124, 71, 27, 14, 4, 1, 1, 1]
(0, (0, 0, 1), (2, 2)): [308, 775, 215, 98, 65, 19, 8, 0, 1, 1]
(0, (0, 0, 1), (3, 0)): [52, 206, 65, 52, 14, 12, 4, 2, 1]
(0, (0, 0, 1), (3, 1)): [97, 345, 116, 81, 35, 14, 7, 4, 1]
(0, (0, 0, 1), (3, 2)): [174, 476, 131, 89, 55, 11, 3, 1, 2, 1]
(0, (0, 1, 0), (0, 0)): [59904, 56066, 21965, 10712, 5110, 2213, 932, 400, 168, 91, 29, 9, 4, 6, 2, 0, 1]
(0, (0, 1, 0), (0, 1)): [5723, 5249, 2015, 929, 443, 188, 91, 36, 16, 7, 0, 0, 0, 1]
(0, (0, 1, 0), (0, 2)): [2307, 1786, 686, 293, 138, 65, 38, 10, 6, 3]
(0, (0, 1, 0), (1, 0)): [5710, 5615, 2363, 1219, 550, 266, 85, 44, 18, 8, 4, 1, 1, 2, 1, 0, 1]
(0, (0, 1, 0), (1, 1)): [5088, 4622, 1848, 919, 419, 185, 72, 37, 7, 5, 1, 0, 0, 2]
(0, (0, 1, 0), (1, 2)): [3561, 2791, 1132, 547, 232, 108, 45, 26, 5, 2, 1]
(0, (0, 1, 0), (2, 0)): [2086, 2012, 903, 500, 203, 127, 34, 20, 10, 3, 1, 1, 1, 1, 0, 0, 1]
(0, (0, 1, 0), (2, 1)): [2773, 2593, 1115, 550, 257, 136, 44, 18, 6, 5, 1, 0, 1, 1, 0, 0, 1]
(0, (0, 1, 0), (2, 2)): [3056, 2349, 1034, 475, 212, 99, 45, 17, 7, 2, 1, 0, 0, 0, 0, 0, 1]
(0, (0, 1, 0), (3, 0)): [723, 601, 308, 206, 77, 57, 19, 12, 6, 1, 0, 1]
(0, (0, 1, 0), (3, 1)): [1203, 1061, 529, 321, 140, 79, 23, 13, 2, 1, 0, 1, 0, 1]
(0, (0, 1, 0), (3, 2)): [1784, 1366, 699, 333, 164, 73, 36, 13, 4, 3, 1, 0, 0, 0, 0, 0, 1]
(0, (0, 1, 1), (0, 0)): [4858, 8500, 10042, 4672, 2451, 1175, 498, 224, 112, 47, 11, 10, 2, 2, 2, 0, 1, 1]
(0, (0, 1, 1), (0, 1)): [466, 737, 863, 360, 194, 88, 44, 14, 6, 4, 1, 2, 0, 0, 0, 0, 1]
(0, (0, 1, 1), (0, 2)): [209, 267, 306, 136, 63, 32, 19, 6, 1, 2, 0, 1]
(0, (0, 1, 1), (1, 0)): [441, 903, 1066, 546, 272, 145, 48, 23, 16, 3, 1, 2, 0, 0, 1]
(0, (0, 1, 1), (1, 1)): [385, 689, 801, 360, 198, 83, 32, 14, 7, 3, 1, 0, 0, 0, 0, 0, 1]
(0, (0, 1, 1), (1, 2)): [300, 425, 459, 208, 117, 59, 22, 7, 4, 2, 0, 1, 0, 0, 0, 0, 1]
(0, (0, 1, 1), (2, 0)): [190, 405, 423, 247, 131, 86, 22, 10, 8, 2, 1, 1, 0, 0, 1]
(0, (0, 1, 1), (2, 1)): [209, 411, 472, 235, 112, 49, 17, 14, 8, 4, 0, 0, 0, 0, 1]
(0, (0, 1, 1), (2, 2)): [256, 395, 397, 196, 97, 51, 17, 11, 4, 3, 0, 1, 0, 0, 0, 0, 1]
(0, (0, 1, 1), (3, 0)): [100, 178, 179, 114, 80, 47, 11, 3, 3, 0, 1, 1]
(0, (0, 1, 1), (3, 1)): [86, 160, 196, 105, 76, 28, 10, 4, 5, 2, 0, 0, 0, 0, 1]
(0, (0, 1, 1), (3, 2)): [137, 207, 255, 130, 69, 41, 12, 8, 7, 1, 0, 0, 0, 0, 0, 0, 1]
(0, (1, 0, 0), (0, 0)): [349552, 117138, 74738, 36984, 17638, 7897, 3301, 1393, 588, 262, 111, 53, 21, 11, 3, 1, 1, 1]
(0, (1, 0, 0), (0, 1)): [30390, 9415, 6135, 2911, 1404, 620, 255, 109, 48, 11, 2, 4]
(0, (1, 0, 0), (0, 2)): [11192, 3063, 2044, 934, 449, 186, 98, 29, 16, 2, 1, 2]
(0, (1, 0, 0), (1, 0)): [27789, 10154, 6908, 3551, 1751, 769, 338, 128, 57, 32, 14, 5, 0, 5, 1, 0, 1]
(0, (1, 0, 0), (1, 1)): [23639, 7791, 5150, 2563, 1183, 568, 217, 91, 39, 19, 6, 1, 0, 2]
(0, (1, 0, 0), (1, 2)): [15085, 4307, 2886, 1425, 648, 275, 126, 47, 23, 7, 0, 2]
(0, (1, 0, 0), (2, 0)): [8618, 3412, 2441, 1357, 698, 301, 144, 55, 20, 14, 7, 2, 0, 3, 0, 0, 1]
(0, (1, 0, 0), (2, 1)): [11558, 4071, 2804, 1464, 686, 341, 140, 57, 21, 14, 5, 1, 0, 4, 0, 0, 1]
(0, (1, 0, 0), (2, 2)): [10898, 3357, 2311, 1118, 533, 218, 113, 47, 20, 11, 2, 1, 0, 2]
(0, (1, 0, 0), (3, 0)): [2226, 1063, 809, 537, 291, 111, 60, 22, 10, 5, 3, 1]
(0, (1, 0, 0), (3, 1)): [4034, 1702, 1223, 768, 373, 176, 71, 28, 13, 7, 4, 0, 0, 2]
(0, (1, 0, 0), (3, 2)): [5084, 1936, 1341, 774, 379, 155, 76, 32, 14, 7, 2, 0, 0, 1]
(0, (1, 0, 1), (0, 0)): [8310, 25698, 10372, 7312, 3808, 1768, 836, 327, 167, 63, 35, 15, 6, 2, 2, 0, 0, 1]
(0, (1, 0, 1), (0, 1)): [717, 2096, 843, 591, 302, 148, 68, 14, 12, 4, 2, 0, 1, 1]
(0, (1, 0, 1), (0, 2)): [318, 736, 280, 188, 95, 51, 22, 3, 4, 1, 0, 0, 0, 1]
(0, (1, 0, 1), (1, 0)): [665, 2268, 904, 679, 364, 182, 59, 27, 19, 3, 6, 0, 0, 0, 1]
(0, (1, 0, 1), (1, 1)): [580, 1705, 701, 492, 255, 111, 43, 19, 14, 1, 4]
(0, (1, 0, 1), (1, 2)): [445, 968, 412, 266, 148, 51, 23, 8, 6, 1]
(0, (1, 0, 1), (2, 0)): [224, 765, 311, 244, 146, 83, 25, 10, 4, 2, 2]
(0, (1, 0, 1), (2, 1)): [281, 890, 368, 276, 135, 81, 25, 10, 11, 0, 3]
(0, (1, 0, 1), (2, 2)): [353, 758, 310, 226, 114, 58, 23, 12, 4, 1, 2]
(0, (1, 0, 1), (3, 0)): [74, 234, 107, 64, 53, 36, 9, 5, 0, 1, 1]
(0, (1, 0, 1), (3, 1)): [95, 296, 150, 113, 86, 44, 8, 3, 5, 1, 1]
(0, (1, 0, 1), (3, 2)): [162, 377, 196, 134, 84, 48, 14, 9, 6, 2, 3]
(0, (1, 1, 0), (0, 0)): [48689, 31064, 23144, 16699, 8846, 4153, 1763, 826, 339, 157, 71, 30, 10, 4, 0, 0, 1]
(0, (1, 1, 0), (0, 1)): [4681, 2647, 1845, 1373, 787, 310, 142, 64, 20, 12, 5, 3, 0, 0, 0, 0, 1]
(0, (1, 1, 0), (0, 2)): [1879, 926, 605, 450, 259, 98, 45, 22, 8, 5, 1]
(0, (1, 1, 0), (1, 0)): [3789, 2535, 1986, 1497, 781, 394, 154, 66, 27, 11, 6, 2, 1, 2]
(0, (1, 1, 0), (1, 1)): [3430, 2005, 1512, 1172, 620, 279, 118, 48, 14, 8, 7, 2, 1, 1, 0, 0, 1]
(0, (1, 1, 0), (1, 2)): [2412, 1202, 851, 706, 361, 126, 60, 29, 7, 8, 3, 1, 0, 1, 0, 0, 1]
(0, (1, 1, 0), (2, 0)): [1138, 822, 686, 511, 292, 149, 64, 27, 13, 5, 2, 2, 0, 1]
(0, (1, 1, 0), (2, 1)): [1594, 1032, 831, 637, 353, 161, 67, 29, 13, 5, 5, 2, 1]
(0, (1, 1, 0), (2, 2)): [1678, 910, 684, 573, 294, 127, 54, 28, 8, 7, 3, 0, 0, 0, 0, 0, 1]
(0, (1, 1, 0), (3, 0)): [256, 256, 250, 173, 110, 61, 24, 11, 7, 3, 1, 1, 0, 1]
(0, (1, 1, 0), (3, 1)): [568, 429, 385, 275, 181, 93, 41, 12, 10, 4, 3, 1, 1]
(0, (1, 1, 0), (3, 2)): [796, 496, 434, 369, 203, 92, 39, 21, 7, 2, 2, 0, 0, 0, 0, 0, 1]
(0, (1, 1, 1), (0, 0)): [4582, 8999, 7380, 5396, 4325, 2160, 990, 472, 217, 92, 49, 16, 5, 3, 1, 0, 1]
(0, (1, 1, 1), (0, 1)): [472, 822, 714, 458, 397, 187, 74, 36, 22, 10, 3, 1, 2, 1]
(0, (1, 1, 1), (0, 2)): [243, 324, 267, 166, 132, 71, 23, 9, 9, 2, 2, 1, 1]
(0, (1, 1, 1), (1, 0)): [326, 770, 671, 486, 383, 204, 79, 31, 16, 6, 5, 1, 0, 1, 0, 0, 1]
(0, (1, 1, 1), (1, 1)): [328, 685, 568, 375, 324, 155, 63, 33, 13, 10, 3, 0, 1, 1, 0, 0, 1]
(0, (1, 1, 1), (1, 2)): [307, 473, 366, 234, 198, 91, 26, 17, 8, 1, 2, 1, 0, 1, 0, 0, 1]
(0, (1, 1, 1), (2, 0)): [90, 233, 228, 170, 146, 91, 23, 12, 7, 1, 2, 1, 0, 1]
(0, (1, 1, 1), (2, 1)): [149, 300, 282, 196, 150, 95, 33, 18, 13, 6, 1, 0, 1]
(0, (1, 1, 1), (2, 2)): [191, 334, 285, 184, 151, 83, 25, 16, 6, 4, 0, 1, 1]
(0, (1, 1, 1), (3, 0)): [15, 67, 65, 63, 47, 36, 11, 6, 2, 0, 2, 1, 0, 1]
(0, (1, 1, 1), (3, 1)): [42, 113, 117, 86, 65, 40, 21, 7, 4, 2, 1, 1, 0, 1]
(0, (1, 1, 1), (3, 2)): [71, 168, 161, 106, 93, 47, 24, 11, 5, 2, 0, 1, 1, 1]
(1, (0, 0, 0), (0, 0)): [1348078, 149048, 60922, 24154, 9369, 3515, 1371, 500, 176, 72, 27, 20, 7, 3, 0, 1]
(1, (0, 0, 0), (0, 1)): [129422, 13308, 5293, 2120, 830, 282, 103, 47, 10, 1, 0, 3, 0, 1]
(1, (0, 0, 0), (0, 2)): [48799, 4263, 1635, 620, 258, 82, 27, 14, 1, 0, 0, 2]
(1, (0, 0, 0), (1, 0)): [122186, 15454, 6448, 2594, 1021, 375, 151, 50, 15, 6, 2, 2, 0, 0, 0, 1]
(1, (0, 0, 0), (1, 1)): [114563, 12656, 5107, 2075, 824, 290, 119, 41, 14, 3, 0, 1, 0, 1]
(1, (0, 0, 0), (1, 2)): [76128, 7042, 2794, 1124, 454, 161, 59, 19, 4, 0, 0, 1]
(1, (0, 0, 0), (2, 0)): [40855, 5920, 2658, 1071, 412, 158, 69, 26, 5, 3, 2, 2, 0, 0, 0, 1]
(1, (0, 0, 0), (2, 1)): [61171, 7735, 3297, 1293, 524, 191, 64, 32, 6, 4, 1, 1]
(1, (0, 0, 0), (2, 2)): [62244, 6433, 2692, 1103, 432, 157, 56, 24, 7, 2, 1]
(1, (0, 0, 0), (3, 0)): [12205, 1995, 1111, 444, 176, 68, 37, 10, 4, 2, 1, 1, 0, 0, 0, 1]
(1, (0, 0, 0), (3, 1)): [24496, 3822, 1829, 756, 304, 115, 49, 14, 2, 2]
(1, (0, 0, 0), (3, 2)): [34190, 4421, 2069, 860, 336, 120, 47, 16, 6, 3, 1]
(1, (0, 0, 1), (0, 0)): [36366, 52318, 10367, 4465, 1833, 767, 276, 110, 52, 19, 12, 6, 3, 2]
(1, (0, 0, 1), (0, 1)): [3284, 3993, 798, 327, 127, 55, 23, 7, 2, 0, 2, 1]
(1, (0, 0, 1), (0, 2)): [1415, 1283, 252, 98, 46, 13, 9, 1, 2, 0, 0, 1]
(1, (0, 0, 1), (1, 0)): [3557, 5480, 1122, 538, 208, 107, 29, 12, 7, 3]
(1, (0, 0, 1), (1, 1)): [3083, 4037, 815, 337, 142, 63, 17, 8, 1, 2, 1]
(1, (0, 0, 1), (1, 2)): [2275, 2202, 409, 176, 77, 28, 9, 2, 2, 0, 0, 1]
(1, (0, 0, 1), (2, 0)): [1468, 2240, 504, 273, 105, 56, 19, 6, 6, 1]
(1, (0, 0, 1), (2, 1)): [1788, 2449, 519, 240, 96, 47, 14, 5, 3, 1, 1]
(1, (0, 0, 1), (2, 2)): [1983, 2015, 401, 188, 74, 34, 10, 2, 2, 0, 1, 1]
(1, (0, 0, 1), (3, 0)): [679, 932, 244, 146, 58, 31, 8, 4, 1]
(1, (0, 0, 1), (3, 1)): [762, 1045, 255, 146, 47, 26, 10, 6, 1]
(1, (0, 0, 1), (3, 2)): [1168, 1253, 291, 160, 66, 29, 12, 3, 2, 0, 1]
(1, (0, 1, 0), (0, 0)): [182208, 80018, 29152, 12582, 5104, 2001, 688, 320, 96, 46, 25, 9, 9, 2, 1]
(1, (0, 1, 0), (0, 1)): [16451, 6565, 2324, 988, 383, 153, 52, 23, 8, 4, 2]
(1, (0, 1, 0), (0, 2)): [6356, 2278, 754, 316, 109, 51, 15, 7, 3, 1]
(1, (0, 1, 0), (1, 0)): [18813, 8146, 3143, 1539, 645, 254, 86, 43, 17, 5, 4, 0, 0, 1]
(1, (0, 1, 0), (1, 1)): [15375, 6162, 2258, 1051, 420, 169, 55, 22, 8, 3, 1, 0, 0, 1]
(1, (0, 1, 0), (1, 2)): [10187, 3668, 1289, 548, 182, 79, 24, 16, 6, 3]
(1, (0, 1, 0), (2, 0)): [8008, 3336, 1393, 781, 337, 133, 52, 28, 10, 3, 4]
(1, (0, 1, 0), (2, 1)): [8873, 3662, 1414, 721, 331, 111, 46, 21, 5, 3, 1, 0, 0, 1]
(1, (0, 1, 0), (2, 2)): [8829, 3169, 1197, 525, 210, 79, 22, 11, 7, 4]
(1, (0, 1, 0), (3, 0)): [3721, 1414, 631, 448, 195, 78, 30, 15, 7, 1, 2]
(1, (0, 1, 0), (3, 1)): [4216, 1607, 723, 442, 223, 71, 35, 16, 6, 2, 2, 0, 0, 1]
(1, (0, 1, 0), (3, 2)): [5407, 1935, 859, 454, 212, 59, 26, 11, 4, 5, 1, 0, 0, 1]
(1, (0, 1, 1), (0, 0)): [28625, 23791, 20772, 8331, 4360, 1706, 675, 278, 124, 38, 10, 6, 2, 2, 0, 1]
(1, (0, 1, 1), (0, 1)): [2262, 1753, 1451, 573, 259, 99, 54, 21, 3]
(1, (0, 1, 1), (0, 2)): [1067, 567, 508, 201, 99, 24, 19, 8, 1]
(1, (0, 1, 1), (1, 0)): [3077, 2798, 2124, 897, 583, 206, 76, 34, 12, 5]
(1, (0, 1, 1), (1, 1)): [1960, 1598, 1308, 527, 253, 90, 34, 19, 2, 2]
(1, (0, 1, 1), (1, 2)): [1582, 916, 815, 306, 155, 53, 21, 12, 1]
(1, (0, 1, 1), (2, 0)): [1799, 1533, 1136, 518, 404, 155, 61, 23, 11, 3]
(1, (0, 1, 1), (2, 1)): [1085, 908, 746, 328, 169, 65, 25, 9, 1, 3]
(1, (0, 1, 1), (2, 2)): [1299, 785, 683, 279, 142, 44, 13, 7, 1]
(1, (0, 1, 1), (3, 0)): [1314, 1093, 733, 369, 331, 123, 52, 20, 10, 2]
(1, (0, 1, 1), (3, 1)): [452, 420, 344, 143, 96, 46, 20, 6, 1, 1]
(1, (0, 1, 1), (3, 2)): [723, 512, 387, 176, 100, 41, 11, 8, 1]
(1, (1, 0, 0), (0, 0)): [507023, 90188, 58392, 24810, 10037, 3945, 1582, 559, 227, 97, 34, 27, 5, 3, 0, 2]
(1, (1, 0, 0), (0, 1)): [44096, 7152, 4612, 1991, 782, 291, 137, 47, 8, 6, 2, 2]
(1, (1, 0, 0), (0, 2)): [16157, 2240, 1431, 594, 224, 97, 53, 14, 2, 3]
(1, (1, 0, 0), (1, 0)): [43461, 8527, 5794, 2546, 1029, 402, 162, 59, 16, 8, 1, 2, 1, 0, 0, 1]
(1, (1, 0, 0), (1, 1)): [36322, 6298, 4226, 1833, 707, 270, 109, 39, 9, 4, 3, 4, 0, 0, 0, 1]
(1, (1, 0, 0), (1, 2)): [22957, 3451, 2304, 947, 358, 146, 65, 21, 3, 3, 2, 1]
(1, (1, 0, 0), (2, 0)): [14083, 3020, 2109, 1041, 440, 174, 71, 20, 9, 4, 0, 0, 1]
(1, (1, 0, 0), (2, 1)): [18296, 3502, 2369, 1145, 437, 174, 78, 22, 8, 1, 1, 2, 0, 0, 0, 1]
(1, (1, 0, 0), (2, 2)): [17343, 2847, 1912, 871, 340, 131, 61, 18, 3, 2, 2]
(1, (1, 0, 0), (3, 0)): [3908, 1023, 644, 411, 194, 75, 21, 6, 3, 3, 0, 0, 1]
(1, (1, 0, 0), (3, 1)): [6961, 1637, 1044, 589, 251, 90, 35, 10, 5, 3, 1, 1, 0, 0, 0, 1]
(1, (1, 0, 0), (3, 2)): [8637, 1782, 1120, 602, 248, 98, 41, 8, 6, 2, 3, 1, 0, 0, 0, 1]
(1, (1, 0, 1), (0, 0)): [41252, 47722, 15238, 10257, 4393, 1815, 716, 273, 91, 58, 15, 7, 0, 1]
(1, (1, 0, 1), (0, 1)): [4019, 3662, 1194, 771, 334, 150, 50, 16, 6, 5]
(1, (1, 0, 1), (0, 2)): [1743, 1153, 406, 240, 107, 51, 21, 9, 2, 2]
(1, (1, 0, 1), (1, 0)): [3540, 4160, 1417, 987, 446, 166, 65, 20, 9, 7, 0, 1]
(1, (1, 0, 1), (1, 1)): [3136, 3001, 1005, 721, 270, 115, 41, 10, 5, 3, 0, 1]
(1, (1, 0, 1), (1, 2)): [2317, 1685, 604, 382, 142, 76, 19, 14, 3, 2]
(1, (1, 0, 1), (2, 0)): [1215, 1395, 511, 365, 196, 75, 30, 10, 4, 3]
(1, (1, 0, 1), (2, 1)): [1539, 1508, 523, 392, 173, 61, 28, 6, 6, 1, 0, 1]
(1, (1, 0, 1), (2, 2)): [1625, 1280, 485, 311, 143, 48, 23, 8, 5, 1]
(1, (1, 0, 1), (3, 0)): [390, 483, 189, 123, 91, 36, 12, 2, 0, 2]
(1, (1, 0, 1), (3, 1)): [551, 617, 248, 172, 88, 42, 11, 3, 1, 1, 0, 1]
(1, (1, 0, 1), (3, 2)): [789, 716, 303, 193, 104, 41, 17, 5, 4, 1, 0, 1]
(1, (1, 1, 0), (0, 0)): [140944, 43300, 28716, 20709, 8682, 3577, 1396, 564, 226, 89, 32, 20, 9, 5, 1]
(1, (1, 1, 0), (0, 1)): [13506, 3650, 2220, 1697, 711, 283, 97, 44, 17, 5, 4, 3]
(1, (1, 1, 0), (0, 2)): [5431, 1279, 731, 563, 237, 95, 28, 12, 5, 0, 2]
(1, (1, 1, 0), (1, 0)): [11862, 3959, 2711, 2041, 886, 363, 162, 55, 19, 9, 3, 1, 2, 1]
(1, (1, 1, 0), (1, 1)): [10531, 3107, 2066, 1542, 659, 257, 99, 45, 8, 8, 4, 2]
(1, (1, 1, 0), (1, 2)): [7482, 1856, 1155, 894, 371, 113, 43, 25, 1, 2, 5, 2]
(1, (1, 1, 0), (2, 0)): [3846, 1418, 946, 741, 365, 162, 75, 25, 11, 4, 1, 1, 2, 1]
(1, (1, 1, 0), (2, 1)): [5246, 1743, 1162, 887, 397, 191, 78, 18, 13, 2, 2, 0, 1]
(1, (1, 1, 0), (2, 2)): [5630, 1509, 937, 729, 345, 127, 49, 18, 5, 2, 3, 1]
(1, (1, 1, 0), (3, 0)): [974, 516, 338, 215, 145, 65, 26, 14, 4, 1, 0, 1, 1]
(1, (1, 1, 0), (3, 1)): [1935, 824, 576, 412, 219, 99, 37, 13, 8, 3, 1, 1, 1]
(1, (1, 1, 0), (3, 2)): [2697, 952, 633, 445, 257, 93, 41, 16, 5, 3, 1, 1, 1]
(1, (1, 1, 1), (0, 0)): [28679, 22968, 14617, 9369, 6991, 2968, 1209, 446, 193, 69, 23, 18, 9, 4, 1, 1]
(1, (1, 1, 1), (0, 1)): [2868, 1999, 1290, 775, 567, 236, 94, 37, 18, 1, 2, 1, 0, 1]
(1, (1, 1, 1), (0, 2)): [1344, 684, 464, 284, 180, 65, 35, 11, 4, 1, 2, 0, 0, 1]
(1, (1, 1, 1), (1, 0)): [2260, 2070, 1286, 796, 653, 292, 135, 45, 21, 8, 1, 3, 2]
(1, (1, 1, 1), (1, 1)): [2153, 1702, 1073, 633, 493, 216, 84, 38, 17, 3, 1, 2]
(1, (1, 1, 1), (1, 2)): [1674, 954, 678, 391, 279, 114, 49, 20, 7, 2, 1, 2, 0, 1]
(1, (1, 1, 1), (2, 0)): [582, 665, 442, 280, 246, 114, 56, 18, 4, 2, 0, 1, 1]
(1, (1, 1, 1), (2, 1)): [931, 901, 547, 331, 252, 139, 57, 16, 8, 2, 1, 1]
(1, (1, 1, 1), (2, 2)): [1130, 765, 534, 325, 241, 101, 54, 14, 5, 3, 1, 2, 0, 1]
(1, (1, 1, 1), (3, 0)): [107, 218, 142, 108, 80, 46, 20, 8, 2, 1, 0, 0, 1]
(1, (1, 1, 1), (3, 1)): [233, 390, 253, 154, 124, 72, 20, 10, 4, 1, 0, 0, 1]
(1, (1, 1, 1), (3, 2)): [444, 438, 297, 191, 145, 72, 30, 13, 2, 1, 1, 1, 0, 1]
(2, (0, 0, 0), (0, 0)): [1173595, 54299, 18166, 5776, 1942, 622, 209, 68, 11, 7, 4, 0, 1]
(2, (0, 0, 0), (0, 1)): [112150, 4609, 1515, 446, 178, 43, 18, 7, 1]
(2, (0, 0, 0), (0, 2)): [41885, 1215, 393, 133, 56, 7, 2, 5]
(2, (0, 0, 0), (1, 0)): [110660, 6230, 2142, 661, 247, 68, 23, 7, 1, 0, 0, 0, 1]
(2, (0, 0, 0), (1, 1)): [101544, 4746, 1638, 443, 177, 54, 20, 2, 1]
(2, (0, 0, 0), (1, 2)): [66210, 2179, 756, 235, 94, 24, 9, 4]
(2, (0, 0, 0), (2, 0)): [39237, 2481, 1014, 315, 117, 28, 11, 5, 0, 0, 0, 0, 1]
(2, (0, 0, 0), (2, 1)): [56719, 3104, 1201, 331, 119, 30, 11, 4]
(2, (0, 0, 0), (2, 2)): [56468, 2328, 860, 254, 98, 25, 7, 4]
(2, (0, 0, 0), (3, 0)): [12500, 870, 460, 137, 54, 14, 6, 2, 0, 0, 0, 0, 1]
(2, (0, 0, 0), (3, 1)): [24011, 1565, 745, 232, 73, 18, 6, 2]
(2, (0, 0, 0), (3, 2)): [33016, 1759, 811, 231, 81, 20, 6, 2]
(2, (0, 0, 1), (0, 0)): [108857, 32453, 6749, 2284, 807, 280, 80, 27, 7, 2, 0, 1]
(2, (0, 0, 1), (0, 1)): [10204, 2536, 530, 179, 55, 21, 11, 3, 1]
(2, (0, 0, 1), (0, 2)): [3989, 748, 155, 53, 14, 5, 4]
(2, (0, 0, 1), (1, 0)): [12021, 3399, 849, 311, 110, 39, 10, 4, 1]
(2, (0, 0, 1), (1, 1)): [9787, 2512, 533, 203, 66, 28, 7, 2, 1]
(2, (0, 0, 1), (1, 2)): [6578, 1260, 252, 83, 33, 14, 6, 1]
(2, (0, 0, 1), (2, 0)): [5211, 1419, 426, 171, 58, 21, 6, 3, 1]
(2, (0, 0, 1), (2, 1)): [5910, 1616, 429, 171, 56, 18, 4, 3]
(2, (0, 0, 1), (2, 2)): [6036, 1249, 318, 106, 37, 18, 3, 1]
(2, (0, 0, 1), (3, 0)): [2482, 583, 206, 107, 24, 13, 5, 1, 1]
(2, (0, 0, 1), (3, 1)): [2851, 796, 222, 110, 39, 12, 5, 2]
(2, (0, 0, 1), (3, 2)): [3876, 884, 248, 109, 33, 14, 5, 1]
(2, (0, 1, 0), (0, 0)): [288427, 60463, 16614, 5870, 1962, 649, 193, 60, 15, 10, 6, 0, 1]
(2, (0, 1, 0), (0, 1)): [25908, 4616, 1211, 363, 144, 37, 15, 5, 2, 1, 1]
(2, (0, 1, 0), (0, 2)): [10076, 1359, 352, 94, 38, 5, 5, 0, 0, 1]
(2, (0, 1, 0), (1, 0)): [31389, 6174, 2092, 868, 258, 83, 30, 11, 0, 1, 0, 0, 1]
(2, (0, 1, 0), (1, 1)): [24616, 4530, 1345, 445, 162, 45, 23, 7, 2, 0, 1]
(2, (0, 1, 0), (1, 2)): [16191, 2341, 593, 211, 66, 17, 10, 2, 0, 1]
(2, (0, 1, 0), (2, 0)): [14422, 2648, 1033, 538, 161, 49, 12, 7, 0, 1, 0, 0, 1]
(2, (0, 1, 0), (2, 1)): [14894, 2832, 961, 340, 119, 33, 12, 4, 2, 0, 1, 0, 1]
(2, (0, 1, 0), (2, 2)): [14652, 2293, 635, 250, 84, 18, 12, 5, 0, 1]
(2, (0, 1, 0), (3, 0)): [7431, 1164, 538, 386, 109, 31, 11, 7, 0, 1]
(2, (0, 1, 0), (3, 1)): [6884, 1298, 546, 257, 88, 30, 9, 3, 2, 0, 1, 0, 1]
(2, (0, 1, 0), (3, 2)): [9309, 1484, 557, 273, 85, 22, 14, 3, 0, 0, 0, 0, 1]
(2, (0, 1, 1), (0, 0)): [65981, 5604, 14102, 3923, 1553, 500, 177, 55, 21, 5, 4, 1, 0, 1]
(2, (0, 1, 1), (0, 1)): [6067, 395, 1023, 271, 90, 38, 8, 6]
(2, (0, 1, 1), (0, 2)): [2525, 145, 317, 89, 36, 9, 4, 1]
(2, (0, 1, 1), (1, 0)): [7452, 730, 1456, 499, 229, 75, 29, 7, 3, 0, 2]
(2, (0, 1, 1), (1, 1)): [5603, 382, 989, 281, 87, 43, 11, 6, 2]
(2, (0, 1, 1), (1, 2)): [4091, 223, 550, 160, 54, 20, 5, 3]
(2, (0, 1, 1), (2, 0)): [3672, 408, 689, 285, 159, 49, 17, 5, 1, 0, 2]
(2, (0, 1, 1), (2, 1)): [3308, 256, 634, 180, 75, 30, 8, 3, 2, 0, 1]
(2, (0, 1, 1), (2, 2)): [3620, 239, 508, 153, 52, 27, 7, 3, 1]
(2, (0, 1, 1), (3, 0)): [2192, 288, 357, 173, 116, 37, 14, 4, 0, 0, 1]
(2, (0, 1, 1), (3, 1)): [1613, 136, 308, 103, 50, 19, 6, 3, 1, 0, 1]
(2, (0, 1, 1), (3, 2)): [2304, 186, 368, 124, 48, 32, 7, 5, 2]
(2, (1, 0, 0), (0, 0)): [614342, 44535, 29534, 9363, 3060, 975, 380, 103, 20, 13, 6, 1, 1]
(2, (1, 0, 0), (0, 1)): [53092, 3247, 2168, 718, 222, 82, 36, 8, 2, 0, 0, 1]
(2, (1, 0, 0), (0, 2)): [19355, 862, 532, 195, 60, 19, 11]
(2, (1, 0, 0), (1, 0)): [54003, 4530, 3137, 1061, 344, 101, 46, 13, 1, 1, 0, 0, 1]
(2, (1, 0, 0), (1, 1)): [45200, 3016, 2065, 692, 215, 71, 31, 8, 1]
(2, (1, 0, 0), (1, 2)): [28420, 1391, 917, 330, 91, 31, 10, 2]
(2, (1, 0, 0), (2, 0)): [18283, 1796, 1186, 490, 156, 48, 22, 9, 1, 1, 0, 0, 1]
(2, (1, 0, 0), (2, 1)): [23685, 1851, 1232, 458, 143, 49, 22, 6, 0, 0, 0, 0, 1]
(2, (1, 0, 0), (2, 2)): [22232, 1340, 837, 307, 112, 36, 14, 3]
(2, (1, 0, 0), (3, 0)): [5442, 681, 412, 236, 77, 20, 9, 3, 0, 1]
(2, (1, 0, 0), (3, 1)): [9597, 984, 612, 323, 77, 31, 11, 2, 0, 1, 0, 0, 1]
(2, (1, 0, 0), (3, 2)): [11731, 1029, 589, 275, 91, 40, 12, 4, 0, 1, 0, 0, 1]
(2, (1, 0, 1), (0, 0)): [107393, 25484, 10020, 6206, 2029, 681, 225, 75, 26, 8, 1, 3, 1]
(2, (1, 0, 1), (0, 1)): [10386, 2031, 772, 491, 153, 51, 13, 4, 3, 1, 0, 1]
(2, (1, 0, 1), (0, 2)): [4133, 590, 234, 133, 42, 13, 2, 1, 1]
(2, (1, 0, 1), (1, 0)): [10330, 2336, 1076, 705, 262, 79, 29, 8]
(2, (1, 0, 1), (1, 1)): [8761, 1803, 738, 475, 188, 58, 22, 4, 2, 1, 0, 1]
(2, (1, 0, 1), (1, 2)): [5827, 927, 384, 221, 83, 24, 10, 2, 2, 0, 0, 1]
(2, (1, 0, 1), (2, 0)): [3721, 817, 436, 282, 105, 33, 11, 6]
(2, (1, 0, 1), (2, 1)): [4809, 955, 458, 274, 121, 39, 10, 3, 0, 1]
(2, (1, 0, 1), (2, 2)): [4552, 746, 356, 189, 76, 32, 8, 2, 2, 0, 0, 1]
(2, (1, 0, 1), (3, 0)): [1257, 258, 176, 112, 46, 14, 7, 2]
(2, (1, 0, 1), (3, 1)): [2052, 379, 220, 144, 81, 18, 7, 2, 0, 1]
(2, (1, 0, 1), (3, 2)): [2510, 406, 261, 137, 68, 29, 6, 1, 2]
(2, (1, 1, 0), (0, 0)): [242234, 37012, 18472, 12781, 4177, 1330, 445, 145, 47, 22, 7, 2, 2, 1]
(2, (1, 1, 0), (0, 1)): [22364, 2939, 1353, 995, 287, 83, 33, 19, 2, 2, 0, 1, 1]
(2, (1, 1, 0), (0, 2)): [9034, 875, 389, 283, 86, 20, 9, 7, 2]
(2, (1, 1, 0), (1, 0)): [21497, 3323, 1856, 1361, 496, 146, 60, 8, 3, 1, 1]
(2, (1, 1, 0), (1, 1)): [19045, 2580, 1338, 970, 269, 89, 35, 12, 2, 3, 0, 1, 1]
(2, (1, 1, 0), (1, 2)): [13300, 1338, 668, 473, 140, 41, 13, 11, 2]
(2, (1, 1, 0), (2, 0)): [7312, 1197, 738, 531, 265, 78, 29, 3]
(2, (1, 1, 0), (2, 1)): [10089, 1415, 872, 591, 206, 55, 29, 6, 1, 1, 0, 0, 1]
(2, (1, 1, 0), (2, 2)): [10436, 1138, 632, 475, 164, 37, 23, 9, 3]
(2, (1, 1, 0), (3, 0)): [2344, 396, 292, 178, 141, 47, 13]
(2, (1, 1, 0), (3, 1)): [4212, 624, 492, 266, 151, 44, 20, 2, 0, 0, 0, 0, 1]
(2, (1, 1, 0), (3, 2)): [5792, 673, 515, 325, 172, 33, 16, 4, 2]
(2, (1, 1, 1), (0, 0)): [70318, 10220, 11814, 5837, 4317, 1357, 450, 149, 50, 8, 8, 3, 1, 1]
(2, (1, 1, 1), (0, 1)): [7294, 774, 957, 500, 354, 93, 35, 10, 2, 0, 2, 0, 1]
(2, (1, 1, 1), (0, 2)): [3153, 245, 280, 136, 93, 28, 10, 4, 1, 0, 1]
(2, (1, 1, 1), (1, 0)): [5783, 1332, 1119, 624, 472, 163, 49, 13, 6, 0, 1, 2]
(2, (1, 1, 1), (1, 1)): [5792, 826, 887, 493, 355, 112, 36, 9, 2, 0, 1, 0, 1]
(2, (1, 1, 1), (1, 2)): [4386, 425, 460, 227, 169, 57, 13, 7, 1, 0, 1]
(2, (1, 1, 1), (2, 0)): [1608, 775, 390, 255, 197, 66, 20, 4, 3, 0, 0, 2]
(2, (1, 1, 1), (2, 1)): [2656, 707, 502, 294, 227, 77, 28, 3, 0, 0, 0, 0, 1]
(2, (1, 1, 1), (2, 2)): [3100, 493, 394, 233, 167, 61, 18, 6, 1, 0, 1]
(2, (1, 1, 1), (3, 0)): [268, 471, 115, 124, 63, 36, 9, 2, 2, 0, 0, 1]
(2, (1, 1, 1), (3, 1)): [760, 590, 206, 182, 123, 45, 17, 2, 0, 0, 0, 1]
(2, (1, 1, 1), (3, 2)): [1291, 570, 246, 211, 141, 49, 21, 4, 1, 0, 1]
