(0, (0, 0, 0)): [16177, 3201, 1547, 681, 298, 150, 54, 18, 9, 4, 2, 2, 0, 1]
(0, (0, 0, 1)): [59, 176, 55, 21, 11, 4, 0, 1, 3, 0, 0, 0, 0, 1]
(0, (0, 1, 0)): [546, 450, 201, 80, 43, 11, 4, 2, 1, 2]
(0, (0, 1, 1)): [47, 71, 96, 47, 18, 9, 5, 0, 0, 0, 1]
(0, (1, 0, 0)): [3486, 1142, 731, 356, 162, 90, 29, 12, 6, 3, 2, 1]
(0, (1, 0, 1)): [61, 247, 101, 52, 33, 19, 3, 5, 3]
(0, (1, 1, 0)): [515, 347, 217, 163, 86, 45, 16, 5, 3, 1, 0, 1]
(0, (1, 1, 1)): [63, 104, 74, 59, 44, 23, 3, 4, 3, 0, 1, 1]
(1, (0, 0, 0)): [13019, 1411, 620, 247, 95, 41, 15, 3, 1, 1, 0, 0, 1]
(1, (0, 0, 1)): [312, 402, 94, 33, 19, 9]
(1, (0, 1, 0)): [1657, 673, 248, 122, 39, 24, 3, 0, 1, 1]
(1, (0, 1, 1)): [283, 216, 160, 70, 45, 14, 9, 1, 2, 1]
(1, (1, 0, 0)): [5019, 880, 578, 236, 104, 40, 26, 6, 2, 1, 1]
(1, (1, 0, 1)): [359, 467, 135, 79, 37, 18, 0, 0, 1, 1]
(1, (1, 1, 0)): [1537, 450, 320, 197, 100, 42, 21, 6, 2, 2, 1]
(1, (1, 1, 1)): [357, 240, 155, 93, 86, 25, 16, 6, 6, 2]
(2, (0, 0, 0)): [11262, 526, 185, 59, 22, 3, 1, 0, 0, 0, 0, 0, 1]
(2, (0, 0, 1)): [869, 251, 58, 15, 9, 2, 1]
(2, (0, 1, 0)): [2555, 558, 145, 46, 12, 5, 1]
(2, (0, 1, 1)): [579, 52, 117, 29, 10, 3, 1, 1, 0, 0, 1]
(2, (1, 0, 0)): [6114, 432, 288, 97, 29, 6, 3, 1, 0, 0, 0, 0, 1]
(2, (1, 0, 1)): [897, 221, 83, 56, 16, 3, 1]
(2, (1, 1, 0)): [2645, 430, 204, 147, 46, 10, 3, 0, 0, 0, 0, 0, 1]
(2, (1, 1, 1)): [825, 117, 118, 57, 33, 11, 3, 1, 0, 0, 1, 0, 1]
