(0, (0, 0, 0)): [173832, 35718, 16573, 7598, 3468, 1514, 655, 275, 97, 53, 21, 6, 5, 3, 2]
(0, (0, 0, 1)): [820, 2817, 826, 385, 192, 73, 42, 24, 5, 4, 0, 0, 2]
(0, (0, 1, 0)): [5459, 5796, 2237, 1025, 522, 245, 92, 48, 21, 12, 2, 1]
(0, (0, 1, 1)): [472, 950, 1224, 580, 309, 148, 62, 29, 10, 4, 2, 1, 0, 1, 1]
(0, (1, 0, 0)): [39201, 14222, 8533, 4301, 2032, 911, 425, 163, 59, 33, 17, 5, 4, 3, 2]
(0, (1, 0, 1)): [927, 2836, 1298, 916, 506, 230, 125, 46, 23, 14, 5, 4, 1, 0, 1]
(0, (1, 1, 0)): [5020, 3416, 2790, 1911, 1018, 483, 231, 101, 38, 22, 14, 1, 1, 1]
(0, (1, 1, 1)): [544, 948, 820, 698, 554, 278, 131, 63, 26, 14, 7, 1, 0, 1, 1]
(1, (0, 0, 0)): [136858, 14929, 6107, 2395, 982, 407, 149, 64, 18, 9, 2, 1]
(1, (0, 0, 1)): [4676, 7473, 1492, 588, 260, 108, 38, 19, 9, 1, 1, 2]
(1, (0, 1, 0)): [20540, 10351, 3472, 1395, 569, 233, 94, 36, 7, 7, 0, 2, 2]
(1, (0, 1, 1)): [3494, 3071, 3210, 1235, 555, 224, 92, 28, 13, 3, 3, 1, 0, 1]
(1, (1, 0, 0)): [56917, 10949, 6470, 2795, 1110, 491, 167, 69, 23, 12, 5, 4, 1, 2]
(1, (1, 0, 1)): [4634, 5899, 2108, 1254, 538, 247, 85, 38, 11, 10, 4, 1]
(1, (1, 1, 0)): [14331, 4687, 3272, 2208, 944, 425, 150, 60, 23, 12, 3, 3, 0, 3]
(1, (1, 1, 1)): [2724, 2281, 1475, 1085, 751, 338, 124, 50, 18, 6, 3, 0, 0, 1]
(2, (0, 0, 0)): [117099, 4993, 1631, 537, 184, 68, 26, 11, 2, 1]
(2, (0, 0, 1)): [15110, 5074, 921, 282, 95, 43, 14, 2]
(2, (0, 1, 0)): [33394, 7755, 1920, 625, 210, 80, 26, 7, 2, 1]
(2, (0, 1, 1)): [9021, 782, 2141, 575, 197, 63, 24, 7, 4, 1, 1]
(2, (1, 0, 0)): [69456, 5523, 2861, 937, 310, 94, 42, 15, 4, 1]
(2, (1, 0, 1)): [12407, 3429, 1484, 719, 218, 87, 29, 14, 4, 0, 0, 1]
(2, (1, 1, 0)): [22563, 3608, 1950, 1136, 379, 125, 40, 9, 5, 3, 1, 0, 0, 1]
(2, (1, 1, 1)): [6705, 1041, 1166, 639, 403, 126, 42, 14, 8, 1, 1, 0, 0, 1]
