(0, (0, 0, 0)): [1142504, 227297, 105170, 47858, 21246, 9154, 3750, 1579, 633, 295, 121, 58, 27, 10, 3, 1, 0, 1]
(0, (0, 0, 1)): [4834, 14237, 3859, 1828, 893, 379, 162, 80, 34, 18, 5, 1, 3, 2]
(0, (0, 1, 0)): [39259, 36255, 14200, 6799, 3263, 1412, 598, 259, 107, 62, 20, 5, 3, 2, 1]
(0, (0, 1, 1)): [3417, 5656, 6843, 3197, 1691, 792, 330, 159, 76, 32, 9, 6, 1, 2, 1, 0, 0, 1]
(0, (1, 0, 0)): [245999, 81639, 51753, 25553, 12124, 5476, 2288, 990, 410, 193, 81, 37, 18, 4, 2, 1, 0, 1]
(0, (1, 0, 1)): [5865, 17698, 7174, 4956, 2614, 1188, 587, 244, 113, 49, 22, 11, 5, 1, 1, 0, 0, 1]
(0, (1, 1, 0)): [33538, 21511, 16272, 11525, 6106, 2926, 1246, 592, 240, 113, 50, 24, 8, 1]
(0, (1, 1, 1)): [3318, 6249, 5133, 3856, 3046, 1531, 707, 353, 154, 65, 32, 13, 3, 1, 1]
(1, (0, 0, 0)): [922905, 99971, 41085, 16274, 6327, 2430, 926, 355, 138, 56, 25, 14, 6, 3, 0, 1]
(1, (0, 0, 1)): [25201, 35790, 7052, 2988, 1253, 508, 197, 82, 37, 12, 6, 4, 4, 1]
(1, (0, 1, 0)): [123627, 55449, 19907, 8450, 3430, 1351, 465, 223, 58, 33, 20, 7, 8, 2, 1]
(1, (0, 1, 1)): [20353, 16341, 14939, 5939, 3066, 1213, 479, 203, 92, 29, 9, 7, 1, 2, 0, 1]
(1, (1, 0, 0)): [355805, 62858, 40269, 17152, 6912, 2746, 1080, 388, 180, 73, 28, 20, 4, 3, 0, 2]
(1, (1, 0, 1)): [28393, 33516, 10848, 7078, 2999, 1256, 498, 198, 70, 47, 12, 5, 0, 1]
(1, (1, 1, 0)): [97348, 30198, 20285, 14359, 6049, 2527, 992, 399, 164, 66, 24, 13, 8, 5, 1]
(1, (1, 1, 1)): [20130, 15898, 10219, 6684, 4833, 2077, 834, 313, 131, 51, 18, 15, 6, 3, 1, 1]
(2, (0, 0, 0)): [798377, 35944, 12074, 3874, 1284, 425, 149, 47, 8, 5, 5, 0, 1]
(2, (0, 0, 1)): [73082, 22619, 4465, 1522, 548, 192, 55, 15, 3, 2, 0, 1]
(2, (0, 1, 0)): [195817, 42185, 11200, 3921, 1284, 441, 128, 38, 8, 7, 5, 0, 1]
(2, (0, 1, 1)): [45130, 3898, 9994, 2699, 1057, 335, 122, 42, 17, 4, 3, 1, 0, 1]
(2, (1, 0, 0)): [431765, 31263, 20086, 6415, 2055, 651, 263, 71, 16, 10, 6, 0, 1]
(2, (1, 0, 1)): [72518, 17755, 7009, 4174, 1321, 455, 164, 51, 20, 7, 0, 2, 1]
(2, (1, 1, 0)): [168507, 26111, 13076, 8754, 2835, 925, 297, 100, 36, 17, 7, 1, 2, 1]
(2, (1, 1, 1)): [48812, 7117, 8221, 4075, 2928, 933, 314, 111, 39, 7, 6, 0, 1, 1]
