(0, (0, 0, 0), (0, 0)): [32654, 7072, 3309, 1636, 745, 300, 129, 52, 26, 14, 5, 3]
(0, (0, 0, 0), (0, 1)): [16927, 3734, 1727, 848, 369, 161, 58, 30, 13, 7, 1, 1]
(0, (0, 0, 0), (0, 2)): [7203, 1603, 773, 396, 170, 72, 21, 14, 5, 4, 0, 1]
(0, (0, 0, 0), (1, 0)): [12206, 2574, 1205, 627, 275, 110, 51, 17, 7, 7, 4, 1]
(0, (0, 0, 0), (1, 1)): [13514, 2881, 1342, 674, 282, 115, 56, 15, 8, 5, 3, 1]
(0, (0, 0, 0), (1, 2)): [10071, 2213, 1037, 548, 220, 94, 35, 15, 8, 3, 2, 1]
(0, (0, 0, 0), (2, 0)): [3478, 778, 335, 181, 82, 34, 16, 7, 5, 1, 1]
(0, (0, 0, 0), (2, 1)): [6263, 1326, 575, 304, 133, 48, 28, 7, 4, 4, 1]
(0, (0, 0, 0), (2, 2)): [7428, 1593, 686, 375, 166, 56, 29, 10, 4, 4, 2]
(0, (0, 0, 0), (3, 0)): [544, 117, 52, 30, 12, 5, 3, 2, 2, 0, 1]
(0, (0, 0, 0), (3, 1)): [1646, 377, 150, 84, 39, 17, 8, 5, 2, 0, 1]
(0, (0, 0, 0), (3, 2)): [3130, 704, 303, 168, 72, 25, 8, 4, 2, 1]
(0, (0, 0, 1), (0, 0)): [80, 277, 66, 45, 22, 12, 2, 2, 1]
(0, (0, 0, 1), (0, 1)): [38, 155, 35, 26, 13, 6, 0, 0, 1]
(0, (0, 0, 1), (0, 2)): [22, 61, 18, 12, 6, 1, 0, 0, 1]
(0, (0, 0, 1), (1, 0)): [32, 98, 27, 16, 6, 6, 2, 2]
(0, (0, 0, 1), (1, 1)): [29, 121, 26, 20, 10, 9, 1]
(0, (0, 0, 1), (1, 2)): [23, 84, 25, 17, 11, 4, 0, 0, 1]
(0, (0, 0, 1), (2, 0)): [11, 32, 9, 4, 0, 2, 1]
(0, (0, 0, 1), (2, 1)): [15, 52, 12, 12, 1, 6, 1]
(0, (0, 0, 1), (2, 2)): [20, 57, 14, 10, 2, 5, 0, 0, 1]
(0, (0, 0, 1), (3, 0)): [2, 3]
(0, (0, 0, 1), (3, 1)): [6, 15, 5, 1, 0, 1, 1]
(0, (0, 0, 1), (3, 2)): [6, 30, 4, 3, 0, 1, 0, 0, 1]
(0, (0, 1, 0), (0, 0)): [1391, 1291, 497, 266, 121, 57, 31, 11, 3, 3, 3, 1]
(0, (0, 1, 0), (0, 1)): [680, 693, 259, 136, 61, 29, 18, 10, 2, 2]
(0, (0, 1, 0), (0, 2)): [285, 289, 114, 71, 29, 10, 7, 5, 2, 2]
(0, (0, 1, 0), (1, 0)): [525, 462, 195, 96, 46, 20, 7, 1, 1, 1, 2]
(0, (0, 1, 0), (1, 1)): [566, 525, 228, 99, 50, 26, 12, 4, 0, 0, 1]
(0, (0, 1, 0), (1, 2)): [438, 408, 162, 93, 39, 18, 9, 5, 1, 0, 1]
(0, (0, 1, 0), (2, 0)): [157, 137, 42, 28, 13, 4, 3, 1, 1, 1]
(0, (0, 1, 0), (2, 1)): [241, 236, 94, 42, 26, 8, 6, 3, 0, 1]
(0, (0, 1, 0), (2, 2)): [324, 311, 105, 57, 33, 12, 9, 4, 0, 0, 1]
(0, (0, 1, 0), (3, 0)): [18, 20, 6, 5, 2, 1, 1]
(0, (0, 1, 0), (3, 1)): [48, 62, 24, 16, 7, 2, 1, 1]
(0, (0, 1, 0), (3, 2)): [113, 124, 56, 27, 17, 5, 1, 1]
(0, (0, 1, 1), (0, 0)): [101, 183, 193, 108, 57, 20, 13, 5]
(0, (0, 1, 1), (0, 1)): [51, 93, 100, 56, 17, 8, 5, 3]
(0, (0, 1, 1), (0, 2)): [21, 27, 50, 20, 7, 4, 1, 1]
(0, (0, 1, 1), (1, 0)): [45, 70, 73, 38, 29, 9, 6, 1]
(0, (0, 1, 1), (1, 1)): [43, 82, 69, 41, 27, 10, 6, 2]
(0, (0, 1, 1), (1, 2)): [25, 51, 56, 24, 15, 7, 4, 3]
(0, (0, 1, 1), (2, 0)): [14, 27, 27, 14, 6, 1, 3]
(0, (0, 1, 1), (2, 1)): [25, 44, 40, 25, 9, 4, 3]
(0, (0, 1, 1), (2, 2)): [24, 50, 39, 23, 9, 5, 4, 2]
(0, (0, 1, 1), (3, 0)): [1, 2, 4, 1]
(0, (0, 1, 1), (3, 1)): [4, 6, 15, 4, 2]
(0, (0, 1, 1), (3, 2)): [10, 19, 23, 7, 3, 1, 1, 2]
(0, (1, 0, 0), (0, 0)): [6593, 2020, 1430, 792, 398, 164, 75, 30, 19, 10, 3, 1]
(0, (1, 0, 0), (0, 1)): [3381, 1065, 734, 421, 195, 86, 30, 18, 10, 3, 0, 1]
(0, (1, 0, 0), (0, 2)): [1404, 456, 334, 193, 86, 38, 9, 8, 4, 2, 0, 1]
(0, (1, 0, 0), (1, 0)): [2508, 723, 518, 289, 141, 61, 35, 8, 5, 7, 3]
(0, (1, 0, 0), (1, 1)): [2787, 803, 571, 321, 150, 62, 36, 8, 6, 3, 2]
(0, (1, 0, 0), (1, 2)): [2036, 643, 441, 260, 115, 51, 23, 7, 6, 1, 1]
(0, (1, 0, 0), (2, 0)): [721, 224, 148, 85, 46, 20, 10, 4, 4, 0, 1]
(0, (1, 0, 0), (2, 1)): [1275, 361, 246, 141, 74, 21, 16, 4, 4, 3, 1]
(0, (1, 0, 0), (2, 2)): [1494, 461, 289, 174, 90, 30, 18, 6, 3, 3, 2]
(0, (1, 0, 0), (3, 0)): [116, 32, 19, 14, 4, 3, 1, 1, 2, 0, 1]
(0, (1, 0, 0), (3, 1)): [335, 101, 64, 42, 18, 7, 3, 2, 2, 0, 1]
(0, (1, 0, 0), (3, 2)): [635, 185, 129, 71, 38, 11, 4, 3, 1, 1]
(0, (1, 0, 1), (0, 0)): [142, 449, 165, 149, 73, 36, 13, 6, 6, 1, 1]
(0, (1, 0, 1), (0, 1)): [76, 247, 86, 67, 38, 18, 6, 5, 2]
(0, (1, 0, 1), (0, 2)): [28, 92, 40, 33, 17, 8, 4, 3, 1]
(0, (1, 0, 1), (1, 0)): [45, 156, 59, 62, 25, 12, 3, 1, 4, 1, 1]
(0, (1, 0, 1), (1, 1)): [62, 181, 62, 56, 32, 12, 3, 2, 2, 0, 1]
(0, (1, 0, 1), (1, 2)): [43, 130, 50, 55, 28, 10, 4, 2, 2, 0, 1]
(0, (1, 0, 1), (2, 0)): [16, 48, 20, 17, 6, 3, 1, 0, 3]
(0, (1, 0, 1), (2, 1)): [27, 92, 38, 24, 15, 8, 0, 1, 3]
(0, (1, 0, 1), (2, 2)): [33, 102, 39, 35, 23, 12, 3, 0, 1, 0, 1]
(0, (1, 0, 1), (3, 0)): [0, 6, 2, 1, 1, 0, 1]
(0, (1, 0, 1), (3, 1)): [5, 29, 6, 7, 6, 1, 1, 1]
(0, (1, 0, 1), (3, 2)): [12, 50, 18, 18, 7, 2, 2, 1]
(0, (1, 1, 0), (0, 0)): [1074, 622, 458, 356, 204, 94, 49, 21, 11, 10, 0, 1]
(0, (1, 1, 0), (0, 1)): [558, 323, 247, 186, 94, 52, 22, 11, 4, 4, 0, 1]
(0, (1, 1, 0), (0, 2)): [213, 148, 106, 88, 45, 21, 10, 7, 2, 3, 0, 1]
(0, (1, 1, 0), (1, 0)): [409, 231, 167, 137, 84, 34, 23, 6, 3, 6]
(0, (1, 1, 0), (1, 1)): [487, 242, 202, 157, 79, 36, 20, 4, 2, 4]
(0, (1, 1, 0), (1, 2)): [343, 201, 154, 115, 54, 29, 15, 4, 2, 1]
(0, (1, 1, 0), (2, 0)): [110, 71, 51, 36, 26, 11, 5, 3, 2, 1]
(0, (1, 1, 0), (2, 1)): [213, 112, 90, 68, 47, 9, 10, 4, 2, 4]
(0, (1, 1, 0), (2, 2)): [253, 149, 105, 79, 54, 15, 8, 4, 1, 3]
(0, (1, 1, 0), (3, 0)): [15, 9, 5, 9, 2, 2, 2, 0, 1]
(0, (1, 1, 0), (3, 1)): [54, 26, 24, 25, 8, 5, 3, 0, 1]
(0, (1, 1, 0), (3, 2)): [109, 54, 59, 39, 20, 5, 2, 1, 1]
(0, (1, 1, 1), (0, 0)): [111, 213, 153, 106, 99, 59, 24, 9, 9, 4, 0, 1]
(0, (1, 1, 1), (0, 1)): [52, 105, 76, 53, 54, 34, 12, 5, 2, 1, 0, 1]
(0, (1, 1, 1), (0, 2)): [18, 45, 34, 24, 28, 15, 9, 4, 2, 1, 0, 1]
(0, (1, 1, 1), (1, 0)): [49, 84, 59, 39, 37, 22, 11, 2, 5, 3]
(0, (1, 1, 1), (1, 1)): [49, 88, 66, 43, 33, 23, 10, 3, 1, 1]
(0, (1, 1, 1), (1, 2)): [33, 72, 54, 34, 31, 15, 7, 5, 2]
(0, (1, 1, 1), (2, 0)): [13, 23, 18, 9, 13, 7, 0, 0, 3]
(0, (1, 1, 1), (2, 1)): [21, 48, 36, 16, 15, 12, 4, 1, 3, 1]
(0, (1, 1, 1), (2, 2)): [25, 59, 32, 23, 23, 9, 1, 2, 1, 1]
(0, (1, 1, 1), (3, 0)): [2, 0, 2, 2, 2, 1, 0, 0, 1]
(0, (1, 1, 1), (3, 1)): [3, 11, 12, 9, 6, 5, 0, 0, 1]
(0, (1, 1, 1), (3, 2)): [9, 19, 17, 11, 8, 3]
(1, (0, 0, 0), (0, 0)): [27025, 3243, 1422, 582, 253, 87, 27, 10, 5, 3, 0, 1]
(1, (0, 0, 0), (0, 1)): [14116, 1705, 727, 300, 123, 51, 9, 4, 2, 3]
(1, (0, 0, 0), (0, 2)): [6041, 746, 319, 140, 60, 26, 3, 3, 0, 1]
(1, (0, 0, 0), (1, 0)): [10009, 1189, 537, 230, 98, 30, 14, 5, 1, 0, 0, 1]
(1, (0, 0, 0), (1, 1)): [11105, 1331, 569, 252, 92, 29, 10, 4, 2, 2, 0, 1]
(1, (0, 0, 0), (1, 2)): [8329, 1003, 425, 198, 80, 27, 5, 4, 1, 2, 0, 1]
(1, (0, 0, 0), (2, 0)): [2845, 362, 151, 62, 31, 10, 4, 1]
(1, (0, 0, 0), (2, 1)): [5160, 623, 260, 115, 42, 17, 7, 1]
(1, (0, 0, 0), (2, 2)): [6113, 712, 291, 146, 58, 16, 4, 1, 1, 1]
(1, (0, 0, 0), (3, 0)): [445, 58, 29, 9, 6, 1, 1, 1]
(1, (0, 0, 0), (3, 1)): [1372, 170, 68, 26, 16, 7, 4, 2]
(1, (0, 0, 0), (3, 2)): [2586, 317, 120, 69, 28, 10, 3, 0, 1]
(1, (0, 0, 1), (0, 0)): [733, 960, 199, 102, 38, 9, 10, 1, 3]
(1, (0, 0, 1), (0, 1)): [382, 501, 114, 56, 20, 2, 7, 1, 3]
(1, (0, 0, 1), (0, 2)): [153, 228, 52, 30, 10, 0, 2, 0, 2]
(1, (0, 0, 1), (1, 0)): [261, 357, 75, 33, 13, 7, 3]
(1, (0, 0, 1), (1, 1)): [293, 383, 96, 33, 16, 3, 4, 0, 1]
(1, (0, 0, 1), (1, 2)): [212, 330, 73, 37, 15, 0, 2, 0, 3]
(1, (0, 0, 1), (2, 0)): [83, 109, 15, 13, 3, 4, 2]
(1, (0, 0, 1), (2, 1)): [137, 168, 31, 16, 6, 4, 1]
(1, (0, 0, 1), (2, 2)): [165, 235, 39, 30, 10, 2, 1, 0, 2]
(1, (0, 0, 1), (3, 0)): [14, 14, 1, 3, 1, 1, 1]
(1, (0, 0, 1), (3, 1)): [38, 46, 8, 3, 1, 1, 2]
(1, (0, 0, 1), (3, 2)): [70, 96, 17, 8, 5, 2, 0, 0, 2]
(1, (0, 1, 0), (0, 0)): [3582, 1435, 583, 308, 118, 38, 15, 8, 1, 3, 2]
(1, (0, 1, 0), (0, 1)): [1831, 753, 291, 167, 52, 20, 8, 7, 1, 2]
(1, (0, 1, 0), (0, 2)): [782, 305, 125, 74, 16, 7, 3, 4, 1, 1]
(1, (0, 1, 0), (1, 0)): [1356, 514, 230, 106, 47, 15, 5, 1, 0, 1, 1]
(1, (0, 1, 0), (1, 1)): [1488, 614, 252, 124, 45, 14, 6, 3, 0, 2, 1]
(1, (0, 1, 0), (1, 2)): [1088, 446, 178, 102, 25, 6, 4, 2, 0, 1]
(1, (0, 1, 0), (2, 0)): [380, 147, 59, 39, 18, 7, 3]
(1, (0, 1, 0), (2, 1)): [660, 285, 113, 50, 25, 10, 6, 2, 0, 1, 1]
(1, (0, 1, 0), (2, 2)): [788, 326, 124, 65, 28, 5, 6, 4, 0, 2, 1]
(1, (0, 1, 0), (3, 0)): [59, 26, 10, 6, 4]
(1, (0, 1, 0), (3, 1)): [159, 84, 33, 18, 7, 4]
(1, (0, 1, 0), (3, 2)): [331, 145, 53, 28, 12, 1, 0, 1]
(1, (0, 1, 1), (0, 0)): [568, 494, 417, 177, 90, 34, 26, 3, 3, 1]
(1, (0, 1, 1), (0, 1)): [295, 267, 204, 102, 37, 19, 19, 1, 3]
(1, (0, 1, 1), (0, 2)): [129, 107, 86, 41, 18, 8, 9]
(1, (0, 1, 1), (1, 0)): [230, 178, 166, 58, 40, 13, 7, 2, 0, 1]
(1, (0, 1, 1), (1, 1)): [244, 208, 178, 76, 33, 16, 11, 1, 2]
(1, (0, 1, 1), (1, 2)): [191, 158, 120, 54, 23, 13, 12, 1, 1]
(1, (0, 1, 1), (2, 0)): [71, 56, 49, 10, 19, 2, 2]
(1, (0, 1, 1), (2, 1)): [112, 89, 80, 31, 20, 5, 4, 0, 1]
(1, (0, 1, 1), (2, 2)): [137, 115, 84, 46, 20, 7, 5]
(1, (0, 1, 1), (3, 0)): [10, 7, 8, 2, 1]
(1, (0, 1, 1), (3, 1)): [35, 16, 26, 11, 5, 0, 1]
(1, (0, 1, 1), (3, 2)): [73, 45, 39, 23, 14, 2, 2]
(1, (1, 0, 0), (0, 0)): [9536, 1544, 1213, 540, 233, 86, 36, 17, 5, 4, 1, 1]
(1, (1, 0, 0), (0, 1)): [4937, 812, 607, 288, 109, 50, 12, 9, 3, 2]
(1, (1, 0, 0), (0, 2)): [2115, 373, 281, 128, 49, 27, 3, 3, 0, 1]
(1, (1, 0, 0), (1, 0)): [3525, 557, 465, 197, 89, 26, 19, 6, 1, 1, 1, 1]
(1, (1, 0, 0), (1, 1)): [3853, 613, 461, 230, 79, 24, 15, 7, 3, 1, 1, 1]
(1, (1, 0, 0), (1, 2)): [2897, 477, 373, 188, 72, 26, 6, 7, 1, 1, 0, 1]
(1, (1, 0, 0), (2, 0)): [1040, 173, 136, 54, 34, 11, 6, 2]
(1, (1, 0, 0), (2, 1)): [1816, 269, 210, 99, 42, 14, 10, 1, 0, 0, 1]
(1, (1, 0, 0), (2, 2)): [2146, 320, 255, 134, 49, 16, 5, 2, 0, 0, 1]
(1, (1, 0, 0), (3, 0)): [165, 28, 19, 6, 5, 2, 1, 2]
(1, (1, 0, 0), (3, 1)): [497, 83, 53, 23, 14, 6, 5, 3]
(1, (1, 0, 0), (3, 2)): [912, 161, 109, 51, 24, 11, 3, 1]
(1, (1, 0, 1), (0, 0)): [838, 828, 261, 206, 85, 31, 16, 7, 3, 1]
(1, (1, 0, 1), (0, 1)): [450, 433, 144, 102, 39, 17, 8, 5, 1]
(1, (1, 0, 1), (0, 2)): [192, 195, 64, 51, 17, 6, 2, 1]
(1, (1, 0, 1), (1, 0)): [301, 298, 92, 81, 28, 10, 6, 1, 2, 1]
(1, (1, 0, 1), (1, 1)): [343, 331, 114, 83, 30, 9, 7, 3, 1, 1]
(1, (1, 0, 1), (1, 2)): [258, 262, 84, 76, 20, 7, 4, 1, 1]
(1, (1, 0, 1), (2, 0)): [89, 96, 23, 24, 5, 4, 3, 1, 1]
(1, (1, 0, 1), (2, 1)): [156, 160, 42, 37, 15, 4, 4, 2, 1, 1]
(1, (1, 0, 1), (2, 2)): [194, 186, 57, 56, 15, 4, 1, 3, 1, 1]
(1, (1, 0, 1), (3, 0)): [10, 14, 2, 4, 1, 0, 1]
(1, (1, 0, 1), (3, 1)): [32, 51, 12, 7, 4, 1, 3]
(1, (1, 0, 1), (3, 2)): [78, 82, 27, 13, 7, 2, 1, 1, 1]
(1, (1, 1, 0), (0, 0)): [2962, 758, 574, 449, 173, 85, 37, 18, 6, 3, 0, 1]
(1, (1, 1, 0), (0, 1)): [1513, 401, 294, 238, 82, 46, 13, 8, 2, 1]
(1, (1, 1, 0), (0, 2)): [648, 178, 133, 99, 35, 24, 4, 5, 1]
(1, (1, 1, 0), (1, 0)): [1117, 267, 225, 166, 67, 30, 17, 7, 2, 1, 0, 1]
(1, (1, 1, 0), (1, 1)): [1245, 311, 236, 199, 57, 29, 14, 5, 2, 1, 0, 1]
(1, (1, 1, 0), (1, 2)): [940, 253, 192, 154, 45, 24, 9, 7, 0, 1, 0, 1]
(1, (1, 1, 0), (2, 0)): [310, 75, 64, 45, 26, 14, 5, 3]
(1, (1, 1, 0), (2, 1)): [545, 130, 106, 89, 33, 11, 6, 3]
(1, (1, 1, 0), (2, 2)): [680, 182, 135, 105, 36, 11, 7, 4]
(1, (1, 1, 0), (3, 0)): [40, 12, 9, 8, 3, 3, 2, 1]
(1, (1, 1, 0), (3, 1)): [138, 36, 29, 27, 9, 7, 3, 2]
(1, (1, 1, 0), (3, 2)): [270, 81, 62, 39, 18, 5, 1, 2]
(1, (1, 1, 1), (0, 0)): [671, 481, 307, 202, 177, 88, 30, 15, 9, 2, 0, 1]
(1, (1, 1, 1), (0, 1)): [346, 254, 147, 105, 84, 50, 12, 5, 4]
(1, (1, 1, 1), (0, 2)): [155, 100, 65, 43, 43, 23, 7, 2, 1]
(1, (1, 1, 1), (1, 0)): [263, 172, 133, 76, 72, 34, 13, 6, 4, 2, 0, 1]
(1, (1, 1, 1), (1, 1)): [282, 199, 138, 85, 60, 37, 8, 4, 3, 1, 0, 1]
(1, (1, 1, 1), (1, 2)): [198, 148, 107, 61, 50, 28, 11, 5, 1, 0, 0, 1]
(1, (1, 1, 1), (2, 0)): [63, 48, 37, 25, 28, 12, 5, 3, 1]
(1, (1, 1, 1), (2, 1)): [134, 91, 56, 41, 31, 16, 5, 3, 3, 1]
(1, (1, 1, 1), (2, 2)): [151, 112, 70, 49, 35, 15, 4, 2, 1, 1]
(1, (1, 1, 1), (3, 0)): [7, 6, 8, 2, 2, 2, 1, 1]
(1, (1, 1, 1), (3, 1)): [34, 18, 18, 13, 8, 5, 2, 1]
(1, (1, 1, 1), (3, 2)): [63, 47, 33, 21, 18, 6, 3, 2]
(2, (0, 0, 0), (0, 0)): [23951, 1299, 435, 136, 38, 12, 3]
(2, (0, 0, 0), (0, 1)): [12519, 674, 226, 66, 22, 8, 1]
(2, (0, 0, 0), (0, 2)): [5349, 308, 103, 31, 6, 2]
(2, (0, 0, 0), (1, 0)): [8890, 498, 162, 56, 12, 3, 1]
(2, (0, 0, 0), (1, 1)): [9896, 545, 179, 61, 21, 5, 2]
(2, (0, 0, 0), (1, 2)): [7464, 404, 125, 45, 13, 3, 1]
(2, (0, 0, 0), (2, 0)): [2530, 150, 44, 10, 2, 1]
(2, (0, 0, 0), (2, 1)): [4558, 262, 74, 29, 7, 1]
(2, (0, 0, 0), (2, 2)): [5436, 295, 79, 28, 9, 1, 1]
(2, (0, 0, 0), (3, 0)): [394, 21, 10, 2]
(2, (0, 0, 0), (3, 1)): [1197, 62, 20, 7, 3, 1]
(2, (0, 0, 0), (3, 2)): [2301, 119, 33, 17, 4, 1]
(2, (0, 0, 1), (0, 0)): [2315, 569, 161, 55, 19, 7]
(2, (0, 0, 1), (0, 1)): [1204, 299, 88, 33, 7, 4]
(2, (0, 0, 1), (0, 2)): [521, 132, 31, 14, 2]
(2, (0, 0, 1), (1, 0)): [852, 212, 61, 19, 10, 3]
(2, (0, 0, 1), (1, 1)): [929, 224, 77, 19, 13, 2]
(2, (0, 0, 1), (1, 2)): [717, 173, 50, 14, 8]
(2, (0, 0, 1), (2, 0)): [254, 70, 15, 10, 1, 1]
(2, (0, 0, 1), (2, 1)): [416, 112, 27, 15, 3, 2]
(2, (0, 0, 1), (2, 2)): [513, 134, 28, 15, 5, 2]
(2, (0, 0, 1), (3, 0)): [51, 8, 2, 1, 1]
(2, (0, 0, 1), (3, 1)): [114, 29, 10, 4, 1]
(2, (0, 0, 1), (3, 2)): [207, 62, 15, 5, 1]
(2, (0, 1, 0), (0, 0)): [5919, 1189, 406, 162, 48, 8, 4, 0, 1, 1]
(2, (0, 1, 0), (0, 1)): [3001, 616, 192, 79, 28, 4, 1, 0, 1, 1]
(2, (0, 1, 0), (0, 2)): [1260, 281, 92, 35, 8, 1]
(2, (0, 1, 0), (1, 0)): [2280, 456, 161, 69, 14, 3, 2]
(2, (0, 1, 0), (1, 1)): [2499, 503, 156, 66, 26, 4, 2, 0, 1, 1]
(2, (0, 1, 0), (1, 2)): [1804, 377, 125, 47, 14, 2, 0, 0, 1, 1]
(2, (0, 1, 0), (2, 0)): [662, 124, 50, 24, 2, 1, 1]
(2, (0, 1, 0), (2, 1)): [1156, 232, 70, 36, 6, 2, 2]
(2, (0, 1, 0), (2, 2)): [1299, 251, 84, 41, 7, 1, 1, 0, 1, 1]
(2, (0, 1, 0), (3, 0)): [94, 23, 11]
(2, (0, 1, 0), (3, 1)): [321, 69, 23, 8, 1, 1]
(2, (0, 1, 0), (3, 2)): [583, 120, 42, 26, 2, 1]
(2, (0, 1, 1), (0, 0)): [1456, 95, 282, 90, 31, 11, 5, 1, 1]
(2, (0, 1, 1), (0, 1)): [734, 50, 145, 46, 14, 6, 3]
(2, (0, 1, 1), (0, 2)): [329, 20, 69, 22, 5, 2, 1]
(2, (0, 1, 1), (1, 0)): [577, 32, 110, 39, 10, 5, 2, 1]
(2, (0, 1, 1), (1, 1)): [615, 42, 122, 40, 8, 5, 2]
(2, (0, 1, 1), (1, 2)): [493, 33, 94, 33, 5, 3, 2]
(2, (0, 1, 1), (2, 0)): [168, 10, 31, 11, 7, 2]
(2, (0, 1, 1), (2, 1)): [287, 19, 53, 22, 6, 2, 1]
(2, (0, 1, 1), (2, 2)): [366, 32, 59, 26, 7, 2, 2]
(2, (0, 1, 1), (3, 0)): [28, 1, 6, 0, 2]
(2, (0, 1, 1), (3, 1)): [92, 3, 17, 5, 3]
(2, (0, 1, 1), (3, 2)): [155, 17, 27, 9, 4, 1]
(2, (1, 0, 0), (0, 0)): [11609, 860, 620, 214, 71, 22, 5, 2]
(2, (1, 0, 0), (0, 1)): [6036, 437, 310, 104, 35, 16, 1, 1]
(2, (1, 0, 0), (0, 2)): [2609, 195, 140, 48, 13, 6]
(2, (1, 0, 0), (1, 0)): [4292, 339, 238, 87, 27, 5, 3, 1]
(2, (1, 0, 0), (1, 1)): [4686, 342, 257, 97, 30, 6, 4, 1]
(2, (1, 0, 0), (1, 2)): [3580, 240, 182, 83, 28, 5, 1, 1]
(2, (1, 0, 0), (2, 0)): [1287, 111, 64, 16, 8, 2]
(2, (1, 0, 0), (2, 1)): [2199, 182, 121, 35, 12, 2, 2]
(2, (1, 0, 0), (2, 2)): [2632, 187, 133, 54, 15, 3, 3]
(2, (1, 0, 0), (3, 0)): [206, 15, 6, 2, 2, 1]
(2, (1, 0, 0), (3, 1)): [613, 54, 21, 6, 7, 2]
(2, (1, 0, 0), (3, 2)): [1133, 87, 49, 21, 8, 3]
(2, (1, 0, 1), (0, 0)): [2203, 460, 178, 147, 43, 14, 2]
(2, (1, 0, 1), (0, 1)): [1162, 231, 91, 79, 25, 8, 1]
(2, (1, 0, 1), (0, 2)): [520, 89, 40, 31, 11, 3]
(2, (1, 0, 1), (1, 0)): [796, 171, 69, 55, 12, 5, 1]
(2, (1, 0, 1), (1, 1)): [890, 199, 71, 59, 13, 3, 2]
(2, (1, 0, 1), (1, 2)): [689, 139, 59, 45, 9, 4, 2]
(2, (1, 0, 1), (2, 0)): [235, 42, 23, 18, 5, 2]
(2, (1, 0, 1), (2, 1)): [414, 98, 38, 29, 4, 1]
(2, (1, 0, 1), (2, 2)): [501, 106, 42, 32, 6, 2, 1]
(2, (1, 0, 1), (3, 0)): [24, 5, 5, 6, 2, 1]
(2, (1, 0, 1), (3, 1)): [97, 26, 9, 11, 3, 1]
(2, (1, 0, 1), (3, 2)): [204, 53, 19, 16, 2]
(2, (1, 1, 0), (0, 0)): [4873, 703, 379, 276, 89, 32, 8, 2, 1]
(2, (1, 1, 0), (0, 1)): [2450, 347, 182, 132, 50, 19, 5, 1]
(2, (1, 1, 0), (0, 2)): [1024, 154, 82, 63, 17, 10, 3]
(2, (1, 1, 0), (1, 0)): [1861, 274, 147, 114, 28, 8, 2, 1, 1]
(2, (1, 1, 0), (1, 1)): [2032, 296, 142, 108, 37, 6, 3, 1, 1]
(2, (1, 1, 0), (1, 2)): [1519, 220, 114, 100, 30, 8, 2, 1]
(2, (1, 1, 0), (2, 0)): [536, 71, 50, 29, 8, 4]
(2, (1, 1, 0), (2, 1)): [936, 128, 72, 48, 14, 4, 2]
(2, (1, 1, 0), (2, 2)): [1125, 152, 85, 62, 16, 5, 4]
(2, (1, 1, 0), (3, 0)): [76, 11, 5, 5, 1, 1]
(2, (1, 1, 0), (3, 1)): [243, 40, 21, 13, 3, 2]
(2, (1, 1, 0), (3, 2)): [475, 66, 34, 25, 5, 4]
(2, (1, 1, 1), (0, 0)): [1538, 212, 258, 157, 107, 34, 7, 3, 2]
(2, (1, 1, 1), (0, 1)): [781, 109, 128, 86, 54, 19, 2, 0, 1]
(2, (1, 1, 1), (0, 2)): [325, 41, 56, 29, 21, 5, 1, 0, 1]
(2, (1, 1, 1), (1, 0)): [599, 84, 101, 55, 32, 13, 5, 3, 1]
(2, (1, 1, 1), (1, 1)): [664, 99, 108, 70, 37, 12, 5, 1, 1]
(2, (1, 1, 1), (1, 2)): [501, 61, 93, 50, 27, 12, 4]
(2, (1, 1, 1), (2, 0)): [172, 26, 25, 11, 14, 7]
(2, (1, 1, 1), (2, 1)): [295, 51, 45, 31, 15, 5, 1]
(2, (1, 1, 1), (2, 2)): [361, 64, 61, 41, 18, 5, 2]
(2, (1, 1, 1), (3, 0)): [28, 3, 4, 1, 5, 3]
(2, (1, 1, 1), (3, 1)): [75, 8, 15, 5, 8, 3]
(2, (1, 1, 1), (3, 2)): [141, 26, 21, 9, 9, 2]
