(0, (0, 0, 0), (0, 0)): [1248019, 248961, 113811, 51701, 22914, 9740, 3960, 1594, 636, 254, 109, 56, 14, 12, 2, 0, 1]
(0, (0, 0, 0), (0, 1)): [226113, 43473, 19710, 9317, 4109, 1828, 711, 265, 113, 47, 22, 11, 3, 2, 1]
(0, (0, 0, 0), (0, 2)): [86179, 14697, 6476, 3001, 1307, 588, 217, 75, 38, 16, 6, 3, 2, 0, 1]
(0, (0, 0, 0), (1, 0)): [199553, 44541, 21230, 9878, 4591, 1967, 847, 346, 153, 45, 26, 12, 1, 4, 1, 0, 1]
(0, (0, 0, 0), (1, 1)): [192834, 39071, 18129, 8495, 3772, 1665, 704, 265, 122, 33, 23, 11, 2, 3, 0, 0, 1]
(0, (0, 0, 0), (1, 2)): [131638, 23320, 10570, 4932, 2157, 929, 385, 145, 71, 22, 11, 5, 3, 0, 1]
(0, (0, 0, 0), (2, 0)): [64397, 15829, 8158, 3829, 1854, 787, 323, 150, 56, 21, 11, 5, 0, 2, 1]
(0, (0, 0, 0), (2, 1)): [99908, 22137, 10927, 5020, 2363, 1052, 396, 187, 70, 27, 16, 8, 1, 1, 0, 0, 1]
(0, (0, 0, 0), (2, 2)): [104750, 20197, 9592, 4477, 2009, 849, 345, 142, 71, 21, 10, 3, 2, 1, 1, 0, 1]
(0, (0, 0, 0), (3, 0)): [18833, 5278, 3104, 1559, 761, 315, 135, 65, 24, 6, 4, 1, 0, 2, 1]
(0, (0, 0, 0), (3, 1)): [38189, 9958, 5308, 2585, 1260, 567, 213, 112, 45, 14, 6, 6, 1, 2, 1]
(0, (0, 0, 0), (3, 2)): [55305, 12543, 6589, 3092, 1470, 636, 248, 109, 48, 18, 8, 7, 2, 1, 1, 0, 1]
(0, (0, 0, 1), (0, 0)): [4565, 12892, 3520, 1729, 808, 339, 143, 43, 16, 13, 7, 2, 1, 2]
(0, (0, 0, 1), (0, 1)): [618, 1923, 536, 235, 122, 43, 22, 8, 5, 2, 3]
(0, (0, 0, 1), (0, 2)): [275, 722, 176, 82, 34, 20, 8, 2, 3]
(0, (0, 0, 1), (1, 0)): [651, 2122, 642, 349, 156, 73, 27, 11, 2, 3, 1]
(0, (0, 0, 1), (1, 1)): [581, 1814, 522, 236, 129, 47, 22, 10, 1, 4, 2]
(0, (0, 0, 1), (1, 2)): [443, 1169, 299, 137, 61, 33, 10, 5, 2, 3, 1]
(0, (0, 0, 1), (2, 0)): [251, 769, 261, 160, 61, 33, 9, 5, 2, 1]
(0, (0, 0, 1), (2, 1)): [308, 1030, 337, 173, 86, 39, 18, 7, 3, 1, 1]
(0, (0, 0, 1), (2, 2)): [400, 1062, 291, 144, 73, 27, 13, 3, 1, 2]
(0, (0, 0, 1), (3, 0)): [97, 230, 86, 65, 25, 12, 5, 1]
(0, (0, 0, 1), (3, 1)): [125, 464, 148, 106, 50, 18, 8, 3, 2]
(0, (0, 0, 1), (3, 2)): [230, 661, 188, 124, 66, 19, 6, 1, 3, 1]
(0, (0, 1, 0), (0, 0)): [48845, 43215, 17128, 8553, 3999, 1694, 725, 308, 124, 61, 18, 8, 3, 5, 2, 0, 1]
(0, (0, 1, 0), (0, 1)): [8441, 7516, 2952, 1384, 671, 281, 136, 54, 23, 12, 1, 2, 0, 1, 1]
(0, (0, 1, 0), (0, 2)): [3437, 2572, 1010, 445, 214, 93, 58, 16, 8, 3, 0, 1]
(0, (0, 1, 0), (1, 0)): [8474, 7886, 3377, 1808, 832, 391, 145, 72, 29, 9, 5, 2, 2, 2, 1, 0, 1]
(0, (0, 1, 0), (1, 1)): [7516, 6636, 2695, 1369, 628, 273, 111, 53, 14, 11, 3, 1, 0, 2, 1]
(0, (0, 1, 0), (1, 2)): [5217, 4042, 1653, 801, 349, 149, 70, 38, 8, 4, 2, 2, 0, 0, 1]
(0, (0, 1, 0), (2, 0)): [3120, 2785, 1276, 739, 329, 181, 60, 32, 14, 3, 1, 2, 2, 1, 0, 0, 1]
(0, (0, 1, 0), (2, 1)): [4162, 3725, 1591, 816, 396, 197, 72, 25, 11, 8, 1, 1, 1, 1, 0, 0, 1]
(0, (0, 1, 0), (2, 2)): [4519, 3436, 1518, 698, 329, 152, 61, 26, 10, 4, 2, 2, 0, 0, 1, 0, 1]
(0, (0, 1, 0), (3, 0)): [1113, 806, 422, 297, 137, 78, 32, 19, 7, 1, 0, 1, 1]
(0, (0, 1, 0), (3, 1)): [1821, 1522, 725, 480, 211, 119, 39, 17, 2, 2, 0, 1, 0, 1]
(0, (0, 1, 0), (3, 2)): [2621, 2011, 977, 521, 237, 123, 52, 19, 5, 4, 2, 0, 0, 0, 1, 0, 1]
(0, (0, 1, 1), (0, 0)): [3897, 6248, 7227, 3424, 1756, 878, 349, 146, 80, 35, 8, 6, 3, 2, 1, 0, 1]
(0, (0, 1, 1), (0, 1)): [690, 1084, 1234, 540, 279, 146, 60, 16, 10, 6, 2, 2, 1, 0, 0, 0, 1]
(0, (0, 1, 1), (0, 2)): [320, 396, 434, 204, 92, 52, 26, 6, 2, 3, 0, 1]
(0, (0, 1, 1), (1, 0)): [673, 1182, 1454, 723, 371, 203, 71, 27, 23, 4, 2, 2, 0, 1, 1]
(0, (0, 1, 1), (1, 1)): [575, 975, 1157, 509, 272, 139, 46, 18, 12, 3, 2, 0, 1, 0, 0, 0, 1]
(0, (0, 1, 1), (1, 2)): [477, 622, 671, 302, 171, 95, 28, 8, 6, 2, 1, 1, 0, 0, 0, 0, 1]
(0, (0, 1, 1), (2, 0)): [284, 501, 544, 318, 183, 108, 33, 10, 12, 3, 1, 0, 0, 1, 1]
(0, (0, 1, 1), (2, 1)): [288, 552, 663, 319, 146, 77, 25, 13, 8, 5, 0, 0, 1, 0, 1]
(0, (0, 1, 1), (2, 2)): [368, 562, 576, 275, 137, 79, 26, 10, 6, 4, 1, 1, 0, 0, 0, 0, 1]
(0, (0, 1, 1), (3, 0)): [165, 211, 223, 143, 106, 61, 20, 5, 9, 0, 1, 0, 0, 1]
(0, (0, 1, 1), (3, 1)): [120, 207, 260, 142, 98, 47, 15, 7, 8, 2, 0, 0, 0, 0, 1]
(0, (0, 1, 1), (3, 2)): [205, 292, 342, 185, 88, 63, 21, 7, 10, 1, 1, 0, 0, 0, 0, 0, 1]
(0, (1, 0, 0), (0, 0)): [258023, 81879, 53822, 26612, 12615, 5647, 2267, 966, 408, 159, 77, 31, 10, 10, 1, 0, 1]
(0, (1, 0, 0), (0, 1)): [43436, 13017, 8656, 4247, 2046, 931, 378, 151, 80, 23, 9, 4, 1, 1]
(0, (1, 0, 0), (0, 2)): [16258, 4291, 2870, 1350, 616, 276, 134, 47, 24, 5, 4, 2]
(0, (1, 0, 0), (1, 0)): [39042, 13579, 9652, 5059, 2488, 1136, 438, 205, 85, 35, 23, 7, 1, 5, 1, 0, 1]
(0, (1, 0, 0), (1, 1)): [33639, 10688, 7347, 3746, 1764, 852, 316, 133, 62, 26, 8, 3, 1, 2]
(0, (1, 0, 0), (1, 2)): [21750, 6034, 4166, 2055, 949, 412, 176, 74, 39, 12, 2, 2]
(0, (1, 0, 0), (2, 0)): [12129, 4642, 3464, 1904, 970, 449, 182, 83, 27, 16, 11, 2, 1, 3, 0, 0, 1]
(0, (1, 0, 0), (2, 1)): [16383, 5709, 3987, 2134, 1000, 491, 189, 79, 37, 15, 9, 3, 0, 4, 0, 0, 1]
(0, (1, 0, 0), (2, 2)): [15891, 4779, 3363, 1646, 791, 337, 159, 70, 35, 13, 6, 2, 0, 2]
(0, (1, 0, 0), (3, 0)): [3094, 1463, 1125, 740, 385, 176, 75, 31, 11, 6, 4, 1]
(0, (1, 0, 0), (3, 1)): [5787, 2398, 1754, 1116, 522, 263, 97, 43, 18, 8, 6, 1, 0, 2]
(0, (1, 0, 0), (3, 2)): [7419, 2763, 1938, 1111, 533, 230, 104, 54, 25, 7, 5, 1, 0, 1]
(0, (1, 0, 1), (0, 0)): [6616, 18100, 7316, 5281, 2739, 1259, 578, 222, 114, 41, 25, 8, 3, 2, 1]
(0, (1, 0, 1), (0, 1)): [1043, 2921, 1165, 863, 446, 216, 95, 25, 16, 7, 2, 0, 1, 1]
(0, (1, 0, 1), (0, 2)): [485, 1018, 404, 277, 146, 71, 27, 7, 4, 1, 0, 0, 0, 1]
(0, (1, 0, 1), (1, 0)): [1037, 2962, 1257, 958, 531, 251, 98, 49, 28, 9, 7, 1, 0, 0, 1]
(0, (1, 0, 1), (1, 1)): [825, 2355, 980, 721, 383, 164, 70, 34, 21, 7, 3]
(0, (1, 0, 1), (1, 2)): [664, 1375, 565, 391, 209, 79, 39, 14, 7, 2]
(0, (1, 0, 1), (2, 0)): [399, 949, 426, 335, 193, 110, 39, 17, 6, 3, 4, 1]
(0, (1, 0, 1), (2, 1)): [398, 1203, 506, 390, 204, 113, 41, 16, 15, 6, 3]
(0, (1, 0, 1), (2, 2)): [506, 1041, 436, 335, 178, 82, 42, 18, 3, 3, 1]
(0, (1, 0, 1), (3, 0)): [182, 242, 153, 87, 71, 47, 16, 6, 1, 1, 1, 1]
(0, (1, 0, 1), (3, 1)): [148, 409, 219, 171, 112, 62, 15, 6, 9, 4, 2]
(0, (1, 0, 1), (3, 2)): [247, 506, 264, 200, 121, 69, 24, 11, 7, 7, 2]
(0, (1, 1, 0), (0, 0)): [37362, 22135, 16157, 11991, 6238, 2956, 1191, 543, 235, 101, 44, 19, 5, 4, 0, 0, 1]
(0, (1, 1, 0), (0, 1)): [6932, 3732, 2622, 1998, 1124, 487, 213, 95, 40, 15, 9, 4, 0, 1, 0, 0, 1]
(0, (1, 1, 0), (0, 2)): [2789, 1295, 880, 677, 363, 163, 67, 31, 17, 8, 3]
(0, (1, 1, 0), (1, 0)): [5560, 3577, 2809, 2179, 1117, 578, 230, 98, 43, 16, 10, 4, 2, 2]
(0, (1, 1, 0), (1, 1)): [5157, 2909, 2168, 1712, 882, 426, 168, 76, 24, 10, 8, 2, 2, 2, 0, 0, 1]
(0, (1, 1, 0), (1, 2)): [3648, 1741, 1243, 1036, 507, 221, 91, 40, 17, 10, 3, 1, 0, 1, 0, 0, 1]
(0, (1, 1, 0), (2, 0)): [1674, 1203, 971, 732, 431, 224, 99, 42, 21, 8, 5, 3, 0, 1]
(0, (1, 1, 0), (2, 1)): [2395, 1477, 1186, 905, 488, 236, 104, 45, 22, 7, 8, 3, 2]
(0, (1, 1, 0), (2, 2)): [2607, 1329, 1010, 827, 422, 201, 82, 40, 16, 8, 3, 1, 0, 0, 0, 0, 1]
(0, (1, 1, 0), (3, 0)): [396, 379, 346, 244, 167, 96, 38, 18, 9, 4, 2, 1, 0, 1]
(0, (1, 1, 0), (3, 1)): [835, 633, 535, 400, 262, 149, 60, 23, 13, 7, 4, 1, 2]
(0, (1, 1, 0), (3, 2)): [1201, 739, 634, 514, 279, 144, 64, 34, 11, 4, 2, 0, 0, 0, 0, 0, 1]
(0, (1, 1, 1), (0, 0)): [3937, 6174, 5268, 3680, 3034, 1531, 683, 314, 155, 63, 28, 9, 5, 3, 0, 0, 1]
(0, (1, 1, 1), (0, 1)): [781, 1148, 984, 662, 581, 297, 120, 62, 33, 10, 4, 2, 2, 1]
(0, (1, 1, 1), (0, 2)): [401, 449, 354, 231, 202, 108, 35, 20, 12, 3, 3, 0, 1]
(0, (1, 1, 1), (1, 0)): [545, 1048, 940, 676, 551, 291, 126, 42, 33, 10, 6, 2, 0, 1, 0, 0, 1]
(0, (1, 1, 1), (1, 1)): [536, 925, 808, 541, 454, 250, 113, 48, 24, 10, 3, 1, 1, 1, 0, 0, 1]
(0, (1, 1, 1), (1, 2)): [488, 624, 515, 344, 297, 144, 58, 28, 13, 2, 3, 0, 0, 1, 0, 0, 1]
(0, (1, 1, 1), (2, 0)): [151, 306, 318, 239, 211, 114, 37, 18, 9, 4, 1, 2, 0, 1]
(0, (1, 1, 1), (2, 1)): [239, 415, 396, 288, 227, 135, 51, 26, 18, 8, 1, 0, 1]
(0, (1, 1, 1), (2, 2)): [310, 446, 403, 271, 220, 119, 45, 24, 13, 6, 0, 0, 1]
(0, (1, 1, 1), (3, 0)): [34, 96, 84, 85, 66, 48, 20, 10, 2, 1, 1, 1, 0, 1]
(0, (1, 1, 1), (3, 1)): [81, 152, 168, 117, 100, 60, 32, 11, 5, 3, 0, 1, 0, 1]
(0, (1, 1, 1), (3, 2)): [121, 236, 225, 149, 144, 73, 40, 16, 10, 4, 0, 0, 1, 1]
(1, (0, 0, 0), (0, 0)): [1026893, 112898, 45928, 18147, 6959, 2629, 1037, 357, 117, 47, 18, 10, 2, 1]
(1, (0, 0, 0), (0, 1)): [185965, 19364, 7745, 3112, 1199, 456, 167, 73, 16, 5, 2, 3]
(1, (0, 0, 0), (0, 2)): [71068, 6281, 2535, 920, 368, 135, 45, 22, 2, 2, 0, 2]
(1, (0, 0, 0), (1, 0)): [170967, 21472, 9047, 3685, 1472, 584, 229, 73, 28, 10, 4, 2]
(1, (0, 0, 0), (1, 1)): [163116, 18004, 7347, 3010, 1188, 440, 183, 67, 21, 7, 4, 1]
(1, (0, 0, 0), (1, 2)): [109695, 10274, 4134, 1635, 664, 250, 96, 31, 7, 5, 0, 1]
(1, (0, 0, 0), (2, 0)): [57205, 8164, 3653, 1534, 608, 253, 104, 35, 11, 4, 2, 2]
(1, (0, 0, 0), (2, 1)): [87051, 10763, 4652, 1874, 755, 295, 102, 54, 12, 5, 5, 1]
(1, (0, 0, 0), (2, 2)): [89827, 9347, 3990, 1615, 636, 250, 81, 37, 11, 6, 1]
(1, (0, 0, 0), (3, 0)): [17060, 2718, 1487, 643, 253, 112, 53, 14, 7, 3, 1, 1]
(1, (0, 0, 0), (3, 1)): [34824, 5162, 2535, 1079, 434, 183, 71, 28, 6, 2, 3]
(1, (0, 0, 0), (3, 2)): [49395, 6259, 2993, 1275, 512, 199, 66, 32, 9, 6, 3]
(1, (0, 0, 1), (0, 0)): [27313, 36831, 7382, 3249, 1290, 545, 188, 58, 28, 11, 7, 3, 1, 1]
(1, (0, 0, 1), (0, 1)): [4615, 5632, 1157, 477, 169, 79, 33, 9, 2, 0, 2, 1]
(1, (0, 0, 1), (0, 2)): [2018, 1835, 353, 135, 60, 23, 15, 2, 2, 0, 0, 1]
(1, (0, 0, 1), (1, 0)): [5093, 7381, 1562, 762, 306, 148, 39, 16, 11, 3, 1]
(1, (0, 0, 1), (1, 1)): [4338, 5557, 1156, 505, 199, 85, 25, 8, 4, 2, 1]
(1, (0, 0, 1), (1, 2)): [3207, 3054, 590, 263, 114, 45, 18, 3, 4, 0, 0, 1]
(1, (0, 0, 1), (2, 0)): [2134, 2963, 690, 388, 157, 74, 23, 11, 6, 1, 1]
(1, (0, 0, 1), (2, 1)): [2494, 3393, 729, 349, 135, 64, 16, 7, 4, 1, 1]
(1, (0, 0, 1), (2, 2)): [2807, 2831, 593, 280, 109, 47, 21, 5, 2, 0, 1, 1]
(1, (0, 0, 1), (3, 0)): [1054, 1122, 323, 211, 84, 42, 10, 5, 0, 0, 1]
(1, (0, 0, 1), (3, 1)): [1098, 1438, 367, 198, 72, 38, 11, 5, 2]
(1, (0, 0, 1), (3, 2)): [1711, 1771, 414, 229, 99, 41, 17, 6, 2, 0, 1]
(1, (0, 1, 0), (0, 0)): [139761, 55646, 21276, 9307, 3738, 1491, 507, 221, 72, 26, 16, 2, 3]
(1, (0, 1, 0), (0, 1)): [23704, 9140, 3368, 1421, 559, 259, 84, 39, 11, 7, 4]
(1, (0, 1, 0), (0, 2)): [9270, 3197, 1120, 445, 154, 90, 29, 12, 3, 3]
(1, (0, 1, 0), (1, 0)): [26607, 10685, 4402, 2134, 870, 356, 134, 57, 23, 8, 3]
(1, (0, 1, 0), (1, 1)): [21925, 8527, 3265, 1500, 621, 252, 87, 29, 13, 3, 3]
(1, (0, 1, 0), (1, 2)): [14569, 5101, 1831, 770, 272, 128, 44, 23, 7, 5]
(1, (0, 1, 0), (2, 0)): [11345, 4231, 1949, 1064, 452, 184, 73, 38, 13, 5, 3]
(1, (0, 1, 0), (2, 1)): [12854, 5023, 2129, 1011, 453, 170, 66, 25, 9, 4, 2]
(1, (0, 1, 0), (2, 2)): [12729, 4470, 1767, 753, 310, 141, 42, 16, 8, 5, 1]
(1, (0, 1, 0), (3, 0)): [5255, 1617, 856, 580, 256, 106, 43, 19, 9, 2, 2]
(1, (0, 1, 0), (3, 1)): [6086, 2228, 1059, 622, 292, 98, 46, 22, 11, 2, 2]
(1, (0, 1, 0), (3, 2)): [7924, 2773, 1241, 640, 286, 106, 40, 15, 5, 6, 2]
(1, (0, 1, 1), (0, 0)): [21213, 16658, 13766, 5654, 3000, 1162, 456, 187, 72, 26, 4, 3, 1]
(1, (0, 1, 1), (0, 1)): [3245, 2494, 2091, 867, 383, 143, 66, 29, 8, 0, 1]
(1, (0, 1, 1), (0, 2)): [1513, 821, 723, 308, 148, 46, 23, 14, 1, 0, 1]
(1, (0, 1, 1), (1, 0)): [4397, 3783, 2875, 1267, 791, 309, 121, 49, 20, 7]
(1, (0, 1, 1), (1, 1)): [2848, 2283, 1908, 775, 375, 133, 51, 23, 11, 3]
(1, (0, 1, 1), (1, 2)): [2306, 1326, 1176, 462, 237, 79, 32, 18, 3, 1, 1]
(1, (0, 1, 1), (2, 0)): [2540, 1980, 1463, 716, 525, 214, 90, 34, 13, 4]
(1, (0, 1, 1), (2, 1)): [1534, 1303, 1066, 478, 245, 91, 37, 13, 6, 3]
(1, (0, 1, 1), (2, 2)): [1930, 1133, 999, 418, 220, 68, 26, 8, 4, 1]
(1, (0, 1, 1), (3, 0)): [1865, 1306, 904, 498, 425, 171, 71, 27, 10, 3]
(1, (0, 1, 1), (3, 1)): [645, 592, 471, 222, 129, 63, 22, 12, 3, 2]
(1, (0, 1, 1), (3, 2)): [1083, 741, 550, 276, 161, 57, 20, 11, 3, 1]
(1, (1, 0, 0), (0, 0)): [371665, 62799, 42373, 17846, 7265, 2820, 1152, 406, 139, 56, 22, 12, 2, 1]
(1, (1, 0, 0), (0, 1)): [63081, 9973, 6591, 2868, 1151, 459, 189, 73, 18, 9, 6, 2]
(1, (1, 0, 0), (0, 2)): [23526, 3201, 2081, 858, 344, 148, 66, 18, 4, 2, 2]
(1, (1, 0, 0), (1, 0)): [61033, 11482, 8082, 3617, 1494, 614, 251, 89, 27, 12, 5, 2]
(1, (1, 0, 0), (1, 1)): [51568, 8742, 5959, 2669, 1048, 416, 163, 65, 19, 8, 6, 4]
(1, (1, 0, 0), (1, 2)): [33183, 4895, 3264, 1413, 540, 212, 87, 37, 7, 4, 4, 1]
(1, (1, 0, 0), (2, 0)): [20002, 4063, 2971, 1473, 611, 258, 110, 37, 14, 5, 1]
(1, (1, 0, 0), (2, 1)): [26134, 4797, 3368, 1638, 648, 277, 113, 36, 14, 3, 4, 2]
(1, (1, 0, 0), (2, 2)): [25135, 4012, 2710, 1224, 495, 210, 81, 35, 5, 3, 3]
(1, (1, 0, 0), (3, 0)): [5580, 1362, 919, 575, 265, 105, 43, 12, 5, 3]
(1, (1, 0, 0), (3, 1)): [10050, 2249, 1514, 869, 364, 142, 58, 14, 9, 4, 2, 1]
(1, (1, 0, 0), (3, 2)): [12669, 2557, 1631, 868, 354, 154, 58, 18, 8, 4, 4, 1]
(1, (1, 0, 1), (0, 0)): [31832, 32803, 10411, 7306, 3176, 1271, 517, 194, 55, 27, 6, 4]
(1, (1, 0, 1), (0, 1)): [5696, 5081, 1636, 1110, 483, 214, 71, 21, 8, 4, 1]
(1, (1, 0, 1), (0, 2)): [2438, 1608, 564, 363, 172, 70, 32, 11, 5, 1]
(1, (1, 0, 1), (1, 0)): [5215, 5560, 1924, 1407, 635, 257, 97, 47, 14, 8, 0, 1]
(1, (1, 0, 1), (1, 1)): [4515, 4254, 1384, 993, 400, 190, 55, 17, 5, 4, 0, 1]
(1, (1, 0, 1), (1, 2)): [3272, 2339, 835, 555, 227, 111, 26, 20, 4, 1]
(1, (1, 0, 1), (2, 0)): [1851, 1751, 699, 522, 268, 104, 44, 21, 6, 4]
(1, (1, 0, 1), (2, 1)): [2227, 2165, 729, 554, 262, 94, 40, 10, 6, 2, 0, 1]
(1, (1, 0, 1), (2, 2)): [2379, 1806, 679, 461, 223, 77, 31, 12, 6, 1]
(1, (1, 0, 1), (3, 0)): [708, 505, 251, 183, 112, 50, 17, 6, 1, 2]
(1, (1, 0, 1), (3, 1)): [837, 860, 346, 239, 134, 53, 19, 6, 2, 1, 0, 1]
(1, (1, 0, 1), (3, 2)): [1194, 1019, 425, 285, 171, 62, 23, 7, 5, 1, 0, 1]
(1, (1, 1, 0), (0, 0)): [106823, 30105, 19896, 14941, 6127, 2484, 963, 384, 149, 53, 23, 10, 4, 1]
(1, (1, 1, 0), (0, 1)): [19814, 5032, 3194, 2454, 1062, 443, 149, 61, 22, 11, 6, 3]
(1, (1, 1, 0), (0, 2)): [7979, 1776, 1061, 810, 352, 148, 44, 17, 6, 1, 2]
(1, (1, 1, 0), (1, 0)): [17255, 5453, 3744, 2884, 1241, 522, 236, 79, 25, 14, 9, 1]
(1, (1, 1, 0), (1, 1)): [15640, 4336, 2956, 2207, 957, 391, 137, 63, 17, 17, 6, 2]
(1, (1, 1, 0), (1, 2)): [11115, 2617, 1663, 1281, 542, 180, 61, 35, 7, 3, 6, 2]
(1, (1, 1, 0), (2, 0)): [5561, 1953, 1302, 1037, 516, 236, 111, 33, 12, 4, 5, 1]
(1, (1, 1, 0), (2, 1)): [7733, 2393, 1687, 1249, 584, 276, 115, 31, 14, 6, 5]
(1, (1, 1, 0), (2, 2)): [8344, 2166, 1423, 1065, 501, 197, 80, 29, 9, 3, 3, 1]
(1, (1, 1, 0), (3, 0)): [1433, 730, 464, 306, 202, 96, 42, 17, 3, 1, 1, 1]
(1, (1, 1, 0), (3, 1)): [2913, 1137, 797, 577, 326, 162, 57, 18, 8, 3, 3, 1]
(1, (1, 1, 0), (3, 2)): [4060, 1345, 939, 667, 369, 146, 57, 19, 6, 3, 1, 1]
(1, (1, 1, 1), (0, 0)): [22748, 15639, 10229, 6487, 5001, 2101, 858, 320, 123, 44, 12, 7, 4, 2]
(1, (1, 1, 1), (0, 1)): [4425, 2722, 1748, 1123, 854, 356, 157, 51, 26, 7, 3, 1, 0, 1]
(1, (1, 1, 1), (0, 2)): [2068, 928, 600, 411, 290, 101, 48, 14, 4, 3, 2, 0, 0, 1]
(1, (1, 1, 1), (1, 0)): [3409, 2773, 1757, 1137, 962, 420, 191, 65, 23, 8, 3, 2, 1]
(1, (1, 1, 1), (1, 1)): [3291, 2318, 1493, 955, 735, 317, 152, 55, 27, 7, 2, 2]
(1, (1, 1, 1), (1, 2)): [2589, 1331, 902, 583, 445, 177, 80, 29, 12, 3, 1, 2, 0, 1]
(1, (1, 1, 1), (2, 0)): [883, 902, 612, 384, 353, 169, 72, 29, 4, 2, 2]
(1, (1, 1, 1), (2, 1)): [1428, 1216, 749, 476, 373, 201, 82, 26, 9, 2, 2]
(1, (1, 1, 1), (2, 2)): [1766, 1073, 736, 470, 364, 158, 79, 22, 8, 4, 1, 2, 0, 1]
(1, (1, 1, 1), (3, 0)): [156, 279, 201, 140, 109, 56, 29, 12, 2, 2]
(1, (1, 1, 1), (3, 1)): [354, 511, 345, 209, 176, 101, 29, 20, 6, 2, 1]
(1, (1, 1, 1), (3, 2)): [682, 629, 433, 275, 222, 108, 44, 22, 5, 2, 2, 1, 0, 1]
(2, (0, 0, 0), (0, 0)): [900049, 42663, 14085, 4453, 1444, 444, 149, 48, 6, 5, 3]
(2, (0, 0, 0), (0, 1)): [161329, 6694, 2234, 698, 252, 67, 26, 9, 2]
(2, (0, 0, 0), (0, 2)): [61195, 1799, 614, 194, 81, 15, 2, 5]
(2, (0, 0, 0), (1, 0)): [154271, 8889, 3139, 936, 342, 93, 33, 12, 2]
(2, (0, 0, 0), (1, 1)): [144052, 6829, 2400, 703, 252, 76, 29, 5, 2]
(2, (0, 0, 0), (1, 2)): [95140, 3215, 1160, 368, 124, 34, 15, 6]
(2, (0, 0, 0), (2, 0)): [54610, 3562, 1470, 418, 161, 40, 14, 7, 1]
(2, (0, 0, 0), (2, 1)): [80256, 4483, 1741, 461, 162, 43, 17, 5, 2]
(2, (0, 0, 0), (2, 2)): [81402, 3366, 1316, 365, 124, 40, 15, 5]
(2, (0, 0, 0), (3, 0)): [17239, 1180, 676, 194, 74, 23, 5, 4]
(2, (0, 0, 0), (3, 1)): [33864, 2261, 1104, 330, 98, 24, 4, 5, 1]
(2, (0, 0, 0), (3, 2)): [47447, 2550, 1213, 343, 115, 36, 11, 4, 1]
(2, (0, 0, 1), (0, 0)): [81327, 22430, 5028, 1702, 584, 197, 50, 19, 7, 2, 0, 1]
(2, (0, 0, 1), (0, 1)): [14606, 3474, 774, 245, 77, 33, 12, 4, 1, 2]
(2, (0, 0, 1), (0, 2)): [5770, 1056, 227, 74, 23, 9, 4, 0, 0, 1]
(2, (0, 0, 1), (1, 0)): [16918, 4684, 1173, 446, 157, 59, 15, 4, 2, 0, 0, 1]
(2, (0, 0, 1), (1, 1)): [13954, 3423, 772, 281, 90, 40, 7, 3, 1, 1]
(2, (0, 0, 1), (1, 2)): [9487, 1786, 380, 116, 51, 22, 5, 1, 0, 1]
(2, (0, 0, 1), (2, 0)): [7354, 2004, 592, 254, 90, 32, 9, 2, 1, 0, 0, 1]
(2, (0, 0, 1), (2, 1)): [8412, 2199, 596, 245, 77, 26, 6, 2, 0, 1]
(2, (0, 0, 1), (2, 2)): [8724, 1775, 461, 156, 58, 23, 3, 1]
(2, (0, 0, 1), (3, 0)): [3507, 823, 284, 149, 44, 18, 7, 1, 1, 0, 0, 1]
(2, (0, 0, 1), (3, 1)): [3963, 1079, 320, 164, 46, 18, 6, 2]
(2, (0, 0, 1), (3, 2)): [5577, 1230, 357, 162, 51, 17, 5, 1]
(2, (0, 1, 0), (0, 0)): [218093, 42333, 12497, 4408, 1506, 486, 141, 51, 11, 10, 6]
(2, (0, 1, 0), (0, 1)): [37513, 6458, 1808, 563, 217, 63, 18, 6, 3, 2, 1]
(2, (0, 1, 0), (0, 2)): [14761, 1941, 531, 149, 58, 12, 6, 1, 0, 1]
(2, (0, 1, 0), (1, 0)): [44148, 8584, 2895, 1194, 381, 123, 45, 17, 0, 1]
(2, (0, 1, 0), (1, 1)): [35377, 6336, 1915, 656, 241, 66, 27, 10, 3, 1, 1]
(2, (0, 1, 0), (1, 2)): [23688, 3317, 874, 304, 113, 25, 13, 6, 0, 1]
(2, (0, 1, 0), (2, 0)): [20123, 3632, 1433, 711, 240, 75, 21, 10, 0, 1]
(2, (0, 1, 0), (2, 1)): [21299, 4024, 1381, 508, 180, 50, 17, 4, 2, 1, 1]
(2, (0, 1, 0), (2, 2)): [21353, 3223, 932, 362, 137, 30, 19, 6, 0, 2]
(2, (0, 1, 0), (3, 0)): [10283, 1531, 721, 486, 155, 49, 16, 10, 0, 1]
(2, (0, 1, 0), (3, 1)): [9935, 1868, 761, 374, 125, 40, 12, 5, 2, 0, 1]
(2, (0, 1, 0), (3, 2)): [13586, 2132, 793, 394, 138, 37, 21, 7, 0, 1]
(2, (0, 1, 1), (0, 0)): [48863, 3733, 9604, 2819, 1134, 379, 111, 33, 11, 2, 2]
(2, (0, 1, 1), (0, 1)): [8858, 522, 1514, 399, 147, 57, 10, 4, 1, 1]
(2, (0, 1, 1), (0, 2)): [3688, 184, 446, 125, 51, 17, 3, 1, 0, 1]
(2, (0, 1, 1), (1, 0)): [10548, 920, 2024, 737, 324, 127, 32, 13, 3, 0, 1]
(2, (0, 1, 1), (1, 1)): [8185, 513, 1455, 432, 157, 69, 12, 6, 3]
(2, (0, 1, 1), (1, 2)): [6024, 291, 801, 224, 91, 30, 3, 2, 0, 1]
(2, (0, 1, 1), (2, 0)): [5144, 518, 929, 400, 214, 80, 21, 9, 1, 0, 1]
(2, (0, 1, 1), (2, 1)): [4823, 346, 898, 294, 125, 52, 10, 4, 3, 0, 1]
(2, (0, 1, 1), (2, 2)): [5338, 328, 741, 227, 95, 45, 6, 2, 2]
(2, (0, 1, 1), (3, 0)): [3014, 361, 470, 239, 148, 59, 17, 8]
(2, (0, 1, 1), (3, 1)): [2329, 182, 419, 161, 83, 31, 8, 5, 1, 0, 1]
(2, (0, 1, 1), (3, 2)): [3426, 258, 506, 179, 91, 48, 7, 4, 3]
(2, (1, 0, 0), (0, 0)): [445949, 30802, 22034, 6929, 2254, 721, 274, 76, 15, 7, 4, 1]
(2, (1, 0, 0), (0, 1)): [75877, 4601, 3205, 1025, 347, 118, 51, 17, 7, 0, 0, 1]
(2, (1, 0, 0), (0, 2)): [28200, 1230, 803, 272, 99, 25, 15, 2, 3]
(2, (1, 0, 0), (1, 0)): [75405, 6173, 4437, 1499, 522, 146, 66, 18, 3, 1]
(2, (1, 0, 0), (1, 1)): [64286, 4268, 3018, 1016, 331, 105, 45, 15, 4]
(2, (1, 0, 0), (1, 2)): [41084, 1988, 1334, 493, 161, 43, 22, 3, 3]
(2, (1, 0, 0), (2, 0)): [25553, 2402, 1672, 690, 241, 70, 33, 12, 2, 1]
(2, (1, 0, 0), (2, 1)): [33786, 2630, 1843, 671, 228, 68, 32, 10, 1]
(2, (1, 0, 0), (2, 2)): [32295, 1936, 1282, 460, 177, 43, 26, 4, 2]
(2, (1, 0, 0), (3, 0)): [7573, 890, 556, 334, 109, 32, 11, 5, 1, 1]
(2, (1, 0, 0), (3, 1)): [13678, 1385, 892, 465, 124, 45, 16, 5, 1, 1]
(2, (1, 0, 0), (3, 2)): [17125, 1472, 920, 417, 137, 43, 18, 6, 0, 1]
(2, (1, 0, 1), (0, 0)): [81681, 17721, 6808, 4577, 1547, 493, 160, 48, 17, 6, 2, 2]
(2, (1, 0, 1), (0, 1)): [14756, 2829, 1051, 686, 238, 83, 23, 5, 4, 1, 1]
(2, (1, 0, 1), (0, 2)): [5915, 844, 317, 187, 62, 19, 3, 1, 1]
(2, (1, 0, 1), (1, 0)): [14682, 3137, 1454, 1021, 365, 105, 43, 11, 0, 1, 0, 1]
(2, (1, 0, 1), (1, 1)): [12551, 2490, 1030, 655, 262, 83, 31, 5, 3, 1, 1, 1]
(2, (1, 0, 1), (1, 2)): [8474, 1283, 527, 319, 124, 38, 15, 2, 3]
(2, (1, 0, 1), (2, 0)): [5290, 1090, 600, 421, 165, 46, 18, 8]
(2, (1, 0, 1), (2, 1)): [6847, 1343, 662, 392, 185, 62, 18, 5, 0, 1, 0, 1]
(2, (1, 0, 1), (2, 2)): [6625, 1045, 502, 282, 110, 47, 15, 2, 3]
(2, (1, 0, 1), (3, 0)): [1798, 318, 242, 164, 64, 16, 11, 3]
(2, (1, 0, 1), (3, 1)): [2957, 539, 328, 208, 114, 27, 14, 3, 0, 1]
(2, (1, 0, 1), (3, 2)): [3694, 555, 384, 213, 104, 38, 12, 2, 3]
(2, (1, 1, 0), (0, 0)): [179730, 25512, 12864, 9441, 3071, 953, 343, 118, 29, 17, 5, 2]
(2, (1, 1, 0), (0, 1)): [32624, 4030, 1931, 1427, 418, 133, 48, 25, 3, 3, 2, 1]
(2, (1, 1, 0), (0, 2)): [13361, 1196, 575, 408, 119, 41, 12, 9, 2, 1]
(2, (1, 1, 0), (1, 0)): [30494, 4493, 2629, 1897, 725, 203, 85, 21, 7, 3, 1]
(2, (1, 1, 0), (1, 1)): [27661, 3621, 1904, 1381, 424, 139, 50, 20, 5, 2, 2, 1]
(2, (1, 1, 0), (1, 2)): [19525, 1881, 976, 666, 205, 75, 19, 15, 4, 1, 1]
(2, (1, 1, 0), (2, 0)): [10463, 1577, 1080, 744, 371, 99, 43, 9, 2, 3]
(2, (1, 1, 0), (2, 1)): [14599, 1974, 1244, 858, 325, 86, 41, 12, 3, 1]
(2, (1, 1, 0), (2, 2)): [15499, 1599, 987, 639, 241, 65, 32, 15, 6, 1, 1]
(2, (1, 1, 0), (3, 0)): [3355, 482, 445, 243, 189, 58, 22, 4, 0, 2]
(2, (1, 1, 0), (3, 1)): [6150, 857, 698, 420, 244, 56, 27, 2]
(2, (1, 1, 0), (3, 2)): [8589, 956, 792, 458, 261, 58, 28, 10, 3, 0, 1]
(2, (1, 1, 1), (0, 0)): [53035, 6815, 8474, 4107, 3203, 971, 349, 112, 29, 8, 5, 3]
(2, (1, 1, 1), (0, 1)): [10775, 1041, 1362, 700, 525, 156, 58, 16, 5, 0, 3]
(2, (1, 1, 1), (0, 2)): [4647, 327, 388, 211, 137, 43, 15, 5, 0, 0, 2]
(2, (1, 1, 1), (1, 0)): [8440, 1708, 1578, 859, 679, 224, 75, 27, 8, 4, 0, 2]
(2, (1, 1, 1), (1, 1)): [8580, 1113, 1299, 692, 520, 164, 57, 18, 6, 1]
(2, (1, 1, 1), (1, 2)): [6577, 577, 661, 324, 252, 89, 20, 9, 3, 1, 1]
(2, (1, 1, 1), (2, 0)): [2395, 979, 534, 338, 275, 92, 29, 10, 4, 3, 0, 2]
(2, (1, 1, 1), (2, 1)): [3901, 935, 714, 451, 323, 117, 39, 8, 3]
(2, (1, 1, 1), (2, 2)): [4675, 697, 592, 354, 245, 94, 25, 8, 3, 1, 1]
(2, (1, 1, 1), (3, 0)): [431, 590, 148, 151, 86, 43, 17, 8, 2, 3, 0, 1]
(2, (1, 1, 1), (3, 1)): [1164, 764, 281, 251, 168, 61, 23, 7, 1, 3, 0, 1]
(2, (1, 1, 1), (3, 2)): [1969, 784, 354, 303, 186, 75, 29, 8, 2, 1, 1]
