(0, (0, 0, 0)): [14895, 3198, 1545, 720, 316, 139, 66, 18, 8, 7, 3]
(0, (0, 0, 1)): [68, 263, 71, 34, 22, 10, 3, 0, 0, 1]
(0, (0, 1, 0)): [476, 548, 213, 76, 52, 23, 10, 0, 4, 1, 2]
(0, (0, 1, 1)): [41, 103, 127, 46, 31, 10, 5, 2, 3]
(0, (1, 0, 0)): [3376, 1251, 804, 424, 174, 80, 37, 15, 3, 5, 1]
(0, (1, 0, 1)): [67, 276, 125, 84, 41, 28, 13, 1, 2, 2]
(0, (1, 1, 0)): [420, 298, 254, 195, 90, 41, 12, 11, 3, 3]
(0, (1, 1, 1)): [50, 83, 65, 70, 60, 26, 8, 6, 3, 2]
(1, (0, 0, 0)): [11734, 1315, 551, 226, 94, 41, 16, 4, 1, 2]
(1, (0, 0, 1)): [404, 635, 144, 42, 22, 7, 4, 0, 0, 1]
(1, (0, 1, 0)): [1702, 900, 319, 124, 46, 25, 7, 3, 0, 0, 1]
(1, (0, 1, 1)): [272, 263, 299, 107, 45, 19, 10, 2, 1, 3]
(1, (1, 0, 0)): [5096, 982, 603, 273, 101, 40, 17, 5, 2, 2]
(1, (1, 0, 1)): [426, 530, 215, 120, 42, 19, 5, 3, 1, 1]
(1, (1, 1, 0)): [1260, 431, 320, 212, 85, 33, 10, 6, 6, 1, 1]
(1, (1, 1, 1)): [246, 188, 132, 104, 74, 27, 14, 9, 5, 1]
(2, (0, 0, 0)): [9901, 463, 139, 48, 22, 7, 4, 1]
(2, (0, 0, 1)): [1232, 425, 78, 24, 11, 6, 4]
(2, (0, 1, 0)): [2916, 730, 163, 51, 16, 7, 4, 1]
(2, (0, 1, 1)): [748, 62, 210, 51, 22, 4, 2]
(2, (1, 0, 0)): [6233, 505, 229, 91, 35, 12, 8, 1]
(2, (1, 0, 1)): [1088, 335, 123, 75, 22, 10, 5]
(2, (1, 1, 0)): [2117, 350, 202, 113, 33, 15, 5, 2]
(2, (1, 1, 1)): [575, 86, 104, 66, 34, 14, 8, 2, 1]
