(0, (0, 0, 0)): [28869, 5799, 2661, 1146, 480, 222, 86, 34, 16, 4, 1, 2, 1]
(0, (0, 0, 1)): [121, 342, 105, 35, 18, 9, 6, 1, 0, 1]
(0, (0, 1, 0)): [1318, 1148, 465, 217, 107, 43, 20, 12, 5, 2, 1]
(0, (0, 1, 1)): [88, 132, 174, 75, 47, 23, 9, 2, 1, 2]
(0, (1, 0, 0)): [5927, 1971, 1312, 609, 272, 126, 55, 20, 11, 3, 1, 1, 1]
(0, (1, 0, 1)): [154, 464, 189, 139, 63, 35, 14, 5, 7, 1, 1]
(0, (1, 1, 0)): [891, 528, 389, 277, 155, 68, 24, 13, 5, 2, 1, 0, 1]
(0, (1, 1, 1)): [93, 133, 115, 86, 76, 32, 12, 8, 2, 1]
(1, (0, 0, 0)): [23871, 2582, 1037, 391, 127, 60, 23, 5, 3, 0, 0, 1]
(1, (0, 0, 1)): [662, 972, 201, 79, 25, 13, 5, 1, 1, 1, 1]
(1, (0, 1, 0)): [3479, 1293, 541, 221, 71, 32, 14, 7, 1, 0, 0, 1]
(1, (0, 1, 1)): [472, 385, 310, 136, 77, 30, 8, 1, 1, 0, 1, 0, 1]
(1, (1, 0, 0)): [8454, 1468, 944, 375, 145, 64, 26, 6, 3, 1, 0, 1]
(1, (1, 0, 1)): [685, 744, 207, 178, 69, 33, 14, 6, 2, 2]
(1, (1, 1, 0)): [2392, 697, 466, 318, 117, 57, 20, 5, 5, 0, 0, 1]
(1, (1, 1, 1)): [481, 340, 226, 155, 98, 43, 13, 4, 4, 1, 0, 0, 1]
(2, (0, 0, 0)): [20885, 988, 364, 109, 16, 11, 2, 1]
(2, (0, 0, 1)): [1961, 553, 120, 34, 12, 5]
(2, (0, 1, 0)): [5246, 1034, 322, 94, 25, 13, 3, 1, 1]
(2, (0, 1, 1)): [1032, 65, 208, 59, 18, 3, 2]
(2, (1, 0, 0)): [10226, 748, 512, 152, 30, 15, 5, 3]
(2, (1, 0, 1)): [1771, 396, 145, 101, 29, 11, 4, 1]
(2, (1, 1, 0)): [4094, 573, 329, 188, 46, 16, 5, 2]
(2, (1, 1, 1)): [1122, 123, 216, 85, 58, 24, 7]
