(0, (0, 0, 0), (0, 0)): [2202620, 451459, 207783, 95057, 42735, 18288, 7641, 3044, 1252, 543, 241, 116, 40, 22, 6, 1, 1, 1]
(0, (0, 0, 0), (0, 1)): [406151, 79157, 36088, 16764, 7412, 3206, 1329, 451, 211, 89, 43, 23, 6, 4, 1, 1]
(0, (0, 0, 0), (0, 2)): [156631, 26976, 12126, 5519, 2381, 1020, 415, 138, 66, 30, 8, 4, 4, 0, 1]
(0, (0, 0, 0), (1, 0)): [335927, 75952, 36012, 16762, 7898, 3326, 1459, 592, 230, 86, 49, 17, 4, 6, 2, 0, 1]
(0, (0, 0, 0), (1, 1)): [336711, 69024, 32018, 14909, 6730, 2869, 1228, 448, 204, 70, 45, 19, 3, 6, 0, 1, 1]
(0, (0, 0, 0), (1, 2)): [234654, 41963, 19233, 8697, 3842, 1613, 691, 250, 114, 41, 14, 8, 5, 1, 1]
(0, (0, 0, 0), (2, 0)): [107257, 26782, 13684, 6413, 3153, 1310, 570, 258, 88, 39, 21, 8, 2, 3, 1]
(0, (0, 0, 0), (2, 1)): [171106, 38545, 18868, 8776, 4150, 1762, 711, 311, 125, 48, 28, 12, 2, 4, 0, 0, 1]
(0, (0, 0, 0), (2, 2)): [185075, 36224, 17125, 7917, 3551, 1463, 633, 243, 115, 39, 17, 5, 5, 2, 1, 0, 1]
(0, (0, 0, 0), (3, 0)): [30939, 8780, 5174, 2578, 1283, 535, 242, 106, 37, 19, 12, 3, 0, 2, 1]
(0, (0, 0, 0), (3, 1)): [64751, 17077, 9223, 4461, 2194, 957, 376, 191, 76, 29, 12, 10, 1, 4, 1]
(0, (0, 0, 0), (3, 2)): [96932, 22167, 11727, 5469, 2610, 1095, 450, 199, 91, 34, 12, 10, 4, 2, 1, 0, 1]
(0, (0, 0, 1), (0, 0)): [7958, 24760, 6771, 3316, 1603, 701, 305, 119, 51, 29, 18, 4, 4, 3]
(0, (0, 0, 1), (0, 1)): [1056, 3289, 884, 424, 201, 94, 37, 14, 9, 4, 4, 1, 0, 1]
(0, (0, 0, 1), (0, 2)): [471, 1229, 308, 146, 66, 35, 14, 5, 6, 0, 1]
(0, (0, 0, 1), (1, 0)): [1022, 3537, 1017, 558, 282, 126, 53, 17, 7, 4, 7]
(0, (0, 0, 1), (1, 1)): [959, 3008, 809, 414, 215, 100, 34, 13, 4, 7, 3, 1, 0, 1]
(0, (0, 0, 1), (1, 2)): [756, 1938, 492, 236, 112, 60, 17, 8, 4, 3, 2]
(0, (0, 0, 1), (2, 0)): [378, 1288, 410, 255, 115, 52, 22, 10, 4, 1, 5]
(0, (0, 0, 1), (2, 1)): [511, 1688, 503, 301, 141, 62, 31, 10, 5, 4, 2, 1]
(0, (0, 0, 1), (2, 2)): [683, 1746, 479, 237, 121, 58, 18, 5, 3, 3, 2]
(0, (0, 0, 1), (3, 0)): [128, 435, 133, 102, 44, 21, 9, 3, 1, 0, 3]
(0, (0, 0, 1), (3, 1)): [213, 746, 224, 186, 81, 31, 19, 4, 2, 2, 0, 1]
(0, (0, 0, 1), (3, 2)): [381, 1058, 294, 204, 109, 41, 16, 2, 3, 2, 1]
(0, (0, 1, 0), (0, 0)): [81805, 76778, 30236, 15022, 7142, 3095, 1348, 543, 234, 120, 42, 17, 7, 6, 3, 0, 1]
(0, (0, 1, 0), (0, 1)): [14864, 13084, 5210, 2502, 1173, 500, 234, 86, 37, 17, 5, 4, 1, 1, 1]
(0, (0, 1, 0), (0, 2)): [6093, 4535, 1819, 827, 400, 170, 86, 26, 15, 4, 0, 1, 1]
(0, (0, 1, 0), (1, 0)): [14138, 13535, 5660, 3071, 1427, 661, 278, 112, 50, 18, 10, 3, 2, 2, 1, 0, 1]
(0, (0, 1, 0), (1, 1)): [12796, 11285, 4626, 2366, 1101, 476, 209, 90, 27, 20, 8, 3, 0, 2, 1]
(0, (0, 1, 0), (1, 2)): [8995, 6950, 2887, 1384, 632, 272, 119, 58, 18, 7, 2, 3, 1, 0, 1]
(0, (0, 1, 0), (2, 0)): [5155, 4869, 2168, 1260, 572, 296, 112, 49, 22, 5, 2, 3, 2, 1, 0, 0, 1]
(0, (0, 1, 0), (2, 1)): [6947, 6301, 2699, 1414, 677, 315, 145, 53, 19, 15, 4, 1, 1, 1, 0, 0, 1]
(0, (0, 1, 0), (2, 2)): [7593, 5892, 2609, 1230, 578, 248, 116, 48, 19, 8, 3, 2, 1, 0, 1, 0, 1]
(0, (0, 1, 0), (3, 0)): [1798, 1441, 755, 519, 235, 129, 53, 24, 10, 2, 0, 1, 1]
(0, (0, 1, 0), (3, 1)): [3084, 2602, 1255, 823, 365, 180, 77, 34, 7, 5, 1, 1, 0, 1]
(0, (0, 1, 0), (3, 2)): [4463, 3405, 1665, 913, 424, 206, 107, 37, 9, 8, 2, 0, 0, 0, 1, 0, 1]
(0, (0, 1, 1), (0, 0)): [6447, 11409, 13511, 6301, 3318, 1615, 686, 296, 145, 62, 20, 13, 3, 4, 2, 0, 1, 1]
(0, (0, 1, 1), (0, 1)): [1136, 1954, 2176, 969, 526, 245, 115, 44, 17, 11, 3, 2, 1, 0, 0, 0, 1]
(0, (0, 1, 1), (0, 2)): [540, 744, 797, 361, 187, 95, 43, 22, 2, 4, 0, 1]
(0, (0, 1, 1), (1, 0)): [1060, 2027, 2443, 1216, 633, 344, 136, 53, 34, 9, 6, 5, 0, 1, 1]
(0, (0, 1, 1), (1, 1)): [922, 1696, 1989, 866, 480, 224, 94, 32, 18, 6, 6, 1, 1, 0, 0, 0, 1]
(0, (0, 1, 1), (1, 2)): [759, 1093, 1215, 523, 313, 146, 59, 23, 9, 2, 1, 1, 0, 0, 0, 0, 1]
(0, (0, 1, 1), (2, 0)): [435, 867, 914, 511, 296, 180, 63, 25, 22, 6, 2, 2, 0, 1, 1]
(0, (0, 1, 1), (2, 1)): [468, 923, 1082, 522, 243, 135, 54, 23, 11, 9, 4, 1, 1, 0, 1]
(0, (0, 1, 1), (2, 2)): [590, 947, 1038, 468, 257, 123, 48, 19, 8, 7, 2, 1, 0, 0, 0, 0, 1]
(0, (0, 1, 1), (3, 0)): [234, 408, 394, 251, 169, 92, 34, 9, 15, 1, 1, 2, 0, 1]
(0, (0, 1, 1), (3, 1)): [194, 374, 436, 231, 148, 80, 29, 12, 12, 3, 1, 1, 0, 0, 1]
(0, (0, 1, 1), (3, 2)): [343, 522, 593, 317, 164, 97, 42, 17, 12, 4, 3, 0, 0, 0, 0, 0, 1]
(0, (1, 0, 0), (0, 0)): [460337, 152282, 99421, 49442, 23721, 10651, 4454, 1878, 797, 347, 166, 68, 25, 17, 4, 1, 1, 1]
(0, (1, 0, 0), (0, 1)): [76198, 22551, 15545, 7589, 3611, 1610, 675, 258, 128, 46, 23, 11, 1, 3]
(0, (1, 0, 0), (0, 2)): [29355, 7513, 5290, 2413, 1121, 495, 232, 87, 37, 15, 8, 2]
(0, (1, 0, 0), (1, 0)): [65436, 22982, 16168, 8467, 4186, 1889, 791, 334, 134, 66, 39, 11, 2, 6, 2, 0, 1]
(0, (1, 0, 0), (1, 1)): [57836, 18218, 12696, 6460, 3025, 1423, 576, 233, 102, 45, 22, 10, 1, 4, 1]
(0, (1, 0, 0), (1, 2)): [38471, 10507, 7409, 3609, 1657, 754, 326, 126, 59, 20, 4, 4, 0, 0, 1]
(0, (1, 0, 0), (2, 0)): [20363, 7830, 5758, 3193, 1655, 742, 307, 132, 45, 33, 20, 3, 2, 3, 0, 0, 1]
(0, (1, 0, 0), (2, 1)): [27918, 9591, 6788, 3615, 1751, 829, 334, 143, 62, 35, 20, 6, 0, 6, 0, 0, 1]
(0, (1, 0, 0), (2, 2)): [27844, 8295, 5873, 2880, 1399, 598, 283, 107, 54, 25, 11, 3, 0, 3]
(0, (1, 0, 0), (3, 0)): [5248, 2462, 1879, 1260, 658, 295, 124, 50, 20, 14, 7, 1, 1]
(0, (1, 0, 0), (3, 1)): [10003, 4084, 2954, 1858, 914, 450, 182, 82, 31, 16, 11, 2, 1, 2]
(0, (1, 0, 0), (3, 2)): [13137, 4900, 3384, 1905, 940, 414, 196, 83, 40, 17, 8, 3, 0, 1]
(0, (1, 0, 1), (0, 0)): [10792, 33070, 13393, 9603, 5060, 2358, 1109, 445, 221, 94, 49, 20, 9, 3, 2, 0, 0, 1]
(0, (1, 0, 1), (0, 1)): [1827, 4831, 1971, 1481, 738, 354, 163, 53, 29, 13, 6, 1, 4, 1]
(0, (1, 0, 1), (0, 2)): [854, 1730, 699, 516, 243, 119, 51, 15, 7, 1, 2, 1, 2, 1]
(0, (1, 0, 1), (1, 0)): [1504, 5001, 2047, 1524, 856, 419, 175, 82, 47, 22, 15, 2, 0, 1, 1]
(0, (1, 0, 1), (1, 1)): [1396, 3856, 1631, 1170, 624, 274, 124, 55, 35, 15, 8, 1]
(0, (1, 0, 1), (1, 2)): [1132, 2293, 979, 675, 355, 151, 66, 28, 15, 5, 2, 1, 2]
(0, (1, 0, 1), (2, 0)): [503, 1688, 698, 539, 314, 181, 69, 30, 17, 12, 5, 1]
(0, (1, 0, 1), (2, 1)): [659, 1973, 858, 633, 332, 179, 73, 29, 22, 14, 6]
(0, (1, 0, 1), (2, 2)): [838, 1770, 789, 556, 286, 138, 63, 28, 10, 9, 3]
(0, (1, 0, 1), (3, 0)): [164, 524, 243, 149, 118, 76, 27, 10, 7, 2, 1, 1]
(0, (1, 0, 1), (3, 1)): [264, 696, 363, 262, 181, 94, 34, 16, 14, 8, 3]
(0, (1, 0, 1), (3, 2)): [409, 902, 478, 312, 206, 103, 42, 19, 14, 11, 5]
(0, (1, 1, 0), (0, 0)): [65854, 41543, 30680, 22418, 11925, 5610, 2403, 1096, 470, 207, 97, 39, 12, 6, 1, 0, 1]
(0, (1, 1, 0), (0, 1)): [12141, 6683, 4561, 3507, 1919, 840, 400, 163, 66, 25, 15, 6, 0, 1, 1, 0, 1]
(0, (1, 1, 0), (0, 2)): [5062, 2338, 1558, 1197, 655, 293, 125, 66, 26, 12, 4]
(0, (1, 1, 0), (1, 0)): [9539, 6183, 4671, 3658, 1922, 957, 407, 171, 78, 31, 17, 6, 3, 3]
(0, (1, 1, 0), (1, 1)): [8941, 5165, 3715, 2942, 1490, 696, 317, 123, 39, 17, 15, 2, 2, 2, 1, 0, 1]
(0, (1, 1, 0), (1, 2)): [6555, 3150, 2157, 1788, 892, 381, 175, 76, 29, 17, 5, 1, 0, 1, 0, 0, 1]
(0, (1, 1, 0), (2, 0)): [2804, 2076, 1597, 1237, 743, 386, 169, 71, 38, 13, 6, 4, 0, 1]
(0, (1, 1, 0), (2, 1)): [4143, 2615, 1980, 1519, 843, 394, 189, 73, 36, 10, 10, 3, 2, 0, 1]
(0, (1, 1, 0), (2, 2)): [4609, 2448, 1763, 1387, 727, 331, 151, 70, 26, 15, 6, 1, 0, 0, 0, 0, 1]
(0, (1, 1, 0), (3, 0)): [631, 674, 556, 422, 295, 156, 64, 28, 14, 6, 2, 2, 0, 1]
(0, (1, 1, 0), (3, 1)): [1423, 1107, 884, 699, 460, 249, 111, 34, 21, 8, 5, 1, 2, 0, 1]
(0, (1, 1, 0), (3, 2)): [2127, 1388, 1085, 871, 513, 252, 111, 54, 19, 9, 6, 0, 0, 0, 0, 0, 1]
(0, (1, 1, 1), (0, 0)): [6266, 12421, 9940, 7184, 5916, 2965, 1369, 641, 313, 128, 64, 24, 6, 4, 1, 0, 1]
(0, (1, 1, 1), (0, 1)): [1263, 2228, 1742, 1146, 977, 505, 220, 102, 60, 21, 8, 5, 2, 1]
(0, (1, 1, 1), (0, 2)): [678, 875, 629, 403, 350, 171, 68, 32, 19, 7, 5, 2, 1]
(0, (1, 1, 1), (1, 0)): [845, 1968, 1602, 1124, 972, 526, 227, 88, 54, 24, 10, 3, 0, 1, 0, 0, 1]
(0, (1, 1, 1), (1, 1)): [838, 1730, 1382, 902, 788, 438, 193, 92, 46, 18, 6, 3, 1, 1, 0, 0, 1]
(0, (1, 1, 1), (1, 2)): [779, 1203, 899, 564, 500, 237, 106, 50, 25, 9, 4, 3, 0, 1, 0, 0, 1]
(0, (1, 1, 1), (2, 0)): [241, 586, 542, 405, 365, 194, 75, 30, 17, 12, 4, 2, 0, 1]
(0, (1, 1, 1), (2, 1)): [385, 801, 699, 483, 400, 244, 93, 49, 32, 12, 3, 0, 1]
(0, (1, 1, 1), (2, 2)): [510, 879, 695, 454, 385, 208, 91, 49, 26, 12, 2, 1, 1]
(0, (1, 1, 1), (3, 0)): [46, 157, 149, 143, 110, 72, 36, 15, 4, 5, 3, 1, 0, 1]
(0, (1, 1, 1), (3, 1)): [109, 289, 284, 211, 176, 108, 54, 19, 9, 6, 2, 1, 0, 1]
(0, (1, 1, 1), (3, 2)): [189, 431, 390, 279, 250, 129, 76, 26, 17, 7, 2, 1, 1, 1]
(1, (0, 0, 0), (0, 0)): [1800733, 201895, 82678, 32847, 12944, 4897, 1921, 671, 239, 99, 35, 23, 8, 3, 0, 1]
(1, (0, 0, 0), (0, 1)): [333965, 35061, 14207, 5598, 2248, 821, 321, 119, 33, 11, 4, 5, 1, 1]
(1, (0, 0, 0), (0, 2)): [130044, 11586, 4687, 1706, 694, 249, 82, 30, 3, 4, 1, 3]
(1, (0, 0, 0), (1, 0)): [287760, 36738, 15441, 6270, 2561, 968, 378, 116, 44, 20, 5, 3, 0, 0, 0, 1]
(1, (0, 0, 0), (1, 1)): [283332, 32038, 13065, 5254, 2141, 756, 336, 111, 39, 11, 5, 2, 1, 1]
(1, (0, 0, 0), (1, 2)): [195468, 18574, 7485, 2879, 1203, 412, 168, 46, 15, 7, 1, 2, 1]
(1, (0, 0, 0), (2, 0)): [95476, 13707, 6172, 2624, 1079, 426, 158, 51, 15, 12, 2, 2, 0, 0, 0, 1]
(1, (0, 0, 0), (2, 1)): [148329, 18767, 8071, 3272, 1381, 511, 180, 77, 17, 14, 5, 2]
(1, (0, 0, 0), (2, 2)): [158539, 16699, 7058, 2866, 1158, 405, 146, 56, 20, 8, 1, 1]
(1, (0, 0, 0), (3, 0)): [28075, 4539, 2521, 1120, 434, 188, 86, 19, 11, 5, 1, 1, 0, 0, 0, 1]
(1, (0, 0, 0), (3, 1)): [58778, 8887, 4407, 1890, 805, 307, 113, 41, 11, 5, 3]
(1, (0, 0, 0), (3, 2)): [86453, 11030, 5323, 2218, 945, 333, 115, 49, 12, 7, 3]
(1, (0, 0, 1), (0, 0)): [48382, 69323, 13882, 6101, 2476, 1020, 397, 138, 70, 25, 14, 8, 4, 2]
(1, (0, 0, 1), (0, 1)): [7961, 9750, 1987, 808, 285, 135, 64, 16, 4, 1, 3, 1]
(1, (0, 0, 1), (0, 2)): [3508, 3215, 620, 243, 95, 41, 18, 2, 3, 0, 1, 1]
(1, (0, 0, 1), (1, 0)): [8320, 12268, 2604, 1310, 528, 222, 79, 26, 22, 5, 1, 1]
(1, (0, 0, 1), (1, 1)): [7266, 9273, 1909, 864, 321, 133, 56, 16, 7, 3, 1, 1]
(1, (0, 0, 1), (1, 2)): [5515, 5203, 1037, 453, 175, 73, 35, 5, 5, 1, 1, 2]
(1, (0, 0, 1), (2, 0)): [3435, 4992, 1159, 667, 270, 113, 46, 16, 12, 3, 1]
(1, (0, 0, 1), (2, 1)): [4127, 5503, 1193, 600, 229, 96, 31, 15, 7, 2, 1]
(1, (0, 0, 1), (2, 2)): [4799, 4773, 1025, 481, 171, 68, 37, 8, 3, 1, 2, 2]
(1, (0, 0, 1), (3, 0)): [1604, 2010, 529, 369, 148, 65, 24, 8, 4, 1, 1]
(1, (0, 0, 1), (3, 1)): [1807, 2395, 606, 334, 135, 62, 19, 11, 4, 2]
(1, (0, 0, 1), (3, 2)): [2890, 2956, 727, 388, 142, 67, 33, 10, 3, 0, 1]
(1, (0, 1, 0), (0, 0)): [243090, 105150, 38993, 17031, 6904, 2739, 970, 423, 125, 64, 32, 10, 10, 2, 1]
(1, (0, 1, 0), (0, 1)): [40980, 16036, 5960, 2499, 1025, 432, 147, 64, 16, 11, 6, 1, 1]
(1, (0, 1, 0), (0, 2)): [16196, 5592, 2009, 773, 311, 141, 44, 17, 6, 4, 1, 1, 1]
(1, (0, 1, 0), (1, 0)): [43478, 18315, 7358, 3684, 1489, 588, 224, 91, 35, 15, 6, 0, 0, 1]
(1, (0, 1, 0), (1, 1)): [36945, 14627, 5653, 2545, 1053, 410, 158, 54, 19, 6, 5, 0, 0, 1]
(1, (0, 1, 0), (1, 2)): [25033, 8835, 3229, 1358, 523, 214, 78, 36, 12, 7, 1, 1]
(1, (0, 1, 0), (2, 0)): [18116, 7389, 3204, 1877, 784, 306, 111, 56, 18, 10, 5]
(1, (0, 1, 0), (2, 1)): [21373, 8492, 3576, 1750, 756, 282, 111, 41, 14, 6, 3, 0, 0, 1]
(1, (0, 1, 0), (2, 2)): [21830, 7751, 3042, 1347, 541, 227, 79, 28, 10, 6, 2]
(1, (0, 1, 0), (3, 0)): [8067, 3006, 1407, 1019, 444, 174, 65, 30, 10, 6, 2]
(1, (0, 1, 0), (3, 1)): [9943, 3705, 1805, 1085, 479, 164, 76, 36, 14, 5, 2, 0, 0, 1]
(1, (0, 1, 0), (3, 2)): [13442, 4712, 2145, 1131, 495, 172, 72, 26, 6, 7, 2, 0, 0, 1]
(1, (0, 1, 1), (0, 0)): [37722, 31875, 27442, 11205, 5791, 2301, 927, 361, 160, 53, 16, 9, 3, 2, 0, 1]
(1, (0, 1, 1), (0, 1)): [5628, 4289, 3658, 1480, 673, 238, 121, 47, 13, 1, 3]
(1, (0, 1, 1), (0, 2)): [2657, 1388, 1298, 522, 245, 73, 41, 18, 2, 0, 3]
(1, (0, 1, 1), (1, 0)): [7105, 6461, 4888, 2188, 1327, 545, 222, 81, 34, 15, 1, 2, 1]
(1, (0, 1, 1), (1, 1)): [4812, 3919, 3215, 1315, 648, 231, 102, 37, 15, 6, 0, 1]
(1, (0, 1, 1), (1, 2)): [3936, 2238, 2007, 783, 396, 126, 60, 27, 5, 3, 2, 1]
(1, (0, 1, 1), (2, 0)): [3954, 3424, 2487, 1231, 878, 376, 157, 56, 25, 9, 1, 1]
(1, (0, 1, 1), (2, 1)): [2617, 2218, 1809, 817, 404, 169, 74, 18, 9, 3]
(1, (0, 1, 1), (2, 2)): [3283, 1965, 1742, 718, 356, 116, 56, 17, 5, 1, 1, 1]
(1, (0, 1, 1), (3, 0)): [2839, 2268, 1507, 844, 721, 302, 122, 49, 21, 7, 1, 1]
(1, (0, 1, 1), (3, 1)): [1133, 971, 791, 374, 227, 116, 41, 17, 8, 3]
(1, (0, 1, 1), (3, 2)): [1841, 1244, 992, 484, 287, 105, 42, 17, 7, 2, 0, 1]
(1, (1, 0, 0), (0, 0)): [669823, 117817, 78165, 33321, 13668, 5419, 2154, 767, 298, 130, 48, 32, 7, 3, 0, 2]
(1, (1, 0, 0), (0, 1)): [111292, 17499, 12007, 5085, 2037, 812, 331, 117, 32, 16, 9, 4, 1]
(1, (1, 0, 0), (0, 2)): [42406, 5747, 3887, 1568, 619, 277, 114, 33, 8, 4, 4]
(1, (1, 0, 0), (1, 0)): [102756, 19354, 13768, 6185, 2598, 1038, 430, 153, 47, 25, 8, 4, 2, 0, 0, 1]
(1, (1, 0, 0), (1, 1)): [89258, 15026, 10501, 4583, 1853, 715, 297, 109, 36, 16, 6, 6, 1, 0, 0, 1]
(1, (1, 0, 0), (1, 2)): [58703, 8549, 5927, 2478, 973, 369, 158, 59, 18, 5, 5, 1]
(1, (1, 0, 0), (2, 0)): [33520, 6874, 5083, 2534, 1090, 426, 186, 62, 23, 9, 3, 0, 1]
(1, (1, 0, 0), (2, 1)): [44724, 8236, 5854, 2838, 1136, 459, 187, 62, 22, 9, 5, 4, 1, 0, 0, 1]
(1, (1, 0, 0), (2, 2)): [44359, 7035, 4828, 2201, 869, 347, 146, 53, 13, 5, 3, 1, 1]
(1, (1, 0, 0), (3, 0)): [9463, 2270, 1605, 995, 463, 171, 86, 22, 8, 4, 1, 0, 1]
(1, (1, 0, 0), (3, 1)): [17190, 3837, 2639, 1528, 629, 241, 120, 29, 15, 5, 3, 1, 0, 0, 0, 1]
(1, (1, 0, 0), (3, 2)): [22195, 4481, 2919, 1580, 620, 252, 117, 32, 16, 6, 4, 2, 1, 0, 0, 1]
(1, (1, 0, 1), (0, 0)): [54627, 62050, 19886, 13621, 5909, 2423, 962, 365, 130, 76, 21, 9, 2, 1]
(1, (1, 0, 1), (0, 1)): [9648, 8764, 2801, 1965, 845, 346, 123, 35, 22, 8, 3, 1, 2]
(1, (1, 0, 1), (0, 2)): [4264, 2876, 950, 679, 292, 107, 46, 19, 9, 3, 2, 0, 1]
(1, (1, 0, 1), (1, 0)): [8448, 9458, 3194, 2320, 1085, 442, 172, 72, 24, 17, 0, 2]
(1, (1, 0, 1), (1, 1)): [7498, 7233, 2400, 1680, 691, 308, 109, 26, 13, 6, 0, 2, 1]
(1, (1, 0, 1), (1, 2)): [5558, 4068, 1416, 976, 395, 165, 55, 27, 9, 3, 2]
(1, (1, 0, 1), (2, 0)): [2909, 3125, 1150, 860, 453, 184, 73, 35, 8, 8, 0, 1]
(1, (1, 0, 1), (2, 1)): [3732, 3661, 1252, 922, 436, 175, 69, 21, 12, 6, 0, 3]
(1, (1, 0, 1), (2, 2)): [4100, 3100, 1161, 785, 369, 132, 57, 19, 10, 3, 1]
(1, (1, 0, 1), (3, 0)): [965, 1026, 406, 299, 185, 85, 27, 9, 1, 4]
(1, (1, 0, 1), (3, 1)): [1382, 1404, 583, 420, 219, 106, 30, 14, 2, 3, 0, 2]
(1, (1, 0, 1), (3, 2)): [2017, 1745, 732, 491, 280, 105, 37, 12, 7, 2, 0, 2]
(1, (1, 1, 0), (0, 0)): [189104, 57024, 37912, 27849, 11704, 4865, 1903, 762, 292, 122, 46, 25, 10, 5, 1]
(1, (1, 1, 0), (0, 1)): [34347, 9019, 5715, 4398, 1873, 757, 273, 118, 48, 17, 8, 4, 1]
(1, (1, 1, 0), (0, 2)): [13964, 3213, 1934, 1501, 620, 243, 72, 37, 14, 2, 2]
(1, (1, 1, 0), (1, 0)): [29173, 9430, 6322, 4913, 2116, 875, 399, 141, 37, 25, 11, 4, 2, 1]
(1, (1, 1, 0), (1, 1)): [26990, 7628, 5092, 3875, 1660, 657, 268, 114, 37, 23, 9, 4, 1]
(1, (1, 1, 0), (1, 2)): [19195, 4665, 2907, 2238, 950, 326, 117, 59, 21, 5, 6, 2, 1]
(1, (1, 1, 0), (2, 0)): [9296, 3506, 2223, 1753, 873, 385, 180, 59, 16, 11, 6, 2, 2, 1]
(1, (1, 1, 0), (2, 1)): [13312, 4210, 2859, 2191, 1005, 446, 191, 61, 24, 11, 7, 2, 1]
(1, (1, 1, 0), (2, 2)): [14456, 3850, 2471, 1894, 887, 339, 131, 54, 20, 7, 3, 2, 1]
(1, (1, 1, 0), (3, 0)): [2390, 1272, 804, 533, 352, 152, 72, 30, 4, 6, 1, 2, 1]
(1, (1, 1, 0), (3, 1)): [4851, 2064, 1383, 1009, 559, 251, 101, 38, 12, 8, 4, 2, 1]
(1, (1, 1, 0), (3, 2)): [7109, 2416, 1656, 1213, 659, 241, 97, 37, 16, 8, 2, 1, 1]
(1, (1, 1, 1), (0, 0)): [38744, 31026, 19360, 12560, 9660, 4101, 1682, 631, 260, 92, 30, 22, 9, 4, 1, 1]
(1, (1, 1, 1), (0, 1)): [7558, 5123, 3128, 2003, 1587, 639, 264, 96, 47, 11, 3, 1, 0, 1]
(1, (1, 1, 1), (0, 2)): [3640, 1787, 1124, 731, 547, 195, 91, 25, 10, 6, 2, 0, 0, 1]
(1, (1, 1, 1), (1, 0)): [5547, 5059, 3077, 1982, 1704, 740, 347, 119, 43, 15, 5, 7, 2]
(1, (1, 1, 1), (1, 1)): [5478, 4186, 2587, 1671, 1331, 550, 258, 93, 39, 8, 3, 3]
(1, (1, 1, 1), (1, 2)): [4476, 2449, 1615, 1040, 781, 328, 143, 49, 22, 7, 1, 3, 0, 1]
(1, (1, 1, 1), (2, 0)): [1460, 1705, 1077, 680, 619, 297, 139, 52, 16, 7, 2, 3, 1]
(1, (1, 1, 1), (2, 1)): [2369, 2232, 1347, 862, 707, 324, 151, 52, 21, 6, 3, 2]
(1, (1, 1, 1), (2, 2)): [3032, 2020, 1306, 840, 662, 282, 133, 45, 20, 10, 1, 3, 0, 1]
(1, (1, 1, 1), (3, 0)): [247, 530, 377, 235, 189, 102, 51, 22, 5, 3, 0, 1, 1]
(1, (1, 1, 1), (3, 1)): [614, 949, 623, 388, 322, 167, 65, 29, 13, 2, 2, 1, 1]
(1, (1, 1, 1), (3, 2)): [1168, 1193, 787, 503, 400, 203, 92, 34, 14, 4, 2, 1, 0, 1]
(2, (0, 0, 0), (0, 0)): [1572345, 74710, 24926, 7939, 2664, 839, 290, 99, 20, 8, 5, 0, 1]
(2, (0, 0, 0), (0, 1)): [289119, 12021, 4046, 1284, 477, 133, 48, 16, 3]
(2, (0, 0, 0), (0, 2)): [111463, 3274, 1129, 345, 136, 31, 3, 7]
(2, (0, 0, 0), (1, 0)): [260553, 15283, 5282, 1647, 569, 158, 64, 17, 7, 0, 0, 0, 1]
(2, (0, 0, 0), (1, 1)): [251558, 11996, 4145, 1286, 472, 142, 58, 12, 5]
(2, (0, 0, 0), (1, 2)): [169893, 5758, 2042, 646, 226, 65, 23, 8, 1]
(2, (0, 0, 0), (2, 0)): [90842, 6037, 2481, 738, 257, 68, 26, 7, 3, 0, 0, 0, 1]
(2, (0, 0, 0), (2, 1)): [137388, 7709, 2957, 855, 313, 87, 37, 10, 5]
(2, (0, 0, 0), (2, 2)): [143632, 5902, 2257, 676, 235, 69, 26, 7, 1]
(2, (0, 0, 0), (3, 0)): [28333, 2032, 1132, 344, 116, 36, 11, 4, 0, 0, 0, 0, 1]
(2, (0, 0, 0), (3, 1)): [57564, 3880, 1871, 585, 186, 53, 18, 7, 3]
(2, (0, 0, 0), (3, 2)): [83279, 4415, 2077, 623, 208, 66, 22, 7, 2]
(2, (0, 0, 1), (0, 0)): [147501, 42719, 9132, 3147, 1116, 382, 107, 35, 9, 6, 0, 2]
(2, (0, 0, 1), (0, 1)): [25385, 5960, 1325, 450, 146, 56, 13, 4, 1, 3]
(2, (0, 0, 1), (0, 2)): [10193, 1789, 398, 134, 42, 16, 4, 0, 0, 1]
(2, (0, 0, 1), (1, 0)): [28188, 7684, 1945, 753, 288, 88, 28, 10, 3, 1, 0, 1]
(2, (0, 0, 1), (1, 1)): [23636, 5807, 1313, 503, 174, 59, 13, 5, 1, 2]
(2, (0, 0, 1), (1, 2)): [16286, 3045, 644, 229, 90, 33, 8, 2, 0, 2]
(2, (0, 0, 1), (2, 0)): [12299, 3236, 953, 425, 167, 49, 16, 6, 2, 1, 0, 1]
(2, (0, 0, 1), (2, 1)): [14222, 3628, 967, 395, 143, 35, 11, 6, 0, 2]
(2, (0, 0, 1), (2, 2)): [14818, 3007, 749, 277, 103, 36, 7, 3]
(2, (0, 0, 1), (3, 0)): [5853, 1327, 468, 268, 96, 32, 11, 1, 2, 0, 0, 1]
(2, (0, 0, 1), (3, 1)): [6716, 1710, 542, 287, 94, 25, 10, 3, 0, 1]
(2, (0, 0, 1), (3, 2)): [9415, 2075, 608, 290, 105, 26, 9, 3, 0, 1]
(2, (0, 1, 0), (0, 0)): [389221, 80149, 22619, 8080, 2737, 883, 275, 80, 20, 13, 7, 0, 1]
(2, (0, 1, 0), (0, 1)): [65855, 11476, 3238, 1046, 394, 107, 35, 9, 5, 3, 1]
(2, (0, 1, 0), (0, 2)): [26323, 3422, 971, 294, 102, 22, 9, 2, 2, 1]
(2, (0, 1, 0), (1, 0)): [73988, 14599, 4893, 2055, 672, 213, 78, 24, 1, 2, 0, 0, 1]
(2, (0, 1, 0), (1, 1)): [60803, 11087, 3288, 1163, 426, 115, 49, 13, 3, 2, 1]
(2, (0, 1, 0), (1, 2)): [41556, 5829, 1604, 577, 194, 41, 25, 7, 0, 1]
(2, (0, 1, 0), (2, 0)): [33163, 6202, 2357, 1227, 412, 131, 38, 14, 1, 2, 0, 0, 1]
(2, (0, 1, 0), (2, 1)): [36083, 6847, 2273, 878, 320, 92, 28, 6, 2, 2, 1, 0, 1]
(2, (0, 1, 0), (2, 2)): [37313, 5640, 1674, 662, 230, 57, 31, 8, 0, 2]
(2, (0, 1, 0), (3, 0)): [16841, 2677, 1184, 822, 268, 84, 27, 13, 1, 2]
(2, (0, 1, 0), (3, 1)): [16780, 3185, 1251, 635, 227, 65, 20, 6, 2, 1, 1, 0, 1]
(2, (0, 1, 0), (3, 2)): [23451, 3751, 1331, 693, 230, 60, 36, 8, 0, 1, 0, 0, 1]
(2, (0, 1, 1), (0, 0)): [89932, 7525, 18704, 5439, 2169, 712, 236, 74, 24, 7, 5, 1, 0, 1]
(2, (0, 1, 1), (0, 1)): [15505, 992, 2650, 773, 270, 96, 23, 9, 1, 2]
(2, (0, 1, 1), (0, 2)): [6656, 341, 819, 242, 92, 27, 7, 2, 0, 2]
(2, (0, 1, 1), (1, 0)): [17763, 1679, 3406, 1226, 576, 197, 66, 19, 5, 0, 3]
(2, (0, 1, 1), (1, 1)): [13950, 965, 2503, 783, 294, 112, 26, 11, 4, 0, 1]
(2, (0, 1, 1), (1, 2)): [10478, 572, 1419, 415, 162, 54, 9, 4, 1, 2, 1]
(2, (0, 1, 1), (2, 0)): [8573, 950, 1558, 642, 379, 121, 43, 13, 1, 0, 2]
(2, (0, 1, 1), (2, 1)): [8228, 641, 1545, 517, 248, 78, 22, 7, 3, 0, 1]
(2, (0, 1, 1), (2, 2)): [9339, 605, 1323, 452, 175, 67, 11, 4, 3, 1]
(2, (0, 1, 1), (3, 0)): [4987, 650, 796, 381, 256, 94, 27, 11, 0, 0, 1]
(2, (0, 1, 1), (3, 1)): [3873, 359, 717, 274, 164, 52, 18, 8, 1, 0, 1]
(2, (0, 1, 1), (3, 2)): [5901, 478, 922, 341, 168, 68, 12, 7, 4, 1]
(2, (1, 0, 0), (0, 0)): [810566, 58680, 39841, 12682, 4207, 1323, 514, 149, 38, 15, 7, 1, 1]
(2, (1, 0, 0), (0, 1)): [134122, 8282, 5680, 1830, 628, 203, 84, 32, 10, 1, 0, 1]
(2, (1, 0, 0), (0, 2)): [50947, 2266, 1500, 516, 167, 45, 25, 9, 4]
(2, (1, 0, 0), (1, 0)): [127147, 10561, 7602, 2615, 903, 255, 110, 27, 8, 2, 0, 0, 1]
(2, (1, 0, 0), (1, 1)): [110873, 7526, 5304, 1778, 604, 181, 74, 23, 7, 1]
(2, (1, 0, 0), (1, 2)): [72624, 3665, 2422, 884, 282, 74, 31, 10, 4]
(2, (1, 0, 0), (2, 0)): [42764, 4115, 2855, 1174, 410, 123, 49, 17, 6, 2, 0, 0, 1]
(2, (1, 0, 0), (2, 1)): [57682, 4552, 3255, 1197, 403, 123, 53, 13, 5, 0, 0, 0, 1]
(2, (1, 0, 0), (2, 2)): [56753, 3525, 2269, 867, 288, 83, 39, 9, 4]
(2, (1, 0, 0), (3, 0)): [12645, 1532, 913, 531, 182, 55, 20, 9, 3, 2]
(2, (1, 0, 0), (3, 1)): [23259, 2394, 1579, 766, 229, 72, 29, 8, 3, 1, 0, 0, 1]
(2, (1, 0, 0), (3, 2)): [30080, 2604, 1608, 761, 240, 82, 29, 13, 1, 1, 0, 0, 1]
(2, (1, 0, 1), (0, 0)): [143568, 33389, 13227, 8480, 2807, 920, 310, 89, 32, 11, 2, 4, 2]
(2, (1, 0, 1), (0, 1)): [25595, 4921, 1831, 1245, 433, 145, 53, 8, 4, 2, 1, 1, 1]
(2, (1, 0, 1), (0, 2)): [10379, 1467, 534, 334, 128, 34, 12, 2, 1, 1]
(2, (1, 0, 1), (1, 0)): [24365, 5397, 2508, 1740, 638, 183, 61, 16, 3, 2, 0, 1]
(2, (1, 0, 1), (1, 1)): [21353, 4245, 1804, 1199, 455, 140, 49, 11, 3, 2, 1, 2, 1]
(2, (1, 0, 1), (1, 2)): [14736, 2223, 918, 556, 223, 71, 27, 5, 3, 1, 0, 1]
(2, (1, 0, 1), (2, 0)): [8763, 1890, 1032, 691, 279, 86, 28, 9, 3]
(2, (1, 0, 1), (2, 1)): [11470, 2313, 1127, 718, 323, 98, 28, 9, 0, 1, 0, 1]
(2, (1, 0, 1), (2, 2)): [11537, 1770, 859, 526, 208, 80, 28, 6, 3, 0, 0, 1]
(2, (1, 0, 1), (3, 0)): [2968, 580, 425, 265, 121, 37, 17, 3, 3]
(2, (1, 0, 1), (3, 1)): [4943, 939, 593, 360, 207, 44, 24, 4, 3, 1]
(2, (1, 0, 1), (3, 2)): [6459, 944, 667, 381, 199, 65, 19, 6, 5]
(2, (1, 1, 0), (0, 0)): [321475, 48308, 24427, 17240, 5626, 1798, 617, 206, 65, 28, 10, 3, 2, 1]
(2, (1, 1, 0), (0, 1)): [57276, 7190, 3501, 2572, 791, 248, 90, 34, 5, 4, 2, 1, 1]
(2, (1, 1, 0), (0, 2)): [23708, 2130, 1056, 724, 243, 69, 23, 13, 2, 1]
(2, (1, 1, 0), (1, 0)): [51147, 7816, 4396, 3304, 1220, 354, 130, 38, 17, 5, 1, 1]
(2, (1, 1, 0), (1, 1)): [47555, 6401, 3321, 2470, 765, 251, 80, 31, 9, 5, 2, 2, 1]
(2, (1, 1, 0), (1, 2)): [34115, 3341, 1753, 1182, 375, 128, 31, 17, 6, 1, 1, 1]
(2, (1, 1, 0), (2, 0)): [17551, 2748, 1778, 1281, 619, 167, 65, 17, 8, 3]
(2, (1, 1, 0), (2, 1)): [24946, 3499, 2067, 1525, 595, 155, 65, 22, 6, 4, 0, 0, 1]
(2, (1, 1, 0), (2, 2)): [27113, 2899, 1690, 1150, 430, 120, 43, 17, 10, 1, 1, 1]
(2, (1, 1, 0), (3, 0)): [5600, 855, 723, 431, 300, 91, 28, 7, 5, 2]
(2, (1, 1, 0), (3, 1)): [10554, 1503, 1168, 765, 414, 112, 41, 9, 4, 2, 0, 0, 1]
(2, (1, 1, 0), (3, 2)): [15055, 1780, 1390, 852, 434, 102, 39, 13, 7, 1, 1]
(2, (1, 1, 1), (0, 0)): [95361, 13857, 15795, 7911, 6030, 1875, 631, 214, 73, 17, 10, 4, 1, 1]
(2, (1, 1, 1), (0, 1)): [18993, 1986, 2475, 1247, 964, 297, 103, 30, 16, 3, 3, 0, 1]
(2, (1, 1, 1), (0, 2)): [8378, 635, 732, 385, 259, 81, 33, 6, 4, 1, 2]
(2, (1, 1, 1), (1, 0)): [14475, 3189, 2735, 1520, 1222, 390, 127, 45, 14, 4, 1, 2]
(2, (1, 1, 1), (1, 1)): [14936, 2077, 2261, 1205, 932, 292, 93, 28, 13, 3, 1, 0, 1]
(2, (1, 1, 1), (1, 2)): [11632, 1099, 1197, 594, 456, 157, 49, 13, 4, 2, 2]
(2, (1, 1, 1), (2, 0)): [4035, 1832, 946, 606, 488, 163, 54, 20, 5, 3, 0, 2]
(2, (1, 1, 1), (2, 1)): [6750, 1697, 1271, 782, 600, 206, 61, 14, 8, 2, 0, 0, 1]
(2, (1, 1, 1), (2, 2)): [8281, 1279, 1065, 615, 458, 171, 50, 11, 5, 4, 2]
(2, (1, 1, 1), (3, 0)): [672, 1120, 269, 258, 149, 76, 30, 13, 2, 3, 0, 1]
(2, (1, 1, 1), (3, 1)): [1922, 1410, 502, 433, 313, 117, 42, 10, 4, 3, 0, 1]
(2, (1, 1, 1), (3, 2)): [3514, 1442, 659, 551, 346, 147, 47, 11, 4, 3, 2]
