(0, (0, 0, 0), (0, 0)): [1223948, 244185, 112645, 51167, 22662, 9736, 3992, 1690, 670, 306, 125, 62, 27, 10, 3, 1, 0, 1]
(0, (0, 0, 0), (0, 1)): [20045, 3626, 1745, 769, 344, 138, 50, 26, 6, 5, 1, 0, 2, 1, 0, 1]
(0, (0, 0, 0), (0, 2)): [7369, 1160, 563, 244, 105, 31, 19, 10, 2, 1, 0, 0, 1]
(0, (0, 0, 0), (1, 0)): [18898, 4069, 2046, 911, 439, 185, 83, 31, 14, 5, 3]
(0, (0, 0, 0), (1, 1)): [17120, 3257, 1627, 732, 355, 140, 48, 24, 7, 3, 3, 0, 1, 1, 0, 1]
(0, (0, 0, 0), (1, 2)): [11146, 1855, 886, 381, 200, 75, 25, 11, 5, 2, 0, 0, 2]
(0, (0, 0, 0), (2, 0)): [6381, 1541, 805, 395, 180, 85, 39, 14, 6, 2, 1]
(0, (0, 0, 0), (2, 1)): [9181, 1937, 1023, 478, 228, 92, 39, 20, 5, 1, 1, 0, 0, 1]
(0, (0, 0, 0), (2, 2)): [8836, 1612, 823, 367, 186, 78, 22, 11, 5, 3, 1, 0, 2]
(0, (0, 0, 0), (3, 0)): [2136, 562, 335, 183, 77, 44, 17, 6, 3, 0, 1]
(0, (0, 0, 0), (3, 1)): [3803, 955, 557, 292, 120, 57, 22, 14, 4]
(0, (0, 0, 0), (3, 2)): [5160, 1086, 650, 309, 148, 60, 17, 10, 5, 2, 0, 0, 2]
(0, (0, 0, 1), (0, 0)): [5087, 15154, 4113, 1953, 943, 402, 176, 83, 34, 19, 6, 1, 2, 2]
(0, (0, 0, 1), (0, 1)): [83, 208, 69, 22, 14, 6, 2, 1, 0, 1, 0, 0, 0, 1]
(0, (0, 0, 1), (1, 1)): [70, 148, 54, 20, 15, 7, 1, 1, 0, 1, 0, 0, 0, 1]
(0, (0, 1, 0), (0, 0)): [43069, 39565, 15481, 7443, 3565, 1547, 652, 288, 115, 67, 22, 6, 3, 2, 1]
(0, (0, 1, 0), (0, 1)): [648, 538, 210, 94, 36, 22, 8, 6, 2]
(0, (0, 1, 0), (0, 2)): [259, 168, 76, 26, 9, 10, 3, 1, 1]
(0, (0, 1, 0), (1, 0)): [638, 558, 224, 116, 57, 28, 11, 2, 1]
(0, (0, 1, 0), (1, 1)): [544, 459, 180, 91, 36, 14, 7, 5]
(0, (0, 1, 0), (1, 2)): [363, 282, 106, 52, 19, 11, 3, 3, 1]
(0, (0, 1, 0), (2, 0)): [230, 209, 79, 42, 23, 18, 4, 0, 1]
(0, (0, 1, 0), (2, 1)): [280, 245, 97, 49, 19, 16, 5, 3]
(0, (0, 1, 0), (3, 0)): [89, 74, 36, 26, 15, 6, 2, 0, 1]
(0, (0, 1, 0), (3, 1)): [117, 108, 51, 29, 19, 8, 1, 1]
(0, (0, 1, 0), (3, 2)): [179, 132, 66, 32, 18, 6, 5]
(0, (0, 1, 1), (0, 0)): [3634, 6113, 7301, 3408, 1816, 842, 359, 169, 79, 37, 9, 6, 1, 2, 1, 0, 0, 1]
(0, (0, 1, 1), (0, 1)): [51, 74, 104, 43, 24, 9, 5, 3]
(0, (0, 1, 1), (1, 0)): [67, 114, 144, 72, 44, 17, 5, 5, 4, 0, 0, 1]
(0, (0, 1, 1), (1, 1)): [38, 70, 89, 44, 24, 6, 3, 2, 1]
(0, (0, 1, 1), (2, 0)): [43, 64, 72, 37, 23, 13, 3, 4, 3, 0, 0, 1]
(0, (0, 1, 1), (2, 1)): [29, 52, 65, 31, 15, 4, 2, 4, 2]
(0, (1, 0, 0), (0, 0)): [262129, 87239, 55276, 27289, 12943, 5809, 2427, 1056, 439, 201, 85, 39, 19, 4, 2, 1, 0, 1]
(0, (1, 0, 0), (0, 1)): [4235, 1153, 832, 388, 199, 87, 31, 15, 6]
(0, (1, 0, 0), (0, 2)): [1630, 346, 271, 110, 57, 22, 13, 2, 5]
(0, (1, 0, 0), (1, 0)): [3724, 1236, 903, 434, 217, 81, 43, 15, 7, 6, 2]
(0, (1, 0, 0), (1, 1)): [3148, 941, 696, 327, 160, 59, 24, 15, 5, 4]
(0, (1, 0, 0), (1, 2)): [2035, 511, 395, 171, 82, 27, 17, 8, 3, 2]
(0, (1, 0, 0), (2, 0)): [1171, 410, 299, 172, 90, 40, 13, 6, 3, 2, 2]
(0, (1, 0, 0), (2, 1)): [1521, 470, 360, 190, 94, 42, 14, 6, 4, 3]
(0, (1, 0, 0), (2, 2)): [1415, 379, 289, 139, 71, 26, 15, 8, 3, 3]
(0, (1, 0, 0), (3, 0)): [344, 151, 115, 76, 46, 13, 4, 4, 0, 1, 1]
(0, (1, 0, 0), (3, 1)): [585, 208, 162, 103, 62, 18, 5, 2, 3, 1, 1]
(0, (1, 0, 0), (3, 2)): [713, 234, 178, 98, 67, 19, 7, 6, 2, 3]
(0, (1, 0, 1), (0, 0)): [6261, 19083, 7705, 5352, 2789, 1278, 624, 256, 126, 53, 24, 12, 5, 1, 1, 0, 0, 1]
(0, (1, 0, 1), (1, 0)): [86, 281, 107, 85, 39, 18, 2, 3, 4, 1, 1]
(0, (1, 0, 1), (1, 1)): [76, 198, 75, 52, 29, 12, 6, 1, 2, 0, 1]
(0, (1, 1, 0), (0, 0)): [35895, 22963, 17218, 12286, 6513, 3090, 1310, 632, 257, 117, 54, 24, 9, 1]
(0, (1, 1, 0), (0, 1)): [605, 331, 230, 177, 101, 36, 16, 11, 3, 0, 1]
(0, (1, 1, 0), (1, 0)): [493, 303, 249, 181, 98, 50, 19, 11, 1, 3]
(0, (1, 1, 0), (1, 1)): [401, 226, 182, 134, 62, 32, 15, 9, 2, 1, 1]
(0, (1, 1, 0), (1, 2)): [283, 127, 99, 78, 42, 16, 6, 10, 1, 1]
(0, (1, 1, 0), (2, 0)): [145, 100, 80, 65, 38, 20, 6, 4, 1, 1]
(0, (1, 1, 0), (2, 1)): [196, 122, 83, 77, 40, 19, 9, 5, 1, 1]
(0, (1, 1, 0), (2, 2)): [197, 104, 76, 59, 31, 17, 3, 7, 1, 2]
(0, (1, 1, 0), (3, 0)): [35, 34, 30, 23, 15, 7, 3, 1, 1]
(0, (1, 1, 0), (3, 1)): [73, 51, 40, 39, 18, 11, 8, 2, 2]
(0, (1, 1, 1), (0, 0)): [3519, 6635, 5435, 4092, 3230, 1621, 747, 373, 160, 67, 35, 13, 3, 1, 1]
(0, (1, 1, 1), (0, 1)): [76, 97, 90, 58, 38, 25, 8, 5, 4, 2, 1, 1]
(0, (1, 1, 1), (0, 2)): [36, 43, 28, 17, 19, 6, 2, 1, 3, 0, 0, 1]
(0, (1, 1, 1), (1, 2)): [46, 60, 48, 25, 16, 13, 3, 2, 4, 0, 0, 1]
(1, (0, 0, 0), (0, 0)): [991433, 107680, 44208, 17452, 6723, 2581, 996, 374, 141, 57, 24, 15, 6, 3, 0, 1]
(1, (0, 0, 0), (0, 1)): [16238, 1615, 712, 263, 94, 26, 13, 7, 1, 0, 0, 0, 0, 1]
(1, (0, 0, 0), (0, 2)): [5998, 489, 210, 73, 26, 7, 2, 1]
(1, (0, 0, 0), (1, 0)): [15897, 1984, 852, 325, 142, 50, 23, 8, 0, 1, 0, 0, 0, 0, 0, 1]
(1, (0, 0, 0), (1, 1)): [14066, 1533, 638, 237, 101, 39, 19, 6, 1, 1, 0, 0, 0, 1]
(1, (0, 0, 0), (1, 2)): [8956, 786, 312, 131, 57, 24, 10, 2]
(1, (0, 0, 0), (2, 0)): [5601, 786, 377, 134, 58, 21, 9, 5, 0, 0, 0, 0, 0, 0, 0, 1]
(1, (0, 0, 0), (2, 1)): [7853, 958, 411, 146, 69, 21, 10, 6, 0, 1]
(1, (0, 0, 0), (2, 2)): [7419, 728, 322, 120, 54, 28, 12, 4]
(1, (0, 0, 0), (3, 0)): [1823, 288, 181, 64, 28, 9, 5, 1, 0, 0, 0, 0, 0, 0, 0, 1]
(1, (0, 0, 0), (3, 1)): [3345, 520, 263, 94, 50, 8, 4, 3]
(1, (0, 0, 0), (3, 2)): [4288, 532, 270, 93, 49, 17, 11, 3]
(1, (0, 0, 1), (0, 0)): [26898, 38283, 7545, 3198, 1327, 545, 208, 86, 40, 12, 9, 4, 3, 1]
(1, (0, 0, 1), (0, 1)): [404, 424, 101, 33, 14, 7, 5]
(1, (0, 0, 1), (1, 0)): [435, 604, 122, 62, 27, 12, 5, 3, 1]
(1, (0, 0, 1), (1, 1)): [371, 418, 83, 35, 18, 6, 2, 2]
(1, (0, 0, 1), (1, 2)): [273, 225, 35, 13, 11, 2, 2]
(1, (0, 0, 1), (2, 0)): [187, 254, 53, 31, 13, 7, 5, 1, 1]
(1, (0, 0, 1), (2, 1)): [180, 254, 47, 21, 9, 7, 5, 2]
(1, (0, 0, 1), (2, 2)): [198, 187, 35, 15, 7, 2, 1]
(1, (0, 0, 1), (3, 0)): [87, 104, 31, 22, 8, 3, 2, 1, 1]
(1, (0, 0, 1), (3, 1)): [103, 131, 20, 14, 4, 3, 3, 2]
(1, (0, 0, 1), (3, 2)): [127, 118, 28, 12, 6, 2, 3]
(1, (0, 1, 0), (0, 0)): [133219, 59138, 21338, 9067, 3671, 1437, 495, 238, 62, 34, 19, 8, 8, 2, 1]
(1, (0, 1, 0), (0, 1)): [1925, 743, 278, 114, 35, 14, 5, 2, 1]
(1, (0, 1, 0), (0, 2)): [753, 265, 85, 26, 9, 5, 2]
(1, (0, 1, 0), (1, 0)): [2281, 1013, 361, 207, 86, 28, 11, 4, 0, 0, 1, 0, 0, 1]
(1, (0, 1, 0), (1, 1)): [1682, 638, 264, 119, 42, 15, 6, 3, 1, 0, 0, 0, 0, 1]
(1, (0, 1, 0), (1, 2)): [1092, 391, 158, 49, 15, 6, 5, 2]
(1, (0, 1, 0), (2, 0)): [1016, 464, 161, 109, 45, 16, 8, 3, 0, 0, 1]
(1, (0, 1, 0), (2, 1)): [913, 394, 132, 82, 36, 12, 6, 2, 0, 0, 1, 0, 0, 1]
(1, (0, 1, 0), (2, 2)): [871, 345, 133, 43, 24, 5, 3, 1]
(1, (0, 1, 0), (3, 0)): [559, 214, 69, 74, 31, 9, 5, 2]
(1, (0, 1, 0), (3, 1)): [482, 177, 62, 54, 22, 8, 3, 1, 0, 0, 0, 0, 0, 1]
(1, (0, 1, 0), (3, 2)): [516, 199, 86, 48, 25, 0, 4, 1, 0, 0, 0, 0, 0, 1]
(1, (0, 1, 1), (0, 0)): [21565, 17434, 15669, 6259, 3251, 1288, 503, 207, 100, 27, 9, 6, 2, 2, 0, 1]
(1, (0, 1, 1), (0, 1)): [263, 183, 144, 70, 29, 16, 7, 2]
(1, (0, 1, 1), (1, 0)): [463, 374, 275, 132, 92, 32, 13, 8, 3, 1]
(1, (0, 1, 1), (1, 1)): [214, 162, 144, 59, 30, 8, 5, 4]
(1, (0, 1, 1), (1, 2)): [170, 90, 80, 37, 15, 6, 3]
(1, (0, 1, 1), (2, 0)): [309, 246, 161, 90, 73, 29, 11, 6, 3, 1]
(1, (0, 1, 1), (2, 1)): [128, 108, 82, 36, 15, 8, 7, 2]
(1, (0, 1, 1), (2, 2)): [124, 90, 75, 34, 19, 3, 2, 2]
(1, (0, 1, 1), (3, 0)): [254, 194, 123, 69, 64, 25, 7, 6, 3, 1]
(1, (0, 1, 1), (3, 1)): [61, 45, 36, 19, 6, 7, 5]
(1, (0, 1, 1), (3, 2)): [77, 60, 39, 20, 12, 4, 1, 1]
(1, (1, 0, 0), (0, 0)): [378990, 67057, 43019, 18235, 7339, 2903, 1165, 415, 182, 75, 28, 20, 4, 3, 0, 2]
(1, (1, 0, 0), (0, 1)): [6068, 840, 640, 269, 102, 34, 15, 3, 1, 2]
(1, (1, 0, 0), (0, 2)): [2215, 262, 230, 80, 29, 9, 6, 1, 0, 2]
(1, (1, 0, 0), (1, 0)): [5833, 1057, 759, 337, 144, 46, 25, 10, 1, 2, 0, 0, 1, 0, 0, 1]
(1, (1, 0, 0), (1, 1)): [4857, 708, 548, 226, 87, 31, 16, 7, 1, 0, 0, 0, 0, 0, 0, 1]
(1, (1, 0, 0), (1, 2)): [3013, 375, 315, 114, 46, 15, 6, 5, 0, 1]
(1, (1, 0, 0), (2, 0)): [1910, 397, 294, 150, 59, 24, 10, 0, 1, 2, 0, 0, 1]
(1, (1, 0, 0), (2, 1)): [2500, 425, 337, 144, 61, 17, 12, 2, 2, 0, 0, 0, 0, 0, 0, 1]
(1, (1, 0, 0), (2, 2)): [2278, 320, 283, 104, 41, 10, 6, 3, 1, 1]
(1, (1, 0, 0), (3, 0)): [579, 140, 100, 66, 26, 11, 4, 0, 0, 2, 0, 0, 1]
(1, (1, 0, 0), (3, 1)): [966, 230, 161, 90, 33, 13, 6, 1, 0, 1, 0, 0, 0, 0, 0, 1]
(1, (1, 0, 0), (3, 2)): [1167, 222, 170, 83, 30, 12, 5, 1, 1, 1, 0, 0, 0, 0, 0, 1]
(1, (1, 0, 1), (0, 0)): [30357, 35725, 11369, 7611, 3204, 1328, 539, 210, 72, 48, 12, 5, 0, 1]
(1, (1, 0, 1), (0, 1)): [498, 437, 128, 109, 45, 17, 9, 2, 3, 2]
(1, (1, 0, 1), (1, 0)): [481, 536, 173, 124, 66, 20, 8, 1, 0, 2]
(1, (1, 0, 1), (1, 1)): [384, 362, 110, 91, 47, 7, 8, 1, 2]
(1, (1, 0, 1), (1, 2)): [283, 195, 64, 53, 17, 6, 6, 1, 0, 1]
(1, (1, 0, 1), (2, 0)): [184, 183, 58, 40, 25, 12, 2, 1, 0, 1]
(1, (1, 0, 1), (2, 1)): [182, 188, 61, 46, 28, 7, 5, 0, 2]
(1, (1, 0, 1), (2, 2)): [187, 150, 53, 30, 18, 4, 6, 0, 1]
(1, (1, 0, 1), (3, 2)): [90, 82, 33, 21, 17, 7, 4, 0, 1]
(1, (1, 1, 0), (0, 0)): [104113, 32259, 21575, 15240, 6410, 2663, 1047, 419, 175, 67, 23, 14, 8, 5, 1]
(1, (1, 1, 0), (0, 1)): [1720, 454, 279, 218, 84, 32, 19, 5, 2]
(1, (1, 1, 0), (0, 2)): [695, 173, 90, 77, 25, 8, 5, 0, 1]
(1, (1, 1, 0), (1, 0)): [1551, 526, 369, 277, 116, 42, 25, 10, 1, 3, 0, 0, 2, 1]
(1, (1, 1, 0), (1, 1)): [1268, 366, 261, 181, 80, 31, 18, 8, 0, 2]
(1, (1, 1, 0), (1, 2)): [924, 226, 145, 113, 41, 15, 8, 2]
(1, (1, 1, 0), (2, 0)): [552, 191, 122, 110, 46, 16, 8, 2, 1, 1, 0, 0, 2, 1]
(1, (1, 1, 0), (2, 1)): [650, 222, 155, 106, 44, 18, 11, 3, 0, 1, 0, 0, 1]
(1, (1, 1, 0), (2, 2)): [670, 178, 106, 80, 40, 14, 6, 1]
(1, (1, 1, 0), (3, 0)): [153, 76, 36, 38, 25, 11, 4, 2, 1, 1, 0, 0, 1]
(1, (1, 1, 0), (3, 1)): [282, 110, 69, 60, 29, 11, 9, 3, 0, 2, 0, 0, 1]
(1, (1, 1, 0), (3, 2)): [360, 113, 72, 48, 31, 15, 9, 4, 0, 2, 0, 0, 1]
(1, (1, 1, 1), (0, 0)): [21412, 16906, 10866, 7075, 5128, 2189, 886, 330, 139, 52, 19, 15, 7, 3, 1, 1]
(1, (1, 1, 1), (0, 1)): [411, 261, 164, 108, 84, 31, 17, 4, 3]
(1, (1, 1, 1), (0, 2)): [208, 93, 61, 33, 33, 8, 9]
(1, (1, 1, 1), (1, 0)): [361, 276, 187, 123, 94, 42, 17, 8, 2, 2, 0, 1, 1]
(1, (1, 1, 1), (1, 1)): [297, 194, 134, 100, 76, 30, 7, 5, 1]
(1, (1, 1, 1), (1, 2)): [228, 105, 89, 56, 40, 21, 7, 1]
(1, (1, 1, 1), (2, 0)): [115, 107, 77, 49, 31, 19, 11, 4, 1, 1, 0, 1, 1]
(1, (1, 1, 1), (2, 1)): [151, 126, 80, 61, 44, 14, 10, 4, 1, 1, 0, 1]
(1, (1, 1, 1), (2, 2)): [160, 92, 70, 63, 37, 15, 7, 1]
(1, (1, 1, 1), (3, 0)): [25, 39, 27, 22, 11, 11, 4, 1, 1, 0, 0, 0, 1]
(1, (1, 1, 1), (3, 1)): [43, 66, 33, 29, 22, 10, 5, 3, 0, 0, 0, 0, 1]
(1, (1, 1, 1), (3, 2)): [81, 59, 37, 38, 24, 12, 3, 2]
(2, (0, 0, 0), (0, 0)): [858710, 38756, 13077, 4184, 1367, 463, 156, 49, 9, 5, 4, 0, 1]
(2, (0, 0, 0), (0, 1)): [14019, 598, 203, 53, 27, 6, 6, 1]
(2, (0, 0, 0), (0, 2)): [5064, 158, 41, 16, 6, 1, 1, 1]
(2, (0, 0, 0), (1, 0)): [14464, 834, 280, 82, 34, 11, 3, 0, 0, 0, 0, 0, 1]
(2, (0, 0, 0), (1, 1)): [12536, 630, 213, 45, 28, 6, 6]
(2, (0, 0, 0), (1, 2)): [7902, 283, 91, 26, 14, 4, 3]
(2, (0, 0, 0), (2, 0)): [5388, 324, 134, 49, 17, 6, 1, 0, 0, 0, 0, 0, 1]
(2, (0, 0, 0), (2, 1)): [7310, 391, 140, 44, 9, 4, 3]
(2, (0, 0, 0), (2, 2)): [6684, 289, 102, 29, 12, 5, 1]
(2, (0, 0, 0), (3, 0)): [1874, 127, 75, 25, 13, 3, 1, 0, 0, 0, 0, 0, 1]
(2, (0, 0, 0), (3, 1)): [3406, 198, 103, 34, 12, 5, 2]
(2, (0, 0, 0), (3, 2)): [4227, 221, 105, 26, 10, 5]
(2, (0, 0, 1), (0, 0)): [78288, 23965, 4787, 1617, 586, 203, 57, 17, 3, 2, 0, 1]
(2, (0, 0, 1), (0, 1)): [1143, 314, 66, 22, 10, 3, 1]
(2, (0, 0, 1), (0, 2)): [442, 79, 21, 4, 2, 1]
(2, (0, 0, 1), (1, 0)): [1406, 394, 99, 40, 10, 5, 0, 1]
(2, (0, 0, 1), (1, 1)): [1113, 273, 65, 20, 8, 2, 1]
(2, (0, 0, 1), (1, 2)): [718, 132, 30, 10, 2, 1, 1]
(2, (0, 0, 1), (2, 0)): [588, 173, 47, 27, 6, 4, 0, 1]
(2, (0, 0, 1), (2, 1)): [634, 152, 49, 17, 9, 2, 0, 1]
(2, (0, 0, 1), (2, 2)): [591, 109, 39, 7, 3, 2, 1]
(2, (0, 0, 1), (3, 0)): [317, 79, 25, 17, 2, 3]
(2, (0, 0, 1), (3, 1)): [339, 83, 20, 15, 6, 2]
(2, (0, 0, 1), (3, 2)): [384, 80, 27, 10, 2, 1]
(2, (0, 1, 0), (0, 0)): [209964, 44912, 12054, 4211, 1394, 484, 139, 39, 9, 7, 5, 0, 1]
(2, (0, 1, 0), (0, 1)): [2962, 547, 142, 51, 16, 1, 1]
(2, (0, 1, 0), (0, 2)): [1113, 163, 39, 10, 5]
(2, (0, 1, 0), (1, 0)): [3967, 678, 284, 114, 27, 15, 5, 1, 0, 0, 0, 0, 1]
(2, (0, 1, 0), (1, 1)): [2767, 473, 165, 57, 14, 5, 3, 1]
(2, (0, 1, 0), (1, 2)): [1736, 248, 60, 33, 3]
(2, (0, 1, 0), (2, 0)): [1889, 302, 143, 76, 20, 9, 3, 0, 0, 0, 0, 0, 1]
(2, (0, 1, 0), (2, 1)): [1690, 303, 108, 36, 10, 7, 3, 1, 0, 0, 0, 0, 1]
(2, (0, 1, 0), (2, 2)): [1523, 235, 62, 35, 5, 3, 0, 1]
(2, (0, 1, 0), (3, 0)): [1079, 141, 85, 55, 15, 4, 2]
(2, (0, 1, 0), (3, 1)): [828, 150, 76, 24, 11, 3, 3, 0, 0, 0, 0, 0, 1]
(2, (0, 1, 0), (3, 2)): [1008, 163, 66, 30, 7, 3, 1, 0, 0, 0, 0, 0, 1]
(2, (0, 1, 1), (0, 0)): [47839, 4084, 10512, 2851, 1111, 347, 130, 43, 17, 4, 3, 1, 0, 1]
(2, (0, 1, 1), (0, 1)): [629, 49, 106, 27, 6, 3, 1, 3]
(2, (0, 1, 1), (0, 2)): [268, 21, 34, 8, 3, 1, 1]
(2, (0, 1, 1), (1, 0)): [906, 93, 186, 62, 28, 8, 4, 0, 0, 0, 1]
(2, (0, 1, 1), (1, 1)): [584, 41, 105, 28, 7, 4, 1, 2]
(2, (0, 1, 1), (1, 2)): [392, 24, 53, 12, 4, 1, 2, 1]
(2, (0, 1, 1), (2, 0)): [466, 56, 90, 37, 22, 6, 1, 0, 0, 0, 1]
(2, (0, 1, 1), (2, 1)): [326, 27, 79, 17, 7, 5]
(2, (0, 1, 1), (2, 2)): [342, 27, 56, 15, 3, 4, 1, 1]
(2, (0, 1, 1), (3, 0)): [328, 44, 53, 24, 19, 5, 1, 0, 0, 0, 1]
(2, (0, 1, 1), (3, 2)): [220, 23, 47, 12, 4, 4, 0, 1]
(2, (1, 0, 0), (0, 0)): [459813, 33295, 21591, 6851, 2174, 702, 277, 77, 17, 10, 5, 0, 1]
(2, (1, 0, 0), (0, 1)): [6916, 377, 312, 79, 29, 8, 6, 1]
(2, (1, 0, 0), (0, 2)): [2498, 101, 84, 16, 10, 1, 1]
(2, (1, 0, 0), (1, 0)): [7277, 603, 425, 167, 41, 12, 7, 2, 0, 0, 0, 0, 1]
(2, (1, 0, 0), (1, 1)): [5727, 362, 292, 92, 25, 3, 4, 1]
(2, (1, 0, 0), (1, 2)): [3577, 168, 129, 44, 11, 2]
(2, (1, 0, 0), (2, 0)): [2496, 239, 149, 77, 17, 6, 4, 0, 0, 0, 0, 0, 1]
(2, (1, 0, 0), (2, 1)): [2979, 197, 155, 60, 21, 6, 2, 1, 0, 0, 0, 0, 1]
(2, (1, 0, 0), (2, 2)): [2753, 154, 121, 40, 13, 5, 1, 1]
(2, (1, 0, 0), (3, 0)): [819, 111, 49, 45, 4, 2, 3]
(2, (1, 0, 0), (3, 1)): [1307, 139, 78, 49, 10, 4, 2, 0, 0, 0, 0, 0, 1]
(2, (1, 0, 0), (3, 2)): [1557, 135, 83, 40, 9, 8, 1, 1, 0, 0, 0, 0, 1]
(2, (1, 0, 1), (0, 0)): [77839, 18873, 7407, 4475, 1418, 491, 174, 55, 21, 7, 0, 2, 1]
(2, (1, 0, 1), (0, 1)): [1224, 244, 104, 70, 19, 3, 2, 1, 0, 0, 0, 1]
(2, (1, 0, 1), (0, 2)): [486, 74, 31, 14, 8]
(2, (1, 0, 1), (1, 0)): [1152, 265, 127, 86, 30, 11, 4]
(2, (1, 0, 1), (1, 1)): [941, 192, 77, 68, 17, 7, 4, 1, 0, 0, 0, 1]
(2, (1, 0, 1), (2, 0)): [425, 97, 62, 32, 11, 4, 2]
(2, (1, 0, 1), (2, 1)): [515, 116, 41, 35, 14, 4]
(2, (1, 0, 1), (3, 0)): [154, 30, 29, 14, 6, 1, 2]
(2, (1, 1, 0), (0, 0)): [180274, 27843, 13898, 9373, 3031, 996, 317, 105, 39, 17, 6, 1, 2, 1]
(2, (1, 1, 0), (0, 1)): [2906, 396, 180, 132, 36, 7, 5, 3, 0, 0, 0, 0, 1]
(2, (1, 1, 0), (0, 2)): [1157, 125, 51, 35, 10, 1, 2, 1]
(2, (1, 1, 0), (1, 0)): [2885, 440, 253, 195, 56, 19, 8, 2, 1, 1]
(2, (1, 1, 0), (1, 1)): [2386, 322, 159, 126, 27, 7, 4, 2, 1, 1, 0, 0, 1]
(2, (1, 1, 0), (1, 2)): [1647, 185, 81, 52, 12, 3, 2, 2]
(2, (1, 1, 0), (2, 0)): [1013, 170, 113, 79, 30, 12, 3, 1]
(2, (1, 1, 0), (2, 1)): [1278, 172, 113, 84, 21, 10, 4, 1, 1, 1, 0, 0, 1]
(2, (1, 1, 0), (2, 2)): [1236, 148, 74, 69, 14, 4, 4, 2, 1]
(2, (1, 1, 0), (3, 0)): [356, 67, 47, 30, 13, 6, 1]
(2, (1, 1, 0), (3, 1)): [557, 86, 67, 41, 11, 8, 2, 1, 0, 0, 0, 0, 1]
(2, (1, 1, 0), (3, 2)): [682, 93, 61, 45, 15, 3, 3, 2, 1]
(2, (1, 1, 1), (0, 0)): [51948, 7499, 8824, 4341, 3110, 1000, 329, 113, 40, 7, 5, 0, 1, 1]
(2, (1, 1, 1), (0, 1)): [994, 93, 137, 68, 45, 9, 5, 3, 1, 0, 0, 0, 1]
(2, (1, 1, 1), (0, 2)): [455, 24, 34, 22, 13, 2, 1, 1, 1]
(2, (1, 1, 1), (1, 0)): [784, 227, 151, 83, 55, 23, 6, 1, 2, 0, 1]
(2, (1, 1, 1), (1, 1)): [738, 109, 121, 60, 40, 7, 3, 0, 0, 0, 1, 0, 1]
(2, (1, 1, 1), (1, 2)): [560, 47, 52, 30, 15, 4, 2, 1, 0, 0, 1]
