(0, (0, 0, 0), (0, 0)): [15142, 3343, 1720, 815, 377, 159, 71, 38, 15, 9, 5, 1, 1]
(0, (0, 0, 0), (0, 1)): [9, 4, 2, 2]
(0, (0, 0, 0), (0, 2)): [5, 3, 0, 1]
(0, (0, 0, 0), (1, 0)): [6, 4, 4, 1, 1, 1]
(0, (0, 0, 0), (1, 1)): [1, 1, 1]
(0, (0, 0, 0), (1, 2)): [1, 1, 1]
(0, (0, 0, 0), (2, 0)): [6, 4, 4, 1, 1, 1]
(0, (0, 0, 0), (2, 1)): [1, 0, 1]
(0, (0, 0, 0), (2, 2)): [1, 1]
(0, (0, 0, 0), (3, 0)): [6, 4, 3, 1, 1, 1]
(0, (0, 0, 0), (3, 1)): [1, 1, 1]
(0, (0, 0, 0), (3, 2)): [1, 2, 1]
(0, (0, 0, 1), (0, 0)): [58, 247, 83, 35, 17, 12, 3, 1, 2, 2, 0, 0, 1]
(0, (0, 1, 0), (0, 0)): [498, 560, 253, 113, 64, 20, 8, 10, 1, 2, 0, 1]
(0, (0, 1, 0), (1, 0)): [1, 1]
(0, (0, 1, 0), (2, 0)): [1, 1]
(0, (0, 1, 0), (3, 0)): [1, 1]
(0, (0, 1, 1), (0, 0)): [50, 88, 133, 86, 37, 23, 5, 6, 2, 0, 1]
(0, (0, 1, 1), (1, 0)): [0, 0, 1]
(0, (0, 1, 1), (2, 0)): [0, 0, 1]
(0, (0, 1, 1), (3, 0)): [0, 0, 1]
(0, (1, 0, 0), (0, 0)): [3407, 1276, 823, 460, 216, 84, 50, 19, 8, 7, 4, 1]
(0, (1, 0, 0), (0, 1)): [1]
(0, (1, 0, 0), (0, 2)): [1]
(0, (1, 0, 0), (1, 0)): [0, 3, 1]
(0, (1, 0, 0), (2, 0)): [0, 2, 1]
(0, (1, 0, 0), (3, 0)): [0, 2, 1]
(0, (1, 0, 1), (0, 0)): [87, 291, 135, 91, 69, 19, 23, 8, 4, 4, 2, 1]
(0, (1, 1, 0), (0, 0)): [456, 325, 253, 211, 91, 43, 21, 13, 8, 4, 1]
(0, (1, 1, 0), (1, 0)): [0, 0, 1, 1]
(0, (1, 1, 0), (2, 0)): [0, 0, 1, 1]
(0, (1, 1, 0), (3, 0)): [0, 0, 1, 1]
(0, (1, 1, 1), (0, 0)): [45, 83, 77, 53, 46, 19, 17, 11, 4, 1]
(0, (1, 1, 1), (1, 0)): [0, 0, 1]
(0, (1, 1, 1), (2, 0)): [0, 0, 1]
(0, (1, 1, 1), (3, 0)): [0, 0, 1]
(1, (0, 0, 0), (0, 0)): [12035, 1430, 676, 238, 109, 52, 19, 10, 6]
(1, (0, 0, 0), (0, 1)): [6]
(1, (0, 0, 0), (0, 2)): [6]
(1, (0, 0, 0), (1, 0)): [3, 1]
(1, (0, 0, 0), (1, 2)): [1]
(1, (0, 0, 0), (2, 0)): [3, 1]
(1, (0, 0, 0), (2, 2)): [1]
(1, (0, 0, 0), (3, 0)): [3, 1]
(1, (0, 0, 0), (3, 2)): [1]
(1, (0, 0, 1), (0, 0)): [357, 669, 146, 48, 25, 14, 5, 1, 2, 1, 1]
(1, (0, 0, 1), (1, 0)): [1, 2]
(1, (0, 0, 1), (2, 0)): [1, 2]
(1, (0, 0, 1), (3, 0)): [1, 1]
(1, (0, 1, 0), (0, 0)): [1677, 882, 321, 121, 62, 21, 8, 3, 1, 3]
(1, (0, 1, 0), (1, 0)): [0, 0, 0, 0, 1]
(1, (0, 1, 0), (2, 0)): [0, 0, 0, 0, 1]
(1, (0, 1, 0), (3, 0)): [0, 0, 0, 0, 1]
(1, (0, 1, 1), (0, 0)): [319, 288, 290, 124, 58, 27, 13, 2, 1, 1]
(1, (0, 1, 1), (0, 1)): [1]
(1, (0, 1, 1), (0, 2)): [1]
(1, (0, 1, 1), (1, 0)): [1]
(1, (0, 1, 1), (2, 0)): [1]
(1, (0, 1, 1), (3, 0)): [1]
(1, (1, 0, 0), (0, 0)): [5048, 1021, 699, 274, 132, 61, 23, 7, 5, 2, 0, 1]
(1, (1, 0, 0), (0, 1)): [2]
(1, (1, 0, 0), (0, 2)): [2]
(1, (1, 0, 0), (1, 0)): [2, 0, 0, 1]
(1, (1, 0, 0), (2, 0)): [2, 0, 0, 1]
(1, (1, 0, 0), (3, 0)): [2, 0, 0, 1]
(1, (1, 0, 1), (0, 0)): [426, 587, 208, 132, 59, 28, 11, 3, 2, 1]
(1, (1, 0, 1), (1, 0)): [0, 2, 1]
(1, (1, 0, 1), (2, 0)): [0, 2, 1]
(1, (1, 0, 1), (3, 0)): [0, 2]
(1, (1, 1, 0), (0, 0)): [1340, 463, 329, 227, 108, 46, 20, 4, 3, 2]
(1, (1, 1, 0), (1, 0)): [2, 0, 0, 1, 1]
(1, (1, 1, 0), (2, 0)): [2, 0, 0, 1, 1]
(1, (1, 1, 0), (3, 0)): [2, 0, 0, 1, 1]
(1, (1, 1, 0), (3, 1)): [1]
(1, (1, 1, 0), (3, 2)): [1]
(1, (1, 1, 1), (0, 0)): [256, 224, 145, 103, 99, 44, 16, 3, 5, 1]
(1, (1, 1, 1), (0, 1)): [0, 1]
(1, (1, 1, 1), (0, 2)): [0, 1]
(1, (1, 1, 1), (1, 0)): [0, 1, 0, 0, 1]
(1, (1, 1, 1), (2, 0)): [0, 1, 0, 0, 1]
(1, (1, 1, 1), (3, 0)): [0, 1, 0, 0, 1]
(2, (0, 0, 0), (0, 0)): [10473, 498, 183, 68, 17, 8, 6, 3, 1]
(2, (0, 0, 0), (0, 1)): [3, 2]
(2, (0, 0, 0), (0, 2)): [3, 2]
(2, (0, 0, 0), (1, 0)): [3, 1]
(2, (0, 0, 0), (1, 1)): [0, 1]
(2, (0, 0, 0), (1, 2)): [0, 2]
(2, (0, 0, 0), (2, 0)): [3]
(2, (0, 0, 0), (3, 0)): [3]
(2, (0, 0, 1), (0, 0)): [1241, 443, 102, 26, 9, 3, 0, 1]
(2, (0, 0, 1), (0, 1)): [1]
(2, (0, 0, 1), (0, 2)): [1]
(2, (0, 0, 1), (1, 0)): [1]
(2, (0, 0, 1), (2, 0)): [1]
(2, (0, 1, 0), (0, 0)): [2806, 684, 191, 65, 21, 8, 5, 1, 1]
(2, (0, 1, 0), (0, 1)): [1]
(2, (0, 1, 0), (0, 2)): [1]
(2, (0, 1, 0), (1, 0)): [4, 0, 1]
(2, (0, 1, 0), (2, 0)): [4, 0, 1]
(2, (0, 1, 0), (3, 0)): [4, 0, 1]
(2, (0, 1, 1), (0, 0)): [778, 74, 195, 50, 23, 7, 5, 1, 1]
(2, (0, 1, 1), (1, 0)): [0, 0, 1]
(2, (0, 1, 1), (2, 0)): [0, 0, 1]
(2, (0, 1, 1), (3, 0)): [0, 0, 1]
(2, (1, 0, 0), (0, 0)): [6356, 499, 340, 100, 28, 5, 7, 3, 1, 1]
(2, (1, 0, 0), (1, 0)): [3]
(2, (1, 0, 0), (2, 0)): [3]
(2, (1, 0, 0), (3, 0)): [3]
(2, (1, 0, 0), (3, 1)): [1]
(2, (1, 0, 0), (3, 2)): [1]
(2, (1, 0, 1), (0, 0)): [1244, 324, 146, 82, 12, 11, 0, 5]
(2, (1, 0, 1), (0, 1)): [2]
(2, (1, 0, 1), (0, 2)): [1]
(2, (1, 0, 1), (1, 0)): [1]
(2, (1, 0, 1), (1, 1)): [1]
(2, (1, 0, 1), (2, 0)): [1]
(2, (1, 0, 1), (3, 0)): [1]
(2, (1, 1, 0), (0, 0)): [2135, 332, 172, 108, 38, 8, 7, 0, 0, 2]
(2, (1, 1, 0), (0, 1)): [2, 0, 1, 1]
(2, (1, 1, 0), (0, 2)): [2, 0, 1]
(2, (1, 1, 0), (1, 0)): [1, 0, 0, 0, 1]
(2, (1, 1, 0), (2, 0)): [1, 0, 0, 0, 1]
(2, (1, 1, 0), (3, 0)): [1, 0, 0, 0, 1]
(2, (1, 1, 1), (0, 0)): [678, 111, 121, 59, 39, 13, 5, 2, 1, 1]
(2, (1, 1, 1), (0, 1)): [3, 1]
(2, (1, 1, 1), (0, 2)): [2, 1]
(2, (1, 1, 1), (1, 0)): [0, 3]
(2, (1, 1, 1), (1, 1)): [1]
(2, (1, 1, 1), (1, 2)): [1, 1]
(2, (1, 1, 1), (2, 0)): [0, 3]
(2, (1, 1, 1), (2, 2)): [1]
(2, (1, 1, 1), (3, 0)): [0, 3]
(2, (1, 1, 1), (3, 1)): [0, 1]
(2, (1, 1, 1), (3, 2)): [0, 1]
