(0, (0, 0, 0), (0, 0)): [27190, 4846, 2152, 939, 419, 168, 79, 26, 9, 3, 3]
(0, (0, 0, 0), (0, 1)): [226, 30, 11, 7, 0, 0, 1]
(0, (0, 0, 0), (0, 2)): [60, 9, 3, 5, 0, 0, 1]
(0, (0, 0, 0), (1, 0)): [440, 77, 30, 12, 2, 3, 2]
(0, (0, 0, 0), (1, 1)): [340, 53, 24, 9, 2, 2, 1]
(0, (0, 0, 0), (1, 2)): [217, 40, 12, 7, 0, 0, 1]
(0, (0, 0, 0), (2, 0)): [146, 24, 9, 4]
(0, (0, 0, 0), (2, 1)): [230, 24, 17, 10, 1, 1, 1]
(0, (0, 0, 0), (2, 2)): [135, 22, 7, 7]
(0, (0, 0, 0), (3, 0)): [49, 11, 2]
(0, (0, 0, 0), (3, 1)): [154, 19, 11, 3, 1, 1, 1]
(0, (0, 0, 0), (3, 2)): [138, 19, 11, 2, 1, 1, 1]
(0, (0, 0, 1), (0, 0)): [98, 277, 63, 30, 19, 5]
(0, (0, 0, 1), (0, 1)): [0, 2, 0, 1]
(0, (0, 0, 1), (0, 2)): [0, 2, 0, 1]
(0, (0, 0, 1), (1, 0)): [2, 1, 1, 1]
(0, (0, 0, 1), (1, 1)): [2, 1, 0, 1]
(0, (0, 0, 1), (1, 2)): [1, 2, 0, 1]
(0, (0, 0, 1), (2, 0)): [0, 0, 1]
(0, (0, 0, 1), (2, 1)): [1, 0, 1, 1]
(0, (0, 0, 1), (2, 2)): [0, 2, 0, 1]
(0, (0, 0, 1), (3, 1)): [1, 0, 1, 1]
(0, (0, 0, 1), (3, 2)): [1, 0, 1, 1]
(0, (0, 1, 0), (0, 0)): [960, 758, 268, 127, 51, 13, 11, 4]
(0, (0, 1, 0), (0, 1)): [6, 7, 1, 1]
(0, (0, 1, 0), (0, 2)): [2, 3, 0, 1]
(0, (0, 1, 0), (1, 0)): [11, 9, 3, 3, 0, 1, 1]
(0, (0, 1, 0), (1, 1)): [7, 9, 3, 2, 0, 0, 1]
(0, (0, 1, 0), (1, 2)): [6, 9, 2, 2]
(0, (0, 1, 0), (2, 0)): [6, 3, 1, 1]
(0, (0, 1, 0), (2, 1)): [9, 5, 2, 1, 0, 0, 1]
(0, (0, 1, 0), (2, 2)): [7, 2, 2, 1]
(0, (0, 1, 0), (3, 1)): [3, 1, 0, 0, 0, 0, 1]
(0, (0, 1, 0), (3, 2)): [1, 1, 0, 0, 0, 0, 1]
(0, (0, 1, 1), (0, 0)): [79, 119, 149, 68, 33, 12, 5, 3, 2, 0, 1]
(0, (0, 1, 1), (1, 0)): [3, 5, 2, 1]
(0, (0, 1, 1), (1, 1)): [1, 4, 2, 1]
(0, (0, 1, 1), (1, 2)): [1, 1]
(0, (0, 1, 1), (2, 0)): [2]
(0, (0, 1, 1), (2, 1)): [1, 1, 1, 1]
(0, (0, 1, 1), (2, 2)): [0, 1]
(0, (0, 1, 1), (3, 0)): [1]
(0, (0, 1, 1), (3, 1)): [1, 0, 1, 1]
(0, (0, 1, 1), (3, 2)): [1, 0, 1, 1]
(0, (1, 0, 0), (0, 0)): [5727, 1668, 1016, 502, 235, 110, 51, 13, 5, 3, 3]
(0, (1, 0, 0), (0, 1)): [42, 12, 3, 5]
(0, (1, 0, 0), (0, 2)): [11, 3, 0, 4]
(0, (1, 0, 0), (1, 0)): [91, 30, 13, 5, 3, 2, 1]
(0, (1, 0, 0), (1, 1)): [65, 23, 12, 3, 2, 2, 1]
(0, (1, 0, 0), (1, 2)): [40, 17, 2, 5]
(0, (1, 0, 0), (2, 0)): [31, 9, 3, 2]
(0, (1, 0, 0), (2, 1)): [46, 8, 9, 3, 1, 1, 1]
(0, (1, 0, 0), (2, 2)): [31, 9, 2, 6]
(0, (1, 0, 0), (3, 0)): [8, 3, 1]
(0, (1, 0, 0), (3, 1)): [31, 5, 6, 0, 1, 1, 1]
(0, (1, 0, 0), (3, 2)): [31, 7, 5, 0, 1, 1, 1]
(0, (1, 0, 1), (0, 0)): [148, 358, 133, 92, 59, 21, 9, 2, 0, 1]
(0, (1, 0, 1), (0, 1)): [2, 0, 0, 1]
(0, (1, 0, 1), (0, 2)): [0, 0, 0, 1]
(0, (1, 0, 1), (1, 0)): [1, 5, 3, 2, 2]
(0, (1, 0, 1), (1, 1)): [2, 4, 3, 1, 2]
(0, (1, 0, 1), (1, 2)): [1, 3, 1, 1]
(0, (1, 0, 1), (2, 0)): [0, 1, 0, 1]
(0, (1, 0, 1), (2, 1)): [1, 1, 1, 2, 2]
(0, (1, 0, 1), (2, 2)): [2, 1, 1, 1]
(0, (1, 0, 1), (3, 1)): [0, 0, 0, 1, 2]
(0, (1, 0, 1), (3, 2)): [0, 0, 0, 1, 2]
(0, (1, 1, 0), (0, 0)): [803, 452, 284, 249, 112, 56, 33, 11, 4, 3, 1]
(0, (1, 1, 0), (0, 1)): [8, 3, 0, 1]
(0, (1, 1, 0), (0, 2)): [3, 1, 0, 1]
(0, (1, 1, 0), (1, 0)): [12, 9, 6, 3, 2, 0, 1]
(0, (1, 1, 0), (1, 1)): [11, 7, 5, 2, 1, 0, 1]
(0, (1, 1, 0), (1, 2)): [7, 3, 1, 1]
(0, (1, 1, 0), (2, 0)): [5, 3, 1, 1]
(0, (1, 1, 0), (2, 1)): [9, 1, 3, 2, 0, 0, 1]
(0, (1, 1, 0), (2, 2)): [6, 1, 0, 2]
(0, (1, 1, 0), (3, 0)): [0, 2, 1]
(0, (1, 1, 0), (3, 1)): [5, 2, 3, 0, 0, 0, 1]
(0, (1, 1, 0), (3, 2)): [5, 2, 3, 0, 0, 0, 1]
(0, (1, 1, 1), (0, 0)): [94, 122, 100, 91, 54, 34, 19, 7, 3, 3]
(0, (1, 1, 1), (0, 1)): [2]
(0, (1, 1, 1), (0, 2)): [1]
(0, (1, 1, 1), (1, 0)): [3, 2, 1, 1, 0, 0, 1]
(0, (1, 1, 1), (1, 1)): [2, 2, 1, 0, 0, 0, 1]
(0, (1, 1, 1), (1, 2)): [1]
(0, (1, 1, 1), (2, 0)): [1, 0, 0, 1]
(0, (1, 1, 1), (2, 1)): [3, 1, 1, 1, 0, 0, 1]
(0, (1, 1, 1), (2, 2)): [1, 0, 0, 1]
(0, (1, 1, 1), (3, 1)): [2, 0, 0, 0, 0, 0, 1]
(0, (1, 1, 1), (3, 2)): [1, 0, 0, 0, 0, 0, 1]
(1, (0, 0, 0), (0, 0)): [22124, 2212, 895, 334, 123, 45, 20, 7, 3]
(1, (0, 0, 0), (0, 1)): [188, 11, 8, 2, 0, 0, 1]
(1, (0, 0, 0), (0, 2)): [51, 2, 3, 1, 0, 0, 1]
(1, (0, 0, 0), (1, 0)): [360, 31, 13, 4]
(1, (0, 0, 0), (1, 1)): [285, 18, 10, 4]
(1, (0, 0, 0), (1, 2)): [180, 13, 8, 1, 0, 0, 1]
(1, (0, 0, 0), (2, 0)): [113, 9, 5, 1]
(1, (0, 0, 0), (2, 1)): [186, 7, 7, 5]
(1, (0, 0, 0), (2, 2)): [104, 8, 5, 1]
(1, (0, 0, 0), (3, 0)): [41, 6, 1]
(1, (0, 0, 0), (3, 1)): [123, 9, 4, 2]
(1, (0, 0, 0), (3, 2)): [109, 9, 5, 1]
(1, (0, 0, 1), (0, 0)): [531, 654, 112, 54, 22, 7, 0, 1]
(1, (0, 0, 1), (0, 1)): [6, 3]
(1, (0, 0, 1), (0, 2)): [3, 2]
(1, (0, 0, 1), (1, 0)): [9, 3, 2, 1]
(1, (0, 0, 1), (1, 1)): [7, 4, 1, 1]
(1, (0, 0, 1), (1, 2)): [5, 3]
(1, (0, 0, 1), (2, 0)): [3, 0, 1]
(1, (0, 0, 1), (2, 1)): [8, 3, 2, 1]
(1, (0, 0, 1), (2, 2)): [6]
(1, (0, 0, 1), (3, 1)): [5, 2, 2, 1]
(1, (0, 0, 1), (3, 2)): [3, 1, 2, 1]
(1, (0, 1, 0), (0, 0)): [2841, 1111, 399, 147, 55, 17, 8, 5]
(1, (0, 1, 0), (0, 1)): [25, 11, 2]
(1, (0, 1, 0), (0, 2)): [7, 3, 1]
(1, (0, 1, 0), (1, 0)): [46, 22, 5, 2]
(1, (0, 1, 0), (1, 1)): [34, 21, 4, 2]
(1, (0, 1, 0), (1, 2)): [26, 18, 3, 1]
(1, (0, 1, 0), (2, 0)): [15, 5, 1]
(1, (0, 1, 0), (2, 1)): [21, 9, 2, 1]
(1, (0, 1, 0), (2, 2)): [14, 10, 2]
(1, (0, 1, 0), (3, 0)): [5]
(1, (0, 1, 0), (3, 1)): [13, 5, 1]
(1, (0, 1, 0), (3, 2)): [12, 7, 1]
(1, (0, 1, 1), (0, 0)): [484, 289, 244, 91, 54, 18, 9, 3, 1, 1]
(1, (0, 1, 1), (0, 1)): [7, 1]
(1, (0, 1, 1), (0, 2)): [5, 1]
(1, (0, 1, 1), (1, 0)): [6, 4, 4, 0, 2]
(1, (0, 1, 1), (1, 1)): [3, 4, 3, 0, 1]
(1, (0, 1, 1), (1, 2)): [7, 3, 1]
(1, (0, 1, 1), (2, 0)): [4, 0, 1]
(1, (0, 1, 1), (2, 1)): [3, 0, 1]
(1, (0, 1, 1), (2, 2)): [8, 1, 1]
(1, (0, 1, 1), (3, 0)): [2, 0, 1]
(1, (0, 1, 1), (3, 1)): [3, 0, 2]
(1, (0, 1, 1), (3, 2)): [3, 0, 2]
(1, (1, 0, 0), (0, 0)): [8175, 1255, 788, 333, 127, 59, 20, 2, 3, 0, 1]
(1, (1, 0, 0), (0, 1)): [61, 5, 7, 5]
(1, (1, 0, 0), (0, 2)): [17, 2, 4, 3]
(1, (1, 0, 0), (1, 0)): [137, 16, 11, 4, 0, 1]
(1, (1, 0, 0), (1, 1)): [99, 9, 8, 4, 0, 1]
(1, (1, 0, 0), (1, 2)): [62, 8, 6, 4]
(1, (1, 0, 0), (2, 0)): [44, 6, 4, 1]
(1, (1, 0, 0), (2, 1)): [69, 2, 6, 4]
(1, (1, 0, 0), (2, 2)): [42, 4, 4, 4]
(1, (1, 0, 0), (3, 0)): [10, 5, 1]
(1, (1, 0, 0), (3, 1)): [39, 7, 4, 2]
(1, (1, 0, 0), (3, 2)): [39, 6, 5, 1]
(1, (1, 0, 1), (0, 0)): [708, 614, 226, 131, 65, 25, 9, 4, 1]
(1, (1, 0, 1), (0, 1)): [9, 2, 4, 2]
(1, (1, 0, 1), (0, 2)): [3, 1, 4, 2]
(1, (1, 0, 1), (1, 0)): [7, 11, 1, 1]
(1, (1, 0, 1), (1, 1)): [6, 9, 1]
(1, (1, 0, 1), (1, 2)): [5, 8, 4, 2]
(1, (1, 0, 1), (2, 0)): [4, 3, 0, 1]
(1, (1, 0, 1), (2, 1)): [5, 1, 0, 1]
(1, (1, 0, 1), (2, 2)): [3, 4, 3, 2]
(1, (1, 0, 1), (3, 0)): [2, 2]
(1, (1, 0, 1), (3, 1)): [5, 2]
(1, (1, 0, 1), (3, 2)): [3, 3]
(1, (1, 1, 0), (0, 0)): [2310, 675, 397, 276, 106, 45, 19, 6, 2, 0, 2]
(1, (1, 1, 0), (0, 1)): [18, 5, 1, 2]
(1, (1, 1, 0), (0, 2)): [5, 3, 1, 1]
(1, (1, 1, 0), (1, 0)): [40, 9, 7, 4, 0, 1]
(1, (1, 1, 0), (1, 1)): [30, 6, 6, 5, 0, 1]
(1, (1, 1, 0), (1, 2)): [18, 7, 2, 1]
(1, (1, 1, 0), (2, 0)): [15, 4, 1]
(1, (1, 1, 0), (2, 1)): [22, 1, 3, 4]
(1, (1, 1, 0), (2, 2)): [17, 6, 3, 1]
(1, (1, 1, 0), (3, 0)): [3, 3]
(1, (1, 1, 0), (3, 1)): [11, 3, 2, 1]
(1, (1, 1, 0), (3, 2)): [10, 3, 3]
(1, (1, 1, 1), (0, 0)): [494, 338, 223, 120, 86, 40, 23, 6, 2, 0, 1]
(1, (1, 1, 1), (0, 1)): [5, 2, 1]
(1, (1, 1, 1), (0, 2)): [3, 2, 1]
(1, (1, 1, 1), (1, 0)): [8, 4, 3, 2, 0, 1]
(1, (1, 1, 1), (1, 1)): [4, 4, 3, 1, 0, 1]
(1, (1, 1, 1), (1, 2)): [5, 5, 1]
(1, (1, 1, 1), (2, 0)): [5, 0, 0, 1]
(1, (1, 1, 1), (2, 1)): [5, 0, 1, 1]
(1, (1, 1, 1), (2, 2)): [6, 2, 1, 1]
(1, (1, 1, 1), (3, 0)): [2]
(1, (1, 1, 1), (3, 1)): [4, 0, 1]
(1, (1, 1, 1), (3, 2)): [4, 0, 1]
(2, (0, 0, 0), (0, 0)): [19086, 775, 266, 74, 33, 10, 4, 1]
(2, (0, 0, 0), (0, 1)): [152, 6, 3, 0, 0, 0, 1]
(2, (0, 0, 0), (0, 2)): [38, 1, 0, 0, 0, 0, 1]
(2, (0, 0, 0), (1, 0)): [300, 9, 3, 1]
(2, (0, 0, 0), (1, 1)): [240, 4, 3]
(2, (0, 0, 0), (1, 2)): [146, 3, 2, 0, 0, 0, 1]
(2, (0, 0, 0), (2, 0)): [95, 4, 2, 1]
(2, (0, 0, 0), (2, 1)): [157, 4, 3, 1]
(2, (0, 0, 0), (2, 2)): [86, 2, 2]
(2, (0, 0, 0), (3, 0)): [36, 2]
(2, (0, 0, 0), (3, 1)): [105, 3, 1]
(2, (0, 0, 0), (3, 2)): [93, 3, 1]
(2, (0, 0, 1), (0, 0)): [1505, 378, 83, 24, 12]
(2, (0, 0, 1), (0, 1)): [8, 4]
(2, (0, 0, 1), (0, 2)): [2, 2]
(2, (0, 0, 1), (1, 0)): [29, 5, 3, 3]
(2, (0, 0, 1), (1, 1)): [22, 3, 1, 1]
(2, (0, 0, 1), (1, 2)): [13, 5]
(2, (0, 0, 1), (2, 0)): [6, 1, 1, 1]
(2, (0, 0, 1), (2, 1)): [11, 1, 2, 2]
(2, (0, 0, 1), (2, 2)): [5, 2, 1]
(2, (0, 0, 1), (3, 0)): [3]
(2, (0, 0, 1), (3, 1)): [9, 0, 1, 1]
(2, (0, 0, 1), (3, 2)): [9, 1, 1, 1]
(2, (0, 1, 0), (0, 0)): [4265, 860, 214, 67, 28, 9, 4, 1, 1]
(2, (0, 1, 0), (0, 1)): [33, 7, 2]
(2, (0, 1, 0), (0, 2)): [7, 2]
(2, (0, 1, 0), (1, 0)): [81, 15, 2]
(2, (0, 1, 0), (1, 1)): [65, 10, 2]
(2, (0, 1, 0), (1, 2)): [37, 6, 2]
(2, (0, 1, 0), (2, 0)): [23, 5, 2]
(2, (0, 1, 0), (2, 1)): [39, 9, 2]
(2, (0, 1, 0), (2, 2)): [16, 3]
(2, (0, 1, 0), (3, 0)): [7, 1]
(2, (0, 1, 0), (3, 1)): [27, 7]
(2, (0, 1, 0), (3, 2)): [20, 7]
(2, (0, 1, 1), (0, 0)): [963, 77, 168, 46, 25, 6, 2, 1, 2]
(2, (0, 1, 1), (0, 1)): [10, 0, 1, 0, 0, 1]
(2, (0, 1, 1), (0, 2)): [5, 0, 1, 0, 0, 1]
(2, (0, 1, 1), (1, 0)): [12, 0, 2]
(2, (0, 1, 1), (1, 1)): [7, 0, 1]
(2, (0, 1, 1), (1, 2)): [10, 0, 1, 0, 0, 1]
(2, (0, 1, 1), (2, 0)): [4, 0, 1]
(2, (0, 1, 1), (2, 1)): [4, 0, 1]
(2, (0, 1, 1), (2, 2)): [5]
(2, (0, 1, 1), (3, 0)): [2, 0, 1]
(2, (0, 1, 1), (3, 1)): [5, 0, 2]
(2, (0, 1, 1), (3, 2)): [5, 0, 2]
(2, (1, 0, 0), (0, 0)): [9532, 608, 431, 131, 46, 14, 7, 1, 1]
(2, (1, 0, 0), (0, 1)): [74, 2, 4, 1, 0, 0, 1]
(2, (1, 0, 0), (0, 2)): [26, 1, 0, 0, 0, 0, 1]
(2, (1, 0, 0), (1, 0)): [148, 4, 7, 3]
(2, (1, 0, 0), (1, 1)): [110, 0, 5, 1]
(2, (1, 0, 0), (1, 2)): [82, 1, 2, 1, 0, 0, 1]
(2, (1, 0, 0), (2, 0)): [47, 4, 4, 2]
(2, (1, 0, 0), (2, 1)): [69, 1, 6, 2]
(2, (1, 0, 0), (2, 2)): [51, 1, 2, 1]
(2, (1, 0, 0), (3, 0)): [12, 3, 1]
(2, (1, 0, 0), (3, 1)): [43, 3, 4]
(2, (1, 0, 0), (3, 2)): [46, 3, 4]
(2, (1, 0, 1), (0, 0)): [1774, 317, 130, 66, 33, 7, 4, 1]
(2, (1, 0, 1), (0, 1)): [13, 1]
(2, (1, 0, 1), (0, 2)): [3]
(2, (1, 0, 1), (1, 0)): [30, 1]
(2, (1, 0, 1), (1, 1)): [25]
(2, (1, 0, 1), (1, 2)): [17]
(2, (1, 0, 1), (2, 0)): [8]
(2, (1, 0, 1), (2, 1)): [12]
(2, (1, 0, 1), (2, 2)): [8]
(2, (1, 0, 1), (3, 0)): [2]
(2, (1, 0, 1), (3, 1)): [7]
(2, (1, 0, 1), (3, 2)): [6]
(2, (1, 1, 0), (0, 0)): [3820, 589, 242, 197, 52, 19, 7, 1, 2]
(2, (1, 1, 0), (0, 1)): [31, 3, 3, 1, 0, 0, 1]
(2, (1, 1, 0), (0, 2)): [8, 0, 0, 0, 0, 0, 1]
(2, (1, 1, 0), (1, 0)): [52, 7, 3, 3]
(2, (1, 1, 0), (1, 1)): [43, 4, 3, 2]
(2, (1, 1, 0), (1, 2)): [30, 2, 2, 0, 0, 0, 1]
(2, (1, 1, 0), (2, 0)): [19, 4, 2, 1]
(2, (1, 1, 0), (2, 1)): [29, 3, 3, 3]
(2, (1, 1, 0), (2, 2)): [22, 1, 0, 1]
(2, (1, 1, 0), (3, 0)): [4, 2]
(2, (1, 1, 0), (3, 1)): [18, 4, 2, 1]
(2, (1, 1, 0), (3, 2)): [16, 4, 2]
(2, (1, 1, 1), (0, 0)): [1146, 146, 166, 76, 53, 20, 9]
(2, (1, 1, 1), (0, 1)): [9, 0, 2, 0, 1, 1]
(2, (1, 1, 1), (0, 2)): [3, 0, 0, 0, 1, 1]
(2, (1, 1, 1), (1, 0)): [13, 3, 3, 1]
(2, (1, 1, 1), (1, 1)): [10, 1, 4]
(2, (1, 1, 1), (1, 2)): [9, 1, 1, 0, 1, 1]
(2, (1, 1, 1), (2, 0)): [7, 1]
(2, (1, 1, 1), (2, 1)): [10, 1, 1]
(2, (1, 1, 1), (2, 2)): [7]
(2, (1, 1, 1), (3, 0)): [1]
(2, (1, 1, 1), (3, 1)): [6, 0, 1]
(2, (1, 1, 1), (3, 2)): [3, 0, 1]
