(0, (0, 0, 0), (0, 0)): [1874042, 383250, 176419, 80644, 36127, 15518, 6412, 2602, 1068, 458, 196, 99, 36, 19, 5, 1, 1, 1]
(0, (0, 0, 0), (0, 1)): [251193, 49377, 22433, 10574, 4682, 2064, 804, 299, 128, 54, 27, 13, 5, 3, 1, 1]
(0, (0, 0, 0), (0, 2)): [95517, 16623, 7399, 3416, 1483, 655, 246, 87, 39, 18, 8, 3, 3, 0, 1]
(0, (0, 0, 0), (1, 0)): [220282, 50404, 23921, 11124, 5216, 2208, 990, 390, 164, 52, 29, 13, 2, 4, 1, 0, 1]
(0, (0, 0, 0), (1, 1)): [213482, 44252, 20546, 9616, 4303, 1878, 801, 303, 138, 39, 27, 12, 3, 4, 0, 1, 1]
(0, (0, 0, 0), (1, 2)): [145480, 26424, 11991, 5542, 2446, 1041, 433, 162, 79, 24, 11, 6, 5, 0, 1]
(0, (0, 0, 0), (2, 0)): [71082, 17999, 9144, 4318, 2115, 876, 385, 169, 59, 24, 13, 6, 1, 2, 1]
(0, (0, 0, 0), (2, 1)): [110531, 25034, 12296, 5733, 2696, 1172, 472, 210, 78, 28, 18, 8, 1, 2, 0, 0, 1]
(0, (0, 0, 0), (2, 2)): [115702, 22858, 10812, 5052, 2283, 955, 395, 159, 77, 23, 11, 3, 4, 1, 1, 0, 1]
(0, (0, 0, 0), (3, 0)): [20876, 6055, 3513, 1759, 869, 360, 157, 70, 26, 8, 6, 2, 0, 2, 1]
(0, (0, 0, 0), (3, 1)): [42262, 11323, 6040, 2955, 1426, 637, 251, 126, 49, 16, 6, 7, 1, 2, 1]
(0, (0, 0, 0), (3, 2)): [61273, 14174, 7497, 3529, 1676, 721, 285, 125, 53, 21, 8, 8, 4, 1, 1, 0, 1]
(0, (0, 0, 1), (0, 0)): [6996, 21653, 5970, 2859, 1393, 591, 261, 109, 43, 26, 13, 3, 4, 3]
(0, (0, 0, 1), (0, 1)): [685, 2142, 596, 259, 136, 52, 26, 11, 5, 2, 3, 0, 0, 1]
(0, (0, 0, 1), (0, 2)): [308, 805, 196, 91, 41, 21, 9, 4, 3]
(0, (0, 0, 1), (1, 0)): [680, 2391, 709, 385, 181, 85, 32, 13, 3, 4, 4]
(0, (0, 0, 1), (1, 1)): [633, 1993, 568, 258, 146, 60, 24, 11, 1, 5, 3, 0, 0, 1]
(0, (0, 0, 1), (1, 2)): [491, 1281, 326, 154, 71, 39, 11, 7, 2, 3, 2]
(0, (0, 0, 1), (2, 0)): [248, 895, 288, 177, 71, 39, 12, 7, 3, 1, 2]
(0, (0, 0, 1), (2, 1)): [347, 1141, 363, 188, 100, 43, 20, 8, 3, 2, 1]
(0, (0, 0, 1), (2, 2)): [441, 1157, 317, 157, 83, 33, 13, 4, 1, 2, 1]
(0, (0, 0, 1), (3, 0)): [71, 298, 97, 75, 28, 15, 7, 2, 1, 0, 1]
(0, (0, 0, 1), (3, 1)): [136, 521, 162, 114, 55, 22, 10, 4, 2, 1]
(0, (0, 0, 1), (3, 2)): [254, 716, 202, 134, 75, 24, 7, 2, 3, 1, 1]
(0, (0, 1, 0), (0, 0)): [68621, 64522, 25426, 12503, 5976, 2584, 1101, 465, 197, 104, 33, 13, 6, 6, 3, 0, 1]
(0, (0, 1, 0), (0, 1)): [9238, 8323, 3301, 1543, 747, 317, 148, 59, 24, 13, 1, 2, 1, 1, 1]
(0, (0, 1, 0), (0, 2)): [3766, 2858, 1131, 498, 240, 107, 60, 17, 9, 3, 0, 1, 1]
(0, (0, 1, 0), (1, 0)): [9096, 8856, 3744, 2024, 936, 438, 162, 77, 31, 10, 6, 2, 2, 2, 1, 0, 1]
(0, (0, 1, 0), (1, 1)): [8144, 7348, 2988, 1510, 705, 302, 125, 59, 15, 13, 3, 1, 0, 2, 1]
(0, (0, 1, 0), (1, 2)): [5666, 4462, 1825, 887, 394, 169, 75, 41, 10, 5, 2, 2, 1, 0, 1]
(0, (0, 1, 0), (2, 0)): [3318, 3161, 1422, 822, 361, 203, 67, 34, 15, 3, 1, 2, 2, 1, 0, 0, 1]
(0, (0, 1, 0), (2, 1)): [4461, 4140, 1783, 894, 434, 220, 84, 30, 11, 9, 1, 1, 1, 1, 0, 0, 1]
(0, (0, 1, 0), (2, 2)): [4860, 3797, 1690, 766, 363, 165, 70, 31, 10, 4, 2, 2, 1, 0, 1, 0, 1]
(0, (0, 1, 0), (3, 0)): [1161, 961, 468, 344, 152, 85, 36, 19, 8, 1, 0, 1, 1]
(0, (0, 1, 0), (3, 1)): [1955, 1712, 813, 526, 240, 129, 43, 19, 2, 2, 0, 1, 0, 1]
(0, (0, 1, 0), (3, 2)): [2826, 2227, 1087, 574, 261, 135, 60, 21, 5, 4, 2, 0, 0, 0, 1, 0, 1]
(0, (0, 1, 1), (0, 0)): [5487, 9659, 11453, 5345, 2809, 1362, 574, 243, 132, 54, 15, 11, 3, 4, 2, 0, 1, 1]
(0, (0, 1, 1), (0, 1)): [730, 1204, 1375, 604, 327, 153, 80, 21, 12, 7, 2, 2, 1, 0, 0, 0, 1]
(0, (0, 1, 1), (0, 2)): [336, 441, 493, 233, 115, 55, 31, 10, 2, 3, 0, 1]
(0, (0, 1, 1), (1, 0)): [686, 1355, 1634, 821, 423, 224, 82, 31, 27, 6, 3, 3, 0, 1, 1]
(0, (0, 1, 1), (1, 1)): [615, 1097, 1282, 572, 309, 147, 56, 20, 14, 4, 3, 0, 1, 0, 0, 0, 1]
(0, (0, 1, 1), (1, 2)): [507, 686, 757, 340, 194, 98, 36, 12, 8, 2, 1, 1, 0, 0, 0, 0, 1]
(0, (0, 1, 1), (2, 0)): [269, 596, 623, 360, 209, 118, 39, 13, 16, 5, 1, 1, 0, 1, 1]
(0, (0, 1, 1), (2, 1)): [308, 625, 735, 358, 169, 83, 32, 15, 9, 7, 1, 0, 1, 0, 1]
(0, (0, 1, 1), (2, 2)): [403, 617, 650, 308, 153, 84, 30, 13, 7, 6, 2, 1, 0, 0, 0, 0, 1]
(0, (0, 1, 1), (3, 0)): [139, 274, 261, 173, 121, 66, 21, 6, 10, 1, 1, 1, 0, 1]
(0, (0, 1, 1), (3, 1)): [126, 242, 291, 159, 113, 48, 18, 7, 9, 2, 0, 0, 0, 0, 1]
(0, (0, 1, 1), (3, 2)): [231, 320, 382, 210, 105, 67, 26, 10, 10, 2, 2, 0, 0, 0, 0, 0, 1]
(0, (1, 0, 0), (0, 0)): [394444, 131682, 84988, 42282, 20230, 9114, 3788, 1604, 682, 292, 138, 58, 23, 14, 3, 1, 1, 1]
(0, (1, 0, 0), (0, 1)): [48040, 14652, 9844, 4850, 2349, 1067, 435, 169, 89, 26, 10, 5, 1, 1]
(0, (1, 0, 0), (0, 2)): [18047, 4784, 3278, 1546, 730, 318, 156, 51, 28, 7, 5, 2]
(0, (1, 0, 0), (1, 0)): [43024, 15370, 10800, 5642, 2814, 1268, 516, 226, 87, 42, 27, 8, 1, 5, 1, 0, 1]
(0, (1, 0, 0), (1, 1)): [37212, 12034, 8257, 4212, 1981, 951, 367, 147, 67, 29, 9, 3, 1, 2]
(0, (1, 0, 0), (1, 2)): [24083, 6760, 4712, 2329, 1087, 486, 208, 81, 43, 13, 2, 2]
(0, (1, 0, 0), (2, 0)): [13392, 5243, 3830, 2149, 1113, 508, 213, 94, 27, 19, 14, 2, 1, 3, 0, 0, 1]
(0, (1, 0, 0), (2, 1)): [18144, 6393, 4474, 2417, 1137, 547, 222, 89, 39, 19, 10, 3, 0, 4, 0, 0, 1]
(0, (1, 0, 0), (2, 2)): [17532, 5383, 3771, 1865, 915, 381, 188, 77, 39, 16, 7, 2, 0, 2]
(0, (1, 0, 0), (3, 0)): [3441, 1645, 1256, 834, 454, 197, 85, 37, 11, 8, 5, 1]
(0, (1, 0, 0), (3, 1)): [6442, 2688, 1956, 1246, 606, 296, 116, 47, 19, 9, 7, 1, 0, 2]
(0, (1, 0, 0), (3, 2)): [8222, 3120, 2162, 1258, 619, 263, 128, 59, 28, 10, 5, 1, 0, 1]
(0, (1, 0, 1), (0, 0)): [9304, 28759, 11676, 8297, 4368, 2026, 961, 384, 190, 77, 40, 17, 8, 2, 2, 0, 0, 1]
(0, (1, 0, 1), (0, 1)): [1144, 3225, 1322, 962, 493, 240, 113, 28, 19, 8, 2, 0, 3, 1]
(0, (1, 0, 1), (0, 2)): [529, 1132, 454, 315, 161, 82, 34, 8, 5, 1, 0, 0, 1, 1]
(0, (1, 0, 1), (1, 0)): [1009, 3382, 1402, 1058, 584, 285, 107, 55, 30, 12, 10, 1, 0, 0, 1]
(0, (1, 0, 1), (1, 1)): [904, 2598, 1094, 798, 417, 187, 81, 36, 24, 8, 5]
(0, (1, 0, 1), (1, 2)): [721, 1509, 633, 432, 232, 94, 47, 16, 9, 2, 1, 0, 1]
(0, (1, 0, 1), (2, 0)): [339, 1146, 486, 368, 217, 121, 43, 19, 6, 6, 5, 1]
(0, (1, 0, 1), (2, 1)): [435, 1351, 576, 434, 222, 124, 45, 18, 16, 7, 5]
(0, (1, 0, 1), (2, 2)): [564, 1165, 496, 364, 188, 94, 45, 20, 4, 4, 3]
(0, (1, 0, 1), (3, 0)): [115, 347, 174, 101, 85, 53, 17, 7, 1, 2, 1, 1]
(0, (1, 0, 1), (3, 1)): [165, 455, 247, 184, 130, 68, 17, 7, 9, 5, 2]
(0, (1, 0, 1), (3, 2)): [272, 570, 308, 212, 135, 76, 26, 11, 8, 8, 4]
(0, (1, 1, 0), (0, 0)): [55634, 35450, 26288, 19114, 10170, 4805, 2027, 936, 399, 174, 82, 34, 11, 5, 0, 0, 1]
(0, (1, 1, 0), (0, 1)): [7632, 4257, 2899, 2245, 1282, 548, 248, 106, 44, 15, 10, 4, 0, 1, 0, 0, 1]
(0, (1, 1, 0), (0, 2)): [3074, 1474, 971, 756, 426, 186, 74, 38, 19, 8, 3]
(0, (1, 1, 0), (1, 0)): [6046, 4065, 3124, 2441, 1264, 649, 257, 110, 47, 20, 10, 4, 2, 2]
(0, (1, 1, 0), (1, 1)): [5633, 3278, 2412, 1906, 989, 472, 193, 81, 25, 11, 9, 2, 2, 2, 0, 0, 1]
(0, (1, 1, 0), (1, 2)): [4007, 1960, 1375, 1161, 578, 247, 102, 46, 18, 11, 3, 1, 0, 1, 0, 0, 1]
(0, (1, 1, 0), (2, 0)): [1800, 1375, 1087, 828, 489, 251, 113, 47, 25, 10, 5, 3, 0, 1]
(0, (1, 1, 0), (2, 1)): [2614, 1686, 1324, 1004, 554, 259, 113, 50, 26, 8, 8, 3, 2]
(0, (1, 1, 0), (2, 2)): [2831, 1516, 1127, 916, 467, 222, 91, 43, 16, 10, 3, 1, 0, 0, 0, 0, 1]
(0, (1, 1, 0), (3, 0)): [426, 442, 388, 278, 185, 104, 45, 19, 10, 5, 2, 1, 0, 1]
(0, (1, 1, 0), (3, 1)): [930, 727, 592, 455, 294, 165, 70, 24, 17, 7, 4, 1, 2]
(0, (1, 1, 0), (3, 2)): [1321, 845, 698, 571, 312, 161, 68, 35, 13, 4, 2, 0, 0, 0, 0, 0, 1]
(0, (1, 1, 1), (0, 0)): [5244, 10402, 8441, 6146, 5007, 2500, 1144, 538, 262, 106, 56, 19, 6, 4, 1, 0, 1]
(0, (1, 1, 1), (0, 1)): [780, 1361, 1114, 752, 648, 326, 135, 65, 38, 16, 6, 3, 2, 1]
(0, (1, 1, 1), (0, 2)): [413, 540, 396, 263, 229, 118, 40, 21, 13, 5, 3, 1, 1]
(0, (1, 1, 1), (1, 0)): [529, 1272, 1071, 770, 627, 338, 142, 49, 38, 12, 7, 2, 0, 1, 0, 0, 1]
(0, (1, 1, 1), (1, 1)): [523, 1100, 914, 623, 503, 281, 122, 55, 30, 13, 5, 1, 1, 1, 0, 0, 1]
(0, (1, 1, 1), (1, 2)): [478, 755, 576, 382, 328, 163, 68, 29, 18, 4, 3, 1, 0, 1, 0, 0, 1]
(0, (1, 1, 1), (2, 0)): [144, 377, 358, 272, 248, 128, 44, 19, 10, 5, 2, 2, 0, 1]
(0, (1, 1, 1), (2, 1)): [243, 494, 452, 326, 261, 152, 57, 31, 19, 8, 2, 0, 1]
(0, (1, 1, 1), (2, 2)): [298, 549, 452, 307, 245, 133, 55, 28, 15, 6, 1, 1, 1]
(0, (1, 1, 1), (3, 0)): [30, 115, 97, 96, 75, 50, 22, 10, 2, 2, 2, 1, 0, 1]
(0, (1, 1, 1), (3, 1)): [77, 186, 192, 137, 112, 65, 35, 11, 5, 3, 1, 1, 0, 1]
(0, (1, 1, 1), (3, 2)): [117, 269, 259, 177, 157, 79, 47, 16, 11, 4, 1, 1, 1, 1]
(1, (0, 0, 0), (0, 0)): [1529514, 170921, 69977, 27796, 10826, 4125, 1612, 582, 208, 83, 32, 21, 7, 3, 0, 1]
(1, (0, 0, 0), (0, 1)): [207035, 21916, 8793, 3525, 1387, 510, 194, 85, 20, 5, 2, 3, 0, 1]
(1, (0, 0, 0), (0, 2)): [79004, 7093, 2840, 1066, 419, 149, 52, 23, 3, 2, 0, 2]
(1, (0, 0, 0), (1, 0)): [189146, 24291, 10260, 4148, 1660, 634, 259, 80, 29, 11, 4, 3, 0, 0, 0, 1]
(1, (0, 0, 0), (1, 1)): [180625, 20479, 8351, 3351, 1362, 489, 209, 77, 23, 8, 4, 1, 0, 1]
(1, (0, 0, 0), (1, 2)): [121441, 11597, 4623, 1858, 761, 274, 108, 33, 9, 5, 0, 1]
(1, (0, 0, 0), (2, 0)): [63426, 9191, 4164, 1725, 687, 280, 116, 39, 12, 4, 2, 2, 0, 0, 0, 1]
(1, (0, 0, 0), (2, 1)): [96372, 12219, 5301, 2093, 880, 332, 119, 60, 12, 6, 5, 1]
(1, (0, 0, 0), (2, 2)): [99327, 10528, 4488, 1844, 729, 278, 95, 43, 12, 6, 1]
(1, (0, 0, 0), (3, 0)): [18966, 3090, 1716, 732, 279, 123, 62, 14, 8, 3, 1, 1, 0, 0, 0, 1]
(1, (0, 0, 0), (3, 1)): [38591, 5882, 2910, 1209, 508, 196, 81, 29, 6, 2, 3]
(1, (0, 0, 0), (3, 2)): [54700, 7053, 3380, 1436, 596, 223, 75, 35, 9, 6, 3]
(1, (0, 0, 1), (0, 0)): [41204, 59301, 11874, 5126, 2099, 880, 326, 120, 59, 21, 12, 7, 4, 2]
(1, (0, 0, 1), (0, 1)): [5103, 6291, 1305, 522, 186, 89, 40, 9, 2, 0, 2, 1]
(1, (0, 0, 1), (0, 2)): [2239, 2058, 397, 148, 65, 26, 16, 2, 2, 0, 0, 1]
(1, (0, 0, 1), (1, 0)): [5463, 8247, 1748, 853, 351, 165, 47, 18, 13, 4, 1]
(1, (0, 0, 1), (1, 1)): [4738, 6147, 1277, 552, 216, 95, 30, 8, 4, 2, 1]
(1, (0, 0, 1), (1, 2)): [3521, 3402, 664, 284, 124, 50, 21, 3, 4, 0, 0, 1]
(1, (0, 0, 1), (2, 0)): [2237, 3374, 790, 438, 178, 84, 30, 12, 8, 2, 1]
(1, (0, 0, 1), (2, 1)): [2712, 3717, 807, 385, 149, 70, 20, 8, 5, 2, 1]
(1, (0, 0, 1), (2, 2)): [3074, 3135, 661, 304, 117, 50, 23, 5, 3, 0, 1, 1]
(1, (0, 0, 1), (3, 0)): [1048, 1349, 364, 238, 101, 47, 13, 6, 1, 0, 1]
(1, (0, 0, 1), (3, 1)): [1199, 1588, 409, 218, 81, 41, 13, 6, 2, 1]
(1, (0, 0, 1), (3, 2)): [1874, 1947, 467, 251, 106, 46, 20, 6, 3, 0, 1]
(1, (0, 1, 0), (0, 0)): [207103, 90200, 33287, 14441, 5862, 2354, 815, 369, 108, 53, 28, 9, 9, 2, 1]
(1, (0, 1, 0), (0, 1)): [26006, 10241, 3810, 1593, 640, 290, 93, 45, 12, 7, 4]
(1, (0, 1, 0), (0, 2)): [10141, 3583, 1268, 492, 181, 98, 31, 15, 3, 3]
(1, (0, 1, 0), (1, 0)): [28970, 12217, 4926, 2426, 1011, 404, 145, 64, 23, 9, 4, 0, 0, 1]
(1, (0, 1, 0), (1, 1)): [24024, 9529, 3659, 1689, 703, 280, 96, 33, 14, 3, 3, 0, 0, 1]
(1, (0, 1, 0), (1, 2)): [15946, 5688, 2048, 858, 316, 140, 48, 26, 7, 5]
(1, (0, 1, 0), (2, 0)): [12188, 4971, 2178, 1239, 525, 210, 77, 43, 13, 6, 4]
(1, (0, 1, 0), (2, 1)): [14030, 5596, 2357, 1160, 511, 189, 73, 31, 9, 4, 3, 0, 0, 1]
(1, (0, 1, 0), (2, 2)): [13953, 4976, 1952, 857, 352, 152, 46, 21, 8, 5, 1]
(1, (0, 1, 0), (3, 0)): [5563, 2053, 968, 688, 308, 122, 44, 20, 9, 3, 2]
(1, (0, 1, 0), (3, 1)): [6629, 2491, 1178, 710, 334, 114, 48, 25, 11, 2, 2, 0, 0, 1]
(1, (0, 1, 0), (3, 2)): [8637, 3063, 1372, 726, 333, 118, 42, 19, 5, 6, 2, 0, 0, 1]
(1, (0, 1, 1), (0, 0)): [32302, 27183, 23518, 9545, 5000, 1962, 780, 320, 142, 46, 12, 7, 2, 2, 0, 1]
(1, (0, 1, 1), (0, 1)): [3545, 2770, 2320, 962, 438, 158, 79, 34, 9, 0, 1]
(1, (0, 1, 1), (0, 2)): [1652, 898, 808, 340, 170, 50, 26, 15, 1, 0, 1]
(1, (0, 1, 1), (1, 0)): [4723, 4347, 3245, 1434, 917, 355, 135, 56, 22, 10]
(1, (0, 1, 1), (1, 1)): [3099, 2558, 2101, 862, 421, 150, 62, 27, 12, 4]
(1, (0, 1, 1), (1, 2)): [2495, 1471, 1301, 520, 265, 84, 38, 21, 4, 2, 1]
(1, (0, 1, 1), (2, 0)): [2700, 2337, 1680, 816, 614, 250, 101, 40, 15, 6]
(1, (0, 1, 1), (2, 1)): [1689, 1455, 1169, 533, 273, 112, 46, 14, 6, 3]
(1, (0, 1, 1), (2, 2)): [2081, 1270, 1115, 472, 243, 75, 31, 12, 5, 1]
(1, (0, 1, 1), (3, 0)): [1961, 1580, 1055, 567, 501, 198, 79, 33, 12, 5]
(1, (0, 1, 1), (3, 1)): [725, 660, 511, 244, 144, 76, 29, 12, 3, 3]
(1, (0, 1, 1), (3, 2)): [1172, 827, 614, 312, 185, 67, 25, 13, 4, 2]
(1, (1, 0, 0), (0, 0)): [572931, 101595, 66548, 28385, 11567, 4592, 1847, 651, 261, 108, 42, 29, 5, 3, 0, 2]
(1, (1, 0, 0), (0, 1)): [70110, 11250, 7543, 3252, 1307, 518, 218, 75, 19, 11, 6, 3]
(1, (1, 0, 0), (0, 2)): [26141, 3612, 2398, 971, 391, 172, 77, 18, 4, 4, 2]
(1, (1, 0, 0), (1, 0)): [67558, 13010, 9129, 4089, 1706, 686, 286, 103, 30, 13, 5, 2, 1, 0, 0, 1]
(1, (1, 0, 0), (1, 1)): [57289, 9862, 6786, 2984, 1198, 461, 188, 70, 21, 8, 6, 5, 0, 0, 0, 1]
(1, (1, 0, 0), (1, 2)): [36850, 5510, 3718, 1579, 616, 244, 102, 39, 8, 5, 4, 1]
(1, (1, 0, 0), (2, 0)): [22083, 4625, 3346, 1688, 703, 294, 129, 41, 15, 6, 1, 0, 1]
(1, (1, 0, 0), (2, 1)): [28962, 5446, 3847, 1853, 727, 307, 128, 40, 16, 3, 4, 3, 0, 0, 0, 1]
(1, (1, 0, 0), (2, 2)): [27919, 4546, 3082, 1390, 557, 231, 94, 35, 6, 4, 3, 1]
(1, (1, 0, 0), (3, 0)): [6180, 1545, 1041, 667, 305, 118, 54, 13, 5, 4, 0, 0, 1]
(1, (1, 0, 0), (3, 1)): [11106, 2564, 1719, 989, 405, 160, 72, 18, 9, 4, 2, 1, 0, 0, 0, 1]
(1, (1, 0, 0), (3, 2)): [14031, 2910, 1843, 972, 396, 171, 72, 20, 9, 4, 4, 2, 0, 0, 0, 1]
(1, (1, 0, 1), (0, 0)): [46651, 53623, 17225, 11690, 5064, 2099, 826, 320, 111, 66, 19, 7, 0, 1]
(1, (1, 0, 1), (0, 1)): [6243, 5670, 1835, 1248, 553, 239, 84, 22, 17, 6, 2]
(1, (1, 0, 1), (0, 2)): [2693, 1820, 622, 415, 192, 80, 34, 12, 6, 2, 1]
(1, (1, 0, 1), (1, 0)): [5547, 6364, 2163, 1567, 726, 292, 108, 53, 14, 11, 0, 1]
(1, (1, 0, 1), (1, 1)): [4913, 4749, 1563, 1108, 460, 205, 68, 19, 8, 4, 0, 1]
(1, (1, 0, 1), (1, 2)): [3566, 2625, 936, 623, 256, 118, 31, 20, 5, 2, 1]
(1, (1, 0, 1), (2, 0)): [1903, 2105, 780, 572, 309, 122, 46, 25, 6, 6]
(1, (1, 0, 1), (2, 1)): [2415, 2416, 821, 616, 295, 109, 47, 14, 8, 3, 0, 1]
(1, (1, 0, 1), (2, 2)): [2578, 2004, 766, 506, 243, 86, 36, 13, 7, 1]
(1, (1, 0, 1), (3, 0)): [650, 713, 279, 201, 134, 56, 17, 7, 1, 3]
(1, (1, 0, 1), (3, 1)): [909, 972, 381, 272, 157, 67, 20, 10, 2, 2, 0, 1]
(1, (1, 0, 1), (3, 2)): [1282, 1143, 478, 321, 194, 73, 28, 9, 6, 1, 0, 1]
(1, (1, 1, 0), (0, 0)): [160569, 48980, 32535, 23745, 9980, 4143, 1616, 640, 253, 104, 42, 21, 9, 5, 1]
(1, (1, 1, 0), (0, 1)): [21733, 5761, 3612, 2787, 1205, 492, 176, 69, 24, 12, 7, 3]
(1, (1, 1, 0), (0, 2)): [8720, 2024, 1202, 935, 395, 161, 50, 20, 6, 1, 2]
(1, (1, 1, 0), (1, 0)): [18868, 6253, 4205, 3284, 1407, 592, 261, 88, 27, 16, 9, 2, 2, 1]
(1, (1, 1, 0), (1, 1)): [17150, 4957, 3309, 2501, 1091, 436, 162, 68, 19, 20, 7, 2]
(1, (1, 1, 0), (1, 2)): [12185, 2971, 1866, 1448, 614, 202, 71, 39, 7, 4, 6, 2]
(1, (1, 1, 0), (2, 0)): [6052, 2263, 1474, 1170, 585, 270, 119, 38, 14, 4, 5, 1, 2, 1]
(1, (1, 1, 0), (2, 1)): [8456, 2744, 1884, 1420, 662, 309, 128, 34, 16, 8, 6, 0, 1]
(1, (1, 1, 0), (2, 2)): [9143, 2475, 1583, 1215, 578, 219, 86, 33, 10, 5, 3, 1]
(1, (1, 1, 0), (3, 0)): [1560, 841, 528, 346, 235, 111, 44, 21, 4, 1, 1, 1, 1]
(1, (1, 1, 0), (3, 1)): [3155, 1306, 905, 652, 373, 176, 65, 21, 9, 4, 4, 1, 1]
(1, (1, 1, 0), (3, 2)): [4425, 1545, 1070, 753, 430, 164, 66, 24, 6, 5, 2, 1, 1]
(1, (1, 1, 1), (0, 0)): [32764, 26254, 16520, 10692, 8119, 3448, 1411, 522, 220, 79, 26, 18, 9, 4, 1, 1]
(1, (1, 1, 1), (0, 1)): [4715, 3241, 1991, 1276, 1003, 399, 174, 59, 28, 8, 3, 1, 0, 1]
(1, (1, 1, 1), (0, 2)): [2219, 1119, 699, 457, 344, 114, 53, 15, 4, 4, 2, 0, 0, 1]
(1, (1, 1, 1), (1, 0)): [3603, 3274, 2014, 1297, 1096, 482, 216, 73, 28, 10, 3, 3, 2]
(1, (1, 1, 1), (1, 1)): [3513, 2698, 1693, 1087, 856, 357, 165, 61, 29, 7, 2, 2]
(1, (1, 1, 1), (1, 2)): [2785, 1575, 1028, 655, 506, 203, 90, 31, 12, 4, 1, 2, 0, 1]
(1, (1, 1, 1), (2, 0)): [924, 1080, 697, 447, 397, 201, 88, 35, 7, 3, 2, 1, 1]
(1, (1, 1, 1), (2, 1)): [1515, 1433, 860, 551, 446, 220, 96, 32, 13, 3, 2, 1]
(1, (1, 1, 1), (2, 2)): [1900, 1270, 826, 544, 430, 176, 90, 25, 10, 5, 1, 2, 0, 1]
(1, (1, 1, 1), (3, 0)): [158, 334, 228, 162, 120, 69, 32, 14, 3, 2, 0, 0, 1]
(1, (1, 1, 1), (3, 1)): [375, 595, 393, 244, 206, 114, 34, 21, 7, 2, 1, 0, 1]
(1, (1, 1, 1), (3, 2)): [738, 734, 493, 320, 259, 120, 52, 24, 5, 3, 2, 1, 0, 1]
(2, (0, 0, 0), (0, 0)): [1333850, 62887, 21055, 6709, 2233, 713, 243, 84, 13, 7, 5, 0, 1]
(2, (0, 0, 0), (0, 1)): [179767, 7617, 2526, 804, 289, 76, 31, 11, 2]
(2, (0, 0, 0), (0, 2)): [67961, 2045, 695, 225, 88, 18, 2, 5]
(2, (0, 0, 0), (1, 0)): [171326, 10019, 3524, 1071, 384, 108, 40, 12, 2, 0, 0, 0, 1]
(2, (0, 0, 0), (1, 1)): [160164, 7726, 2692, 810, 294, 87, 35, 6, 2]
(2, (0, 0, 0), (1, 2)): [105639, 3634, 1291, 423, 141, 39, 16, 6]
(2, (0, 0, 0), (2, 0)): [60720, 4000, 1661, 479, 177, 47, 18, 7, 1, 0, 0, 0, 1]
(2, (0, 0, 0), (2, 1)): [89173, 5036, 1958, 538, 185, 52, 21, 6, 2]
(2, (0, 0, 0), (2, 2)): [90179, 3798, 1462, 426, 143, 47, 15, 5]
(2, (0, 0, 0), (3, 0)): [19212, 1350, 764, 224, 82, 27, 8, 4, 0, 0, 0, 0, 1]
(2, (0, 0, 0), (3, 1)): [37691, 2536, 1239, 378, 115, 30, 9, 6, 1]
(2, (0, 0, 0), (3, 2)): [52763, 2856, 1353, 394, 130, 43, 12, 5, 1]
(2, (0, 0, 1), (0, 0)): [124582, 36731, 7774, 2633, 934, 329, 94, 31, 8, 5, 0, 2]
(2, (0, 0, 1), (0, 1)): [16132, 3912, 863, 275, 94, 39, 13, 4, 1, 2]
(2, (0, 0, 1), (0, 2)): [6369, 1174, 252, 79, 26, 11, 4, 0, 0, 1]
(2, (0, 0, 1), (1, 0)): [18610, 5192, 1315, 489, 184, 62, 17, 7, 2, 1, 0, 1]
(2, (0, 0, 1), (1, 1)): [15394, 3820, 863, 310, 113, 41, 8, 4, 1, 1]
(2, (0, 0, 1), (1, 2)): [10421, 1974, 425, 129, 59, 24, 6, 1, 0, 1]
(2, (0, 0, 1), (2, 0)): [8062, 2231, 658, 284, 105, 36, 11, 4, 1, 1, 0, 1]
(2, (0, 0, 1), (2, 1)): [9306, 2444, 655, 266, 96, 26, 7, 5, 0, 2]
(2, (0, 0, 1), (2, 2)): [9577, 1968, 507, 166, 74, 25, 5, 2]
(2, (0, 0, 1), (3, 0)): [3861, 926, 318, 171, 54, 22, 8, 1, 1, 0, 0, 1]
(2, (0, 0, 1), (3, 1)): [4402, 1187, 349, 186, 57, 19, 6, 3, 0, 1]
(2, (0, 0, 1), (3, 2)): [6155, 1362, 396, 175, 64, 19, 6, 2, 0, 1]
(2, (0, 1, 0), (0, 0)): [329588, 68488, 19142, 6753, 2290, 757, 223, 73, 16, 11, 7, 0, 1]
(2, (0, 1, 0), (0, 1)): [41476, 7207, 2014, 635, 252, 66, 20, 6, 3, 2, 1]
(2, (0, 1, 0), (0, 2)): [16288, 2142, 597, 170, 68, 13, 7, 1, 0, 1]
(2, (0, 1, 0), (1, 0)): [48803, 9627, 3265, 1345, 435, 147, 51, 21, 0, 1, 0, 0, 1]
(2, (0, 1, 0), (1, 1)): [39105, 7056, 2143, 737, 272, 77, 32, 12, 3, 1, 1]
(2, (0, 1, 0), (1, 2)): [26094, 3676, 980, 348, 124, 28, 14, 6, 0, 1]
(2, (0, 1, 0), (2, 0)): [22140, 4142, 1608, 813, 272, 87, 23, 11, 0, 1, 0, 0, 1]
(2, (0, 1, 0), (2, 1)): [23504, 4462, 1534, 570, 207, 59, 20, 5, 2, 1, 1, 0, 1]
(2, (0, 1, 0), (2, 2)): [23538, 3568, 1036, 411, 154, 34, 20, 7, 0, 2]
(2, (0, 1, 0), (3, 0)): [11326, 1806, 817, 555, 176, 54, 17, 11, 0, 1]
(2, (0, 1, 0), (3, 1)): [10972, 2102, 853, 411, 142, 45, 15, 5, 2, 0, 1, 0, 1]
(2, (0, 1, 0), (3, 2)): [14927, 2363, 869, 443, 154, 42, 24, 7, 0, 1, 0, 0, 1]
(2, (0, 1, 1), (0, 0)): [75632, 6396, 15995, 4560, 1807, 598, 195, 66, 22, 6, 4, 1, 0, 1]
(2, (0, 1, 1), (0, 1)): [9732, 620, 1672, 468, 161, 61, 12, 7, 1, 1]
(2, (0, 1, 1), (0, 2)): [4055, 212, 502, 147, 59, 18, 4, 1, 0, 1]
(2, (0, 1, 1), (1, 0)): [11575, 1123, 2248, 822, 372, 136, 39, 15, 3, 0, 2]
(2, (0, 1, 1), (1, 1)): [8960, 622, 1604, 492, 177, 74, 15, 9, 3]
(2, (0, 1, 1), (1, 2)): [6582, 353, 884, 258, 102, 31, 5, 3, 0, 1]
(2, (0, 1, 1), (2, 0)): [5627, 645, 1029, 445, 246, 85, 24, 10, 1, 0, 2]
(2, (0, 1, 1), (2, 1)): [5250, 428, 986, 330, 141, 56, 11, 5, 3, 0, 1]
(2, (0, 1, 1), (2, 2)): [5816, 397, 823, 262, 104, 47, 7, 4, 2]
(2, (0, 1, 1), (3, 0)): [3320, 448, 530, 263, 174, 64, 20, 9, 0, 0, 1]
(2, (0, 1, 1), (3, 1)): [2544, 227, 454, 178, 94, 34, 10, 6, 1, 0, 1]
(2, (0, 1, 1), (3, 2)): [3723, 317, 564, 206, 99, 51, 8, 7, 3]
(2, (1, 0, 0), (0, 0)): [693828, 50322, 33878, 10756, 3547, 1121, 440, 126, 29, 13, 7, 1, 1]
(2, (1, 0, 0), (0, 1)): [84409, 5179, 3642, 1169, 396, 129, 58, 20, 8, 0, 0, 1]
(2, (1, 0, 0), (0, 2)): [31353, 1392, 938, 315, 109, 28, 19, 3, 4]
(2, (1, 0, 0), (1, 0)): [83829, 7008, 5001, 1715, 594, 167, 74, 19, 3, 1, 0, 0, 1]
(2, (1, 0, 0), (1, 1)): [71386, 4802, 3414, 1140, 379, 115, 49, 15, 4]
(2, (1, 0, 0), (1, 2)): [45607, 2253, 1531, 552, 184, 48, 23, 3, 4]
(2, (1, 0, 0), (2, 0)): [28413, 2758, 1880, 805, 274, 80, 36, 13, 2, 1, 0, 0, 1]
(2, (1, 0, 0), (2, 1)): [37539, 2978, 2086, 772, 257, 80, 36, 10, 1, 0, 0, 0, 1]
(2, (1, 0, 0), (2, 2)): [35848, 2208, 1445, 527, 199, 52, 29, 4, 3]
(2, (1, 0, 0), (3, 0)): [8451, 1031, 623, 384, 122, 36, 14, 6, 1, 1]
(2, (1, 0, 0), (3, 1)): [15208, 1570, 1023, 531, 140, 51, 19, 5, 1, 1, 0, 0, 1]
(2, (1, 0, 0), (3, 2)): [19071, 1653, 1060, 482, 154, 53, 20, 6, 1, 1, 0, 0, 1]
(2, (1, 0, 1), (0, 0)): [122031, 28727, 11305, 7177, 2376, 779, 267, 84, 30, 9, 2, 4, 1]
(2, (1, 0, 1), (0, 1)): [16347, 3174, 1180, 791, 285, 90, 27, 6, 4, 1, 1, 1]
(2, (1, 0, 1), (0, 2)): [6557, 947, 349, 220, 83, 19, 4, 1, 1]
(2, (1, 0, 1), (1, 0)): [16066, 3589, 1637, 1148, 430, 119, 49, 14, 1, 1, 0, 1]
(2, (1, 0, 1), (1, 1)): [13809, 2771, 1160, 748, 307, 92, 37, 9, 3, 1, 1, 2]
(2, (1, 0, 1), (1, 2)): [9345, 1424, 587, 365, 145, 42, 18, 3, 3, 0, 0, 1]
(2, (1, 0, 1), (2, 0)): [5782, 1275, 684, 465, 188, 52, 19, 8, 1]
(2, (1, 0, 1), (2, 1)): [7523, 1513, 735, 443, 220, 67, 19, 8, 0, 1, 0, 1]
(2, (1, 0, 1), (2, 2)): [7274, 1157, 551, 322, 137, 50, 18, 3, 3, 0, 0, 1]
(2, (1, 0, 1), (3, 0)): [1953, 403, 278, 186, 75, 18, 12, 3, 1]
(2, (1, 0, 1), (3, 1)): [3261, 612, 370, 237, 134, 27, 15, 4, 1, 1]
(2, (1, 0, 1), (3, 2)): [4079, 618, 425, 229, 128, 40, 12, 4, 3]
(2, (1, 1, 0), (0, 0)): [274997, 41693, 20996, 14612, 4788, 1525, 522, 180, 53, 26, 10, 2, 2, 1]
(2, (1, 1, 0), (0, 1)): [36291, 4642, 2204, 1625, 487, 148, 56, 28, 3, 3, 2, 1, 1]
(2, (1, 1, 0), (0, 2)): [14802, 1367, 650, 478, 141, 43, 13, 9, 2, 1]
(2, (1, 1, 0), (1, 0)): [33775, 5173, 2958, 2170, 812, 237, 96, 24, 8, 4, 1]
(2, (1, 1, 0), (1, 1)): [30652, 4156, 2152, 1562, 481, 155, 56, 24, 6, 3, 2, 1, 1]
(2, (1, 1, 0), (1, 2)): [21589, 2167, 1116, 754, 232, 78, 22, 16, 4, 1, 1]
(2, (1, 1, 0), (2, 0)): [11629, 1837, 1215, 850, 417, 118, 49, 10, 2, 3]
(2, (1, 1, 0), (2, 1)): [16205, 2260, 1381, 979, 377, 103, 45, 13, 4, 2, 0, 0, 1]
(2, (1, 1, 0), (2, 2)): [17118, 1851, 1095, 725, 275, 73, 35, 16, 7, 1, 1]
(2, (1, 1, 0), (3, 0)): [3745, 588, 496, 283, 211, 66, 25, 4, 0, 2]
(2, (1, 1, 0), (3, 1)): [6863, 1002, 779, 483, 278, 71, 32, 3, 0, 0, 0, 0, 1]
(2, (1, 1, 0), (3, 2)): [9550, 1119, 883, 531, 300, 63, 31, 11, 4, 0, 1]
(2, (1, 1, 1), (0, 0)): [80549, 11733, 13420, 6665, 5041, 1569, 544, 185, 58, 14, 10, 3, 1, 1]
(2, (1, 1, 1), (0, 1)): [11950, 1259, 1559, 799, 619, 173, 68, 19, 6, 0, 3, 0, 1]
(2, (1, 1, 1), (0, 2)): [5187, 392, 441, 238, 162, 51, 21, 5, 1, 0, 2]
(2, (1, 1, 1), (1, 0)): [9324, 2081, 1763, 981, 781, 260, 87, 32, 9, 4, 1, 2]
(2, (1, 1, 1), (1, 1)): [9454, 1344, 1464, 785, 606, 175, 64, 20, 6, 1, 1, 0, 1]
(2, (1, 1, 1), (1, 2)): [7261, 687, 744, 360, 295, 96, 27, 10, 3, 1, 2]
(2, (1, 1, 1), (2, 0)): [2609, 1205, 604, 388, 317, 112, 35, 12, 4, 3, 0, 2]
(2, (1, 1, 1), (2, 1)): [4279, 1115, 804, 511, 377, 132, 46, 8, 3, 0, 0, 0, 1]
(2, (1, 1, 1), (2, 2)): [5174, 817, 662, 394, 286, 106, 31, 8, 3, 1, 2]
(2, (1, 1, 1), (3, 0)): [445, 742, 167, 173, 96, 53, 17, 9, 2, 3, 0, 1]
(2, (1, 1, 1), (3, 1)): [1259, 919, 310, 293, 192, 72, 27, 7, 1, 3, 0, 1]
(2, (1, 1, 1), (3, 2)): [2177, 929, 396, 358, 220, 89, 33, 8, 2, 1, 2]
