(0, (0, 0, 0), (0, 0)): [627117, 127254, 60289, 27831, 12698, 5584, 2348, 990, 420, 201, 86, 41, 21, 6, 3, 1, 0, 1]
(0, (0, 0, 0), (0, 1)): [9800, 1862, 932, 380, 190, 75, 25, 17, 4, 5, 1, 0, 2, 1, 0, 1]
(0, (0, 0, 0), (0, 2)): [3380, 592, 285, 117, 58, 12, 9, 10, 0, 1, 0, 0, 1]
(0, (0, 0, 0), (1, 0)): [9113, 2019, 1073, 477, 250, 96, 53, 16, 4, 2, 2]
(0, (0, 0, 0), (1, 1)): [8337, 1637, 888, 385, 194, 81, 25, 15, 5, 2, 2, 0, 1, 1, 0, 1]
(0, (0, 0, 0), (1, 2)): [5071, 921, 456, 177, 97, 32, 13, 10, 3, 1, 0, 0, 2]
(0, (0, 0, 0), (2, 0)): [3084, 777, 409, 203, 114, 42, 28, 6, 1, 1, 1]
(0, (0, 0, 0), (2, 1)): [4595, 978, 533, 267, 132, 56, 26, 11, 1, 0, 1, 0, 0, 1]
(0, (0, 0, 0), (2, 2)): [4155, 810, 393, 177, 96, 35, 13, 10, 1, 1, 1, 0, 2]
(0, (0, 0, 0), (3, 0)): [1028, 272, 183, 96, 50, 24, 12, 1, 1, 0, 1]
(0, (0, 0, 0), (3, 1)): [1893, 455, 305, 161, 73, 30, 16, 4, 2]
(0, (0, 0, 0), (3, 2)): [2549, 528, 347, 171, 83, 28, 12, 6, 2, 1, 0, 0, 2]
(0, (0, 0, 1), (0, 0)): [2725, 8772, 2487, 1154, 579, 256, 115, 64, 27, 13, 4, 1, 3, 1]
(0, (0, 0, 1), (0, 1)): [36, 89, 37, 10, 7, 3, 3, 0, 0, 0, 0, 0, 0, 1]
(0, (0, 0, 1), (0, 2)): [14, 35, 12, 2, 3]
(0, (0, 0, 1), (1, 0)): [42, 92, 26, 18, 11, 6, 1, 1, 1]
(0, (0, 0, 1), (1, 1)): [31, 61, 25, 10, 8, 4, 2, 0, 0, 0, 0, 0, 0, 1]
(0, (0, 0, 1), (1, 2)): [20, 44, 16, 5, 5, 0, 1]
(0, (0, 0, 1), (2, 0)): [22, 40, 13, 9, 3, 4, 1, 1, 1]
(0, (0, 0, 1), (2, 1)): [22, 33, 15, 8, 6, 3]
(0, (0, 0, 1), (2, 2)): [21, 27, 12, 4, 4, 1]
(0, (0, 0, 1), (3, 0)): [4, 21, 6, 5, 0, 2, 1, 1, 1]
(0, (0, 0, 1), (3, 1)): [7, 15, 6, 5, 3, 3, 0, 1]
(0, (0, 0, 1), (3, 2)): [13, 17, 4, 4, 2, 3, 0, 1]
(0, (0, 1, 0), (0, 0)): [20285, 20255, 7917, 3758, 1894, 863, 356, 155, 69, 42, 15, 5, 2, 0, 1]
(0, (0, 1, 0), (0, 1)): [305, 246, 107, 48, 16, 13, 4, 2]
(0, (0, 1, 0), (0, 2)): [109, 70, 35, 14, 1, 6, 1]
(0, (0, 1, 0), (1, 0)): [291, 275, 97, 59, 35, 18, 7, 0, 1]
(0, (0, 1, 0), (1, 1)): [259, 202, 84, 43, 21, 9, 5, 2]
(0, (0, 1, 0), (1, 2)): [160, 117, 44, 27, 9, 8, 2]
(0, (0, 1, 0), (2, 0)): [94, 103, 37, 24, 14, 12, 3, 0, 1]
(0, (0, 1, 0), (2, 1)): [112, 104, 46, 27, 10, 13, 5, 2]
(0, (0, 1, 0), (2, 2)): [119, 87, 43, 22, 5, 6, 4, 1]
(0, (0, 1, 0), (3, 0)): [42, 42, 17, 15, 10, 3, 1, 0, 1]
(0, (0, 1, 0), (3, 1)): [49, 48, 23, 16, 13, 6, 2, 1]
(0, (0, 1, 0), (3, 2)): [70, 54, 34, 15, 9, 4, 4]
(0, (0, 1, 1), (0, 0)): [1822, 3231, 4153, 1880, 1020, 481, 209, 96, 48, 17, 6, 5, 0, 2, 1, 0, 0, 1]
(0, (0, 1, 1), (0, 1)): [24, 32, 52, 25, 14, 3, 3, 1, 1]
(0, (0, 1, 1), (0, 2)): [10, 11, 22, 9, 8, 1, 1, 1]
(0, (0, 1, 1), (1, 0)): [35, 54, 71, 37, 24, 8, 7, 3, 2, 0, 0, 1]
(0, (0, 1, 1), (1, 1)): [20, 31, 39, 22, 14, 3, 3, 0, 1]
(0, (0, 1, 1), (1, 2)): [13, 10, 23, 12, 10, 2, 2, 1]
(0, (0, 1, 1), (2, 0)): [22, 33, 37, 21, 12, 5, 3, 3, 2, 0, 0, 1]
(0, (0, 1, 1), (2, 1)): [15, 25, 30, 17, 9, 3, 2, 2, 2]
(0, (0, 1, 1), (2, 2)): [17, 15, 23, 13, 6, 2, 1, 2]
(0, (0, 1, 1), (3, 0)): [13, 18, 18, 17, 10, 4, 1, 1, 0, 0, 0, 1]
(0, (0, 1, 1), (3, 1)): [7, 14, 12, 9, 7, 1, 0, 0, 2]
(0, (0, 1, 1), (3, 2)): [12, 8, 19, 11, 5, 2, 1, 2, 1]
(0, (1, 0, 0), (0, 0)): [139245, 47796, 30317, 15188, 7371, 3364, 1449, 630, 272, 129, 60, 26, 13, 4, 2, 1, 0, 1]
(0, (1, 0, 0), (0, 1)): [2011, 550, 441, 206, 116, 46, 16, 8, 2]
(0, (1, 0, 0), (0, 2)): [719, 151, 138, 58, 36, 11, 7, 1, 1]
(0, (1, 0, 0), (1, 0)): [1856, 629, 441, 225, 128, 40, 30, 10, 2, 4, 2]
(0, (1, 0, 0), (1, 1)): [1584, 475, 339, 172, 89, 27, 16, 7, 2, 2]
(0, (1, 0, 0), (1, 2)): [930, 233, 190, 77, 49, 19, 10, 1, 1]
(0, (1, 0, 0), (2, 0)): [578, 218, 147, 89, 55, 20, 8, 8, 1, 2, 2]
(0, (1, 0, 0), (2, 1)): [796, 248, 176, 110, 60, 18, 7, 5, 2, 3]
(0, (1, 0, 0), (2, 2)): [682, 186, 151, 70, 42, 11, 6, 3, 2, 2]
(0, (1, 0, 0), (3, 0)): [178, 78, 56, 38, 28, 8, 1, 5, 0, 1, 1]
(0, (1, 0, 0), (3, 1)): [305, 107, 73, 48, 40, 10, 3, 2, 1, 1, 1]
(0, (1, 0, 0), (3, 2)): [360, 119, 81, 45, 39, 10, 3, 1, 0, 2]
(0, (1, 0, 1), (0, 0)): [3130, 10301, 4286, 2932, 1591, 748, 370, 157, 73, 31, 13, 10, 4, 0, 1, 0, 0, 1]
(0, (1, 0, 1), (0, 1)): [41, 120, 54, 38, 16, 9, 7, 1, 1, 0, 0, 0, 1]
(0, (1, 0, 1), (0, 2)): [18, 46, 11, 14, 6, 6, 4, 0, 1]
(0, (1, 0, 1), (1, 0)): [40, 146, 63, 42, 20, 12, 1, 2, 2, 1, 1]
(0, (1, 0, 1), (1, 1)): [34, 104, 40, 30, 14, 9, 3, 1, 2, 0, 1]
(0, (1, 0, 1), (1, 2)): [23, 49, 16, 13, 9, 6, 1, 1, 2]
(0, (1, 0, 1), (2, 0)): [15, 55, 27, 15, 7, 5, 0, 1, 0, 1]
(0, (1, 0, 1), (2, 1)): [15, 71, 26, 19, 8, 5, 0, 0, 1, 0, 1]
(0, (1, 0, 1), (2, 2)): [22, 52, 19, 10, 6, 3, 0, 1, 1, 0, 1]
(0, (1, 0, 1), (3, 0)): [8, 15, 13, 9, 4, 4, 0, 1]
(0, (1, 0, 1), (3, 1)): [7, 22, 10, 7, 7, 4]
(0, (1, 0, 1), (3, 2)): [6, 28, 17, 7, 6, 1, 0, 0, 1, 0, 1]
(0, (1, 1, 0), (0, 0)): [18984, 12609, 10060, 6956, 3821, 1805, 803, 398, 164, 73, 38, 14, 6, 1]
(0, (1, 1, 0), (0, 1)): [316, 177, 112, 96, 54, 23, 7, 6, 0, 0, 1]
(0, (1, 1, 0), (0, 2)): [114, 60, 40, 30, 23, 6, 3, 4]
(0, (1, 1, 0), (1, 0)): [237, 164, 140, 98, 60, 31, 11, 7, 1, 3]
(0, (1, 1, 0), (1, 1)): [207, 121, 90, 69, 35, 19, 5, 3, 0, 1, 1]
(0, (1, 1, 0), (1, 2)): [131, 66, 52, 39, 20, 7, 3, 3, 0, 1]
(0, (1, 1, 0), (2, 0)): [57, 51, 50, 38, 25, 14, 4, 5, 1, 1]
(0, (1, 1, 0), (2, 1)): [94, 66, 55, 37, 26, 13, 3, 4, 0, 1]
(0, (1, 1, 0), (2, 2)): [82, 60, 48, 29, 14, 8, 1, 3, 0, 2]
(0, (1, 1, 0), (3, 0)): [15, 19, 20, 15, 10, 4, 2, 2, 1]
(0, (1, 1, 0), (3, 1)): [33, 25, 28, 23, 11, 8, 4, 1, 1]
(0, (1, 1, 0), (3, 2)): [48, 34, 31, 22, 10, 5, 1, 2, 1]
(0, (1, 1, 1), (0, 0)): [1955, 3634, 3081, 2454, 1923, 948, 454, 234, 102, 41, 28, 11, 1, 1, 1]
(0, (1, 1, 1), (0, 1)): [40, 44, 47, 35, 22, 8, 4, 2, 3, 2, 1, 1]
(0, (1, 1, 1), (0, 2)): [22, 18, 12, 13, 12, 2, 1, 1, 1, 0, 0, 1]
(0, (1, 1, 1), (1, 0)): [26, 65, 65, 40, 42, 22, 6, 6, 1, 0, 1]
(0, (1, 1, 1), (1, 1)): [23, 41, 49, 29, 20, 8, 5, 4, 1, 1, 1]
(0, (1, 1, 1), (1, 2)): [24, 22, 21, 12, 10, 4, 3, 1, 2, 0, 0, 1]
(0, (1, 1, 1), (2, 0)): [8, 28, 16, 19, 22, 7, 1, 2, 1, 0, 1]
(0, (1, 1, 1), (2, 1)): [12, 25, 24, 15, 20, 6, 0, 4, 1]
(0, (1, 1, 1), (2, 2)): [12, 23, 17, 13, 9, 4, 2, 3, 1, 0, 0, 1]
(0, (1, 1, 1), (3, 0)): [1, 6, 7, 9, 6, 2, 0, 0, 0, 0, 1]
(0, (1, 1, 1), (3, 1)): [3, 11, 7, 14, 7, 1, 0, 0, 0, 0, 1]
(0, (1, 1, 1), (3, 2)): [5, 7, 10, 12, 6, 1, 1, 0, 1, 0, 0, 1]
(1, (0, 0, 0), (0, 0)): [499041, 54771, 22945, 9206, 3695, 1449, 563, 217, 86, 37, 14, 10, 5, 2, 0, 1]
(1, (0, 0, 0), (0, 1)): [7845, 828, 369, 131, 60, 12, 5, 5, 1, 0, 0, 0, 0, 1]
(1, (0, 0, 0), (0, 2)): [2742, 236, 105, 42, 13, 2, 0, 2]
(1, (0, 0, 0), (1, 0)): [7671, 981, 453, 152, 74, 26, 14, 5, 0, 1, 0, 0, 0, 0, 0, 1]
(1, (0, 0, 0), (1, 1)): [6782, 786, 340, 113, 57, 18, 11, 2, 1, 1, 0, 0, 0, 1]
(1, (0, 0, 0), (1, 2)): [4110, 398, 164, 67, 24, 8, 4, 2]
(1, (0, 0, 0), (2, 0)): [2686, 386, 209, 60, 32, 13, 5, 3, 0, 0, 0, 0, 0, 0, 0, 1]
(1, (0, 0, 0), (2, 1)): [3796, 488, 226, 71, 45, 14, 6, 2, 0, 1]
(1, (0, 0, 0), (2, 2)): [3424, 354, 155, 60, 24, 12, 6, 3]
(1, (0, 0, 0), (3, 0)): [888, 140, 102, 29, 14, 4, 3, 0, 0, 0, 0, 0, 0, 0, 0, 1]
(1, (0, 0, 0), (3, 1)): [1630, 273, 147, 47, 29, 5, 2]
(1, (0, 0, 0), (3, 2)): [2031, 269, 149, 51, 25, 11, 5, 2]
(1, (0, 0, 1), (0, 0)): [14542, 22361, 4420, 1875, 796, 334, 137, 63, 29, 11, 6, 4, 3, 1]
(1, (0, 0, 1), (0, 1)): [192, 229, 49, 13, 8, 3, 3]
(1, (0, 0, 1), (0, 2)): [78, 74, 13, 4, 2, 0, 1]
(1, (0, 0, 1), (1, 0)): [216, 293, 59, 30, 14, 8, 4, 1, 1]
(1, (0, 0, 1), (1, 1)): [170, 218, 39, 13, 7, 4, 2, 1]
(1, (0, 0, 1), (1, 2)): [118, 105, 16, 8, 4, 1, 1]
(1, (0, 0, 1), (2, 0)): [96, 119, 31, 19, 7, 6, 4, 0, 1]
(1, (0, 0, 1), (2, 1)): [88, 125, 22, 9, 3, 4, 4, 1]
(1, (0, 0, 1), (2, 2)): [86, 99, 12, 8, 2, 1]
(1, (0, 0, 1), (3, 0)): [41, 55, 16, 13, 6, 3, 2, 0, 1]
(1, (0, 0, 1), (3, 1)): [53, 62, 9, 9, 3, 1, 2, 1]
(1, (0, 0, 1), (3, 2)): [55, 63, 10, 8, 2, 1, 1]
(1, (0, 1, 0), (0, 0)): [69153, 33259, 11641, 4958, 2027, 828, 300, 143, 37, 27, 12, 7, 5, 1, 1]
(1, (0, 1, 0), (0, 1)): [839, 356, 131, 55, 19, 7, 5, 2, 1]
(1, (0, 1, 0), (0, 2)): [299, 129, 37, 14, 5, 2, 2]
(1, (0, 1, 0), (1, 0)): [1115, 513, 175, 112, 54, 18, 4, 3, 0, 0, 1, 0, 0, 1]
(1, (0, 1, 0), (1, 1)): [787, 320, 113, 60, 25, 9, 5, 3, 1, 0, 0, 0, 0, 1]
(1, (0, 1, 0), (1, 2)): [465, 184, 58, 25, 10, 3, 3, 1]
(1, (0, 1, 0), (2, 0)): [486, 203, 82, 69, 27, 11, 2, 2, 0, 0, 1]
(1, (0, 1, 0), (2, 1)): [444, 176, 60, 47, 22, 9, 4, 3, 0, 0, 1, 0, 0, 1]
(1, (0, 1, 0), (2, 2)): [387, 160, 50, 32, 13, 3, 1, 1]
(1, (0, 1, 0), (3, 0)): [237, 109, 39, 49, 19, 5, 0, 1]
(1, (0, 1, 0), (3, 1)): [213, 82, 34, 29, 16, 4, 1, 1, 0, 0, 0, 0, 0, 1]
(1, (0, 1, 0), (3, 2)): [217, 86, 41, 32, 16, 1, 0, 1, 0, 0, 0, 0, 0, 1]
(1, (0, 1, 1), (0, 0)): [11758, 10154, 9761, 3863, 1928, 786, 311, 127, 69, 18, 8, 4, 1, 2, 0, 1]
(1, (0, 1, 1), (0, 1)): [126, 103, 80, 24, 16, 7, 5, 2]
(1, (0, 1, 1), (0, 2)): [58, 26, 27, 7, 5, 0, 1]
(1, (0, 1, 1), (1, 0)): [233, 177, 133, 73, 54, 14, 6, 5, 2, 1]
(1, (0, 1, 1), (1, 1)): [107, 92, 70, 30, 14, 5, 5, 2]
(1, (0, 1, 1), (1, 2)): [77, 42, 38, 19, 4, 1, 1]
(1, (0, 1, 1), (2, 0)): [158, 117, 74, 44, 44, 12, 5, 4, 2, 1]
(1, (0, 1, 1), (2, 1)): [66, 61, 40, 18, 7, 7, 5, 1]
(1, (0, 1, 1), (2, 2)): [59, 45, 34, 16, 8, 0, 0, 1]
(1, (0, 1, 1), (3, 0)): [129, 96, 58, 34, 40, 9, 4, 4, 2, 1]
(1, (0, 1, 1), (3, 1)): [32, 28, 14, 7, 2, 5, 5]
(1, (0, 1, 1), (3, 2)): [35, 35, 21, 5, 4, 2, 1]
(1, (1, 0, 0), (0, 0)): [202325, 37492, 23291, 10198, 4146, 1720, 672, 239, 116, 53, 20, 15, 3, 2, 0, 2]
(1, (1, 0, 0), (0, 1)): [2900, 435, 346, 133, 55, 17, 11, 1, 0, 2]
(1, (1, 0, 0), (0, 2)): [988, 135, 120, 38, 16, 5, 5, 0, 0, 2]
(1, (1, 0, 0), (1, 0)): [2893, 540, 405, 177, 72, 27, 11, 6, 1, 1, 0, 0, 1, 0, 0, 1]
(1, (1, 0, 0), (1, 1)): [2397, 377, 294, 106, 48, 15, 7, 3, 0, 0, 0, 0, 0, 0, 0, 1]
(1, (1, 0, 0), (1, 2)): [1397, 193, 156, 46, 27, 8, 5, 1, 0, 1]
(1, (1, 0, 0), (2, 0)): [931, 201, 149, 85, 31, 15, 6, 0, 1, 1, 0, 0, 1]
(1, (1, 0, 0), (2, 1)): [1221, 220, 180, 80, 29, 12, 3, 1, 1, 0, 0, 0, 0, 0, 0, 1]
(1, (1, 0, 0), (2, 2)): [1065, 167, 135, 62, 27, 9, 2, 0, 0, 1]
(1, (1, 0, 0), (3, 0)): [299, 79, 48, 34, 16, 6, 3, 0, 0, 1, 0, 0, 1]
(1, (1, 0, 0), (3, 1)): [481, 120, 78, 48, 15, 6, 4, 1, 0, 0, 0, 0, 0, 0, 0, 1]
(1, (1, 0, 0), (3, 2)): [552, 117, 73, 42, 18, 10, 3, 0, 0, 0, 0, 0, 0, 0, 0, 1]
(1, (1, 0, 1), (0, 0)): [15584, 20163, 6683, 4280, 1830, 801, 295, 121, 50, 38, 12, 3, 0, 1]
(1, (1, 0, 1), (0, 1)): [242, 211, 67, 52, 27, 10, 5, 0, 3, 2]
(1, (1, 0, 1), (0, 2)): [104, 62, 21, 18, 5, 5, 1, 0, 0, 1]
(1, (1, 0, 1), (1, 0)): [227, 290, 79, 55, 31, 14, 3, 1, 0, 2]
(1, (1, 0, 1), (1, 1)): [185, 177, 55, 45, 28, 3, 4, 0, 2]
(1, (1, 0, 1), (1, 2)): [134, 93, 37, 29, 13, 3, 2, 0, 0, 1]
(1, (1, 0, 1), (2, 0)): [90, 102, 24, 15, 12, 8, 1, 0, 0, 1]
(1, (1, 0, 1), (2, 1)): [90, 94, 26, 21, 12, 5, 3, 0, 2]
(1, (1, 0, 1), (2, 2)): [78, 69, 27, 13, 8, 3, 2, 0, 1]
(1, (1, 0, 1), (3, 0)): [34, 44, 8, 5, 6, 4, 0, 0, 0, 1]
(1, (1, 0, 1), (3, 1)): [35, 44, 9, 12, 9, 6]
(1, (1, 0, 1), (3, 2)): [40, 40, 18, 12, 11, 6, 2, 0, 1]
(1, (1, 1, 0), (0, 0)): [54918, 17490, 12397, 8431, 3685, 1610, 636, 250, 102, 50, 19, 9, 5, 4, 1]
(1, (1, 1, 0), (0, 1)): [807, 212, 159, 112, 47, 16, 11, 3]
(1, (1, 1, 0), (0, 2)): [305, 79, 53, 40, 16, 3, 1]
(1, (1, 1, 0), (1, 0)): [764, 264, 187, 150, 66, 21, 7, 3, 1, 1, 0, 0, 2, 1]
(1, (1, 1, 0), (1, 1)): [643, 178, 134, 94, 42, 14, 10, 3, 0, 1]
(1, (1, 1, 0), (1, 2)): [444, 101, 73, 60, 23, 6, 4, 1]
(1, (1, 1, 0), (2, 0)): [253, 97, 67, 55, 28, 9, 1, 1, 1, 0, 0, 0, 2, 1]
(1, (1, 1, 0), (2, 1)): [318, 113, 71, 57, 21, 10, 4, 1, 0, 1, 0, 0, 1]
(1, (1, 1, 0), (2, 2)): [322, 82, 52, 36, 22, 6, 3, 1]
(1, (1, 1, 0), (3, 0)): [73, 34, 26, 19, 17, 6, 1, 1, 1, 0, 0, 0, 1]
(1, (1, 1, 0), (3, 1)): [128, 57, 38, 27, 16, 3, 4, 2, 0, 1, 0, 0, 1]
(1, (1, 1, 0), (3, 2)): [173, 54, 36, 21, 19, 5, 5, 3, 0, 1, 0, 0, 1]
(1, (1, 1, 1), (0, 0)): [11391, 9307, 6035, 4149, 2966, 1307, 543, 200, 94, 35, 15, 10, 5, 2, 1, 1]
(1, (1, 1, 1), (0, 1)): [205, 137, 85, 57, 52, 14, 6, 4, 2]
(1, (1, 1, 1), (0, 2)): [97, 51, 30, 15, 20, 4, 4]
(1, (1, 1, 1), (1, 0)): [182, 138, 99, 63, 56, 23, 13, 2, 2, 2, 0, 1, 1]
(1, (1, 1, 1), (1, 1)): [153, 88, 68, 52, 47, 13, 3, 3, 1]
(1, (1, 1, 1), (1, 2)): [112, 48, 41, 28, 25, 10, 5, 1]
(1, (1, 1, 1), (2, 0)): [54, 59, 42, 25, 20, 13, 7, 2, 1, 1, 0, 1, 1]
(1, (1, 1, 1), (2, 1)): [73, 61, 45, 30, 32, 5, 4, 2, 1, 1, 0, 1]
(1, (1, 1, 1), (2, 2)): [74, 42, 38, 30, 28, 6, 5, 2]
(1, (1, 1, 1), (3, 0)): [15, 22, 11, 12, 5, 8, 3, 0, 1, 0, 0, 0, 1]
(1, (1, 1, 1), (3, 1)): [29, 28, 13, 16, 12, 6, 3, 1, 0, 0, 0, 0, 1]
(1, (1, 1, 1), (3, 2)): [52, 27, 22, 22, 17, 7, 2, 1]
(2, (0, 0, 0), (0, 0)): [428465, 18984, 6603, 2081, 749, 260, 92, 34, 8, 2, 2, 0, 1]
(2, (0, 0, 0), (0, 1)): [6908, 303, 105, 29, 16, 4, 3]
(2, (0, 0, 0), (0, 2)): [2300, 70, 21, 9, 2, 1]
(2, (0, 0, 0), (1, 0)): [7100, 415, 145, 45, 17, 8, 3, 0, 0, 0, 0, 0, 1]
(2, (0, 0, 0), (1, 1)): [6234, 314, 115, 25, 16, 4, 5]
(2, (0, 0, 0), (1, 2)): [3683, 139, 47, 13, 7, 3, 1]
(2, (0, 0, 0), (2, 0)): [2589, 158, 68, 27, 9, 5, 1, 0, 0, 0, 0, 0, 1]
(2, (0, 0, 0), (2, 1)): [3623, 184, 78, 26, 8, 3, 3]
(2, (0, 0, 0), (2, 2)): [3083, 146, 51, 18, 9, 4]
(2, (0, 0, 0), (3, 0)): [910, 66, 38, 13, 6, 2, 1, 0, 0, 0, 0, 0, 1]
(2, (0, 0, 0), (3, 1)): [1641, 92, 52, 18, 6, 3, 2]
(2, (0, 0, 0), (3, 2)): [2004, 113, 55, 18, 4, 3]
(2, (0, 0, 1), (0, 0)): [43564, 14312, 2679, 911, 332, 127, 43, 11, 1, 2, 0, 1]
(2, (0, 0, 1), (0, 1)): [550, 174, 37, 12, 7, 3, 1]
(2, (0, 0, 1), (0, 2)): [209, 46, 15, 1, 1, 1]
(2, (0, 0, 1), (1, 0)): [643, 192, 54, 14, 6, 2, 0, 1]
(2, (0, 0, 1), (1, 1)): [508, 137, 33, 8, 7, 1, 1]
(2, (0, 0, 1), (1, 2)): [321, 72, 19, 5, 2, 1, 1]
(2, (0, 0, 1), (2, 0)): [273, 79, 26, 11, 4, 2, 0, 1]
(2, (0, 0, 1), (2, 1)): [302, 79, 23, 6, 7, 0, 0, 1]
(2, (0, 0, 1), (2, 2)): [263, 58, 20, 3, 3, 1, 1]
(2, (0, 0, 1), (3, 0)): [141, 30, 14, 7, 1, 2]
(2, (0, 0, 1), (3, 1)): [171, 39, 13, 5, 5]
(2, (0, 0, 1), (3, 2)): [183, 46, 14, 3, 2, 1]
(2, (0, 1, 0), (0, 0)): [111927, 25697, 6445, 2268, 735, 258, 85, 19, 6, 1, 1, 0, 1]
(2, (0, 1, 0), (0, 1)): [1403, 255, 72, 26, 9, 1, 1]
(2, (0, 1, 0), (0, 2)): [507, 63, 17, 6, 3]
(2, (0, 1, 0), (1, 0)): [1956, 327, 147, 57, 13, 6, 3, 1, 0, 0, 0, 0, 1]
(2, (0, 1, 0), (1, 1)): [1301, 239, 87, 28, 8, 3, 2, 1]
(2, (0, 1, 0), (1, 2)): [742, 110, 32, 19, 3]
(2, (0, 1, 0), (2, 0)): [925, 136, 72, 39, 9, 2, 2, 0, 0, 0, 0, 0, 1]
(2, (0, 1, 0), (2, 1)): [848, 138, 54, 17, 6, 2, 2, 1, 0, 0, 0, 0, 1]
(2, (0, 1, 0), (2, 2)): [709, 97, 33, 21, 4, 0, 0, 1]
(2, (0, 1, 0), (3, 0)): [502, 63, 42, 25, 6, 0, 1]
(2, (0, 1, 0), (3, 1)): [429, 69, 36, 14, 7, 1, 2, 0, 0, 0, 0, 0, 1]
(2, (0, 1, 0), (3, 2)): [487, 65, 32, 15, 4, 1, 1, 0, 0, 0, 0, 0, 1]
(2, (0, 1, 1), (0, 0)): [27089, 2423, 6427, 1699, 652, 220, 80, 32, 11, 4, 2, 1, 0, 1]
(2, (0, 1, 1), (0, 1)): [311, 22, 57, 14, 4, 2, 1, 3]
(2, (0, 1, 1), (0, 2)): [125, 4, 19, 4, 2, 1, 1]
(2, (0, 1, 1), (1, 0)): [452, 52, 92, 32, 18, 3, 3, 0, 0, 0, 1]
(2, (0, 1, 1), (1, 1)): [277, 24, 51, 11, 5, 1, 1, 2]
(2, (0, 1, 1), (1, 2)): [181, 9, 29, 6, 2, 1, 2, 1]
(2, (0, 1, 1), (2, 0)): [240, 37, 45, 22, 14, 3, 1, 0, 0, 0, 1]
(2, (0, 1, 1), (2, 1)): [142, 18, 34, 9, 3, 1]
(2, (0, 1, 1), (2, 2)): [142, 14, 27, 7, 0, 1, 1, 1]
(2, (0, 1, 1), (3, 0)): [177, 26, 27, 14, 13, 3, 1, 0, 0, 0, 1]
(2, (0, 1, 1), (3, 1)): [78, 9, 19, 5, 2, 1]
(2, (0, 1, 1), (3, 2)): [99, 14, 22, 6, 1, 2, 0, 1]
(2, (1, 0, 0), (0, 0)): [247587, 18857, 11313, 3637, 1235, 387, 157, 49, 13, 6, 3, 0, 1]
(2, (1, 0, 0), (0, 1)): [3365, 178, 164, 41, 17, 5, 2, 1]
(2, (1, 0, 0), (0, 2)): [1136, 50, 40, 10, 6, 1, 1]
(2, (1, 0, 0), (1, 0)): [3618, 303, 224, 91, 29, 6, 4, 0, 0, 0, 0, 0, 1]
(2, (1, 0, 0), (1, 1)): [2790, 179, 165, 51, 15, 2, 1]
(2, (1, 0, 0), (1, 2)): [1636, 82, 70, 28, 6, 2]
(2, (1, 0, 0), (2, 0)): [1273, 129, 87, 44, 15, 3, 2, 0, 0, 0, 0, 0, 1]
(2, (1, 0, 0), (2, 1)): [1485, 112, 93, 30, 16, 3, 1, 0, 0, 0, 0, 0, 1]
(2, (1, 0, 0), (2, 2)): [1242, 79, 65, 24, 8, 4, 1]
(2, (1, 0, 0), (3, 0)): [411, 56, 28, 24, 5, 1, 2]
(2, (1, 0, 0), (3, 1)): [631, 65, 50, 25, 8, 1, 2, 0, 0, 0, 0, 0, 1]
(2, (1, 0, 0), (3, 2)): [705, 66, 45, 20, 6, 5, 1, 0, 0, 0, 0, 0, 1]
(2, (1, 0, 1), (0, 0)): [40441, 10632, 4463, 2471, 774, 278, 101, 32, 12, 3, 0, 2, 1]
(2, (1, 0, 1), (0, 1)): [596, 112, 53, 37, 16, 2, 0, 1, 0, 0, 0, 1]
(2, (1, 0, 1), (0, 2)): [233, 30, 17, 10, 7]
(2, (1, 0, 1), (1, 0)): [566, 134, 72, 43, 19, 8, 2]
(2, (1, 0, 1), (1, 1)): [454, 101, 38, 31, 15, 2, 2, 1, 0, 0, 0, 1]
(2, (1, 0, 1), (1, 2)): [298, 44, 15, 11, 6, 1, 0, 1, 0, 0, 0, 1]
(2, (1, 0, 1), (2, 0)): [203, 47, 36, 19, 2, 4]
(2, (1, 0, 1), (2, 1)): [252, 62, 20, 18, 10, 2]
(2, (1, 0, 1), (2, 2)): [216, 36, 11, 7, 7, 2, 0, 1, 0, 0, 0, 1]
(2, (1, 0, 1), (3, 0)): [76, 16, 17, 11, 2, 1]
(2, (1, 0, 1), (3, 1)): [113, 25, 14, 13, 5]
(2, (1, 0, 1), (3, 2)): [131, 26, 11, 3, 6, 2, 0, 1]
(2, (1, 1, 0), (0, 0)): [94636, 15151, 7928, 4915, 1609, 550, 172, 59, 24, 9, 5, 0, 2, 1]
(2, (1, 1, 0), (0, 1)): [1362, 200, 95, 62, 22, 5, 3, 0, 0, 0, 0, 0, 1]
(2, (1, 1, 0), (0, 2)): [482, 66, 25, 14, 6, 0, 1]
(2, (1, 1, 0), (1, 0)): [1410, 198, 127, 104, 30, 12, 4, 2, 1, 1]
(2, (1, 1, 0), (1, 1)): [1137, 154, 83, 59, 18, 5, 1, 1, 1, 1, 0, 0, 1]
(2, (1, 1, 0), (1, 2)): [712, 86, 48, 24, 6, 2, 2]
(2, (1, 1, 0), (2, 0)): [511, 74, 59, 48, 16, 7, 1, 1]
(2, (1, 1, 0), (2, 1)): [646, 79, 51, 37, 16, 6, 0, 1, 1, 1, 0, 0, 1]
(2, (1, 1, 0), (2, 2)): [552, 74, 38, 31, 10, 3, 2, 0, 1]
(2, (1, 1, 0), (3, 0)): [183, 35, 25, 23, 8, 3, 1]
(2, (1, 1, 0), (3, 1)): [282, 39, 31, 27, 6, 5, 1, 1, 0, 0, 0, 0, 1]
(2, (1, 1, 0), (3, 2)): [337, 43, 30, 27, 9, 2, 1, 0, 1]
(2, (1, 1, 1), (0, 0)): [27810, 4222, 4754, 2500, 1684, 579, 184, 68, 29, 6, 5, 0, 1, 1]
(2, (1, 1, 1), (0, 1)): [483, 45, 70, 41, 31, 4, 4, 2, 1, 0, 0, 0, 1]
(2, (1, 1, 1), (0, 2)): [214, 8, 17, 7, 7, 1, 1, 0, 1]
(2, (1, 1, 1), (1, 0)): [418, 123, 72, 56, 26, 12, 4, 1, 1, 0, 1]
(2, (1, 1, 1), (1, 1)): [376, 51, 67, 36, 24, 3, 2, 0, 0, 0, 1, 0, 1]
(2, (1, 1, 1), (1, 2)): [265, 18, 26, 13, 11, 2, 2, 0, 0, 0, 1]
(2, (1, 1, 1), (2, 0)): [119, 91, 20, 27, 12, 8, 3, 1]
(2, (1, 1, 1), (2, 1)): [175, 48, 35, 20, 17, 3, 3, 0, 0, 0, 0, 0, 1]
(2, (1, 1, 1), (2, 2)): [182, 26, 26, 15, 9, 2, 2, 0, 0, 0, 1]
(2, (1, 1, 1), (3, 0)): [25, 68, 8, 15, 3, 5]
(2, (1, 1, 1), (3, 1)): [60, 56, 14, 16, 11, 4, 2]
(2, (1, 1, 1), (3, 2)): [95, 42, 17, 20, 11, 5, 2, 0, 0, 0, 1]
