(0, (0, 0, 0)): [1032603, 204843, 94926, 43361, 19357, 8316, 3446, 1452, 577, 270, 108, 53, 25, 8, 3, 1, 0, 1]
(0, (0, 0, 1)): [4289, 12777, 3458, 1671, 800, 342, 147, 73, 33, 17, 4, 1, 2, 1]
(0, (0, 1, 0)): [35000, 32229, 12581, 6010, 2939, 1286, 533, 232, 96, 55, 16, 5, 3, 2, 1]
(0, (0, 1, 1)): [3086, 5115, 6208, 2899, 1553, 705, 309, 151, 67, 28, 9, 6, 1, 2, 1, 0, 0, 1]
(0, (1, 0, 0)): [222763, 73609, 46817, 23177, 11101, 4978, 2119, 916, 381, 173, 74, 34, 16, 4, 2, 1, 0, 1]
(0, (1, 0, 1)): [5296, 16073, 6500, 4513, 2411, 1086, 541, 225, 103, 47, 21, 11, 5, 1, 1, 0, 0, 1]
(0, (1, 1, 0)): [30403, 19426, 14765, 10537, 5563, 2681, 1155, 550, 221, 95, 43, 21, 7, 1]
(0, (1, 1, 1)): [3014, 5643, 4686, 3540, 2788, 1404, 659, 329, 140, 58, 31, 12, 2, 1, 1]
(1, (0, 0, 0)): [833161, 90064, 37077, 14746, 5751, 2186, 853, 327, 122, 51, 22, 13, 6, 2, 0, 1]
(1, (0, 0, 1)): [22416, 31903, 6309, 2681, 1127, 471, 175, 70, 34, 10, 6, 4, 3, 1]
(1, (0, 1, 0)): [110297, 49669, 17778, 7511, 3082, 1196, 419, 201, 53, 31, 18, 7, 7, 2, 1]
(1, (0, 1, 1)): [18350, 14709, 13496, 5370, 2784, 1105, 442, 183, 86, 22, 7, 5, 1, 2, 0, 1]
(1, (1, 0, 0)): [322777, 56890, 36451, 15602, 6323, 2506, 994, 362, 160, 68, 27, 18, 4, 2, 0, 2]
(1, (1, 0, 1)): [25724, 30380, 9789, 6429, 2743, 1144, 445, 179, 60, 42, 12, 4, 0, 1]
(1, (1, 1, 0)): [88327, 27472, 18466, 13035, 5528, 2313, 906, 363, 146, 59, 22, 13, 7, 4, 1]
(1, (1, 1, 1)): [18361, 14386, 9333, 6108, 4399, 1890, 760, 283, 116, 43, 17, 14, 6, 2, 1, 1]
(2, (0, 0, 0)): [719774, 32333, 10912, 3517, 1181, 388, 139, 41, 8, 4, 4, 0, 1]
(2, (0, 0, 1)): [65229, 20240, 3967, 1371, 498, 179, 48, 13, 3, 2, 0, 1]
(2, (0, 1, 0)): [174970, 37926, 10044, 3556, 1178, 392, 117, 30, 7, 6, 5, 0, 1]
(2, (0, 1, 1)): [40695, 3515, 9067, 2454, 967, 308, 114, 38, 17, 4, 3, 1, 0, 1]
(2, (1, 0, 0)): [392114, 28292, 18234, 5819, 1891, 600, 244, 64, 16, 10, 5, 0, 1]
(2, (1, 0, 1)): [65594, 16037, 6326, 3795, 1209, 417, 150, 48, 20, 7, 0, 2, 1]
(2, (1, 1, 0)): [153206, 23797, 11932, 7982, 2595, 852, 272, 90, 35, 17, 6, 1, 2, 1]
(2, (1, 1, 1)): [44494, 6496, 7465, 3738, 2675, 862, 279, 101, 38, 6, 5, 0, 1, 1]
