(0, (0, 0, 0)): [1513181, 303734, 139419, 63677, 28405, 12112, 5051, 1964, 793, 325, 150, 73, 18, 15, 3, 0, 1]
(0, (0, 0, 1)): [5258, 15165, 4113, 2068, 976, 420, 178, 53, 24, 15, 13, 2, 1, 2]
(0, (0, 1, 0)): [59852, 53216, 21170, 10672, 4958, 2128, 936, 372, 154, 72, 26, 12, 5, 5, 2, 0, 1]
(0, (0, 1, 1)): [4701, 7671, 8913, 4198, 2185, 1077, 459, 191, 93, 46, 13, 8, 3, 2, 1, 0, 1]
(0, (1, 0, 0)): [311210, 97872, 65380, 32483, 15493, 6960, 2867, 1200, 502, 208, 103, 40, 11, 13, 2, 0, 1]
(0, (1, 0, 1)): [7892, 21530, 8678, 6350, 3305, 1536, 708, 278, 143, 54, 35, 9, 5, 3, 1]
(0, (1, 1, 0)): [45894, 26992, 19652, 14679, 7677, 3648, 1523, 668, 287, 131, 57, 24, 6, 5, 1, 0, 1]
(0, (1, 1, 1)): [4890, 7791, 6498, 4524, 3792, 1931, 871, 391, 199, 86, 36, 13, 5, 3, 0, 0, 1]
(1, (0, 0, 0)): [1245997, 138082, 56402, 22385, 8743, 3277, 1316, 431, 148, 61, 21, 13, 3, 1]
(1, (0, 0, 1)): [33011, 44509, 8962, 4030, 1576, 664, 246, 71, 38, 13, 8, 4, 1, 1]
(1, (0, 1, 0)): [168860, 67161, 25927, 11434, 4612, 1828, 639, 272, 83, 35, 20, 3, 4]
(1, (0, 1, 1)): [25609, 20343, 16809, 6966, 3687, 1430, 589, 228, 85, 34, 8, 4, 1]
(1, (1, 0, 0)): [449858, 75360, 51755, 21906, 9008, 3515, 1431, 500, 176, 73, 28, 16, 3, 1]
(1, (1, 0, 1)): [38480, 39432, 12535, 8884, 3867, 1556, 642, 237, 76, 35, 9, 5, 2]
(1, (1, 1, 0)): [130613, 36382, 24224, 18361, 7580, 3116, 1221, 483, 183, 69, 27, 15, 5, 1]
(1, (1, 1, 1)): [28060, 19439, 12573, 8034, 6280, 2646, 1091, 412, 156, 55, 15, 10, 4, 2]
(2, (0, 0, 0)): [1092518, 52514, 17324, 5525, 1801, 551, 190, 64, 12, 6, 3]
(2, (0, 0, 1)): [99491, 26932, 6136, 2105, 746, 242, 61, 24, 7, 4, 0, 1]
(2, (0, 1, 0)): [265936, 51435, 15333, 5503, 1885, 598, 188, 59, 14, 12, 6]
(2, (0, 1, 1)): [60276, 4553, 11720, 3550, 1430, 465, 146, 39, 13, 3, 3]
(2, (1, 0, 0)): [539379, 37455, 26887, 8535, 2812, 891, 338, 98, 24, 9, 4, 1]
(2, (1, 0, 1)): [99292, 21306, 8304, 5665, 1922, 613, 199, 54, 19, 8, 2, 2, 1]
(2, (1, 1, 0)): [218619, 30887, 15684, 11672, 3806, 1193, 430, 140, 40, 19, 5, 3]
(2, (1, 1, 1)): [65571, 8524, 10454, 5160, 4066, 1235, 428, 139, 42, 11, 5, 4]
