(0, (0, 0, 0), (0, 0)): [73, 7, 3, 2, 1, 2, 1]
(0, (0, 0, 0), (0, 1)): [33, 2, 1, 1, 0, 0, 1]
(0, (0, 0, 0), (0, 2)): [16, 1, 1, 1, 0, 0, 1]
(0, (0, 0, 0), (1, 0)): [11, 2, 1, 0, 0, 1]
(0, (0, 0, 0), (1, 1)): [17, 2, 1]
(0, (0, 0, 0), (1, 2)): [16, 2, 1]
(0, (0, 0, 0), (2, 0)): [5, 1, 0, 0, 0, 1]
(0, (0, 0, 0), (2, 1)): [8, 1]
(0, (0, 0, 0), (2, 2)): [6, 3]
(0, (0, 0, 0), (3, 0)): [1, 0, 0, 0, 0, 1]
(0, (0, 0, 0), (3, 1)): [2]
(0, (0, 0, 0), (3, 2)): [1, 2]
(0, (0, 1, 0), (0, 0)): [3, 0, 2, 0, 1]
(0, (0, 1, 0), (0, 1)): [1]
(0, (0, 1, 0), (1, 1)): [1]
(0, (0, 1, 0), (1, 2)): [1]
(0, (0, 1, 0), (2, 2)): [1]
(0, (0, 1, 0), (3, 2)): [1]
(0, (0, 1, 1), (0, 0)): [0, 0, 0, 1]
(0, (1, 0, 0), (0, 0)): [12, 3, 1, 1, 0, 1]
(0, (1, 0, 0), (0, 1)): [6, 0, 0, 0, 0, 1]
(0, (1, 0, 0), (0, 2)): [5, 0, 0, 0, 0, 1]
(0, (1, 0, 0), (1, 0)): [6, 1, 1]
(0, (1, 0, 0), (1, 1)): [5]
(0, (1, 0, 0), (1, 2)): [2, 0, 0, 0, 0, 1]
(0, (1, 0, 0), (2, 0)): [0, 1]
(0, (1, 0, 0), (2, 1)): [1, 1]
(0, (1, 0, 0), (2, 2)): [2, 1, 0, 0, 0, 1]
(0, (1, 0, 1), (0, 0)): [0, 1, 2, 0, 1]
(0, (1, 0, 1), (1, 0)): [0, 1, 1]
(0, (1, 0, 1), (1, 1)): [0, 1]
(0, (1, 0, 1), (2, 1)): [0, 1]
(0, (1, 1, 0), (0, 0)): [2, 0, 0, 1, 0, 1]
(0, (1, 1, 0), (1, 0)): [0, 0, 0, 0, 0, 1]
(0, (1, 1, 1), (0, 0)): [0, 0, 0, 1, 1, 1]
(0, (1, 1, 1), (0, 1)): [0, 0, 0, 0, 1]
(0, (1, 1, 1), (1, 1)): [0, 0, 0, 0, 1]
(0, (1, 1, 1), (1, 2)): [0, 0, 0, 0, 1]
(1, (0, 0, 0), (0, 0)): [60, 4, 1, 1, 1, 1, 1]
(1, (0, 0, 0), (0, 1)): [23, 3]
(1, (0, 0, 0), (0, 2)): [6]
(1, (0, 0, 0), (1, 0)): [10, 1, 1, 1]
(1, (0, 0, 0), (1, 1)): [18, 1]
(1, (0, 0, 0), (1, 2)): [13, 1]
(1, (0, 0, 0), (2, 0)): [4, 1, 0, 1]
(1, (0, 0, 0), (2, 1)): [4, 1, 0, 1]
(1, (0, 0, 0), (2, 2)): [9, 0, 0, 1]
(1, (0, 0, 0), (3, 0)): [3]
(1, (0, 0, 0), (3, 1)): [2, 1]
(1, (0, 0, 0), (3, 2)): [5, 0, 0, 1]
(1, (0, 0, 1), (0, 0)): [2]
(1, (0, 1, 0), (0, 0)): [4, 2, 0, 1, 1]
(1, (0, 1, 0), (0, 1)): [1, 0, 0, 1]
(1, (0, 1, 0), (1, 0)): [3]
(1, (0, 1, 0), (1, 1)): [2, 0, 0, 1]
(1, (0, 1, 0), (1, 2)): [1]
(1, (0, 1, 0), (2, 0)): [1]
(1, (0, 1, 0), (2, 1)): [0, 0, 0, 1]
(1, (0, 1, 0), (2, 2)): [1, 0, 0, 1]
(1, (0, 1, 1), (0, 0)): [2, 0, 3, 1]
(1, (0, 1, 1), (1, 0)): [0, 0, 1]
(1, (0, 1, 1), (1, 1)): [0, 0, 1]
(1, (0, 1, 1), (1, 2)): [0, 0, 1]
(1, (0, 1, 1), (2, 2)): [0, 0, 1]
(1, (0, 1, 1), (3, 2)): [0, 0, 1]
(1, (1, 0, 0), (0, 0)): [22, 4, 0, 1, 0, 1, 1]
(1, (1, 0, 0), (0, 1)): [6, 1, 0, 1, 0, 0, 1]
(1, (1, 0, 0), (0, 2)): [3, 1]
(1, (1, 0, 0), (1, 0)): [5, 3]
(1, (1, 0, 0), (1, 1)): [2, 1, 0, 1]
(1, (1, 0, 0), (1, 2)): [2]
(1, (1, 0, 0), (2, 0)): [3, 1]
(1, (1, 0, 0), (2, 1)): [3, 1, 0, 1]
(1, (1, 0, 0), (2, 2)): [1, 0, 0, 1]
(1, (1, 0, 0), (3, 0)): [0, 1]
(1, (1, 0, 0), (3, 1)): [1, 2]
(1, (1, 0, 0), (3, 2)): [0, 2]
(1, (1, 0, 1), (0, 0)): [1, 1, 0, 1]
(1, (1, 0, 1), (0, 1)): [1]
(1, (1, 0, 1), (0, 2)): [1]
(1, (1, 1, 0), (0, 0)): [5, 1, 1, 1, 0, 1]
(1, (1, 1, 0), (0, 1)): [2]
(1, (1, 1, 0), (1, 0)): [2, 1]
(1, (1, 1, 0), (1, 1)): [3, 1]
(1, (1, 1, 0), (1, 2)): [3]
(1, (1, 1, 0), (2, 1)): [0, 1]
(1, (1, 1, 0), (2, 2)): [2]
(1, (1, 1, 1), (0, 0)): [0, 0, 2, 0, 0, 1]
(1, (1, 1, 1), (0, 1)): [0, 0, 0, 0, 0, 1]
(1, (1, 1, 1), (0, 2)): [0, 0, 0, 0, 0, 1]
(1, (1, 1, 1), (1, 0)): [0, 0, 1]
(1, (1, 1, 1), (1, 1)): [0, 0, 1]
(1, (1, 1, 1), (1, 2)): [0, 0, 0, 0, 0, 1]
(1, (1, 1, 1), (2, 2)): [0, 0, 0, 0, 0, 1]
(1, (1, 1, 1), (3, 2)): [0, 0, 0, 0, 0, 1]
(2, (0, 0, 0), (0, 0)): [50, 1, 1]
(2, (0, 0, 0), (0, 1)): [19]
(2, (0, 0, 0), (0, 2)): [6]
(2, (0, 0, 0), (1, 0)): [13, 1, 1]
(2, (0, 0, 0), (1, 1)): [13, 1]
(2, (0, 0, 0), (1, 2)): [7]
(2, (0, 0, 0), (2, 0)): [5, 0, 1]
(2, (0, 0, 0), (2, 1)): [10, 1]
(2, (0, 0, 0), (2, 2)): [6, 1]
(2, (0, 0, 0), (3, 0)): [1, 0, 1]
(2, (0, 0, 0), (3, 1)): [3]
(2, (0, 0, 0), (3, 2)): [2]
(2, (0, 0, 1), (0, 0)): [6, 1, 0, 0, 1]
(2, (0, 0, 1), (0, 1)): [1]
(2, (0, 0, 1), (0, 2)): [1]
(2, (0, 0, 1), (1, 0)): [2, 1]
(2, (0, 0, 1), (1, 2)): [1]
(2, (0, 0, 1), (2, 0)): [2]
(2, (0, 0, 1), (2, 1)): [1]
(2, (0, 0, 1), (3, 0)): [1]
(2, (0, 0, 1), (3, 1)): [1]
(2, (0, 1, 0), (0, 0)): [16, 7, 4, 2]
(2, (0, 1, 0), (0, 1)): [4, 0, 0, 1]
(2, (0, 1, 0), (0, 2)): [1]
(2, (0, 1, 0), (1, 0)): [7, 4, 3]
(2, (0, 1, 0), (1, 1)): [5, 2, 1]
(2, (0, 1, 0), (1, 2)): [3]
(2, (0, 1, 0), (2, 0)): [4, 1, 2]
(2, (0, 1, 0), (2, 1)): [3, 3, 1]
(2, (0, 1, 0), (2, 2)): [1]
(2, (0, 1, 0), (3, 0)): [2, 0, 1]
(2, (0, 1, 0), (3, 1)): [3, 3]
(2, (0, 1, 0), (3, 2)): [1, 2]
(2, (0, 1, 1), (0, 0)): [6, 1]
(2, (0, 1, 1), (0, 1)): [3]
(2, (0, 1, 1), (0, 2)): [1]
(2, (0, 1, 1), (1, 0)): [1]
(2, (0, 1, 1), (1, 1)): [1]
(2, (0, 1, 1), (1, 2)): [1]
(2, (1, 0, 0), (0, 0)): [21, 2, 3, 1]
(2, (1, 0, 0), (0, 1)): [3]
(2, (1, 0, 0), (1, 0)): [9, 1, 3]
(2, (1, 0, 0), (1, 1)): [5, 1]
(2, (1, 0, 0), (1, 2)): [4]
(2, (1, 0, 0), (2, 0)): [3, 0, 2]
(2, (1, 0, 0), (2, 1)): [1, 1]
(2, (1, 0, 0), (2, 2)): [1]
(2, (1, 0, 0), (3, 0)): [2, 0, 1]
(2, (1, 0, 0), (3, 1)): [1]
(2, (1, 0, 1), (0, 0)): [7, 1]
(2, (1, 0, 1), (0, 1)): [1]
(2, (1, 0, 1), (1, 0)): [3]
(2, (1, 0, 1), (2, 0)): [1]
(2, (1, 1, 0), (0, 0)): [5, 4, 1]
(2, (1, 1, 0), (0, 1)): [1, 1, 1]
(2, (1, 1, 0), (1, 0)): [1, 1]
(2, (1, 1, 0), (2, 0)): [1]
(2, (1, 1, 0), (2, 1)): [1]
(2, (1, 1, 0), (2, 2)): [1]
(2, (1, 1, 1), (0, 0)): [1]
(2, (1, 1, 1), (0, 1)): [1]
(2, (1, 1, 1), (0, 2)): [1]
