(0, (0, 0, 0)): [16209, 3295, 1623, 712, 309, 130, 60, 12, 9, 2, 0, 2, 0, 1]
(0, (0, 0, 1)): [59, 172, 45, 20, 6, 7, 3, 0, 1]
(0, (0, 1, 0)): [498, 418, 187, 93, 34, 14, 5, 2, 1]
(0, (0, 1, 1)): [50, 66, 86, 53, 18, 10, 5, 0, 0, 0, 0, 0, 0, 1]
(0, (1, 0, 0)): [3521, 1069, 754, 371, 181, 81, 38, 9, 4, 1, 0, 2, 0, 1]
(0, (1, 0, 1)): [81, 201, 82, 55, 29, 16, 5, 1]
(0, (1, 1, 0)): [505, 331, 222, 174, 94, 51, 18, 7, 3, 1]
(0, (1, 1, 1)): [53, 95, 70, 50, 42, 25, 11, 3, 1, 1]
(1, (0, 0, 0)): [13236, 1575, 658, 248, 98, 31, 13, 2, 2, 1]
(1, (0, 0, 1)): [326, 437, 101, 41, 14, 7, 0, 0, 1]
(1, (0, 1, 0)): [1608, 632, 253, 103, 36, 14, 5, 4, 0, 0, 2, 2]
(1, (0, 1, 1)): [250, 213, 177, 84, 39, 17, 4, 2, 2, 0, 0, 0, 0, 1]
(1, (1, 0, 0)): [4980, 848, 604, 266, 115, 34, 16, 3, 3, 1]
(1, (1, 0, 1)): [401, 446, 132, 110, 45, 18, 5, 5, 1]
(1, (1, 1, 0)): [1470, 429, 293, 228, 84, 34, 16, 5, 3, 2, 2]
(1, (1, 1, 1)): [338, 229, 169, 111, 71, 33, 13, 2, 2, 0, 1]
(2, (0, 0, 0)): [11594, 612, 222, 58, 20, 6, 3]
(2, (0, 0, 1)): [933, 261, 68, 15, 7, 1, 1]
(2, (0, 1, 0)): [2461, 514, 140, 55, 14, 4, 2, 1]
(2, (0, 1, 1)): [535, 43, 153, 29, 13, 6, 1, 1, 0, 0, 0, 1, 0, 1]
(2, (1, 0, 0)): [6148, 402, 347, 90, 29, 10, 6, 0, 0, 1]
(2, (1, 0, 1)): [935, 206, 79, 58, 18, 5, 2, 2, 0, 1, 0, 0, 1]
(2, (1, 1, 0)): [2579, 405, 181, 141, 40, 14, 7, 0, 2, 1]
(2, (1, 1, 1)): [779, 118, 144, 57, 37, 15, 4, 2, 1]
