(0, (0, 0, 0), (0, 0)): [106, 20, 9, 4, 2, 0, 1]
(0, (0, 0, 1), (0, 0)): [0, 3, 4]
(0, (0, 1, 0), (0, 0)): [3, 0, 0, 1]
(0, (0, 1, 1), (0, 0)): [0, 0, 1]
(0, (1, 0, 0), (0, 0)): [10, 4, 2, 2, 1, 0, 1]
(0, (1, 0, 1), (0, 0)): [0, 1, 2, 2]
(0, (1, 1, 0), (0, 0)): [4, 3, 1, 2, 1, 0, 1]
(0, (1, 1, 1), (0, 0)): [1, 1, 0, 0, 0, 1, 1]
(1, (0, 0, 0), (0, 0)): [98, 16, 2, 1, 1]
(1, (0, 0, 1), (0, 0)): [4, 9, 1]
(1, (0, 1, 0), (0, 0)): [5, 2]
(1, (0, 1, 1), (0, 0)): [1, 2, 2, 3]
(1, (1, 0, 0), (0, 0)): [31, 6]
(1, (1, 0, 1), (0, 0)): [0, 2, 0, 0, 1]
(1, (1, 1, 0), (0, 0)): [8, 2, 0, 1]
(1, (1, 1, 1), (0, 0)): [1, 2, 0, 1]
(2, (0, 0, 0), (0, 0)): [80, 4, 1, 1, 1]
(2, (0, 0, 1), (0, 0)): [13, 4, 1, 0, 1]
(2, (0, 1, 0), (0, 0)): [14, 3, 0, 1]
(2, (0, 1, 1), (0, 0)): [3, 1, 2]
(2, (1, 0, 0), (0, 0)): [44, 2, 1, 2]
(2, (1, 0, 1), (0, 0)): [10, 1, 1, 1]
(2, (1, 1, 0), (0, 0)): [13, 2, 2, 1]
(2, (1, 1, 1), (0, 0)): [3, 1]
