(0, (0, 0, 0), (0, 0)): [28925, 5854, 2637, 1168, 490, 226, 83, 28, 12, 6, 3, 1]
(0, (0, 0, 0), (0, 1)): [127, 23, 17, 7, 3, 0, 1]
(0, (0, 0, 0), (0, 2)): [39, 4, 7, 3]
(0, (0, 0, 0), (1, 0)): [26, 5, 0, 1, 0, 1, 1]
(0, (0, 0, 0), (1, 1)): [87, 18, 9, 5, 3, 0, 2]
(0, (0, 0, 0), (1, 2)): [61, 15, 7, 1, 2, 0, 1]
(0, (0, 0, 0), (2, 1)): [13, 2, 2, 1]
(0, (0, 0, 0), (2, 2)): [51, 9, 8, 1, 2]
(0, (0, 0, 0), (3, 2)): [27, 4, 3, 1, 1]
(0, (0, 0, 1), (0, 0)): [108, 358, 103, 45, 14, 9, 5]
(0, (0, 0, 1), (0, 1)): [1, 2, 1, 0, 0, 0, 1]
(0, (0, 0, 1), (0, 2)): [0, 0, 1]
(0, (0, 0, 1), (1, 0)): [0, 1]
(0, (0, 0, 1), (1, 1)): [0, 2, 0, 0, 0, 0, 1]
(0, (0, 0, 1), (1, 2)): [0, 1, 1]
(0, (0, 0, 1), (2, 2)): [0, 1, 1]
(0, (0, 0, 1), (3, 2)): [0, 1]
(0, (0, 1, 0), (0, 0)): [1196, 1116, 410, 208, 102, 41, 14, 2, 2, 3, 1]
(0, (0, 1, 0), (0, 1)): [6, 9, 5, 1, 0, 0, 1]
(0, (0, 1, 0), (0, 2)): [0, 1, 2]
(0, (0, 1, 0), (1, 0)): [0, 1]
(0, (0, 1, 0), (1, 1)): [3, 9, 3, 1, 0, 0, 1]
(0, (0, 1, 0), (1, 2)): [0, 7, 1]
(0, (0, 1, 0), (2, 1)): [0, 1, 2]
(0, (0, 1, 0), (2, 2)): [0, 4, 3]
(0, (0, 1, 0), (3, 2)): [0, 2, 2]
(0, (0, 1, 1), (0, 0)): [76, 152, 158, 81, 41, 17, 6, 2, 0, 2]
(0, (0, 1, 1), (0, 1)): [0, 1, 0, 0, 1, 1]
(0, (0, 1, 1), (1, 1)): [0, 0, 0, 0, 1, 1]
(0, (1, 0, 0), (0, 0)): [5866, 2007, 1252, 623, 302, 126, 46, 21, 8, 4, 3, 1]
(0, (1, 0, 0), (0, 1)): [28, 8, 7, 4, 2, 1]
(0, (1, 0, 0), (0, 2)): [8, 2, 3, 1]
(0, (1, 0, 0), (1, 0)): [3, 1, 0, 0, 0, 1]
(0, (1, 0, 0), (1, 1)): [19, 3, 3, 3, 2, 1]
(0, (1, 0, 0), (1, 2)): [14, 2, 3, 0, 1]
(0, (1, 0, 0), (2, 1)): [1, 1]
(0, (1, 0, 0), (2, 2)): [10, 2, 3, 0, 1]
(0, (1, 0, 0), (3, 2)): [6, 1, 1, 0, 1]
(0, (1, 0, 1), (0, 0)): [139, 444, 175, 135, 63, 26, 15, 1, 2, 3]
(0, (1, 0, 1), (0, 1)): [0, 4, 2, 2]
(0, (1, 0, 1), (0, 2)): [0, 0, 1]
(0, (1, 0, 1), (1, 0)): [0, 1, 0, 0, 0, 1]
(0, (1, 0, 1), (1, 1)): [0, 5, 1, 2]
(0, (1, 0, 1), (1, 2)): [0, 2, 1, 1]
(0, (1, 0, 1), (2, 1)): [0, 2]
(0, (1, 0, 1), (2, 2)): [0, 2, 1, 1]
(0, (1, 0, 1), (3, 2)): [0, 2, 1, 1]
(0, (1, 1, 0), (0, 0)): [858, 509, 323, 253, 143, 68, 18, 13, 8, 2, 2]
(0, (1, 1, 0), (0, 1)): [4, 0, 0, 0, 1, 1]
(0, (1, 1, 0), (1, 0)): [0, 1, 0, 0, 1]
(0, (1, 1, 0), (1, 1)): [2, 0, 0, 0, 1, 1]
(0, (1, 1, 0), (1, 2)): [1, 0, 0, 0, 1]
(0, (1, 1, 0), (2, 2)): [0, 0, 0, 0, 1]
(0, (1, 1, 0), (3, 2)): [0, 0, 0, 0, 1]
(0, (1, 1, 1), (0, 0)): [92, 130, 109, 78, 63, 31, 10, 7, 3]
(0, (1, 1, 1), (1, 0)): [0, 1, 1, 1, 1]
(1, (0, 0, 0), (0, 0)): [24079, 2646, 1077, 399, 131, 62, 20, 4, 2, 1]
(1, (0, 0, 0), (0, 1)): [109, 7, 8, 2, 1]
(1, (0, 0, 0), (0, 2)): [34, 3, 4, 1]
(1, (0, 0, 0), (1, 0)): [25, 2, 0, 1, 0, 0, 1]
(1, (0, 0, 0), (1, 1)): [76, 5, 4, 2, 1, 0, 1]
(1, (0, 0, 0), (1, 2)): [53, 7, 4, 1, 1, 0, 1]
(1, (0, 0, 0), (2, 1)): [12, 0, 0, 1]
(1, (0, 0, 0), (2, 2)): [45, 4, 3, 1, 1]
(1, (0, 0, 0), (3, 2)): [22, 1, 0, 1]
(1, (0, 0, 1), (0, 0)): [662, 957, 189, 72, 32, 13, 6, 2, 1]
(1, (0, 0, 1), (0, 1)): [2, 5]
(1, (0, 0, 1), (1, 1)): [1, 5]
(1, (0, 0, 1), (1, 2)): [0, 3]
(1, (0, 0, 1), (2, 2)): [0, 2]
(1, (0, 0, 1), (3, 2)): [0, 1]
(1, (0, 1, 0), (0, 0)): [3462, 1398, 531, 220, 84, 29, 7, 3, 3, 1]
(1, (0, 1, 0), (0, 1)): [10, 2, 6, 2]
(1, (0, 1, 0), (0, 2)): [1, 0, 3, 1]
(1, (0, 1, 0), (1, 0)): [2, 2, 0, 1]
(1, (0, 1, 0), (1, 1)): [7, 4, 2, 2]
(1, (0, 1, 0), (1, 2)): [5, 4, 2, 1]
(1, (0, 1, 0), (2, 1)): [0, 0, 1]
(1, (0, 1, 0), (2, 2)): [3, 0, 3]
(1, (0, 1, 0), (3, 2)): [3, 0, 1]
(1, (0, 1, 1), (0, 0)): [449, 411, 326, 131, 66, 35, 4, 5, 1]
(1, (0, 1, 1), (0, 1)): [1, 0, 1, 2, 1, 1]
(1, (0, 1, 1), (0, 2)): [1]
(1, (0, 1, 1), (1, 0)): [1, 1, 0, 1]
(1, (0, 1, 1), (1, 1)): [0, 0, 1, 3, 1, 1]
(1, (0, 1, 1), (1, 2)): [0, 0, 0, 1]
(1, (0, 1, 1), (2, 1)): [0, 0, 0, 1]
(1, (0, 1, 1), (2, 2)): [0, 0, 0, 1]
(1, (0, 1, 1), (3, 2)): [0, 0, 0, 1]
(1, (1, 0, 0), (0, 0)): [8490, 1520, 1037, 378, 145, 60, 27, 9, 1, 1]
(1, (1, 0, 0), (0, 1)): [32, 7, 5, 2, 1]
(1, (1, 0, 0), (0, 2)): [11, 4, 3]
(1, (1, 0, 0), (1, 0)): [6, 0, 0, 1, 0, 0, 1]
(1, (1, 0, 0), (1, 1)): [24, 1, 2, 3, 1, 0, 1]
(1, (1, 0, 0), (1, 2)): [13, 2, 4, 1, 1, 0, 1]
(1, (1, 0, 0), (2, 1)): [4, 0, 0, 1]
(1, (1, 0, 0), (2, 2)): [11, 2, 3, 1, 1]
(1, (1, 0, 0), (3, 2)): [7, 0, 0, 1]
(1, (1, 0, 1), (0, 0)): [673, 816, 206, 197, 74, 27, 18, 4]
(1, (1, 0, 1), (0, 1)): [1, 8, 0, 1]
(1, (1, 0, 1), (0, 2)): [1, 1, 0, 1]
(1, (1, 0, 1), (1, 0)): [1]
(1, (1, 0, 1), (1, 1)): [1, 5]
(1, (1, 0, 1), (1, 2)): [2, 2]
(1, (1, 0, 1), (2, 1)): [0, 2]
(1, (1, 0, 1), (2, 2)): [1, 2]
(1, (1, 0, 1), (3, 2)): [0, 2]
(1, (1, 1, 0), (0, 0)): [2400, 675, 468, 328, 132, 52, 18, 7, 6, 2]
(1, (1, 1, 0), (0, 1)): [12, 2, 3, 2]
(1, (1, 1, 0), (0, 2)): [0, 1]
(1, (1, 1, 0), (1, 0)): [1, 1, 0, 1, 0, 0, 1]
(1, (1, 1, 0), (1, 1)): [10, 1, 3, 3, 0, 0, 1]
(1, (1, 1, 0), (1, 2)): [5, 2, 2, 1, 0, 0, 1]
(1, (1, 1, 0), (2, 1)): [3, 0, 1]
(1, (1, 1, 0), (2, 2)): [6, 1, 2]
(1, (1, 1, 0), (3, 2)): [4, 0, 1]
(1, (1, 1, 1), (0, 0)): [525, 354, 217, 135, 102, 53, 21, 9, 1]
(1, (1, 1, 1), (0, 1)): [2, 1, 0, 2, 1, 1]
(1, (1, 1, 1), (0, 2)): [1, 1]
(1, (1, 1, 1), (1, 0)): [1]
(1, (1, 1, 1), (1, 1)): [1, 0, 0, 2, 1, 1]
(1, (1, 1, 1), (1, 2)): [2, 1]
(1, (1, 1, 1), (2, 1)): [0, 0, 0, 1]
(1, (1, 1, 1), (2, 2)): [2, 1, 0, 1]
(1, (1, 1, 1), (3, 2)): [1, 0, 0, 1]
(2, (0, 0, 0), (0, 0)): [21068, 949, 311, 100, 29, 16, 2, 1]
(2, (0, 0, 0), (0, 1)): [102, 4, 3]
(2, (0, 0, 0), (0, 2)): [33, 2, 1]
(2, (0, 0, 0), (1, 0)): [21, 1]
(2, (0, 0, 0), (1, 1)): [69, 3, 2]
(2, (0, 0, 0), (1, 2)): [52, 4, 1]
(2, (0, 0, 0), (2, 1)): [10]
(2, (0, 0, 0), (2, 2)): [45, 3, 1]
(2, (0, 0, 0), (3, 2)): [21, 2]
(2, (0, 0, 1), (0, 0)): [1947, 588, 143, 36, 8, 2, 3]
(2, (0, 0, 1), (0, 1)): [6, 3, 3]
(2, (0, 0, 1), (0, 2)): [2, 0, 3]
(2, (0, 0, 1), (1, 0)): [1]
(2, (0, 0, 1), (1, 1)): [3, 3]
(2, (0, 0, 1), (1, 2)): [2, 3, 2]
(2, (0, 0, 1), (2, 2)): [1, 2, 2]
(2, (0, 0, 1), (3, 2)): [0, 1]
(2, (0, 1, 0), (0, 0)): [5223, 987, 304, 95, 31, 11, 2, 1]
(2, (0, 1, 0), (0, 1)): [19, 5, 2, 0, 1]
(2, (0, 1, 0), (0, 2)): [5, 3]
(2, (0, 1, 0), (1, 0)): [3, 2]
(2, (0, 1, 0), (1, 1)): [15, 4, 1, 0, 1]
(2, (0, 1, 0), (1, 2)): [14, 5, 0, 0, 1]
(2, (0, 1, 0), (2, 2)): [9, 3, 0, 0, 1]
(2, (0, 1, 0), (3, 2)): [4, 1]
(2, (0, 1, 1), (0, 0)): [1034, 83, 236, 49, 22, 7, 1, 1]
(2, (0, 1, 1), (0, 1)): [5, 2, 1]
(2, (0, 1, 1), (0, 2)): [1, 1]
(2, (0, 1, 1), (1, 0)): [1, 1, 1, 0, 0, 1]
(2, (0, 1, 1), (1, 1)): [3, 0, 2, 0, 0, 1]
(2, (0, 1, 1), (1, 2)): [2, 0, 1, 0, 0, 1]
(2, (0, 1, 1), (2, 1)): [1]
(2, (0, 1, 1), (2, 2)): [1]
(2, (0, 1, 1), (3, 2)): [1]
(2, (1, 0, 0), (0, 0)): [10230, 750, 504, 146, 37, 22, 3, 2]
(2, (1, 0, 0), (0, 1)): [48, 4, 3, 1]
(2, (1, 0, 0), (0, 2)): [17, 2, 2]
(2, (1, 0, 0), (1, 0)): [7, 1]
(2, (1, 0, 0), (1, 1)): [30, 3, 1, 1]
(2, (1, 0, 0), (1, 2)): [22, 3, 1, 1]
(2, (1, 0, 0), (2, 1)): [6]
(2, (1, 0, 0), (2, 2)): [21, 2, 1, 1]
(2, (1, 0, 0), (3, 2)): [11, 1]
(2, (1, 0, 1), (0, 0)): [1862, 445, 169, 103, 28, 14, 2]
(2, (1, 0, 1), (0, 1)): [6, 2, 1, 1]
(2, (1, 0, 1), (0, 2)): [0, 0, 1]
(2, (1, 0, 1), (1, 0)): [3, 0, 0, 1]
(2, (1, 0, 1), (1, 1)): [4, 2, 0, 2]
(2, (1, 0, 1), (1, 2)): [2, 1, 1, 1]
(2, (1, 0, 1), (2, 1)): [2, 1]
(2, (1, 0, 1), (2, 2)): [3, 2, 1]
(2, (1, 0, 1), (3, 2)): [3, 1]
(2, (1, 1, 0), (0, 0)): [4077, 551, 253, 210, 58, 35, 5, 4, 2]
(2, (1, 1, 0), (0, 1)): [17, 1, 4, 1]
(2, (1, 1, 0), (0, 2)): [4]
(2, (1, 1, 0), (1, 0)): [3, 0, 1, 0, 0, 0, 1]
(2, (1, 1, 0), (1, 1)): [15, 1, 5, 1, 0, 0, 1]
(2, (1, 1, 0), (1, 2)): [12, 1, 4, 1, 0, 0, 1]
(2, (1, 1, 0), (2, 1)): [2, 0, 1]
(2, (1, 1, 0), (2, 2)): [9, 0, 3, 1]
(2, (1, 1, 0), (3, 2)): [3, 0, 1]
(2, (1, 1, 1), (0, 0)): [1147, 112, 204, 84, 59, 29, 6, 3, 1]
(2, (1, 1, 1), (0, 1)): [8, 1, 1, 0, 0, 1]
(2, (1, 1, 1), (0, 2)): [3, 1]
(2, (1, 1, 1), (1, 0)): [3, 0, 1, 0, 0, 1]
(2, (1, 1, 1), (1, 1)): [5, 0, 2, 0, 0, 2]
(2, (1, 1, 1), (1, 2)): [5, 0, 2, 0, 0, 1]
(2, (1, 1, 1), (2, 1)): [1]
(2, (1, 1, 1), (2, 2)): [5]
(2, (1, 1, 1), (3, 2)): [3]
