(0, (0, 0, 0)): [84, 14, 3, 4, 2]
(0, (0, 0, 1)): [0, 1]
(0, (0, 1, 0)): [4, 3, 1]
(0, (0, 1, 1)): [0, 1]
(0, (1, 0, 0)): [20, 8, 1, 3, 1]
(0, (1, 1, 0)): [1, 2, 0, 1]
(0, (1, 1, 1)): [0, 0, 0, 1]
(1, (0, 0, 0)): [63, 3, 1, 1, 1]
(1, (0, 0, 1)): [6, 2, 1]
(1, (0, 1, 0)): [15, 10, 1, 1]
(1, (0, 1, 1)): [3, 3, 2, 1]
(1, (1, 0, 0)): [20, 4, 0, 2, 1]
(1, (1, 1, 0)): [2, 4, 0, 3, 1]
(1, (1, 1, 1)): [0, 0, 1, 2]
(2, (0, 0, 0)): [55, 0, 1, 0, 1]
(2, (0, 0, 1)): [16, 6]
(2, (0, 1, 0)): [15, 3]
(2, (0, 1, 1)): [4, 2, 1]
(2, (1, 0, 0)): [28, 1, 1, 0, 1]
(2, (1, 0, 1)): [1, 2, 1]
(2, (1, 1, 0)): [5, 0, 2, 0, 1]
(2, (1, 1, 1)): [3, 1, 2, 1, 1]
