(0, (0, 0, 0)): [29986, 6201, 3026, 1458, 634, 292, 104, 54, 23, 13, 4, 3, 2, 1]
(0, (0, 0, 1)): [62, 212, 60, 43, 16, 11, 2, 2]
(0, (0, 1, 0)): [1163, 961, 474, 230, 128, 52, 23, 13, 5, 1]
(0, (0, 1, 1)): [113, 151, 191, 88, 53, 30, 9, 5, 2, 0, 1]
(0, (1, 0, 0)): [5818, 1698, 1340, 677, 329, 168, 59, 31, 15, 7, 1, 2, 1]
(0, (1, 0, 1)): [115, 318, 177, 129, 59, 28, 14, 6, 1, 1]
(0, (1, 1, 0)): [947, 532, 371, 295, 164, 90, 35, 17, 7, 5, 0, 1]
(0, (1, 1, 1)): [111, 168, 149, 90, 86, 52, 18, 9, 5, 3]
(1, (0, 0, 0)): [25234, 2984, 1230, 542, 192, 67, 27, 12, 2, 2, 1]
(1, (0, 0, 1)): [533, 644, 160, 91, 33, 8, 3, 4, 2]
(1, (0, 1, 0)): [2860, 1223, 529, 221, 97, 42, 15, 5, 2, 1]
(1, (0, 1, 1)): [488, 399, 325, 147, 66, 39, 15, 7, 1]
(1, (1, 0, 0)): [8968, 1444, 1143, 532, 200, 73, 28, 12, 5, 2, 2]
(1, (1, 0, 1)): [673, 716, 234, 168, 80, 33, 13, 6, 3, 2]
(1, (1, 1, 0)): [2485, 710, 472, 407, 166, 67, 32, 14, 2, 1, 2]
(1, (1, 1, 1)): [487, 378, 238, 161, 142, 66, 28, 8, 2, 1]
(2, (0, 0, 0)): [22423, 1171, 372, 127, 38, 10, 6, 2, 0, 1]
(2, (0, 0, 1)): [1802, 434, 128, 48, 12, 4, 1, 2]
(2, (0, 1, 0)): [5058, 926, 323, 100, 28, 13, 3, 2]
(2, (0, 1, 1)): [1363, 96, 251, 81, 27, 7, 3, 2]
(2, (1, 0, 0)): [10798, 757, 610, 219, 66, 22, 6, 2, 0, 1]
(2, (1, 0, 1)): [1940, 415, 166, 140, 46, 15, 6, 3, 0, 1]
(2, (1, 1, 0)): [3916, 572, 296, 261, 88, 24, 3, 3, 1, 2, 1]
(2, (1, 1, 1)): [1305, 208, 213, 105, 94, 28, 7, 2, 1, 2]
