(0, (0, 0, 0), (0, 0)): [16904, 3319, 1466, 685, 306, 133, 47, 17, 10, 3, 3, 1]
(0, (0, 0, 0), (0, 1)): [962, 175, 67, 37, 8, 4, 0, 1]
(0, (0, 0, 0), (0, 2)): [386, 65, 20, 9, 3, 2, 0, 1]
(0, (0, 0, 0), (1, 0)): [861, 162, 83, 34, 19, 9, 3, 0, 3, 1]
(0, (0, 0, 0), (1, 1)): [773, 154, 67, 41, 13, 4, 1, 0, 1, 1]
(0, (0, 0, 0), (1, 2)): [566, 106, 34, 21, 10, 2, 0, 1, 0, 1]
(0, (0, 0, 0), (2, 0)): [275, 47, 29, 14, 9, 6, 2]
(0, (0, 0, 0), (2, 1)): [402, 72, 45, 23, 7, 5, 1, 0, 1]
(0, (0, 0, 0), (2, 2)): [412, 79, 42, 24, 10, 5, 1, 0, 0, 1]
(0, (0, 0, 0), (3, 0)): [106, 17, 10, 5, 5, 3, 1]
(0, (0, 0, 0), (3, 1)): [153, 32, 16, 11, 3, 2, 1, 0, 1]
(0, (0, 0, 0), (3, 2)): [204, 56, 24, 17, 5, 5, 0, 0, 1, 1]
(0, (0, 0, 1), (0, 0)): [73, 176, 40, 21, 10, 5, 1, 1]
(0, (0, 0, 1), (0, 1)): [4, 4, 3, 1]
(0, (0, 0, 1), (0, 2)): [1, 2]
(0, (0, 0, 1), (1, 0)): [4, 7, 2, 0, 1]
(0, (0, 0, 1), (1, 1)): [4, 3, 1, 0, 1]
(0, (0, 0, 1), (1, 2)): [2, 4, 1, 0, 1]
(0, (0, 0, 1), (2, 0)): [2, 3, 2]
(0, (0, 0, 1), (2, 1)): [2, 1]
(0, (0, 0, 1), (2, 2)): [1, 1, 1, 0, 1]
(0, (0, 0, 1), (3, 0)): [1, 2, 1]
(0, (0, 0, 1), (3, 1)): [1, 2, 1]
(0, (0, 0, 1), (3, 2)): [0, 2, 2]
(0, (0, 1, 0), (0, 0)): [509, 498, 161, 82, 42, 21, 5, 3, 3, 2]
(0, (0, 1, 0), (0, 1)): [26, 21, 6, 6, 2]
(0, (0, 1, 0), (0, 2)): [15, 6, 3, 1]
(0, (0, 1, 0), (1, 0)): [28, 25, 6, 3, 0, 0, 0, 1]
(0, (0, 1, 0), (1, 1)): [27, 28, 4, 6, 1, 0, 0, 1]
(0, (0, 1, 0), (1, 2)): [19, 19, 1, 1, 1, 0, 0, 1]
(0, (0, 1, 0), (2, 0)): [5, 5, 2, 1]
(0, (0, 1, 0), (2, 1)): [13, 10, 4, 3]
(0, (0, 1, 0), (2, 2)): [7, 10, 2, 3]
(0, (0, 1, 0), (3, 0)): [2, 1, 0, 1]
(0, (0, 1, 0), (3, 1)): [9, 1, 1, 2]
(0, (0, 1, 0), (3, 2)): [10, 7, 3, 3]
(0, (0, 1, 1), (0, 0)): [56, 87, 92, 38, 28, 9, 7, 2, 2]
(0, (0, 1, 1), (0, 1)): [3, 4, 5, 2, 0, 0, 1]
(0, (0, 1, 1), (0, 2)): [3, 0, 1, 0, 0, 0, 1]
(0, (0, 1, 1), (1, 0)): [3, 5, 1, 1, 4]
(0, (0, 1, 1), (1, 1)): [0, 2, 4, 3]
(0, (0, 1, 1), (1, 2)): [2, 0, 0, 2]
(0, (0, 1, 1), (2, 0)): [3, 3, 0, 0, 4]
(0, (0, 1, 1), (2, 1)): [0, 2, 2, 0, 2]
(0, (0, 1, 1), (3, 0)): [3, 3, 0, 0, 2]
(0, (0, 1, 1), (3, 1)): [1, 2, 1, 0, 1]
(0, (0, 1, 1), (3, 2)): [0, 1, 1, 0, 1]
(0, (1, 0, 0), (0, 0)): [3681, 1055, 724, 361, 169, 85, 33, 10, 9, 2, 1]
(0, (1, 0, 0), (0, 1)): [197, 53, 29, 11, 10, 3, 2, 1, 1]
(0, (1, 0, 0), (0, 2)): [85, 14, 9, 1, 1, 2, 0, 0, 1]
(0, (1, 0, 0), (1, 0)): [189, 42, 41, 17, 7, 6, 1]
(0, (1, 0, 0), (1, 1)): [148, 38, 33, 11, 7, 4, 1, 1]
(0, (1, 0, 0), (1, 2)): [99, 22, 18, 2, 0, 1, 1, 1, 1]
(0, (1, 0, 0), (2, 0)): [53, 9, 9, 7, 2, 2, 1]
(0, (1, 0, 0), (2, 1)): [73, 13, 18, 7, 6, 2]
(0, (1, 0, 0), (2, 2)): [69, 16, 13, 3, 3, 2, 1, 1]
(0, (1, 0, 0), (3, 0)): [14, 6, 3, 3, 1, 0, 1]
(0, (1, 0, 0), (3, 1)): [25, 7, 9, 8, 3]
(0, (1, 0, 0), (3, 2)): [33, 13, 11, 5, 2, 1, 0, 1]
(0, (1, 0, 1), (0, 0)): [86, 218, 84, 59, 32, 12, 10, 3, 1, 2, 1]
(0, (1, 0, 1), (0, 1)): [5, 11, 3, 3, 1, 0, 1]
(0, (1, 0, 1), (0, 2)): [2, 8, 1, 2]
(0, (1, 0, 1), (1, 0)): [5, 9, 2, 1, 2, 0, 0, 0, 1]
(0, (1, 0, 1), (1, 1)): [5, 8, 2, 2, 2]
(0, (1, 0, 1), (1, 2)): [4, 11, 0, 2]
(0, (1, 0, 1), (2, 0)): [1, 1, 1, 0, 1, 0, 0, 0, 1]
(0, (1, 0, 1), (2, 1)): [1, 1, 1, 0, 2, 0, 0, 0, 1]
(0, (1, 0, 1), (2, 2)): [3, 5, 1, 1]
(0, (1, 0, 1), (3, 0)): [1, 0, 1]
(0, (1, 0, 1), (3, 1)): [1, 0, 1, 0, 1]
(0, (1, 0, 1), (3, 2)): [2, 2, 2]
(0, (1, 1, 0), (0, 0)): [536, 291, 194, 156, 81, 33, 21, 6, 3, 1]
(0, (1, 1, 0), (0, 1)): [27, 13, 5, 7, 5, 2, 1, 1]
(0, (1, 1, 0), (0, 2)): [9, 2, 2, 1, 1, 1, 1, 1]
(0, (1, 1, 0), (1, 0)): [26, 9, 7, 9, 2, 3, 1, 1]
(0, (1, 1, 0), (1, 1)): [19, 13, 7, 6, 2, 1, 1, 1]
(0, (1, 1, 0), (1, 2)): [18, 4, 5, 2, 1, 2, 0, 2]
(0, (1, 1, 0), (2, 0)): [9, 3, 1, 3, 1, 1]
(0, (1, 1, 0), (2, 1)): [10, 6, 3, 2, 1, 1, 1]
(0, (1, 1, 0), (2, 2)): [11, 4, 4, 1, 0, 2, 0, 2]
(0, (1, 1, 0), (3, 0)): [5, 1, 1, 2]
(0, (1, 1, 0), (3, 1)): [7, 3, 2, 3, 0, 0, 1]
(0, (1, 1, 0), (3, 2)): [12, 3, 2, 3]
(0, (1, 1, 1), (0, 0)): [71, 96, 75, 51, 45, 16, 14, 1, 4, 1]
(0, (1, 1, 1), (0, 1)): [9, 4, 4, 3, 2, 3, 3]
(0, (1, 1, 1), (0, 2)): [5, 2, 1, 0, 0, 2, 1]
(0, (1, 1, 1), (1, 0)): [3, 5, 3, 4, 3, 2, 0, 0, 1]
(0, (1, 1, 1), (1, 1)): [6, 4, 2, 4, 2, 2, 2]
(0, (1, 1, 1), (1, 2)): [6, 0, 2, 2, 2]
(0, (1, 1, 1), (2, 0)): [1, 1, 1, 2, 1, 1]
(0, (1, 1, 1), (2, 1)): [3, 3, 0, 4, 0, 2, 2]
(0, (1, 1, 1), (2, 2)): [3, 2, 1, 3, 1, 0, 1]
(0, (1, 1, 1), (3, 0)): [0, 1, 1, 0, 1]
(0, (1, 1, 1), (3, 1)): [0, 1, 1, 1, 0, 1]
(0, (1, 1, 1), (3, 2)): [1, 2, 1, 2, 0, 0, 1]
(1, (0, 0, 0), (0, 0)): [13658, 1515, 592, 236, 109, 31, 11, 3, 1, 0, 2]
(1, (0, 0, 0), (0, 1)): [768, 73, 29, 15, 4]
(1, (0, 0, 0), (0, 2)): [285, 16, 8, 2, 1]
(1, (0, 0, 0), (1, 0)): [749, 87, 38, 15, 6, 4]
(1, (0, 0, 0), (1, 1)): [679, 79, 27, 12, 3, 4]
(1, (0, 0, 0), (1, 2)): [443, 32, 11, 7, 3, 3]
(1, (0, 0, 0), (2, 0)): [256, 27, 17, 6, 4]
(1, (0, 0, 0), (2, 1)): [369, 47, 23, 8, 3]
(1, (0, 0, 0), (2, 2)): [378, 38, 16, 10, 4, 2]
(1, (0, 0, 0), (3, 0)): [89, 8, 7, 1, 2]
(1, (0, 0, 0), (3, 1)): [157, 21, 13, 2, 2]
(1, (0, 0, 0), (3, 2)): [214, 21, 9, 5, 2, 1]
(1, (0, 0, 1), (0, 0)): [327, 449, 73, 29, 19, 13, 1, 1, 1]
(1, (0, 0, 1), (0, 1)): [18, 20, 6, 1, 1, 1]
(1, (0, 0, 1), (0, 2)): [8, 6, 4, 0, 0, 1]
(1, (0, 0, 1), (1, 0)): [13, 20, 3, 0, 2]
(1, (0, 0, 1), (1, 1)): [18, 15, 3, 0, 2]
(1, (0, 0, 1), (1, 2)): [15, 9, 0, 0, 1, 1]
(1, (0, 0, 1), (2, 0)): [1, 7, 0, 0, 1]
(1, (0, 0, 1), (2, 1)): [3, 4, 1, 0, 1]
(1, (0, 0, 1), (2, 2)): [4, 3, 1, 0, 0, 1]
(1, (0, 0, 1), (3, 0)): [1, 3, 0, 0, 1]
(1, (0, 0, 1), (3, 1)): [1, 5]
(1, (0, 0, 1), (3, 2)): [2, 1, 1, 0, 0, 1]
(1, (0, 1, 0), (0, 0)): [1684, 657, 268, 110, 46, 23, 1, 2, 1, 1, 2]
(1, (0, 1, 0), (0, 1)): [95, 34, 18, 8, 0, 1]
(1, (0, 1, 0), (0, 2)): [42, 13, 7, 1, 0, 1]
(1, (0, 1, 0), (1, 0)): [91, 36, 16, 4, 3, 2]
(1, (0, 1, 0), (1, 1)): [70, 22, 17, 3, 2, 1]
(1, (0, 1, 0), (1, 2)): [53, 18, 12, 2]
(1, (0, 1, 0), (2, 0)): [37, 20, 8, 2, 1, 1]
(1, (0, 1, 0), (2, 1)): [33, 16, 9, 1, 2]
(1, (0, 1, 0), (2, 2)): [39, 15, 11, 2, 1]
(1, (0, 1, 0), (3, 0)): [22, 8, 3, 1, 0, 1]
(1, (0, 1, 0), (3, 1)): [10, 10, 3, 0, 0, 1]
(1, (0, 1, 0), (3, 2)): [21, 11, 2, 0, 1]
(1, (0, 1, 1), (0, 0)): [295, 198, 174, 82, 49, 13, 7, 1, 2]
(1, (0, 1, 1), (0, 1)): [14, 5, 9, 4, 2]
(1, (0, 1, 1), (0, 2)): [9, 3, 4, 2]
(1, (0, 1, 1), (1, 0)): [24, 18, 13, 3, 3, 2, 1]
(1, (0, 1, 1), (1, 1)): [12, 3, 5, 3, 3]
(1, (0, 1, 1), (1, 2)): [11, 2, 5, 2, 1]
(1, (0, 1, 1), (2, 0)): [14, 12, 7, 1, 2, 2, 1]
(1, (0, 1, 1), (2, 1)): [9, 3, 1, 0, 1]
(1, (0, 1, 1), (2, 2)): [7, 3, 5, 2, 1]
(1, (0, 1, 1), (3, 0)): [11, 9, 7, 1, 2, 2]
(1, (0, 1, 1), (3, 1)): [7, 0, 3]
(1, (0, 1, 1), (3, 2)): [5, 1, 2, 1]
(1, (1, 0, 0), (0, 0)): [5153, 855, 575, 251, 112, 37, 12, 4, 3, 1]
(1, (1, 0, 0), (0, 1)): [307, 38, 28, 7, 4, 2]
(1, (1, 0, 0), (0, 2)): [108, 15, 9, 2, 1]
(1, (1, 0, 0), (1, 0)): [266, 45, 24, 14, 4]
(1, (1, 0, 0), (1, 1)): [257, 30, 23, 8, 4, 2]
(1, (1, 0, 0), (1, 2)): [153, 18, 15, 4, 3]
(1, (1, 0, 0), (2, 0)): [83, 21, 9, 8, 1]
(1, (1, 0, 0), (2, 1)): [131, 23, 16, 6, 3]
(1, (1, 0, 0), (2, 2)): [113, 11, 14, 1, 2]
(1, (1, 0, 0), (3, 0)): [23, 4, 3, 2]
(1, (1, 0, 0), (3, 1)): [48, 14, 8, 5, 2]
(1, (1, 0, 0), (3, 2)): [61, 14, 9, 2]
(1, (1, 0, 1), (0, 0)): [408, 434, 122, 101, 55, 25, 9, 1, 1, 1]
(1, (1, 0, 1), (0, 1)): [17, 19, 3, 4, 4, 1]
(1, (1, 0, 1), (0, 2)): [8, 10, 1, 1]
(1, (1, 0, 1), (1, 0)): [22, 17, 9, 5, 4, 1]
(1, (1, 0, 1), (1, 1)): [17, 12, 6, 3, 4]
(1, (1, 0, 1), (1, 2)): [14, 13, 2, 2, 2]
(1, (1, 0, 1), (2, 0)): [8, 6, 3, 1, 3]
(1, (1, 0, 1), (2, 1)): [7, 3, 2, 2, 3]
(1, (1, 0, 1), (2, 2)): [12, 4, 3, 1, 1]
(1, (1, 0, 1), (3, 0)): [4, 2, 0, 0, 2]
(1, (1, 0, 1), (3, 1)): [4, 2, 0, 0, 4]
(1, (1, 0, 1), (3, 2)): [5, 1, 0, 0, 3]
(1, (1, 1, 0), (0, 0)): [1412, 410, 250, 201, 90, 31, 10, 8, 2]
(1, (1, 1, 0), (0, 1)): [84, 13, 15, 6, 0, 2]
(1, (1, 1, 0), (0, 2)): [38, 7, 5, 1]
(1, (1, 1, 0), (1, 0)): [57, 26, 15, 10, 6, 2, 0, 1]
(1, (1, 1, 0), (1, 1)): [58, 14, 15, 5, 1, 4]
(1, (1, 1, 0), (1, 2)): [42, 4, 9, 2, 1, 3]
(1, (1, 1, 0), (2, 0)): [19, 7, 4, 4, 3, 0, 0, 1]
(1, (1, 1, 0), (2, 1)): [25, 10, 8, 4, 1]
(1, (1, 1, 0), (2, 2)): [34, 7, 5, 3]
(1, (1, 1, 0), (3, 0)): [3, 4, 1, 1, 2, 0, 0, 1]
(1, (1, 1, 0), (3, 1)): [9, 5, 6, 4]
(1, (1, 1, 0), (3, 2)): [16, 5, 5, 3]
(1, (1, 1, 1), (0, 0)): [339, 199, 131, 106, 79, 28, 11, 2]
(1, (1, 1, 1), (0, 1)): [22, 12, 10, 3, 4, 4, 1]
(1, (1, 1, 1), (0, 2)): [12, 3, 3, 1, 3, 1, 1]
(1, (1, 1, 1), (1, 0)): [22, 13, 6, 5, 3, 2, 0, 1]
(1, (1, 1, 1), (1, 1)): [18, 11, 8, 3, 1, 4]
(1, (1, 1, 1), (1, 2)): [15, 5, 2, 1, 2, 2, 1]
(1, (1, 1, 1), (2, 0)): [5, 5, 2, 3, 2, 0, 0, 1]
(1, (1, 1, 1), (2, 1)): [9, 5, 3, 4, 0, 3, 0, 1]
(1, (1, 1, 1), (2, 2)): [11, 4, 1, 2, 2, 3, 1]
(1, (1, 1, 1), (3, 0)): [0, 2, 0, 0, 1]
(1, (1, 1, 1), (3, 1)): [2, 5, 1, 1, 1, 0, 0, 1]
(1, (1, 1, 1), (3, 2)): [3, 2, 0, 1, 0, 2, 0, 1]
(2, (0, 0, 0), (0, 0)): [12015, 606, 172, 60, 20, 4, 3, 1]
(2, (0, 0, 0), (0, 1)): [666, 25, 10, 4, 1]
(2, (0, 0, 0), (0, 2)): [232, 6, 0, 1, 1]
(2, (0, 0, 0), (1, 0)): [682, 36, 10, 2, 1]
(2, (0, 0, 0), (1, 1)): [617, 31, 8, 5]
(2, (0, 0, 0), (1, 2)): [392, 13, 3, 3, 1]
(2, (0, 0, 0), (2, 0)): [234, 11, 6, 0, 1]
(2, (0, 0, 0), (2, 1)): [337, 17, 6, 3]
(2, (0, 0, 0), (2, 2)): [332, 13, 6, 2]
(2, (0, 0, 0), (3, 0)): [83, 5, 4, 0, 1]
(2, (0, 0, 0), (3, 1)): [156, 5, 3, 2]
(2, (0, 0, 0), (3, 2)): [210, 8, 5, 2]
(2, (0, 0, 1), (0, 0)): [1021, 273, 51, 20, 6, 4, 0, 1]
(2, (0, 0, 1), (0, 1)): [58, 7, 2, 2]
(2, (0, 0, 1), (0, 2)): [23, 1, 1]
(2, (0, 0, 1), (1, 0)): [70, 17, 3, 0, 1]
(2, (0, 0, 1), (1, 1)): [61, 11, 2, 2]
(2, (0, 0, 1), (1, 2)): [47, 5, 0, 2]
(2, (0, 0, 1), (2, 0)): [25, 6, 2, 0, 1]
(2, (0, 0, 1), (2, 1)): [27, 4, 2]
(2, (0, 0, 1), (2, 2)): [31, 4, 1, 2]
(2, (0, 0, 1), (3, 0)): [12, 3, 1, 0, 1]
(2, (0, 0, 1), (3, 1)): [17, 2, 1]
(2, (0, 0, 1), (3, 2)): [18, 4, 1, 1]
(2, (0, 1, 0), (0, 0)): [2667, 526, 172, 73, 19, 6, 1]
(2, (0, 1, 0), (0, 1)): [144, 26, 10, 2]
(2, (0, 1, 0), (0, 2)): [53, 6, 4]
(2, (0, 1, 0), (1, 0)): [152, 35, 10, 3, 2]
(2, (0, 1, 0), (1, 1)): [131, 22, 8, 2, 1]
(2, (0, 1, 0), (1, 2)): [97, 12, 5, 1]
(2, (0, 1, 0), (2, 0)): [75, 18, 3, 1, 1]
(2, (0, 1, 0), (2, 1)): [61, 21, 4, 1]
(2, (0, 1, 0), (2, 2)): [80, 18, 4, 1]
(2, (0, 1, 0), (3, 0)): [44, 10, 1, 1, 1]
(2, (0, 1, 0), (3, 1)): [29, 7, 2, 1]
(2, (0, 1, 0), (3, 2)): [45, 7, 2, 2]
(2, (0, 1, 1), (0, 0)): [628, 52, 122, 23, 11, 6, 2, 1]
(2, (0, 1, 1), (0, 1)): [35, 2, 2]
(2, (0, 1, 1), (0, 2)): [12, 1]
(2, (0, 1, 1), (1, 0)): [50, 4, 10, 2]
(2, (0, 1, 1), (1, 1)): [41, 1, 7]
(2, (0, 1, 1), (1, 2)): [24, 0, 2]
(2, (0, 1, 1), (2, 0)): [21, 2, 3, 1]
(2, (0, 1, 1), (2, 1)): [19, 1, 6, 1]
(2, (0, 1, 1), (2, 2)): [21, 0, 4, 1]
(2, (0, 1, 1), (3, 0)): [18, 2, 1]
(2, (0, 1, 1), (3, 1)): [9, 1, 3]
(2, (0, 1, 1), (3, 2)): [14, 1, 4]
(2, (1, 0, 0), (0, 0)): [6311, 409, 304, 98, 32, 10, 5, 1]
(2, (1, 0, 0), (0, 1)): [356, 19, 7, 1, 2]
(2, (1, 0, 0), (0, 2)): [128, 8, 3, 0, 1]
(2, (1, 0, 0), (1, 0)): [326, 29, 21, 11, 1]
(2, (1, 0, 0), (1, 1)): [302, 18, 12, 6, 1]
(2, (1, 0, 0), (1, 2)): [170, 9, 6, 2]
(2, (1, 0, 0), (2, 0)): [99, 12, 6, 1]
(2, (1, 0, 0), (2, 1)): [167, 11, 3, 4]
(2, (1, 0, 0), (2, 2)): [154, 6, 5, 2]
(2, (1, 0, 0), (3, 0)): [24, 6, 1]
(2, (1, 0, 0), (3, 1)): [60, 10, 1, 1]
(2, (1, 0, 0), (3, 2)): [79, 8, 4, 1]
(2, (1, 0, 1), (0, 0)): [990, 260, 78, 56, 23, 8, 3]
(2, (1, 0, 1), (0, 1)): [56, 12]
(2, (1, 0, 1), (0, 2)): [18, 4]
(2, (1, 0, 1), (1, 0)): [48, 7, 8, 4, 0, 1]
(2, (1, 0, 1), (1, 1)): [42, 5, 4, 1, 0, 1]
(2, (1, 0, 1), (1, 2)): [33, 3, 3, 1]
(2, (1, 0, 1), (2, 0)): [18, 4, 2, 2]
(2, (1, 0, 1), (2, 1)): [19, 4, 0, 1, 0, 1]
(2, (1, 0, 1), (2, 2)): [23, 3, 1, 2]
(2, (1, 0, 1), (3, 0)): [7, 0, 2]
(2, (1, 0, 1), (3, 1)): [11, 1, 0, 0, 0, 1]
(2, (1, 0, 1), (3, 2)): [16, 3, 1, 2]
(2, (1, 1, 0), (0, 0)): [2398, 328, 194, 136, 43, 14, 4, 1]
(2, (1, 1, 0), (0, 1)): [136, 16, 5, 6, 1]
(2, (1, 1, 0), (0, 2)): [63, 3, 3, 3, 1]
(2, (1, 1, 0), (1, 0)): [130, 23, 13, 7, 5]
(2, (1, 1, 0), (1, 1)): [100, 15, 8, 5, 1]
(2, (1, 1, 0), (1, 2)): [72, 7, 4, 3, 2]
(2, (1, 1, 0), (2, 0)): [37, 12, 4, 4, 2]
(2, (1, 1, 0), (2, 1)): [64, 10, 7, 4]
(2, (1, 1, 0), (2, 2)): [57, 8, 7, 4, 1]
(2, (1, 1, 0), (3, 0)): [4, 2, 1, 1, 1]
(2, (1, 1, 0), (3, 1)): [21, 5, 3, 1]
(2, (1, 1, 0), (3, 2)): [29, 7, 3, 1]
(2, (1, 1, 1), (0, 0)): [739, 110, 112, 69, 37, 13, 6, 2]
(2, (1, 1, 1), (0, 1)): [47, 3, 6, 2, 2]
(2, (1, 1, 1), (0, 2)): [24, 2, 0, 2]
(2, (1, 1, 1), (1, 0)): [26, 9, 7, 5, 1, 1]
(2, (1, 1, 1), (1, 1)): [24, 5, 4, 3, 2]
(2, (1, 1, 1), (1, 2)): [24, 3, 0, 2]
(2, (1, 1, 1), (2, 0)): [9, 3, 3, 1, 0, 1]
(2, (1, 1, 1), (2, 1)): [11, 4, 3, 1, 0, 1]
(2, (1, 1, 1), (2, 2)): [13, 2, 2, 1, 0, 1]
(2, (1, 1, 1), (3, 0)): [2, 1]
(2, (1, 1, 1), (3, 1)): [3, 3]
(2, (1, 1, 1), (3, 2)): [8, 2, 0, 0, 0, 1]
