(0, (0, 0, 0)): [557235, 113630, 53935, 25013, 11436, 5058, 2127, 919, 385, 190, 78, 38, 20, 5, 3, 1, 0, 1]
(0, (0, 0, 1)): [2326, 7718, 2192, 1028, 519, 224, 102, 61, 26, 12, 4, 1, 2, 1]
(0, (0, 1, 0)): [18089, 18065, 7095, 3377, 1704, 795, 328, 149, 65, 38, 13, 5, 2, 0, 1]
(0, (0, 1, 1)): [1609, 2915, 3729, 1674, 930, 434, 193, 91, 45, 17, 6, 5, 0, 1, 1, 0, 0, 1]
(0, (1, 0, 0)): [123488, 42515, 27086, 13610, 6643, 3044, 1326, 581, 253, 124, 54, 23, 13, 3, 2, 1, 0, 1]
(0, (1, 0, 1)): [2768, 9381, 3859, 2688, 1440, 683, 343, 150, 71, 31, 13, 9, 4, 0, 1, 0, 0, 1]
(0, (1, 1, 0)): [16868, 11228, 8966, 6240, 3423, 1627, 740, 360, 150, 68, 35, 14, 6, 1]
(0, (1, 1, 1)): [1726, 3249, 2771, 2193, 1721, 853, 413, 211, 95, 36, 26, 10, 1, 1, 1]
(1, (0, 0, 0)): [443661, 48983, 20562, 8318, 3321, 1306, 503, 203, 77, 34, 13, 10, 5, 2, 0, 1]
(1, (0, 0, 1)): [12556, 19517, 3875, 1645, 701, 298, 121, 58, 28, 8, 6, 4, 2, 1]
(1, (0, 1, 0)): [60707, 29419, 10319, 4404, 1830, 749, 273, 131, 34, 26, 9, 5, 5, 1, 1]
(1, (0, 1, 1)): [10383, 8975, 8596, 3404, 1751, 703, 292, 118, 66, 15, 7, 3, 1, 1, 0, 1]
(1, (1, 0, 0)): [180338, 33471, 20893, 9177, 3718, 1556, 607, 225, 106, 50, 20, 14, 3, 2, 0, 2]
(1, (1, 0, 1)): [13941, 18110, 5954, 3848, 1626, 731, 268, 110, 47, 36, 12, 3, 0, 1]
(1, (1, 1, 0)): [49097, 15736, 11135, 7569, 3334, 1462, 579, 231, 89, 46, 15, 9, 5, 4, 1]
(1, (1, 1, 1)): [10193, 8367, 5441, 3704, 2683, 1177, 494, 179, 85, 33, 13, 10, 5, 2, 1, 1]
(2, (0, 0, 0)): [380474, 16954, 5924, 1895, 684, 240, 83, 32, 7, 2, 1, 0, 1]
(2, (0, 0, 1)): [38112, 12470, 2383, 815, 300, 121, 37, 10, 1, 2, 0, 1]
(2, (0, 1, 0)): [98300, 22717, 5742, 2018, 671, 238, 76, 16, 5, 1, 1, 0, 1]
(2, (0, 1, 1)): [23882, 2112, 5642, 1516, 583, 193, 76, 28, 11, 4, 2]
(2, (1, 0, 0)): [220636, 16921, 10170, 3306, 1136, 354, 141, 44, 12, 5, 2, 0, 1]
(2, (1, 0, 1)): [36235, 9483, 3974, 2252, 701, 257, 93, 29, 12, 2, 0, 2]
(2, (1, 1, 0)): [85284, 13734, 7149, 4446, 1493, 504, 149, 52, 21, 8, 4, 0, 2, 1]
(2, (1, 1, 1)): [24946, 3765, 4305, 2266, 1544, 525, 163, 58, 27, 5, 4, 0, 1, 1]
