(0, (0, 0, 0)): [869319, 173771, 81228, 37096, 16585, 7246, 2987, 1248, 517, 239, 101, 50, 25, 7, 3, 1, 0, 1]
(0, (0, 0, 1)): [3674, 11130, 3042, 1446, 723, 315, 137, 70, 30, 17, 4, 1, 3, 1]
(0, (0, 1, 0)): [28612, 27069, 10685, 5038, 2480, 1094, 447, 197, 88, 50, 15, 5, 3, 1, 1]
(0, (0, 1, 1)): [2564, 4294, 5320, 2452, 1334, 612, 267, 125, 59, 28, 8, 6, 1, 2, 1, 0, 0, 1]
(0, (1, 0, 0)): [188762, 62729, 40175, 19866, 9486, 4330, 1832, 797, 336, 155, 70, 32, 15, 4, 2, 1, 0, 1]
(0, (1, 0, 1)): [4375, 13716, 5589, 3845, 2054, 943, 471, 193, 91, 41, 19, 11, 5, 1, 1, 0, 0, 1]
(0, (1, 1, 0)): [25717, 16490, 12714, 8976, 4812, 2303, 996, 486, 194, 86, 41, 19, 6, 1]
(0, (1, 1, 1)): [2602, 4809, 3982, 3037, 2430, 1207, 570, 293, 122, 51, 29, 11, 2, 1, 1]
(1, (0, 0, 0)): [699003, 76126, 31452, 12550, 4920, 1889, 731, 278, 112, 44, 21, 12, 6, 2, 0, 1]
(1, (0, 0, 1)): [19096, 27906, 5523, 2306, 987, 416, 158, 66, 32, 9, 5, 4, 4, 1]
(1, (0, 1, 0)): [92703, 42650, 15280, 6450, 2631, 1055, 361, 176, 46, 29, 18, 7, 6, 1, 1]
(1, (0, 1, 1)): [15628, 12732, 11963, 4717, 2450, 965, 390, 162, 77, 20, 8, 6, 1, 2, 0, 1]
(1, (1, 0, 0)): [273816, 48883, 31238, 13467, 5446, 2181, 862, 315, 145, 61, 23, 17, 4, 2, 0, 2]
(1, (1, 0, 1)): [21506, 26202, 8482, 5553, 2395, 1014, 386, 154, 56, 43, 12, 3, 0, 1]
(1, (1, 1, 0)): [74115, 23212, 15935, 11147, 4761, 2025, 791, 316, 132, 55, 18, 11, 6, 4, 1]
(1, (1, 1, 1)): [15437, 12165, 7854, 5260, 3808, 1633, 668, 249, 108, 40, 15, 13, 6, 2, 1, 1]
(2, (0, 0, 0)): [603685, 27159, 9275, 2968, 1007, 333, 124, 38, 8, 3, 4, 0, 1]
(2, (0, 0, 1)): [56112, 17739, 3452, 1171, 420, 157, 46, 12, 3, 2, 0, 1]
(2, (0, 1, 0)): [148901, 32832, 8613, 3043, 982, 335, 97, 27, 6, 4, 4, 0, 1]
(2, (0, 1, 1)): [35088, 3068, 7992, 2121, 835, 270, 103, 36, 13, 4, 3, 1, 0, 1]
(2, (1, 0, 0)): [334363, 24493, 15585, 4953, 1617, 507, 215, 58, 15, 8, 5, 0, 1]
(2, (1, 0, 1)): [54935, 13837, 5582, 3273, 1047, 359, 136, 42, 19, 6, 0, 2, 1]
(2, (1, 1, 0)): [129006, 20211, 10290, 6715, 2170, 728, 227, 79, 29, 13, 6, 1, 2, 1]
(2, (1, 1, 1)): [37510, 5580, 6334, 3178, 2264, 743, 245, 92, 36, 6, 5, 0, 1, 1]
