(0, (0, 0, 0), (0, 0)): [14889, 2775, 1358, 637, 310, 97, 62, 23, 10, 7, 1]
(0, (0, 0, 0), (0, 1)): [875, 164, 72, 36, 20, 2, 2, 2]
(0, (0, 0, 0), (0, 2)): [287, 57, 21, 9, 6, 0, 1, 1]
(0, (0, 0, 0), (1, 0)): [820, 163, 109, 47, 28, 8, 5, 2, 0, 1]
(0, (0, 0, 0), (1, 1)): [769, 139, 84, 43, 21, 7, 4, 1]
(0, (0, 0, 0), (1, 2)): [423, 81, 44, 18, 9, 2, 3, 1]
(0, (0, 0, 0), (2, 0)): [273, 63, 40, 17, 11, 2, 1, 2]
(0, (0, 0, 0), (2, 1)): [434, 87, 52, 31, 14, 5, 2, 1]
(0, (0, 0, 0), (2, 2)): [353, 76, 40, 21, 15, 3, 1, 1]
(0, (0, 0, 0), (3, 0)): [99, 27, 14, 5, 5, 2]
(0, (0, 0, 0), (3, 1)): [177, 33, 27, 18, 5, 4]
(0, (0, 0, 0), (3, 2)): [240, 52, 31, 18, 8, 2]
(0, (0, 0, 1), (0, 0)): [60, 167, 53, 24, 19, 5, 4, 2]
(0, (0, 0, 1), (0, 1)): [3, 5, 5, 1, 2, 0, 1]
(0, (0, 0, 1), (0, 2)): [1, 2, 0, 0, 1]
(0, (0, 0, 1), (1, 0)): [3, 11, 1, 1, 1]
(0, (0, 0, 1), (1, 1)): [1, 5, 3, 1, 1, 0, 1]
(0, (0, 0, 1), (1, 2)): [1, 0, 1, 0, 1, 0, 1]
(0, (0, 0, 1), (2, 0)): [3, 5]
(0, (0, 0, 1), (2, 1)): [3, 4, 2, 1, 1]
(0, (0, 0, 1), (2, 2)): [3, 1, 1, 0, 1]
(0, (0, 0, 1), (3, 0)): [1, 3]
(0, (0, 0, 1), (3, 1)): [1, 1, 1, 0, 1]
(0, (0, 0, 1), (3, 2)): [1, 2, 0, 0, 1]
(0, (0, 1, 0), (0, 0)): [465, 435, 154, 94, 46, 17, 11, 3, 2, 1]
(0, (0, 1, 0), (0, 1)): [22, 12, 14, 3, 3, 1, 0, 1]
(0, (0, 1, 0), (0, 2)): [7, 2, 4, 0, 0, 1]
(0, (0, 1, 0), (1, 0)): [22, 29, 11, 5, 4, 1, 1]
(0, (0, 1, 0), (1, 1)): [19, 18, 9, 4, 4, 1, 0, 1]
(0, (0, 1, 0), (1, 2)): [14, 10, 4, 1, 3, 1]
(0, (0, 1, 0), (2, 0)): [7, 11, 8, 3, 2]
(0, (0, 1, 0), (2, 1)): [7, 7, 10, 2, 2, 1, 0, 1]
(0, (0, 1, 0), (2, 2)): [10, 5, 7, 3, 1, 1]
(0, (0, 1, 0), (3, 0)): [5, 6, 4, 2, 1]
(0, (0, 1, 0), (3, 1)): [6, 6, 4, 0, 2, 1, 0, 1]
(0, (0, 1, 0), (3, 2)): [7, 3, 4, 2, 3, 1]
(0, (0, 1, 1), (0, 0)): [40, 60, 88, 45, 16, 3, 5, 1, 1]
(0, (0, 1, 1), (0, 1)): [0, 1, 1, 2, 2]
(0, (0, 1, 1), (0, 2)): [0, 1, 0, 1, 2]
(0, (0, 1, 1), (1, 0)): [3, 4, 6, 10, 2]
(0, (0, 1, 1), (1, 1)): [0, 1, 1, 2]
(0, (0, 1, 1), (1, 2)): [0, 1, 1, 2, 2]
(0, (0, 1, 1), (2, 0)): [3, 2, 4, 7, 2]
(0, (0, 1, 1), (2, 1)): [0, 2, 2, 1]
(0, (0, 1, 1), (2, 2)): [0, 0, 2, 0, 1]
(0, (0, 1, 1), (3, 0)): [2, 0, 2, 7, 2]
(0, (0, 1, 1), (3, 1)): [1, 2, 0, 1, 1]
(0, (0, 1, 1), (3, 2)): [0, 1, 1]
(0, (1, 0, 0), (0, 0)): [3252, 976, 680, 329, 178, 64, 35, 13, 7, 3, 1]
(0, (1, 0, 0), (0, 1)): [186, 46, 46, 17, 12, 3, 2, 1]
(0, (1, 0, 0), (0, 2)): [72, 8, 16, 3, 3, 1]
(0, (1, 0, 0), (1, 0)): [173, 65, 32, 25, 13, 5, 5, 0, 0, 2]
(0, (1, 0, 0), (1, 1)): [140, 47, 35, 18, 9, 3, 3, 1, 0, 1]
(0, (1, 0, 0), (1, 2)): [84, 17, 29, 3, 3, 2, 1, 1]
(0, (1, 0, 0), (2, 0)): [49, 21, 9, 7, 7, 3, 1, 0, 0, 1]
(0, (1, 0, 0), (2, 1)): [65, 23, 12, 13, 7, 2, 1, 0, 0, 1]
(0, (1, 0, 0), (2, 2)): [60, 16, 14, 9, 4, 1, 1, 1]
(0, (1, 0, 0), (3, 0)): [17, 5, 2, 3, 3, 1, 0, 0, 0, 1]
(0, (1, 0, 0), (3, 1)): [25, 10, 4, 4, 6, 1, 1, 0, 0, 1]
(0, (1, 0, 0), (3, 2)): [34, 9, 7, 4, 4, 2, 1]
(0, (1, 0, 1), (0, 0)): [55, 230, 86, 60, 32, 8, 6, 1, 0, 1]
(0, (1, 0, 1), (0, 1)): [4, 10, 6, 1, 3]
(0, (1, 0, 1), (0, 2)): [1, 3, 1, 1, 1]
(0, (1, 0, 1), (1, 0)): [2, 18, 9, 2, 2, 1]
(0, (1, 0, 1), (1, 1)): [3, 11, 6, 1, 2, 1]
(0, (1, 0, 1), (1, 2)): [2, 4, 2, 1, 1]
(0, (1, 0, 1), (2, 0)): [1, 6, 4, 0, 2]
(0, (1, 0, 1), (2, 1)): [3, 9, 4, 0, 2, 1]
(0, (1, 0, 1), (2, 2)): [3, 2, 1, 0, 0, 1]
(0, (1, 0, 1), (3, 0)): [0, 3, 1]
(0, (1, 0, 1), (3, 1)): [0, 2, 3, 0, 2]
(0, (1, 0, 1), (3, 2)): [1, 0, 2]
(0, (1, 1, 0), (0, 0)): [459, 299, 209, 145, 92, 46, 14, 10, 6, 4, 1]
(0, (1, 1, 0), (0, 1)): [31, 20, 9, 9, 8, 2, 2, 1]
(0, (1, 1, 0), (0, 2)): [9, 6, 4, 2, 7, 1, 1, 1]
(0, (1, 1, 0), (1, 0)): [27, 19, 13, 12, 7, 2, 0, 0, 0, 1]
(0, (1, 1, 0), (1, 1)): [27, 9, 10, 10, 4, 1, 1, 0, 0, 1]
(0, (1, 1, 0), (1, 2)): [15, 4, 6, 3, 6, 0, 0, 1, 0, 1]
(0, (1, 1, 0), (2, 0)): [5, 9, 3, 3, 1, 1]
(0, (1, 1, 0), (2, 1)): [10, 8, 6, 4, 2, 1]
(0, (1, 1, 0), (2, 2)): [10, 7, 7, 3, 1, 1, 0, 0, 0, 1]
(0, (1, 1, 0), (3, 0)): [1, 5, 2, 1, 0, 1]
(0, (1, 1, 0), (3, 1)): [5, 6, 2, 2, 0, 1]
(0, (1, 1, 0), (3, 2)): [10, 4, 3, 4]
(0, (1, 1, 1), (0, 0)): [46, 98, 75, 68, 49, 15, 4, 6, 2, 1]
(0, (1, 1, 1), (0, 1)): [6, 5, 6, 5, 0, 0, 0, 0, 0, 1]
(0, (1, 1, 1), (0, 2)): [1, 2, 0, 1]
(0, (1, 1, 1), (1, 0)): [4, 7, 8, 9, 6, 2, 1, 1]
(0, (1, 1, 1), (1, 1)): [5, 5, 6, 6, 2]
(0, (1, 1, 1), (1, 2)): [2, 2, 1, 3, 1]
(0, (1, 1, 1), (2, 0)): [1, 1, 2, 6, 3, 1]
(0, (1, 1, 1), (2, 1)): [3, 2, 5, 2, 1]
(0, (1, 1, 1), (2, 2)): [2, 2, 2, 2]
(0, (1, 1, 1), (3, 0)): [0, 0, 0, 4, 2]
(0, (1, 1, 1), (3, 1)): [1, 0, 1, 5, 3]
(0, (1, 1, 1), (3, 2)): [1, 0, 2, 5, 3]
(1, (0, 0, 0), (0, 0)): [11972, 1239, 526, 227, 94, 21, 18, 5, 0, 1]
(1, (0, 0, 0), (0, 1)): [647, 52, 28, 7, 7, 1]
(1, (0, 0, 0), (0, 2)): [200, 12, 9, 4]
(1, (0, 0, 0), (1, 0)): [721, 98, 36, 12, 8, 4, 1]
(1, (0, 0, 0), (1, 1)): [602, 69, 20, 7, 6, 4, 1]
(1, (0, 0, 0), (1, 2)): [328, 23, 6, 4, 3, 1]
(1, (0, 0, 0), (2, 0)): [245, 38, 18, 5, 4, 1]
(1, (0, 0, 0), (2, 1)): [346, 47, 24, 5, 4, 1, 1]
(1, (0, 0, 0), (2, 2)): [270, 27, 9, 2, 2, 1, 1]
(1, (0, 0, 0), (3, 0)): [77, 15, 7, 4, 2]
(1, (0, 0, 0), (3, 1)): [155, 33, 10, 7, 3]
(1, (0, 0, 0), (3, 2)): [170, 28, 13, 6, 2, 1]
(1, (0, 0, 1), (0, 0)): [297, 378, 66, 42, 20, 3, 5, 0, 2]
(1, (0, 0, 1), (0, 1)): [12, 16, 3, 1]
(1, (0, 0, 1), (0, 2)): [3, 3, 2]
(1, (0, 0, 1), (1, 0)): [27, 29, 3, 2, 3, 0, 1, 0, 1]
(1, (0, 0, 1), (1, 1)): [18, 22, 1, 1, 1]
(1, (0, 0, 1), (1, 2)): [7, 7, 1]
(1, (0, 0, 1), (2, 0)): [10, 9, 2, 2, 2, 0, 1, 0, 1]
(1, (0, 0, 1), (2, 1)): [11, 11, 2, 2, 1]
(1, (0, 0, 1), (2, 2)): [9, 3, 1, 0, 1]
(1, (0, 0, 1), (3, 0)): [4, 3, 1, 1, 2, 0, 1, 0, 1]
(1, (0, 0, 1), (3, 1)): [7, 8, 1, 2]
(1, (0, 0, 1), (3, 2)): [7, 3, 1, 1, 1]
(1, (0, 1, 0), (0, 0)): [1511, 646, 241, 117, 49, 12, 11, 5, 1]
(1, (0, 1, 0), (0, 1)): [76, 42, 16, 8, 1, 2, 1]
(1, (0, 1, 0), (0, 2)): [22, 12, 2, 1, 0, 1]
(1, (0, 1, 0), (1, 0)): [91, 63, 12, 12, 8, 1, 1, 1]
(1, (0, 1, 0), (1, 1)): [69, 43, 11, 6, 3, 1, 2]
(1, (0, 1, 0), (1, 2)): [35, 24, 4, 3, 0, 1]
(1, (0, 1, 0), (2, 0)): [47, 25, 11, 10, 4, 1, 0, 1]
(1, (0, 1, 0), (2, 1)): [40, 25, 7, 3, 5, 0, 2]
(1, (0, 1, 0), (2, 2)): [27, 21, 3, 1, 2]
(1, (0, 1, 0), (3, 0)): [27, 14, 7, 8, 2, 0, 0, 1]
(1, (0, 1, 0), (3, 1)): [24, 10, 6, 6, 1, 0, 1]
(1, (0, 1, 0), (3, 2)): [15, 10, 2, 3, 3]
(1, (0, 1, 1), (0, 0)): [234, 183, 161, 67, 53, 21, 8, 1, 1]
(1, (0, 1, 1), (0, 1)): [16, 10, 11, 3, 4]
(1, (0, 1, 1), (0, 2)): [5, 0, 2, 2]
(1, (0, 1, 1), (1, 0)): [22, 18, 15, 5, 10, 2]
(1, (0, 1, 1), (1, 1)): [11, 7, 7, 1, 5]
(1, (0, 1, 1), (1, 2)): [8, 1, 3, 1]
(1, (0, 1, 1), (2, 0)): [18, 14, 9, 4, 8, 2]
(1, (0, 1, 1), (2, 1)): [4, 4, 5, 0, 2]
(1, (0, 1, 1), (2, 2)): [6, 2, 4]
(1, (0, 1, 1), (3, 0)): [18, 12, 8, 3, 8, 2]
(1, (0, 1, 1), (3, 1)): [2, 1, 1, 0, 2]
(1, (0, 1, 1), (3, 2)): [1, 1, 2]
(1, (1, 0, 0), (0, 0)): [4705, 787, 534, 241, 99, 29, 19, 7, 1, 1]
(1, (1, 0, 0), (0, 1)): [262, 37, 27, 11, 6, 2, 2]
(1, (1, 0, 0), (0, 2)): [71, 8, 5, 3, 2, 0, 1]
(1, (1, 0, 0), (1, 0)): [245, 47, 42, 15, 7, 0, 0, 1]
(1, (1, 0, 0), (1, 1)): [215, 42, 28, 8, 6, 2, 1]
(1, (1, 0, 0), (1, 2)): [109, 15, 13, 3, 2, 1]
(1, (1, 0, 0), (2, 0)): [91, 12, 13, 7, 2]
(1, (1, 0, 0), (2, 1)): [124, 22, 12, 6, 4]
(1, (1, 0, 0), (2, 2)): [99, 13, 11, 4, 2]
(1, (1, 0, 0), (3, 0)): [22, 4, 4, 2, 1]
(1, (1, 0, 0), (3, 1)): [43, 10, 6, 5, 3]
(1, (1, 0, 0), (3, 2)): [44, 10, 7, 4, 2]
(1, (1, 0, 1), (0, 0)): [326, 427, 120, 72, 42, 13, 12, 1, 2]
(1, (1, 0, 1), (0, 1)): [24, 25, 6, 3, 3, 1, 1, 0, 2]
(1, (1, 0, 1), (0, 2)): [13, 10, 0, 1, 0, 0, 1]
(1, (1, 0, 1), (1, 0)): [25, 28, 7, 4, 4, 1]
(1, (1, 0, 1), (1, 1)): [16, 14, 4, 2, 4, 0, 0, 0, 1]
(1, (1, 0, 1), (1, 2)): [15, 9, 3, 1, 3, 0, 1]
(1, (1, 0, 1), (2, 0)): [11, 10, 4, 1, 2, 1]
(1, (1, 0, 1), (2, 1)): [8, 9, 1, 0, 1, 0, 0, 0, 1]
(1, (1, 0, 1), (2, 2)): [6, 7, 3, 0, 1, 0, 0, 0, 1]
(1, (1, 0, 1), (3, 0)): [5, 3, 2, 1, 1, 1]
(1, (1, 0, 1), (3, 1)): [4, 5, 1, 1, 1, 1]
(1, (1, 0, 1), (3, 2)): [4, 5, 3, 0, 1, 0, 0, 0, 1]
(1, (1, 1, 0), (0, 0)): [1394, 446, 303, 211, 84, 34, 13, 12, 1, 1]
(1, (1, 1, 0), (0, 1)): [74, 15, 22, 7, 4, 1, 1, 1]
(1, (1, 1, 0), (0, 2)): [26, 7, 9, 3, 1]
(1, (1, 1, 0), (1, 0)): [73, 32, 21, 21, 6, 2, 0, 1]
(1, (1, 1, 0), (1, 1)): [51, 12, 19, 9, 5, 0, 1, 1]
(1, (1, 1, 0), (1, 2)): [31, 3, 9, 3, 3, 0, 1]
(1, (1, 1, 0), (2, 0)): [31, 13, 6, 10, 2, 1]
(1, (1, 1, 0), (2, 1)): [40, 17, 15, 9, 1, 0, 0, 1]
(1, (1, 1, 0), (2, 2)): [20, 8, 9, 4, 2]
(1, (1, 1, 0), (3, 0)): [7, 0, 1, 3, 1]
(1, (1, 1, 0), (3, 1)): [19, 8, 5, 6, 0, 0, 0, 1]
(1, (1, 1, 0), (3, 2)): [16, 3, 7, 5, 0, 0, 0, 1]
(1, (1, 1, 1), (0, 0)): [309, 240, 162, 99, 78, 30, 12, 7, 2, 1]
(1, (1, 1, 1), (0, 1)): [20, 12, 10, 9, 7, 2, 1]
(1, (1, 1, 1), (0, 2)): [10, 3, 4, 3, 3, 1, 1]
(1, (1, 1, 1), (1, 0)): [27, 18, 17, 4, 9, 0, 0, 1]
(1, (1, 1, 1), (1, 1)): [17, 10, 9, 5, 5, 1]
(1, (1, 1, 1), (1, 2)): [12, 1, 7, 5, 4, 2, 1]
(1, (1, 1, 1), (2, 0)): [12, 6, 9, 3, 4, 0, 0, 1]
(1, (1, 1, 1), (2, 1)): [14, 8, 6, 1, 5, 0, 0, 1]
(1, (1, 1, 1), (2, 2)): [16, 3, 5, 3, 4, 1, 1]
(1, (1, 1, 1), (3, 0)): [3, 1, 2, 2, 2]
(1, (1, 1, 1), (3, 1)): [6, 2, 1, 0, 1, 0, 0, 1]
(1, (1, 1, 1), (3, 2)): [11, 1, 3, 2, 0, 0, 1]
(2, (0, 0, 0), (0, 0)): [10209, 452, 160, 55, 19, 6, 4]
(2, (0, 0, 0), (0, 1)): [589, 23, 10, 3, 2, 2]
(2, (0, 0, 0), (0, 2)): [192, 5, 2, 1]
(2, (0, 0, 0), (1, 0)): [616, 40, 9, 3, 2, 1, 1]
(2, (0, 0, 0), (1, 1)): [528, 20, 8, 1, 3, 3, 1]
(2, (0, 0, 0), (1, 2)): [294, 12, 6, 1, 0, 1, 1]
(2, (0, 0, 0), (2, 0)): [224, 18, 6, 1]
(2, (0, 0, 0), (2, 1)): [316, 13, 2, 0, 2, 2]
(2, (0, 0, 0), (2, 2)): [244, 8, 1, 1, 1, 2]
(2, (0, 0, 0), (3, 0)): [83, 10, 6, 1]
(2, (0, 0, 0), (3, 1)): [151, 11, 2, 1, 1, 1]
(2, (0, 0, 0), (3, 2)): [152, 9, 2, 1, 0, 2]
(2, (0, 0, 1), (0, 0)): [792, 263, 40, 18, 9, 0, 0, 1]
(2, (0, 0, 1), (0, 1)): [45, 16, 1, 0, 1]
(2, (0, 0, 1), (0, 2)): [15, 1]
(2, (0, 0, 1), (1, 0)): [64, 26, 5, 2]
(2, (0, 0, 1), (1, 1)): [43, 16, 4, 1, 1]
(2, (0, 0, 1), (1, 2)): [21, 4, 1, 0, 1]
(2, (0, 0, 1), (2, 0)): [30, 12, 1, 1]
(2, (0, 0, 1), (2, 1)): [25, 8, 2, 1]
(2, (0, 0, 1), (2, 2)): [23, 4, 2, 0, 1]
(2, (0, 0, 1), (3, 0)): [19, 8, 1, 1]
(2, (0, 0, 1), (3, 1)): [11, 6, 0, 1]
(2, (0, 0, 1), (3, 2)): [12, 6, 2]
(2, (0, 1, 0), (0, 0)): [2390, 514, 131, 69, 17, 8, 2]
(2, (0, 1, 0), (0, 1)): [119, 29, 3, 0, 4]
(2, (0, 1, 0), (0, 2)): [32, 6, 1, 0, 2]
(2, (0, 1, 0), (1, 0)): [194, 39, 12, 5, 0, 2]
(2, (0, 1, 0), (1, 1)): [124, 22, 5, 1, 2, 2]
(2, (0, 1, 0), (1, 2)): [62, 11, 2, 1, 1]
(2, (0, 1, 0), (2, 0)): [106, 24, 5, 4]
(2, (0, 1, 0), (2, 1)): [79, 11, 0, 0, 1, 1]
(2, (0, 1, 0), (2, 2)): [61, 8, 1, 1, 1]
(2, (0, 1, 0), (3, 0)): [69, 15, 5, 3]
(2, (0, 1, 0), (3, 1)): [43, 10, 1, 1, 1]
(2, (0, 1, 0), (3, 2)): [41, 10, 0, 1, 1]
(2, (0, 1, 1), (0, 0)): [543, 34, 120, 27, 16, 2, 2, 1]
(2, (0, 1, 1), (0, 1)): [21, 1, 4, 0, 0, 0, 0, 1]
(2, (0, 1, 1), (0, 2)): [8]
(2, (0, 1, 1), (1, 0)): [54, 3, 10, 2, 4]
(2, (0, 1, 1), (1, 1)): [25, 1, 4, 1, 2, 0, 0, 1]
(2, (0, 1, 1), (1, 2)): [15]
(2, (0, 1, 1), (2, 0)): [30, 3, 7, 1, 2]
(2, (0, 1, 1), (2, 1)): [14, 2, 3, 1, 1]
(2, (0, 1, 1), (2, 2)): [11, 0, 1]
(2, (0, 1, 1), (3, 0)): [23, 2, 4, 1, 2]
(2, (0, 1, 1), (3, 1)): [9, 2, 1, 1]
(2, (0, 1, 1), (3, 2)): [9, 1, 1]
(2, (1, 0, 0), (0, 0)): [5647, 381, 289, 92, 25, 6, 6]
(2, (1, 0, 0), (0, 1)): [301, 20, 13, 3, 2, 1, 1]
(2, (1, 0, 0), (0, 2)): [107, 4, 2, 1, 1, 1, 1]
(2, (1, 0, 0), (1, 0)): [349, 24, 18, 9, 5, 1, 1]
(2, (1, 0, 0), (1, 1)): [229, 19, 9, 4, 3]
(2, (1, 0, 0), (1, 2)): [140, 7, 4, 2, 1, 1]
(2, (1, 0, 0), (2, 0)): [129, 13, 11, 4, 3, 0, 1]
(2, (1, 0, 0), (2, 1)): [127, 14, 5, 2, 3]
(2, (1, 0, 0), (2, 2)): [104, 3, 3, 1, 2, 1]
(2, (1, 0, 0), (3, 0)): [42, 5, 4, 2, 1, 0, 1]
(2, (1, 0, 0), (3, 1)): [55, 11, 5, 2, 2, 0, 1]
(2, (1, 0, 0), (3, 2)): [60, 7, 3, 1, 1, 1]
(2, (1, 0, 1), (0, 0)): [858, 210, 71, 58, 21, 1, 2]
(2, (1, 0, 1), (0, 1)): [59, 16, 1, 3, 3]
(2, (1, 0, 1), (0, 2)): [21, 3, 0, 0, 1]
(2, (1, 0, 1), (1, 0)): [69, 11, 3, 5, 5]
(2, (1, 0, 1), (1, 1)): [50, 15, 1, 4, 3]
(2, (1, 0, 1), (1, 2)): [30, 5, 0, 0, 1]
(2, (1, 0, 1), (2, 0)): [18, 1, 2, 4]
(2, (1, 0, 1), (2, 1)): [26, 6, 1, 3, 2]
(2, (1, 0, 1), (2, 2)): [16, 2, 0, 1, 2]
(2, (1, 0, 1), (3, 0)): [7, 0, 1, 3]
(2, (1, 0, 1), (3, 1)): [11, 3, 1, 3, 1]
(2, (1, 0, 1), (3, 2)): [10, 3, 0, 0, 2]
(2, (1, 1, 0), (0, 0)): [2609, 431, 227, 141, 35, 13, 8, 1]
(2, (1, 1, 0), (0, 1)): [139, 25, 9, 6, 1, 2]
(2, (1, 1, 0), (0, 2)): [51, 9, 3, 2]
(2, (1, 1, 0), (1, 0)): [145, 19, 15, 12, 2, 2, 2]
(2, (1, 1, 0), (1, 1)): [116, 15, 8, 6, 1, 3]
(2, (1, 1, 0), (1, 2)): [64, 10, 6, 5, 0, 1]
(2, (1, 1, 0), (2, 0)): [54, 7, 7, 4, 1, 1, 1]
(2, (1, 1, 0), (2, 1)): [72, 6, 4, 4, 1, 2]
(2, (1, 1, 0), (2, 2)): [52, 9, 4, 5, 0, 1]
(2, (1, 1, 0), (3, 0)): [22, 2, 2, 0, 0, 1, 1]
(2, (1, 1, 0), (3, 1)): [33, 1, 2, 2, 1, 3, 1]
(2, (1, 1, 0), (3, 2)): [44, 4, 4, 4, 0, 0, 1]
(2, (1, 1, 1), (0, 0)): [729, 107, 135, 55, 41, 18, 9, 1]
(2, (1, 1, 1), (0, 1)): [60, 5, 6, 5, 5]
(2, (1, 1, 1), (0, 2)): [26, 0, 0, 1, 2]
(2, (1, 1, 1), (1, 0)): [47, 12, 10, 5, 3, 1, 1]
(2, (1, 1, 1), (1, 1)): [48, 6, 8, 3, 3, 1]
(2, (1, 1, 1), (1, 2)): [32, 3, 1, 1, 3]
(2, (1, 1, 1), (2, 0)): [12, 11, 4, 2, 2, 0, 1]
(2, (1, 1, 1), (2, 1)): [20, 4, 4, 4, 2, 1, 1]
(2, (1, 1, 1), (2, 2)): [23, 5, 2, 0, 2, 0, 1]
(2, (1, 1, 1), (3, 0)): [4, 10, 1]
(2, (1, 1, 1), (3, 1)): [9, 7, 1, 3, 1]
(2, (1, 1, 1), (3, 2)): [13, 6, 2, 2, 2, 0, 1]
