(0, (0, 0, 0), (0, 0)): [16684, 3279, 1600, 649, 308, 143, 52, 21, 8, 3, 3, 2]
(0, (0, 0, 0), (0, 1)): [934, 168, 70, 34, 13, 7, 3, 2, 1]
(0, (0, 0, 0), (0, 2)): [373, 53, 26, 10, 5, 1, 2, 0, 1]
(0, (0, 0, 0), (1, 0)): [895, 185, 80, 40, 19, 11, 1, 1, 1]
(0, (0, 0, 0), (1, 1)): [824, 163, 59, 32, 17, 9, 2, 2]
(0, (0, 0, 0), (1, 2)): [531, 85, 30, 13, 11, 7, 2, 0, 1]
(0, (0, 0, 0), (2, 0)): [283, 62, 27, 19, 3, 5]
(0, (0, 0, 0), (2, 1)): [455, 89, 38, 22, 6, 4, 0, 1]
(0, (0, 0, 0), (2, 2)): [433, 70, 32, 12, 5, 6, 1]
(0, (0, 0, 0), (3, 0)): [97, 25, 13, 9, 2, 3]
(0, (0, 0, 0), (3, 1)): [178, 47, 21, 15, 6, 4, 0, 1]
(0, (0, 0, 0), (3, 2)): [244, 54, 29, 10, 5, 3]
(0, (0, 0, 1), (0, 0)): [53, 157, 45, 17, 3, 6, 2, 0, 0, 1]
(0, (0, 0, 1), (0, 1)): [4, 8, 1, 2, 0, 1]
(0, (0, 0, 1), (0, 2)): [2, 3, 0, 2]
(0, (0, 0, 1), (1, 0)): [3, 7, 1, 3]
(0, (0, 0, 1), (1, 1)): [5, 4, 1, 2]
(0, (0, 0, 1), (1, 2)): [4, 3, 0, 1]
(0, (0, 0, 1), (2, 0)): [0, 4, 0, 1]
(0, (0, 0, 1), (2, 1)): [1, 3, 1, 2]
(0, (0, 0, 1), (2, 2)): [2, 2, 0, 1]
(0, (0, 0, 1), (3, 0)): [0, 1, 0, 1]
(0, (0, 0, 1), (3, 1)): [1, 2, 0, 1]
(0, (0, 0, 1), (3, 2)): [2, 3, 0, 1]
(0, (0, 1, 0), (0, 0)): [571, 458, 220, 86, 47, 22, 14, 3, 2, 1]
(0, (0, 1, 0), (0, 1)): [23, 14, 4, 1, 2, 1]
(0, (0, 1, 0), (0, 2)): [11, 5, 2, 0, 1]
(0, (0, 1, 0), (1, 0)): [21, 18, 12, 8, 3, 2]
(0, (0, 1, 0), (1, 1)): [17, 15, 5, 6, 0, 2]
(0, (0, 1, 0), (1, 2)): [13, 11, 4, 1, 1]
(0, (0, 1, 0), (2, 0)): [9, 4, 3, 2, 2]
(0, (0, 1, 0), (2, 1)): [6, 5, 3, 5]
(0, (0, 1, 0), (2, 2)): [10, 8, 3, 2, 1]
(0, (0, 1, 0), (3, 0)): [4, 1, 1, 1, 2]
(0, (0, 1, 0), (3, 1)): [3, 2, 2, 2]
(0, (0, 1, 0), (3, 2)): [4, 3, 2, 2]
(0, (0, 1, 1), (0, 0)): [52, 71, 83, 40, 28, 6, 4, 2, 1, 2, 1]
(0, (0, 1, 1), (0, 1)): [1, 3, 5, 3, 1]
(0, (0, 1, 1), (0, 2)): [1, 2, 1, 2]
(0, (0, 1, 1), (1, 0)): [2, 4, 5, 2, 2]
(0, (0, 1, 1), (1, 1)): [0, 3, 6, 2, 1]
(0, (0, 1, 1), (1, 2)): [0, 3, 3, 0, 1]
(0, (0, 1, 1), (2, 0)): [2, 2, 2, 0, 2]
(0, (0, 1, 1), (2, 1)): [1, 2, 3, 1]
(0, (0, 1, 1), (2, 2)): [0, 2, 1, 0, 1]
(0, (0, 1, 1), (3, 0)): [1, 1, 1, 0, 2]
(0, (0, 1, 1), (3, 1)): [1, 1, 1, 0, 1]
(0, (0, 1, 1), (3, 2)): [0, 0, 2]
(0, (1, 0, 0), (0, 0)): [3570, 1057, 792, 331, 171, 77, 27, 12, 7, 1, 1, 1]
(0, (1, 0, 0), (0, 1)): [222, 56, 43, 18, 9, 4, 0, 0, 1]
(0, (1, 0, 0), (0, 2)): [93, 24, 18, 5, 3, 0, 0, 0, 1]
(0, (1, 0, 0), (1, 0)): [158, 53, 41, 24, 3, 3, 0, 1, 1]
(0, (1, 0, 0), (1, 1)): [147, 42, 36, 18, 3, 3, 0, 0, 1]
(0, (1, 0, 0), (1, 2)): [111, 24, 26, 10, 2, 0, 0, 0, 1]
(0, (1, 0, 0), (2, 0)): [53, 17, 13, 9, 3, 1]
(0, (1, 0, 0), (2, 1)): [61, 21, 15, 12, 2, 4]
(0, (1, 0, 0), (2, 2)): [75, 22, 16, 11, 1, 2, 0, 0, 1]
(0, (1, 0, 0), (3, 0)): [19, 6, 7, 3, 1]
(0, (1, 0, 0), (3, 1)): [23, 7, 9, 7, 1, 2]
(0, (1, 0, 0), (3, 2)): [30, 15, 9, 10, 1, 3, 0, 0, 1]
(0, (1, 0, 1), (0, 0)): [79, 259, 93, 69, 33, 20, 11, 6, 3, 1]
(0, (1, 0, 1), (0, 1)): [6, 12, 3, 3, 1]
(0, (1, 0, 1), (0, 2)): [4, 3, 1, 1, 1]
(0, (1, 0, 1), (1, 0)): [7, 12, 4, 4, 2, 2, 0, 1, 1]
(0, (1, 0, 1), (1, 1)): [4, 8, 2, 5, 0, 1]
(0, (1, 0, 1), (1, 2)): [6, 2, 2, 2]
(0, (1, 0, 1), (2, 0)): [3, 5, 1, 1, 1, 1, 0, 1]
(0, (1, 0, 1), (2, 1)): [1, 6, 2, 2, 1, 2]
(0, (1, 0, 1), (2, 2)): [4, 2, 1, 1]
(0, (1, 0, 1), (3, 0)): [1, 1, 0, 1, 0, 0, 0, 1]
(0, (1, 0, 1), (3, 1)): [0, 4, 0, 1, 0, 1]
(0, (1, 0, 1), (3, 2)): [1, 2, 0, 0, 0, 1]
(0, (1, 1, 0), (0, 0)): [523, 294, 221, 142, 91, 45, 12, 7, 3, 0, 0, 1]
(0, (1, 1, 0), (0, 1)): [35, 16, 11, 12, 1, 2, 0, 1, 1]
(0, (1, 1, 0), (0, 2)): [17, 10, 3, 1, 0, 1, 0, 1]
(0, (1, 1, 0), (1, 0)): [30, 11, 10, 8, 2, 2]
(0, (1, 1, 0), (1, 1)): [25, 10, 7, 8, 2, 0, 0, 0, 1]
(0, (1, 1, 0), (1, 2)): [27, 7, 3, 5, 1, 1, 0, 1, 1]
(0, (1, 1, 0), (2, 0)): [11, 3, 3, 4]
(0, (1, 1, 0), (2, 1)): [13, 5, 2, 4, 1]
(0, (1, 1, 0), (2, 2)): [17, 3, 3, 3, 1, 0, 0, 0, 1]
(0, (1, 1, 0), (3, 0)): [1, 1, 2, 1]
(0, (1, 1, 0), (3, 1)): [6, 0, 3, 3, 1]
(0, (1, 1, 0), (3, 2)): [9, 0, 2, 1, 1]
(0, (1, 1, 1), (0, 0)): [71, 89, 78, 44, 36, 19, 9, 8, 1, 2]
(0, (1, 1, 1), (0, 1)): [4, 5, 7, 4, 1, 1, 0, 2]
(0, (1, 1, 1), (0, 2)): [2, 3, 2, 1, 1]
(0, (1, 1, 1), (1, 0)): [7, 3, 5, 7, 2, 0, 0, 1]
(0, (1, 1, 1), (1, 1)): [5, 3, 8, 5, 1, 1, 0, 3]
(0, (1, 1, 1), (1, 2)): [5, 4, 6, 1, 0, 1, 0, 1]
(0, (1, 1, 1), (2, 0)): [2, 2, 2, 3, 1]
(0, (1, 1, 1), (2, 1)): [2, 0, 2, 2, 1]
(0, (1, 1, 1), (2, 2)): [4, 1, 4, 1, 1]
(0, (1, 1, 1), (3, 0)): [1, 2, 1, 2, 1]
(0, (1, 1, 1), (3, 1)): [2, 2, 2, 3]
(0, (1, 1, 1), (3, 2)): [1, 1, 3, 3, 1]
(1, (0, 0, 0), (0, 0)): [13590, 1540, 618, 227, 96, 40, 12, 7, 1, 1, 2]
(1, (0, 0, 0), (0, 1)): [749, 78, 30, 6, 5, 0, 1, 1]
(1, (0, 0, 0), (0, 2)): [289, 27, 4, 1, 4, 0, 1]
(1, (0, 0, 0), (1, 0)): [726, 84, 33, 12, 9, 3, 2, 1]
(1, (0, 0, 0), (1, 1)): [667, 58, 28, 8, 3, 2, 1, 1]
(1, (0, 0, 0), (1, 2)): [431, 32, 12, 1, 4, 1, 1]
(1, (0, 0, 0), (2, 0)): [249, 35, 14, 7, 4, 1]
(1, (0, 0, 0), (2, 1)): [353, 36, 17, 8, 2, 0, 1, 1]
(1, (0, 0, 0), (2, 2)): [333, 32, 14, 3, 1, 1, 1]
(1, (0, 0, 0), (3, 0)): [68, 17, 7, 2, 3, 1]
(1, (0, 0, 0), (3, 1)): [135, 18, 9, 3, 4, 0, 0, 1]
(1, (0, 0, 0), (3, 2)): [185, 21, 12, 1, 3, 1, 1]
(1, (0, 0, 1), (0, 0)): [289, 399, 96, 26, 11, 10, 5]
(1, (0, 0, 1), (0, 1)): [21, 16, 3, 0, 0, 1]
(1, (0, 0, 1), (0, 2)): [11, 4]
(1, (0, 0, 1), (1, 0)): [17, 22, 6, 3, 2]
(1, (0, 0, 1), (1, 1)): [15, 16, 3, 2]
(1, (0, 0, 1), (1, 2)): [16, 11, 0, 1]
(1, (0, 0, 1), (2, 0)): [6, 11, 1, 0, 2]
(1, (0, 0, 1), (2, 1)): [6, 8, 3, 1, 1]
(1, (0, 0, 1), (2, 2)): [10, 8, 1, 1]
(1, (0, 0, 1), (3, 0)): [3, 4, 0, 0, 1]
(1, (0, 0, 1), (3, 1)): [4, 6, 0, 1, 1]
(1, (0, 0, 1), (3, 2)): [8, 6, 1, 1]
(1, (0, 1, 0), (0, 0)): [1717, 681, 277, 116, 45, 19, 5, 0, 1]
(1, (0, 1, 0), (0, 1)): [86, 35, 12, 6, 2, 1]
(1, (0, 1, 0), (0, 2)): [38, 9, 1, 0, 0, 1]
(1, (0, 1, 0), (1, 0)): [89, 35, 17, 8, 2, 1]
(1, (0, 1, 0), (1, 1)): [63, 28, 11, 4, 2]
(1, (0, 1, 0), (1, 2)): [55, 15, 3, 1, 0, 1]
(1, (0, 1, 0), (2, 0)): [43, 15, 11, 3, 1, 1]
(1, (0, 1, 0), (2, 1)): [30, 22, 10, 2, 1]
(1, (0, 1, 0), (2, 2)): [35, 22, 3, 0, 1, 1]
(1, (0, 1, 0), (3, 0)): [25, 6, 3, 2, 0, 1]
(1, (0, 1, 0), (3, 1)): [20, 4, 5, 3]
(1, (0, 1, 0), (3, 2)): [23, 9, 1, 1, 1]
(1, (0, 1, 1), (0, 0)): [268, 200, 174, 57, 34, 20, 5, 4]
(1, (0, 1, 1), (0, 1)): [12, 6, 3, 2, 0, 2]
(1, (0, 1, 1), (0, 2)): [8, 3, 1, 2, 0, 2]
(1, (0, 1, 1), (1, 0)): [22, 12, 10, 7, 2, 1]
(1, (0, 1, 1), (1, 1)): [8, 3, 4]
(1, (0, 1, 1), (1, 2)): [7, 3, 2, 1, 0, 2]
(1, (0, 1, 1), (2, 0)): [16, 11, 6, 5, 2, 1]
(1, (0, 1, 1), (2, 1)): [5, 3, 1]
(1, (0, 1, 1), (2, 2)): [4, 3, 0, 0, 0, 1]
(1, (0, 1, 1), (3, 0)): [15, 8, 6, 4, 1, 1]
(1, (0, 1, 1), (3, 1)): [2, 0, 0, 0, 1]
(1, (0, 1, 1), (3, 2)): [2, 1, 0, 0, 1, 1]
(1, (1, 0, 0), (0, 0)): [5061, 833, 602, 227, 105, 38, 13, 9, 0, 1, 1]
(1, (1, 0, 0), (0, 1)): [285, 39, 24, 16, 7, 2, 1]
(1, (1, 0, 0), (0, 2)): [110, 19, 7, 5, 2, 1]
(1, (1, 0, 0), (1, 0)): [263, 38, 29, 12, 10, 1, 0, 1]
(1, (1, 0, 0), (1, 1)): [229, 24, 21, 9, 5, 2, 0, 1]
(1, (1, 0, 0), (1, 2)): [157, 10, 14, 7, 2, 1, 0, 1]
(1, (1, 0, 0), (2, 0)): [80, 12, 11, 3, 4]
(1, (1, 0, 0), (2, 1)): [117, 18, 11, 5, 5]
(1, (1, 0, 0), (2, 2)): [111, 10, 11, 4, 1, 0, 0, 1]
(1, (1, 0, 0), (3, 0)): [17, 4, 7, 0, 2]
(1, (1, 0, 0), (3, 1)): [31, 8, 10, 2, 2]
(1, (1, 0, 0), (3, 2)): [48, 10, 7, 2, 1, 0, 0, 1]
(1, (1, 0, 1), (0, 0)): [447, 415, 115, 89, 41, 9, 10, 2]
(1, (1, 0, 1), (0, 1)): [26, 15, 5, 4, 2, 0, 1]
(1, (1, 0, 1), (0, 2)): [11, 5, 3, 1, 0, 0, 1]
(1, (1, 0, 1), (1, 0)): [27, 22, 5, 7, 0, 0, 1]
(1, (1, 0, 1), (1, 1)): [18, 13, 1, 6, 2, 0, 1]
(1, (1, 0, 1), (1, 2)): [17, 8, 2, 2, 0, 0, 1]
(1, (1, 0, 1), (2, 0)): [11, 8, 1, 1]
(1, (1, 0, 1), (2, 1)): [9, 10, 2, 4, 1, 0, 1]
(1, (1, 0, 1), (2, 2)): [12, 6, 2, 0, 0, 0, 2]
(1, (1, 0, 1), (3, 0)): [4, 2]
(1, (1, 0, 1), (3, 1)): [6, 4, 0, 1]
(1, (1, 0, 1), (3, 2)): [5, 3, 1, 0, 0, 0, 1]
(1, (1, 1, 0), (0, 0)): [1412, 399, 296, 186, 85, 40, 8, 6, 2, 1]
(1, (1, 1, 0), (0, 1)): [79, 23, 12, 9, 8, 3]
(1, (1, 1, 0), (0, 2)): [38, 12, 4, 2, 2, 2]
(1, (1, 1, 0), (1, 0)): [72, 31, 20, 9, 1, 2, 0, 1]
(1, (1, 1, 0), (1, 1)): [50, 19, 12, 6, 4, 1, 0, 1]
(1, (1, 1, 0), (1, 2)): [40, 16, 8, 5, 2, 2]
(1, (1, 1, 0), (2, 0)): [29, 8, 6, 5, 0, 1]
(1, (1, 1, 0), (2, 1)): [29, 8, 6, 5, 4, 1]
(1, (1, 1, 0), (2, 2)): [35, 9, 6, 4, 3, 2]
(1, (1, 1, 0), (3, 0)): [7, 1, 1, 1, 0, 1]
(1, (1, 1, 0), (3, 1)): [7, 3, 5, 2, 2]
(1, (1, 1, 0), (3, 2)): [21, 5, 3, 4, 1, 1]
(1, (1, 1, 1), (0, 0)): [313, 208, 138, 73, 65, 29, 8, 7, 0, 1]
(1, (1, 1, 1), (0, 1)): [24, 13, 11, 2, 2, 3, 1]
(1, (1, 1, 1), (0, 2)): [12, 4, 2, 1, 0, 1]
(1, (1, 1, 1), (1, 0)): [22, 14, 10, 4, 1, 1, 0, 2]
(1, (1, 1, 1), (1, 1)): [14, 9, 11, 2, 2, 1, 1, 1]
(1, (1, 1, 1), (1, 2)): [15, 6, 5, 1, 0, 1, 1]
(1, (1, 1, 1), (2, 0)): [5, 3, 4, 2]
(1, (1, 1, 1), (2, 1)): [7, 4, 6, 1, 2, 0, 0, 1]
(1, (1, 1, 1), (2, 2)): [9, 4, 4, 1, 1, 0, 1]
(1, (1, 1, 1), (3, 0)): [0, 2, 1, 1]
(1, (1, 1, 1), (3, 1)): [0, 3, 3, 2, 0, 0, 0, 1]
(1, (1, 1, 1), (3, 2)): [1, 2, 2, 1]
(2, (0, 0, 0), (0, 0)): [11861, 568, 208, 60, 31, 5, 3, 1, 0, 0, 1]
(2, (0, 0, 0), (0, 1)): [655, 26, 8, 1, 4, 0, 1, 1]
(2, (0, 0, 0), (0, 2)): [225, 8, 3, 0, 1, 0, 0, 1]
(2, (0, 0, 0), (1, 0)): [678, 34, 9, 0, 4]
(2, (0, 0, 0), (1, 1)): [660, 18, 8, 1, 3, 0, 1]
(2, (0, 0, 0), (1, 2)): [383, 11, 2, 1, 1, 0, 1]
(2, (0, 0, 0), (2, 0)): [227, 18, 4, 0, 2]
(2, (0, 0, 0), (2, 1)): [365, 19, 3, 0, 2]
(2, (0, 0, 0), (2, 2)): [331, 15, 3, 0, 1, 0, 1]
(2, (0, 0, 0), (3, 0)): [85, 5, 4, 0, 2]
(2, (0, 0, 0), (3, 1)): [174, 9, 6, 0, 3]
(2, (0, 0, 0), (3, 2)): [228, 12, 3, 0, 1]
(2, (0, 0, 1), (0, 0)): [911, 260, 52, 20, 9, 4]
(2, (0, 0, 1), (0, 1)): [56, 7, 4, 2]
(2, (0, 0, 1), (0, 2)): [19, 3, 1]
(2, (0, 0, 1), (1, 0)): [58, 16, 4, 4]
(2, (0, 0, 1), (1, 1)): [48, 6, 3, 4]
(2, (0, 0, 1), (1, 2)): [33, 5, 1, 1]
(2, (0, 0, 1), (2, 0)): [26, 7, 2, 2]
(2, (0, 0, 1), (2, 1)): [27, 7, 2, 4]
(2, (0, 0, 1), (2, 2)): [31, 6]
(2, (0, 0, 1), (3, 0)): [15, 2, 2, 1]
(2, (0, 0, 1), (3, 1)): [8, 2, 1, 2]
(2, (0, 0, 1), (3, 2)): [12, 3, 1, 1]
(2, (0, 1, 0), (0, 0)): [2631, 541, 162, 58, 14, 5, 0, 0, 0, 0, 1]
(2, (0, 1, 0), (0, 1)): [116, 28, 8, 2, 1]
(2, (0, 1, 0), (0, 2)): [41, 7, 4, 1]
(2, (0, 1, 0), (1, 0)): [171, 32, 16, 5, 1, 2]
(2, (0, 1, 0), (1, 1)): [120, 25, 11, 2, 1]
(2, (0, 1, 0), (1, 2)): [73, 12, 4, 1, 1]
(2, (0, 1, 0), (2, 0)): [82, 13, 7, 3, 1, 2]
(2, (0, 1, 0), (2, 1)): [63, 16, 9, 3]
(2, (0, 1, 0), (2, 2)): [61, 11, 5, 2, 1]
(2, (0, 1, 0), (3, 0)): [51, 5, 4, 2, 1, 2]
(2, (0, 1, 0), (3, 1)): [24, 7, 2, 1, 0, 1]
(2, (0, 1, 0), (3, 2)): [35, 9, 2, 2, 1]
(2, (0, 1, 1), (0, 0)): [601, 57, 132, 34, 14, 4, 2]
(2, (0, 1, 1), (0, 1)): [30, 3, 8, 2]
(2, (0, 1, 1), (0, 2)): [14, 1, 5]
(2, (0, 1, 1), (1, 0)): [49, 4, 4, 5, 1]
(2, (0, 1, 1), (1, 1)): [25, 2, 1, 3]
(2, (0, 1, 1), (1, 2)): [20, 1, 4, 1]
(2, (0, 1, 1), (2, 0)): [27, 0, 4, 3]
(2, (0, 1, 1), (2, 1)): [14, 2, 1, 1]
(2, (0, 1, 1), (2, 2)): [15, 2, 3, 2]
(2, (0, 1, 1), (3, 0)): [16, 0, 3, 2]
(2, (0, 1, 1), (3, 1)): [7, 1, 1]
(2, (0, 1, 1), (3, 2)): [9, 2, 2]
(2, (1, 0, 0), (0, 0)): [6190, 432, 339, 96, 44, 6, 5, 1, 0, 1, 1]
(2, (1, 0, 0), (0, 1)): [319, 15, 13, 5, 7, 1, 2]
(2, (1, 0, 0), (0, 2)): [123, 5, 3, 0, 1]
(2, (1, 0, 0), (1, 0)): [378, 25, 21, 2, 3, 0, 0, 1]
(2, (1, 0, 0), (1, 1)): [278, 9, 10, 5, 4]
(2, (1, 0, 0), (1, 2)): [177, 5, 1, 3, 2]
(2, (1, 0, 0), (2, 0)): [140, 9, 8, 0, 2]
(2, (1, 0, 0), (2, 1)): [156, 6, 5, 1, 3]
(2, (1, 0, 0), (2, 2)): [146, 6, 5, 3, 3]
(2, (1, 0, 0), (3, 0)): [46, 4, 3]
(2, (1, 0, 0), (3, 1)): [71, 6, 3, 0, 1]
(2, (1, 0, 0), (3, 2)): [81, 5, 2, 2, 3]
(2, (1, 0, 1), (0, 0)): [1078, 221, 79, 52, 17, 7, 1, 0, 1]
(2, (1, 0, 1), (0, 1)): [65, 12, 4, 4]
(2, (1, 0, 1), (0, 2)): [24, 4, 2]
(2, (1, 0, 1), (1, 0)): [52, 11, 2, 3, 3]
(2, (1, 0, 1), (1, 1)): [47, 9, 1, 2]
(2, (1, 0, 1), (1, 2)): [34, 5, 2]
(2, (1, 0, 1), (2, 0)): [17, 3, 1, 1, 3]
(2, (1, 0, 1), (2, 1)): [29, 7, 0, 2, 2]
(2, (1, 0, 1), (2, 2)): [23, 3, 2]
(2, (1, 0, 1), (3, 0)): [5, 0, 1, 0, 1]
(2, (1, 0, 1), (3, 1)): [11, 3, 1, 2]
(2, (1, 0, 1), (3, 2)): [11, 4, 3, 1]
(2, (1, 1, 0), (0, 0)): [2511, 400, 185, 126, 51, 10, 4, 3, 0, 1]
(2, (1, 1, 0), (0, 1)): [141, 18, 11, 8, 3, 1, 1, 1]
(2, (1, 1, 0), (0, 2)): [59, 2, 4, 0, 0, 1]
(2, (1, 1, 0), (1, 0)): [149, 26, 9, 7, 4, 1]
(2, (1, 1, 0), (1, 1)): [132, 15, 6, 10, 2, 0, 1, 1]
(2, (1, 1, 0), (1, 2)): [92, 8, 4, 3, 1, 1, 0, 1]
(2, (1, 1, 0), (2, 0)): [43, 12, 6, 2, 2, 1]
(2, (1, 1, 0), (2, 1)): [57, 11, 5, 5, 1, 1]
(2, (1, 1, 0), (2, 2)): [63, 11, 3, 5, 1, 1, 0, 1]
(2, (1, 1, 0), (3, 0)): [18, 3, 4, 0, 1]
(2, (1, 1, 0), (3, 1)): [29, 5, 4, 1]
(2, (1, 1, 0), (3, 2)): [39, 4, 3, 3, 1, 0, 0, 1]
(2, (1, 1, 1), (0, 0)): [705, 84, 110, 51, 55, 11, 4, 1]
(2, (1, 1, 1), (0, 1)): [56, 2, 4, 1]
(2, (1, 1, 1), (0, 2)): [25, 0, 1, 1]
(2, (1, 1, 1), (1, 0)): [42, 8, 11, 5, 3]
(2, (1, 1, 1), (1, 1)): [43, 3, 5, 2, 2]
(2, (1, 1, 1), (1, 2)): [34, 0, 3]
(2, (1, 1, 1), (2, 0)): [13, 6, 2, 2, 1]
(2, (1, 1, 1), (2, 1)): [18, 3, 3, 3, 3]
(2, (1, 1, 1), (2, 2)): [28, 1, 3, 0, 1]
(2, (1, 1, 1), (3, 0)): [3, 5, 0, 1]
(2, (1, 1, 1), (3, 1)): [6, 5, 1, 1, 2]
(2, (1, 1, 1), (3, 2)): [12, 4, 2, 0, 1]
