(0, (0, 0, 0), (0, 0)): [65683, 11664, 4989, 2161, 926, 350, 136, 45, 18, 5, 6]
(0, (0, 0, 0), (0, 1)): [359, 52, 20, 10, 2, 0, 1, 1]
(0, (0, 0, 0), (0, 2)): [146, 27, 6, 4, 0, 0, 1, 1]
(0, (0, 0, 0), (1, 0)): [288, 53, 20, 3, 1, 3, 2]
(0, (0, 0, 0), (1, 1)): [261, 40, 17, 6, 1, 1]
(0, (0, 0, 0), (1, 2)): [187, 26, 7, 4, 0, 0, 0, 1]
(0, (0, 0, 0), (2, 0)): [90, 23, 9, 1, 1, 2, 1]
(0, (0, 0, 0), (2, 1)): [127, 30, 9, 4, 0, 2]
(0, (0, 0, 0), (2, 2)): [144, 25, 2, 3, 0, 1]
(0, (0, 0, 0), (3, 0)): [35, 9, 6, 0, 1, 1, 1]
(0, (0, 0, 0), (3, 1)): [43, 9, 10, 0, 0, 0, 1]
(0, (0, 0, 0), (3, 2)): [63, 18, 7, 2, 0, 1, 1]
(0, (0, 0, 1), (0, 0)): [390, 1023, 290, 117, 53, 19, 9, 3, 1]
(0, (0, 0, 1), (0, 1)): [2, 1, 2, 1]
(0, (0, 0, 1), (1, 0)): [2, 6]
(0, (0, 0, 1), (1, 1)): [3, 2]
(0, (0, 1, 0), (0, 0)): [1955, 1914, 671, 307, 140, 45, 20, 4, 4, 2, 2]
(0, (0, 1, 0), (0, 1)): [13, 9, 1, 2]
(0, (0, 1, 0), (1, 0)): [12, 7, 1, 1]
(0, (0, 1, 0), (1, 1)): [11, 6, 1]
(0, (0, 1, 0), (1, 2)): [5, 3, 1, 2]
(0, (0, 1, 1), (0, 0)): [182, 289, 351, 164, 66, 32, 12, 4]
(0, (0, 1, 1), (0, 1)): [1, 1, 1]
(0, (0, 1, 1), (1, 1)): [0, 0, 1]
(0, (0, 1, 1), (1, 2)): [0, 0, 1]
(0, (1, 0, 0), (0, 0)): [14685, 5004, 2635, 1278, 546, 222, 78, 27, 12, 3, 5]
(0, (1, 0, 0), (0, 1)): [68, 9, 5, 2, 0, 1, 1]
(0, (1, 0, 0), (0, 2)): [22, 3, 1, 1, 0, 1, 1]
(0, (1, 0, 0), (1, 0)): [42, 20, 11, 3, 1, 2]
(0, (1, 0, 0), (1, 1)): [37, 9, 8, 1, 1, 1]
(0, (1, 0, 0), (1, 2)): [22, 3, 4, 0, 1, 2]
(0, (1, 0, 0), (2, 0)): [10, 8, 2, 2]
(0, (1, 0, 0), (2, 1)): [13, 12, 3, 3]
(0, (1, 0, 0), (2, 2)): [14, 3, 3, 1, 1, 1]
(0, (1, 0, 0), (3, 1)): [4, 3]
(0, (1, 0, 0), (3, 2)): [3, 2, 1]
(0, (1, 0, 1), (0, 0)): [343, 787, 368, 210, 108, 34, 18, 7, 3]
(0, (1, 1, 0), (0, 0)): [1812, 1193, 914, 590, 315, 119, 47, 16, 9, 4, 4]
(0, (1, 1, 0), (0, 1)): [7, 3, 3, 2, 0, 1]
(0, (1, 1, 0), (0, 2)): [3, 0, 1, 1, 0, 1]
(0, (1, 1, 0), (1, 0)): [5, 2, 1, 1, 0, 1, 1]
(0, (1, 1, 0), (1, 1)): [2, 2, 2, 1]
(0, (1, 1, 0), (2, 0)): [2, 0, 1]
(0, (1, 1, 0), (2, 1)): [2]
(0, (1, 1, 1), (0, 0)): [216, 340, 280, 233, 169, 73, 36, 18, 10, 5, 3]
(1, (0, 0, 0), (0, 0)): [51602, 4714, 1799, 626, 260, 95, 33, 15, 4, 1, 1]
(1, (0, 0, 0), (0, 1)): [280, 22, 6, 4, 1]
(1, (0, 0, 0), (0, 2)): [108, 6, 1, 3]
(1, (0, 0, 0), (1, 0)): [226, 21, 11, 2, 0, 1, 0, 1]
(1, (0, 0, 0), (1, 1)): [211, 17, 6, 1, 0, 1]
(1, (0, 0, 0), (1, 2)): [128, 10, 2, 3, 0, 1]
(1, (0, 0, 0), (2, 0)): [68, 8, 6, 2]
(1, (0, 0, 0), (2, 1)): [101, 9, 7, 2]
(1, (0, 0, 0), (2, 2)): [97, 3, 2, 2, 0, 1]
(1, (0, 0, 0), (3, 0)): [22, 3, 2]
(1, (0, 0, 0), (3, 1)): [33, 7, 5]
(1, (0, 0, 0), (3, 2)): [52, 4, 5, 1, 0, 1]
(1, (0, 0, 1), (0, 0)): [2073, 2843, 510, 190, 76, 27, 10, 3, 1]
(1, (0, 0, 1), (1, 0)): [9, 13, 1, 1, 1]
(1, (0, 0, 1), (1, 1)): [9, 11, 0, 1, 1]
(1, (0, 0, 1), (1, 2)): [5, 4, 0, 1]
(1, (0, 0, 1), (2, 1)): [4, 6]
(1, (0, 0, 1), (2, 2)): [5, 5]
(1, (0, 0, 1), (3, 1)): [2, 1]
(1, (0, 0, 1), (3, 2)): [3, 2]
(1, (0, 1, 0), (0, 0)): [8346, 3786, 1169, 458, 155, 53, 20, 10, 1]
(1, (0, 1, 0), (0, 1)): [40, 14, 4, 1, 0, 1]
(1, (0, 1, 0), (0, 2)): [12, 4, 0, 0, 0, 1]
(1, (0, 1, 0), (1, 0)): [39, 19, 3, 3, 1, 1]
(1, (0, 1, 0), (1, 1)): [38, 15, 1, 2, 1, 1]
(1, (0, 1, 0), (1, 2)): [27, 9, 1, 0, 1]
(1, (0, 1, 0), (2, 0)): [17, 5, 3]
(1, (0, 1, 0), (2, 1)): [13, 5, 0, 2, 0, 1]
(1, (0, 1, 0), (2, 2)): [16, 8, 1, 2, 1, 1]
(1, (0, 1, 0), (3, 0)): [8, 3, 2]
(1, (0, 1, 0), (3, 1)): [5, 2, 1]
(1, (0, 1, 0), (3, 2)): [10, 0, 1, 0, 0, 1]
(1, (0, 1, 1), (0, 0)): [1363, 1105, 1065, 402, 149, 60, 18, 6, 1]
(1, (0, 1, 1), (0, 1)): [5, 1, 7, 0, 0, 0, 0, 1]
(1, (0, 1, 1), (1, 0)): [8, 2, 2, 2]
(1, (0, 1, 1), (1, 1)): [5, 0, 6, 1]
(1, (0, 1, 1), (1, 2)): [4, 0, 3, 1]
(1, (0, 1, 1), (2, 0)): [4, 2]
(1, (0, 1, 1), (2, 1)): [1, 1, 3]
(1, (0, 1, 1), (2, 2)): [3, 1, 1, 1]
(1, (0, 1, 1), (3, 1)): [1]
(1, (1, 0, 0), (0, 0)): [20141, 3667, 1881, 753, 279, 118, 33, 13, 4, 1]
(1, (1, 0, 0), (0, 1)): [99, 10, 7, 5, 0, 1, 1]
(1, (1, 0, 0), (0, 2)): [39, 6, 2, 2]
(1, (1, 0, 0), (1, 0)): [69, 17, 11, 3, 0, 2]
(1, (1, 0, 0), (1, 1)): [59, 7, 3, 3, 0, 1]
(1, (1, 0, 0), (1, 2)): [51, 5, 2, 2]
(1, (1, 0, 0), (2, 0)): [19, 4, 5]
(1, (1, 0, 0), (2, 1)): [19, 4, 3, 1, 0, 1]
(1, (1, 0, 0), (2, 2)): [28, 4, 3, 3, 0, 1]
(1, (1, 0, 0), (3, 0)): [5, 2, 2]
(1, (1, 0, 0), (3, 1)): [7, 2, 1]
(1, (1, 0, 1), (0, 0)): [1362, 1765, 642, 343, 143, 47, 12, 6, 2, 1]
(1, (1, 0, 1), (0, 1)): [8, 6, 0, 2, 1]
(1, (1, 0, 1), (1, 1)): [2, 7, 0, 1, 1]
(1, (1, 0, 1), (1, 2)): [3, 4, 0, 0, 1]
(1, (1, 1, 0), (0, 0)): [4976, 1517, 1044, 652, 253, 95, 28, 9, 4]
(1, (1, 1, 0), (0, 1)): [21, 2, 7, 3, 1]
(1, (1, 1, 0), (0, 2)): [6, 1, 2, 2]
(1, (1, 1, 0), (1, 0)): [17, 9, 5, 3, 0, 1]
(1, (1, 1, 0), (1, 1)): [24, 5, 3, 1]
(1, (1, 1, 0), (1, 2)): [14, 0, 3, 1]
(1, (1, 1, 0), (2, 1)): [9, 4, 2, 1]
(1, (1, 1, 0), (2, 2)): [11, 1, 2, 1]
(1, (1, 1, 1), (0, 0)): [972, 791, 466, 353, 204, 89, 34, 15, 3]
(2, (0, 0, 0), (0, 0)): [44644, 1482, 463, 118, 41, 14, 5, 3, 1, 0, 1]
(2, (0, 0, 0), (0, 1)): [239, 4, 1]
(2, (0, 0, 0), (0, 2)): [89]
(2, (0, 0, 0), (1, 0)): [211, 10, 4, 0, 1]
(2, (0, 0, 0), (1, 1)): [194, 8, 1]
(2, (0, 0, 0), (1, 2)): [109, 1, 1]
(2, (0, 0, 0), (2, 0)): [67, 2, 3]
(2, (0, 0, 0), (2, 1)): [105, 6]
(2, (0, 0, 0), (2, 2)): [89, 3, 1]
(2, (0, 0, 0), (3, 0)): [24, 2, 3]
(2, (0, 0, 0), (3, 1)): [47, 3, 1]
(2, (0, 0, 0), (3, 2)): [62, 3]
(2, (0, 0, 1), (0, 0)): [5685, 1816, 268, 80, 21, 6, 4]
(2, (0, 0, 1), (0, 1)): [24, 10, 1]
(2, (0, 0, 1), (1, 1)): [17, 2]
(2, (0, 0, 1), (1, 2)): [16, 5, 1]
(2, (0, 0, 1), (2, 2)): [10, 2, 1]
(2, (0, 0, 1), (3, 2)): [5, 1, 1]
(2, (0, 1, 0), (0, 0)): [13751, 2877, 628, 195, 47, 17, 3, 3]
(2, (0, 1, 0), (0, 1)): [61, 8, 2, 1, 1]
(2, (0, 1, 0), (0, 2)): [23, 1]
(2, (0, 1, 0), (1, 0)): [69, 13, 5, 0, 0, 1]
(2, (0, 1, 0), (1, 1)): [52, 8, 2, 0, 1]
(2, (0, 1, 0), (1, 2)): [35, 2, 0, 0, 1]
(2, (0, 1, 0), (2, 0)): [32, 6, 3, 0, 0, 1]
(2, (0, 1, 0), (2, 1)): [32, 8, 2, 0, 0, 1]
(2, (0, 1, 0), (2, 2)): [29, 1]
(2, (0, 1, 0), (3, 0)): [15, 3, 1]
(2, (0, 1, 0), (3, 2)): [18, 4, 1, 0, 0, 1]
(2, (0, 1, 1), (0, 0)): [3413, 335, 715, 176, 51, 17, 5, 1]
(2, (0, 1, 1), (0, 1)): [15, 1, 2]
(2, (0, 1, 1), (0, 2)): [5]
(2, (0, 1, 1), (1, 0)): [15, 1, 11, 1]
(2, (0, 1, 1), (1, 1)): [12, 1, 6, 1]
(2, (0, 1, 1), (1, 2)): [6, 1, 3, 1]
(2, (0, 1, 1), (2, 0)): [6, 1, 5]
(2, (0, 1, 1), (2, 1)): [6, 0, 2]
(2, (0, 1, 1), (2, 2)): [6, 1, 1]
(2, (0, 1, 1), (3, 0)): [4, 0, 4]
(2, (0, 1, 1), (3, 1)): [3, 0, 3]
(2, (0, 1, 1), (3, 2)): [7, 0, 3]
(2, (1, 0, 0), (0, 0)): [24177, 1747, 759, 213, 73, 22, 10, 4, 1, 0, 1]
(2, (1, 0, 0), (0, 1)): [111, 2, 3]
(2, (1, 0, 0), (0, 2)): [28]
(2, (1, 0, 0), (1, 0)): [118, 3, 4, 1, 1]
(2, (1, 0, 0), (1, 1)): [78, 2, 2, 0, 1]
(2, (1, 0, 0), (1, 2)): [35]
(2, (1, 0, 0), (2, 0)): [40, 2, 2, 1]
(2, (1, 0, 0), (2, 1)): [36, 2, 0, 0, 1]
(2, (1, 0, 0), (2, 2)): [14]
(2, (1, 0, 0), (3, 1)): [15, 1]
(2, (1, 0, 0), (3, 2)): [9]
(2, (1, 0, 1), (0, 0)): [3559, 1004, 469, 167, 48, 15, 5]
(2, (1, 0, 1), (1, 0)): [15, 1, 5]
(2, (1, 1, 0), (0, 0)): [7306, 1077, 604, 294, 77, 22, 8, 5, 1, 0, 1]
(2, (1, 1, 0), (0, 1)): [32, 3, 1]
(2, (1, 1, 0), (0, 2)): [10, 1]
(2, (1, 1, 0), (1, 0)): [24, 2, 2, 1]
(2, (1, 1, 0), (1, 1)): [18, 1]
(2, (1, 1, 0), (1, 2)): [9, 1]
(2, (1, 1, 0), (2, 0)): [7, 1, 1]
(2, (1, 1, 0), (2, 1)): [10, 1]
(2, (1, 1, 0), (3, 0)): [2, 0, 1]
(2, (1, 1, 0), (3, 1)): [3, 0, 1]
(2, (1, 1, 0), (3, 2)): [3, 0, 1]
(2, (1, 1, 1), (0, 0)): [2297, 379, 331, 168, 97, 27, 10, 3, 1, 1, 1]
(2, (1, 1, 1), (1, 0)): [4, 0, 1]
(2, (1, 1, 1), (1, 1)): [5, 0, 2]
(2, (1, 1, 1), (2, 1)): [4, 0, 2]
