(0, (0, 0, 0), (0, 0)): [472200, 96491, 45401, 21038, 9565, 4233, 1742, 749, 311, 160, 63, 26, 16, 4, 2]
(0, (0, 0, 0), (0, 1)): [1068, 199, 89, 29, 15, 2, 1, 4, 0, 1]
(0, (0, 0, 0), (0, 2)): [442, 81, 30, 10, 4, 0, 1, 2]
(0, (0, 0, 0), (1, 0)): [947, 197, 83, 32, 20, 16, 5, 1, 0, 1]
(0, (0, 0, 0), (1, 1)): [779, 144, 59, 20, 13, 2, 0, 3]
(0, (0, 0, 0), (1, 2)): [519, 89, 27, 11, 4, 0, 0, 2]
(0, (0, 0, 0), (2, 0)): [379, 93, 46, 19, 12, 11, 3, 0, 0, 1]
(0, (0, 0, 0), (2, 1)): [448, 90, 36, 13, 9, 4, 1, 1]
(0, (0, 0, 0), (2, 2)): [425, 79, 17, 7, 7, 2, 0, 1]
(0, (0, 0, 0), (3, 0)): [169, 47, 29, 15, 7, 9, 2]
(0, (0, 0, 0), (3, 1)): [192, 44, 27, 8, 4, 1, 3]
(0, (0, 0, 0), (3, 2)): [248, 49, 28, 9, 7, 1, 1]
(0, (0, 0, 1), (0, 0)): [2112, 7069, 1970, 937, 483, 193, 94, 51, 22, 10, 2, 1, 3]
(0, (0, 1, 0), (0, 0)): [15331, 15876, 6107, 2879, 1483, 671, 275, 127, 54, 34, 11, 4, 2]
(0, (0, 1, 1), (0, 0)): [1374, 2502, 3260, 1473, 795, 384, 162, 72, 39, 13, 5, 3, 0, 1, 1]
(0, (0, 1, 1), (1, 0)): [3, 4, 7, 4, 2, 2, 3]
(0, (1, 0, 0), (0, 0)): [104977, 37019, 23133, 11601, 5571, 2541, 1074, 468, 197, 107, 44, 17, 10, 3, 2]
(0, (1, 0, 0), (0, 1)): [215, 47, 40, 12, 12, 4, 3, 1]
(0, (1, 0, 0), (1, 0)): [176, 70, 42, 12, 6, 4, 2, 3, 1]
(0, (1, 0, 0), (1, 1)): [133, 42, 31, 9, 8, 1]
(0, (1, 0, 0), (2, 0)): [71, 32, 15, 7, 3, 1, 2, 3, 1]
(0, (1, 0, 0), (2, 1)): [73, 26, 14, 5, 3, 0, 1, 0, 1]
(0, (1, 0, 0), (2, 2)): [65, 17, 15, 3, 2, 1, 0, 0, 1]
(0, (1, 0, 1), (0, 0)): [2424, 7981, 3414, 2307, 1257, 591, 306, 122, 56, 25, 9, 8, 3, 0, 1]
(0, (1, 0, 1), (0, 1)): [5, 8, 2, 5, 2, 1, 3]
(0, (1, 0, 1), (0, 2)): [3, 6, 1, 2, 0, 0, 2]
(0, (1, 1, 0), (0, 0)): [13938, 9374, 7733, 5243, 2857, 1315, 589, 290, 118, 56, 29, 9, 4, 1]
(0, (1, 1, 0), (0, 1)): [34, 18, 13, 7, 1, 5]
(0, (1, 1, 0), (0, 2)): [8, 4, 7, 3, 1, 2]
(0, (1, 1, 0), (1, 0)): [16, 13, 15, 14, 6, 3, 3, 1]
(0, (1, 1, 0), (2, 0)): [6, 4, 7, 6, 5, 1, 1, 1]
(0, (1, 1, 0), (3, 0)): [3, 2, 5, 4, 2, 0, 0, 1]
(0, (1, 1, 1), (0, 0)): [1407, 2652, 2295, 1858, 1452, 720, 333, 168, 75, 33, 21, 7, 0, 1, 1]
(1, (0, 0, 0), (0, 0)): [374252, 40987, 16997, 6850, 2729, 1105, 425, 170, 68, 25, 10, 6, 2, 1]
(1, (0, 0, 0), (0, 1)): [851, 81, 31, 8, 4, 0, 0, 1]
(1, (0, 0, 0), (0, 2)): [362, 20, 12, 4, 1, 0, 0, 1]
(1, (0, 0, 0), (1, 0)): [726, 87, 37, 8, 3, 3, 0, 1]
(1, (0, 0, 0), (1, 1)): [631, 67, 26, 8, 2, 1]
(1, (0, 0, 0), (1, 2)): [399, 36, 14, 6, 1, 1]
(1, (0, 0, 0), (2, 0)): [250, 38, 18, 3, 2, 1]
(1, (0, 0, 0), (2, 1)): [320, 39, 23, 6, 2]
(1, (0, 0, 0), (2, 2)): [317, 29, 17, 8, 1, 1]
(1, (0, 0, 0), (3, 0)): [104, 12, 6, 0, 1, 1]
(1, (0, 0, 0), (3, 1)): [130, 26, 11, 0, 1]
(1, (0, 0, 0), (3, 2)): [182, 26, 17, 3, 0, 1]
(1, (0, 0, 1), (0, 0)): [11545, 18261, 3580, 1504, 646, 263, 109, 54, 23, 10, 6, 4, 3, 1]
(1, (0, 0, 1), (1, 0)): [27, 31, 8, 2, 2]
(1, (0, 0, 1), (2, 0)): [10, 12, 5, 1, 1]
(1, (0, 0, 1), (3, 0)): [6, 9, 4, 1, 1]
(1, (0, 1, 0), (0, 0)): [53781, 26620, 9111, 3792, 1581, 652, 237, 109, 27, 24, 7, 5, 4]
(1, (0, 1, 0), (0, 1)): [105, 44, 12, 6, 0, 1, 1, 1]
(1, (0, 1, 0), (0, 2)): [38, 18, 2, 0, 0, 1, 1]
(1, (0, 1, 1), (0, 0)): [9175, 8041, 7931, 3117, 1480, 605, 230, 101, 50, 16, 7, 4, 1, 1]
(1, (0, 1, 1), (1, 0)): [31, 11, 10, 6, 8, 4, 1, 1]
(1, (0, 1, 1), (2, 0)): [21, 9, 4, 2, 5, 4, 1, 1]
(1, (0, 1, 1), (2, 1)): [9, 6, 7, 2]
(1, (0, 1, 1), (2, 2)): [9, 1, 4, 2]
(1, (1, 0, 0), (0, 0)): [153365, 29122, 17580, 7779, 3071, 1315, 493, 186, 87, 38, 14, 11, 2, 2]
(1, (1, 0, 0), (0, 1)): [323, 48, 41, 12, 4, 3, 2]
(1, (1, 0, 0), (0, 2)): [130, 22, 19, 5]
(1, (1, 0, 0), (1, 0)): [279, 64, 42, 12, 3, 4, 0, 1]
(1, (1, 0, 0), (1, 1)): [224, 36, 22, 6, 3, 4, 1, 1]
(1, (1, 0, 0), (2, 0)): [98, 24, 23, 7, 2, 1]
(1, (1, 0, 0), (2, 1)): [99, 22, 19, 5, 1, 3, 0, 1]
(1, (1, 0, 0), (2, 2)): [98, 14, 14, 3, 2, 1]
(1, (1, 0, 0), (3, 0)): [42, 13, 9, 3, 2]
(1, (1, 0, 1), (0, 0)): [12018, 15793, 5368, 3386, 1432, 643, 236, 88, 32, 26, 9, 2]
(1, (1, 0, 1), (0, 1)): [25, 24, 8, 7, 3, 1]
(1, (1, 0, 1), (0, 2)): [19, 6, 4, 5, 1, 1]
(1, (1, 0, 1), (1, 0)): [24, 38, 4, 8, 3, 3, 0, 1]
(1, (1, 0, 1), (1, 1)): [12, 21, 5, 5, 3]
(1, (1, 1, 0), (0, 0)): [40492, 13034, 9416, 6236, 2704, 1189, 470, 180, 76, 34, 11, 6, 2, 3]
(1, (1, 1, 0), (0, 1)): [78, 20, 20, 9, 6, 2, 1]
(1, (1, 1, 0), (0, 2)): [30, 12, 6, 5, 3]
(1, (1, 1, 0), (1, 2)): [39, 5, 6, 4, 3]
(1, (1, 1, 1), (0, 0)): [8175, 6831, 4442, 3121, 2116, 960, 392, 153, 67, 25, 11, 6, 2, 1]
(2, (0, 0, 0), (0, 0)): [320374, 13892, 4790, 1487, 544, 205, 67, 27, 7, 2, 2]
(2, (0, 0, 0), (0, 1)): [761, 31, 8, 3, 1]
(2, (0, 0, 0), (0, 2)): [282, 11, 2, 2]
(2, (0, 0, 0), (1, 0)): [727, 47, 16, 6, 2]
(2, (0, 0, 0), (1, 1)): [624, 29, 13, 3, 1]
(2, (0, 0, 0), (1, 2)): [379, 11, 8, 2]
(2, (0, 0, 0), (2, 0)): [281, 18, 6, 3, 1]
(2, (0, 0, 0), (2, 1)): [365, 21, 6, 3, 1]
(2, (0, 0, 0), (2, 2)): [330, 14, 9, 4]
(2, (0, 0, 0), (3, 0)): [106, 8, 5, 2, 1]
(2, (0, 0, 0), (3, 1)): [159, 10, 2, 0, 1]
(2, (0, 0, 0), (3, 2)): [216, 15, 8, 2]
(2, (0, 0, 1), (0, 0)): [35332, 11732, 2140, 722, 249, 104, 35, 9, 1, 2, 0, 1]
(2, (0, 0, 1), (0, 1)): [69, 29, 5]
(2, (0, 0, 1), (0, 2)): [34, 12, 5]
(2, (0, 1, 0), (0, 0)): [87335, 20505, 4981, 1710, 569, 206, 61, 17, 6, 1]
(2, (0, 1, 0), (1, 0)): [206, 38, 13, 4, 1, 1]
(2, (0, 1, 0), (2, 0)): [102, 17, 9, 4, 1, 1]
(2, (0, 1, 1), (0, 0)): [21608, 1917, 5196, 1385, 508, 180, 61, 23, 10, 3, 1]
(2, (0, 1, 1), (1, 0)): [62, 4, 19, 6, 1, 1]
(2, (0, 1, 1), (2, 0)): [38, 1, 9, 5, 0, 1]
(2, (0, 1, 1), (3, 0)): [32, 0, 7, 3, 0, 1]
(2, (1, 0, 0), (0, 0)): [188135, 14663, 8294, 2721, 923, 295, 114, 42, 12, 3, 3]
(2, (1, 0, 0), (0, 1)): [358, 15, 12, 4, 1]
(2, (1, 0, 0), (1, 0)): [355, 15, 16, 6, 2, 1]
(2, (1, 0, 0), (1, 1)): [272, 11, 9, 6, 1]
(2, (1, 0, 0), (2, 0)): [130, 8, 4, 4, 1]
(2, (1, 0, 0), (2, 1)): [134, 9, 2, 0, 1]
(2, (1, 0, 0), (3, 1)): [56, 3, 3]
(2, (1, 0, 1), (0, 0)): [31772, 8519, 3651, 1917, 593, 236, 75, 29, 11, 2, 0, 1]
(2, (1, 0, 1), (0, 1)): [52, 12, 5, 5, 0, 1]
(2, (1, 0, 1), (0, 2)): [23, 3, 2, 2]
(2, (1, 0, 1), (1, 0)): [52, 9, 6, 6, 0, 1]
(2, (1, 0, 1), (2, 0)): [25, 3, 4, 4]
(2, (1, 0, 1), (3, 0)): [16, 1, 2, 1]
(2, (1, 1, 0), (0, 0)): [68543, 11017, 5910, 3512, 1157, 406, 121, 43, 17, 6, 4, 0, 0, 1]
(2, (1, 1, 0), (0, 1)): [139, 18, 11, 3, 2]
(2, (1, 1, 0), (1, 0)): [113, 13, 9, 14, 2, 2, 0, 1]
(2, (1, 1, 0), (1, 1)): [79, 13, 4, 3, 2]
(2, (1, 1, 0), (1, 2)): [51, 10, 2, 2, 1]
(2, (1, 1, 1), (0, 0)): [20219, 3069, 3509, 1857, 1227, 423, 134, 52, 22, 5, 4, 0, 0, 1]
(2, (1, 1, 1), (0, 1)): [50, 4, 11, 5, 3, 1]
(2, (1, 1, 1), (0, 2)): [30, 2, 1, 0, 1, 1]
(2, (1, 1, 1), (1, 0)): [36, 14, 6, 12, 0, 2]
(2, (1, 1, 1), (1, 2)): [24, 2, 4, 2, 1, 1]
