(0, (0, 0, 0)): [2341043, 479708, 220611, 101067, 45385, 19407, 8089, 3254, 1338, 582, 251, 121, 43, 23, 6, 1, 1, 1]
(0, (0, 0, 1)): [8164, 25623, 7022, 3438, 1659, 718, 319, 124, 54, 32, 18, 4, 4, 3]
(0, (0, 1, 0)): [87322, 81486, 32316, 16075, 7600, 3318, 1434, 587, 251, 127, 44, 19, 9, 6, 3, 0, 1]
(0, (0, 1, 1)): [6884, 12102, 14275, 6690, 3510, 1707, 729, 318, 160, 68, 22, 16, 4, 4, 2, 0, 1, 1]
(0, (1, 0, 0)): [486016, 159407, 104864, 52310, 25144, 11198, 4705, 1999, 848, 371, 173, 71, 26, 17, 4, 1, 1, 1]
(0, (1, 0, 1)): [11317, 34724, 13989, 10160, 5301, 2467, 1165, 480, 233, 99, 51, 19, 11, 3, 2, 0, 0, 1]
(0, (1, 1, 0)): [70158, 43914, 32150, 23721, 12644, 5906, 2539, 1166, 493, 220, 101, 43, 13, 6, 1, 0, 1]
(0, (1, 1, 1)): [6686, 13193, 10496, 7559, 6267, 3122, 1447, 679, 328, 133, 65, 25, 7, 4, 1, 0, 1]
(1, (0, 0, 0)): [1918226, 215617, 88055, 35003, 13712, 5221, 2020, 717, 259, 106, 37, 23, 8, 3, 0, 1]
(1, (0, 0, 1)): [50584, 72426, 14537, 6419, 2600, 1077, 416, 147, 71, 23, 14, 9, 4, 2]
(1, (0, 1, 0)): [255995, 109861, 41080, 17902, 7266, 2894, 1039, 445, 134, 69, 34, 10, 10, 2, 1]
(1, (0, 1, 1)): [39605, 33530, 28570, 11699, 6087, 2421, 984, 403, 165, 56, 19, 10, 3, 2, 0, 1]
(1, (1, 0, 0)): [709177, 123626, 82971, 35368, 14431, 5735, 2265, 820, 321, 140, 49, 32, 7, 3, 0, 2]
(1, (1, 0, 1)): [57760, 64993, 20807, 14364, 6202, 2592, 1016, 397, 141, 78, 22, 10, 2, 1]
(1, (1, 1, 0)): [200494, 59995, 39804, 29527, 12401, 5156, 2012, 796, 314, 131, 48, 25, 10, 5, 1]
(1, (1, 1, 1)): [41070, 32814, 20387, 13188, 10229, 4363, 1779, 663, 276, 101, 33, 22, 9, 4, 1, 1]
(2, (0, 0, 0)): [1676793, 80231, 26571, 8524, 2855, 893, 305, 102, 20, 8, 5, 0, 1]
(2, (0, 0, 1)): [155648, 44594, 9633, 3321, 1169, 413, 117, 40, 9, 6, 0, 2]
(2, (0, 1, 0)): [411158, 83849, 23937, 8558, 2896, 927, 288, 85, 21, 13, 7, 0, 1]
(2, (0, 1, 1)): [95506, 7901, 19547, 5780, 2276, 763, 250, 80, 25, 7, 5, 1, 0, 1]
(2, (1, 0, 0)): [857837, 61770, 42362, 13543, 4464, 1408, 535, 156, 37, 15, 7, 1, 1]
(2, (1, 0, 1)): [152168, 34930, 13782, 8982, 2978, 966, 329, 98, 32, 11, 2, 4, 2]
(2, (1, 1, 0)): [340169, 50733, 25584, 18337, 5975, 1892, 638, 218, 66, 29, 10, 3, 2, 1]
(2, (1, 1, 1)): [101026, 14649, 16653, 8299, 6400, 1987, 674, 235, 79, 19, 10, 4, 1, 1]
