(0, (0, 0, 0)): [2274039, 465907, 214180, 98075, 43988, 18814, 7842, 3136, 1294, 558, 244, 118, 42, 23, 6, 1, 1, 1]
(0, (0, 0, 1)): [8018, 25094, 6889, 3368, 1623, 701, 306, 122, 53, 31, 18, 4, 4, 3]
(0, (0, 1, 0)): [84719, 79311, 31347, 15570, 7373, 3201, 1384, 568, 242, 120, 43, 18, 8, 6, 3, 0, 1]
(0, (0, 1, 1)): [6662, 11755, 13882, 6488, 3414, 1661, 707, 306, 151, 67, 20, 15, 3, 4, 2, 0, 1, 1]
(0, (1, 0, 0)): [473061, 155696, 102072, 50877, 24378, 10885, 4571, 1930, 822, 357, 168, 69, 26, 17, 4, 1, 1, 1]
(0, (1, 0, 1)): [11037, 33938, 13690, 9884, 5169, 2414, 1132, 464, 228, 96, 49, 19, 10, 3, 2, 0, 0, 1]
(0, (1, 1, 0)): [68054, 42725, 31372, 23069, 12242, 5749, 2471, 1129, 480, 213, 100, 42, 13, 6, 1, 0, 1]
(0, (1, 1, 1)): [6468, 12822, 10232, 7358, 6068, 3043, 1407, 662, 319, 128, 63, 25, 6, 4, 1, 0, 1]
(1, (0, 0, 0)): [1861891, 209012, 85330, 33931, 13303, 5063, 1970, 692, 250, 103, 36, 23, 8, 3, 0, 1]
(1, (0, 0, 1)): [49364, 70744, 14164, 6253, 2532, 1041, 401, 141, 70, 23, 14, 8, 4, 2]
(1, (0, 1, 0)): [249534, 107378, 40016, 17432, 7066, 2815, 997, 433, 132, 63, 32, 10, 10, 2, 1]
(1, (0, 1, 1)): [38553, 32671, 27878, 11405, 5919, 2354, 950, 383, 160, 55, 17, 10, 3, 2, 0, 1]
(1, (1, 0, 0)): [689417, 120659, 80455, 34326, 14027, 5561, 2206, 790, 309, 136, 48, 32, 7, 3, 0, 2]
(1, (1, 0, 1)): [56260, 63524, 20313, 13968, 6041, 2512, 989, 378, 137, 76, 22, 9, 2, 1]
(1, (1, 1, 0)): [194944, 58484, 38797, 28687, 12033, 4988, 1952, 778, 298, 126, 46, 25, 10, 5, 1]
(1, (1, 1, 1)): [39879, 31931, 19849, 12863, 9939, 4227, 1728, 647, 264, 96, 30, 22, 9, 4, 1, 1]
(2, (0, 0, 0)): [1626859, 77637, 25785, 8260, 2748, 863, 298, 100, 19, 8, 5, 0, 1]
(2, (0, 0, 1)): [151452, 43555, 9362, 3240, 1133, 402, 111, 37, 9, 6, 0, 2]
(2, (0, 1, 0)): [400077, 81882, 23251, 8309, 2809, 907, 277, 81, 20, 13, 7, 0, 1]
(2, (0, 1, 1)): [92680, 7668, 19073, 5586, 2205, 739, 245, 77, 24, 7, 5, 1, 0, 1]
(2, (1, 0, 0)): [833958, 60258, 41114, 13120, 4325, 1363, 525, 152, 37, 15, 7, 1, 1]
(2, (1, 0, 1)): [148057, 34119, 13455, 8729, 2875, 944, 321, 92, 32, 11, 2, 4, 2]
(2, (1, 1, 0)): [331184, 49527, 24950, 17801, 5794, 1837, 624, 210, 65, 28, 10, 3, 2, 1]
(2, (1, 1, 1)): [98157, 14229, 16237, 8087, 6185, 1928, 646, 218, 75, 18, 10, 4, 1, 1]
