(0, (0, 0, 0)): [979050, 194494, 90343, 41254, 18461, 7968, 3298, 1393, 553, 261, 104, 53, 24, 8, 3, 1, 0, 1]
(0, (0, 0, 1)): [4055, 12150, 3275, 1585, 773, 330, 141, 72, 31, 17, 4, 1, 2, 1]
(0, (0, 1, 0)): [32864, 30375, 11899, 5646, 2756, 1224, 509, 221, 91, 53, 16, 5, 3, 2, 1]
(0, (0, 1, 1)): [2919, 4837, 5878, 2750, 1479, 680, 299, 143, 66, 28, 9, 6, 1, 2, 1, 0, 0, 1]
(0, (1, 0, 0)): [211319, 69698, 44549, 22045, 10577, 4779, 2033, 881, 362, 167, 71, 34, 15, 4, 2, 1, 0, 1]
(0, (1, 0, 1)): [4987, 15313, 6174, 4283, 2288, 1046, 512, 213, 99, 47, 20, 11, 5, 1, 1, 0, 0, 1]
(0, (1, 1, 0)): [28853, 18400, 14046, 10033, 5314, 2551, 1112, 531, 207, 93, 43, 21, 6, 1]
(0, (1, 1, 1)): [2868, 5375, 4450, 3369, 2663, 1351, 634, 317, 134, 58, 31, 12, 2, 1, 1]
(1, (0, 0, 0)): [789561, 85570, 35262, 14054, 5495, 2080, 807, 314, 118, 49, 21, 13, 6, 2, 0, 1]
(1, (0, 0, 1)): [21199, 30314, 5993, 2533, 1067, 457, 169, 69, 33, 9, 6, 4, 3, 1]
(1, (0, 1, 0)): [103886, 46984, 16865, 7111, 2925, 1140, 391, 193, 50, 30, 17, 7, 7, 2, 1]
(1, (0, 1, 1)): [17404, 13928, 12863, 5141, 2664, 1051, 428, 175, 82, 20, 7, 5, 1, 2, 0, 1]
(1, (1, 0, 0)): [306797, 54064, 34679, 14895, 6041, 2391, 947, 351, 155, 66, 24, 18, 4, 2, 0, 2]
(1, (1, 0, 1)): [24349, 28866, 9303, 6138, 2622, 1095, 428, 173, 57, 41, 12, 4, 0, 1]
(1, (1, 1, 0)): [83723, 26017, 17574, 12383, 5278, 2214, 865, 355, 140, 58, 20, 12, 6, 4, 1]
(1, (1, 1, 1)): [17418, 13681, 8860, 5809, 4219, 1807, 732, 277, 111, 42, 16, 14, 6, 2, 1, 1]
(2, (0, 0, 0)): [682025, 30698, 10428, 3350, 1133, 371, 131, 40, 8, 3, 4, 0, 1]
(2, (0, 0, 1)): [61732, 19214, 3784, 1304, 473, 168, 44, 13, 3, 2, 0, 1]
(2, (0, 1, 0)): [165510, 36049, 9545, 3368, 1118, 377, 110, 29, 7, 4, 4, 0, 1]
(2, (0, 1, 1)): [38589, 3337, 8617, 2342, 922, 295, 111, 36, 15, 4, 3, 1, 0, 1]
(2, (1, 0, 0)): [373045, 26938, 17400, 5567, 1810, 570, 232, 62, 16, 8, 5, 0, 1]
(2, (1, 0, 1)): [62126, 15246, 6024, 3620, 1167, 400, 145, 47, 19, 6, 0, 2, 1]
(2, (1, 1, 0)): [145482, 22593, 11377, 7588, 2443, 813, 258, 85, 34, 14, 6, 1, 2, 1]
(2, (1, 1, 1)): [42257, 6180, 7087, 3560, 2540, 824, 266, 94, 37, 6, 5, 0, 1, 1]
