(0, (0, 0, 0)): [14533, 3040, 1504, 704, 332, 155, 65, 29, 15, 4, 3, 5, 1, 0, 1]
(0, (0, 0, 1)): [72, 172, 44, 19, 10, 9, 5, 4, 0, 0, 1]
(0, (0, 1, 0)): [436, 413, 173, 88, 44, 29, 10, 2, 2, 1, 0, 0, 0, 0, 1]
(0, (0, 1, 1)): [37, 78, 79, 37, 28, 10, 2, 4, 1, 1]
(0, (1, 0, 0)): [3374, 1055, 734, 383, 182, 91, 38, 22, 12, 4, 2, 3, 1]
(0, (1, 0, 1)): [82, 243, 80, 68, 29, 8, 8, 5, 3, 0, 1]
(0, (1, 1, 0)): [504, 296, 237, 177, 95, 59, 23, 11, 5, 2, 1, 3, 1]
(0, (1, 1, 1)): [41, 85, 66, 62, 50, 25, 11, 7, 2, 1, 0, 1, 1]
(1, (0, 0, 0)): [11634, 1368, 599, 236, 120, 42, 16, 5, 4, 0, 1, 2]
(1, (0, 0, 1)): [286, 413, 89, 39, 15, 5, 5, 2]
(1, (0, 1, 0)): [1449, 618, 264, 127, 54, 17, 5, 3, 1, 0, 2, 0, 0, 0, 1]
(1, (0, 1, 1)): [266, 206, 186, 95, 52, 17, 10, 2, 5]
(1, (1, 0, 0)): [4773, 800, 576, 244, 134, 50, 20, 7, 5, 3, 1, 1]
(1, (1, 0, 1)): [405, 422, 130, 89, 33, 16, 8, 5, 3, 2, 0, 1]
(1, (1, 1, 0)): [1375, 427, 284, 241, 128, 53, 19, 6, 4, 3, 1, 1, 0, 0, 1]
(1, (1, 1, 1)): [315, 239, 159, 126, 96, 53, 17, 8, 3, 1, 1, 3, 2, 1, 1]
(2, (0, 0, 0)): [10103, 533, 181, 53, 24, 3, 4, 1, 1]
(2, (0, 0, 1)): [751, 262, 56, 20, 14, 3]
(2, (0, 1, 0)): [2319, 511, 151, 55, 17, 5, 1, 0, 0, 0, 1]
(2, (0, 1, 1)): [531, 52, 135, 30, 15, 3, 4, 0, 1]
(2, (1, 0, 0)): [5730, 420, 319, 91, 35, 7, 7, 1, 1, 1]
(2, (1, 0, 1)): [908, 200, 92, 58, 21, 3, 2, 0, 1]
(2, (1, 1, 0)): [2520, 432, 208, 137, 55, 12, 6, 2, 1, 1]
(2, (1, 1, 1)): [731, 125, 122, 80, 74, 17, 8, 1, 1]
