(0, (0, 0, 0), (0, 0)): [29986, 6201, 3026, 1458, 634, 292, 104, 54, 23, 13, 4, 3, 2, 1]
(0, (0, 0, 0), (0, 1)): [15971, 2981, 1462, 708, 296, 135, 46, 26, 12, 7, 2, 1]
(0, (0, 0, 0), (0, 2)): [6877, 1143, 537, 280, 108, 48, 12, 6, 3, 1, 2]
(0, (0, 0, 0), (1, 0)): [10920, 2422, 1215, 561, 262, 122, 42, 17, 10, 6, 2, 1, 1, 1]
(0, (0, 0, 0), (1, 1)): [12174, 2428, 1188, 534, 243, 112, 39, 19, 12, 4, 0, 1]
(0, (0, 0, 0), (1, 2)): [9653, 1660, 853, 386, 151, 68, 23, 8, 7, 4, 1]
(0, (0, 0, 0), (2, 0)): [3422, 837, 463, 220, 104, 45, 17, 5, 3, 1, 1, 1, 1]
(0, (0, 0, 0), (2, 1)): [5844, 1284, 646, 331, 135, 69, 25, 13, 7, 1, 0, 2, 1]
(0, (0, 0, 0), (2, 2)): [7597, 1430, 738, 346, 126, 76, 21, 11, 5, 4, 0, 1]
(0, (0, 0, 0), (3, 0)): [944, 256, 156, 81, 49, 18, 6, 1, 0, 1, 1]
(0, (0, 0, 0), (3, 1)): [2236, 534, 314, 161, 87, 35, 18, 6, 1, 1, 0, 1, 1]
(0, (0, 0, 0), (3, 2)): [4044, 825, 520, 244, 103, 55, 25, 7, 3, 1, 0, 1, 1]
(0, (0, 0, 1), (0, 0)): [62, 212, 60, 43, 16, 11, 2, 2]
(0, (0, 0, 1), (0, 1)): [35, 93, 29, 27, 7, 7, 1, 1]
(0, (0, 0, 1), (0, 2)): [14, 36, 9, 12, 2, 3, 1]
(0, (0, 0, 1), (1, 0)): [21, 98, 22, 12, 7, 2, 1, 1]
(0, (0, 0, 1), (1, 1)): [27, 87, 26, 15, 8, 4, 1, 2]
(0, (0, 0, 1), (1, 2)): [22, 60, 11, 9, 4, 3, 1, 1]
(0, (0, 0, 1), (2, 0)): [9, 44, 9, 7, 2, 1]
(0, (0, 0, 1), (2, 1)): [18, 57, 19, 7, 5, 4, 1, 1]
(0, (0, 0, 1), (2, 2)): [20, 59, 14, 10, 7, 3, 1]
(0, (0, 0, 1), (3, 0)): [2, 13, 4, 4, 1]
(0, (0, 0, 1), (3, 1)): [8, 25, 10, 2, 1, 2]
(0, (0, 0, 1), (3, 2)): [13, 41, 10, 9, 7, 3]
(0, (0, 1, 0), (0, 0)): [1163, 961, 474, 230, 128, 52, 23, 13, 5, 1]
(0, (0, 1, 0), (0, 1)): [602, 436, 215, 104, 53, 26, 10, 4, 4, 1]
(0, (0, 1, 0), (0, 2)): [264, 184, 76, 44, 13, 9, 6, 0, 2, 1]
(0, (0, 1, 0), (1, 0)): [446, 394, 200, 97, 61, 20, 9, 7, 1]
(0, (0, 1, 0), (1, 1)): [475, 364, 180, 88, 54, 22, 6, 6, 3]
(0, (0, 1, 0), (1, 2)): [381, 283, 118, 62, 27, 10, 5, 2, 3, 1]
(0, (0, 1, 0), (2, 0)): [161, 134, 82, 37, 26, 8, 4, 2]
(0, (0, 1, 0), (2, 1)): [249, 197, 113, 50, 36, 13, 5, 3]
(0, (0, 1, 0), (2, 2)): [322, 230, 109, 65, 29, 6, 4, 0, 3]
(0, (0, 1, 0), (3, 0)): [59, 37, 19, 19, 9, 4, 2, 1]
(0, (0, 1, 0), (3, 1)): [126, 72, 54, 20, 18, 7, 5, 3]
(0, (0, 1, 0), (3, 2)): [208, 149, 80, 37, 21, 6, 3, 0, 1]
(0, (0, 1, 1), (0, 0)): [113, 151, 191, 88, 53, 30, 9, 5, 2, 0, 1]
(0, (0, 1, 1), (0, 1)): [49, 79, 87, 38, 18, 10, 3, 3]
(0, (0, 1, 1), (0, 2)): [27, 37, 37, 16, 7, 4, 1, 2]
(0, (0, 1, 1), (1, 0)): [56, 56, 73, 37, 30, 16, 5, 2, 2]
(0, (0, 1, 1), (1, 1)): [47, 60, 75, 26, 24, 13, 5, 2]
(0, (0, 1, 1), (1, 2)): [39, 35, 49, 18, 14, 8, 4, 1]
(0, (0, 1, 1), (2, 0)): [21, 16, 22, 15, 11, 7, 0, 1, 1]
(0, (0, 1, 1), (2, 1)): [34, 33, 36, 14, 10, 5, 1, 2]
(0, (0, 1, 1), (2, 2)): [29, 27, 44, 15, 12, 9, 3, 1]
(0, (0, 1, 1), (3, 0)): [7, 5, 10, 8, 7, 4, 0, 0, 1]
(0, (0, 1, 1), (3, 1)): [17, 15, 13, 11, 3, 2, 0, 0, 1]
(0, (0, 1, 1), (3, 2)): [25, 18, 23, 7, 12, 1, 1, 0, 1]
(0, (1, 0, 0), (0, 0)): [5818, 1698, 1340, 677, 329, 168, 59, 31, 15, 7, 1, 2, 1]
(0, (1, 0, 0), (0, 1)): [2994, 816, 626, 300, 145, 70, 30, 14, 9, 5, 1]
(0, (1, 0, 0), (0, 2)): [1355, 319, 248, 104, 45, 27, 9, 5, 3, 1]
(0, (1, 0, 0), (1, 0)): [2118, 680, 543, 282, 127, 76, 24, 14, 5, 2, 0, 2, 1]
(0, (1, 0, 0), (1, 1)): [2122, 621, 474, 242, 123, 58, 19, 12, 6, 4, 1]
(0, (1, 0, 0), (1, 2)): [1696, 431, 286, 145, 68, 29, 14, 9, 3, 2]
(0, (1, 0, 0), (2, 0)): [640, 222, 200, 98, 51, 27, 7, 5, 1, 0, 0, 0, 1]
(0, (1, 0, 0), (2, 1)): [972, 306, 258, 119, 70, 34, 14, 5, 3, 3, 1, 0, 1]
(0, (1, 0, 0), (2, 2)): [1206, 348, 242, 119, 64, 24, 18, 8, 3, 2, 0, 0, 1]
(0, (1, 0, 0), (3, 0)): [190, 73, 59, 39, 17, 13, 2, 1, 1]
(0, (1, 0, 0), (3, 1)): [391, 126, 107, 50, 33, 11, 5, 3, 0, 2]
(0, (1, 0, 0), (3, 2)): [628, 222, 133, 83, 38, 18, 12, 6, 2, 2]
(0, (1, 0, 1), (0, 0)): [115, 318, 177, 129, 59, 28, 14, 6, 1, 1]
(0, (1, 0, 1), (0, 1)): [71, 138, 89, 65, 20, 11, 5, 2, 1, 1]
(0, (1, 0, 1), (0, 2)): [36, 46, 27, 24, 8, 4, 1, 1, 1]
(0, (1, 0, 1), (1, 0)): [31, 121, 60, 35, 29, 13, 5, 3]
(0, (1, 0, 1), (1, 1)): [49, 107, 69, 38, 20, 7, 6, 3, 0, 1]
(0, (1, 0, 1), (1, 2)): [40, 65, 41, 34, 11, 5, 4, 2, 1]
(0, (1, 0, 1), (2, 0)): [9, 37, 13, 6, 13, 5, 1]
(0, (1, 0, 1), (2, 1)): [16, 52, 29, 15, 7, 2, 2, 1, 0, 1]
(0, (1, 0, 1), (2, 2)): [28, 55, 34, 19, 6, 3, 4, 1]
(0, (1, 0, 1), (3, 0)): [2, 8, 3, 1, 10]
(0, (1, 0, 1), (3, 1)): [8, 16, 13, 7, 8, 1, 2, 0, 0, 1]
(0, (1, 0, 1), (3, 2)): [13, 24, 21, 13, 8, 2, 4]
(0, (1, 1, 0), (0, 0)): [947, 532, 371, 295, 164, 90, 35, 17, 7, 5, 0, 1]
(0, (1, 1, 0), (0, 1)): [485, 248, 164, 129, 77, 42, 17, 3, 5, 1, 0, 1]
(0, (1, 1, 0), (0, 2)): [234, 99, 50, 53, 25, 11, 5, 0, 0, 1]
(0, (1, 1, 0), (1, 0)): [357, 216, 149, 120, 63, 39, 12, 11, 2, 3]
(0, (1, 1, 0), (1, 1)): [372, 194, 134, 92, 68, 37, 15, 8, 3, 1, 0, 1]
(0, (1, 1, 0), (1, 2)): [310, 127, 81, 62, 35, 18, 9, 3, 1, 1]
(0, (1, 1, 0), (2, 0)): [97, 74, 54, 41, 21, 14, 3, 5, 1, 2]
(0, (1, 1, 0), (2, 1)): [165, 99, 78, 48, 36, 15, 6, 6, 2, 1]
(0, (1, 1, 0), (2, 2)): [231, 97, 61, 44, 29, 14, 9, 2, 2, 1]
(0, (1, 1, 0), (3, 0)): [22, 33, 17, 13, 8, 6, 3, 2, 0, 1]
(0, (1, 1, 0), (3, 1)): [42, 50, 40, 25, 14, 8, 3, 4, 1, 1]
(0, (1, 1, 0), (3, 2)): [93, 54, 44, 31, 22, 10, 7, 4, 1, 1]
(0, (1, 1, 1), (0, 0)): [111, 168, 149, 90, 86, 52, 18, 9, 5, 3]
(0, (1, 1, 1), (0, 1)): [56, 83, 73, 46, 33, 21, 7, 3, 3, 1]
(0, (1, 1, 1), (0, 2)): [26, 39, 31, 13, 14, 6, 1, 2, 1]
(0, (1, 1, 1), (1, 0)): [45, 58, 48, 33, 40, 23, 7, 4, 2, 1]
(0, (1, 1, 1), (1, 1)): [48, 60, 57, 40, 35, 22, 7, 3, 3, 1]
(0, (1, 1, 1), (1, 2)): [36, 40, 38, 23, 24, 10, 7, 3, 1, 1]
(0, (1, 1, 1), (2, 0)): [12, 21, 15, 14, 10, 6, 4, 1, 1]
(0, (1, 1, 1), (2, 1)): [22, 29, 16, 26, 14, 11, 1, 0, 1]
(0, (1, 1, 1), (2, 2)): [31, 34, 25, 24, 16, 13, 3, 1, 1, 1]
(0, (1, 1, 1), (3, 0)): [3, 7, 5, 2, 4, 1, 3]
(0, (1, 1, 1), (3, 1)): [7, 10, 8, 9, 6, 4, 2]
(0, (1, 1, 1), (3, 2)): [11, 12, 18, 14, 6, 9, 4, 1, 1]
(1, (0, 0, 0), (0, 0)): [25234, 2984, 1230, 542, 192, 67, 27, 12, 2, 2, 1]
(1, (0, 0, 0), (0, 1)): [13318, 1424, 575, 244, 79, 26, 12, 6, 1, 1]
(1, (0, 0, 0), (0, 2)): [5788, 521, 221, 96, 31, 11, 3, 2, 1, 1]
(1, (0, 0, 0), (1, 0)): [9435, 1158, 528, 234, 81, 30, 10, 4, 1, 1, 1]
(1, (0, 0, 0), (1, 1)): [10285, 1180, 485, 201, 72, 28, 15, 5, 1, 0, 1]
(1, (0, 0, 0), (1, 2)): [8095, 779, 306, 140, 39, 18, 5, 2, 1]
(1, (0, 0, 0), (2, 0)): [3043, 391, 201, 86, 34, 7, 3, 2]
(1, (0, 0, 0), (2, 1)): [5175, 631, 304, 116, 52, 14, 12, 4, 0, 0, 1]
(1, (0, 0, 0), (2, 2)): [6453, 725, 289, 120, 47, 19, 9, 2]
(1, (0, 0, 0), (3, 0)): [854, 110, 78, 35, 13, 3]
(1, (0, 0, 0), (3, 1)): [2037, 254, 164, 55, 24, 9, 4, 2, 0, 0, 1]
(1, (0, 0, 0), (3, 2)): [3604, 445, 208, 80, 36, 18, 9, 1]
(1, (0, 0, 1), (0, 0)): [533, 644, 160, 91, 33, 8, 3, 4, 2]
(1, (0, 0, 1), (0, 1)): [266, 308, 69, 46, 12, 3, 0, 1]
(1, (0, 0, 1), (0, 2)): [128, 131, 32, 26, 10, 1]
(1, (0, 0, 1), (1, 0)): [226, 245, 78, 33, 13, 3, 3, 3, 1]
(1, (0, 0, 1), (1, 1)): [236, 215, 59, 25, 6, 3, 1, 2, 1]
(1, (0, 0, 1), (1, 2)): [216, 161, 42, 27, 11, 1, 0, 1]
(1, (0, 0, 1), (2, 0)): [82, 93, 30, 14, 4, 1, 2, 2]
(1, (0, 0, 1), (2, 1)): [123, 113, 31, 13, 1, 1, 1, 1, 1]
(1, (0, 0, 1), (2, 2)): [177, 122, 31, 22, 6, 2, 1, 1]
(1, (0, 0, 1), (3, 0)): [34, 38, 20, 6, 2, 1, 1, 2]
(1, (0, 0, 1), (3, 1)): [56, 56, 16, 8, 2, 0, 1, 1, 1]
(1, (0, 0, 1), (3, 2)): [104, 77, 20, 12, 3, 1, 1, 1]
(1, (0, 1, 0), (0, 0)): [2860, 1223, 529, 221, 97, 42, 15, 5, 2, 1]
(1, (0, 1, 0), (0, 1)): [1438, 608, 246, 98, 41, 12, 10, 2, 1, 1]
(1, (0, 1, 0), (0, 2)): [664, 236, 87, 30, 19, 3, 5, 0, 0, 1]
(1, (0, 1, 0), (1, 0)): [1151, 488, 230, 106, 45, 23, 4, 2, 1]
(1, (0, 1, 0), (1, 1)): [1163, 490, 211, 92, 32, 15, 6, 2, 2]
(1, (0, 1, 0), (1, 2)): [957, 343, 127, 58, 23, 6, 6]
(1, (0, 1, 0), (2, 0)): [401, 168, 84, 43, 18, 7, 2, 2]
(1, (0, 1, 0), (2, 1)): [614, 249, 127, 58, 14, 11, 2, 3, 2]
(1, (0, 1, 0), (2, 2)): [783, 278, 104, 61, 23, 5, 3, 1]
(1, (0, 1, 0), (3, 0)): [135, 65, 25, 19, 12, 3, 2, 1]
(1, (0, 1, 0), (3, 1)): [272, 111, 61, 38, 12, 6, 2, 2]
(1, (0, 1, 0), (3, 2)): [449, 158, 77, 58, 16, 8, 3, 2]
(1, (0, 1, 1), (0, 0)): [488, 399, 325, 147, 66, 39, 15, 7, 1]
(1, (0, 1, 1), (0, 1)): [257, 168, 148, 67, 34, 16, 7, 2]
(1, (0, 1, 1), (0, 2)): [136, 52, 60, 20, 18, 9, 4, 1]
(1, (0, 1, 1), (1, 0)): [198, 176, 137, 63, 25, 22, 8, 5]
(1, (0, 1, 1), (1, 1)): [193, 138, 121, 56, 21, 14, 4, 3]
(1, (0, 1, 1), (1, 2)): [187, 93, 94, 36, 18, 12, 5, 1]
(1, (0, 1, 1), (2, 0)): [81, 83, 45, 28, 15, 13, 4, 2]
(1, (0, 1, 1), (2, 1)): [92, 76, 56, 29, 12, 8, 2, 2]
(1, (0, 1, 1), (2, 2)): [159, 75, 79, 32, 14, 9, 5]
(1, (0, 1, 1), (3, 0)): [45, 38, 19, 13, 8, 8, 1, 1]
(1, (0, 1, 1), (3, 1)): [42, 37, 27, 10, 10, 3, 1, 1]
(1, (0, 1, 1), (3, 2)): [83, 41, 39, 10, 10, 7, 4, 1]
(1, (1, 0, 0), (0, 0)): [8968, 1444, 1143, 532, 200, 73, 28, 12, 5, 2, 2]
(1, (1, 0, 0), (0, 1)): [4652, 674, 522, 239, 100, 32, 10, 5, 2, 2, 2]
(1, (1, 0, 0), (0, 2)): [2068, 244, 187, 80, 43, 11, 2, 2, 1, 2]
(1, (1, 0, 0), (1, 0)): [3300, 592, 459, 236, 77, 32, 15, 5, 3]
(1, (1, 0, 0), (1, 1)): [3388, 520, 415, 199, 67, 30, 10, 4, 2, 0, 1]
(1, (1, 0, 0), (1, 2)): [2589, 327, 255, 114, 54, 15, 5, 4, 0, 1]
(1, (1, 0, 0), (2, 0)): [1053, 220, 149, 93, 35, 12, 6, 2, 2]
(1, (1, 0, 0), (2, 1)): [1652, 282, 195, 113, 32, 20, 4, 2, 0, 0, 1]
(1, (1, 0, 0), (2, 2)): [1901, 267, 202, 105, 45, 18, 1, 2, 0, 1]
(1, (1, 0, 0), (3, 0)): [277, 71, 56, 35, 16, 4, 5, 1, 2]
(1, (1, 0, 0), (3, 1)): [601, 111, 92, 64, 22, 10, 6, 2, 2, 0, 1]
(1, (1, 0, 0), (3, 2)): [996, 150, 116, 72, 30, 14, 3, 3, 2]
(1, (1, 0, 1), (0, 0)): [673, 716, 234, 168, 80, 33, 13, 6, 3, 2]
(1, (1, 0, 1), (0, 1)): [336, 350, 107, 64, 30, 10, 5, 2, 2, 1]
(1, (1, 0, 1), (0, 2)): [154, 141, 46, 22, 9, 0, 1, 1]
(1, (1, 0, 1), (1, 0)): [248, 253, 96, 77, 35, 16, 6, 3, 0, 1]
(1, (1, 0, 1), (1, 1)): [248, 230, 80, 56, 26, 9, 4, 3, 1, 1]
(1, (1, 0, 1), (1, 2)): [192, 132, 58, 27, 16, 6, 2, 1]
(1, (1, 0, 1), (2, 0)): [73, 85, 33, 25, 16, 8, 3, 1, 0, 1]
(1, (1, 0, 1), (2, 1)): [127, 129, 40, 33, 19, 8, 2, 1, 0, 2]
(1, (1, 0, 1), (2, 2)): [145, 115, 43, 25, 14, 7, 1, 0, 0, 1]
(1, (1, 0, 1), (3, 0)): [19, 20, 10, 10, 8, 1, 1]
(1, (1, 0, 1), (3, 1)): [37, 35, 19, 19, 7, 2, 1, 0, 0, 1]
(1, (1, 0, 1), (3, 2)): [64, 56, 28, 19, 9, 3, 1, 0, 0, 1]
(1, (1, 1, 0), (0, 0)): [2485, 710, 472, 407, 166, 67, 32, 14, 2, 1, 2]
(1, (1, 1, 0), (0, 1)): [1264, 305, 220, 208, 61, 27, 12, 4, 1, 1, 1]
(1, (1, 1, 0), (0, 2)): [570, 137, 105, 70, 22, 10, 2, 2, 0, 1, 1]
(1, (1, 1, 0), (1, 0)): [879, 313, 186, 147, 82, 26, 18, 9, 1, 0, 1]
(1, (1, 1, 0), (1, 1)): [934, 240, 158, 157, 55, 23, 9, 4]
(1, (1, 1, 0), (1, 2)): [760, 166, 125, 109, 30, 15, 3, 4]
(1, (1, 1, 0), (2, 0)): [279, 111, 70, 59, 36, 8, 10, 5, 1, 0, 1]
(1, (1, 1, 0), (2, 1)): [448, 137, 86, 72, 38, 13, 6, 2, 1]
(1, (1, 1, 0), (2, 2)): [584, 146, 101, 65, 28, 10, 5, 5, 1]
(1, (1, 1, 0), (3, 0)): [79, 41, 25, 14, 16, 3, 8, 3]
(1, (1, 1, 0), (3, 1)): [167, 56, 36, 33, 21, 4, 7, 2]
(1, (1, 1, 0), (3, 2)): [320, 88, 57, 35, 18, 6, 7, 1, 1]
(1, (1, 1, 1), (0, 0)): [487, 378, 238, 161, 142, 66, 28, 8, 2, 1]
(1, (1, 1, 1), (0, 1)): [266, 176, 111, 66, 59, 30, 14, 4]
(1, (1, 1, 1), (0, 2)): [141, 74, 44, 22, 20, 8, 5]
(1, (1, 1, 1), (1, 0)): [180, 153, 95, 72, 67, 22, 10, 3, 2, 1]
(1, (1, 1, 1), (1, 1)): [191, 126, 84, 70, 57, 22, 10, 2, 2, 1]
(1, (1, 1, 1), (1, 2)): [170, 93, 51, 45, 32, 10, 5, 1, 1]
(1, (1, 1, 1), (2, 0)): [53, 55, 34, 19, 22, 9, 3, 3]
(1, (1, 1, 1), (2, 1)): [99, 54, 42, 28, 23, 14, 6, 1]
(1, (1, 1, 1), (2, 2)): [128, 72, 46, 37, 26, 11, 6, 1]
(1, (1, 1, 1), (3, 0)): [8, 16, 12, 5, 9, 4, 1]
(1, (1, 1, 1), (3, 1)): [20, 18, 15, 11, 12, 8, 3]
(1, (1, 1, 1), (3, 2)): [49, 36, 21, 23, 20, 10, 4, 1]
(2, (0, 0, 0), (0, 0)): [22423, 1171, 372, 127, 38, 10, 6, 2, 0, 1]
(2, (0, 0, 0), (0, 1)): [11690, 498, 158, 67, 17, 2, 2]
(2, (0, 0, 0), (0, 2)): [5089, 155, 54, 23, 5, 2]
(2, (0, 0, 0), (1, 0)): [8496, 506, 166, 51, 17, 6, 4, 2, 0, 1]
(2, (0, 0, 0), (1, 1)): [9156, 451, 154, 60, 19, 3, 2, 0, 0, 1]
(2, (0, 0, 0), (1, 2)): [7134, 241, 82, 31, 7, 2]
(2, (0, 0, 0), (2, 0)): [2920, 181, 61, 21, 6, 3, 3, 1]
(2, (0, 0, 0), (2, 1)): [4779, 265, 92, 49, 16, 3, 2, 1]
(2, (0, 0, 0), (2, 2)): [5996, 239, 91, 37, 10, 2]
(2, (0, 0, 0), (3, 0)): [847, 49, 24, 5, 4, 2, 1]
(2, (0, 0, 0), (3, 1)): [1918, 117, 47, 19, 10, 2, 2, 1]
(2, (0, 0, 0), (3, 2)): [3442, 193, 80, 40, 13, 3, 1, 1]
(2, (0, 0, 1), (0, 0)): [1802, 434, 128, 48, 12, 4, 1, 2]
(2, (0, 0, 1), (0, 1)): [903, 191, 51, 27, 8, 2, 1, 1]
(2, (0, 0, 1), (0, 2)): [405, 68, 16, 8, 3, 1]
(2, (0, 0, 1), (1, 0)): [736, 195, 58, 18, 3, 2, 0, 1]
(2, (0, 0, 1), (1, 1)): [740, 172, 53, 23, 3, 2, 0, 1]
(2, (0, 0, 1), (1, 2)): [601, 113, 27, 13, 2]
(2, (0, 0, 1), (2, 0)): [291, 79, 22, 10, 3, 1, 0, 1]
(2, (0, 0, 1), (2, 1)): [421, 110, 31, 12, 3, 2, 0, 1]
(2, (0, 0, 1), (2, 2)): [546, 116, 32, 11, 1, 1, 0, 1]
(2, (0, 0, 1), (3, 0)): [115, 27, 12, 9, 1, 0, 0, 1]
(2, (0, 0, 1), (3, 1)): [168, 47, 11, 12, 3, 1]
(2, (0, 0, 1), (3, 2)): [339, 73, 24, 12, 2, 1]
(2, (0, 1, 0), (0, 0)): [5058, 926, 323, 100, 28, 13, 3, 2]
(2, (0, 1, 0), (0, 1)): [2526, 404, 125, 40, 15, 7, 1, 1]
(2, (0, 1, 0), (0, 2)): [1102, 138, 40, 17, 5]
(2, (0, 1, 0), (1, 0)): [2131, 397, 145, 48, 10, 6, 1, 1]
(2, (0, 1, 0), (1, 1)): [2147, 351, 111, 34, 9, 8, 2, 1]
(2, (0, 1, 0), (1, 2)): [1718, 206, 67, 23, 6, 3, 1]
(2, (0, 1, 0), (2, 0)): [810, 146, 66, 24, 8, 2, 0, 1]
(2, (0, 1, 0), (2, 1)): [1152, 205, 63, 24, 6, 4, 1]
(2, (0, 1, 0), (2, 2)): [1535, 180, 65, 23, 4, 2, 1]
(2, (0, 1, 0), (3, 0)): [317, 40, 30, 15, 6, 1, 0, 1]
(2, (0, 1, 0), (3, 1)): [487, 87, 46, 18, 7, 1, 1, 1]
(2, (0, 1, 0), (3, 2)): [926, 121, 49, 23, 4, 2, 0, 1]
(2, (0, 1, 1), (0, 0)): [1363, 96, 251, 81, 27, 7, 3, 2]
(2, (0, 1, 1), (0, 1)): [700, 39, 112, 35, 8, 1, 1, 2]
(2, (0, 1, 1), (0, 2)): [330, 13, 33, 13, 2, 0, 0, 2]
(2, (0, 1, 1), (1, 0)): [571, 51, 110, 35, 16, 6, 2]
(2, (0, 1, 1), (1, 1)): [579, 41, 102, 24, 11, 2, 2]
(2, (0, 1, 1), (1, 2)): [511, 30, 57, 17, 4, 1, 0, 2]
(2, (0, 1, 1), (2, 0)): [225, 25, 47, 14, 8, 5, 1]
(2, (0, 1, 1), (2, 1)): [311, 19, 60, 17, 11, 0, 2]
(2, (0, 1, 1), (2, 2)): [467, 30, 59, 14, 5, 1, 0, 1]
(2, (0, 1, 1), (3, 0)): [106, 14, 18, 9, 4, 5, 1]
(2, (0, 1, 1), (3, 1)): [135, 8, 16, 8, 7, 0, 3]
(2, (0, 1, 1), (3, 2)): [292, 27, 36, 9, 4, 1, 1]
(2, (1, 0, 0), (0, 0)): [10798, 757, 610, 219, 66, 22, 6, 2, 0, 1]
(2, (1, 0, 0), (0, 1)): [5359, 340, 238, 98, 26, 8, 1, 1]
(2, (1, 0, 0), (0, 2)): [2281, 128, 74, 31, 9, 4, 1, 1]
(2, (1, 0, 0), (1, 0)): [4180, 314, 261, 96, 33, 11, 3, 1, 0, 1]
(2, (1, 0, 0), (1, 1)): [4047, 244, 217, 78, 24, 8, 2]
(2, (1, 0, 0), (1, 2)): [2970, 167, 115, 48, 15, 6, 1, 1]
(2, (1, 0, 0), (2, 0)): [1363, 116, 79, 42, 13, 4, 1, 1]
(2, (1, 0, 0), (2, 1)): [2089, 133, 114, 54, 17, 3, 2, 1]
(2, (1, 0, 0), (2, 2)): [2397, 134, 97, 53, 15, 4, 1, 2]
(2, (1, 0, 0), (3, 0)): [402, 37, 25, 15, 7, 3]
(2, (1, 0, 0), (3, 1)): [823, 70, 51, 28, 10, 1]
(2, (1, 0, 0), (3, 2)): [1363, 107, 66, 39, 13, 1, 1, 1]
(2, (1, 0, 1), (0, 0)): [1940, 415, 166, 140, 46, 15, 6, 3, 0, 1]
(2, (1, 0, 1), (0, 1)): [1009, 170, 73, 50, 20, 9, 0, 2]
(2, (1, 0, 1), (0, 2)): [443, 54, 27, 19, 7, 1, 0, 2]
(2, (1, 0, 1), (1, 0)): [738, 168, 76, 71, 22, 3, 4, 1, 0, 1]
(2, (1, 0, 1), (1, 1)): [735, 139, 53, 50, 17, 8, 2, 1]
(2, (1, 0, 1), (1, 2)): [533, 74, 32, 28, 7, 3, 0, 1]
(2, (1, 0, 1), (2, 0)): [242, 51, 37, 23, 13, 2, 2]
(2, (1, 0, 1), (2, 1)): [383, 70, 32, 18, 15, 4, 1, 1]
(2, (1, 0, 1), (2, 2)): [413, 61, 29, 19, 8, 1, 1]
(2, (1, 0, 1), (3, 0)): [67, 17, 13, 12, 7, 0, 2]
(2, (1, 0, 1), (3, 1)): [167, 25, 23, 12, 10, 0, 1]
(2, (1, 0, 1), (3, 2)): [224, 30, 23, 15, 8, 1, 1]
(2, (1, 1, 0), (0, 0)): [3916, 572, 296, 261, 88, 24, 3, 3, 1, 2, 1]
(2, (1, 1, 0), (0, 1)): [2044, 258, 125, 106, 37, 9, 0, 2]
(2, (1, 1, 0), (0, 2)): [907, 95, 41, 37, 12, 3]
(2, (1, 1, 0), (1, 0)): [1475, 219, 130, 117, 39, 11, 3, 1, 1, 1, 1]
(2, (1, 1, 0), (1, 1)): [1582, 195, 102, 95, 28, 8, 2, 3, 0, 0, 1]
(2, (1, 1, 0), (1, 2)): [1180, 121, 57, 44, 16, 5, 0, 1, 0, 0, 1]
(2, (1, 1, 0), (2, 0)): [487, 70, 52, 43, 21, 7, 0, 0, 1, 1]
(2, (1, 1, 0), (2, 1)): [821, 106, 57, 54, 21, 3, 1, 1, 1]
(2, (1, 1, 0), (2, 2)): [935, 88, 58, 44, 21, 2, 0, 0, 1, 0, 1]
(2, (1, 1, 0), (3, 0)): [137, 21, 22, 17, 8, 4, 0, 0, 0, 1]
(2, (1, 1, 0), (3, 1)): [327, 44, 31, 25, 11, 4, 1, 1]
(2, (1, 1, 0), (3, 2)): [575, 54, 57, 31, 20, 4, 0, 1, 1]
(2, (1, 1, 1), (0, 0)): [1305, 208, 213, 105, 94, 28, 7, 2, 1, 2]
(2, (1, 1, 1), (0, 1)): [695, 75, 95, 52, 33, 10, 4, 1, 0, 1]
(2, (1, 1, 1), (0, 2)): [331, 29, 26, 20, 9, 2, 1]
(2, (1, 1, 1), (1, 0)): [464, 107, 88, 40, 46, 15, 2, 1, 0, 1]
(2, (1, 1, 1), (1, 1)): [526, 75, 87, 42, 35, 12, 3, 0, 0, 1]
(2, (1, 1, 1), (1, 2)): [426, 48, 33, 28, 13, 5, 0, 0, 0, 1]
(2, (1, 1, 1), (2, 0)): [135, 57, 30, 20, 15, 8, 2, 1]
(2, (1, 1, 1), (2, 1)): [227, 55, 45, 19, 24, 9, 3]
(2, (1, 1, 1), (2, 2)): [306, 51, 32, 24, 15, 6, 2]
(2, (1, 1, 1), (3, 0)): [26, 37, 10, 9, 3, 4, 0, 1]
(2, (1, 1, 1), (3, 1)): [73, 53, 15, 12, 11, 7, 1, 1]
(2, (1, 1, 1), (3, 2)): [158, 52, 23, 18, 10, 8, 2]
