(0, (0, 0, 0)): [14783, 3181, 1519, 721, 331, 159, 52, 26, 18, 5, 1, 0, 1]
(0, (0, 0, 1)): [61, 237, 71, 38, 13, 8, 2, 1, 1]
(0, (0, 1, 0)): [463, 533, 189, 110, 41, 23, 8, 0, 1, 2]
(0, (0, 1, 1)): [48, 74, 110, 37, 23, 11, 8, 4, 0, 1, 1]
(0, (1, 0, 0)): [3146, 1169, 749, 369, 199, 102, 28, 20, 12, 1, 1, 0, 1]
(0, (1, 0, 1)): [67, 281, 102, 85, 45, 29, 8, 2, 1]
(0, (1, 1, 0)): [393, 282, 250, 172, 91, 50, 16, 11, 11]
(0, (1, 1, 1)): [35, 76, 64, 57, 31, 17, 6, 4, 3]
(1, (0, 0, 0)): [11921, 1383, 576, 240, 97, 29, 14, 8, 3, 2]
(1, (0, 0, 1)): [314, 534, 110, 64, 15, 12, 6, 0, 1, 1]
(1, (0, 1, 0)): [1592, 817, 303, 150, 63, 24, 5, 4, 2, 4, 0, 0, 1]
(1, (0, 1, 1)): [284, 246, 254, 104, 57, 21, 9, 6, 5]
(1, (1, 0, 0)): [4925, 942, 563, 257, 116, 36, 17, 10, 2, 1, 0, 1]
(1, (1, 0, 1)): [418, 574, 176, 123, 47, 27, 10, 3, 3, 3]
(1, (1, 1, 0)): [1300, 402, 320, 209, 105, 38, 11, 8, 1, 1, 0, 1]
(1, (1, 1, 1)): [274, 233, 156, 107, 77, 39, 11, 9, 4, 1]
(2, (0, 0, 0)): [10112, 460, 177, 37, 20, 9, 2, 1]
(2, (0, 0, 1)): [988, 343, 83, 30, 13, 5, 3, 0, 0, 1]
(2, (0, 1, 0)): [2619, 628, 147, 56, 14, 9, 3, 1, 1]
(2, (0, 1, 1)): [626, 59, 169, 44, 17, 9, 2, 2]
(2, (1, 0, 0)): [6147, 488, 300, 78, 39, 15, 4]
(2, (1, 0, 1)): [1121, 284, 128, 65, 21, 11, 2, 1, 1, 1]
(2, (1, 1, 0)): [2299, 364, 172, 120, 38, 18, 4, 2, 2]
(2, (1, 1, 1)): [725, 106, 118, 76, 61, 25, 3, 5]
