(0, (0, 0, 0)): [664648, 134996, 63871, 29356, 13345, 5902, 2451, 1027, 439, 206, 88, 43, 21, 6, 3, 1, 0, 1]
(0, (0, 0, 1)): [2783, 8952, 2515, 1164, 579, 265, 115, 67, 28, 14, 4, 1, 3, 1]
(0, (0, 1, 0)): [21455, 21193, 8344, 3955, 1980, 900, 373, 160, 75, 43, 14, 5, 2, 0, 1]
(0, (0, 1, 1)): [1930, 3400, 4291, 1950, 1075, 502, 217, 97, 51, 19, 7, 5, 0, 2, 1, 0, 0, 1]
(0, (1, 0, 0)): [146754, 49815, 31928, 15904, 7718, 3547, 1523, 648, 288, 134, 59, 26, 13, 4, 2, 1, 0, 1]
(0, (1, 0, 1)): [3255, 10881, 4465, 3066, 1652, 770, 389, 165, 76, 34, 14, 9, 4, 0, 1, 0, 0, 1]
(0, (1, 1, 0)): [20196, 13210, 10373, 7225, 3977, 1892, 839, 403, 170, 74, 36, 15, 6, 1]
(0, (1, 1, 1)): [2072, 3860, 3226, 2503, 1999, 984, 466, 237, 106, 43, 26, 10, 1, 1, 1]
(1, (0, 0, 0)): [530609, 58617, 24477, 9805, 3926, 1525, 580, 227, 89, 37, 18, 10, 5, 2, 0, 1]
(1, (0, 0, 1)): [14852, 22718, 4483, 1877, 805, 349, 138, 62, 31, 9, 5, 4, 3, 1]
(1, (0, 1, 0)): [71983, 34243, 12158, 5168, 2119, 874, 304, 143, 38, 27, 14, 7, 5, 1, 1]
(1, (0, 1, 1)): [12241, 10398, 9903, 3927, 2016, 813, 329, 139, 72, 18, 8, 4, 1, 2, 0, 1]
(1, (1, 0, 0)): [213329, 39066, 24695, 10767, 4380, 1799, 700, 259, 122, 55, 21, 15, 3, 2, 0, 2]
(1, (1, 0, 1)): [16491, 21030, 6905, 4471, 1914, 838, 318, 125, 52, 39, 12, 3, 0, 1]
(1, (1, 1, 0)): [58209, 18441, 12952, 8895, 3896, 1686, 658, 268, 107, 51, 18, 9, 5, 4, 1]
(1, (1, 1, 1)): [12093, 9807, 6358, 4306, 3128, 1365, 564, 211, 95, 36, 14, 10, 5, 2, 1, 1]
(2, (0, 0, 0)): [456343, 20556, 7118, 2262, 806, 273, 99, 35, 7, 2, 3, 0, 1]
(2, (0, 0, 1)): [44719, 14513, 2762, 944, 335, 137, 42, 11, 1, 2, 0, 1]
(2, (0, 1, 0)): [116344, 26468, 6800, 2386, 772, 271, 82, 19, 5, 1, 2, 0, 1]
(2, (0, 1, 1)): [27989, 2491, 6562, 1723, 668, 229, 86, 32, 11, 4, 2, 1, 0, 1]
(2, (1, 0, 0)): [260977, 19701, 12154, 3894, 1320, 406, 167, 52, 12, 7, 4, 0, 1]
(2, (1, 0, 1)): [42487, 11071, 4556, 2590, 821, 293, 106, 31, 13, 3, 0, 2, 1]
(2, (1, 1, 0)): [100860, 16061, 8324, 5262, 1732, 584, 177, 64, 23, 10, 5, 0, 2, 1]
(2, (1, 1, 1)): [29481, 4462, 5042, 2609, 1783, 609, 193, 72, 30, 6, 5, 0, 1, 1]
