(0, (0, 0, 0)): [307174, 64520, 30716, 14388, 6584, 2914, 1271, 532, 223, 117, 40, 21, 12, 3, 2]
(0, (0, 0, 1)): [1355, 4820, 1362, 675, 343, 137, 69, 36, 18, 7, 2, 1, 2]
(0, (0, 1, 0)): [9968, 10629, 4163, 1956, 1035, 489, 201, 95, 43, 25, 5, 3, 1]
(0, (0, 1, 1)): [890, 1709, 2243, 1029, 546, 262, 117, 54, 28, 10, 5, 1, 0, 1, 1]
(0, (1, 0, 0)): [68371, 24688, 15514, 7920, 3818, 1752, 783, 333, 139, 77, 30, 13, 8, 3, 2]
(0, (1, 0, 1)): [1649, 5396, 2389, 1649, 913, 438, 228, 92, 44, 24, 8, 7, 2, 0, 1]
(0, (1, 1, 0)): [8985, 6182, 5100, 3541, 1904, 895, 426, 197, 79, 41, 21, 7, 4, 1]
(0, (1, 1, 1)): [916, 1734, 1503, 1243, 975, 494, 252, 111, 52, 26, 12, 3, 0, 1, 1]
(1, (0, 0, 0)): [243205, 27410, 11570, 4687, 1875, 745, 308, 124, 47, 17, 6, 5, 2]
(1, (0, 0, 1)): [7658, 12447, 2514, 1074, 461, 184, 77, 40, 16, 6, 5, 3, 1]
(1, (0, 1, 0)): [35072, 17841, 6120, 2554, 1103, 456, 165, 78, 22, 17, 2, 4, 3]
(1, (0, 1, 1)): [6075, 5421, 5472, 2130, 1032, 412, 174, 73, 41, 10, 5, 2, 1, 1]
(1, (1, 0, 0)): [101084, 19540, 11962, 5351, 2151, 909, 357, 136, 62, 29, 10, 8, 2, 2]
(1, (1, 0, 1)): [8340, 10847, 3739, 2412, 1005, 469, 176, 68, 25, 22, 7, 2]
(1, (1, 1, 0)): [26139, 8547, 6244, 4169, 1855, 813, 324, 121, 44, 23, 4, 6, 1, 3]
(1, (1, 1, 1)): [5152, 4342, 2846, 2038, 1401, 631, 258, 98, 45, 18, 6, 3, 1, 1]
(2, (0, 0, 0)): [208123, 9263, 3249, 1027, 362, 143, 50, 20, 3, 1, 1]
(2, (0, 0, 1)): [24628, 8157, 1562, 515, 184, 83, 28, 8, 0, 1]
(2, (0, 1, 0)): [57454, 13758, 3394, 1173, 388, 142, 45, 13, 4, 1]
(2, (0, 1, 1)): [14768, 1297, 3606, 988, 359, 135, 48, 16, 9, 2, 1]
(2, (1, 0, 0)): [124309, 9910, 5605, 1884, 651, 211, 90, 27, 10, 2, 1]
(2, (1, 0, 1)): [22410, 6004, 2641, 1398, 451, 181, 59, 25, 9, 1, 0, 1]
(2, (1, 1, 0)): [43132, 6980, 3827, 2323, 784, 277, 86, 24, 15, 5, 2, 0, 0, 1]
(2, (1, 1, 1)): [12831, 1960, 2337, 1228, 853, 300, 95, 34, 17, 1, 2, 0, 0, 1]
