(0, (0, 0, 0)): [895968, 179083, 83710, 38227, 17086, 7440, 3071, 1285, 529, 241, 101, 52, 25, 7, 3, 1, 0, 1]
(0, (0, 0, 1)): [3800, 11439, 3109, 1486, 742, 320, 141, 70, 30, 17, 4, 1, 3, 1]
(0, (0, 1, 0)): [29665, 27889, 11017, 5217, 2565, 1130, 466, 202, 89, 50, 15, 5, 3, 1, 1]
(0, (0, 1, 1)): [2649, 4423, 5457, 2533, 1375, 628, 277, 131, 61, 28, 8, 6, 1, 2, 1, 0, 0, 1]
(0, (1, 0, 0)): [194411, 64477, 41379, 20476, 9753, 4443, 1877, 820, 341, 156, 70, 33, 15, 4, 2, 1, 0, 1]
(0, (1, 0, 1)): [4530, 14099, 5724, 3955, 2115, 971, 486, 200, 93, 42, 20, 11, 5, 1, 1, 0, 0, 1]
(0, (1, 1, 0)): [26518, 16951, 13069, 9251, 4945, 2370, 1022, 499, 197, 87, 41, 20, 6, 1]
(0, (1, 1, 1)): [2661, 4972, 4099, 3118, 2496, 1245, 589, 299, 124, 52, 29, 11, 2, 1, 1]
(1, (0, 0, 0)): [720803, 78557, 32454, 12926, 5075, 1940, 756, 287, 117, 45, 21, 13, 6, 2, 0, 1]
(1, (0, 0, 1)): [19690, 28675, 5665, 2373, 1006, 429, 163, 68, 32, 9, 5, 4, 4, 1]
(1, (0, 1, 0)): [95469, 43788, 15731, 6658, 2713, 1079, 368, 179, 47, 29, 18, 7, 6, 1, 1]
(1, (0, 1, 1)): [16081, 13065, 12240, 4850, 2501, 989, 401, 163, 78, 20, 8, 6, 1, 2, 0, 1]
(1, (1, 0, 0)): [281962, 50249, 32228, 13843, 5600, 2230, 892, 321, 150, 62, 23, 18, 4, 2, 0, 2]
(1, (1, 0, 1)): [22206, 26907, 8705, 5712, 2448, 1036, 396, 159, 57, 43, 12, 4, 0, 1]
(1, (1, 1, 0)): [76517, 23884, 16389, 11492, 4904, 2075, 813, 326, 135, 55, 19, 11, 6, 4, 1]
(1, (1, 1, 1)): [15935, 12556, 8096, 5421, 3911, 1679, 681, 256, 110, 40, 15, 13, 6, 2, 1, 1]
(2, (0, 0, 0)): [622763, 28098, 9551, 3067, 1036, 342, 124, 38, 8, 3, 4, 0, 1]
(2, (0, 0, 1)): [57612, 18215, 3544, 1219, 432, 158, 47, 12, 3, 2, 0, 1]
(2, (0, 1, 0)): [153123, 33710, 8894, 3123, 1015, 344, 100, 27, 6, 4, 4, 0, 1]
(2, (0, 1, 1)): [36011, 3152, 8157, 2172, 852, 278, 105, 37, 13, 4, 3, 1, 0, 1]
(2, (1, 0, 0)): [344010, 25135, 16033, 5118, 1660, 528, 217, 59, 15, 8, 5, 0, 1]
(2, (1, 0, 1)): [56715, 14237, 5707, 3362, 1072, 370, 139, 42, 19, 6, 0, 2, 1]
(2, (1, 1, 0)): [133094, 20793, 10591, 6921, 2235, 753, 233, 80, 30, 13, 6, 1, 2, 1]
(2, (1, 1, 1)): [38762, 5747, 6521, 3272, 2340, 767, 250, 93, 37, 6, 5, 0, 1, 1]
