(0, (0, 0, 0), (0, 0)): [1508263, 302080, 138614, 62773, 27862, 11854, 4861, 2010, 806, 364, 151, 67, 31, 11, 4, 1, 0, 1]
(0, (0, 0, 0), (0, 1)): [72371, 13221, 5931, 2636, 1062, 457, 173, 68, 24, 15, 5, 0, 2, 1, 0, 1]
(0, (0, 0, 0), (0, 2)): [26968, 4367, 1930, 804, 326, 140, 54, 23, 11, 3, 1, 0, 1]
(0, (0, 0, 0), (1, 0)): [67379, 14420, 6761, 3059, 1431, 569, 252, 101, 45, 14, 8, 0, 0, 1, 1]
(0, (0, 0, 0), (1, 1)): [62351, 12013, 5504, 2505, 1084, 431, 179, 72, 29, 10, 8, 0, 1, 1, 0, 1]
(0, (0, 0, 0), (1, 2)): [41357, 7069, 3169, 1334, 591, 263, 86, 39, 16, 7, 1, 0, 2]
(0, (0, 0, 0), (2, 0)): [22197, 5268, 2621, 1223, 590, 227, 105, 49, 17, 6, 4, 0, 0, 0, 1]
(0, (0, 0, 0), (2, 1)): [33033, 6920, 3354, 1558, 699, 276, 128, 61, 23, 4, 6, 0, 0, 1]
(0, (0, 0, 0), (2, 2)): [32899, 6036, 2876, 1279, 552, 221, 81, 36, 21, 7, 1, 0, 2]
(0, (0, 0, 0), (3, 0)): [6753, 1922, 1054, 541, 246, 102, 47, 17, 7, 3, 2, 0, 0, 0, 1]
(0, (0, 0, 0), (3, 1)): [12790, 3311, 1709, 840, 388, 159, 70, 34, 13, 3, 2, 0, 0, 0, 1]
(0, (0, 0, 0), (3, 2)): [17502, 3816, 2084, 899, 417, 181, 66, 32, 15, 7, 2, 0, 2, 0, 1]
(0, (0, 0, 1), (0, 0)): [6167, 18453, 5023, 2382, 1151, 481, 213, 96, 36, 22, 9, 3, 3, 2]
(0, (0, 0, 1), (0, 1)): [243, 657, 202, 78, 38, 10, 5, 3, 1, 1, 1, 0, 0, 1]
(0, (0, 0, 1), (0, 2)): [100, 264, 68, 28, 13, 3, 0, 1, 1]
(0, (0, 0, 1), (1, 0)): [236, 771, 204, 111, 53, 22, 9, 6, 1, 1, 2]
(0, (0, 0, 1), (1, 1)): [225, 589, 173, 74, 45, 13, 5, 3, 0, 1, 2, 0, 0, 1]
(0, (0, 0, 1), (1, 2)): [163, 403, 108, 45, 23, 6, 1, 3, 1, 1, 1]
(0, (0, 0, 1), (2, 0)): [91, 312, 84, 50, 18, 12, 2, 4, 1, 1]
(0, (0, 0, 1), (2, 1)): [130, 337, 114, 55, 33, 8, 3, 2, 0, 1, 1]
(0, (0, 0, 1), (2, 2)): [147, 357, 105, 41, 30, 5, 1, 0, 0, 1, 1]
(0, (0, 0, 1), (3, 0)): [27, 111, 27, 18, 4, 7, 2, 1, 1]
(0, (0, 0, 1), (3, 1)): [57, 151, 43, 29, 16, 7, 0, 2]
(0, (0, 0, 1), (3, 2)): [83, 207, 56, 35, 25, 5, 0, 1, 0, 1, 1]
(0, (0, 1, 0), (0, 0)): [53596, 49969, 19503, 9356, 4474, 1939, 812, 349, 142, 80, 25, 6, 3, 3, 2]
(0, (0, 1, 0), (0, 1)): [2520, 2314, 859, 371, 166, 80, 32, 16, 6, 1]
(0, (0, 1, 0), (0, 2)): [1004, 775, 288, 113, 53, 26, 18, 4, 3]
(0, (0, 1, 0), (1, 0)): [2546, 2441, 1021, 474, 221, 111, 35, 18, 5, 2, 0, 0, 0, 1, 1]
(0, (0, 1, 0), (1, 1)): [2178, 2008, 813, 360, 152, 70, 20, 16, 1, 2]
(0, (0, 1, 0), (1, 2)): [1511, 1205, 470, 204, 85, 36, 14, 11, 1, 1]
(0, (0, 1, 0), (2, 0)): [962, 886, 375, 178, 79, 57, 15, 8, 3, 1, 0, 0, 0, 1]
(0, (0, 1, 0), (2, 1)): [1181, 1124, 465, 205, 89, 56, 15, 9, 1, 2, 0, 0, 0, 1]
(0, (0, 1, 0), (2, 2)): [1298, 963, 439, 175, 70, 31, 17, 8, 2, 1]
(0, (0, 1, 0), (3, 0)): [343, 251, 136, 74, 36, 22, 9, 6, 3]
(0, (0, 1, 0), (3, 1)): [506, 460, 204, 125, 53, 34, 8, 7, 0, 0, 0, 0, 0, 1]
(0, (0, 1, 0), (3, 2)): [752, 599, 286, 129, 59, 24, 18, 4, 1, 1]
(0, (0, 1, 1), (0, 0)): [4450, 7597, 9047, 4191, 2218, 1036, 437, 197, 97, 41, 10, 6, 2, 2, 1, 0, 0, 1]
(0, (0, 1, 1), (0, 1)): [217, 326, 383, 162, 84, 38, 17, 5, 2, 1, 1]
(0, (0, 1, 1), (0, 2)): [109, 123, 142, 60, 32, 12, 9, 2, 1]
(0, (0, 1, 1), (1, 0)): [205, 403, 487, 231, 134, 50, 25, 8, 7, 2, 0, 1]
(0, (0, 1, 1), (1, 1)): [170, 301, 354, 154, 86, 30, 12, 6, 2, 1, 1]
(0, (0, 1, 1), (1, 2)): [144, 175, 191, 80, 57, 20, 10, 3, 2]
(0, (0, 1, 1), (2, 0)): [96, 182, 214, 110, 70, 31, 12, 5, 4, 2, 0, 1]
(0, (0, 1, 1), (2, 1)): [97, 182, 216, 102, 47, 16, 7, 7, 4, 2]
(0, (0, 1, 1), (2, 2)): [118, 161, 162, 74, 35, 14, 9, 5, 2]
(0, (0, 1, 1), (3, 0)): [53, 85, 91, 58, 50, 23, 5, 2, 0, 1, 0, 1]
(0, (0, 1, 1), (3, 1)): [44, 70, 89, 48, 37, 5, 3, 1, 3, 1]
(0, (0, 1, 1), (3, 2)): [62, 87, 109, 56, 28, 11, 5, 5, 4]
(0, (1, 0, 0), (0, 0)): [320866, 107395, 67823, 33366, 15831, 7071, 2928, 1260, 524, 239, 105, 42, 21, 5, 3, 1, 0, 1]
(0, (1, 0, 0), (0, 1)): [14134, 4280, 2726, 1253, 612, 275, 98, 55, 19, 3]
(0, (1, 0, 0), (0, 2)): [5123, 1358, 892, 377, 194, 71, 36, 10, 9]
(0, (1, 0, 0), (1, 0)): [12832, 4572, 3072, 1486, 726, 313, 147, 55, 23, 17, 8, 0, 0, 1, 1]
(0, (1, 0, 0), (1, 1)): [10734, 3460, 2266, 1047, 521, 229, 92, 41, 12, 7, 3]
(0, (1, 0, 0), (1, 2)): [6769, 1896, 1219, 569, 288, 108, 55, 20, 9, 4]
(0, (1, 0, 0), (2, 0)): [3959, 1498, 1038, 596, 281, 129, 57, 28, 10, 7, 5, 0, 0, 1]
(0, (1, 0, 0), (2, 1)): [5141, 1753, 1228, 616, 301, 137, 48, 23, 8, 7, 3, 0, 0, 1]
(0, (1, 0, 0), (2, 2)): [4800, 1419, 970, 436, 226, 91, 49, 22, 9, 7, 1]
(0, (1, 0, 0), (3, 0)): [1063, 451, 347, 245, 121, 43, 25, 13, 5, 2, 2]
(0, (1, 0, 0), (3, 1)): [1851, 714, 507, 340, 171, 63, 26, 10, 6, 2, 3, 0, 0, 1]
(0, (1, 0, 0), (3, 2)): [2321, 793, 556, 293, 173, 63, 26, 16, 5, 3]
(0, (1, 0, 1), (0, 0)): [7667, 23382, 9476, 6524, 3421, 1572, 736, 299, 147, 60, 30, 15, 5, 1, 2, 0, 0, 1]
(0, (1, 0, 1), (0, 1)): [331, 989, 391, 256, 135, 65, 29, 7, 7, 1, 1, 0, 1]
(0, (1, 0, 1), (0, 2)): [152, 341, 132, 93, 34, 26, 10, 2, 2]
(0, (1, 0, 1), (1, 0)): [300, 1046, 414, 296, 146, 75, 15, 12, 8, 3, 2, 0, 0, 0, 1]
(0, (1, 0, 1), (1, 1)): [254, 760, 317, 206, 116, 48, 15, 7, 5, 0, 3]
(0, (1, 0, 1), (1, 2)): [208, 439, 184, 115, 57, 22, 11, 3, 3]
(0, (1, 0, 1), (2, 0)): [107, 378, 144, 102, 59, 40, 7, 6, 2, 2]
(0, (1, 0, 1), (2, 1)): [114, 410, 179, 104, 63, 34, 8, 4, 6, 0, 2]
(0, (1, 0, 1), (2, 2)): [156, 343, 144, 84, 50, 18, 9, 5, 1, 0, 2]
(0, (1, 0, 1), (3, 0)): [38, 121, 53, 31, 26, 18, 1, 4, 0, 1]
(0, (1, 0, 1), (3, 1)): [38, 146, 63, 47, 39, 19, 2, 2, 2, 1]
(0, (1, 0, 1), (3, 2)): [66, 153, 90, 47, 45, 19, 5, 4, 3, 1, 2]
(0, (1, 1, 0), (0, 0)): [44167, 28144, 21051, 14959, 7967, 3737, 1581, 755, 307, 141, 64, 24, 9, 3]
(0, (1, 1, 0), (0, 1)): [2112, 1142, 818, 566, 332, 137, 58, 30, 8, 3, 1]
(0, (1, 1, 0), (0, 2)): [853, 381, 277, 184, 111, 47, 24, 10, 3, 1]
(0, (1, 1, 0), (1, 0)): [1690, 1102, 811, 609, 325, 165, 70, 36, 11, 6, 2, 0, 0, 2]
(0, (1, 1, 0), (1, 1)): [1467, 854, 607, 461, 249, 123, 51, 27, 5, 5, 2, 0, 0, 1]
(0, (1, 1, 0), (1, 2)): [1039, 515, 357, 281, 147, 55, 27, 17, 2, 4, 0, 0, 0, 1]
(0, (1, 1, 0), (2, 0)): [495, 337, 286, 213, 116, 55, 26, 12, 7, 2, 0, 0, 0, 1]
(0, (1, 1, 0), (2, 1)): [672, 430, 316, 248, 141, 63, 30, 13, 5, 3, 1]
(0, (1, 1, 0), (2, 2)): [714, 387, 268, 204, 115, 50, 22, 14, 3, 4]
(0, (1, 1, 0), (3, 0)): [116, 109, 101, 69, 45, 23, 10, 6, 4, 1, 0, 0, 0, 1]
(0, (1, 1, 0), (3, 1)): [236, 168, 138, 109, 68, 38, 20, 7, 2, 1]
(0, (1, 1, 0), (3, 2)): [325, 189, 165, 133, 77, 35, 14, 11, 2]
(0, (1, 1, 1), (0, 0)): [4245, 8081, 6620, 4933, 3920, 1953, 900, 438, 193, 84, 41, 15, 4, 2, 1]
(0, (1, 1, 1), (0, 1)): [212, 345, 305, 171, 161, 77, 33, 15, 8, 4, 1, 1, 1, 1]
(0, (1, 1, 1), (0, 2)): [101, 143, 105, 53, 61, 32, 10, 3, 4, 1, 0, 1, 1]
(0, (1, 1, 1), (1, 0)): [162, 336, 302, 228, 184, 94, 35, 17, 6, 2, 2]
(0, (1, 1, 1), (1, 1)): [151, 268, 252, 157, 140, 62, 31, 16, 3, 4, 2, 0, 0, 1]
(0, (1, 1, 1), (1, 2)): [138, 185, 147, 84, 83, 40, 10, 7, 4, 1, 0, 1, 0, 1]
(0, (1, 1, 1), (2, 0)): [52, 106, 97, 84, 70, 39, 11, 8, 4, 0, 1]
(0, (1, 1, 1), (2, 1)): [72, 123, 121, 93, 68, 34, 16, 9, 4, 1]
(0, (1, 1, 1), (2, 2)): [78, 137, 110, 76, 63, 32, 11, 6, 1, 2, 0, 1]
(0, (1, 1, 1), (3, 0)): [11, 33, 32, 32, 22, 16, 5, 3, 1, 0, 1]
(0, (1, 1, 1), (3, 1)): [21, 59, 55, 49, 26, 15, 10, 1, 1, 0, 1]
(0, (1, 1, 1), (3, 2)): [29, 62, 65, 55, 43, 19, 11, 2, 2, 0, 0, 1]
(1, (0, 0, 0), (0, 0)): [1224866, 133357, 54522, 21501, 8304, 3121, 1220, 442, 166, 66, 27, 15, 7, 3, 0, 1]
(1, (0, 0, 0), (0, 1)): [59731, 5807, 2330, 935, 349, 106, 33, 23, 6, 0, 0, 0, 0, 1]
(1, (0, 0, 0), (0, 2)): [22323, 1825, 722, 294, 97, 33, 7, 4]
(1, (0, 0, 0), (1, 0)): [57299, 6870, 2833, 1118, 418, 141, 65, 19, 4, 2, 1, 0, 0, 0, 0, 1]
(1, (0, 0, 0), (1, 1)): [52523, 5522, 2235, 868, 338, 109, 44, 22, 6, 1, 0, 0, 0, 1]
(1, (0, 0, 0), (1, 2)): [34631, 3007, 1223, 493, 191, 69, 18, 8, 2]
(1, (0, 0, 0), (2, 0)): [19303, 2673, 1187, 455, 171, 59, 30, 8, 0, 1, 1, 0, 0, 0, 0, 1]
(1, (0, 0, 0), (2, 1)): [28257, 3378, 1443, 539, 201, 66, 24, 10, 1, 2, 1]
(1, (0, 0, 0), (2, 2)): [27885, 2748, 1148, 457, 175, 73, 23, 7, 2, 0, 1]
(1, (0, 0, 0), (3, 0)): [5855, 928, 517, 186, 83, 29, 19, 2, 0, 0, 0, 0, 0, 0, 0, 1]
(1, (0, 0, 0), (3, 1)): [11407, 1687, 834, 316, 140, 35, 19, 5, 1, 1]
(1, (0, 0, 0), (3, 2)): [15282, 1885, 879, 347, 155, 45, 20, 4, 1, 0, 1]
(1, (0, 0, 1), (0, 0)): [33667, 48187, 9533, 4027, 1666, 678, 260, 100, 43, 17, 10, 5, 4, 1]
(1, (0, 0, 1), (0, 1)): [1549, 1803, 384, 127, 52, 22, 10, 1, 0, 0, 1]
(1, (0, 0, 1), (0, 2)): [665, 602, 122, 31, 18, 5, 4]
(1, (0, 0, 1), (1, 0)): [1646, 2483, 506, 233, 94, 41, 16, 4, 2, 1]
(1, (0, 0, 1), (1, 1)): [1434, 1763, 365, 143, 56, 20, 5, 3, 0, 0, 1]
(1, (0, 0, 1), (1, 2)): [1035, 994, 177, 61, 31, 11, 2]
(1, (0, 0, 1), (2, 0)): [681, 1002, 224, 110, 51, 22, 13, 1, 2, 1]
(1, (0, 0, 1), (2, 1)): [798, 1050, 217, 96, 41, 17, 10, 2, 0, 0, 1]
(1, (0, 0, 1), (2, 2)): [869, 863, 163, 71, 28, 10, 2, 0, 0, 0, 1]
(1, (0, 0, 1), (3, 0)): [315, 427, 113, 62, 27, 11, 5, 1, 1]
(1, (0, 0, 1), (3, 1)): [341, 480, 116, 50, 20, 8, 7, 2]
(1, (0, 0, 1), (3, 2)): [513, 499, 121, 58, 27, 6, 5, 0, 0, 0, 1]
(1, (0, 1, 0), (0, 0)): [165861, 73435, 26398, 11368, 4533, 1778, 606, 285, 84, 41, 23, 9, 9, 2, 1]
(1, (0, 1, 0), (0, 1)): [7456, 2953, 1017, 430, 151, 55, 19, 9, 2, 2, 2]
(1, (0, 1, 0), (0, 2)): [2872, 1024, 328, 136, 46, 15, 6, 1]
(1, (0, 1, 0), (1, 0)): [8561, 3688, 1360, 704, 274, 110, 33, 18, 9, 1, 1, 0, 0, 1]
(1, (0, 1, 0), (1, 1)): [6829, 2652, 933, 448, 164, 68, 18, 11, 5, 1, 1, 0, 0, 1]
(1, (0, 1, 0), (1, 2)): [4478, 1586, 563, 227, 73, 26, 10, 5, 2, 1]
(1, (0, 1, 0), (2, 0)): [3695, 1577, 634, 385, 147, 57, 23, 12, 5, 0, 1]
(1, (0, 1, 0), (2, 1)): [3835, 1585, 549, 313, 126, 49, 17, 9, 2, 0, 1, 0, 0, 1]
(1, (0, 1, 0), (2, 2)): [3754, 1395, 477, 204, 77, 29, 10, 3, 3]
(1, (0, 1, 0), (3, 0)): [1779, 684, 299, 246, 86, 31, 11, 8, 5]
(1, (0, 1, 0), (3, 1)): [1836, 689, 278, 202, 88, 33, 11, 6, 4, 0, 0, 0, 0, 1]
(1, (0, 1, 0), (3, 2)): [2208, 816, 327, 183, 85, 18, 9, 5, 1, 0, 0, 0, 0, 1]
(1, (0, 1, 1), (0, 0)): [26396, 21683, 19360, 7678, 3968, 1561, 611, 242, 115, 38, 11, 7, 2, 2, 0, 1]
(1, (0, 1, 1), (0, 1)): [1024, 741, 653, 246, 104, 42, 19, 7, 1]
(1, (0, 1, 1), (0, 2)): [477, 251, 233, 85, 39, 12, 6, 2]
(1, (0, 1, 1), (1, 0)): [1487, 1323, 991, 393, 281, 90, 43, 15, 7, 2]
(1, (0, 1, 1), (1, 1)): [877, 670, 600, 214, 110, 32, 17, 7, 1, 1]
(1, (0, 1, 1), (1, 2)): [692, 383, 381, 122, 65, 21, 10, 2, 1]
(1, (0, 1, 1), (2, 0)): [913, 783, 555, 243, 196, 72, 33, 11, 6, 1]
(1, (0, 1, 1), (2, 1)): [471, 405, 331, 129, 69, 22, 14, 3, 0, 1]
(1, (0, 1, 1), (2, 2)): [549, 341, 320, 107, 59, 17, 5, 3, 1]
(1, (0, 1, 1), (3, 0)): [700, 573, 376, 181, 159, 61, 28, 10, 6, 1]
(1, (0, 1, 1), (3, 1)): [210, 185, 144, 59, 38, 15, 9, 1]
(1, (0, 1, 1), (3, 2)): [312, 217, 164, 69, 41, 16, 3, 2, 1]
(1, (1, 0, 0), (0, 0)): [464131, 82485, 52739, 22316, 8997, 3547, 1415, 490, 210, 90, 31, 22, 5, 3, 0, 2]
(1, (1, 0, 0), (0, 1)): [20414, 3143, 2060, 900, 323, 119, 59, 15, 3, 5]
(1, (1, 0, 0), (0, 2)): [7329, 978, 671, 282, 91, 39, 21, 5, 1, 3]
(1, (1, 0, 0), (1, 0)): [20152, 3899, 2593, 1094, 424, 165, 68, 28, 6, 3, 1, 0, 1, 0, 0, 1]
(1, (1, 0, 0), (1, 1)): [16634, 2719, 1847, 799, 274, 110, 55, 15, 3, 1, 1, 0, 0, 0, 0, 1]
(1, (1, 0, 0), (1, 2)): [10404, 1453, 1047, 385, 132, 56, 24, 10, 0, 1, 1]
(1, (1, 0, 0), (2, 0)): [6533, 1420, 936, 452, 171, 78, 28, 8, 5, 3, 0, 0, 1]
(1, (1, 0, 0), (2, 1)): [8371, 1541, 1041, 497, 170, 74, 39, 6, 4, 0, 0, 0, 0, 0, 0, 1]
(1, (1, 0, 0), (2, 2)): [7713, 1205, 867, 367, 120, 52, 27, 7, 1, 1, 1]
(1, (1, 0, 0), (3, 0)): [1872, 465, 281, 180, 74, 35, 8, 3, 1, 3, 0, 0, 1]
(1, (1, 0, 0), (3, 1)): [3136, 747, 443, 253, 101, 44, 13, 5, 1, 2, 0, 0, 0, 0, 0, 1]
(1, (1, 0, 0), (3, 2)): [3786, 762, 485, 273, 76, 43, 18, 3, 2, 2, 1, 0, 0, 0, 0, 1]
(1, (1, 0, 1), (0, 0)): [37338, 43605, 14007, 9290, 3990, 1620, 651, 243, 81, 57, 15, 6, 0, 1]
(1, (1, 0, 1), (0, 1)): [1816, 1603, 533, 360, 156, 58, 23, 3, 5, 5]
(1, (1, 0, 1), (0, 2)): [788, 493, 182, 118, 44, 19, 9, 2, 2, 2]
(1, (1, 0, 1), (1, 0)): [1619, 1914, 654, 407, 197, 66, 25, 7, 2, 4]
(1, (1, 0, 1), (1, 1)): [1403, 1297, 446, 303, 130, 33, 20, 2, 2, 3]
(1, (1, 0, 1), (1, 2)): [1032, 728, 262, 176, 65, 21, 10, 3, 2, 2]
(1, (1, 0, 1), (2, 0)): [573, 667, 227, 151, 77, 34, 7, 3, 2, 2]
(1, (1, 0, 1), (2, 1)): [674, 658, 238, 172, 81, 23, 9, 1, 3, 1]
(1, (1, 0, 1), (2, 2)): [697, 545, 222, 120, 61, 13, 9, 2, 4, 1]
(1, (1, 0, 1), (3, 0)): [193, 229, 75, 48, 35, 19, 4, 1, 0, 1]
(1, (1, 0, 1), (3, 1)): [237, 272, 105, 78, 40, 19, 2, 0, 0, 1]
(1, (1, 0, 1), (3, 2)): [337, 296, 129, 88, 43, 17, 7, 1, 2, 1]
(1, (1, 1, 0), (0, 0)): [127651, 39365, 26185, 18663, 7765, 3212, 1248, 513, 207, 80, 26, 15, 9, 5, 1]
(1, (1, 1, 0), (0, 1)): [6042, 1607, 970, 767, 300, 123, 46, 23, 5, 2]
(1, (1, 1, 0), (0, 2)): [2430, 577, 331, 268, 90, 37, 18, 7, 2]
(1, (1, 1, 0), (1, 0)): [5311, 1774, 1189, 894, 364, 145, 66, 28, 7, 3, 0, 0, 2, 1]
(1, (1, 1, 0), (1, 1)): [4627, 1334, 888, 667, 265, 109, 39, 21, 3, 4]
(1, (1, 1, 0), (1, 2)): [3295, 784, 505, 387, 150, 51, 26, 14, 1, 1]
(1, (1, 1, 0), (2, 0)): [1735, 642, 403, 325, 145, 66, 31, 13, 4, 1, 0, 0, 2, 1]
(1, (1, 1, 0), (2, 1)): [2268, 763, 488, 362, 141, 77, 28, 11, 5, 1, 0, 0, 1]
(1, (1, 1, 0), (2, 2)): [2405, 622, 386, 306, 127, 60, 18, 5, 1, 1]
(1, (1, 1, 0), (3, 0)): [437, 240, 134, 97, 70, 28, 11, 7, 2, 1, 0, 0, 1]
(1, (1, 1, 0), (3, 1)): [861, 369, 235, 160, 81, 31, 19, 9, 4, 2, 0, 0, 1]
(1, (1, 1, 0), (3, 2)): [1155, 394, 253, 160, 86, 39, 20, 8, 2, 3, 0, 0, 1]
(1, (1, 1, 1), (0, 0)): [25985, 20733, 13150, 8556, 6252, 2650, 1073, 400, 176, 64, 20, 15, 8, 3, 1, 1]
(1, (1, 1, 1), (0, 1)): [1297, 864, 563, 331, 254, 96, 41, 16, 10, 1]
(1, (1, 1, 1), (0, 2)): [624, 296, 197, 118, 83, 30, 18, 3, 1, 1]
(1, (1, 1, 1), (1, 0)): [1023, 923, 567, 353, 263, 118, 60, 17, 7, 2, 0, 1, 1]
(1, (1, 1, 1), (1, 1)): [930, 709, 449, 284, 209, 84, 35, 14, 6]
(1, (1, 1, 1), (1, 2)): [733, 400, 286, 165, 107, 53, 25, 8, 3]
(1, (1, 1, 1), (2, 0)): [268, 300, 216, 126, 97, 53, 23, 8, 1, 1, 0, 1, 1]
(1, (1, 1, 1), (2, 1)): [403, 397, 235, 160, 104, 45, 26, 5, 2, 1, 0, 1]
(1, (1, 1, 1), (2, 2)): [509, 330, 227, 149, 93, 43, 19, 3, 2]
(1, (1, 1, 1), (3, 0)): [50, 94, 64, 51, 31, 24, 7, 4, 1, 0, 0, 0, 1]
(1, (1, 1, 1), (3, 1)): [97, 165, 106, 78, 53, 24, 10, 5, 0, 0, 0, 0, 1]
(1, (1, 1, 1), (3, 2)): [194, 185, 124, 91, 56, 29, 10, 3, 1]
(2, (0, 0, 0), (0, 0)): [1063834, 48144, 16144, 5126, 1693, 542, 187, 61, 11, 6, 5, 0, 1]
(2, (0, 0, 0), (0, 1)): [51519, 1961, 641, 181, 74, 15, 8, 4, 1]
(2, (0, 0, 0), (0, 2)): [18955, 502, 153, 63, 26, 1, 1, 2]
(2, (0, 0, 0), (1, 0)): [51788, 2767, 937, 301, 106, 22, 13, 3, 0, 0, 0, 0, 1]
(2, (0, 0, 0), (1, 1)): [46420, 2041, 699, 178, 75, 14, 10, 1]
(2, (0, 0, 0), (1, 2)): [29847, 912, 311, 105, 41, 7, 3, 1]
(2, (0, 0, 0), (2, 0)): [18521, 1105, 449, 142, 48, 11, 7, 2, 0, 0, 0, 0, 1]
(2, (0, 0, 0), (2, 1)): [26103, 1351, 498, 133, 46, 7, 8, 1]
(2, (0, 0, 0), (2, 2)): [25056, 959, 360, 105, 40, 8, 1]
(2, (0, 0, 0), (3, 0)): [6011, 393, 223, 65, 26, 6, 4, 1, 0, 0, 0, 0, 1]
(2, (0, 0, 0), (3, 1)): [11304, 693, 326, 98, 31, 7, 5, 1]
(2, (0, 0, 0), (3, 2)): [14800, 736, 345, 88, 32, 8, 1, 1]
(2, (0, 0, 1), (0, 0)): [98804, 30115, 6043, 2021, 722, 246, 69, 23, 5, 2, 0, 1]
(2, (0, 0, 1), (0, 1)): [4537, 1168, 248, 70, 28, 9, 3, 1, 1]
(2, (0, 0, 1), (0, 2)): [1778, 350, 76, 18, 6, 2]
(2, (0, 0, 1), (1, 0)): [5445, 1567, 362, 130, 41, 17, 3, 2]
(2, (0, 0, 1), (1, 1)): [4343, 1116, 232, 71, 27, 15, 3, 2, 1]
(2, (0, 0, 1), (1, 2)): [2952, 577, 122, 31, 14, 7, 2, 1]
(2, (0, 0, 1), (2, 0)): [2353, 674, 173, 85, 24, 6, 1, 1]
(2, (0, 0, 1), (2, 1)): [2538, 701, 171, 67, 24, 9, 1, 2]
(2, (0, 0, 1), (2, 2)): [2539, 524, 139, 40, 13, 11, 2, 1]
(2, (0, 0, 1), (3, 0)): [1155, 273, 88, 53, 7, 3]
(2, (0, 0, 1), (3, 1)): [1235, 360, 85, 43, 17, 4, 1, 1]
(2, (0, 0, 1), (3, 2)): [1618, 366, 103, 46, 11, 9, 1]
(2, (0, 1, 0), (0, 0)): [262530, 55592, 14959, 5265, 1722, 581, 171, 51, 14, 8, 6, 0, 1]
(2, (0, 1, 0), (0, 1)): [11547, 2054, 526, 163, 48, 12, 8, 2, 1, 0, 1]
(2, (0, 1, 0), (0, 2)): [4492, 598, 150, 38, 10, 2, 2]
(2, (0, 1, 0), (1, 0)): [14524, 2800, 954, 388, 113, 37, 11, 5, 0, 0, 0, 0, 1]
(2, (0, 1, 0), (1, 1)): [11032, 1997, 595, 191, 66, 15, 12, 3, 1, 0, 1]
(2, (0, 1, 0), (1, 2)): [7175, 1027, 245, 95, 21, 5, 3, 2]
(2, (0, 1, 0), (2, 0)): [6708, 1213, 466, 246, 66, 24, 4, 3, 0, 0, 0, 0, 1]
(2, (0, 1, 0), (2, 1)): [6523, 1259, 413, 144, 43, 15, 8, 1, 1, 0, 1, 0, 1]
(2, (0, 1, 0), (2, 2)): [6318, 970, 284, 112, 30, 8, 3, 3]
(2, (0, 1, 0), (3, 0)): [3605, 551, 258, 178, 50, 15, 3, 3]
(2, (0, 1, 0), (3, 1)): [3135, 582, 240, 105, 37, 9, 6, 0, 1, 0, 1, 0, 1]
(2, (0, 1, 0), (3, 2)): [4001, 610, 250, 117, 30, 9, 4, 1, 0, 0, 0, 0, 1]
(2, (0, 1, 1), (0, 0)): [59693, 5144, 13022, 3508, 1387, 447, 155, 49, 18, 4, 3, 1, 0, 1]
(2, (0, 1, 1), (0, 1)): [2656, 179, 428, 90, 34, 15, 4, 3]
(2, (0, 1, 1), (0, 2)): [1141, 70, 131, 27, 16, 4, 1]
(2, (0, 1, 1), (1, 0)): [3292, 338, 659, 213, 99, 33, 12, 1, 0, 0, 1]
(2, (0, 1, 1), (1, 1)): [2319, 171, 418, 108, 27, 18, 3, 3]
(2, (0, 1, 1), (1, 2)): [1684, 97, 225, 54, 24, 5, 2, 2]
(2, (0, 1, 1), (2, 0)): [1700, 192, 298, 125, 72, 22, 8, 0, 0, 0, 1]
(2, (0, 1, 1), (2, 1)): [1369, 114, 266, 65, 21, 14, 2]
(2, (0, 1, 1), (2, 2)): [1463, 105, 208, 50, 18, 14, 1, 2]
(2, (0, 1, 1), (3, 0)): [1077, 140, 171, 81, 58, 16, 7, 0, 0, 0, 1]
(2, (0, 1, 1), (3, 1)): [664, 55, 136, 44, 14, 3, 3]
(2, (0, 1, 1), (3, 2)): [941, 84, 162, 42, 20, 11, 2, 2]
(2, (1, 0, 0), (0, 0)): [562924, 40797, 26482, 8378, 2700, 856, 333, 94, 19, 11, 6, 0, 1]
(2, (1, 0, 0), (0, 1)): [24347, 1404, 973, 292, 104, 27, 15, 4, 1]
(2, (1, 0, 0), (0, 2)): [8784, 388, 243, 73, 30, 5, 4]
(2, (1, 0, 0), (1, 0)): [25228, 2123, 1401, 506, 143, 37, 18, 6, 0, 0, 0, 0, 1]
(2, (1, 0, 0), (1, 1)): [20371, 1290, 890, 305, 90, 23, 10, 4, 1]
(2, (1, 0, 0), (1, 2)): [12640, 617, 391, 134, 40, 9, 2, 1]
(2, (1, 0, 0), (2, 0)): [8575, 854, 525, 240, 59, 20, 11, 3, 0, 0, 0, 0, 1]
(2, (1, 0, 0), (2, 1)): [10675, 805, 528, 209, 68, 18, 7, 4, 0, 0, 0, 0, 1]
(2, (1, 0, 0), (2, 2)): [9695, 590, 379, 139, 43, 12, 3, 3]
(2, (1, 0, 0), (3, 0)): [2594, 324, 189, 125, 23, 9, 6, 1]
(2, (1, 0, 0), (3, 1)): [4406, 428, 265, 148, 28, 13, 4, 1, 0, 0, 0, 0, 1]
(2, (1, 0, 0), (3, 2)): [5122, 441, 256, 126, 34, 15, 4, 4, 0, 0, 0, 0, 1]
(2, (1, 0, 1), (0, 0)): [96443, 23262, 9156, 5479, 1779, 591, 196, 66, 23, 8, 0, 3, 1]
(2, (1, 0, 1), (0, 1)): [4651, 910, 344, 220, 59, 18, 3, 2, 0, 1, 0, 1]
(2, (1, 0, 1), (0, 2)): [1869, 286, 99, 60, 21, 5]
(2, (1, 0, 1), (1, 0)): [4478, 1024, 485, 283, 99, 29, 8, 2]
(2, (1, 0, 1), (1, 1)): [3750, 759, 321, 195, 69, 18, 5, 2, 0, 1, 0, 1]
(2, (1, 0, 1), (1, 2)): [2509, 405, 164, 98, 35, 10, 1, 1, 0, 0, 0, 1]
(2, (1, 0, 1), (2, 0)): [1596, 359, 206, 116, 36, 13, 4, 2]
(2, (1, 0, 1), (2, 1)): [2045, 413, 206, 102, 42, 14, 0, 1, 0, 1]
(2, (1, 0, 1), (2, 2)): [1892, 320, 156, 72, 29, 11, 1, 1, 0, 0, 0, 1]
(2, (1, 0, 1), (3, 0)): [541, 111, 86, 44, 22, 3, 4]
(2, (1, 0, 1), (3, 1)): [880, 162, 100, 54, 29, 5, 2, 0, 0, 1]
(2, (1, 0, 1), (3, 2)): [1022, 180, 115, 47, 27, 8, 2, 1]
(2, (1, 1, 0), (0, 0)): [219797, 33725, 16839, 11431, 3670, 1181, 397, 132, 44, 19, 8, 1, 2, 1]
(2, (1, 1, 0), (0, 1)): [10157, 1375, 595, 422, 116, 28, 13, 9, 1, 0, 0, 0, 1]
(2, (1, 1, 0), (0, 2)): [4114, 405, 177, 114, 34, 7, 3, 5, 1]
(2, (1, 1, 0), (1, 0)): [9905, 1525, 823, 610, 197, 55, 23, 4, 2, 1, 1]
(2, (1, 1, 0), (1, 1)): [8493, 1161, 554, 419, 103, 27, 14, 5, 1, 1, 0, 0, 1]
(2, (1, 1, 0), (1, 2)): [5900, 613, 302, 194, 53, 14, 5, 7, 1]
(2, (1, 1, 0), (2, 0)): [3327, 550, 337, 242, 105, 33, 11, 1]
(2, (1, 1, 0), (2, 1)): [4451, 644, 361, 260, 80, 20, 13, 2, 1, 1, 0, 0, 1]
(2, (1, 1, 0), (2, 2)): [4541, 518, 267, 212, 57, 14, 11, 4, 2]
(2, (1, 1, 0), (3, 0)): [1068, 191, 134, 77, 52, 17, 4]
(2, (1, 1, 0), (3, 1)): [1864, 287, 206, 124, 59, 18, 6, 2, 0, 0, 0, 0, 1]
(2, (1, 1, 0), (3, 2)): [2482, 294, 220, 140, 69, 11, 8, 3, 1]
(2, (1, 1, 1), (0, 0)): [63280, 9201, 10636, 5214, 3795, 1202, 402, 138, 46, 9, 7, 1, 1, 1]
(2, (1, 1, 1), (0, 1)): [3266, 337, 447, 199, 157, 34, 10, 4, 1, 0, 0, 0, 1]
(2, (1, 1, 1), (0, 2)): [1456, 106, 124, 61, 36, 7, 3, 2, 1]
(2, (1, 1, 1), (1, 0)): [2555, 600, 475, 275, 180, 62, 22, 4, 2, 0, 1]
(2, (1, 1, 1), (1, 1)): [2495, 343, 393, 205, 149, 36, 7, 3, 0, 0, 1, 0, 1]
(2, (1, 1, 1), (1, 2)): [1938, 166, 198, 92, 67, 16, 2, 3, 0, 0, 1]
(2, (1, 1, 1), (2, 0)): [691, 368, 150, 106, 76, 30, 12, 1, 1]
(2, (1, 1, 1), (2, 1)): [1106, 303, 211, 125, 88, 27, 10, 0, 0, 0, 0, 0, 1]
(2, (1, 1, 1), (2, 2)): [1295, 186, 166, 101, 71, 17, 5, 2, 0, 0, 1]
(2, (1, 1, 1), (3, 0)): [123, 237, 43, 52, 28, 15, 3, 0, 1]
(2, (1, 1, 1), (3, 1)): [317, 279, 77, 79, 51, 19, 8]
(2, (1, 1, 1), (3, 2)): [541, 224, 96, 94, 56, 15, 8, 1, 0, 0, 1]
