(0, (0, 0, 0), (0, 0)): [27271, 5833, 2784, 1305, 614, 273, 121, 43, 18, 5, 0, 5]
(0, (0, 0, 0), (0, 1)): [11470, 2277, 1026, 502, 233, 104, 53, 11, 5, 1, 0, 2]
(0, (0, 0, 0), (0, 2)): [4362, 803, 335, 152, 59, 33, 17, 2, 1, 0, 0, 1]
(0, (0, 0, 0), (1, 0)): [10383, 2391, 1129, 533, 272, 118, 49, 20, 7, 2, 0, 3]
(0, (0, 0, 0), (1, 1)): [9969, 2048, 963, 479, 218, 96, 43, 15, 8, 1, 0, 3]
(0, (0, 0, 0), (1, 2)): [6884, 1252, 582, 273, 103, 49, 29, 8, 2, 1, 0, 2]
(0, (0, 0, 0), (2, 0)): [3367, 850, 450, 217, 117, 53, 16, 9, 0, 1, 0, 1]
(0, (0, 0, 0), (2, 1)): [5261, 1171, 611, 283, 136, 73, 21, 9, 3, 0, 0, 3]
(0, (0, 0, 0), (2, 2)): [5592, 1148, 511, 235, 107, 46, 29, 8, 2]
(0, (0, 0, 0), (3, 0)): [914, 257, 178, 87, 55, 22, 9, 4]
(0, (0, 0, 0), (3, 1)): [1969, 487, 316, 154, 81, 44, 9, 4, 1, 0, 0, 2]
(0, (0, 0, 0), (3, 2)): [2964, 656, 374, 172, 83, 37, 18, 7, 2, 0, 0, 2]
(0, (0, 0, 1), (0, 0)): [102, 244, 81, 40, 27, 13, 4, 1]
(0, (0, 0, 1), (0, 1)): [38, 84, 30, 13, 9, 4, 3, 1]
(0, (0, 0, 1), (0, 2)): [16, 36, 8, 4, 1, 2, 1]
(0, (0, 0, 1), (1, 0)): [48, 121, 33, 19, 15, 7]
(0, (0, 0, 1), (1, 1)): [49, 95, 30, 12, 14, 3, 2, 1]
(0, (0, 0, 1), (1, 2)): [34, 57, 13, 8, 7, 3, 2]
(0, (0, 0, 1), (2, 0)): [12, 40, 17, 9, 5, 4]
(0, (0, 0, 1), (2, 1)): [19, 57, 20, 8, 9, 1, 1, 1]
(0, (0, 0, 1), (2, 2)): [34, 52, 13, 11, 10, 2, 1]
(0, (0, 0, 1), (3, 0)): [7, 11, 8, 5, 0, 2]
(0, (0, 0, 1), (3, 1)): [6, 34, 12, 5, 3, 1, 1, 1]
(0, (0, 0, 1), (3, 2)): [22, 35, 10, 9, 7, 1]
(0, (0, 1, 0), (0, 0)): [1108, 1083, 443, 227, 109, 49, 18, 7, 5, 2, 0, 1]
(0, (0, 1, 0), (0, 1)): [461, 398, 159, 77, 41, 17, 7, 1, 2]
(0, (0, 1, 0), (0, 2)): [199, 129, 60, 29, 9, 8, 4]
(0, (0, 1, 0), (1, 0)): [428, 443, 197, 96, 50, 22, 6, 4, 2, 1]
(0, (0, 1, 0), (1, 1)): [364, 375, 151, 72, 37, 21, 3, 0, 2]
(0, (0, 1, 0), (1, 2)): [275, 203, 105, 45, 18, 15, 4]
(0, (0, 1, 0), (2, 0)): [176, 137, 75, 36, 21, 8, 4, 2, 1, 1]
(0, (0, 1, 0), (2, 1)): [222, 205, 89, 46, 22, 12, 1]
(0, (0, 1, 0), (2, 2)): [249, 173, 91, 45, 20, 14, 2]
(0, (0, 1, 0), (3, 0)): [67, 40, 28, 14, 9, 4, 2, 1, 1, 1]
(0, (0, 1, 0), (3, 1)): [94, 90, 51, 23, 10, 6, 2]
(0, (0, 1, 0), (3, 2)): [148, 99, 64, 28, 10, 12, 1]
(0, (0, 1, 1), (0, 0)): [65, 156, 200, 87, 38, 20, 11, 5, 5]
(0, (0, 1, 1), (0, 1)): [23, 54, 74, 26, 10, 3, 4, 1, 3]
(0, (0, 1, 1), (0, 2)): [11, 21, 17, 13, 2, 2, 2, 1]
(0, (0, 1, 1), (1, 0)): [35, 71, 81, 48, 21, 10, 7, 2, 1]
(0, (0, 1, 1), (1, 1)): [25, 47, 77, 25, 14, 3, 3, 1, 3]
(0, (0, 1, 1), (1, 2)): [18, 36, 39, 18, 6, 3, 3, 1, 2]
(0, (0, 1, 1), (2, 0)): [12, 37, 26, 21, 9, 5, 3]
(0, (0, 1, 1), (2, 1)): [13, 32, 44, 19, 9, 3, 2, 0, 1]
(0, (0, 1, 1), (2, 2)): [19, 36, 35, 14, 8, 5, 3]
(0, (0, 1, 1), (3, 0)): [8, 11, 8, 12, 2, 1, 2]
(0, (0, 1, 1), (3, 1)): [7, 8, 17, 12, 5, 1, 0, 0, 1]
(0, (0, 1, 1), (3, 2)): [11, 18, 20, 11, 5, 2, 2]
(0, (1, 0, 0), (0, 0)): [5665, 1827, 1326, 649, 339, 160, 73, 24, 10, 2, 0, 3]
(0, (1, 0, 0), (0, 1)): [2248, 691, 483, 221, 115, 48, 21, 9, 2, 0, 0, 1]
(0, (1, 0, 0), (0, 2)): [847, 226, 150, 82, 36, 12, 8, 5, 1]
(0, (1, 0, 0), (1, 0)): [2076, 701, 566, 273, 151, 73, 34, 8, 5, 2, 0, 2]
(0, (1, 0, 0), (1, 1)): [1804, 588, 442, 189, 103, 55, 13, 2, 1, 0, 0, 1]
(0, (1, 0, 0), (1, 2)): [1139, 281, 241, 121, 60, 19, 9, 4, 1]
(0, (1, 0, 0), (2, 0)): [692, 228, 207, 110, 58, 27, 19, 4, 3, 2, 0, 1]
(0, (1, 0, 0), (2, 1)): [922, 319, 249, 102, 51, 31, 9, 3, 2, 0, 0, 1]
(0, (1, 0, 0), (2, 2)): [890, 224, 198, 93, 54, 16, 6, 3, 1]
(0, (1, 0, 0), (3, 0)): [188, 73, 68, 45, 25, 11, 10, 1, 0, 1, 0, 1]
(0, (1, 0, 0), (3, 1)): [318, 123, 114, 52, 29, 21, 11, 1]
(0, (1, 0, 0), (3, 2)): [404, 128, 113, 67, 37, 21, 8, 1]
(0, (1, 0, 1), (0, 0)): [128, 410, 169, 148, 75, 44, 19, 6, 3, 0, 1]
(0, (1, 0, 1), (0, 1)): [50, 154, 63, 54, 27, 17, 5, 1, 0, 0, 1]
(0, (1, 0, 1), (0, 2)): [19, 59, 16, 11, 11, 6, 2]
(0, (1, 0, 1), (1, 0)): [55, 163, 70, 55, 35, 18, 6, 1, 2]
(0, (1, 0, 1), (1, 1)): [38, 128, 64, 47, 22, 13, 6]
(0, (1, 0, 1), (1, 2)): [29, 79, 38, 24, 17, 6, 2]
(0, (1, 0, 1), (2, 0)): [22, 55, 29, 22, 12, 6, 2, 1]
(0, (1, 0, 1), (2, 1)): [15, 71, 31, 30, 14, 9, 3]
(0, (1, 0, 1), (2, 2)): [20, 47, 22, 26, 11, 9, 1]
(0, (1, 0, 1), (3, 0)): [11, 14, 5, 4, 4, 2, 0, 1]
(0, (1, 0, 1), (3, 1)): [7, 29, 17, 9, 7, 3]
(0, (1, 0, 1), (3, 2)): [10, 31, 15, 15, 10, 6, 1]
(0, (1, 1, 0), (0, 0)): [887, 523, 437, 321, 181, 80, 34, 12, 4, 4, 0, 3]
(0, (1, 1, 0), (0, 1)): [351, 204, 144, 118, 70, 20, 14, 0, 0, 1, 0, 3]
(0, (1, 1, 0), (0, 2)): [139, 82, 47, 43, 20, 7, 2]
(0, (1, 1, 0), (1, 0)): [328, 193, 187, 126, 76, 47, 16, 8, 3, 2]
(0, (1, 1, 0), (1, 1)): [296, 151, 132, 104, 67, 27, 16, 3, 0, 2, 0, 2]
(0, (1, 1, 0), (1, 2)): [205, 104, 68, 65, 35, 12, 7, 1, 0, 0, 0, 1]
(0, (1, 1, 0), (2, 0)): [97, 64, 60, 42, 28, 17, 5, 5, 2, 1]
(0, (1, 1, 0), (2, 1)): [139, 81, 85, 55, 43, 19, 5, 4, 1, 1, 0, 1]
(0, (1, 1, 0), (2, 2)): [139, 77, 54, 57, 37, 18, 7, 2, 1, 1]
(0, (1, 1, 0), (3, 0)): [21, 20, 18, 15, 7, 8, 4, 2, 1, 1]
(0, (1, 1, 0), (3, 1)): [48, 36, 38, 19, 21, 7, 3, 1, 1, 1]
(0, (1, 1, 0), (3, 2)): [83, 50, 35, 30, 31, 14, 6, 0, 0, 1]
(0, (1, 1, 1), (0, 0)): [97, 165, 143, 98, 73, 33, 20, 8, 3, 3, 1, 1]
(0, (1, 1, 1), (0, 1)): [51, 72, 69, 46, 33, 10, 4, 3, 1, 2, 1]
(0, (1, 1, 1), (0, 2)): [26, 19, 25, 18, 15, 6, 1, 0, 0, 0, 1]
(0, (1, 1, 1), (1, 0)): [32, 55, 43, 35, 24, 12, 9, 0, 1, 1, 0, 1]
(0, (1, 1, 1), (1, 1)): [33, 55, 49, 27, 25, 6, 5, 2, 2, 3]
(0, (1, 1, 1), (1, 2)): [36, 32, 32, 24, 20, 3, 2, 1, 0, 0, 1]
(0, (1, 1, 1), (2, 0)): [6, 19, 18, 10, 9, 9, 2, 0, 0, 0, 0, 1]
(0, (1, 1, 1), (2, 1)): [13, 25, 26, 12, 9, 8, 1, 0, 1, 2]
(0, (1, 1, 1), (2, 2)): [22, 26, 32, 12, 17, 4, 1]
(0, (1, 1, 1), (3, 0)): [0, 3, 6, 4, 3, 4, 1, 0, 0, 0, 0, 1]
(0, (1, 1, 1), (3, 1)): [1, 8, 10, 2, 5, 6, 2, 0, 1, 2, 0, 1]
(0, (1, 1, 1), (3, 2)): [8, 17, 17, 4, 9, 1, 2, 0, 1, 1]
(1, (0, 0, 0), (0, 0)): [22453, 2643, 1083, 460, 166, 71, 31, 9, 2, 1, 0, 1]
(1, (0, 0, 0), (0, 1)): [9365, 1011, 408, 164, 54, 27, 12, 2, 0, 1]
(1, (0, 0, 0), (0, 2)): [3596, 331, 112, 48, 19, 6, 2, 1]
(1, (0, 0, 0), (1, 0)): [8929, 1150, 484, 199, 76, 27, 17, 3, 2, 0, 0, 1]
(1, (0, 0, 0), (1, 1)): [8428, 970, 396, 166, 56, 23, 12, 1, 0, 1]
(1, (0, 0, 0), (1, 2)): [5601, 564, 205, 97, 28, 10, 3, 2]
(1, (0, 0, 0), (2, 0)): [2937, 426, 183, 86, 33, 12, 9, 2, 2, 0, 0, 1]
(1, (0, 0, 0), (2, 1)): [4589, 601, 254, 97, 39, 16, 12, 1, 1, 1]
(1, (0, 0, 0), (2, 2)): [4643, 550, 210, 88, 26, 12, 3, 0, 1, 1]
(1, (0, 0, 0), (3, 0)): [876, 141, 62, 37, 17, 6, 4, 1, 1, 0, 0, 1]
(1, (0, 0, 0), (3, 1)): [1893, 275, 144, 65, 22, 11, 11, 1]
(1, (0, 0, 0), (3, 2)): [2606, 358, 158, 74, 16, 7, 6, 0, 1, 1]
(1, (0, 0, 1), (0, 0)): [617, 907, 179, 72, 32, 17, 3, 4, 0, 0, 1, 1]
(1, (0, 0, 1), (0, 1)): [225, 311, 61, 22, 11, 6, 1, 0, 0, 0, 1, 1]
(1, (0, 0, 1), (0, 2)): [106, 109, 18, 10, 3, 0, 0, 0, 0, 0, 0, 1]
(1, (0, 0, 1), (1, 0)): [293, 420, 86, 37, 13, 8, 2, 3]
(1, (0, 0, 1), (1, 1)): [249, 331, 65, 19, 13, 6, 1]
(1, (0, 0, 1), (1, 2)): [179, 191, 32, 13, 6, 0, 1, 0, 0, 0, 0, 1]
(1, (0, 0, 1), (2, 0)): [107, 163, 39, 23, 6, 4, 1, 3]
(1, (0, 0, 1), (2, 1)): [160, 199, 41, 20, 6, 4]
(1, (0, 0, 1), (2, 2)): [171, 169, 40, 14, 7, 1, 1, 0, 0, 0, 0, 1]
(1, (0, 0, 1), (3, 0)): [45, 66, 19, 11, 3, 2, 1, 2]
(1, (0, 0, 1), (3, 1)): [64, 90, 17, 13, 2, 4, 0, 1]
(1, (0, 0, 1), (3, 2)): [96, 109, 29, 16, 4, 1, 1]
(1, (0, 1, 0), (0, 0)): [3192, 1278, 525, 229, 104, 49, 20, 6, 2, 2]
(1, (0, 1, 0), (0, 1)): [1231, 470, 189, 76, 32, 20, 6, 1, 1, 1]
(1, (0, 1, 0), (0, 2)): [447, 166, 59, 20, 8, 10, 3, 0, 1]
(1, (0, 1, 0), (1, 0)): [1418, 585, 241, 118, 51, 22, 10, 5, 1, 1]
(1, (0, 1, 0), (1, 1)): [1211, 454, 186, 79, 32, 14, 5, 2, 0, 2]
(1, (0, 1, 0), (1, 2)): [762, 296, 92, 43, 16, 13, 3, 1, 1, 1]
(1, (0, 1, 0), (2, 0)): [605, 230, 106, 62, 34, 16, 6, 4, 1]
(1, (0, 1, 0), (2, 1)): [710, 240, 114, 57, 30, 5, 3, 4, 1, 1]
(1, (0, 1, 0), (2, 2)): [699, 235, 83, 38, 19, 9, 3, 1, 1, 1]
(1, (0, 1, 0), (3, 0)): [299, 88, 50, 28, 17, 13, 5, 1]
(1, (0, 1, 0), (3, 1)): [324, 107, 57, 37, 17, 3, 5, 3, 1, 1]
(1, (0, 1, 0), (3, 2)): [440, 132, 62, 37, 17, 5, 3, 2, 1, 1]
(1, (0, 1, 1), (0, 0)): [436, 430, 331, 139, 66, 23, 8, 5, 2]
(1, (0, 1, 1), (0, 1)): [155, 145, 109, 60, 20, 8, 4, 2, 1]
(1, (0, 1, 1), (0, 2)): [79, 46, 39, 24, 10, 1, 3, 1]
(1, (0, 1, 1), (1, 0)): [218, 207, 154, 61, 40, 9, 2, 1, 1]
(1, (0, 1, 1), (1, 1)): [137, 144, 113, 47, 22, 5, 0, 1, 1]
(1, (0, 1, 1), (1, 2)): [118, 68, 57, 33, 18, 4, 2, 2]
(1, (0, 1, 1), (2, 0)): [119, 88, 70, 39, 26, 8, 2, 1, 1]
(1, (0, 1, 1), (2, 1)): [65, 84, 62, 34, 11, 3]
(1, (0, 1, 1), (2, 2)): [86, 63, 54, 29, 12, 4, 1, 1]
(1, (0, 1, 1), (3, 0)): [92, 58, 44, 23, 24, 7, 2, 1, 1]
(1, (0, 1, 1), (3, 1)): [28, 41, 27, 14, 6, 4, 1, 1]
(1, (0, 1, 1), (3, 2)): [45, 53, 33, 19, 5, 2, 1, 1]
(1, (1, 0, 0), (0, 0)): [8196, 1454, 1014, 438, 180, 73, 28, 9, 2, 2, 0, 1]
(1, (1, 0, 0), (0, 1)): [3346, 579, 349, 161, 61, 27, 13, 3, 1, 1]
(1, (1, 0, 0), (0, 2)): [1233, 175, 112, 49, 18, 9, 6]
(1, (1, 0, 0), (1, 0)): [3137, 616, 439, 197, 87, 31, 10, 2, 1, 1]
(1, (1, 0, 0), (1, 1)): [2754, 510, 314, 133, 51, 25, 7, 2, 1, 2]
(1, (1, 0, 0), (1, 2)): [1759, 286, 180, 74, 30, 16, 6, 0, 1, 1]
(1, (1, 0, 0), (2, 0)): [1021, 219, 179, 87, 40, 11, 5, 1, 1]
(1, (1, 0, 0), (2, 1)): [1372, 271, 171, 87, 39, 14, 6, 1, 0, 1]
(1, (1, 0, 0), (2, 2)): [1345, 219, 148, 68, 32, 14, 4, 1, 0, 1]
(1, (1, 0, 0), (3, 0)): [288, 71, 56, 36, 16, 7, 1]
(1, (1, 0, 0), (3, 1)): [558, 122, 83, 51, 27, 9, 5, 0, 0, 1]
(1, (1, 0, 0), (3, 2)): [709, 130, 87, 47, 27, 6, 1]
(1, (1, 0, 1), (0, 0)): [723, 709, 242, 188, 83, 39, 9, 3, 0, 0, 0, 1]
(1, (1, 0, 1), (0, 1)): [320, 235, 90, 66, 27, 13, 4, 2]
(1, (1, 0, 1), (0, 2)): [140, 68, 27, 14, 9, 5, 3, 1]
(1, (1, 0, 1), (1, 0)): [289, 295, 101, 82, 39, 18, 3, 1, 0, 0, 0, 1]
(1, (1, 0, 1), (1, 1)): [265, 219, 79, 62, 25, 13, 2, 1, 0, 0, 0, 1]
(1, (1, 0, 1), (1, 2)): [179, 119, 43, 29, 18, 10, 2, 2]
(1, (1, 0, 1), (2, 0)): [100, 92, 39, 37, 17, 6, 1]
(1, (1, 0, 1), (2, 1)): [140, 99, 39, 31, 10, 5, 2, 0, 0, 0, 0, 1]
(1, (1, 0, 1), (2, 2)): [145, 89, 38, 27, 7, 7, 2, 1]
(1, (1, 0, 1), (3, 0)): [38, 28, 15, 13, 9, 2, 1]
(1, (1, 0, 1), (3, 1)): [43, 39, 15, 10, 10, 2, 2, 0, 0, 0, 0, 1]
(1, (1, 0, 1), (3, 2)): [58, 49, 25, 12, 5, 5, 2, 0, 0, 0, 0, 1]
(1, (1, 1, 0), (0, 0)): [2485, 683, 487, 361, 163, 74, 26, 9, 4, 1, 0, 1]
(1, (1, 1, 0), (0, 1)): [1097, 278, 163, 142, 63, 26, 5, 3, 1, 0, 0, 1]
(1, (1, 1, 0), (0, 2)): [455, 95, 46, 42, 20, 9, 1]
(1, (1, 1, 0), (1, 0)): [898, 298, 230, 153, 68, 33, 16, 3, 3]
(1, (1, 1, 0), (1, 1)): [840, 230, 164, 118, 53, 21, 10, 3, 0, 0, 0, 1]
(1, (1, 1, 0), (1, 2)): [576, 136, 76, 69, 36, 10, 1, 1, 0, 0, 0, 1]
(1, (1, 1, 0), (2, 0)): [284, 104, 87, 60, 26, 16, 8, 2, 2]
(1, (1, 1, 0), (2, 1)): [452, 122, 95, 76, 31, 14, 7, 0, 1]
(1, (1, 1, 0), (2, 2)): [466, 92, 62, 56, 31, 10, 4, 1, 1, 0, 0, 1]
(1, (1, 1, 0), (3, 0)): [67, 40, 35, 11, 8, 7, 3, 2]
(1, (1, 1, 0), (3, 1)): [144, 63, 51, 34, 13, 11, 1]
(1, (1, 1, 0), (3, 2)): [217, 57, 49, 32, 19, 3, 4, 0, 0, 0, 0, 1]
(1, (1, 1, 1), (0, 0)): [529, 339, 254, 146, 125, 59, 24, 8, 3, 1, 2, 2]
(1, (1, 1, 1), (0, 1)): [230, 142, 97, 47, 38, 13, 3, 3, 1, 0, 1, 1]
(1, (1, 1, 1), (0, 2)): [105, 41, 39, 16, 12, 3, 2, 2, 1, 0, 1]
(1, (1, 1, 1), (1, 0)): [183, 132, 98, 70, 50, 30, 12, 2, 2, 0, 0, 1]
(1, (1, 1, 1), (1, 1)): [182, 130, 76, 57, 36, 19, 4, 1, 0, 0, 0, 2]
(1, (1, 1, 1), (1, 2)): [147, 64, 57, 25, 20, 5, 1, 1, 1, 0, 0, 2]
(1, (1, 1, 1), (2, 0)): [49, 45, 41, 19, 19, 9, 4, 1]
(1, (1, 1, 1), (2, 1)): [73, 59, 39, 29, 22, 15, 4]
(1, (1, 1, 1), (2, 2)): [93, 51, 46, 22, 11, 7, 2, 0, 0, 0, 0, 2]
(1, (1, 1, 1), (3, 0)): [13, 15, 13, 7, 6, 2, 2]
(1, (1, 1, 1), (3, 1)): [30, 18, 15, 14, 11, 9]
(1, (1, 1, 1), (3, 2)): [40, 29, 19, 13, 12, 7, 0, 0, 0, 0, 0, 1]
(2, (0, 0, 0), (0, 0)): [19827, 1034, 319, 113, 29, 18, 5, 1]
(2, (0, 0, 0), (0, 1)): [8294, 331, 99, 39, 12, 6, 3, 1]
(2, (0, 0, 0), (0, 2)): [3089, 92, 32, 13, 5, 1, 0, 1]
(2, (0, 0, 0), (1, 0)): [7940, 506, 167, 52, 12, 9, 2]
(2, (0, 0, 0), (1, 1)): [7569, 354, 124, 34, 8, 8, 2]
(2, (0, 0, 0), (1, 2)): [4889, 175, 53, 23, 6, 3, 2, 1]
(2, (0, 0, 0), (2, 0)): [2788, 219, 75, 21, 8, 3, 1]
(2, (0, 0, 0), (2, 1)): [4271, 245, 103, 21, 7, 6, 1]
(2, (0, 0, 0), (2, 2)): [4277, 197, 74, 29, 5, 5, 2]
(2, (0, 0, 0), (3, 0)): [856, 85, 33, 11, 2, 1]
(2, (0, 0, 0), (3, 1)): [1726, 133, 58, 13, 3]
(2, (0, 0, 0), (3, 2)): [2426, 158, 71, 24, 7, 2, 1]
(2, (0, 0, 1), (0, 0)): [2047, 565, 128, 49, 15, 6, 2]
(2, (0, 0, 1), (0, 1)): [811, 179, 38, 11, 3, 2, 1]
(2, (0, 0, 1), (0, 2)): [285, 55, 11, 4, 0, 1, 1]
(2, (0, 0, 1), (1, 0)): [947, 270, 72, 33, 12, 3, 1]
(2, (0, 0, 1), (1, 1)): [814, 185, 47, 16, 5, 1]
(2, (0, 0, 1), (1, 2)): [511, 87, 20, 8, 1, 1]
(2, (0, 0, 1), (2, 0)): [411, 114, 33, 19, 6, 1, 1]
(2, (0, 0, 1), (2, 1)): [505, 129, 37, 15, 1, 1]
(2, (0, 0, 1), (2, 2)): [482, 81, 27, 12, 1, 2]
(2, (0, 0, 1), (3, 0)): [192, 43, 21, 11, 6, 1, 1]
(2, (0, 0, 1), (3, 1)): [260, 68, 19, 9, 3]
(2, (0, 0, 1), (3, 2)): [311, 71, 23, 9, 2, 1]
(2, (0, 1, 0), (0, 0)): [5004, 988, 299, 113, 35, 18, 7, 2, 0, 1]
(2, (0, 1, 0), (0, 1)): [1874, 373, 94, 35, 11, 4, 3, 1]
(2, (0, 1, 0), (0, 2)): [786, 115, 28, 8, 4, 1]
(2, (0, 1, 0), (1, 0)): [2336, 444, 148, 67, 18, 14, 3, 1, 0, 1]
(2, (0, 1, 0), (1, 1)): [1797, 375, 103, 39, 10, 4, 4, 1]
(2, (0, 1, 0), (1, 2)): [1215, 202, 50, 19, 10, 1, 2]
(2, (0, 1, 0), (2, 0)): [1075, 181, 74, 44, 9, 10, 2, 0, 0, 1]
(2, (0, 1, 0), (2, 1)): [1088, 226, 71, 35, 6, 7, 1, 1]
(2, (0, 1, 0), (2, 2)): [1120, 188, 44, 22, 8, 2, 2, 1]
(2, (0, 1, 0), (3, 0)): [556, 75, 35, 27, 5, 6, 2, 0, 0, 1]
(2, (0, 1, 0), (3, 1)): [508, 93, 40, 20, 5, 6]
(2, (0, 1, 0), (3, 2)): [719, 130, 43, 22, 8, 3, 1, 1]
(2, (0, 1, 1), (0, 0)): [1236, 95, 234, 86, 28, 11, 6, 1, 1, 0, 1]
(2, (0, 1, 1), (0, 1)): [488, 33, 73, 28, 8, 2, 2]
(2, (0, 1, 1), (0, 2)): [183, 9, 22, 9, 3, 0, 2]
(2, (0, 1, 1), (1, 0)): [587, 46, 111, 44, 19, 7, 3, 1, 1, 0, 1]
(2, (0, 1, 1), (1, 1)): [472, 34, 71, 27, 8, 4, 1]
(2, (0, 1, 1), (1, 2)): [360, 17, 41, 15, 4, 2, 1]
(2, (0, 1, 1), (2, 0)): [269, 25, 60, 25, 14, 3, 2, 1, 1, 0, 1]
(2, (0, 1, 1), (2, 1)): [280, 22, 41, 16, 6, 3, 1, 1, 1, 0, 1]
(2, (0, 1, 1), (2, 2)): [316, 15, 32, 16, 4, 2, 2, 0, 1]
(2, (0, 1, 1), (3, 0)): [149, 19, 33, 13, 10, 1, 1]
(2, (0, 1, 1), (3, 1)): [131, 13, 22, 9, 7, 2, 0, 1, 0, 0, 1]
(2, (0, 1, 1), (3, 2)): [188, 13, 21, 15, 5, 3, 2, 1, 1]
(2, (1, 0, 0), (0, 0)): [9906, 709, 496, 181, 54, 29, 14, 2]
(2, (1, 0, 0), (0, 1)): [3922, 227, 154, 56, 11, 7, 5]
(2, (1, 0, 0), (0, 2)): [1420, 57, 42, 19, 2, 2, 1]
(2, (1, 0, 0), (1, 0)): [4062, 342, 223, 89, 28, 17, 7, 2]
(2, (1, 0, 0), (1, 1)): [3509, 231, 141, 48, 17, 8, 5, 1]
(2, (1, 0, 0), (1, 2)): [2251, 92, 63, 32, 6, 5]
(2, (1, 0, 0), (2, 0)): [1323, 139, 83, 43, 13, 7, 3, 1]
(2, (1, 0, 0), (2, 1)): [1780, 143, 99, 34, 11, 7, 5, 1]
(2, (1, 0, 0), (2, 2)): [1750, 112, 59, 19, 6, 6, 1]
(2, (1, 0, 0), (3, 0)): [379, 50, 28, 19, 9, 2, 0, 1]
(2, (1, 0, 0), (3, 1)): [685, 73, 45, 22, 8, 4, 2]
(2, (1, 0, 0), (3, 2)): [938, 87, 49, 18, 7, 4, 1]
(2, (1, 0, 1), (0, 0)): [1983, 435, 183, 123, 43, 11, 7, 1, 1]
(2, (1, 0, 1), (0, 1)): [819, 150, 70, 40, 15, 2, 1, 0, 1]
(2, (1, 0, 1), (0, 2)): [329, 42, 26, 8, 3, 0, 1]
(2, (1, 0, 1), (1, 0)): [805, 185, 79, 58, 24, 8, 5, 1]
(2, (1, 0, 1), (1, 1)): [678, 157, 57, 41, 18, 5, 2, 1, 1]
(2, (1, 0, 1), (1, 2)): [451, 70, 35, 14, 10, 1, 1]
(2, (1, 0, 1), (2, 0)): [303, 71, 33, 23, 10, 2, 3]
(2, (1, 0, 1), (2, 1)): [380, 94, 31, 23, 15, 3, 2]
(2, (1, 0, 1), (2, 2)): [393, 71, 25, 13, 8, 2, 2]
(2, (1, 0, 1), (3, 0)): [98, 26, 15, 13, 1, 1, 1]
(2, (1, 0, 1), (3, 1)): [161, 41, 19, 11, 8, 3, 1]
(2, (1, 0, 1), (3, 2)): [197, 41, 19, 11, 6, 2, 1]
(2, (1, 1, 0), (0, 0)): [4019, 585, 283, 251, 86, 37, 13, 3, 1, 1]
(2, (1, 1, 0), (0, 1)): [1671, 227, 83, 95, 15, 12, 6, 1]
(2, (1, 1, 0), (0, 2)): [648, 68, 16, 33, 2, 1, 3]
(2, (1, 1, 0), (1, 0)): [1636, 234, 145, 112, 49, 18, 6, 1]
(2, (1, 1, 0), (1, 1)): [1504, 197, 110, 93, 21, 16, 4, 1]
(2, (1, 1, 0), (1, 2)): [1055, 99, 47, 47, 8, 8, 1, 1]
(2, (1, 1, 0), (2, 0)): [568, 88, 47, 37, 30, 7, 3]
(2, (1, 1, 0), (2, 1)): [800, 107, 73, 53, 18, 6, 3]
(2, (1, 1, 0), (2, 2)): [837, 85, 45, 39, 13, 5, 2]
(2, (1, 1, 0), (3, 0)): [171, 30, 13, 11, 15, 4, 3]
(2, (1, 1, 0), (3, 1)): [323, 47, 35, 29, 16, 6, 2]
(2, (1, 1, 0), (3, 2)): [481, 56, 30, 34, 20, 5, 1]
(2, (1, 1, 1), (0, 0)): [1309, 187, 219, 121, 90, 31, 13, 2, 1, 0, 1, 1]
(2, (1, 1, 1), (0, 1)): [571, 61, 77, 43, 26, 10, 4, 2, 0, 0, 1]
(2, (1, 1, 1), (0, 2)): [235, 18, 17, 10, 11, 3, 0, 1]
(2, (1, 1, 1), (1, 0)): [476, 98, 92, 59, 45, 19, 6, 0, 1, 0, 0, 1]
(2, (1, 1, 1), (1, 1)): [482, 70, 77, 47, 30, 12, 8, 1, 1]
(2, (1, 1, 1), (1, 2)): [347, 36, 36, 17, 15, 5, 2, 1, 1]
(2, (1, 1, 1), (2, 0)): [133, 58, 34, 21, 17, 10, 1, 0, 0, 0, 0, 1]
(2, (1, 1, 1), (2, 1)): [228, 58, 43, 28, 23, 9, 4, 1]
(2, (1, 1, 1), (2, 2)): [251, 51, 34, 23, 18, 2, 1, 2, 1]
(2, (1, 1, 1), (3, 0)): [20, 31, 9, 7, 2, 4, 1]
(2, (1, 1, 1), (3, 1)): [75, 41, 19, 13, 7, 4, 3]
(2, (1, 1, 1), (3, 2)): [115, 60, 27, 19, 16, 1, 3, 2, 1]
