(0, (0, 0, 0), (0, 0)): [1030141, 204314, 94891, 43286, 19308, 8305, 3446, 1438, 580, 269, 111, 53, 26, 8, 3, 1, 0, 1]
(0, (0, 0, 0), (0, 1)): [18614, 3357, 1615, 716, 315, 133, 46, 26, 6, 5, 1, 0, 2, 1, 0, 1]
(0, (0, 0, 0), (0, 2)): [6815, 1063, 517, 229, 101, 29, 16, 10, 2, 1, 0, 0, 1]
(0, (0, 0, 0), (1, 0)): [17222, 3707, 1875, 843, 406, 172, 81, 30, 11, 5, 3]
(0, (0, 0, 0), (1, 1)): [15811, 3019, 1507, 687, 322, 132, 46, 24, 6, 3, 3, 0, 1, 1, 0, 1]
(0, (0, 0, 0), (1, 2)): [10234, 1711, 814, 353, 184, 69, 22, 11, 5, 2, 0, 0, 2]
(0, (0, 0, 0), (2, 0)): [5703, 1368, 728, 363, 163, 79, 38, 13, 4, 2, 1]
(0, (0, 0, 0), (2, 1)): [8428, 1776, 949, 452, 206, 86, 38, 20, 3, 1, 1, 0, 0, 1]
(0, (0, 0, 0), (2, 2)): [8100, 1475, 754, 344, 167, 73, 21, 11, 3, 3, 1, 0, 2]
(0, (0, 0, 0), (3, 0)): [1874, 475, 299, 163, 69, 41, 17, 5, 3, 0, 1]
(0, (0, 0, 0), (3, 1)): [3411, 844, 520, 268, 106, 53, 21, 13, 4]
(0, (0, 0, 0), (3, 2)): [4660, 972, 606, 290, 131, 54, 15, 10, 5, 2, 0, 0, 2]
(0, (0, 0, 1), (0, 0)): [4337, 12841, 3486, 1665, 818, 345, 149, 73, 32, 17, 4, 1, 3, 1]
(0, (0, 0, 1), (0, 1)): [78, 195, 61, 21, 13, 6, 2, 1, 0, 1, 0, 0, 0, 1]
(0, (0, 0, 1), (0, 2)): [33, 78, 17, 6, 5, 1]
(0, (0, 0, 1), (1, 0)): [70, 178, 48, 28, 19, 9, 1, 2, 1]
(0, (0, 0, 1), (1, 1)): [62, 136, 47, 18, 15, 6, 1, 1, 0, 1, 0, 0, 0, 1]
(0, (0, 0, 1), (1, 2)): [45, 102, 26, 11, 8, 0, 1, 1, 0, 1]
(0, (0, 0, 1), (2, 0)): [29, 81, 21, 14, 5, 6, 1, 1, 1]
(0, (0, 0, 1), (2, 1)): [37, 82, 27, 13, 9, 5]
(0, (0, 0, 1), (2, 2)): [44, 77, 22, 8, 7, 1]
(0, (0, 0, 1), (3, 0)): [7, 34, 9, 6, 1, 3, 1, 1, 1]
(0, (0, 0, 1), (3, 1)): [16, 33, 12, 8, 6, 4, 0, 1]
(0, (0, 0, 1), (3, 2)): [24, 41, 12, 7, 6, 4, 0, 1]
(0, (0, 1, 0), (0, 0)): [34652, 32086, 12558, 5964, 2917, 1267, 535, 222, 96, 57, 17, 5, 3, 2, 1]
(0, (0, 1, 0), (0, 1)): [591, 485, 185, 88, 32, 21, 8, 5, 1]
(0, (0, 1, 0), (0, 2)): [236, 151, 63, 24, 7, 9, 3, 0, 1]
(0, (0, 1, 0), (1, 0)): [558, 489, 206, 107, 53, 28, 10, 2, 1]
(0, (0, 1, 0), (1, 1)): [478, 405, 168, 83, 33, 14, 7, 5]
(0, (0, 1, 0), (1, 2)): [320, 248, 91, 50, 18, 10, 3, 2, 1]
(0, (0, 1, 0), (2, 0)): [198, 175, 69, 40, 21, 18, 4, 0, 1]
(0, (0, 1, 0), (2, 1)): [243, 211, 90, 46, 15, 16, 5, 3]
(0, (0, 1, 0), (2, 2)): [253, 183, 82, 39, 13, 7, 6, 1, 1]
(0, (0, 1, 0), (3, 0)): [74, 64, 31, 25, 14, 6, 2, 0, 1]
(0, (0, 1, 0), (3, 1)): [99, 92, 47, 27, 17, 8, 1, 1]
(0, (0, 1, 0), (3, 2)): [152, 114, 64, 30, 17, 6, 5]
(0, (0, 1, 1), (0, 0)): [3074, 5069, 6174, 2895, 1543, 709, 307, 150, 69, 28, 9, 6, 1, 2, 1, 0, 0, 1]
(0, (0, 1, 1), (0, 1)): [46, 64, 95, 40, 23, 7, 5, 3]
(0, (0, 1, 1), (0, 2)): [26, 23, 35, 13, 12, 4, 3, 2]
(0, (0, 1, 1), (1, 0)): [61, 100, 128, 64, 41, 16, 5, 5, 4, 0, 0, 1]
(0, (0, 1, 1), (1, 1)): [32, 60, 83, 39, 23, 4, 3, 2, 1]
(0, (0, 1, 1), (1, 2)): [29, 31, 45, 21, 16, 5, 3, 2, 1]
(0, (0, 1, 1), (2, 0)): [40, 56, 63, 34, 22, 12, 3, 4, 3, 0, 0, 1]
(0, (0, 1, 1), (2, 1)): [25, 42, 60, 27, 15, 3, 2, 4, 2]
(0, (0, 1, 1), (2, 2)): [31, 34, 44, 17, 9, 4, 2, 2, 2]
(0, (0, 1, 1), (3, 0)): [24, 34, 31, 23, 16, 11, 1, 1, 0, 0, 0, 1]
(0, (0, 1, 1), (3, 1)): [11, 22, 24, 12, 10, 0, 0, 1, 1]
(0, (0, 1, 1), (3, 2)): [17, 18, 33, 13, 8, 3, 2, 3, 2]
(0, (1, 0, 0), (0, 0)): [222668, 73519, 46817, 23176, 11045, 4963, 2114, 909, 379, 173, 76, 34, 16, 4, 2, 1, 0, 1]
(0, (1, 0, 0), (0, 1)): [3931, 1071, 779, 367, 190, 83, 29, 14, 6]
(0, (1, 0, 0), (0, 2)): [1508, 319, 253, 100, 54, 20, 12, 2, 5]
(0, (1, 0, 0), (1, 0)): [3432, 1108, 828, 399, 195, 73, 42, 15, 6, 6, 2]
(0, (1, 0, 0), (1, 1)): [2924, 858, 650, 309, 150, 57, 23, 14, 5, 4]
(0, (1, 0, 0), (1, 2)): [1896, 458, 362, 154, 75, 26, 16, 7, 3, 2]
(0, (1, 0, 0), (2, 0)): [1075, 369, 273, 153, 79, 33, 13, 6, 2, 2, 2]
(0, (1, 0, 0), (2, 1)): [1412, 435, 336, 182, 91, 38, 14, 6, 3, 3]
(0, (1, 0, 0), (2, 2)): [1312, 347, 270, 129, 66, 23, 14, 7, 2, 3]
(0, (1, 0, 0), (3, 0)): [313, 130, 106, 67, 41, 10, 3, 4, 0, 1, 1]
(0, (1, 0, 0), (3, 1)): [539, 190, 151, 94, 59, 16, 4, 2, 3, 1, 1]
(0, (1, 0, 0), (3, 2)): [670, 216, 164, 87, 61, 17, 6, 5, 2, 3]
(0, (1, 0, 1), (0, 0)): [5277, 15997, 6497, 4480, 2400, 1085, 538, 222, 101, 47, 21, 11, 5, 1, 1, 0, 0, 1]
(0, (1, 0, 1), (0, 1)): [84, 233, 97, 65, 29, 13, 11, 2, 1, 0, 0, 0, 1]
(0, (1, 0, 1), (0, 2)): [30, 87, 25, 25, 11, 7, 4, 0, 1]
(0, (1, 0, 1), (1, 0)): [76, 255, 96, 79, 37, 16, 2, 3, 4, 1, 1]
(0, (1, 0, 1), (1, 1)): [69, 182, 67, 51, 26, 11, 6, 1, 2, 0, 1]
(0, (1, 0, 1), (1, 2)): [54, 101, 32, 28, 12, 9, 3, 1, 2]
(0, (1, 0, 1), (2, 0)): [30, 93, 42, 27, 15, 9, 0, 3, 1, 1]
(0, (1, 0, 1), (2, 1)): [25, 113, 41, 31, 18, 6, 1, 0, 2, 0, 1]
(0, (1, 0, 1), (2, 2)): [44, 93, 29, 21, 12, 5, 2, 1, 1, 0, 1]
(0, (1, 0, 1), (3, 0)): [16, 34, 18, 13, 7, 6, 0, 3]
(0, (1, 0, 1), (3, 1)): [12, 42, 15, 14, 11, 4]
(0, (1, 1, 0), (0, 0)): [30405, 19387, 14780, 10506, 5558, 2664, 1155, 551, 219, 97, 44, 21, 7, 1]
(0, (1, 1, 0), (0, 1)): [574, 314, 216, 163, 91, 36, 14, 11, 2, 0, 1]
(0, (1, 1, 0), (0, 2)): [230, 112, 71, 49, 35, 13, 7, 6]
(0, (1, 1, 0), (1, 0)): [446, 281, 230, 166, 90, 48, 16, 10, 1, 3]
(0, (1, 1, 0), (1, 1)): [378, 211, 169, 124, 58, 30, 12, 9, 2, 1, 1]
(0, (1, 1, 0), (1, 2)): [263, 119, 90, 69, 38, 15, 4, 10, 1, 1]
(0, (1, 1, 0), (2, 0)): [126, 93, 73, 61, 35, 19, 5, 4, 1, 1]
(0, (1, 1, 0), (2, 1)): [176, 115, 75, 73, 39, 18, 9, 5, 1, 1]
(0, (1, 1, 0), (2, 2)): [177, 99, 70, 54, 29, 16, 3, 7, 1, 2]
(0, (1, 1, 0), (3, 0)): [32, 31, 28, 20, 13, 7, 2, 1, 1]
(0, (1, 1, 0), (3, 1)): [66, 47, 39, 36, 18, 10, 7, 2, 2]
(0, (1, 1, 0), (3, 2)): [101, 56, 42, 39, 18, 10, 2, 4, 1]
(0, (1, 1, 1), (0, 0)): [3008, 5634, 4671, 3534, 2804, 1402, 654, 328, 137, 59, 31, 12, 2, 1, 1]
(0, (1, 1, 1), (0, 1)): [73, 91, 84, 57, 34, 21, 8, 5, 4, 2, 1, 1]
(0, (1, 1, 1), (0, 2)): [35, 41, 27, 17, 17, 5, 2, 1, 3, 0, 0, 1]
(0, (1, 1, 1), (1, 0)): [50, 103, 102, 67, 64, 32, 8, 9, 2, 0, 1]
(0, (1, 1, 1), (1, 1)): [53, 74, 86, 55, 28, 21, 8, 7, 1, 1, 1]
(0, (1, 1, 1), (1, 2)): [45, 52, 45, 22, 13, 11, 3, 2, 4, 0, 0, 1]
(0, (1, 1, 1), (2, 0)): [13, 39, 26, 28, 32, 10, 2, 3, 1, 0, 1]
(0, (1, 1, 1), (2, 1)): [28, 36, 37, 31, 25, 13, 3, 3, 1]
(0, (1, 1, 1), (2, 2)): [28, 35, 36, 25, 14, 10, 3, 3, 1, 0, 0, 1]
(0, (1, 1, 1), (3, 0)): [2, 14, 13, 13, 11, 2, 1, 2, 0, 0, 1]
(0, (1, 1, 1), (3, 2)): [10, 13, 21, 19, 10, 7, 3, 0, 1, 0, 0, 1]
(1, (0, 0, 0), (0, 0)): [830348, 89787, 36988, 14689, 5746, 2189, 846, 323, 126, 50, 23, 13, 6, 2, 0, 1]
(1, (0, 0, 0), (0, 1)): [15050, 1512, 652, 244, 88, 23, 11, 8, 1, 0, 0, 0, 0, 1]
(1, (0, 0, 0), (0, 2)): [5558, 453, 188, 67, 22, 6, 1, 1]
(1, (0, 0, 0), (1, 0)): [14522, 1808, 784, 293, 133, 48, 21, 8, 0, 1, 0, 0, 0, 0, 0, 1]
(1, (0, 0, 0), (1, 1)): [13012, 1430, 583, 213, 97, 37, 17, 7, 1, 1, 0, 0, 0, 1]
(1, (0, 0, 0), (1, 2)): [8271, 729, 284, 122, 54, 23, 8, 2]
(1, (0, 0, 0), (2, 0)): [5027, 696, 350, 123, 53, 20, 8, 5, 0, 0, 0, 0, 0, 0, 0, 1]
(1, (0, 0, 0), (2, 1)): [7225, 880, 375, 135, 62, 20, 9, 6, 0, 1]
(1, (0, 0, 0), (2, 2)): [6851, 669, 292, 112, 50, 27, 11, 4]
(1, (0, 0, 0), (3, 0)): [1617, 255, 169, 57, 26, 8, 5, 1, 0, 0, 0, 0, 0, 0, 0, 1]
(1, (0, 0, 0), (3, 1)): [3049, 470, 245, 85, 47, 7, 3, 3]
(1, (0, 0, 0), (3, 2)): [3912, 481, 247, 87, 45, 17, 10, 3]
(1, (0, 0, 1), (0, 0)): [22558, 32174, 6340, 2678, 1131, 473, 180, 71, 34, 11, 5, 4, 4, 1]
(1, (0, 0, 1), (0, 1)): [381, 390, 90, 29, 14, 7, 5]
(1, (0, 0, 1), (0, 2)): [158, 122, 28, 7, 2, 1, 3]
(1, (0, 0, 1), (1, 0)): [384, 538, 110, 54, 26, 12, 5, 3, 1]
(1, (0, 0, 1), (1, 1)): [339, 384, 77, 32, 17, 6, 2, 2]
(1, (0, 0, 1), (1, 2)): [253, 210, 32, 13, 11, 2, 2]
(1, (0, 0, 1), (2, 0)): [166, 223, 48, 26, 13, 7, 5, 1, 1]
(1, (0, 0, 1), (2, 1)): [160, 227, 42, 19, 9, 7, 5, 2]
(1, (0, 0, 1), (2, 2)): [175, 172, 31, 14, 7, 2, 1]
(1, (0, 0, 1), (3, 0)): [73, 91, 28, 17, 8, 3, 2, 1, 1]
(1, (0, 0, 1), (3, 1)): [90, 114, 18, 12, 4, 3, 3, 2]
(1, (0, 0, 1), (3, 2)): [113, 104, 24, 11, 6, 2, 3]
(1, (0, 1, 0), (0, 0)): [110100, 49767, 17854, 7546, 3071, 1192, 419, 199, 55, 31, 18, 7, 7, 2, 1]
(1, (0, 1, 0), (0, 1)): [1740, 683, 256, 106, 31, 14, 6, 2, 1]
(1, (0, 1, 0), (0, 2)): [691, 240, 76, 23, 9, 5, 2]
(1, (0, 1, 0), (1, 0)): [2059, 920, 327, 189, 83, 27, 12, 4, 0, 0, 1, 0, 0, 1]
(1, (0, 1, 0), (1, 1)): [1527, 590, 241, 107, 38, 14, 7, 3, 1, 0, 0, 0, 0, 1]
(1, (0, 1, 0), (1, 2)): [984, 349, 138, 43, 15, 6, 5, 2]
(1, (0, 1, 0), (2, 0)): [901, 405, 147, 102, 42, 16, 8, 3, 0, 0, 1]
(1, (0, 1, 0), (2, 1)): [829, 359, 123, 76, 31, 11, 6, 2, 0, 0, 1, 0, 0, 1]
(1, (0, 1, 0), (2, 2)): [784, 314, 116, 40, 21, 4, 3, 1]
(1, (0, 1, 0), (3, 0)): [489, 195, 63, 71, 29, 9, 5, 2]
(1, (0, 1, 0), (3, 1)): [413, 161, 57, 46, 19, 8, 3, 1, 0, 0, 0, 0, 0, 1]
(1, (0, 1, 0), (3, 2)): [446, 178, 76, 42, 23, 0, 4, 1, 0, 0, 0, 0, 0, 1]
(1, (0, 1, 1), (0, 0)): [18413, 14764, 13618, 5415, 2793, 1104, 443, 187, 85, 25, 8, 6, 1, 2, 0, 1]
(1, (0, 1, 1), (0, 1)): [239, 170, 139, 57, 26, 14, 6, 2]
(1, (0, 1, 1), (0, 2)): [118, 56, 45, 18, 7, 3, 2]
(1, (0, 1, 1), (1, 0)): [432, 331, 249, 120, 82, 30, 11, 8, 3, 1]
(1, (0, 1, 1), (1, 1)): [199, 146, 134, 51, 27, 7, 5, 4]
(1, (0, 1, 1), (1, 2)): [152, 82, 76, 32, 12, 4, 2]
(1, (0, 1, 1), (2, 0)): [288, 217, 142, 82, 64, 27, 9, 6, 3, 1]
(1, (0, 1, 1), (2, 1)): [123, 95, 70, 32, 14, 8, 6, 2]
(1, (0, 1, 1), (2, 2)): [112, 81, 68, 28, 17, 2, 1, 2]
(1, (0, 1, 1), (3, 0)): [235, 173, 113, 62, 56, 23, 6, 6, 3, 1]
(1, (0, 1, 1), (3, 1)): [59, 43, 32, 17, 5, 6, 5]
(1, (0, 1, 1), (3, 2)): [69, 56, 37, 15, 9, 3, 1, 1]
(1, (1, 0, 0), (0, 0)): [322441, 56896, 36426, 15585, 6327, 2509, 988, 361, 164, 68, 26, 19, 4, 2, 0, 2]
(1, (1, 0, 0), (0, 1)): [5657, 784, 600, 248, 96, 32, 14, 3, 1, 2]
(1, (1, 0, 0), (0, 2)): [2047, 240, 212, 71, 28, 10, 6, 1, 0, 2]
(1, (1, 0, 0), (1, 0)): [5372, 954, 687, 320, 135, 45, 24, 9, 1, 2, 0, 0, 1, 0, 0, 1]
(1, (1, 0, 0), (1, 1)): [4539, 666, 510, 208, 81, 29, 13, 6, 1, 0, 0, 0, 0, 0, 0, 1]
(1, (1, 0, 0), (1, 2)): [2799, 345, 295, 101, 44, 16, 5, 4, 0, 1]
(1, (1, 0, 0), (2, 0)): [1749, 346, 259, 149, 58, 23, 10, 0, 1, 2, 0, 0, 1]
(1, (1, 0, 0), (2, 1)): [2327, 388, 313, 140, 56, 17, 10, 2, 2, 0, 0, 0, 0, 0, 0, 1]
(1, (1, 0, 0), (2, 2)): [2121, 290, 261, 97, 39, 11, 5, 3, 1, 1]
(1, (1, 0, 0), (3, 0)): [525, 119, 84, 65, 26, 10, 4, 0, 0, 2, 0, 0, 1]
(1, (1, 0, 0), (3, 1)): [888, 208, 147, 87, 31, 12, 6, 1, 0, 1, 0, 0, 0, 0, 0, 1]
(1, (1, 0, 0), (3, 2)): [1093, 205, 158, 81, 29, 12, 5, 1, 1, 1, 0, 0, 0, 0, 0, 1]
(1, (1, 0, 1), (0, 0)): [25576, 30351, 9836, 6438, 2739, 1143, 447, 175, 61, 44, 12, 4, 0, 1]
(1, (1, 0, 1), (0, 1)): [451, 407, 115, 100, 44, 16, 9, 2, 3, 2]
(1, (1, 0, 1), (0, 2)): [200, 127, 39, 31, 7, 6, 4, 1, 0, 1]
(1, (1, 0, 1), (1, 0)): [436, 488, 165, 112, 61, 17, 5, 1, 0, 2]
(1, (1, 0, 1), (1, 1)): [351, 330, 103, 85, 45, 6, 7, 1, 2]
(1, (1, 0, 1), (1, 2)): [266, 174, 57, 47, 16, 5, 6, 1, 0, 1]
(1, (1, 0, 1), (2, 0)): [168, 169, 56, 35, 23, 10, 1, 1, 0, 1]
(1, (1, 0, 1), (2, 1)): [163, 175, 59, 45, 27, 6, 4, 0, 2]
(1, (1, 0, 1), (2, 2)): [172, 137, 50, 28, 17, 3, 5, 0, 1]
(1, (1, 0, 1), (3, 0)): [65, 70, 18, 13, 10, 5, 0, 0, 0, 1]
(1, (1, 0, 1), (3, 1)): [71, 80, 20, 21, 18, 6]
(1, (1, 0, 1), (3, 2)): [86, 77, 29, 20, 17, 6, 3, 0, 1]
(1, (1, 1, 0), (0, 0)): [88050, 27354, 18457, 13009, 5527, 2303, 902, 365, 150, 59, 22, 13, 7, 4, 1]
(1, (1, 1, 0), (0, 1)): [1590, 415, 261, 204, 81, 31, 18, 5, 2]
(1, (1, 1, 0), (0, 2)): [640, 160, 85, 70, 25, 8, 4, 0, 1]
(1, (1, 1, 0), (1, 0)): [1435, 485, 338, 260, 110, 42, 19, 8, 1, 2, 0, 0, 2, 1]
(1, (1, 1, 0), (1, 1)): [1187, 340, 237, 171, 76, 30, 18, 7, 0, 2]
(1, (1, 1, 0), (1, 2)): [871, 213, 132, 103, 40, 14, 8, 1]
(1, (1, 1, 0), (2, 0)): [494, 175, 117, 102, 42, 16, 4, 2, 1, 0, 0, 0, 2, 1]
(1, (1, 1, 0), (2, 1)): [590, 207, 142, 99, 39, 18, 9, 3, 0, 1, 0, 0, 1]
(1, (1, 1, 0), (2, 2)): [627, 167, 95, 75, 37, 13, 4, 1]
(1, (1, 1, 0), (3, 0)): [139, 67, 36, 35, 25, 11, 2, 2, 1, 0, 0, 0, 1]
(1, (1, 1, 0), (3, 1)): [254, 98, 67, 55, 28, 11, 8, 3, 0, 1, 0, 0, 1]
(1, (1, 1, 0), (3, 2)): [334, 101, 70, 44, 31, 14, 8, 4, 0, 1, 0, 0, 1]
(1, (1, 1, 1), (0, 0)): [18297, 14337, 9262, 6100, 4396, 1883, 761, 286, 119, 44, 17, 14, 6, 2, 1, 1]
(1, (1, 1, 1), (0, 1)): [387, 241, 160, 99, 81, 29, 14, 4, 3]
(1, (1, 1, 1), (0, 2)): [196, 84, 58, 31, 32, 8, 7]
(1, (1, 1, 1), (1, 0)): [333, 254, 170, 111, 87, 38, 16, 6, 2, 2, 0, 1, 1]
(1, (1, 1, 1), (1, 1)): [281, 177, 129, 91, 72, 28, 6, 4, 1]
(1, (1, 1, 1), (1, 2)): [219, 93, 86, 53, 36, 20, 7]
(1, (1, 1, 1), (2, 0)): [100, 102, 68, 43, 27, 18, 10, 3, 1, 1, 0, 1, 1]
(1, (1, 1, 1), (2, 1)): [140, 118, 76, 53, 43, 13, 8, 4, 1, 1, 0, 1]
(1, (1, 1, 1), (2, 2)): [150, 82, 67, 58, 34, 14, 6, 1]
(1, (1, 1, 1), (3, 0)): [19, 38, 22, 19, 8, 11, 4, 0, 1, 0, 0, 0, 1]
(1, (1, 1, 1), (3, 1)): [37, 64, 29, 25, 19, 10, 5, 3, 0, 0, 0, 0, 1]
(1, (1, 1, 1), (3, 2)): [74, 53, 33, 35, 22, 12, 3, 2]
(2, (0, 0, 0), (0, 0)): [717263, 32187, 10895, 3507, 1172, 382, 138, 41, 8, 3, 5, 0, 1]
(2, (0, 0, 0), (0, 1)): [13007, 551, 197, 46, 27, 6, 6, 1]
(2, (0, 0, 0), (0, 2)): [4666, 147, 40, 14, 6, 1, 1, 1]
(2, (0, 0, 0), (1, 0)): [13170, 763, 251, 76, 31, 10, 3, 0, 0, 0, 0, 0, 1]
(2, (0, 0, 0), (1, 1)): [11560, 581, 208, 39, 27, 5, 6]
(2, (0, 0, 0), (1, 2)): [7236, 262, 88, 23, 12, 3, 3]
(2, (0, 0, 0), (2, 0)): [4795, 290, 117, 48, 15, 6, 1, 0, 0, 0, 0, 0, 1]
(2, (0, 0, 0), (2, 1)): [6708, 358, 133, 40, 9, 4, 3]
(2, (0, 0, 0), (2, 2)): [6083, 269, 100, 27, 11, 4, 1]
(2, (0, 0, 0), (3, 0)): [1636, 110, 64, 25, 11, 3, 1, 0, 0, 0, 0, 0, 1]
(2, (0, 0, 0), (3, 1)): [3053, 175, 89, 31, 10, 5, 2]
(2, (0, 0, 0), (3, 2)): [3851, 206, 99, 26, 7, 4]
(2, (0, 0, 1), (0, 0)): [65534, 20449, 3988, 1379, 490, 176, 50, 13, 3, 2, 0, 1]
(2, (0, 0, 1), (0, 1)): [1052, 293, 64, 22, 10, 3, 1]
(2, (0, 0, 1), (0, 2)): [409, 74, 20, 4, 2, 1]
(2, (0, 0, 1), (1, 0)): [1240, 367, 82, 37, 9, 4, 0, 1]
(2, (0, 0, 1), (1, 1)): [1005, 252, 60, 19, 8, 1, 1]
(2, (0, 0, 1), (1, 2)): [657, 121, 25, 9, 2, 1, 1]
(2, (0, 0, 1), (2, 0)): [510, 159, 37, 25, 6, 4, 0, 1]
(2, (0, 0, 1), (2, 1)): [572, 142, 44, 16, 9, 1, 0, 1]
(2, (0, 0, 1), (2, 2)): [535, 101, 33, 6, 3, 2, 1]
(2, (0, 0, 1), (3, 0)): [264, 68, 21, 16, 2, 3]
(2, (0, 0, 1), (3, 1)): [289, 73, 19, 14, 6, 1]
(2, (0, 0, 1), (3, 2)): [327, 74, 24, 9, 2, 1]
(2, (0, 1, 0), (0, 0)): [175217, 38112, 10071, 3560, 1155, 392, 113, 32, 7, 6, 5, 0, 1]
(2, (0, 1, 0), (0, 1)): [2727, 489, 134, 50, 14, 1, 1]
(2, (0, 1, 0), (0, 2)): [1028, 142, 35, 10, 4]
(2, (0, 1, 0), (1, 0)): [3599, 623, 260, 107, 24, 14, 5, 1, 0, 0, 0, 0, 1]
(2, (0, 1, 0), (1, 1)): [2546, 430, 153, 55, 13, 4, 3, 1]
(2, (0, 1, 0), (1, 2)): [1593, 224, 59, 33, 3]
(2, (0, 1, 0), (2, 0)): [1686, 271, 132, 71, 17, 9, 3, 0, 0, 0, 0, 0, 1]
(2, (0, 1, 0), (2, 1)): [1542, 275, 95, 34, 9, 6, 3, 1, 0, 0, 0, 0, 1]
(2, (0, 1, 0), (2, 2)): [1392, 208, 60, 35, 5, 3, 0, 1]
(2, (0, 1, 0), (3, 0)): [950, 126, 80, 51, 13, 4, 2]
(2, (0, 1, 0), (3, 1)): [734, 128, 62, 23, 9, 3, 3, 0, 0, 0, 0, 0, 1]
(2, (0, 1, 0), (3, 2)): [896, 143, 55, 29, 5, 3, 1, 0, 0, 0, 0, 0, 1]
(2, (0, 1, 1), (0, 0)): [40911, 3550, 9129, 2457, 966, 310, 114, 39, 16, 4, 3, 1, 0, 1]
(2, (0, 1, 1), (0, 1)): [586, 47, 102, 24, 6, 3, 1, 3]
(2, (0, 1, 1), (0, 2)): [251, 19, 33, 8, 3, 1, 1]
(2, (0, 1, 1), (1, 0)): [835, 85, 163, 57, 26, 7, 4, 0, 0, 0, 1]
(2, (0, 1, 1), (1, 1)): [535, 38, 96, 25, 7, 3, 1, 2]
(2, (0, 1, 1), (1, 2)): [355, 22, 49, 10, 4, 1, 2, 1]
(2, (0, 1, 1), (2, 0)): [426, 51, 80, 35, 20, 6, 1, 0, 0, 0, 1]
(2, (0, 1, 1), (2, 1)): [303, 26, 73, 16, 6, 4]
(2, (0, 1, 1), (2, 2)): [312, 26, 52, 14, 2, 4, 1, 1]
(2, (0, 1, 1), (3, 0)): [296, 39, 44, 22, 18, 5, 1, 0, 0, 0, 1]
(2, (0, 1, 1), (3, 1)): [158, 13, 30, 10, 4, 1]
(2, (0, 1, 1), (3, 2)): [207, 23, 39, 11, 4, 4, 0, 1]
(2, (1, 0, 0), (0, 0)): [391904, 28283, 18212, 5811, 1878, 594, 243, 66, 16, 8, 6, 0, 1]
(2, (1, 0, 0), (0, 1)): [6461, 345, 288, 73, 30, 7, 6, 1]
(2, (1, 0, 0), (0, 2)): [2332, 91, 78, 15, 10, 1, 1]
(2, (1, 0, 0), (1, 0)): [6687, 549, 395, 153, 39, 11, 7, 2, 0, 0, 0, 0, 1]
(2, (1, 0, 0), (1, 1)): [5352, 335, 272, 82, 24, 3, 4, 1]
(2, (1, 0, 0), (1, 2)): [3338, 158, 120, 43, 11, 2]
(2, (1, 0, 0), (2, 0)): [2243, 214, 141, 72, 17, 5, 4, 0, 0, 0, 0, 0, 1]
(2, (1, 0, 0), (2, 1)): [2727, 176, 149, 54, 20, 6, 2, 1, 0, 0, 0, 0, 1]
(2, (1, 0, 0), (2, 2)): [2522, 146, 117, 38, 13, 5, 1, 1]
(2, (1, 0, 0), (3, 0)): [742, 96, 42, 42, 4, 1, 3]
(2, (1, 0, 0), (3, 1)): [1187, 119, 71, 43, 9, 3, 2, 0, 0, 0, 0, 0, 1]
(2, (1, 0, 0), (3, 2)): [1414, 117, 78, 36, 9, 7, 1, 1, 0, 0, 0, 0, 1]
(2, (1, 0, 1), (0, 0)): [65271, 16055, 6369, 3776, 1206, 416, 151, 48, 19, 6, 0, 2, 1]
(2, (1, 0, 1), (0, 1)): [1137, 227, 98, 65, 20, 2, 2, 1, 0, 0, 0, 1]
(2, (1, 0, 1), (0, 2)): [456, 68, 30, 14, 8]
(2, (1, 0, 1), (1, 0)): [1051, 239, 113, 79, 29, 11, 4]
(2, (1, 0, 1), (1, 1)): [870, 178, 71, 60, 17, 6, 4, 1, 0, 0, 0, 1]
(2, (1, 0, 1), (1, 2)): [594, 87, 34, 26, 9, 2, 1, 1, 0, 0, 0, 1]
(2, (1, 0, 1), (2, 0)): [373, 83, 58, 28, 10, 4, 2]
(2, (1, 0, 1), (2, 1)): [474, 109, 39, 32, 14, 4]
(2, (1, 0, 1), (2, 2)): [421, 67, 24, 17, 9, 3, 1, 1, 0, 0, 0, 1]
(2, (1, 0, 1), (3, 0)): [134, 25, 27, 14, 6, 1, 2]
(2, (1, 0, 1), (3, 1)): [218, 44, 27, 18, 6, 1, 2]
(2, (1, 0, 1), (3, 2)): [251, 48, 25, 9, 8, 3, 2, 1]
(2, (1, 1, 0), (0, 0)): [152594, 23696, 11956, 7934, 2545, 845, 270, 94, 35, 16, 7, 1, 2, 1]
(2, (1, 1, 0), (0, 1)): [2702, 372, 165, 122, 32, 7, 4, 3, 0, 0, 0, 0, 1]
(2, (1, 1, 0), (0, 2)): [1071, 113, 46, 30, 8, 1, 1, 1]
(2, (1, 1, 0), (1, 0)): [2625, 394, 233, 179, 53, 19, 7, 2, 1, 1]
(2, (1, 1, 0), (1, 1)): [2194, 301, 146, 123, 26, 7, 3, 2, 1, 1, 0, 0, 1]
(2, (1, 1, 0), (1, 2)): [1512, 169, 77, 49, 11, 3, 2, 2]
(2, (1, 1, 0), (2, 0)): [909, 148, 104, 72, 27, 12, 3, 1]
(2, (1, 1, 0), (2, 1)): [1176, 154, 103, 79, 21, 11, 3, 1, 1, 1, 0, 0, 1]
(2, (1, 1, 0), (2, 2)): [1125, 137, 69, 66, 13, 4, 4, 2, 1]
(2, (1, 1, 0), (3, 0)): [322, 56, 43, 28, 12, 5, 1]
(2, (1, 1, 0), (3, 1)): [508, 77, 63, 40, 10, 8, 2, 1, 0, 0, 0, 0, 1]
(2, (1, 1, 0), (3, 2)): [628, 86, 55, 43, 13, 3, 3, 2, 1]
(2, (1, 1, 1), (0, 0)): [44374, 6508, 7442, 3709, 2639, 856, 281, 104, 38, 7, 6, 0, 1, 1]
(2, (1, 1, 1), (0, 1)): [922, 88, 129, 64, 45, 8, 5, 3, 1, 0, 0, 0, 1]
(2, (1, 1, 1), (0, 2)): [417, 20, 31, 20, 13, 2, 1, 1, 1]
(2, (1, 1, 1), (1, 0)): [721, 209, 138, 78, 52, 22, 6, 1, 1, 0, 1]
(2, (1, 1, 1), (1, 1)): [689, 105, 114, 57, 39, 6, 3, 0, 0, 0, 1, 0, 1]
(2, (1, 1, 1), (1, 2)): [517, 43, 46, 27, 15, 4, 2, 1, 0, 0, 1]
(2, (1, 1, 1), (2, 0)): [195, 139, 40, 34, 25, 15, 4, 1]
(2, (1, 1, 1), (2, 1)): [294, 95, 66, 29, 31, 8, 4, 0, 0, 0, 0, 0, 1]
(2, (1, 1, 1), (2, 2)): [343, 56, 45, 28, 16, 5, 2, 0, 0, 0, 1]
(2, (1, 1, 1), (3, 0)): [42, 94, 15, 21, 7, 8, 1]
(2, (1, 1, 1), (3, 1)): [96, 96, 26, 23, 22, 6, 4]
(2, (1, 1, 1), (3, 2)): [155, 79, 31, 31, 17, 7, 4, 0, 0, 0, 1]
