(0, (0, 0, 0), (0, 0)): [2316511, 475120, 218425, 100144, 45006, 19242, 8018, 3236, 1324, 579, 247, 121, 42, 23, 6, 1, 1, 1]
(0, (0, 0, 0), (0, 1)): [494052, 95477, 43395, 20096, 8905, 3803, 1559, 569, 254, 109, 49, 23, 7, 5, 1, 1]
(0, (0, 0, 0), (0, 2)): [193163, 33021, 14740, 6689, 2901, 1223, 496, 173, 83, 35, 8, 4, 4, 1, 1]
(0, (0, 0, 0), (1, 0)): [396695, 89158, 42212, 19720, 9233, 3900, 1698, 698, 273, 108, 54, 21, 6, 6, 2, 0, 1]
(0, (0, 0, 0), (1, 1)): [404889, 82236, 38203, 17725, 7987, 3405, 1426, 555, 240, 87, 52, 21, 4, 6, 0, 1, 1]
(0, (0, 0, 0), (1, 2)): [286616, 50788, 23224, 10421, 4620, 1937, 831, 314, 140, 48, 17, 8, 5, 2, 1]
(0, (0, 0, 0), (2, 0)): [126036, 31310, 15909, 7554, 3700, 1508, 670, 291, 105, 50, 23, 9, 2, 3, 1]
(0, (0, 0, 0), (2, 1)): [203981, 45596, 22266, 10396, 4880, 2061, 831, 370, 146, 58, 31, 14, 3, 4, 0, 0, 1]
(0, (0, 0, 0), (2, 2)): [225375, 43711, 20711, 9494, 4259, 1756, 748, 281, 141, 45, 20, 6, 5, 2, 1, 0, 1]
(0, (0, 0, 0), (3, 0)): [36116, 10107, 5971, 3013, 1497, 608, 277, 118, 45, 26, 12, 4, 0, 2, 1]
(0, (0, 0, 0), (3, 1)): [77045, 20047, 10778, 5307, 2572, 1112, 445, 217, 88, 35, 12, 11, 2, 4, 1]
(0, (0, 0, 0), (3, 2)): [117950, 26650, 14021, 6565, 3079, 1303, 538, 229, 105, 40, 13, 11, 4, 2, 1, 0, 1]
(0, (0, 0, 1), (0, 0)): [8010, 25239, 6906, 3401, 1632, 711, 314, 124, 54, 32, 18, 4, 3, 3]
(0, (0, 0, 1), (0, 1)): [1259, 3859, 1053, 498, 232, 107, 42, 16, 10, 5, 4, 1, 0, 1]
(0, (0, 0, 1), (0, 2)): [577, 1443, 372, 173, 74, 41, 17, 6, 7, 0, 1]
(0, (0, 0, 1), (1, 0)): [1168, 4135, 1179, 649, 323, 143, 64, 23, 9, 6, 6]
(0, (0, 0, 1), (1, 1)): [1105, 3537, 956, 485, 253, 111, 41, 15, 5, 9, 2, 1, 0, 1]
(0, (0, 0, 1), (1, 2)): [894, 2267, 590, 289, 129, 66, 24, 10, 4, 4, 1]
(0, (0, 0, 1), (2, 0)): [437, 1515, 470, 288, 129, 61, 28, 12, 5, 2, 5]
(0, (0, 0, 1), (2, 1)): [596, 2025, 584, 338, 165, 72, 34, 12, 6, 6, 2, 1]
(0, (0, 0, 1), (2, 2)): [798, 2086, 564, 284, 142, 65, 23, 9, 3, 4, 1]
(0, (0, 0, 1), (3, 0)): [143, 511, 149, 119, 48, 25, 11, 3, 1, 0, 3]
(0, (0, 0, 1), (3, 1)): [245, 873, 257, 206, 89, 38, 22, 4, 3, 4, 0, 1]
(0, (0, 0, 1), (3, 2)): [445, 1271, 348, 243, 121, 49, 19, 4, 3, 3]
(0, (0, 1, 0), (0, 0)): [86585, 80682, 31996, 15949, 7532, 3302, 1423, 588, 248, 125, 43, 19, 9, 6, 3, 0, 1]
(0, (0, 1, 0), (0, 1)): [17919, 15576, 6233, 3023, 1382, 600, 275, 106, 43, 24, 8, 4, 3, 1, 1]
(0, (0, 1, 0), (0, 2)): [7419, 5477, 2199, 1022, 475, 211, 102, 37, 16, 6, 0, 1, 2]
(0, (0, 1, 0), (1, 0)): [16672, 15759, 6669, 3578, 1682, 780, 322, 135, 60, 19, 10, 5, 2, 2, 1, 0, 1]
(0, (0, 1, 0), (1, 1)): [15272, 13272, 5487, 2819, 1294, 566, 251, 103, 35, 23, 11, 4, 1, 2, 1]
(0, (0, 1, 0), (1, 2)): [10877, 8306, 3449, 1703, 750, 329, 136, 69, 21, 9, 3, 3, 2, 0, 1]
(0, (0, 1, 0), (2, 0)): [6070, 5622, 2554, 1451, 688, 349, 129, 61, 26, 5, 2, 4, 2, 1, 0, 0, 1]
(0, (0, 1, 0), (2, 1)): [8283, 7365, 3186, 1671, 816, 381, 175, 58, 25, 17, 6, 3, 1, 1, 0, 0, 1]
(0, (0, 1, 0), (2, 2)): [9146, 7091, 3081, 1492, 706, 307, 142, 54, 23, 9, 5, 3, 1, 0, 1, 0, 1]
(0, (0, 1, 0), (3, 0)): [2090, 1667, 878, 600, 275, 151, 57, 32, 12, 2, 0, 1, 1]
(0, (0, 1, 0), (3, 1)): [3669, 3022, 1466, 965, 450, 214, 84, 41, 9, 6, 2, 2, 0, 1]
(0, (0, 1, 0), (3, 2)): [5414, 4095, 1944, 1087, 527, 249, 124, 42, 11, 10, 3, 1, 0, 0, 1, 0, 1]
(0, (0, 1, 1), (0, 0)): [6819, 12004, 14133, 6624, 3484, 1689, 726, 318, 158, 68, 22, 16, 4, 4, 2, 0, 1, 1]
(0, (0, 1, 1), (0, 1)): [1392, 2315, 2580, 1166, 616, 293, 133, 53, 25, 12, 4, 4, 1, 0, 0, 0, 1]
(0, (0, 1, 1), (0, 2)): [667, 892, 960, 433, 229, 111, 50, 23, 7, 4, 1, 2]
(0, (0, 1, 1), (1, 0)): [1293, 2396, 2842, 1428, 745, 396, 156, 69, 38, 12, 7, 6, 1, 1, 1]
(0, (0, 1, 1), (1, 1)): [1136, 2005, 2286, 1044, 556, 255, 114, 39, 19, 8, 6, 3, 2, 0, 0, 0, 1]
(0, (0, 1, 1), (1, 2)): [951, 1306, 1423, 621, 368, 168, 67, 26, 15, 2, 2, 3, 1, 0, 0, 0, 1]
(0, (0, 1, 1), (2, 0)): [521, 1022, 1070, 597, 346, 207, 71, 34, 24, 7, 3, 2, 0, 1, 1]
(0, (0, 1, 1), (2, 1)): [573, 1100, 1257, 619, 286, 159, 65, 32, 12, 9, 5, 1, 1, 0, 1]
(0, (0, 1, 1), (2, 2)): [745, 1143, 1223, 570, 300, 144, 52, 24, 12, 7, 2, 3, 1, 0, 0, 0, 1]
(0, (0, 1, 1), (3, 0)): [273, 480, 455, 293, 196, 103, 37, 12, 16, 1, 1, 2, 0, 1]
(0, (0, 1, 1), (3, 1)): [232, 440, 509, 275, 169, 94, 37, 16, 12, 4, 2, 1, 0, 0, 1]
(0, (0, 1, 1), (3, 2)): [422, 634, 691, 382, 187, 109, 45, 21, 12, 4, 3, 0, 1, 0, 0, 0, 1]
(0, (1, 0, 0), (0, 0)): [480422, 157523, 103735, 51767, 24942, 11105, 4668, 1986, 843, 369, 170, 71, 26, 17, 4, 1, 1, 1]
(0, (1, 0, 0), (0, 1)): [91955, 26763, 18485, 9113, 4351, 1895, 802, 312, 155, 59, 28, 12, 1, 3]
(0, (1, 0, 0), (0, 2)): [35979, 9084, 6347, 2952, 1365, 594, 267, 104, 48, 22, 11, 3]
(0, (1, 0, 0), (1, 0)): [77012, 26687, 18946, 9942, 4931, 2172, 919, 396, 158, 77, 43, 12, 3, 6, 2, 0, 1]
(0, (1, 0, 0), (1, 1)): [69287, 21429, 15044, 7693, 3650, 1662, 696, 280, 123, 49, 25, 10, 1, 4, 1]
(0, (1, 0, 0), (1, 2)): [46904, 12570, 8821, 4356, 2011, 883, 387, 155, 77, 24, 9, 5, 0, 0, 1]
(0, (1, 0, 0), (2, 0)): [23869, 9071, 6760, 3736, 1930, 851, 351, 151, 52, 41, 22, 4, 3, 3, 0, 0, 1]
(0, (1, 0, 0), (2, 1)): [33231, 11160, 8066, 4274, 2107, 965, 395, 175, 72, 40, 20, 6, 0, 6, 0, 0, 1]
(0, (1, 0, 0), (2, 2)): [34051, 9899, 7037, 3492, 1681, 710, 349, 136, 65, 27, 13, 4, 0, 3]
(0, (1, 0, 0), (3, 0)): [6127, 2873, 2195, 1460, 760, 331, 146, 52, 24, 18, 8, 1, 2]
(0, (1, 0, 0), (3, 1)): [11877, 4798, 3553, 2181, 1090, 524, 213, 95, 37, 19, 12, 2, 2, 2]
(0, (1, 0, 0), (3, 2)): [16082, 5852, 4110, 2339, 1150, 488, 245, 102, 48, 19, 10, 4, 0, 1]
(0, (1, 0, 1), (0, 0)): [11192, 34415, 13832, 10080, 5247, 2452, 1153, 477, 232, 99, 51, 19, 11, 3, 2, 0, 0, 1]
(0, (1, 0, 1), (0, 1)): [2147, 5698, 2318, 1743, 866, 412, 188, 73, 39, 15, 8, 1, 4, 1]
(0, (1, 0, 1), (0, 2)): [1017, 2091, 838, 612, 290, 138, 62, 25, 13, 1, 2, 1, 2, 1]
(0, (1, 0, 1), (1, 0)): [1770, 5809, 2357, 1805, 967, 475, 204, 91, 49, 25, 15, 2, 1, 1, 1]
(0, (1, 0, 1), (1, 1)): [1650, 4504, 1900, 1386, 711, 317, 142, 66, 40, 17, 8, 1, 1]
(0, (1, 0, 1), (1, 2)): [1353, 2759, 1165, 803, 416, 181, 76, 38, 22, 5, 2, 1, 2]
(0, (1, 0, 1), (2, 0)): [578, 1961, 789, 648, 360, 199, 79, 35, 18, 13, 5, 1]
(0, (1, 0, 1), (2, 1)): [765, 2288, 979, 735, 381, 206, 84, 34, 22, 16, 6]
(0, (1, 0, 1), (2, 2)): [998, 2110, 919, 664, 334, 165, 74, 38, 12, 10, 3]
(0, (1, 0, 1), (3, 0)): [191, 593, 272, 191, 135, 83, 29, 13, 8, 3, 1, 1]
(0, (1, 0, 1), (3, 1)): [301, 792, 416, 311, 200, 103, 39, 19, 15, 9, 3]
(0, (1, 0, 1), (3, 2)): [486, 1064, 559, 368, 239, 122, 52, 24, 15, 11, 5]
(0, (1, 1, 0), (0, 0)): [69402, 43429, 31766, 23507, 12524, 5849, 2521, 1154, 489, 218, 100, 43, 13, 6, 1, 0, 1]
(0, (1, 1, 0), (0, 1)): [14704, 7967, 5429, 4207, 2286, 986, 470, 197, 81, 28, 16, 9, 1, 1, 1, 0, 1]
(0, (1, 1, 0), (0, 2)): [6167, 2871, 1885, 1481, 788, 346, 148, 80, 32, 13, 5, 1]
(0, (1, 1, 0), (1, 0)): [11382, 7339, 5423, 4321, 2293, 1106, 469, 212, 90, 39, 21, 7, 3, 3]
(0, (1, 1, 0), (1, 1)): [10801, 6162, 4385, 3483, 1801, 802, 371, 155, 49, 22, 18, 4, 2, 2, 1, 0, 1]
(0, (1, 1, 0), (1, 2)): [8029, 3811, 2640, 2156, 1084, 461, 207, 93, 36, 19, 5, 3, 0, 1, 0, 0, 1]
(0, (1, 1, 0), (2, 0)): [3339, 2452, 1845, 1473, 888, 452, 192, 88, 41, 14, 7, 5, 0, 1]
(0, (1, 1, 0), (2, 1)): [4988, 3127, 2297, 1831, 1033, 465, 216, 92, 42, 12, 12, 5, 2, 0, 1]
(0, (1, 1, 0), (2, 2)): [5724, 2999, 2107, 1687, 903, 395, 178, 90, 32, 18, 7, 2, 0, 0, 0, 0, 1]
(0, (1, 1, 0), (3, 0)): [755, 786, 642, 486, 343, 178, 75, 32, 14, 6, 3, 2, 0, 1]
(0, (1, 1, 0), (3, 1)): [1694, 1314, 1019, 832, 561, 284, 122, 46, 23, 8, 6, 2, 2, 0, 1]
(0, (1, 1, 0), (3, 2)): [2661, 1698, 1294, 1043, 646, 304, 128, 69, 22, 11, 6, 0, 0, 0, 0, 0, 1]
(0, (1, 1, 1), (0, 0)): [6616, 13055, 10393, 7484, 6201, 3095, 1442, 672, 327, 132, 65, 25, 7, 4, 1, 0, 1]
(0, (1, 1, 1), (0, 1)): [1559, 2646, 2038, 1372, 1189, 593, 252, 127, 66, 23, 9, 5, 3, 1]
(0, (1, 1, 1), (0, 2)): [829, 1047, 749, 508, 437, 209, 82, 43, 22, 7, 6, 2, 1]
(0, (1, 1, 1), (1, 0)): [1020, 2324, 1872, 1327, 1123, 606, 274, 103, 62, 29, 12, 4, 0, 1, 0, 0, 1]
(0, (1, 1, 1), (1, 1)): [1044, 2068, 1591, 1070, 937, 508, 225, 108, 55, 22, 6, 4, 1, 1, 0, 0, 1]
(0, (1, 1, 1), (1, 2)): [981, 1414, 1053, 693, 609, 282, 120, 61, 29, 13, 5, 4, 0, 1, 0, 0, 1]
(0, (1, 1, 1), (2, 0)): [285, 685, 633, 479, 410, 225, 91, 38, 18, 13, 5, 2, 0, 1]
(0, (1, 1, 1), (2, 1)): [464, 953, 814, 563, 469, 282, 116, 58, 37, 13, 4, 0, 1]
(0, (1, 1, 1), (2, 2)): [624, 1048, 815, 550, 466, 247, 104, 57, 28, 14, 3, 2, 1]
(0, (1, 1, 1), (3, 0)): [52, 178, 168, 170, 123, 83, 41, 18, 5, 5, 3, 1, 0, 1]
(0, (1, 1, 1), (3, 1)): [134, 332, 322, 241, 210, 125, 62, 24, 12, 7, 2, 1, 0, 1]
(0, (1, 1, 1), (3, 2)): [233, 508, 449, 328, 298, 159, 87, 35, 19, 8, 2, 1, 1, 1]
(1, (0, 0, 0), (0, 0)): [1898993, 213724, 87281, 34733, 13602, 5169, 2000, 713, 253, 105, 36, 23, 8, 3, 0, 1]
(1, (0, 0, 0), (0, 1)): [406899, 42525, 17147, 6784, 2684, 997, 376, 137, 42, 15, 5, 5, 1, 1]
(1, (0, 0, 0), (0, 2)): [160947, 14122, 5726, 2106, 848, 311, 102, 36, 6, 5, 1, 3]
(1, (0, 0, 0), (1, 0)): [339427, 43244, 18099, 7320, 2952, 1129, 424, 139, 55, 23, 6, 3, 0, 0, 0, 1]
(1, (0, 0, 0), (1, 1)): [340607, 38399, 15611, 6233, 2504, 900, 383, 131, 42, 14, 7, 2, 1, 1]
(1, (0, 0, 0), (1, 2)): [239454, 22568, 9086, 3511, 1423, 509, 193, 58, 19, 8, 2, 2, 1]
(1, (0, 0, 0), (2, 0)): [112053, 16054, 7239, 3068, 1224, 481, 175, 59, 25, 13, 2, 2, 0, 0, 0, 1]
(1, (0, 0, 0), (2, 1)): [176572, 22325, 9537, 3844, 1599, 601, 204, 84, 19, 16, 6, 2]
(1, (0, 0, 0), (2, 2)): [193604, 20348, 8550, 3431, 1357, 501, 172, 68, 22, 8, 2, 1]
(1, (0, 0, 0), (3, 0)): [32792, 5244, 2932, 1307, 487, 211, 94, 25, 17, 6, 1, 1, 0, 0, 0, 1]
(1, (0, 0, 0), (3, 1)): [69628, 10385, 5183, 2209, 915, 364, 118, 47, 14, 6, 3]
(1, (0, 0, 0), (3, 2)): [105143, 13217, 6455, 2603, 1099, 405, 135, 59, 14, 8, 4]
(1, (0, 0, 1), (0, 0)): [49847, 71354, 14338, 6347, 2564, 1068, 408, 145, 71, 22, 15, 9, 3, 2]
(1, (0, 0, 1), (0, 1)): [9431, 11542, 2339, 988, 351, 155, 79, 21, 4, 1, 3, 1]
(1, (0, 0, 1), (0, 2)): [4206, 3856, 747, 299, 115, 49, 22, 3, 3, 0, 1, 1]
(1, (0, 0, 1), (1, 0)): [9634, 14216, 3008, 1516, 608, 266, 87, 32, 23, 5, 2, 1]
(1, (0, 0, 1), (1, 1)): [8510, 10831, 2244, 1015, 379, 153, 68, 22, 7, 3, 1, 1]
(1, (0, 0, 1), (1, 2)): [6525, 6152, 1268, 544, 209, 86, 43, 8, 5, 1, 1, 2]
(1, (0, 0, 1), (2, 0)): [4001, 5784, 1325, 772, 311, 142, 51, 19, 13, 3, 1]
(1, (0, 0, 1), (2, 1)): [4815, 6399, 1373, 705, 264, 112, 36, 20, 7, 2, 1]
(1, (0, 0, 1), (2, 2)): [5677, 5641, 1219, 577, 199, 79, 43, 12, 3, 1, 2, 2]
(1, (0, 0, 1), (3, 0)): [1873, 2332, 606, 426, 175, 86, 29, 9, 5, 1, 1]
(1, (0, 0, 1), (3, 1)): [2142, 2788, 705, 388, 158, 77, 23, 13, 4, 2]
(1, (0, 0, 1), (3, 2)): [3401, 3490, 855, 462, 171, 79, 39, 12, 3, 0, 1]
(1, (0, 1, 0), (0, 0)): [252923, 108414, 40566, 17688, 7199, 2866, 1025, 442, 132, 69, 33, 10, 10, 2, 1]
(1, (0, 1, 0), (0, 1)): [48914, 18809, 7132, 2938, 1211, 500, 175, 81, 18, 12, 6, 1, 1]
(1, (0, 1, 0), (0, 2)): [19635, 6657, 2429, 908, 386, 167, 53, 24, 7, 4, 1, 1, 1]
(1, (0, 1, 0), (1, 0)): [50337, 21125, 8490, 4228, 1704, 688, 261, 98, 43, 18, 8, 0, 0, 1]
(1, (0, 1, 0), (1, 1)): [43531, 16994, 6658, 3010, 1208, 471, 186, 65, 21, 7, 6, 0, 0, 1]
(1, (0, 1, 0), (1, 2)): [30075, 10390, 3850, 1608, 632, 251, 93, 43, 13, 7, 1, 1]
(1, (0, 1, 0), (2, 0)): [20768, 8452, 3667, 2118, 892, 360, 128, 58, 23, 12, 6]
(1, (0, 1, 0), (2, 1)): [24946, 9830, 4159, 2030, 870, 330, 131, 46, 16, 7, 5, 0, 0, 1]
(1, (0, 1, 0), (2, 2)): [25971, 9054, 3625, 1601, 650, 266, 94, 34, 11, 6, 3]
(1, (0, 1, 0), (3, 0)): [9132, 3394, 1584, 1153, 494, 201, 73, 31, 11, 7, 2]
(1, (0, 1, 0), (3, 1)): [11550, 4307, 2062, 1258, 544, 194, 90, 41, 16, 6, 3, 0, 0, 1]
(1, (0, 1, 0), (3, 2)): [15859, 5554, 2521, 1330, 585, 202, 90, 34, 9, 7, 3, 0, 0, 1]
(1, (0, 1, 1), (0, 0)): [39125, 33105, 28128, 11539, 6026, 2395, 977, 397, 165, 53, 18, 9, 3, 2, 0, 1]
(1, (0, 1, 1), (0, 1)): [6772, 5132, 4339, 1736, 807, 290, 140, 68, 16, 2, 5, 1]
(1, (0, 1, 1), (0, 2)): [3247, 1636, 1553, 618, 290, 91, 49, 27, 3, 0, 4]
(1, (0, 1, 1), (1, 0)): [8251, 7479, 5626, 2552, 1519, 639, 258, 97, 36, 17, 2, 2, 1]
(1, (0, 1, 1), (1, 1)): [5762, 4650, 3813, 1571, 770, 280, 119, 51, 17, 7, 0, 2]
(1, (0, 1, 1), (1, 2)): [4753, 2669, 2379, 926, 468, 158, 71, 34, 7, 4, 3, 1]
(1, (0, 1, 1), (2, 0)): [4492, 3910, 2796, 1396, 980, 437, 179, 66, 26, 10, 2, 1]
(1, (0, 1, 1), (2, 1)): [3116, 2627, 2155, 954, 473, 199, 86, 25, 10, 3]
(1, (0, 1, 1), (2, 2)): [3956, 2342, 2067, 852, 420, 142, 62, 21, 6, 1, 2, 1]
(1, (0, 1, 1), (3, 0)): [3188, 2554, 1667, 953, 798, 349, 139, 57, 22, 7, 2, 1]
(1, (0, 1, 1), (3, 1)): [1315, 1178, 927, 443, 267, 141, 51, 23, 9, 3]
(1, (0, 1, 1), (3, 2)): [2216, 1510, 1172, 572, 340, 122, 48, 20, 7, 2, 1, 1]
(1, (1, 0, 0), (0, 0)): [701498, 122225, 82151, 35045, 14308, 5681, 2245, 817, 315, 139, 49, 31, 7, 3, 0, 2]
(1, (1, 0, 0), (0, 1)): [134746, 20796, 14468, 6161, 2435, 963, 378, 149, 42, 19, 9, 4, 1]
(1, (1, 0, 0), (0, 2)): [52243, 6942, 4691, 1935, 750, 332, 125, 42, 11, 6, 4]
(1, (1, 0, 0), (1, 0)): [120949, 22459, 16132, 7235, 3009, 1213, 495, 176, 56, 30, 9, 4, 2, 0, 0, 1]
(1, (1, 0, 0), (1, 1)): [106963, 17674, 12506, 5492, 2177, 836, 350, 129, 39, 20, 7, 6, 1, 0, 0, 1]
(1, (1, 0, 0), (1, 2)): [71655, 10236, 7091, 3010, 1160, 448, 184, 67, 20, 8, 6, 1]
(1, (1, 0, 0), (2, 0)): [39310, 7971, 5951, 2931, 1253, 507, 211, 73, 31, 10, 3, 0, 1]
(1, (1, 0, 0), (2, 1)): [53159, 9614, 6943, 3350, 1332, 538, 220, 76, 24, 10, 5, 4, 1, 0, 0, 1]
(1, (1, 0, 0), (2, 2)): [53886, 8403, 5806, 2667, 1061, 418, 165, 61, 15, 8, 3, 1, 1]
(1, (1, 0, 0), (3, 0)): [11018, 2606, 1890, 1144, 516, 205, 91, 26, 13, 5, 1, 0, 1]
(1, (1, 0, 0), (3, 1)): [20336, 4424, 3094, 1805, 741, 287, 138, 34, 18, 5, 3, 1, 0, 0, 0, 1]
(1, (1, 0, 0), (3, 2)): [26912, 5301, 3528, 1901, 746, 299, 133, 37, 18, 9, 4, 2, 1, 0, 0, 1]
(1, (1, 0, 1), (0, 0)): [57223, 64278, 20502, 14222, 6141, 2563, 1002, 395, 139, 76, 22, 10, 2, 1]
(1, (1, 0, 1), (0, 1)): [11512, 10368, 3296, 2352, 993, 419, 147, 54, 27, 9, 3, 1, 2]
(1, (1, 0, 1), (0, 2)): [5127, 3459, 1131, 825, 348, 134, 62, 25, 9, 3, 2, 0, 1]
(1, (1, 0, 1), (1, 0)): [9860, 10939, 3682, 2692, 1254, 524, 199, 87, 28, 18, 1, 3]
(1, (1, 0, 1), (1, 1)): [8861, 8474, 2791, 1999, 818, 369, 125, 40, 17, 7, 1, 3, 1]
(1, (1, 0, 1), (1, 2)): [6619, 4822, 1650, 1164, 459, 199, 77, 35, 10, 3, 3]
(1, (1, 0, 1), (2, 0)): [3365, 3617, 1316, 980, 514, 215, 83, 42, 10, 8, 0, 1]
(1, (1, 0, 1), (2, 1)): [4406, 4258, 1453, 1074, 520, 205, 74, 24, 13, 7, 0, 3]
(1, (1, 0, 1), (2, 2)): [4895, 3681, 1346, 934, 435, 158, 69, 22, 12, 3, 1]
(1, (1, 0, 1), (3, 0)): [1109, 1173, 462, 341, 209, 103, 34, 13, 1, 4]
(1, (1, 0, 1), (3, 1)): [1629, 1645, 664, 488, 259, 124, 34, 17, 2, 4, 0, 2]
(1, (1, 0, 1), (3, 2)): [2415, 2075, 845, 578, 330, 122, 46, 16, 9, 3, 0, 2]
(1, (1, 1, 0), (0, 0)): [198513, 59406, 39366, 29248, 12281, 5114, 1992, 791, 306, 130, 47, 25, 10, 5, 1]
(1, (1, 1, 0), (0, 1)): [41024, 10625, 6765, 5278, 2199, 923, 327, 136, 61, 22, 10, 4, 1]
(1, (1, 1, 0), (0, 2)): [16897, 3859, 2299, 1833, 745, 292, 93, 44, 18, 4, 3]
(1, (1, 1, 0), (1, 0)): [34377, 11001, 7359, 5751, 2495, 1025, 455, 163, 44, 29, 12, 4, 2, 1]
(1, (1, 1, 0), (1, 1)): [32054, 8932, 5984, 4612, 1934, 807, 301, 129, 47, 25, 10, 4, 1]
(1, (1, 1, 0), (1, 2)): [22955, 5537, 3453, 2674, 1113, 416, 144, 72, 29, 7, 7, 2, 1]
(1, (1, 1, 0), (2, 0)): [11001, 4085, 2577, 2057, 1039, 440, 208, 65, 19, 14, 7, 2, 2, 1]
(1, (1, 1, 0), (2, 1)): [15807, 4937, 3345, 2577, 1193, 520, 213, 68, 29, 15, 7, 2, 1]
(1, (1, 1, 0), (2, 2)): [17363, 4594, 2931, 2254, 1035, 428, 153, 62, 28, 9, 3, 2, 1]
(1, (1, 1, 0), (3, 0)): [2805, 1468, 936, 639, 420, 176, 83, 34, 4, 6, 1, 2, 1]
(1, (1, 1, 0), (3, 1)): [5725, 2424, 1634, 1214, 664, 292, 120, 40, 13, 10, 4, 2, 1]
(1, (1, 1, 0), (3, 2)): [8612, 2916, 1972, 1459, 778, 307, 107, 44, 22, 10, 2, 1, 1]
(1, (1, 1, 1), (0, 0)): [40705, 32498, 20208, 13052, 10148, 4326, 1764, 657, 271, 100, 33, 22, 9, 4, 1, 1]
(1, (1, 1, 1), (0, 1)): [9060, 6076, 3661, 2348, 1884, 765, 314, 110, 52, 18, 5, 1, 0, 1]
(1, (1, 1, 1), (0, 2)): [4383, 2136, 1327, 863, 661, 247, 102, 29, 11, 9, 2, 0, 0, 1]
(1, (1, 1, 1), (1, 0)): [6508, 5916, 3577, 2310, 2003, 882, 400, 141, 53, 17, 7, 7, 2]
(1, (1, 1, 1), (1, 1)): [6541, 4923, 3017, 1940, 1558, 662, 303, 107, 44, 12, 4, 3]
(1, (1, 1, 1), (1, 2)): [5391, 2934, 1899, 1210, 924, 401, 167, 56, 23, 10, 2, 3, 0, 1]
(1, (1, 1, 1), (2, 0)): [1701, 2002, 1251, 784, 728, 356, 163, 61, 20, 8, 3, 3, 1]
(1, (1, 1, 1), (2, 1)): [2825, 2625, 1573, 1007, 853, 388, 177, 59, 27, 8, 3, 2]
(1, (1, 1, 1), (2, 2)): [3639, 2403, 1540, 975, 792, 346, 157, 52, 21, 11, 1, 3, 0, 1]
(1, (1, 1, 1), (3, 0)): [287, 622, 445, 264, 214, 130, 61, 26, 6, 3, 0, 1, 1]
(1, (1, 1, 1), (3, 1)): [734, 1127, 732, 453, 384, 204, 78, 33, 17, 3, 2, 1, 1]
(1, (1, 1, 1), (3, 2)): [1393, 1433, 941, 579, 480, 251, 105, 37, 16, 4, 2, 1, 0, 1]
(2, (0, 0, 0), (0, 0)): [1660208, 79591, 26359, 8457, 2841, 888, 302, 101, 20, 8, 4, 0, 1]
(2, (0, 0, 0), (0, 1)): [352100, 14650, 4889, 1562, 568, 163, 53, 16, 4]
(2, (0, 0, 0), (0, 2)): [137874, 4018, 1402, 444, 165, 43, 4, 7, 1]
(2, (0, 0, 0), (1, 0)): [307925, 18009, 6086, 1938, 670, 182, 75, 20, 7, 0, 0, 0, 1]
(2, (0, 0, 0), (1, 1)): [302531, 14396, 4880, 1528, 562, 171, 66, 13, 5]
(2, (0, 0, 0), (1, 2)): [208121, 7029, 2452, 810, 283, 84, 27, 8, 1]
(2, (0, 0, 0), (2, 0)): [106846, 7052, 2842, 874, 304, 77, 30, 7, 3, 0, 0, 0, 1]
(2, (0, 0, 0), (2, 1)): [163510, 9105, 3462, 1013, 364, 106, 43, 10, 5]
(2, (0, 0, 0), (2, 2)): [175142, 7151, 2694, 841, 289, 86, 29, 7, 1]
(2, (0, 0, 0), (3, 0)): [33103, 2350, 1278, 406, 140, 38, 12, 4, 0, 0, 0, 0, 1]
(2, (0, 0, 0), (3, 1)): [68086, 4543, 2182, 684, 217, 62, 21, 7, 3]
(2, (0, 0, 0), (3, 2)): [101146, 5318, 2484, 756, 255, 83, 26, 7, 2]
(2, (0, 0, 1), (0, 0)): [153633, 43891, 9529, 3284, 1162, 411, 113, 40, 9, 6, 0, 2]
(2, (0, 0, 1), (0, 1)): [30204, 7088, 1557, 525, 172, 75, 15, 5, 1, 3]
(2, (0, 0, 1), (0, 2)): [12304, 2175, 463, 156, 52, 22, 4, 0, 0, 1]
(2, (0, 0, 1), (1, 0)): [32970, 8926, 2262, 884, 325, 100, 37, 15, 3, 1, 0, 1]
(2, (0, 0, 1), (1, 1)): [27909, 6826, 1530, 590, 194, 71, 16, 7, 1, 2]
(2, (0, 0, 1), (1, 2)): [19517, 3635, 774, 276, 107, 37, 8, 3, 0, 2]
(2, (0, 0, 1), (2, 0)): [14321, 3715, 1101, 495, 192, 57, 21, 9, 2, 1, 0, 1]
(2, (0, 0, 1), (2, 1)): [16651, 4247, 1110, 458, 161, 42, 16, 8, 0, 2]
(2, (0, 0, 1), (2, 2)): [17704, 3591, 871, 326, 118, 41, 8, 4]
(2, (0, 0, 1), (3, 0)): [6803, 1499, 540, 311, 108, 39, 13, 2, 2, 0, 0, 1]
(2, (0, 0, 1), (3, 1)): [7845, 1972, 628, 333, 106, 28, 12, 4, 0, 1]
(2, (0, 0, 1), (3, 2)): [11221, 2477, 707, 335, 115, 30, 11, 3, 0, 1]
(2, (0, 1, 0), (0, 0)): [406073, 82730, 23667, 8480, 2885, 921, 288, 83, 21, 13, 7, 0, 1]
(2, (0, 1, 0), (0, 1)): [78884, 13541, 3818, 1236, 463, 132, 42, 9, 6, 3, 1]
(2, (0, 1, 0), (0, 2)): [32058, 4081, 1148, 345, 117, 28, 11, 2, 3, 1]
(2, (0, 1, 0), (1, 0)): [86186, 16853, 5710, 2401, 781, 238, 88, 29, 1, 2, 0, 0, 1]
(2, (0, 1, 0), (1, 1)): [71900, 12897, 3918, 1373, 503, 135, 57, 14, 3, 2, 1]
(2, (0, 1, 0), (1, 2)): [50137, 6868, 1960, 683, 232, 54, 29, 7, 1, 1]
(2, (0, 1, 0), (2, 0)): [38364, 7112, 2700, 1428, 475, 146, 45, 18, 1, 2, 0, 0, 1]
(2, (0, 1, 0), (2, 1)): [42254, 7890, 2622, 1043, 369, 103, 34, 7, 2, 2, 1, 0, 1]
(2, (0, 1, 0), (2, 2)): [44667, 6600, 2033, 788, 277, 73, 33, 9, 0, 2]
(2, (0, 1, 0), (3, 0)): [19335, 3044, 1348, 947, 304, 95, 32, 16, 1, 2]
(2, (0, 1, 0), (3, 1)): [19527, 3672, 1423, 744, 261, 72, 26, 6, 2, 1, 1, 0, 1]
(2, (0, 1, 0), (3, 2)): [27924, 4404, 1576, 828, 274, 71, 41, 8, 0, 1, 0, 0, 1]
(2, (0, 1, 1), (0, 0)): [94293, 7780, 19263, 5724, 2254, 754, 248, 78, 25, 7, 5, 1, 0, 1]
(2, (0, 1, 1), (0, 1)): [18787, 1202, 3114, 929, 323, 119, 33, 11, 1, 2]
(2, (0, 1, 1), (0, 2)): [8148, 410, 971, 288, 110, 33, 12, 2, 0, 2]
(2, (0, 1, 1), (1, 0)): [20844, 1946, 3963, 1463, 653, 233, 71, 23, 6, 0, 3]
(2, (0, 1, 1), (1, 1)): [16733, 1169, 2956, 942, 345, 138, 31, 13, 4, 0, 1]
(2, (0, 1, 1), (1, 2)): [12718, 699, 1685, 491, 193, 65, 15, 4, 1, 2, 1]
(2, (0, 1, 1), (2, 0)): [9958, 1091, 1790, 762, 430, 141, 46, 16, 2, 0, 2]
(2, (0, 1, 1), (2, 1)): [9795, 763, 1801, 625, 281, 95, 24, 9, 3, 0, 1]
(2, (0, 1, 1), (2, 2)): [11358, 741, 1580, 535, 206, 79, 15, 5, 3, 1]
(2, (0, 1, 1), (3, 0)): [5720, 741, 912, 442, 292, 112, 30, 13, 1, 0, 1]
(2, (0, 1, 1), (3, 1)): [4528, 427, 834, 331, 185, 66, 21, 8, 1, 0, 1]
(2, (0, 1, 1), (3, 2)): [7080, 578, 1080, 404, 191, 80, 16, 8, 4, 1]
(2, (1, 0, 0), (0, 0)): [848487, 61069, 42004, 13428, 4444, 1400, 530, 153, 37, 15, 6, 1, 1]
(2, (1, 0, 0), (0, 1)): [162393, 9887, 6822, 2197, 732, 246, 90, 34, 10, 1, 0, 1]
(2, (1, 0, 0), (0, 2)): [62745, 2757, 1855, 619, 193, 60, 24, 9, 4]
(2, (1, 0, 0), (1, 0)): [149494, 12328, 8876, 3075, 1053, 299, 120, 32, 8, 2, 0, 0, 1]
(2, (1, 0, 0), (1, 1)): [132516, 8917, 6282, 2139, 716, 212, 84, 25, 7, 1]
(2, (1, 0, 0), (1, 2)): [88437, 4419, 2921, 1067, 332, 93, 32, 11, 4]
(2, (1, 0, 0), (2, 0)): [50018, 4753, 3324, 1344, 475, 140, 54, 20, 6, 2, 0, 0, 1]
(2, (1, 0, 0), (2, 1)): [68372, 5313, 3809, 1427, 480, 148, 56, 14, 5, 0, 0, 0, 1]
(2, (1, 0, 0), (2, 2)): [68750, 4172, 2729, 1042, 350, 103, 41, 10, 4]
(2, (1, 0, 0), (3, 0)): [14725, 1788, 1044, 606, 204, 60, 23, 12, 3, 2]
(2, (1, 0, 0), (3, 1)): [27460, 2824, 1823, 928, 271, 87, 32, 9, 3, 1, 0, 0, 1]
(2, (1, 0, 0), (3, 2)): [36436, 3106, 1921, 919, 297, 97, 31, 13, 1, 1, 0, 0, 1]
(2, (1, 0, 1), (0, 0)): [150810, 34507, 13600, 8918, 2959, 958, 325, 98, 32, 11, 2, 4, 2]
(2, (1, 0, 1), (0, 1)): [30709, 5771, 2133, 1478, 503, 167, 60, 14, 4, 2, 1, 1, 1]
(2, (1, 0, 1), (0, 2)): [12612, 1718, 634, 403, 149, 44, 12, 4, 1, 1]
(2, (1, 0, 1), (1, 0)): [28493, 6266, 2882, 2002, 742, 206, 74, 20, 3, 2, 0, 1]
(2, (1, 0, 1), (1, 1)): [25332, 4940, 2092, 1431, 528, 164, 58, 16, 3, 2, 1, 2, 1]
(2, (1, 0, 1), (1, 2)): [17735, 2597, 1080, 673, 261, 82, 31, 6, 3, 1, 0, 1]
(2, (1, 0, 1), (2, 0)): [10157, 2176, 1177, 778, 322, 92, 34, 11, 3]
(2, (1, 0, 1), (2, 1)): [13417, 2658, 1310, 847, 367, 110, 36, 13, 0, 1, 0, 1]
(2, (1, 0, 1), (2, 2)): [13808, 2072, 1022, 629, 243, 91, 36, 6, 3, 0, 0, 1]
(2, (1, 0, 1), (3, 0)): [3416, 670, 486, 288, 138, 41, 19, 3, 3]
(2, (1, 0, 1), (3, 1)): [5729, 1083, 671, 428, 237, 51, 28, 6, 3, 1]
(2, (1, 0, 1), (3, 2)): [7688, 1118, 788, 455, 230, 72, 24, 7, 5]
(2, (1, 1, 0), (0, 0)): [337016, 50271, 25308, 18203, 5951, 1881, 631, 213, 66, 29, 9, 3, 2, 1]
(2, (1, 1, 0), (0, 1)): [68300, 8434, 4121, 3094, 957, 290, 100, 35, 6, 5, 2, 1, 1]
(2, (1, 1, 0), (0, 2)): [28559, 2500, 1235, 889, 285, 82, 28, 14, 2, 2]
(2, (1, 1, 0), (1, 0)): [59808, 9073, 5065, 3866, 1404, 407, 146, 47, 18, 5, 1, 1]
(2, (1, 1, 0), (1, 1)): [56216, 7433, 3885, 2915, 910, 298, 88, 33, 9, 5, 2, 2, 1]
(2, (1, 1, 0), (1, 2)): [40809, 3928, 2059, 1455, 457, 149, 36, 18, 6, 1, 1, 1]
(2, (1, 1, 0), (2, 0)): [20460, 3186, 2032, 1491, 712, 189, 74, 23, 9, 3]
(2, (1, 1, 0), (2, 1)): [29333, 4054, 2407, 1800, 694, 186, 71, 24, 6, 4, 0, 0, 1]
(2, (1, 1, 0), (2, 2)): [32352, 3413, 1993, 1394, 516, 142, 49, 19, 10, 1, 1, 1]
(2, (1, 1, 0), (3, 0)): [6454, 985, 822, 485, 342, 98, 34, 11, 6, 2]
(2, (1, 1, 0), (3, 1)): [12264, 1758, 1349, 898, 480, 127, 48, 11, 5, 2, 0, 0, 1]
(2, (1, 1, 0), (3, 2)): [17749, 2100, 1626, 1008, 512, 116, 47, 16, 8, 1, 1]
(2, (1, 1, 1), (0, 0)): [100083, 14487, 16510, 8240, 6363, 1972, 665, 229, 78, 18, 9, 4, 1, 1]
(2, (1, 1, 1), (0, 1)): [22588, 2360, 2897, 1449, 1127, 360, 123, 39, 20, 4, 3, 0, 1]
(2, (1, 1, 1), (0, 2)): [10097, 759, 877, 449, 319, 96, 41, 8, 4, 1, 2]
(2, (1, 1, 1), (1, 0)): [16828, 3713, 3173, 1731, 1424, 447, 150, 57, 16, 5, 1, 2]
(2, (1, 1, 1), (1, 1)): [17536, 2484, 2605, 1388, 1084, 343, 116, 39, 16, 5, 1, 0, 1]
(2, (1, 1, 1), (1, 2)): [13820, 1327, 1413, 708, 534, 191, 64, 17, 5, 3, 2]
(2, (1, 1, 1), (2, 0)): [4717, 2095, 1104, 695, 568, 193, 61, 25, 7, 3, 0, 2]
(2, (1, 1, 1), (2, 1)): [7907, 1996, 1452, 896, 689, 238, 75, 22, 10, 2, 0, 0, 1]
(2, (1, 1, 1), (2, 2)): [9821, 1534, 1249, 719, 535, 203, 68, 18, 6, 4, 2]
(2, (1, 1, 1), (3, 0)): [781, 1269, 318, 287, 174, 90, 32, 16, 4, 3, 0, 1]
(2, (1, 1, 1), (3, 1)): [2259, 1651, 581, 494, 362, 134, 49, 12, 5, 3, 0, 1]
(2, (1, 1, 1), (3, 2)): [4169, 1705, 760, 629, 405, 172, 57, 16, 5, 3, 2]
