(0, (0, 0, 0), (0, 0)): [71, 8, 6, 6]
(0, (0, 0, 0), (0, 1)): [33, 4, 2, 3]
(0, (0, 0, 0), (0, 2)): [8, 2, 0, 1]
(0, (0, 0, 0), (1, 0)): [27, 2, 2, 1]
(0, (0, 0, 0), (1, 1)): [31, 1, 2, 3]
(0, (0, 0, 0), (1, 2)): [17, 1, 1, 1]
(0, (0, 0, 0), (2, 0)): [4, 1, 1]
(0, (0, 0, 0), (2, 1)): [13, 0, 2, 2]
(0, (0, 0, 0), (2, 2)): [11, 0, 0, 1]
(0, (0, 0, 0), (3, 0)): [1, 1]
(0, (0, 0, 0), (3, 1)): [2, 1, 1]
(0, (0, 0, 0), (3, 2)): [2, 1, 1]
(0, (0, 0, 1), (0, 0)): [0, 1, 0, 1]
(0, (0, 0, 1), (0, 1)): [0, 0, 0, 1]
(0, (0, 0, 1), (1, 0)): [0, 1]
(0, (0, 0, 1), (1, 1)): [0, 1]
(0, (0, 1, 0), (0, 0)): [1, 1]
(0, (0, 1, 0), (1, 0)): [1, 1]
(0, (0, 1, 0), (1, 1)): [1]
(0, (0, 1, 0), (2, 0)): [0, 1]
(0, (0, 1, 0), (2, 1)): [0, 1]
(0, (0, 1, 0), (2, 2)): [0, 1]
(0, (0, 1, 1), (0, 0)): [2]
(0, (0, 1, 1), (0, 1)): [1]
(0, (0, 1, 1), (0, 2)): [1]
(0, (0, 1, 1), (1, 0)): [1]
(0, (1, 0, 0), (0, 0)): [7, 5, 4, 3]
(0, (1, 0, 0), (0, 1)): [5, 0, 1, 2]
(0, (1, 0, 0), (0, 2)): [2, 0, 0, 1]
(0, (1, 0, 0), (1, 0)): [1, 3, 1]
(0, (1, 0, 0), (1, 1)): [2, 3, 1]
(0, (1, 0, 0), (1, 2)): [1, 0, 1]
(0, (1, 0, 1), (0, 0)): [1, 1]
(0, (1, 0, 1), (0, 1)): [1]
(0, (1, 0, 1), (0, 2)): [1]
(0, (1, 0, 1), (1, 0)): [0, 1]
(0, (1, 1, 0), (0, 0)): [1, 0, 1, 1]
(0, (1, 1, 0), (1, 0)): [0, 0, 0, 1]
(0, (1, 1, 0), (1, 1)): [0, 0, 0, 1]
(0, (1, 1, 0), (1, 2)): [0, 0, 0, 1]
(1, (0, 0, 0), (0, 0)): [65, 2, 3, 2]
(1, (0, 0, 0), (0, 1)): [28, 1, 3, 2]
(1, (0, 0, 0), (0, 2)): [13, 0, 0, 2]
(1, (0, 0, 0), (1, 0)): [26, 1]
(1, (0, 0, 0), (1, 1)): [23, 1, 2]
(1, (0, 0, 0), (1, 2)): [12, 1, 1, 1]
(1, (0, 0, 0), (2, 0)): [7, 1]
(1, (0, 0, 0), (2, 1)): [11, 0, 1]
(1, (0, 0, 0), (2, 2)): [7]
(1, (0, 0, 0), (3, 0)): [3, 1]
(1, (0, 0, 0), (3, 1)): [6, 1]
(1, (0, 0, 0), (3, 2)): [6]
(1, (0, 0, 1), (0, 0)): [1, 2]
(1, (0, 0, 1), (0, 1)): [0, 1]
(1, (0, 0, 1), (0, 2)): [0, 1]
(1, (0, 0, 1), (1, 0)): [1, 1]
(1, (0, 0, 1), (1, 1)): [1]
(1, (0, 0, 1), (1, 2)): [0, 1]
(1, (0, 0, 1), (2, 2)): [0, 1]
(1, (0, 1, 0), (0, 0)): [4, 3, 1, 1]
(1, (0, 1, 0), (0, 1)): [4, 3, 1]
(1, (0, 1, 0), (0, 2)): [2, 1]
(1, (0, 1, 0), (1, 0)): [0, 0, 0, 1]
(1, (0, 1, 0), (1, 1)): [2, 1, 0, 1]
(1, (0, 1, 0), (1, 2)): [3, 2]
(1, (0, 1, 0), (2, 1)): [0, 0, 0, 1]
(1, (0, 1, 0), (2, 2)): [1, 0, 0, 1]
(1, (0, 1, 0), (3, 2)): [1]
(1, (0, 1, 1), (0, 0)): [3, 0, 3, 2]
(1, (0, 1, 1), (0, 1)): [2, 0, 1]
(1, (0, 1, 1), (1, 0)): [1, 0, 0, 2]
(1, (0, 1, 1), (1, 1)): [3, 0, 1, 1]
(1, (0, 1, 1), (1, 2)): [2, 0, 1, 1]
(1, (0, 1, 1), (2, 2)): [1, 0, 0, 1]
(1, (1, 0, 0), (0, 0)): [17, 2, 3, 3]
(1, (1, 0, 0), (0, 1)): [5, 0, 2, 2]
(1, (1, 0, 0), (0, 2)): [2, 0, 0, 2]
(1, (1, 0, 0), (1, 0)): [6, 2, 1, 1]
(1, (1, 0, 0), (1, 1)): [6, 1, 2]
(1, (1, 0, 0), (1, 2)): [4, 0, 1]
(1, (1, 0, 0), (2, 0)): [1]
(1, (1, 0, 0), (2, 1)): [2, 1]
(1, (1, 0, 0), (2, 2)): [2, 0, 1]
(1, (1, 0, 0), (3, 0)): [1]
(1, (1, 0, 1), (0, 0)): [4, 3, 1, 1]
(1, (1, 0, 1), (0, 1)): [1, 0, 0, 1]
(1, (1, 0, 1), (0, 2)): [0, 0, 0, 1]
(1, (1, 0, 1), (1, 0)): [3, 1]
(1, (1, 0, 1), (1, 1)): [1, 1]
(1, (1, 0, 1), (1, 2)): [1, 1]
(1, (1, 0, 1), (2, 0)): [1]
(1, (1, 0, 1), (2, 1)): [1]
(1, (1, 0, 1), (2, 2)): [0, 1]
(1, (1, 1, 0), (0, 0)): [4, 1, 1, 1]
(1, (1, 1, 0), (0, 1)): [1, 0, 1, 1]
(1, (1, 1, 0), (0, 2)): [0, 0, 0, 1]
(1, (1, 1, 0), (1, 0)): [3, 1]
(1, (1, 1, 0), (1, 1)): [2, 0, 1]
(1, (1, 1, 0), (1, 2)): [0, 0, 1, 1]
(1, (1, 1, 0), (2, 0)): [1]
(1, (1, 1, 0), (2, 1)): [3]
(1, (1, 1, 0), (2, 2)): [0, 0, 0, 1]
(1, (1, 1, 0), (3, 1)): [1]
(1, (1, 1, 0), (3, 2)): [0, 0, 0, 1]
(1, (1, 1, 1), (0, 0)): [0, 0, 1]
(1, (1, 1, 1), (1, 0)): [0, 0, 1]
(1, (1, 1, 1), (2, 0)): [0, 0, 1]
(2, (0, 0, 0), (0, 0)): [56, 1, 3]
(2, (0, 0, 0), (0, 1)): [21, 1]
(2, (0, 0, 0), (0, 2)): [13]
(2, (0, 0, 0), (1, 0)): [22, 0, 3]
(2, (0, 0, 0), (1, 1)): [21, 0, 1]
(2, (0, 0, 0), (1, 2)): [10, 0, 1]
(2, (0, 0, 0), (2, 0)): [3, 0, 2]
(2, (0, 0, 0), (2, 1)): [13]
(2, (0, 0, 0), (2, 2)): [9, 0, 1]
(2, (0, 0, 0), (3, 0)): [0, 0, 2]
(2, (0, 0, 0), (3, 1)): [5, 0, 1]
(2, (0, 0, 0), (3, 2)): [5]
(2, (0, 0, 1), (0, 0)): [5]
(2, (0, 0, 1), (0, 1)): [1]
(2, (0, 0, 1), (1, 0)): [3]
(2, (0, 0, 1), (1, 1)): [3]
(2, (0, 0, 1), (1, 2)): [1]
(2, (0, 0, 1), (2, 1)): [1]
(2, (0, 0, 1), (2, 2)): [1]
(2, (0, 0, 1), (3, 1)): [1]
(2, (0, 1, 0), (0, 0)): [6, 2, 1]
(2, (0, 1, 0), (0, 1)): [2, 0, 1]
(2, (0, 1, 0), (0, 2)): [1]
(2, (0, 1, 0), (1, 0)): [2]
(2, (0, 1, 0), (1, 1)): [2]
(2, (0, 1, 0), (1, 2)): [2]
(2, (0, 1, 0), (2, 0)): [1]
(2, (0, 1, 0), (2, 1)): [1]
(2, (0, 1, 0), (3, 1)): [1]
(2, (0, 1, 0), (3, 2)): [1]
(2, (0, 1, 1), (0, 0)): [3, 0, 4, 1]
(2, (0, 1, 1), (0, 1)): [1, 0, 1]
(2, (0, 1, 1), (1, 0)): [2, 0, 3, 1]
(2, (0, 1, 1), (1, 1)): [0, 0, 2, 1]
(2, (0, 1, 1), (1, 2)): [0, 0, 0, 1]
(2, (0, 1, 1), (2, 0)): [1, 0, 1]
(2, (0, 1, 1), (3, 0)): [1, 0, 1]
(2, (0, 1, 1), (3, 1)): [1, 0, 1]
(2, (0, 1, 1), (3, 2)): [1]
(2, (1, 0, 0), (0, 0)): [27, 0, 5]
(2, (1, 0, 0), (0, 1)): [9, 0, 3]
(2, (1, 0, 0), (0, 2)): [1]
(2, (1, 0, 0), (1, 0)): [9, 0, 1]
(2, (1, 0, 0), (1, 1)): [9, 0, 2]
(2, (1, 0, 0), (1, 2)): [2]
(2, (1, 0, 0), (2, 0)): [4]
(2, (1, 0, 0), (2, 1)): [1]
(2, (1, 0, 0), (3, 1)): [1]
(2, (1, 0, 1), (0, 0)): [3, 0, 1]
(2, (1, 0, 1), (1, 0)): [2, 0, 1]
(2, (1, 0, 1), (2, 0)): [1]
(2, (1, 1, 0), (0, 0)): [6]
(2, (1, 1, 0), (0, 1)): [2]
(2, (1, 1, 0), (1, 0)): [4]
(2, (1, 1, 0), (1, 1)): [4]
(2, (1, 1, 0), (2, 1)): [1]
