(0, (0, 0, 0)): [472177, 96346, 45549, 21135, 9634, 4235, 1770, 755, 323, 164, 62, 25, 16, 4, 2]
(0, (0, 0, 1)): [2052, 6907, 1952, 916, 476, 184, 93, 52, 22, 10, 2, 1, 3]
(0, (0, 1, 0)): [15290, 15783, 6111, 2890, 1471, 673, 282, 129, 57, 34, 11, 4, 2]
(0, (0, 1, 1)): [1364, 2491, 3246, 1468, 792, 381, 164, 70, 40, 13, 5, 3, 0, 1, 1]
(0, (1, 0, 0)): [104805, 36716, 23125, 11607, 5612, 2537, 1102, 471, 204, 109, 43, 16, 10, 3, 2]
(0, (1, 0, 1)): [2386, 8028, 3397, 2322, 1257, 583, 305, 124, 58, 27, 10, 7, 3, 0, 1]
(0, (1, 1, 0)): [14005, 9420, 7693, 5231, 2869, 1342, 607, 294, 123, 60, 28, 9, 4, 1]
(0, (1, 1, 1)): [1404, 2694, 2320, 1850, 1447, 710, 329, 167, 76, 32, 19, 6, 0, 1, 1]
(1, (0, 0, 0)): [374595, 41086, 17092, 6931, 2755, 1101, 425, 170, 70, 26, 10, 6, 2, 1]
(1, (0, 0, 1)): [11175, 17750, 3476, 1468, 637, 255, 108, 54, 25, 8, 5, 4, 3, 1]
(1, (0, 1, 0)): [53030, 26225, 9068, 3772, 1589, 644, 247, 115, 28, 24, 7, 5, 4]
(1, (0, 1, 1)): [9036, 7920, 7752, 3040, 1501, 610, 239, 102, 52, 16, 7, 4, 1, 1]
(1, (1, 0, 0)): [153222, 28926, 17638, 7828, 3087, 1312, 496, 186, 91, 38, 14, 11, 2, 2]
(1, (1, 0, 1)): [11964, 15772, 5315, 3364, 1415, 646, 243, 91, 38, 27, 9, 2]
(1, (1, 1, 0)): [40839, 13190, 9480, 6313, 2747, 1206, 481, 190, 77, 34, 10, 6, 2, 3]
(1, (1, 1, 1)): [8282, 6964, 4527, 3123, 2169, 978, 401, 151, 72, 25, 10, 6, 2, 1]
(2, (0, 0, 0)): [320522, 13975, 4857, 1541, 559, 209, 71, 27, 6, 2, 2]
(2, (0, 0, 1)): [34400, 11393, 2109, 715, 250, 104, 36, 9, 1, 2, 0, 1]
(2, (0, 1, 0)): [86021, 20187, 4955, 1714, 570, 211, 58, 17, 5, 1]
(2, (0, 1, 1)): [21218, 1865, 5089, 1346, 504, 172, 65, 24, 10, 3, 1]
(2, (1, 0, 0)): [187955, 14587, 8411, 2774, 936, 294, 121, 41, 11, 3, 3]
(2, (1, 0, 1)): [31527, 8402, 3566, 1925, 599, 232, 76, 29, 11, 2, 0, 1]
(2, (1, 1, 0)): [70067, 11256, 6026, 3594, 1189, 408, 124, 46, 17, 6, 4, 0, 0, 1]
(2, (1, 1, 1)): [20594, 3118, 3615, 1866, 1244, 429, 139, 53, 24, 5, 4, 0, 0, 1]
