(0, (0, 0, 0)): [27116, 5069, 2228, 1041, 399, 187, 69, 33, 16, 6, 5, 2]
(0, (0, 0, 1)): [134, 266, 65, 42, 14, 7, 3, 1, 1]
(0, (0, 1, 0)): [997, 749, 272, 158, 70, 32, 14, 7, 2, 1]
(0, (0, 1, 1)): [98, 120, 124, 68, 31, 15, 7, 3, 3, 1]
(0, (1, 0, 0)): [5744, 1767, 1092, 564, 242, 121, 36, 22, 10, 5, 4, 1]
(0, (1, 0, 1)): [185, 356, 152, 108, 49, 29, 12, 3, 4, 1, 2]
(0, (1, 1, 0)): [760, 466, 336, 253, 126, 60, 18, 12, 5, 5, 1, 1]
(0, (1, 1, 1)): [90, 126, 95, 70, 66, 37, 13, 8, 3, 1, 1]
(1, (0, 0, 0)): [22072, 2251, 925, 343, 110, 44, 22, 12, 3, 1, 1, 1]
(1, (0, 0, 1)): [593, 674, 108, 58, 26, 8, 3, 2]
(1, (0, 1, 0)): [2831, 1063, 389, 166, 67, 30, 9, 4, 1, 1, 2]
(1, (0, 1, 1)): [501, 291, 271, 103, 58, 23, 9, 5, 0, 1, 0, 1]
(1, (1, 0, 0)): [8108, 1301, 857, 370, 123, 48, 23, 14, 2, 1, 1, 1]
(1, (1, 0, 1)): [745, 692, 203, 142, 53, 17, 8, 5, 0, 1]
(1, (1, 1, 0)): [2193, 648, 400, 312, 103, 56, 19, 11, 3, 1]
(1, (1, 1, 1)): [541, 308, 222, 148, 89, 58, 17, 11, 1, 1, 1, 1]
(2, (0, 0, 0)): [19250, 856, 290, 82, 17, 6, 4, 1]
(2, (0, 0, 1)): [1535, 382, 97, 32, 12, 1, 2, 0, 1]
(2, (0, 1, 0)): [4420, 866, 236, 91, 30, 8, 3, 1, 1, 1, 1]
(2, (0, 1, 1)): [934, 70, 173, 56, 18, 4, 1, 0, 2]
(2, (1, 0, 0)): [9786, 653, 451, 139, 34, 11, 5, 1]
(2, (1, 0, 1)): [1772, 367, 147, 109, 22, 9, 5, 1, 2, 1]
(2, (1, 1, 0)): [3865, 568, 293, 188, 65, 19, 10, 2, 1, 1]
(2, (1, 1, 1)): [1182, 167, 182, 92, 73, 26, 10, 5, 1]
