(0, (0, 0, 0), (0, 0)): [28894, 5757, 2566, 1097, 514, 217, 92, 34, 12, 4, 1, 1]
(0, (0, 0, 0), (0, 1)): [96, 16, 10, 3, 3, 0, 1]
(0, (0, 0, 0), (0, 2)): [30, 5, 2, 1, 1]
(0, (0, 0, 0), (1, 0)): [68, 12, 8, 3]
(0, (0, 0, 0), (1, 1)): [68, 11, 7, 0, 2]
(0, (0, 0, 0), (1, 2)): [68, 11, 5, 1, 2]
(0, (0, 0, 0), (2, 0)): [14, 5, 2]
(0, (0, 0, 0), (2, 1)): [14, 5, 2]
(0, (0, 0, 0), (2, 2)): [57, 9, 6, 1, 1]
(0, (0, 0, 1), (0, 0)): [113, 308, 92, 44, 31, 7, 5, 0, 0, 0, 0, 1]
(0, (0, 0, 1), (0, 1)): [1]
(0, (0, 0, 1), (1, 0)): [0, 2]
(0, (0, 0, 1), (1, 1)): [1]
(0, (0, 0, 1), (2, 0)): [0, 2]
(0, (0, 0, 1), (2, 1)): [0, 2]
(0, (0, 0, 1), (2, 2)): [0, 2]
(0, (0, 1, 0), (0, 0)): [1124, 1025, 419, 182, 95, 37, 11, 7, 4]
(0, (0, 1, 0), (0, 1)): [2, 2, 0, 0, 0, 0, 1]
(0, (0, 1, 0), (0, 2)): [0, 1]
(0, (0, 1, 0), (1, 0)): [1, 1]
(0, (0, 1, 0), (1, 1)): [2, 2]
(0, (0, 1, 0), (1, 2)): [2, 3]
(0, (0, 1, 0), (2, 2)): [1, 2]
(0, (0, 1, 1), (0, 0)): [83, 152, 158, 61, 44, 21, 10, 4, 1]
(0, (1, 0, 0), (0, 0)): [5850, 1988, 1193, 574, 277, 133, 53, 20, 8, 2, 1]
(0, (1, 0, 0), (0, 1)): [16, 3, 5, 1, 2]
(0, (1, 0, 0), (0, 2)): [5, 1, 2, 1, 1]
(0, (1, 0, 0), (1, 0)): [9, 4, 5, 3]
(0, (1, 0, 0), (1, 1)): [13, 2, 2, 0, 1]
(0, (1, 0, 0), (1, 2)): [17, 2, 1, 1, 1]
(0, (1, 0, 0), (2, 0)): [1, 0, 2]
(0, (1, 0, 0), (2, 1)): [1, 0, 2]
(0, (1, 0, 0), (2, 2)): [12, 0, 3, 1, 1]
(0, (1, 0, 1), (0, 0)): [170, 449, 195, 116, 63, 25, 7, 4, 1, 0, 1]
(0, (1, 0, 1), (0, 1)): [1, 1]
(0, (1, 0, 1), (1, 1)): [1, 1]
(0, (1, 0, 1), (1, 2)): [1, 1]
(0, (1, 0, 1), (2, 2)): [1]
(0, (1, 1, 0), (0, 0)): [841, 506, 372, 234, 131, 75, 32, 13, 6, 2]
(0, (1, 1, 0), (0, 1)): [2, 0, 3, 1, 0, 0, 1]
(0, (1, 1, 0), (0, 2)): [1, 0, 1, 1]
(0, (1, 1, 0), (1, 0)): [2, 0, 0, 1]
(0, (1, 1, 0), (1, 1)): [2, 0, 1]
(0, (1, 1, 0), (1, 2)): [3, 0, 0, 1]
(0, (1, 1, 0), (2, 2)): [3, 0, 0, 1]
(0, (1, 1, 1), (0, 0)): [84, 136, 125, 78, 63, 35, 15, 7, 3]
(0, (1, 1, 1), (0, 1)): [0, 0, 1]
(0, (1, 1, 1), (1, 1)): [0, 0, 1]
(1, (0, 0, 0), (0, 0)): [23904, 2624, 1038, 403, 168, 56, 29, 7, 3, 2]
(1, (0, 0, 0), (0, 1)): [84, 10, 4, 1, 1]
(1, (0, 0, 0), (0, 2)): [28, 3]
(1, (0, 0, 0), (1, 0)): [63, 4, 3]
(1, (0, 0, 0), (1, 1)): [57, 6, 5, 0, 1]
(1, (0, 0, 0), (1, 2)): [55, 6, 4, 0, 1]
(1, (0, 0, 0), (2, 0)): [14, 1]
(1, (0, 0, 0), (2, 1)): [14, 1]
(1, (0, 0, 0), (2, 2)): [51, 3, 3]
(1, (0, 0, 1), (0, 0)): [633, 913, 175, 78, 33, 11, 3, 0, 0, 0, 0, 1]
(1, (0, 0, 1), (0, 1)): [0, 4]
(1, (0, 0, 1), (1, 0)): [2, 1]
(1, (0, 0, 1), (1, 1)): [0, 4]
(1, (0, 0, 1), (1, 2)): [0, 3]
(1, (0, 0, 1), (2, 0)): [0, 1]
(1, (0, 0, 1), (2, 1)): [0, 1]
(1, (0, 0, 1), (2, 2)): [0, 1]
(1, (0, 1, 0), (0, 0)): [3148, 1301, 487, 218, 82, 33, 12, 6, 2, 1]
(1, (0, 1, 0), (0, 1)): [9, 3, 2, 0, 3]
(1, (0, 1, 0), (0, 2)): [6, 2, 1, 0, 1]
(1, (0, 1, 0), (1, 0)): [6, 6, 3]
(1, (0, 1, 0), (1, 1)): [5, 1, 1, 0, 2]
(1, (0, 1, 0), (1, 2)): [7, 2, 1, 0, 2]
(1, (0, 1, 0), (2, 0)): [1, 2]
(1, (0, 1, 0), (2, 1)): [1, 2]
(1, (0, 1, 0), (2, 2)): [7, 4, 1, 0, 1]
(1, (0, 1, 1), (0, 0)): [464, 388, 307, 129, 67, 30, 11, 2, 2, 1]
(1, (0, 1, 1), (0, 1)): [0, 1]
(1, (0, 1, 1), (1, 0)): [0, 0, 1, 1]
(1, (0, 1, 1), (1, 1)): [0, 1]
(1, (0, 1, 1), (1, 2)): [0, 1]
(1, (1, 0, 0), (0, 0)): [8697, 1530, 918, 407, 171, 68, 30, 6, 4, 1, 1]
(1, (1, 0, 0), (0, 1)): [33, 7, 1, 3, 1]
(1, (1, 0, 0), (0, 2)): [4, 3, 0, 1]
(1, (1, 0, 0), (1, 0)): [19, 3, 4, 2]
(1, (1, 0, 0), (1, 1)): [25, 4, 2, 1, 1]
(1, (1, 0, 0), (1, 2)): [21, 4, 2, 1, 1]
(1, (1, 0, 0), (2, 0)): [3, 0, 1]
(1, (1, 0, 0), (2, 1)): [3, 0, 1]
(1, (1, 0, 0), (2, 2)): [11, 0, 2, 1]
(1, (1, 0, 1), (0, 0)): [749, 826, 249, 151, 84, 31, 13, 4, 1]
(1, (1, 0, 1), (0, 1)): [3, 3, 2]
(1, (1, 0, 1), (0, 2)): [0, 1]
(1, (1, 0, 1), (1, 0)): [0, 2, 1]
(1, (1, 0, 1), (1, 1)): [1, 1]
(1, (1, 0, 1), (1, 2)): [1]
(1, (1, 0, 1), (2, 2)): [1]
(1, (1, 1, 0), (0, 0)): [2502, 695, 424, 328, 138, 57, 23, 8, 3, 2, 1]
(1, (1, 1, 0), (0, 1)): [5, 0, 1, 4]
(1, (1, 1, 0), (0, 2)): [2, 0, 1, 2]
(1, (1, 1, 0), (1, 0)): [5, 1]
(1, (1, 1, 0), (1, 1)): [3, 0, 0, 1]
(1, (1, 1, 0), (1, 2)): [4, 0, 0, 2]
(1, (1, 1, 0), (2, 0)): [1]
(1, (1, 1, 0), (2, 1)): [1]
(1, (1, 1, 0), (2, 2)): [3, 0, 0, 2]
(1, (1, 1, 1), (0, 0)): [488, 344, 220, 157, 113, 44, 23, 6, 6, 2]
(1, (1, 1, 1), (1, 0)): [0, 1]
(2, (0, 0, 0), (0, 0)): [20978, 953, 344, 96, 41, 9, 3]
(2, (0, 0, 0), (0, 1)): [70, 1, 3]
(2, (0, 0, 0), (0, 2)): [26]
(2, (0, 0, 0), (1, 0)): [52, 2, 2]
(2, (0, 0, 0), (1, 1)): [48, 0, 4]
(2, (0, 0, 0), (1, 2)): [50, 0, 3]
(2, (0, 0, 0), (2, 0)): [15]
(2, (0, 0, 0), (2, 1)): [15]
(2, (0, 0, 0), (2, 2)): [49, 0, 2]
(2, (0, 0, 1), (0, 0)): [1851, 501, 127, 43, 11, 5, 0, 2]
(2, (0, 0, 1), (0, 1)): [1, 1, 0, 0, 1]
(2, (0, 0, 1), (1, 0)): [7, 2]
(2, (0, 0, 1), (1, 1)): [4, 1, 0, 0, 1]
(2, (0, 0, 1), (1, 2)): [4, 1, 0, 0, 1]
(2, (0, 0, 1), (2, 0)): [1]
(2, (0, 0, 1), (2, 1)): [1]
(2, (0, 0, 1), (2, 2)): [4, 1]
(2, (0, 1, 0), (0, 0)): [5032, 1018, 273, 92, 38, 12, 3]
(2, (0, 1, 0), (0, 1)): [24, 6, 1]
(2, (0, 1, 0), (0, 2)): [9, 1]
(2, (0, 1, 0), (1, 0)): [13, 1, 2]
(2, (0, 1, 0), (1, 1)): [15, 4, 2]
(2, (0, 1, 0), (1, 2)): [17, 5, 1]
(2, (0, 1, 0), (2, 2)): [9, 1, 1]
(2, (0, 1, 1), (0, 0)): [1043, 89, 217, 54, 30, 9, 2, 0, 1]
(2, (0, 1, 1), (0, 1)): [1]
(2, (0, 1, 1), (1, 1)): [1]
(2, (1, 0, 0), (0, 0)): [10513, 756, 516, 153, 66, 12, 7]
(2, (1, 0, 0), (0, 1)): [33, 3, 2]
(2, (1, 0, 0), (0, 2)): [9, 1]
(2, (1, 0, 0), (1, 0)): [28, 2, 1, 1]
(2, (1, 0, 0), (1, 1)): [24, 1, 3]
(2, (1, 0, 0), (1, 2)): [18, 1, 2]
(2, (1, 0, 0), (2, 0)): [4]
(2, (1, 0, 0), (2, 1)): [4]
(2, (1, 0, 0), (2, 2)): [13, 0, 1]
(2, (1, 0, 1), (0, 0)): [1906, 435, 150, 117, 39, 12, 1]
(2, (1, 0, 1), (0, 1)): [2, 1]
(2, (1, 0, 1), (1, 0)): [6, 1]
(2, (1, 0, 1), (1, 1)): [3]
(2, (1, 0, 1), (1, 2)): [2]
(2, (1, 0, 1), (2, 0)): [2]
(2, (1, 0, 1), (2, 1)): [2]
(2, (1, 0, 1), (2, 2)): [4]
(2, (1, 1, 0), (0, 0)): [4191, 618, 293, 199, 82, 15, 10, 1]
(2, (1, 1, 0), (0, 1)): [21, 3]
(2, (1, 1, 0), (0, 2)): [7, 1]
(2, (1, 1, 0), (1, 0)): [15, 0, 2]
(2, (1, 1, 0), (1, 1)): [15, 2, 1]
(2, (1, 1, 0), (1, 2)): [16, 2, 1]
(2, (1, 1, 0), (2, 0)): [4]
(2, (1, 1, 0), (2, 1)): [4]
(2, (1, 1, 0), (2, 2)): [11, 0, 1]
(2, (1, 1, 1), (0, 0)): [1098, 153, 157, 81, 72, 20, 8]
(2, (1, 1, 1), (0, 1)): [4, 3]
(2, (1, 1, 1), (1, 0)): [3]
(2, (1, 1, 1), (1, 1)): [2, 2]
(2, (1, 1, 1), (1, 2)): [2, 2]
(2, (1, 1, 1), (2, 0)): [1]
(2, (1, 1, 1), (2, 1)): [1]
(2, (1, 1, 1), (2, 2)): [1]
