(0, (0, 0, 0), (0, 0)): [28537, 6009, 2845, 1175, 526, 216, 75, 37, 14, 7, 3, 2, 1, 1]
(0, (0, 0, 0), (0, 1)): [56, 9, 4, 4]
(0, (0, 0, 0), (0, 2)): [42, 6, 2, 4]
(0, (0, 0, 0), (1, 0)): [568, 114, 52, 19, 7, 2, 0, 1]
(0, (0, 0, 0), (1, 1)): [312, 58, 26, 8, 4, 0, 0, 1]
(0, (0, 0, 0), (1, 2)): [309, 53, 23, 10, 4, 0, 0, 1]
(0, (0, 0, 0), (2, 0)): [244, 53, 25, 10, 3, 2]
(0, (0, 0, 0), (2, 1)): [194, 44, 20, 9, 2, 2]
(0, (0, 0, 0), (2, 2)): [183, 40, 14, 10, 2, 2]
(0, (0, 0, 0), (3, 0)): [70, 13, 6, 1, 1]
(0, (0, 0, 0), (3, 1)): [81, 17, 9, 1, 1]
(0, (0, 0, 0), (3, 2)): [81, 17, 9, 1, 1]
(0, (0, 0, 1), (0, 0)): [154, 356, 93, 46, 22, 12, 2, 4, 0, 1, 1, 0, 0, 1]
(0, (0, 0, 1), (1, 0)): [0, 2, 2]
(0, (0, 0, 1), (1, 1)): [0, 1]
(0, (0, 0, 1), (2, 0)): [0, 1, 2]
(0, (0, 0, 1), (2, 1)): [0, 2, 2]
(0, (0, 0, 1), (2, 2)): [0, 2, 1]
(0, (0, 0, 1), (3, 1)): [0, 0, 1]
(0, (0, 0, 1), (3, 2)): [0, 0, 1]
(0, (0, 1, 0), (0, 0)): [1167, 1085, 451, 213, 89, 29, 20, 7, 2, 1, 1]
(0, (0, 1, 0), (0, 1)): [4, 1, 0, 2]
(0, (0, 1, 0), (0, 2)): [4, 1, 0, 2]
(0, (0, 1, 0), (1, 0)): [18, 22, 6, 2, 0, 0, 0, 1]
(0, (0, 1, 0), (1, 1)): [12, 10, 2, 2, 0, 0, 0, 1]
(0, (0, 1, 0), (1, 2)): [12, 9, 2, 4, 0, 0, 0, 1]
(0, (0, 1, 0), (2, 0)): [6, 11, 4]
(0, (0, 1, 0), (2, 1)): [5, 8, 2]
(0, (0, 1, 0), (2, 2)): [6, 5, 2, 1]
(0, (0, 1, 0), (3, 0)): [3, 3, 2]
(0, (0, 1, 0), (3, 1)): [3, 6, 2]
(0, (0, 1, 0), (3, 2)): [3, 6, 2]
(0, (0, 1, 1), (0, 0)): [104, 149, 164, 79, 37, 22, 6, 4, 2, 2]
(0, (0, 1, 1), (0, 1)): [0, 0, 1]
(0, (0, 1, 1), (0, 2)): [0, 0, 1]
(0, (0, 1, 1), (1, 0)): [0, 2, 1]
(0, (0, 1, 1), (1, 1)): [0, 1, 1]
(0, (0, 1, 1), (1, 2)): [0, 1, 2]
(0, (0, 1, 1), (2, 0)): [0, 1]
(0, (0, 1, 1), (2, 1)): [0, 1]
(0, (0, 1, 1), (2, 2)): [0, 1, 1]
(0, (1, 0, 0), (0, 0)): [5953, 1995, 1352, 596, 267, 125, 47, 19, 8, 7, 1, 1, 2]
(0, (1, 0, 0), (0, 1)): [12, 3, 1, 1]
(0, (1, 0, 0), (0, 2)): [10, 2, 1, 1]
(0, (1, 0, 0), (1, 0)): [104, 32, 23, 8, 3, 2]
(0, (1, 0, 0), (1, 1)): [50, 18, 13, 3, 2]
(0, (1, 0, 0), (1, 2)): [54, 17, 11, 2, 2]
(0, (1, 0, 0), (2, 0)): [54, 12, 10, 5, 1, 2]
(0, (1, 0, 0), (2, 1)): [43, 12, 9, 4, 1, 2]
(0, (1, 0, 0), (2, 2)): [41, 10, 8, 4, 1, 2]
(0, (1, 0, 0), (3, 0)): [14, 2, 2, 1]
(0, (1, 0, 0), (3, 1)): [15, 4, 2, 1]
(0, (1, 0, 0), (3, 2)): [15, 4, 2, 1]
(0, (1, 0, 1), (0, 0)): [162, 423, 201, 119, 55, 31, 10, 1, 1, 1]
(0, (1, 0, 1), (0, 1)): [0, 1, 1]
(0, (1, 0, 1), (0, 2)): [0, 0, 1]
(0, (1, 0, 1), (1, 0)): [2, 9, 2, 1]
(0, (1, 0, 1), (1, 1)): [0, 4, 1]
(0, (1, 0, 1), (1, 2)): [0, 3, 1]
(0, (1, 0, 1), (2, 0)): [2, 4, 1, 1]
(0, (1, 0, 1), (2, 1)): [2, 4, 1, 1]
(0, (1, 0, 1), (2, 2)): [1, 3, 1, 1]
(0, (1, 0, 1), (3, 0)): [0, 1]
(0, (1, 0, 1), (3, 1)): [1, 2]
(0, (1, 0, 1), (3, 2)): [1, 2]
(0, (1, 1, 0), (0, 0)): [772, 522, 379, 233, 149, 52, 21, 9, 4, 5, 1, 1, 1]
(0, (1, 1, 0), (0, 1)): [0, 1, 0, 1]
(0, (1, 1, 0), (0, 2)): [0, 1, 0, 1]
(0, (1, 1, 0), (1, 0)): [12, 7, 9, 3, 2]
(0, (1, 1, 0), (1, 1)): [7, 2, 5, 2, 1]
(0, (1, 1, 0), (1, 2)): [5, 3, 5, 2, 1]
(0, (1, 1, 0), (2, 0)): [5, 5, 4, 1, 1]
(0, (1, 1, 0), (2, 1)): [6, 4, 3, 1, 1]
(0, (1, 1, 0), (2, 2)): [5, 3, 3, 1, 1]
(0, (1, 1, 0), (3, 0)): [1, 1, 1]
(0, (1, 1, 0), (3, 1)): [1, 2, 1]
(0, (1, 1, 0), (3, 2)): [1, 2, 1]
(0, (1, 1, 1), (0, 0)): [78, 145, 129, 78, 61, 22, 13, 2, 3, 1, 0, 1, 1]
(0, (1, 1, 1), (1, 0)): [1, 2, 4, 2, 1]
(0, (1, 1, 1), (1, 1)): [1, 0, 1, 2, 1]
(0, (1, 1, 1), (1, 2)): [1, 0, 1, 2, 1]
(0, (1, 1, 1), (2, 0)): [0, 2, 3]
(0, (1, 1, 1), (2, 1)): [0, 1, 2]
(0, (1, 1, 1), (2, 2)): [0, 1, 2]
(0, (1, 1, 1), (3, 0)): [0, 1, 1]
(0, (1, 1, 1), (3, 1)): [0, 1, 1]
(0, (1, 1, 1), (3, 2)): [0, 1, 1]
(1, (0, 0, 0), (0, 0)): [23582, 2761, 1170, 422, 168, 65, 14, 9, 6, 1]
(1, (0, 0, 0), (0, 1)): [44, 4, 4, 1]
(1, (0, 0, 0), (0, 2)): [31, 3, 2, 1]
(1, (0, 0, 0), (1, 0)): [477, 54, 23, 8, 4, 1]
(1, (0, 0, 0), (1, 1)): [269, 25, 12, 3, 2]
(1, (0, 0, 0), (1, 2)): [264, 24, 12, 4, 2]
(1, (0, 0, 0), (2, 0)): [196, 27, 10, 4, 2, 1]
(1, (0, 0, 0), (2, 1)): [157, 20, 8, 4, 1, 1]
(1, (0, 0, 0), (2, 2)): [148, 20, 5, 4, 1, 1]
(1, (0, 0, 0), (3, 0)): [55, 8, 2, 0, 1]
(1, (0, 0, 0), (3, 1)): [65, 9, 4, 0, 1]
(1, (0, 0, 0), (3, 2)): [65, 9, 4, 0, 1]
(1, (0, 0, 1), (0, 0)): [711, 942, 170, 68, 23, 6, 9, 2, 2]
(1, (0, 0, 1), (0, 1)): [0, 3, 0, 1]
(1, (0, 0, 1), (0, 2)): [0, 3, 0, 1]
(1, (0, 0, 1), (1, 0)): [6, 12, 2, 1]
(1, (0, 0, 1), (1, 1)): [5, 6, 1, 1]
(1, (0, 0, 1), (1, 2)): [5, 6, 1, 2]
(1, (0, 0, 1), (2, 0)): [1, 5, 1]
(1, (0, 0, 1), (2, 1)): [1, 3]
(1, (0, 0, 1), (2, 2)): [1, 3]
(1, (0, 0, 1), (3, 0)): [0, 2, 1]
(1, (0, 0, 1), (3, 1)): [0, 3, 1]
(1, (0, 0, 1), (3, 2)): [0, 3, 1]
(1, (0, 1, 0), (0, 0)): [3431, 1454, 556, 253, 90, 34, 10, 10, 2, 0, 0, 0, 1]
(1, (0, 1, 0), (0, 1)): [7, 2, 2]
(1, (0, 1, 0), (0, 2)): [7, 2, 2]
(1, (0, 1, 0), (1, 0)): [55, 28, 8, 4, 0, 0, 0, 1]
(1, (0, 1, 0), (1, 1)): [28, 18, 5, 3, 0, 0, 0, 1]
(1, (0, 1, 0), (1, 2)): [32, 19, 7, 3, 0, 0, 0, 1]
(1, (0, 1, 0), (2, 0)): [26, 9, 3, 1]
(1, (0, 1, 0), (2, 1)): [19, 6, 2, 1]
(1, (0, 1, 0), (2, 2)): [17, 4, 3, 1]
(1, (0, 1, 0), (3, 0)): [7, 3, 1]
(1, (0, 1, 0), (3, 1)): [10, 5, 1]
(1, (0, 1, 0), (3, 2)): [10, 5, 1]
(1, (0, 1, 1), (0, 0)): [525, 412, 342, 123, 78, 24, 7, 6, 2, 2]
(1, (0, 1, 1), (0, 1)): [1, 1]
(1, (0, 1, 1), (0, 2)): [1, 1]
(1, (0, 1, 1), (1, 0)): [5, 3, 7, 2, 1, 1]
(1, (0, 1, 1), (1, 1)): [3, 2, 4, 0, 0, 1]
(1, (0, 1, 1), (1, 2)): [4, 3, 4, 0, 0, 1]
(1, (0, 1, 1), (2, 0)): [2, 1, 3, 2, 1]
(1, (0, 1, 1), (2, 1)): [2, 0, 3, 1]
(1, (0, 1, 1), (2, 2)): [1, 0, 3, 1]
(1, (0, 1, 1), (3, 0)): [0, 1, 0, 1, 1]
(1, (0, 1, 1), (3, 1)): [0, 1, 0, 1, 1]
(1, (0, 1, 1), (3, 2)): [0, 1, 0, 1, 1]
(1, (1, 0, 0), (0, 0)): [8556, 1524, 1036, 388, 161, 67, 21, 9, 9]
(1, (1, 0, 0), (0, 1)): [21, 2, 2, 1]
(1, (1, 0, 0), (0, 2)): [17, 2, 1, 1]
(1, (1, 0, 0), (1, 0)): [170, 30, 21, 6, 4]
(1, (1, 0, 0), (1, 1)): [93, 17, 15, 0, 3]
(1, (1, 0, 0), (1, 2)): [91, 16, 14, 1, 3]
(1, (1, 0, 0), (2, 0)): [74, 13, 6, 5, 1]
(1, (1, 0, 0), (2, 1)): [62, 12, 5, 5]
(1, (1, 0, 0), (2, 2)): [57, 12, 2, 5]
(1, (1, 0, 0), (3, 0)): [21, 2, 1, 0, 1]
(1, (1, 0, 0), (3, 1)): [25, 2, 2, 0, 1]
(1, (1, 0, 0), (3, 2)): [25, 2, 2, 0, 1]
(1, (1, 0, 1), (0, 0)): [730, 794, 247, 171, 66, 27, 11, 5, 3, 0, 0, 1]
(1, (1, 0, 1), (0, 1)): [2, 1]
(1, (1, 0, 1), (0, 2)): [1, 1]
(1, (1, 0, 1), (1, 0)): [20, 15, 5, 2, 2, 0, 0, 1]
(1, (1, 0, 1), (1, 1)): [8, 7, 4, 1, 0, 0, 0, 1]
(1, (1, 0, 1), (1, 2)): [9, 7, 4, 1, 0, 0, 0, 1]
(1, (1, 0, 1), (2, 0)): [12, 8, 1, 1, 2]
(1, (1, 0, 1), (2, 1)): [7, 8, 1, 1, 1]
(1, (1, 0, 1), (2, 2)): [6, 8, 1, 1, 1]
(1, (1, 0, 1), (3, 0)): [5, 0, 0, 0, 1]
(1, (1, 0, 1), (3, 1)): [6, 0, 0, 0, 1]
(1, (1, 0, 1), (3, 2)): [6, 0, 0, 0, 1]
(1, (1, 1, 0), (0, 0)): [2299, 688, 443, 342, 128, 55, 25, 16, 5, 1, 1, 0, 1]
(1, (1, 1, 0), (0, 1)): [2, 1]
(1, (1, 1, 0), (0, 2)): [1, 1]
(1, (1, 1, 0), (1, 0)): [35, 14, 4, 7, 3]
(1, (1, 1, 0), (1, 1)): [21, 9, 3, 1, 3]
(1, (1, 1, 0), (1, 2)): [19, 8, 3, 1, 3]
(1, (1, 1, 0), (2, 0)): [14, 4, 1, 6]
(1, (1, 1, 0), (2, 1)): [12, 4, 1, 6]
(1, (1, 1, 0), (2, 2)): [11, 4, 1, 6]
(1, (1, 1, 0), (3, 0)): [4, 1]
(1, (1, 1, 0), (3, 1)): [4, 1]
(1, (1, 1, 0), (3, 2)): [4, 1]
(1, (1, 1, 1), (0, 0)): [502, 380, 229, 155, 112, 51, 24, 10, 3, 1]
(1, (1, 1, 1), (1, 0)): [8, 4, 4, 3, 1, 1, 0, 1]
(1, (1, 1, 1), (1, 1)): [4, 2, 2, 1, 1, 1, 0, 1]
(1, (1, 1, 1), (1, 2)): [3, 2, 2, 1, 1, 1, 0, 1]
(1, (1, 1, 1), (2, 0)): [4, 2, 2, 2]
(1, (1, 1, 1), (2, 1)): [3, 2, 2, 1]
(1, (1, 1, 1), (2, 2)): [3, 2, 2, 1]
(1, (1, 1, 1), (3, 0)): [2, 0, 0, 1]
(1, (1, 1, 1), (3, 1)): [2, 0, 0, 1]
(1, (1, 1, 1), (3, 2)): [2, 0, 0, 1]
(2, (0, 0, 0), (0, 0)): [20853, 1017, 362, 103, 35, 11, 2, 1]
(2, (0, 0, 0), (0, 1)): [42, 3, 1]
(2, (0, 0, 0), (0, 2)): [28, 2]
(2, (0, 0, 0), (1, 0)): [419, 21, 4, 0, 1, 1]
(2, (0, 0, 0), (1, 1)): [228, 10, 1]
(2, (0, 0, 0), (1, 2)): [226, 9]
(2, (0, 0, 0), (2, 0)): [180, 10, 3, 0, 1, 1]
(2, (0, 0, 0), (2, 1)): [142, 7, 3, 0, 1, 1]
(2, (0, 0, 0), (2, 2)): [137, 7, 1, 0, 1, 1]
(2, (0, 0, 0), (3, 0)): [50, 4]
(2, (0, 0, 0), (3, 1)): [57, 5, 1]
(2, (0, 0, 0), (3, 2)): [57, 5, 1]
(2, (0, 0, 1), (0, 0)): [1964, 560, 136, 40, 13, 4, 1, 1]
(2, (0, 0, 1), (0, 1)): [4, 1]
(2, (0, 0, 1), (0, 2)): [4, 1]
(2, (0, 0, 1), (1, 0)): [37, 5, 1, 3]
(2, (0, 0, 1), (1, 1)): [14, 3, 0, 2]
(2, (0, 0, 1), (1, 2)): [15, 3, 0, 2]
(2, (0, 0, 1), (2, 0)): [22, 1, 1, 1]
(2, (0, 0, 1), (2, 1)): [16, 0, 0, 1]
(2, (0, 0, 1), (2, 2)): [13, 0, 0, 1]
(2, (0, 0, 1), (3, 0)): [6, 1, 1]
(2, (0, 0, 1), (3, 1)): [9, 1, 1]
(2, (0, 0, 1), (3, 2)): [9, 1, 1]
(2, (0, 1, 0), (0, 0)): [5328, 1032, 304, 105, 32, 10, 3, 2]
(2, (0, 1, 0), (0, 1)): [9, 1, 1]
(2, (0, 1, 0), (0, 2)): [9, 1]
(2, (0, 1, 0), (1, 0)): [88, 16, 7]
(2, (0, 1, 0), (1, 1)): [44, 7, 4]
(2, (0, 1, 0), (1, 2)): [44, 7, 3]
(2, (0, 1, 0), (2, 0)): [44, 8, 3]
(2, (0, 1, 0), (2, 1)): [34, 4, 1]
(2, (0, 1, 0), (2, 2)): [31, 2, 1]
(2, (0, 1, 0), (3, 0)): [13, 4, 2]
(2, (0, 1, 0), (3, 1)): [15, 6, 2]
(2, (0, 1, 0), (3, 2)): [15, 6, 2]
(2, (0, 1, 1), (0, 0)): [1067, 78, 214, 60, 19, 5, 2, 1]
(2, (0, 1, 1), (0, 1)): [1]
(2, (0, 1, 1), (0, 2)): [1]
(2, (0, 1, 1), (1, 0)): [13, 4, 7, 1]
(2, (0, 1, 1), (1, 1)): [9, 1, 1]
(2, (0, 1, 1), (1, 2)): [10, 1, 1]
(2, (0, 1, 1), (2, 0)): [3, 3, 5, 1]
(2, (0, 1, 1), (2, 1)): [2, 3, 4, 1]
(2, (0, 1, 1), (2, 2)): [2, 3, 4, 1]
(2, (0, 1, 1), (3, 0)): [1, 0, 1]
(2, (0, 1, 1), (3, 1)): [1, 0, 1]
(2, (0, 1, 1), (3, 2)): [1, 0, 1]
(2, (1, 0, 0), (0, 0)): [10314, 781, 532, 164, 49, 14, 5, 2]
(2, (1, 0, 0), (0, 1)): [16, 1, 0, 1]
(2, (1, 0, 0), (0, 2)): [11, 1, 0, 1]
(2, (1, 0, 0), (1, 0)): [207, 20, 8, 2, 1, 1]
(2, (1, 0, 0), (1, 1)): [113, 9, 4]
(2, (1, 0, 0), (1, 2)): [108, 8, 2, 1]
(2, (1, 0, 0), (2, 0)): [90, 10, 4, 1, 1, 1]
(2, (1, 0, 0), (2, 1)): [68, 9, 4, 1, 1, 1]
(2, (1, 0, 0), (2, 2)): [58, 8, 1, 1, 1, 1]
(2, (1, 0, 0), (3, 0)): [29, 2]
(2, (1, 0, 0), (3, 1)): [35, 3, 1]
(2, (1, 0, 0), (3, 2)): [35, 3, 1]
(2, (1, 0, 1), (0, 0)): [1882, 444, 147, 112, 34, 7, 3, 1]
(2, (1, 0, 1), (0, 1)): [2, 0, 0, 1]
(2, (1, 0, 1), (0, 2)): [2, 0, 0, 1]
(2, (1, 0, 1), (1, 0)): [30, 9, 2, 7]
(2, (1, 0, 1), (1, 1)): [13, 7, 1, 2]
(2, (1, 0, 1), (1, 2)): [15, 5, 1, 3]
(2, (1, 0, 1), (2, 0)): [17, 1, 1, 4]
(2, (1, 0, 1), (2, 1)): [10, 2, 0, 4]
(2, (1, 0, 1), (2, 2)): [9, 2, 0, 4]
(2, (1, 0, 1), (3, 0)): [7, 0, 1]
(2, (1, 0, 1), (3, 1)): [8, 0, 1]
(2, (1, 0, 1), (3, 2)): [8, 0, 1]
(2, (1, 1, 0), (0, 0)): [4098, 590, 283, 203, 76, 24, 5, 3]
(2, (1, 1, 0), (0, 1)): [7, 1]
(2, (1, 1, 0), (0, 2)): [6, 1]
(2, (1, 1, 0), (1, 0)): [81, 13, 8, 3, 3, 1]
(2, (1, 1, 0), (1, 1)): [49, 9, 5, 1, 2]
(2, (1, 1, 0), (1, 2)): [48, 9, 4, 1, 2]
(2, (1, 1, 0), (2, 0)): [31, 4, 3, 2, 1, 1]
(2, (1, 1, 0), (2, 1)): [26, 4, 2, 2, 1, 1]
(2, (1, 1, 0), (2, 2)): [24, 4, 1, 2, 1, 1]
(2, (1, 1, 0), (3, 0)): [8, 0, 1]
(2, (1, 1, 0), (3, 1)): [9, 0, 1]
(2, (1, 1, 0), (3, 2)): [9, 0, 1]
(2, (1, 1, 1), (0, 0)): [1133, 141, 197, 97, 72, 12, 6, 3]
(2, (1, 1, 1), (0, 1)): [1]
(2, (1, 1, 1), (0, 2)): [1]
(2, (1, 1, 1), (1, 0)): [25, 3, 4, 1, 1]
(2, (1, 1, 1), (1, 1)): [14, 1, 1, 1, 1]
(2, (1, 1, 1), (1, 2)): [14, 1, 1, 1, 1]
(2, (1, 1, 1), (2, 0)): [10, 2, 2]
(2, (1, 1, 1), (2, 1)): [8, 2, 2]
(2, (1, 1, 1), (2, 2)): [8, 2, 2]
(2, (1, 1, 1), (3, 0)): [3]
(2, (1, 1, 1), (3, 1)): [3]
(2, (1, 1, 1), (3, 2)): [3]
