(0, (0, 0, 0)): [15100, 3181, 1496, 700, 330, 158, 80, 37, 8, 3, 0, 0, 0, 1]
(0, (0, 0, 1)): [75, 245, 59, 37, 20, 8, 1, 4]
(0, (0, 1, 0)): [506, 507, 211, 77, 42, 35, 7, 2, 1, 2]
(0, (0, 1, 1)): [36, 73, 111, 45, 35, 19, 7, 2, 2]
(0, (1, 0, 0)): [3518, 1237, 787, 371, 196, 101, 62, 22, 6, 0, 0, 0, 0, 1]
(0, (1, 0, 1)): [88, 257, 130, 76, 57, 25, 18, 6, 1, 1]
(0, (1, 1, 0)): [484, 315, 242, 181, 88, 58, 37, 12, 3]
(0, (1, 1, 1)): [40, 67, 72, 79, 52, 31, 14, 6, 2, 1]
(1, (0, 0, 0)): [11819, 1351, 533, 250, 101, 27, 10, 8, 1]
(1, (0, 0, 1)): [383, 637, 119, 45, 25, 20, 1, 2]
(1, (0, 1, 0)): [1796, 879, 302, 124, 62, 23, 10, 3, 0, 1]
(1, (0, 1, 1)): [303, 252, 263, 106, 59, 21, 7, 4]
(1, (1, 0, 0)): [5089, 988, 600, 283, 128, 46, 12, 8, 3, 0, 0, 0, 0, 1]
(1, (1, 0, 1)): [410, 513, 175, 114, 49, 31, 6, 2, 1]
(1, (1, 1, 0)): [1330, 427, 302, 218, 95, 37, 14, 10, 2, 0, 0, 0, 0, 1]
(1, (1, 1, 1)): [225, 216, 137, 113, 73, 40, 13, 6]
(2, (0, 0, 0)): [10070, 455, 156, 65, 16, 3, 1, 1]
(2, (0, 0, 1)): [1315, 427, 81, 30, 6, 4]
(2, (0, 1, 0)): [2946, 699, 196, 55, 24, 8, 3, 0, 1]
(2, (0, 1, 1)): [821, 68, 202, 57, 12, 3, 2, 1, 1, 0, 1]
(2, (1, 0, 0)): [6175, 522, 259, 100, 29, 6, 3, 2, 1]
(2, (1, 0, 1)): [1120, 330, 138, 73, 23, 8, 6, 0, 1, 0, 0, 1]
(2, (1, 1, 0)): [2095, 364, 175, 116, 50, 15, 2, 4, 1, 0, 0, 0, 0, 1]
(2, (1, 1, 1)): [616, 109, 110, 72, 36, 11, 8, 4, 2, 0, 0, 0, 0, 1]
