(0, (0, 0, 0), (0, 0)): [108217, 20838, 9289, 4159, 1862, 798, 346, 135, 49, 17, 11, 0, 0, 1, 2]
(0, (0, 0, 0), (0, 1)): [61, 19, 9, 2, 4]
(0, (0, 0, 0), (0, 2)): [27, 6, 5]
(0, (0, 0, 0), (1, 0)): [94, 27, 7, 6, 3, 3, 0, 1, 0, 1]
(0, (0, 0, 0), (1, 1)): [54, 19, 3, 3, 4, 0, 0, 1]
(0, (0, 0, 0), (1, 2)): [33, 9, 3, 2, 2]
(0, (0, 0, 0), (2, 0)): [60, 15, 6, 5, 2, 3, 0, 0, 0, 1]
(0, (0, 0, 0), (2, 1)): [37, 15, 2, 1, 1]
(0, (0, 0, 0), (2, 2)): [34, 9, 2, 1, 1]
(0, (0, 0, 0), (3, 0)): [45, 9, 6, 5, 2, 3]
(0, (0, 0, 0), (3, 1)): [30, 10, 4, 1]
(0, (0, 0, 0), (3, 2)): [39, 7, 4, 1, 1]
(0, (0, 0, 1), (0, 0)): [584, 1684, 503, 227, 103, 39, 24, 14, 3]
(0, (0, 0, 1), (1, 0)): [0, 4, 1, 1]
(0, (0, 0, 1), (1, 1)): [0, 2]
(0, (0, 0, 1), (2, 0)): [0, 2, 1, 1]
(0, (0, 0, 1), (2, 1)): [0, 1, 1]
(0, (0, 0, 1), (3, 0)): [0, 1, 0, 1]
(0, (0, 0, 1), (3, 1)): [0, 0, 1]
(0, (0, 1, 0), (0, 0)): [3271, 3342, 1228, 556, 280, 130, 45, 13, 14, 6, 2]
(0, (0, 1, 0), (1, 0)): [6, 2, 0, 1]
(0, (0, 1, 0), (1, 1)): [1]
(0, (0, 1, 0), (2, 0)): [4, 2, 0, 1]
(0, (0, 1, 0), (2, 1)): [1]
(0, (0, 1, 0), (3, 0)): [4, 2, 0, 1]
(0, (0, 1, 0), (3, 1)): [1, 0, 0, 1]
(0, (0, 1, 1), (0, 0)): [279, 506, 649, 300, 161, 82, 32, 8, 4, 1, 0, 0, 0, 0, 1]
(0, (0, 1, 1), (0, 1)): [1, 0, 1, 0, 1]
(0, (0, 1, 1), (0, 2)): [1, 0, 0, 0, 1]
(0, (0, 1, 1), (1, 0)): [0, 0, 1, 1, 1, 1]
(0, (0, 1, 1), (1, 1)): [0, 0, 1, 0, 1]
(0, (0, 1, 1), (1, 2)): [0, 0, 0, 0, 2]
(0, (0, 1, 1), (2, 0)): [0, 0, 1, 1, 0, 1]
(0, (0, 1, 1), (2, 1)): [0, 0, 0, 1]
(0, (0, 1, 1), (3, 0)): [0, 0, 1, 0, 0, 1]
(0, (0, 1, 1), (3, 1)): [0, 0, 0, 1]
(0, (1, 0, 0), (0, 0)): [24322, 8558, 4852, 2415, 1097, 491, 234, 83, 29, 7, 9, 0, 0, 1, 2]
(0, (1, 0, 0), (0, 1)): [11, 1, 4, 2]
(0, (1, 0, 0), (0, 2)): [4, 1, 2]
(0, (1, 0, 0), (1, 0)): [15, 7, 4, 1]
(0, (1, 0, 0), (1, 1)): [7, 0, 2, 3]
(0, (1, 0, 0), (1, 2)): [4, 0, 2]
(0, (1, 0, 0), (2, 0)): [10, 7, 1]
(0, (1, 0, 0), (2, 1)): [8, 2, 1, 2]
(0, (1, 0, 0), (2, 2)): [5, 1, 0, 1]
(0, (1, 0, 0), (3, 0)): [7, 2, 1]
(0, (1, 0, 0), (3, 1)): [8, 2, 1]
(0, (1, 0, 0), (3, 2)): [5, 0, 1]
(0, (1, 0, 1), (0, 0)): [569, 1497, 702, 453, 257, 99, 56, 23, 9, 2, 0, 0, 0, 0, 1]
(0, (1, 0, 1), (0, 1)): [0, 1, 0, 0, 0, 0, 2]
(0, (1, 0, 1), (0, 2)): [0, 1, 0, 0, 0, 0, 1]
(0, (1, 0, 1), (1, 0)): [2, 2]
(0, (1, 0, 1), (1, 1)): [0, 0, 0, 0, 0, 0, 1]
(0, (1, 0, 1), (1, 2)): [0, 1]
(0, (1, 0, 1), (2, 0)): [2, 2]
(0, (1, 0, 1), (2, 2)): [0, 1]
(0, (1, 0, 1), (3, 0)): [2]
(0, (1, 0, 1), (3, 1)): [1, 1]
(0, (1, 0, 1), (3, 2)): [0, 2]
(0, (1, 1, 0), (0, 0)): [3044, 2064, 1662, 1098, 578, 280, 134, 44, 17, 6, 8, 0, 0, 1]
(0, (1, 1, 0), (0, 1)): [4, 2, 2, 2]
(0, (1, 1, 0), (0, 2)): [2, 1, 2, 1]
(0, (1, 1, 0), (1, 0)): [2, 4, 5, 6, 3, 1, 1]
(0, (1, 1, 0), (1, 1)): [2, 0, 0, 3, 1, 1]
(0, (1, 1, 0), (1, 2)): [3, 0, 1, 2]
(0, (1, 1, 0), (2, 0)): [2, 2, 5, 2, 2, 0, 1]
(0, (1, 1, 0), (2, 1)): [0, 0, 1, 1, 3, 1, 1]
(0, (1, 1, 0), (2, 2)): [0, 0, 0, 1, 0, 0, 1]
(0, (1, 1, 0), (3, 0)): [2, 1, 4, 1]
(0, (1, 1, 0), (3, 1)): [1, 0, 3, 1, 3, 1]
(0, (1, 1, 0), (3, 2)): [1, 0, 3, 0, 1]
(0, (1, 1, 1), (0, 0)): [318, 564, 494, 421, 324, 153, 68, 36, 14, 8, 6, 0, 0, 0, 1]
(0, (1, 1, 1), (0, 1)): [0, 0, 3]
(0, (1, 1, 1), (0, 2)): [0, 0, 2]
(0, (1, 1, 1), (1, 0)): [0, 0, 1, 0, 1, 1]
(0, (1, 1, 1), (2, 0)): [0, 0, 1, 0, 1]
(0, (1, 1, 1), (3, 0)): [0, 0, 1, 0, 1]
(0, (1, 1, 1), (3, 1)): [0, 0, 1]
(0, (1, 1, 1), (3, 2)): [0, 0, 1]
(1, (0, 0, 0), (0, 0)): [84978, 8599, 3366, 1271, 531, 208, 66, 35, 7, 5, 2]
(1, (0, 0, 0), (0, 1)): [51, 8, 4, 1]
(1, (0, 0, 0), (0, 2)): [36, 6, 3]
(1, (0, 0, 0), (1, 0)): [62, 7, 5, 2, 1]
(1, (0, 0, 0), (1, 1)): [31, 4, 2, 3, 1]
(1, (0, 0, 0), (1, 2)): [25, 5, 1, 1]
(1, (0, 0, 0), (2, 0)): [39, 5, 3]
(1, (0, 0, 0), (2, 1)): [20, 3, 2, 2, 1]
(1, (0, 0, 0), (2, 2)): [22, 3, 3, 3]
(1, (0, 0, 0), (3, 0)): [26, 2]
(1, (0, 0, 0), (3, 1)): [17, 2, 0, 0, 1]
(1, (0, 0, 0), (3, 2)): [17, 5, 2, 2]
(1, (0, 0, 1), (0, 0)): [3121, 4682, 890, 354, 156, 64, 19, 10, 4, 0, 0, 1]
(1, (0, 0, 1), (0, 1)): [2, 4]
(1, (0, 0, 1), (0, 2)): [0, 3]
(1, (0, 0, 1), (1, 0)): [2, 3, 4, 0, 1]
(1, (0, 0, 1), (1, 1)): [3, 2]
(1, (0, 0, 1), (1, 2)): [1, 3]
(1, (0, 0, 1), (2, 0)): [1, 1, 4, 0, 1]
(1, (0, 0, 1), (2, 1)): [1, 1]
(1, (0, 0, 1), (2, 2)): [2, 1]
(1, (0, 0, 1), (3, 0)): [1, 1, 3, 0, 1]
(1, (0, 0, 1), (3, 2)): [2, 1]
(1, (0, 1, 0), (0, 0)): [13247, 6406, 2094, 805, 325, 127, 48, 22, 3, 2]
(1, (0, 1, 0), (0, 1)): [9, 5, 2, 1]
(1, (0, 1, 0), (0, 2)): [5, 1, 1]
(1, (0, 1, 0), (1, 0)): [17, 5, 4, 4]
(1, (0, 1, 0), (1, 1)): [10, 6, 2, 3]
(1, (0, 1, 0), (1, 2)): [6, 1, 1]
(1, (0, 1, 0), (2, 0)): [9, 1, 2, 2]
(1, (0, 1, 0), (2, 1)): [6, 4, 0, 3]
(1, (0, 1, 0), (2, 2)): [7, 2, 1, 1]
(1, (0, 1, 0), (3, 0)): [9, 1, 2, 1]
(1, (0, 1, 0), (3, 1)): [4, 1, 0, 2]
(1, (0, 1, 0), (3, 2)): [7, 1, 1, 3]
(1, (0, 1, 1), (0, 0)): [2205, 1877, 1927, 742, 314, 126, 45, 18, 4, 0, 1, 1, 0, 1]
(1, (0, 1, 1), (0, 1)): [1, 1, 1, 2]
(1, (0, 1, 1), (0, 2)): [1, 0, 0, 1]
(1, (0, 1, 1), (1, 0)): [2, 0, 2, 1]
(1, (0, 1, 1), (1, 1)): [0, 1, 1, 1]
(1, (0, 1, 1), (2, 0)): [2, 0, 1, 1]
(1, (0, 1, 1), (2, 1)): [0, 1, 1, 1]
(1, (0, 1, 1), (3, 0)): [2, 0, 1]
(1, (0, 1, 1), (3, 1)): [0, 1, 1]
(1, (0, 1, 1), (3, 2)): [0, 0, 1]
(1, (1, 0, 0), (0, 0)): [34462, 6376, 3540, 1527, 589, 259, 76, 40, 10, 5, 2, 0, 0, 1]
(1, (1, 0, 0), (0, 1)): [33, 9, 7, 2, 0, 1]
(1, (1, 0, 0), (0, 2)): [18, 5, 4, 2]
(1, (1, 0, 0), (1, 0)): [34, 11, 10, 2, 0, 0, 0, 1]
(1, (1, 0, 0), (1, 1)): [26, 5, 6, 1, 0, 1, 0, 1]
(1, (1, 0, 0), (1, 2)): [15, 2, 3]
(1, (1, 0, 0), (2, 0)): [13, 6, 5, 1]
(1, (1, 0, 0), (2, 1)): [23, 4, 6, 1, 0, 0, 0, 1]
(1, (1, 0, 0), (2, 2)): [18, 3, 4]
(1, (1, 0, 0), (3, 0)): [5, 3, 1, 1]
(1, (1, 0, 0), (3, 1)): [7, 1, 2, 1, 0, 0, 0, 1]
(1, (1, 0, 0), (3, 2)): [12, 2, 2, 1]
(1, (1, 0, 1), (0, 0)): [2558, 3269, 1224, 686, 287, 132, 43, 21, 4, 3]
(1, (1, 0, 1), (0, 1)): [3, 1, 0, 2]
(1, (1, 0, 1), (0, 2)): [3, 0, 0, 2]
(1, (1, 0, 1), (1, 0)): [2, 2, 0, 4, 1, 1]
(1, (1, 0, 1), (1, 1)): [1, 2, 0, 3]
(1, (1, 0, 1), (1, 2)): [1, 0, 0, 4]
(1, (1, 0, 1), (2, 0)): [1, 1, 0, 1, 1, 1]
(1, (1, 0, 1), (2, 1)): [0, 3]
(1, (1, 0, 1), (2, 2)): [0, 2, 0, 1]
(1, (1, 0, 1), (3, 0)): [1, 0, 0, 0, 1, 1]
(1, (1, 0, 1), (3, 1)): [0, 0, 0, 0, 1]
(1, (1, 0, 1), (3, 2)): [0, 1, 0, 1, 1]
(1, (1, 1, 0), (0, 0)): [8520, 2707, 1877, 1242, 517, 217, 74, 29, 11, 4, 1, 0, 0, 2]
(1, (1, 1, 0), (0, 1)): [2, 3, 0, 2, 1, 1]
(1, (1, 1, 0), (0, 2)): [2, 2, 0, 0, 1]
(1, (1, 1, 0), (1, 0)): [8, 2, 3, 1, 1]
(1, (1, 1, 0), (1, 1)): [1, 1, 1, 1]
(1, (1, 1, 0), (1, 2)): [2, 0, 0, 1, 1]
(1, (1, 1, 0), (2, 0)): [6, 2, 2, 0, 1]
(1, (1, 1, 0), (2, 1)): [3, 2, 0, 0, 1]
(1, (1, 1, 0), (2, 2)): [3, 1, 0, 1, 2]
(1, (1, 1, 0), (3, 0)): [3, 1, 2]
(1, (1, 1, 0), (3, 1)): [2, 1, 1]
(1, (1, 1, 0), (3, 2)): [1, 2, 0, 0, 2]
(1, (1, 1, 1), (0, 0)): [1551, 1356, 841, 617, 394, 186, 62, 28, 8, 2, 0, 0, 0, 1]
(1, (1, 1, 1), (0, 1)): [4, 4, 1, 1]
(1, (1, 1, 1), (0, 2)): [3, 2, 0, 1]
(1, (1, 1, 1), (1, 0)): [1, 0, 2, 1, 2, 2]
(1, (1, 1, 1), (1, 1)): [1, 0, 1]
(1, (1, 1, 1), (1, 2)): [0, 1, 0, 1]
(1, (1, 1, 1), (2, 0)): [1, 0, 2, 1, 1, 2]
(1, (1, 1, 1), (2, 1)): [1, 0, 2]
(1, (1, 1, 1), (3, 0)): [1, 0, 1, 1, 1, 2]
(1, (1, 1, 1), (3, 1)): [1, 0, 1, 1, 0, 1]
(1, (1, 1, 1), (3, 2)): [2, 0, 1, 1, 0, 1]
(2, (0, 0, 0), (0, 0)): [72861, 2787, 909, 287, 100, 31, 8, 6, 1, 1, 1]
(2, (0, 0, 0), (0, 1)): [59, 9, 2, 1]
(2, (0, 0, 0), (0, 2)): [25, 3, 1, 1]
(2, (0, 0, 0), (1, 0)): [113, 8, 2, 2]
(2, (0, 0, 0), (1, 1)): [70, 6, 2]
(2, (0, 0, 0), (1, 2)): [31, 3, 1, 1]
(2, (0, 0, 0), (2, 0)): [62, 5, 0, 1]
(2, (0, 0, 0), (2, 1)): [63, 3, 2]
(2, (0, 0, 0), (2, 2)): [38, 4, 2, 1]
(2, (0, 0, 0), (3, 0)): [32, 2, 0, 1]
(2, (0, 0, 0), (3, 1)): [38, 2]
(2, (0, 0, 0), (3, 2)): [37, 3, 2]
(2, (0, 0, 1), (0, 0)): [9464, 3208, 527, 158, 54, 17, 7]
(2, (0, 0, 1), (0, 1)): [3, 1]
(2, (0, 0, 1), (0, 2)): [3, 1]
(2, (0, 0, 1), (1, 0)): [10, 2]
(2, (0, 0, 1), (1, 1)): [2, 2]
(2, (0, 0, 1), (1, 2)): [2]
(2, (0, 0, 1), (2, 0)): [8]
(2, (0, 0, 1), (2, 1)): [1, 1]
(2, (0, 0, 1), (2, 2)): [2, 1]
(2, (0, 0, 1), (3, 0)): [7]
(2, (0, 0, 1), (3, 2)): [1, 1]
(2, (0, 1, 0), (0, 0)): [21730, 4791, 1171, 354, 106, 38, 9, 4, 1, 1]
(2, (0, 1, 0), (0, 1)): [4]
(2, (0, 1, 0), (0, 2)): [2]
(2, (0, 1, 0), (1, 0)): [15, 4, 0, 1, 1]
(2, (0, 1, 0), (1, 1)): [5, 1]
(2, (0, 1, 0), (1, 2)): [1]
(2, (0, 1, 0), (2, 0)): [12, 2, 0, 1, 1]
(2, (0, 1, 0), (2, 1)): [5]
(2, (0, 1, 0), (2, 2)): [4]
(2, (0, 1, 0), (3, 0)): [10, 2, 0, 1, 1]
(2, (0, 1, 0), (3, 1)): [4, 0, 0, 0, 1]
(2, (0, 1, 0), (3, 2)): [7]
(2, (0, 1, 1), (0, 0)): [5731, 520, 1295, 341, 99, 35, 12, 2, 3, 0, 1]
(2, (0, 1, 1), (0, 1)): [5, 0, 0, 1]
(2, (0, 1, 1), (0, 2)): [4, 0, 0, 1]
(2, (0, 1, 1), (1, 0)): [11, 0, 2]
(2, (0, 1, 1), (1, 1)): [3, 0, 2]
(2, (0, 1, 1), (1, 2)): [2, 0, 0, 1]
(2, (0, 1, 1), (2, 0)): [9]
(2, (0, 1, 1), (2, 1)): [1, 0, 1]
(2, (0, 1, 1), (2, 2)): [1]
(2, (0, 1, 1), (3, 0)): [8]
(2, (1, 0, 0), (0, 0)): [41632, 3203, 1516, 499, 157, 46, 17, 11, 3, 0, 1]
(2, (1, 0, 0), (0, 1)): [16, 0, 1]
(2, (1, 0, 0), (0, 2)): [5]
(2, (1, 0, 0), (1, 0)): [29, 4, 2]
(2, (1, 0, 0), (1, 1)): [17, 1, 3]
(2, (1, 0, 0), (1, 2)): [6, 0, 2]
(2, (1, 0, 0), (2, 0)): [16, 2]
(2, (1, 0, 0), (2, 1)): [14, 1, 1]
(2, (1, 0, 0), (2, 2)): [8, 1, 2]
(2, (1, 0, 0), (3, 0)): [10, 2]
(2, (1, 0, 0), (3, 1)): [9, 0, 1]
(2, (1, 0, 1), (0, 0)): [6788, 1938, 873, 361, 101, 34, 15, 5, 3, 0, 0, 1]
(2, (1, 0, 1), (0, 1)): [6, 0, 0, 2]
(2, (1, 0, 1), (0, 2)): [3, 0, 0, 1]
(2, (1, 0, 1), (1, 0)): [8, 0, 1, 2]
(2, (1, 0, 1), (1, 1)): [5, 0, 0, 2]
(2, (1, 0, 1), (1, 2)): [2, 0, 0, 2]
(2, (1, 0, 1), (2, 0)): [4, 0, 1]
(2, (1, 0, 1), (2, 1)): [4, 0, 0, 1]
(2, (1, 0, 1), (2, 2)): [4, 0, 0, 1]
(2, (1, 0, 1), (3, 0)): [4, 0, 1]
(2, (1, 0, 1), (3, 1)): [3]
(2, (1, 0, 1), (3, 2)): [3]
(2, (1, 1, 0), (0, 0)): [13067, 2047, 1050, 592, 198, 62, 14, 9, 2, 0, 2, 0, 0, 1]
(2, (1, 1, 0), (0, 1)): [12, 3, 1, 0, 1]
(2, (1, 1, 0), (0, 2)): [7, 2, 1]
(2, (1, 1, 0), (1, 0)): [14, 0, 3, 1, 0, 2, 0, 1]
(2, (1, 1, 0), (1, 1)): [4, 1, 0, 0, 1]
(2, (1, 1, 0), (1, 2)): [5, 2]
(2, (1, 1, 0), (2, 0)): [11, 0, 2, 1, 0, 1, 0, 1]
(2, (1, 1, 0), (2, 1)): [4, 1, 1, 0, 1]
(2, (1, 1, 0), (2, 2)): [2, 2, 1, 0, 1]
(2, (1, 1, 0), (3, 0)): [8, 0, 1, 0, 0, 1]
(2, (1, 1, 0), (3, 1)): [5]
(2, (1, 1, 0), (3, 2)): [5, 1, 1, 0, 1]
(2, (1, 1, 1), (0, 0)): [3903, 650, 654, 356, 215, 59, 18, 8, 4, 1, 2, 0, 0, 1]
(2, (1, 1, 1), (0, 1)): [2, 0, 1, 1]
(2, (1, 1, 1), (0, 2)): [1]
(2, (1, 1, 1), (1, 0)): [4, 3, 1, 4, 0, 1]
(2, (1, 1, 1), (1, 1)): [0, 0, 1, 2]
(2, (1, 1, 1), (1, 2)): [0, 0, 0, 1]
(2, (1, 1, 1), (2, 0)): [4, 3, 1, 2, 0, 1]
(2, (1, 1, 1), (2, 1)): [0, 1, 1, 1]
(2, (1, 1, 1), (2, 2)): [0, 1, 0, 2]
(2, (1, 1, 1), (3, 0)): [3, 2, 0, 2, 0, 1]
(2, (1, 1, 1), (3, 1)): [3]
(2, (1, 1, 1), (3, 2)): [2, 1, 0, 1]
