(0, (0, 0, 0)): [35636, 7057, 3133, 1511, 649, 308, 96, 50, 16, 6, 0, 1, 2, 1]
(0, (0, 0, 1)): [85, 286, 84, 42, 16, 4, 3, 1, 1, 1]
(0, (0, 1, 0)): [1336, 1160, 478, 286, 133, 56, 14, 5, 1, 1, 0, 0, 1]
(0, (0, 1, 1)): [121, 175, 190, 99, 44, 26, 10, 4, 3, 1, 0, 2]
(0, (1, 0, 0)): [6503, 1951, 1382, 719, 333, 152, 49, 29, 11, 3, 0, 1, 1]
(0, (1, 0, 1)): [146, 421, 169, 127, 61, 36, 10, 5, 1, 0, 0, 0, 1]
(0, (1, 1, 0)): [994, 586, 376, 348, 164, 73, 27, 15, 5, 2, 0, 2, 1]
(0, (1, 1, 1)): [133, 198, 140, 97, 68, 41, 19, 11, 3, 1, 0, 1]
(1, (0, 0, 0)): [27961, 3336, 1283, 529, 191, 94, 28, 13, 3, 1]
(1, (0, 0, 1)): [635, 936, 173, 95, 31, 10, 3, 1]
(1, (0, 1, 0)): [3291, 1310, 512, 241, 86, 40, 12, 5, 2]
(1, (0, 1, 1)): [516, 479, 319, 144, 69, 36, 9, 11, 1, 1, 0, 1]
(1, (1, 0, 0)): [9810, 1590, 1133, 488, 198, 97, 24, 15, 4, 1]
(1, (1, 0, 1)): [751, 778, 244, 198, 87, 45, 7, 4, 3, 0, 1]
(1, (1, 1, 0)): [2738, 745, 489, 421, 166, 87, 24, 9, 2, 2]
(1, (1, 1, 1)): [610, 456, 253, 158, 154, 70, 24, 9, 2, 2]
(2, (0, 0, 0)): [24903, 1330, 424, 142, 43, 13, 3, 2]
(2, (0, 0, 1)): [2118, 560, 115, 54, 13, 8, 2, 2]
(2, (0, 1, 0)): [5576, 1024, 340, 100, 37, 13, 4]
(2, (0, 1, 1)): [1464, 100, 254, 77, 28, 18, 5]
(2, (1, 0, 0)): [11769, 783, 612, 202, 61, 18, 5, 2]
(2, (1, 0, 1)): [2091, 420, 150, 128, 35, 14, 6, 3]
(2, (1, 1, 0)): [4508, 603, 283, 260, 74, 24, 5, 1, 1]
(2, (1, 1, 1)): [1378, 183, 240, 90, 73, 28, 6, 0, 0, 1]
