(0, (0, 0, 0), (0, 0)): [2384336, 489067, 225120, 103173, 46339, 19840, 8267, 3342, 1360, 593, 261, 124, 43, 23, 6, 1, 1, 1]
(0, (0, 0, 0), (0, 1)): [517934, 100127, 45646, 21129, 9367, 4000, 1637, 605, 268, 112, 56, 23, 7, 5, 1, 1]
(0, (0, 0, 0), (0, 2)): [203309, 34797, 15585, 7041, 3069, 1283, 526, 186, 87, 35, 10, 4, 4, 1, 1]
(0, (0, 0, 0), (1, 0)): [413565, 93046, 44133, 20632, 9632, 4099, 1788, 736, 277, 114, 57, 23, 6, 6, 2, 0, 1]
(0, (0, 0, 0), (1, 1)): [423731, 86085, 40111, 18682, 8388, 3591, 1487, 584, 246, 93, 54, 22, 4, 6, 0, 1, 1]
(0, (0, 0, 0), (1, 2)): [301200, 53399, 24482, 10999, 4877, 2035, 871, 333, 146, 49, 20, 8, 5, 2, 1]
(0, (0, 0, 0), (2, 0)): [131417, 32680, 16628, 7862, 3850, 1580, 710, 304, 107, 52, 25, 10, 2, 3, 1]
(0, (0, 0, 0), (2, 1)): [213361, 47708, 23374, 10908, 5106, 2177, 876, 386, 147, 63, 33, 15, 3, 4, 0, 0, 1]
(0, (0, 0, 0), (2, 2)): [237281, 45981, 21817, 10035, 4487, 1856, 784, 296, 145, 48, 24, 6, 5, 2, 1, 0, 1]
(0, (0, 0, 0), (3, 0)): [37539, 10498, 6239, 3129, 1556, 636, 285, 124, 46, 27, 12, 4, 0, 2, 1]
(0, (0, 0, 0), (3, 1)): [80460, 20915, 11341, 5559, 2697, 1181, 463, 227, 90, 39, 12, 12, 2, 4, 1]
(0, (0, 0, 0), (3, 2)): [124233, 28034, 14809, 6930, 3258, 1382, 561, 242, 108, 43, 16, 12, 4, 2, 1, 0, 1]
(0, (0, 0, 1), (0, 0)): [8264, 25922, 7110, 3482, 1691, 726, 323, 125, 55, 33, 18, 4, 4, 3]
(0, (0, 0, 1), (0, 1)): [1313, 4018, 1097, 518, 245, 112, 42, 16, 10, 6, 4, 1, 0, 1]
(0, (0, 0, 1), (0, 2)): [606, 1510, 385, 181, 80, 43, 17, 6, 7, 0, 1]
(0, (0, 0, 1), (1, 0)): [1212, 4259, 1213, 669, 341, 147, 68, 24, 10, 6, 7]
(0, (0, 0, 1), (1, 1)): [1148, 3660, 990, 506, 265, 117, 43, 15, 6, 10, 3, 1, 0, 1]
(0, (0, 0, 1), (1, 2)): [944, 2371, 616, 305, 137, 68, 24, 10, 5, 4, 2]
(0, (0, 0, 1), (2, 0)): [454, 1564, 482, 294, 137, 61, 29, 13, 5, 2, 5]
(0, (0, 0, 1), (2, 1)): [609, 2087, 605, 348, 175, 75, 35, 12, 6, 7, 2, 1]
(0, (0, 0, 1), (2, 2)): [838, 2163, 590, 294, 154, 68, 23, 9, 4, 4, 2]
(0, (0, 0, 1), (3, 0)): [152, 524, 151, 121, 50, 25, 12, 3, 1, 0, 3]
(0, (0, 0, 1), (3, 1)): [253, 901, 265, 211, 93, 38, 23, 4, 3, 5, 0, 1]
(0, (0, 0, 1), (3, 2)): [461, 1326, 364, 252, 132, 52, 20, 4, 3, 3, 1]
(0, (0, 1, 0), (0, 0)): [88994, 82840, 32957, 16400, 7759, 3393, 1468, 604, 252, 132, 46, 19, 9, 6, 3, 0, 1]
(0, (0, 1, 0), (0, 1)): [18798, 16233, 6534, 3166, 1463, 628, 288, 114, 43, 25, 9, 4, 3, 1, 1]
(0, (0, 1, 0), (0, 2)): [7818, 5735, 2309, 1073, 500, 221, 105, 39, 16, 6, 0, 1, 2]
(0, (0, 1, 0), (1, 0)): [17371, 16327, 6947, 3734, 1753, 822, 335, 141, 60, 23, 11, 5, 2, 2, 1, 0, 1]
(0, (0, 1, 0), (1, 1)): [15975, 13820, 5744, 2936, 1370, 594, 258, 108, 35, 26, 11, 4, 1, 2, 1]
(0, (0, 1, 0), (1, 2)): [11466, 8672, 3598, 1779, 784, 347, 142, 72, 21, 9, 3, 3, 2, 0, 1]
(0, (0, 1, 0), (2, 0)): [6309, 5816, 2665, 1512, 710, 368, 138, 65, 26, 7, 3, 4, 2, 1, 0, 0, 1]
(0, (0, 1, 0), (2, 1)): [8619, 7675, 3347, 1736, 869, 401, 181, 61, 25, 19, 6, 3, 1, 1, 0, 0, 1]
(0, (0, 1, 0), (2, 2)): [9598, 7429, 3215, 1566, 741, 328, 148, 57, 23, 11, 5, 3, 1, 0, 1, 0, 1]
(0, (0, 1, 0), (3, 0)): [2162, 1729, 914, 629, 282, 160, 62, 35, 12, 2, 0, 1, 1]
(0, (0, 1, 0), (3, 1)): [3805, 3148, 1533, 1002, 475, 231, 87, 43, 9, 6, 2, 2, 0, 1]
(0, (0, 1, 0), (3, 2)): [5676, 4289, 2025, 1145, 560, 267, 128, 45, 11, 11, 3, 1, 0, 0, 1, 0, 1]
(0, (0, 1, 1), (0, 0)): [7011, 12344, 14536, 6821, 3594, 1740, 744, 324, 163, 69, 23, 16, 4, 4, 2, 0, 1, 1]
(0, (0, 1, 1), (0, 1)): [1462, 2422, 2690, 1228, 654, 307, 138, 56, 25, 13, 4, 4, 1, 0, 0, 0, 1]
(0, (0, 1, 1), (0, 2)): [700, 941, 999, 457, 245, 115, 51, 25, 7, 4, 1, 2]
(0, (0, 1, 1), (1, 0)): [1339, 2508, 2959, 1488, 782, 412, 166, 70, 40, 13, 8, 6, 1, 1, 1]
(0, (0, 1, 1), (1, 1)): [1180, 2102, 2393, 1098, 588, 270, 121, 41, 20, 9, 6, 3, 2, 0, 0, 0, 1]
(0, (0, 1, 1), (1, 2)): [991, 1385, 1497, 659, 389, 174, 73, 30, 16, 3, 2, 3, 1, 0, 0, 0, 1]
(0, (0, 1, 1), (2, 0)): [543, 1068, 1110, 619, 363, 212, 76, 34, 25, 8, 4, 2, 0, 1, 1]
(0, (0, 1, 1), (2, 1)): [598, 1153, 1314, 646, 304, 168, 66, 32, 13, 9, 6, 1, 1, 0, 1]
(0, (0, 1, 1), (2, 2)): [780, 1203, 1287, 600, 321, 149, 56, 26, 14, 8, 2, 3, 1, 0, 0, 0, 1]
(0, (0, 1, 1), (3, 0)): [283, 497, 469, 302, 205, 106, 40, 12, 16, 2, 1, 2, 0, 1]
(0, (0, 1, 1), (3, 1)): [244, 468, 530, 288, 178, 99, 39, 16, 12, 4, 2, 1, 0, 0, 1]
(0, (0, 1, 1), (3, 2)): [440, 675, 725, 400, 199, 112, 47, 22, 13, 5, 3, 0, 1, 0, 0, 0, 1]
(0, (1, 0, 0), (0, 0)): [494189, 161727, 106865, 53328, 25620, 11433, 4792, 2051, 857, 377, 181, 74, 26, 17, 4, 1, 1, 1]
(0, (1, 0, 0), (0, 1)): [96302, 27912, 19462, 9601, 4571, 1998, 841, 328, 159, 63, 30, 13, 1, 3]
(0, (1, 0, 0), (0, 2)): [37912, 9516, 6734, 3152, 1451, 639, 281, 113, 49, 24, 11, 4]
(0, (1, 0, 0), (1, 0)): [80062, 27646, 19775, 10376, 5143, 2279, 950, 423, 161, 79, 46, 13, 3, 6, 2, 0, 1]
(0, (1, 0, 0), (1, 1)): [72439, 22314, 15788, 8077, 3821, 1737, 721, 298, 128, 52, 28, 10, 1, 4, 1]
(0, (1, 0, 0), (1, 2)): [49395, 13148, 9305, 4625, 2114, 934, 407, 166, 77, 28, 9, 6, 0, 0, 1]
(0, (1, 0, 0), (2, 0)): [24774, 9414, 7067, 3901, 2013, 895, 361, 159, 53, 42, 22, 5, 3, 3, 0, 0, 1]
(0, (1, 0, 0), (2, 1)): [34690, 11648, 8445, 4467, 2227, 1012, 407, 184, 76, 42, 22, 6, 0, 6, 0, 0, 1]
(0, (1, 0, 0), (2, 2)): [35819, 10376, 7407, 3691, 1775, 757, 370, 146, 68, 29, 13, 5, 0, 3]
(0, (1, 0, 0), (3, 0)): [6360, 2975, 2296, 1528, 783, 350, 149, 53, 24, 18, 8, 2, 2]
(0, (1, 0, 0), (3, 1)): [12384, 5011, 3721, 2285, 1148, 557, 218, 99, 38, 19, 12, 3, 2, 2]
(0, (1, 0, 0), (3, 2)): [16915, 6159, 4329, 2475, 1223, 518, 258, 112, 50, 20, 10, 6, 0, 1]
(0, (1, 0, 1), (0, 0)): [11513, 35198, 14176, 10305, 5378, 2507, 1186, 487, 235, 100, 52, 19, 11, 3, 2, 0, 0, 1]
(0, (1, 0, 1), (0, 1)): [2260, 5896, 2410, 1814, 898, 427, 196, 75, 39, 15, 9, 1, 4, 1]
(0, (1, 0, 1), (0, 2)): [1078, 2157, 870, 641, 302, 145, 64, 26, 13, 1, 3, 1, 2, 1]
(0, (1, 0, 1), (1, 0)): [1844, 6019, 2431, 1875, 999, 495, 214, 93, 50, 26, 15, 2, 1, 1, 1]
(0, (1, 0, 1), (1, 1)): [1737, 4683, 1967, 1432, 734, 332, 153, 67, 41, 18, 8, 1, 1]
(0, (1, 0, 1), (1, 2)): [1428, 2870, 1212, 837, 429, 192, 85, 39, 23, 5, 2, 1, 2]
(0, (1, 0, 1), (2, 0)): [599, 2038, 818, 678, 371, 206, 82, 37, 18, 13, 5, 1]
(0, (1, 0, 1), (2, 1)): [804, 2377, 1009, 762, 396, 215, 89, 35, 22, 16, 6]
(0, (1, 0, 1), (2, 2)): [1043, 2199, 956, 690, 341, 173, 82, 39, 13, 10, 3]
(0, (1, 0, 1), (3, 0)): [197, 612, 280, 199, 140, 84, 29, 14, 8, 3, 1, 1]
(0, (1, 0, 1), (3, 1)): [315, 828, 427, 328, 208, 105, 41, 20, 15, 9, 3]
(0, (1, 0, 1), (3, 2)): [514, 1117, 579, 389, 248, 124, 54, 26, 15, 11, 5]
(0, (1, 1, 0), (0, 0)): [71449, 44676, 32687, 24194, 12915, 6033, 2588, 1191, 499, 224, 103, 45, 13, 6, 1, 0, 1]
(0, (1, 1, 0), (0, 1)): [15388, 8324, 5677, 4410, 2417, 1046, 495, 207, 82, 30, 17, 10, 1, 1, 1, 0, 1]
(0, (1, 1, 0), (0, 2)): [6489, 3034, 1980, 1566, 836, 364, 156, 83, 32, 13, 6, 2]
(0, (1, 1, 0), (1, 0)): [11869, 7653, 5639, 4535, 2407, 1163, 490, 224, 94, 41, 22, 8, 3, 3]
(0, (1, 1, 0), (1, 1)): [11308, 6416, 4578, 3643, 1902, 861, 393, 164, 51, 25, 19, 4, 2, 2, 1, 0, 1]
(0, (1, 1, 0), (1, 2)): [8422, 3998, 2772, 2256, 1154, 497, 221, 97, 36, 21, 5, 3, 0, 1, 0, 0, 1]
(0, (1, 1, 0), (2, 0)): [3473, 2567, 1915, 1555, 927, 469, 200, 94, 43, 14, 7, 6, 0, 1]
(0, (1, 1, 0), (2, 1)): [5225, 3269, 2398, 1932, 1084, 485, 226, 97, 43, 13, 13, 6, 2, 0, 1]
(0, (1, 1, 0), (2, 2)): [5987, 3148, 2228, 1782, 966, 420, 192, 95, 32, 18, 7, 2, 0, 0, 0, 0, 1]
(0, (1, 1, 0), (3, 0)): [786, 819, 664, 513, 359, 186, 79, 36, 15, 6, 3, 2, 0, 1]
(0, (1, 1, 0), (3, 1)): [1790, 1371, 1061, 874, 589, 296, 128, 53, 23, 9, 7, 3, 2, 0, 1]
(0, (1, 1, 0), (3, 2)): [2790, 1778, 1363, 1099, 679, 320, 137, 76, 22, 11, 7, 0, 0, 0, 0, 0, 1]
(0, (1, 1, 1), (0, 0)): [6818, 13438, 10689, 7690, 6401, 3175, 1475, 695, 331, 135, 68, 26, 7, 4, 1, 0, 1]
(0, (1, 1, 1), (0, 1)): [1635, 2764, 2123, 1438, 1255, 613, 262, 134, 69, 24, 11, 5, 3, 1]
(0, (1, 1, 1), (0, 2)): [867, 1096, 779, 539, 459, 214, 87, 48, 23, 8, 8, 2, 1]
(0, (1, 1, 1), (1, 0)): [1061, 2430, 1951, 1380, 1176, 632, 288, 111, 62, 31, 13, 5, 0, 1, 0, 0, 1]
(0, (1, 1, 1), (1, 1)): [1098, 2151, 1664, 1115, 986, 530, 238, 114, 57, 22, 7, 4, 1, 1, 0, 0, 1]
(0, (1, 1, 1), (1, 2)): [1024, 1476, 1096, 722, 638, 297, 128, 66, 31, 13, 6, 4, 0, 1, 0, 0, 1]
(0, (1, 1, 1), (2, 0)): [300, 715, 658, 502, 434, 233, 93, 41, 18, 14, 5, 3, 0, 1]
(0, (1, 1, 1), (2, 1)): [496, 997, 855, 593, 498, 293, 124, 61, 37, 13, 4, 0, 1]
(0, (1, 1, 1), (2, 2)): [665, 1096, 853, 580, 487, 257, 111, 61, 30, 14, 4, 2, 1]
(0, (1, 1, 1), (3, 0)): [55, 185, 174, 179, 132, 85, 41, 19, 5, 6, 3, 2, 0, 1]
(0, (1, 1, 1), (3, 1)): [139, 351, 341, 254, 221, 131, 66, 26, 12, 7, 2, 2, 0, 1]
(0, (1, 1, 1), (3, 2)): [250, 527, 472, 341, 312, 161, 94, 36, 20, 8, 3, 2, 1, 1]
(1, (0, 0, 0), (0, 0)): [1955100, 220255, 89910, 35787, 14001, 5341, 2073, 733, 269, 107, 38, 23, 8, 3, 0, 1]
(1, (0, 0, 0), (0, 1)): [427008, 44762, 18030, 7152, 2810, 1055, 396, 147, 47, 16, 5, 5, 1, 1]
(1, (0, 0, 0), (0, 2)): [169591, 14939, 6036, 2229, 889, 330, 108, 39, 7, 5, 1, 3]
(1, (0, 0, 0), (1, 0)): [353943, 45224, 18899, 7670, 3084, 1175, 451, 144, 60, 23, 6, 3, 0, 0, 0, 1]
(1, (0, 0, 0), (1, 1)): [356616, 40314, 16419, 6568, 2615, 939, 404, 139, 48, 14, 7, 2, 1, 1]
(1, (0, 0, 0), (1, 2)): [251948, 23829, 9570, 3702, 1487, 532, 205, 62, 22, 8, 2, 2, 1]
(1, (0, 0, 0), (2, 0)): [116812, 16766, 7535, 3204, 1283, 502, 188, 59, 28, 13, 2, 2, 0, 0, 0, 1]
(1, (0, 0, 0), (2, 1)): [184501, 23389, 10033, 4051, 1667, 624, 221, 88, 22, 16, 6, 2]
(1, (0, 0, 0), (2, 2)): [203880, 21481, 9029, 3641, 1419, 521, 189, 72, 26, 8, 2, 1]
(1, (0, 0, 0), (3, 0)): [34152, 5466, 3028, 1357, 517, 218, 97, 25, 19, 6, 1, 1, 0, 0, 0, 1]
(1, (0, 0, 0), (3, 1)): [72692, 10854, 5415, 2321, 961, 374, 127, 48, 16, 6, 3]
(1, (0, 0, 0), (3, 2)): [110669, 13895, 6796, 2763, 1147, 420, 147, 62, 19, 8, 4]
(1, (0, 0, 1), (0, 0)): [51316, 73378, 14774, 6518, 2650, 1091, 424, 153, 72, 23, 14, 9, 4, 2]
(1, (0, 0, 1), (0, 1)): [9815, 11970, 2449, 1035, 368, 158, 82, 23, 4, 1, 3, 1]
(1, (0, 0, 1), (0, 2)): [4388, 4019, 797, 318, 121, 50, 23, 3, 3, 0, 1, 1]
(1, (0, 0, 1), (1, 0)): [9966, 14635, 3113, 1564, 637, 277, 92, 36, 24, 5, 2, 1]
(1, (0, 0, 1), (1, 1)): [8824, 11192, 2326, 1058, 396, 157, 71, 24, 7, 3, 1, 1]
(1, (0, 0, 1), (1, 2)): [6782, 6396, 1336, 568, 216, 87, 44, 8, 5, 1, 1, 2]
(1, (0, 0, 1), (2, 0)): [4132, 5931, 1368, 794, 329, 149, 53, 22, 14, 3, 1]
(1, (0, 0, 1), (2, 1)): [4998, 6585, 1428, 734, 283, 117, 39, 23, 7, 2, 1]
(1, (0, 0, 1), (2, 2)): [5911, 5849, 1282, 597, 210, 80, 44, 13, 3, 1, 2, 2]
(1, (0, 0, 1), (3, 0)): [1932, 2387, 624, 439, 183, 90, 30, 10, 6, 1, 1]
(1, (0, 0, 1), (3, 1)): [2221, 2870, 730, 405, 172, 82, 25, 15, 4, 2]
(1, (0, 0, 1), (3, 2)): [3553, 3609, 891, 480, 182, 82, 41, 12, 3, 0, 1]
(1, (0, 1, 0), (0, 0)): [260078, 111434, 41833, 18212, 7393, 2961, 1062, 452, 134, 71, 36, 10, 10, 2, 1]
(1, (0, 1, 0), (0, 1)): [50997, 19575, 7508, 3075, 1266, 523, 185, 81, 18, 13, 7, 1, 1]
(1, (0, 1, 0), (0, 2)): [20556, 6934, 2564, 966, 409, 174, 57, 24, 7, 4, 1, 1, 1]
(1, (0, 1, 0), (1, 0)): [52131, 21846, 8824, 4387, 1774, 724, 272, 105, 43, 19, 9, 0, 0, 1]
(1, (0, 1, 0), (1, 1)): [45278, 17650, 6955, 3126, 1251, 497, 195, 69, 21, 7, 6, 0, 0, 1]
(1, (0, 1, 0), (1, 2)): [31394, 10828, 4047, 1688, 658, 263, 96, 46, 13, 7, 1, 1]
(1, (0, 1, 0), (2, 0)): [21457, 8729, 3808, 2193, 935, 376, 133, 60, 23, 12, 6]
(1, (0, 1, 0), (2, 1)): [25909, 10189, 4338, 2103, 900, 348, 139, 47, 16, 7, 5, 0, 0, 1]
(1, (0, 1, 0), (2, 2)): [27060, 9424, 3801, 1684, 680, 277, 98, 37, 11, 6, 3]
(1, (0, 1, 0), (3, 0)): [9406, 3502, 1638, 1198, 519, 212, 74, 32, 11, 7, 2]
(1, (0, 1, 0), (3, 1)): [11968, 4446, 2139, 1311, 561, 208, 93, 42, 16, 6, 3, 0, 0, 1]
(1, (0, 1, 0), (3, 2)): [16565, 5779, 2633, 1397, 613, 212, 94, 35, 9, 7, 3, 0, 0, 1]
(1, (0, 1, 1), (0, 0)): [40259, 34087, 29030, 11911, 6198, 2471, 1004, 406, 166, 57, 23, 10, 3, 2, 0, 1]
(1, (0, 1, 1), (0, 1)): [7127, 5363, 4536, 1821, 843, 312, 146, 69, 16, 3, 5, 1]
(1, (0, 1, 1), (0, 2)): [3418, 1720, 1640, 650, 297, 100, 54, 27, 3, 0, 4]
(1, (0, 1, 1), (1, 0)): [8537, 7739, 5856, 2667, 1586, 664, 270, 99, 36, 17, 5, 2, 1]
(1, (0, 1, 1), (1, 1)): [6035, 4847, 3997, 1644, 815, 295, 121, 53, 17, 8, 0, 2]
(1, (0, 1, 1), (1, 2)): [5003, 2796, 2511, 972, 489, 170, 75, 34, 7, 4, 3, 1]
(1, (0, 1, 1), (2, 0)): [4627, 4033, 2883, 1451, 1015, 452, 186, 67, 26, 10, 5, 1]
(1, (0, 1, 1), (2, 1)): [3240, 2737, 2255, 1008, 505, 206, 87, 25, 10, 3, 1]
(1, (0, 1, 1), (2, 2)): [4143, 2441, 2179, 901, 444, 156, 66, 21, 6, 1, 3, 1]
(1, (0, 1, 1), (3, 0)): [3270, 2626, 1710, 972, 821, 359, 142, 58, 22, 7, 4, 1]
(1, (0, 1, 1), (3, 1)): [1373, 1235, 969, 468, 282, 145, 52, 23, 9, 3]
(1, (0, 1, 1), (3, 2)): [2312, 1571, 1244, 608, 366, 130, 50, 20, 7, 2, 2, 1]
(1, (1, 0, 0), (0, 0)): [721934, 125598, 84635, 36139, 14697, 5858, 2318, 842, 333, 141, 52, 32, 7, 3, 0, 2]
(1, (1, 0, 0), (0, 1)): [141405, 21726, 15227, 6522, 2562, 1019, 401, 159, 47, 19, 9, 4, 1]
(1, (1, 0, 0), (0, 2)): [55135, 7302, 4953, 2073, 794, 356, 136, 47, 11, 6, 4]
(1, (1, 0, 0), (1, 0)): [125941, 23314, 16829, 7567, 3117, 1262, 519, 186, 62, 30, 12, 4, 2, 0, 0, 1]
(1, (1, 0, 0), (1, 1)): [112004, 18374, 13104, 5790, 2273, 876, 370, 138, 46, 20, 8, 6, 1, 0, 0, 1]
(1, (1, 0, 0), (1, 2)): [75438, 10699, 7438, 3184, 1212, 476, 196, 73, 23, 8, 6, 1]
(1, (1, 0, 0), (2, 0)): [40931, 8294, 6189, 3058, 1295, 524, 221, 74, 31, 10, 5, 0, 1]
(1, (1, 0, 0), (2, 1)): [55630, 10005, 7242, 3532, 1383, 564, 234, 80, 27, 10, 6, 4, 1, 0, 0, 1]
(1, (1, 0, 0), (2, 2)): [56733, 8800, 6088, 2825, 1113, 441, 177, 66, 19, 8, 3, 1, 1]
(1, (1, 0, 0), (3, 0)): [11463, 2719, 1977, 1187, 534, 210, 96, 26, 13, 5, 1, 0, 1]
(1, (1, 0, 0), (3, 1)): [21293, 4592, 3245, 1907, 763, 295, 145, 36, 19, 5, 4, 1, 0, 0, 0, 1]
(1, (1, 0, 0), (3, 2)): [28436, 5562, 3691, 2019, 782, 315, 143, 43, 21, 9, 4, 2, 1, 0, 0, 1]
(1, (1, 0, 1), (0, 0)): [58685, 65958, 21114, 14632, 6311, 2643, 1045, 407, 146, 81, 23, 10, 2, 1]
(1, (1, 0, 1), (0, 1)): [11999, 10827, 3446, 2463, 1036, 435, 161, 60, 28, 11, 4, 1, 2]
(1, (1, 0, 1), (0, 2)): [5384, 3628, 1196, 866, 361, 140, 70, 26, 9, 5, 3, 0, 1]
(1, (1, 0, 1), (1, 0)): [10219, 11321, 3805, 2813, 1305, 552, 211, 89, 32, 19, 1, 3]
(1, (1, 0, 1), (1, 1)): [9212, 8789, 2897, 2088, 863, 389, 133, 42, 19, 8, 1, 3, 1]
(1, (1, 0, 1), (1, 2)): [6903, 5031, 1731, 1228, 487, 206, 85, 37, 12, 5, 3]
(1, (1, 0, 1), (2, 0)): [3480, 3766, 1355, 1027, 529, 224, 88, 42, 12, 8, 0, 1]
(1, (1, 0, 1), (2, 1)): [4589, 4433, 1507, 1124, 549, 218, 80, 24, 14, 8, 0, 3]
(1, (1, 0, 1), (2, 2)): [5100, 3848, 1405, 991, 456, 168, 74, 23, 13, 5, 1]
(1, (1, 0, 1), (3, 0)): [1147, 1214, 473, 356, 215, 107, 35, 13, 1, 4]
(1, (1, 0, 1), (3, 1)): [1699, 1712, 680, 512, 282, 128, 38, 17, 3, 5, 0, 2]
(1, (1, 0, 1), (3, 2)): [2529, 2169, 881, 604, 354, 128, 51, 17, 11, 4, 0, 2]
(1, (1, 1, 0), (0, 0)): [203984, 60990, 40452, 30080, 12656, 5274, 2058, 817, 322, 132, 49, 26, 10, 5, 1]
(1, (1, 1, 0), (0, 1)): [42875, 11091, 7072, 5542, 2307, 967, 349, 148, 64, 23, 10, 4, 1]
(1, (1, 1, 0), (0, 2)): [17708, 4046, 2421, 1942, 783, 307, 99, 47, 18, 4, 3]
(1, (1, 1, 0), (1, 0)): [35735, 11427, 7637, 5987, 2619, 1078, 475, 169, 47, 29, 13, 4, 2, 1]
(1, (1, 1, 0), (1, 1)): [33455, 9302, 6258, 4814, 2034, 850, 320, 137, 50, 25, 11, 4, 1]
(1, (1, 1, 0), (1, 2)): [24076, 5771, 3638, 2815, 1168, 439, 158, 78, 30, 7, 7, 2, 1]
(1, (1, 1, 0), (2, 0)): [11444, 4258, 2660, 2145, 1083, 463, 214, 70, 21, 14, 7, 2, 2, 1]
(1, (1, 1, 0), (2, 1)): [16480, 5165, 3487, 2698, 1250, 546, 223, 73, 32, 15, 7, 2, 1]
(1, (1, 1, 0), (2, 2)): [18190, 4798, 3086, 2360, 1088, 452, 164, 69, 30, 9, 3, 2, 1]
(1, (1, 1, 0), (3, 0)): [2937, 1525, 961, 664, 442, 185, 84, 34, 5, 6, 1, 2, 1]
(1, (1, 1, 0), (3, 1)): [5988, 2529, 1693, 1267, 694, 311, 122, 40, 16, 10, 4, 2, 1]
(1, (1, 1, 0), (3, 2)): [9032, 3054, 2060, 1526, 807, 325, 111, 46, 24, 10, 2, 1, 1]
(1, (1, 1, 1), (0, 0)): [41793, 33405, 20720, 13388, 10471, 4466, 1812, 673, 283, 105, 36, 22, 9, 4, 1, 1]
(1, (1, 1, 1), (0, 1)): [9477, 6353, 3812, 2441, 1988, 801, 326, 117, 57, 20, 7, 1, 0, 1]
(1, (1, 1, 1), (0, 2)): [4600, 2258, 1386, 902, 699, 264, 109, 30, 11, 10, 4, 0, 0, 1]
(1, (1, 1, 1), (1, 0)): [6764, 6162, 3726, 2403, 2095, 933, 414, 143, 55, 18, 8, 7, 2]
(1, (1, 1, 1), (1, 1)): [6829, 5137, 3147, 2010, 1636, 692, 312, 112, 49, 13, 4, 3]
(1, (1, 1, 1), (1, 2)): [5650, 3083, 1988, 1250, 980, 421, 174, 58, 25, 10, 4, 3, 0, 1]
(1, (1, 1, 1), (2, 0)): [1770, 2087, 1306, 819, 767, 379, 169, 61, 21, 9, 3, 3, 1]
(1, (1, 1, 1), (2, 1)): [2946, 2748, 1649, 1049, 891, 408, 182, 61, 31, 10, 3, 2]
(1, (1, 1, 1), (2, 2)): [3816, 2511, 1604, 1008, 835, 365, 162, 53, 26, 12, 3, 3, 0, 1]
(1, (1, 1, 1), (3, 0)): [295, 648, 467, 279, 228, 140, 64, 26, 6, 3, 0, 1, 1]
(1, (1, 1, 1), (3, 1)): [762, 1181, 773, 477, 401, 213, 83, 34, 18, 4, 2, 1, 1]
(1, (1, 1, 1), (3, 2)): [1465, 1488, 984, 613, 503, 261, 106, 38, 18, 6, 4, 1, 0, 1]
(2, (0, 0, 0), (0, 0)): [1709799, 82127, 27154, 8714, 2913, 907, 309, 104, 20, 9, 5, 0, 1]
(2, (0, 0, 0), (0, 1)): [369698, 15458, 5129, 1651, 593, 168, 55, 18, 4, 1]
(2, (0, 0, 0), (0, 2)): [145426, 4263, 1475, 469, 173, 44, 4, 8, 1]
(2, (0, 0, 0), (1, 0)): [321257, 18868, 6376, 2032, 696, 190, 77, 20, 7, 0, 0, 0, 1]
(2, (0, 0, 0), (1, 1)): [316852, 15145, 5138, 1610, 588, 177, 69, 14, 5]
(2, (0, 0, 0), (1, 2)): [218967, 7442, 2582, 856, 293, 88, 27, 8, 1]
(2, (0, 0, 0), (2, 0)): [111410, 7367, 2962, 910, 314, 82, 31, 7, 3, 0, 0, 0, 1]
(2, (0, 0, 0), (2, 1)): [171157, 9552, 3661, 1060, 384, 113, 47, 10, 5]
(2, (0, 0, 0), (2, 2)): [184418, 7544, 2853, 885, 299, 91, 31, 7, 1]
(2, (0, 0, 0), (3, 0)): [34440, 2473, 1321, 423, 143, 38, 12, 4, 0, 0, 0, 0, 1]
(2, (0, 0, 0), (3, 1)): [71119, 4770, 2291, 716, 226, 66, 22, 7, 3]
(2, (0, 0, 0), (3, 2)): [106538, 5603, 2637, 795, 266, 88, 28, 7, 2]
(2, (0, 0, 1), (0, 0)): [158215, 45207, 9819, 3383, 1193, 419, 120, 41, 9, 7, 1, 2]
(2, (0, 0, 1), (0, 1)): [31495, 7360, 1631, 540, 182, 76, 16, 5, 1, 3]
(2, (0, 0, 1), (0, 2)): [12910, 2254, 485, 161, 55, 22, 5, 0, 0, 1]
(2, (0, 0, 1), (1, 0)): [34130, 9206, 2353, 929, 340, 105, 39, 16, 3, 2, 1, 1]
(2, (0, 0, 1), (1, 1)): [29002, 7084, 1604, 613, 202, 75, 18, 8, 1, 3]
(2, (0, 0, 1), (1, 2)): [20374, 3784, 818, 287, 112, 37, 8, 4, 0, 3]
(2, (0, 0, 1), (2, 0)): [14777, 3826, 1145, 520, 201, 58, 21, 9, 2, 1, 1, 1]
(2, (0, 0, 1), (2, 1)): [17263, 4387, 1160, 478, 166, 46, 18, 8, 0, 2]
(2, (0, 0, 1), (2, 2)): [18489, 3733, 916, 341, 125, 41, 8, 4, 0, 1]
(2, (0, 0, 1), (3, 0)): [7001, 1544, 562, 327, 114, 39, 13, 2, 2, 0, 1, 1]
(2, (0, 0, 1), (3, 1)): [8112, 2038, 653, 348, 111, 31, 14, 4, 0, 1, 1]
(2, (0, 0, 1), (3, 2)): [11704, 2577, 743, 347, 124, 33, 12, 3, 0, 2]
(2, (0, 1, 0), (0, 0)): [418323, 85159, 24409, 8727, 2948, 944, 295, 87, 21, 14, 7, 0, 1]
(2, (0, 1, 0), (0, 1)): [82464, 14140, 4027, 1291, 490, 137, 44, 10, 6, 4, 1]
(2, (0, 1, 0), (0, 2)): [33642, 4276, 1220, 361, 125, 28, 11, 2, 3, 1]
(2, (0, 1, 0), (1, 0)): [89455, 17473, 5933, 2503, 802, 247, 93, 30, 1, 2, 0, 0, 1]
(2, (0, 1, 0), (1, 1)): [74921, 13420, 4096, 1434, 524, 140, 60, 14, 3, 3, 1]
(2, (0, 1, 0), (1, 2)): [52548, 7181, 2068, 713, 244, 55, 30, 7, 1, 1]
(2, (0, 1, 0), (2, 0)): [39722, 7359, 2799, 1486, 486, 153, 49, 19, 1, 2, 0, 0, 1]
(2, (0, 1, 0), (2, 1)): [43932, 8194, 2735, 1079, 381, 107, 35, 7, 2, 3, 1, 0, 1]
(2, (0, 1, 0), (2, 2)): [46730, 6878, 2135, 823, 291, 76, 34, 9, 0, 2]
(2, (0, 1, 0), (3, 0)): [19946, 3141, 1393, 988, 311, 101, 36, 17, 1, 2]
(2, (0, 1, 0), (3, 1)): [20253, 3814, 1477, 770, 272, 76, 28, 6, 2, 2, 1, 0, 1]
(2, (0, 1, 0), (3, 2)): [29217, 4595, 1653, 862, 287, 75, 43, 8, 0, 1, 0, 0, 1]
(2, (0, 1, 1), (0, 0)): [97386, 8034, 19903, 5898, 2327, 778, 260, 81, 26, 7, 5, 1, 0, 1]
(2, (0, 1, 1), (0, 1)): [19739, 1250, 3276, 979, 341, 126, 37, 11, 1, 2]
(2, (0, 1, 1), (0, 2)): [8570, 427, 1029, 308, 117, 35, 13, 2, 0, 2]
(2, (0, 1, 1), (1, 0)): [21710, 2025, 4116, 1522, 683, 241, 76, 23, 6, 0, 3]
(2, (0, 1, 1), (1, 1)): [17523, 1213, 3086, 986, 368, 144, 36, 13, 4, 0, 1]
(2, (0, 1, 1), (1, 2)): [13358, 729, 1770, 516, 205, 68, 17, 4, 1, 2, 1]
(2, (0, 1, 1), (2, 0)): [10348, 1136, 1860, 787, 445, 146, 48, 16, 2, 0, 2]
(2, (0, 1, 1), (2, 1)): [10266, 788, 1883, 651, 298, 98, 27, 9, 3, 0, 1]
(2, (0, 1, 1), (2, 2)): [11936, 764, 1668, 570, 220, 82, 17, 5, 3, 1]
(2, (0, 1, 1), (3, 0)): [5931, 767, 943, 457, 304, 117, 32, 13, 1, 0, 1]
(2, (0, 1, 1), (3, 1)): [4748, 447, 873, 342, 199, 68, 23, 8, 1, 0, 1]
(2, (0, 1, 1), (3, 2)): [7439, 600, 1141, 432, 205, 85, 17, 8, 4, 1]
(2, (1, 0, 0), (0, 0)): [873463, 62834, 43272, 13836, 4552, 1432, 545, 161, 39, 16, 7, 1, 1]
(2, (1, 0, 0), (0, 1)): [170484, 10356, 7202, 2325, 770, 255, 96, 35, 10, 2, 0, 1]
(2, (1, 0, 0), (0, 2)): [66261, 2897, 1963, 655, 201, 60, 27, 9, 4]
(2, (1, 0, 0), (1, 0)): [155667, 12830, 9291, 3219, 1092, 311, 124, 34, 9, 2, 0, 0, 1]
(2, (1, 0, 0), (1, 1)): [138643, 9342, 6618, 2264, 749, 225, 90, 25, 7, 2]
(2, (1, 0, 0), (1, 2)): [93010, 4652, 3084, 1126, 349, 97, 37, 11, 4, 1]
(2, (1, 0, 0), (2, 0)): [52088, 4932, 3469, 1410, 491, 143, 55, 21, 7, 2, 0, 0, 1]
(2, (1, 0, 0), (2, 1)): [71522, 5529, 4004, 1502, 505, 154, 58, 14, 6, 0, 0, 0, 1]
(2, (1, 0, 0), (2, 2)): [72327, 4393, 2875, 1107, 368, 107, 44, 10, 4, 1]
(2, (1, 0, 0), (3, 0)): [15307, 1868, 1087, 626, 209, 62, 23, 12, 3, 2]
(2, (1, 0, 0), (3, 1)): [28650, 2931, 1924, 971, 284, 89, 33, 9, 4, 1, 0, 0, 1]
(2, (1, 0, 0), (3, 2)): [38415, 3279, 2014, 978, 317, 100, 33, 13, 1, 1, 0, 0, 1]
(2, (1, 0, 1), (0, 0)): [154776, 35494, 14001, 9170, 3040, 987, 339, 103, 34, 12, 2, 4, 2]
(2, (1, 0, 1), (0, 1)): [32033, 6037, 2229, 1558, 527, 174, 63, 17, 6, 2, 1, 1, 1]
(2, (1, 0, 1), (0, 2)): [13205, 1810, 668, 429, 158, 46, 14, 6, 1, 1]
(2, (1, 0, 1), (1, 0)): [29608, 6505, 2986, 2089, 776, 220, 78, 20, 3, 2, 0, 1]
(2, (1, 0, 1), (1, 1)): [26353, 5134, 2173, 1505, 550, 171, 60, 17, 5, 2, 1, 2, 1]
(2, (1, 0, 1), (1, 2)): [18527, 2707, 1124, 717, 276, 88, 33, 7, 4, 1, 0, 1]
(2, (1, 0, 1), (2, 0)): [10567, 2249, 1218, 815, 336, 99, 34, 11, 3]
(2, (1, 0, 1), (2, 1)): [13970, 2756, 1361, 890, 383, 115, 37, 14, 0, 1, 0, 1]
(2, (1, 0, 1), (2, 2)): [14470, 2164, 1061, 666, 258, 97, 38, 8, 4, 0, 0, 1]
(2, (1, 0, 1), (3, 0)): [3554, 690, 500, 298, 144, 45, 19, 3, 3]
(2, (1, 0, 1), (3, 1)): [5944, 1116, 697, 448, 247, 53, 28, 6, 3, 1]
(2, (1, 0, 1), (3, 2)): [8042, 1157, 819, 480, 237, 76, 24, 8, 5]
(2, (1, 1, 0), (0, 0)): [345983, 51525, 26003, 18720, 6089, 1923, 656, 222, 66, 31, 10, 3, 2, 1]
(2, (1, 1, 0), (0, 1)): [71333, 8774, 4292, 3260, 1012, 300, 108, 37, 6, 6, 2, 1, 1]
(2, (1, 1, 0), (0, 2)): [29930, 2612, 1282, 947, 304, 87, 32, 14, 2, 3]
(2, (1, 1, 0), (1, 0)): [62227, 9425, 5267, 4043, 1450, 424, 155, 48, 18, 6, 1, 1]
(2, (1, 1, 0), (1, 1)): [58623, 7718, 4043, 3059, 960, 311, 93, 35, 9, 6, 2, 2, 1]
(2, (1, 1, 0), (1, 2)): [42678, 4098, 2142, 1543, 489, 155, 38, 19, 6, 1, 1, 1]
(2, (1, 1, 0), (2, 0)): [21281, 3313, 2112, 1555, 730, 196, 78, 23, 9, 3]
(2, (1, 1, 0), (2, 1)): [30586, 4210, 2498, 1879, 726, 196, 76, 25, 6, 5, 0, 0, 1]
(2, (1, 1, 0), (2, 2)): [33856, 3564, 2077, 1474, 550, 148, 51, 21, 10, 1, 1, 1]
(2, (1, 1, 0), (3, 0)): [6707, 1027, 856, 502, 351, 103, 34, 11, 6, 2]
(2, (1, 1, 0), (3, 1)): [12781, 1821, 1399, 937, 500, 130, 50, 11, 5, 2, 0, 0, 1]
(2, (1, 1, 0), (3, 2)): [18634, 2180, 1690, 1064, 544, 121, 49, 18, 8, 1, 1]
(2, (1, 1, 1), (0, 0)): [102976, 14941, 16954, 8434, 6541, 2030, 689, 239, 80, 19, 10, 4, 1, 1]
(2, (1, 1, 1), (0, 1)): [23697, 2459, 3036, 1503, 1191, 371, 131, 40, 20, 4, 3, 0, 1]
(2, (1, 1, 1), (0, 2)): [10627, 788, 924, 462, 335, 98, 44, 8, 4, 1, 2]
(2, (1, 1, 1), (1, 0)): [17538, 3891, 3297, 1798, 1484, 469, 156, 60, 17, 5, 1, 2]
(2, (1, 1, 1), (1, 1)): [18340, 2603, 2709, 1436, 1128, 361, 123, 40, 17, 5, 1, 0, 1]
(2, (1, 1, 1), (1, 2)): [14493, 1378, 1471, 726, 557, 197, 68, 17, 5, 3, 2]
(2, (1, 1, 1), (2, 0)): [4917, 2204, 1150, 725, 595, 200, 63, 27, 7, 3, 0, 2]
(2, (1, 1, 1), (2, 1)): [8275, 2099, 1514, 937, 719, 251, 78, 24, 10, 2, 0, 0, 1]
(2, (1, 1, 1), (2, 2)): [10334, 1599, 1303, 747, 565, 212, 72, 18, 6, 4, 2]
(2, (1, 1, 1), (3, 0)): [839, 1338, 334, 302, 180, 94, 33, 16, 4, 3, 0, 1]
(2, (1, 1, 1), (3, 1)): [2372, 1746, 612, 520, 375, 140, 52, 13, 5, 3, 0, 1]
(2, (1, 1, 1), (3, 2)): [4395, 1791, 792, 663, 423, 180, 60, 16, 5, 3, 2]
