(0, (0, 0, 0)): [9031, 1653, 694, 297, 109, 65, 22, 2, 3, 0, 1]
(0, (0, 0, 1)): [47, 95, 39, 17, 5, 4, 2, 1]
(0, (0, 1, 0)): [280, 271, 83, 41, 14, 7, 6, 1, 1]
(0, (0, 1, 1)): [20, 38, 36, 24, 10, 7, 3, 1]
(0, (1, 0, 0)): [1954, 725, 350, 180, 62, 42, 14, 2, 1, 0, 1]
(0, (1, 0, 1)): [43, 112, 49, 36, 11, 7, 5]
(0, (1, 1, 0)): [237, 168, 123, 77, 37, 24, 5, 2, 1, 0, 1]
(0, (1, 1, 1)): [23, 52, 38, 44, 17, 12, 3, 3, 1, 0, 1]
(1, (0, 0, 0)): [7135, 658, 264, 85, 33, 18, 2]
(1, (0, 0, 1)): [275, 377, 71, 22, 8, 5, 2, 1]
(1, (0, 1, 0)): [1109, 541, 170, 54, 18, 7, 1]
(1, (0, 1, 1)): [203, 143, 157, 62, 17, 16, 2]
(1, (1, 0, 0)): [2795, 497, 261, 112, 36, 26, 3]
(1, (1, 0, 1)): [223, 256, 98, 43, 20, 12, 3]
(1, (1, 1, 0)): [640, 202, 148, 85, 30, 19, 3]
(1, (1, 1, 1)): [121, 100, 71, 42, 24, 17, 1, 1]
(2, (0, 0, 0)): [6084, 208, 65, 19, 6, 2, 1]
(2, (0, 0, 1)): [748, 294, 40, 7, 3, 1, 2]
(2, (0, 1, 0)): [1807, 395, 99, 29, 6, 3]
(2, (0, 1, 1)): [437, 41, 108, 21, 6, 3]
(2, (1, 0, 0)): [3384, 253, 99, 28, 9, 5, 1]
(2, (1, 0, 1)): [503, 157, 65, 18, 5, 1]
(2, (1, 1, 0)): [1032, 145, 64, 35, 14, 7]
(2, (1, 1, 1)): [281, 40, 37, 29, 13, 7]
