(0, (0, 0, 0), (0, 0)): [14895, 3199, 1584, 694, 367, 137, 80, 26, 9, 12, 1, 3, 1]
(0, (0, 0, 0), (0, 1)): [51, 17, 7, 0, 2, 0, 0, 1]
(0, (0, 0, 0), (0, 2)): [13, 5, 2, 0, 1]
(0, (0, 0, 0), (1, 0)): [44, 11, 3, 2, 1, 1, 1]
(0, (0, 0, 0), (1, 1)): [45, 12, 4, 1, 2, 0, 0, 1]
(0, (0, 0, 0), (1, 2)): [18, 10, 2, 1, 1]
(0, (0, 0, 0), (2, 0)): [17, 3, 2, 1, 0, 1, 1]
(0, (0, 0, 0), (2, 1)): [28, 4, 5, 0, 0, 1, 1, 1]
(0, (0, 0, 0), (2, 2)): [21, 4, 2, 0, 0, 0, 0, 1]
(0, (0, 0, 0), (3, 0)): [4, 1, 0, 1]
(0, (0, 0, 0), (3, 1)): [8, 3, 4, 1, 0, 1, 1]
(0, (0, 0, 0), (3, 2)): [16, 2, 4, 1]
(0, (0, 0, 1), (0, 0)): [37, 212, 49, 31, 19, 7, 3, 2, 0, 0, 1]
(0, (0, 0, 1), (0, 1)): [0, 1]
(0, (0, 0, 1), (1, 0)): [0, 1]
(0, (0, 0, 1), (1, 1)): [0, 1]
(0, (0, 0, 1), (2, 1)): [0, 1]
(0, (0, 1, 0), (0, 0)): [500, 470, 207, 107, 81, 21, 17, 4, 3, 3]
(0, (0, 1, 0), (0, 1)): [3, 0, 0, 0, 1]
(0, (0, 1, 0), (1, 0)): [3, 1, 2, 1]
(0, (0, 1, 0), (1, 1)): [2]
(0, (0, 1, 0), (2, 0)): [0, 1, 1, 1]
(0, (0, 1, 0), (2, 1)): [0, 1]
(0, (0, 1, 0), (2, 2)): [0, 1]
(0, (0, 1, 0), (3, 0)): [0, 0, 1, 1]
(0, (0, 1, 0), (3, 1)): [0, 0, 1]
(0, (0, 1, 1), (0, 0)): [34, 82, 102, 52, 27, 9, 7, 4, 3, 0, 1]
(0, (0, 1, 1), (0, 1)): [0, 1]
(0, (0, 1, 1), (0, 2)): [0, 1]
(0, (0, 1, 1), (1, 0)): [0, 1, 1]
(0, (0, 1, 1), (1, 1)): [0, 0, 1]
(0, (0, 1, 1), (1, 2)): [0, 0, 1]
(0, (0, 1, 1), (2, 0)): [0, 1]
(0, (0, 1, 1), (2, 2)): [0, 0, 1]
(0, (0, 1, 1), (3, 0)): [0, 1]
(0, (1, 0, 0), (0, 0)): [3306, 1135, 767, 380, 198, 87, 43, 10, 7, 10, 0, 3]
(0, (1, 0, 0), (0, 1)): [13, 6, 2, 1, 1, 1]
(0, (1, 0, 0), (0, 2)): [4, 1, 0, 0, 1]
(0, (1, 0, 0), (1, 0)): [16, 6, 4, 0, 1, 0, 1]
(0, (1, 0, 0), (1, 1)): [10, 6, 3, 1]
(0, (1, 0, 0), (1, 2)): [7, 2, 0, 1]
(0, (1, 0, 0), (2, 0)): [9, 0, 2, 0, 1, 0, 1]
(0, (1, 0, 0), (2, 1)): [4, 1, 2, 0, 1, 0, 1]
(0, (1, 0, 0), (2, 2)): [4, 1, 1, 1]
(0, (1, 0, 0), (3, 0)): [5, 0, 1]
(0, (1, 0, 0), (3, 1)): [2, 1, 1, 0, 1]
(0, (1, 0, 0), (3, 2)): [2, 0, 1]
(0, (1, 0, 1), (0, 0)): [85, 270, 113, 69, 54, 19, 18, 3, 2, 3, 0, 1]
(0, (1, 0, 1), (0, 1)): [1, 1, 1]
(0, (1, 0, 1), (0, 2)): [1, 1]
(0, (1, 0, 1), (1, 0)): [1]
(0, (1, 0, 1), (1, 1)): [0, 0, 1]
(0, (1, 0, 1), (1, 2)): [1, 0, 1]
(0, (1, 0, 1), (2, 2)): [0, 0, 1]
(0, (1, 0, 1), (3, 2)): [0, 0, 1]
(0, (1, 1, 0), (0, 0)): [471, 297, 245, 184, 99, 38, 19, 4, 2, 4, 0, 1]
(0, (1, 1, 0), (0, 1)): [2, 1, 0, 1, 0, 1]
(0, (1, 1, 0), (0, 2)): [0, 0, 0, 1]
(0, (1, 1, 0), (1, 0)): [1, 0, 2]
(0, (1, 1, 0), (1, 1)): [2, 1, 1, 0, 0, 1]
(0, (1, 1, 0), (1, 2)): [2, 1, 1, 1]
(0, (1, 1, 0), (2, 2)): [1, 1, 1, 1]
(0, (1, 1, 0), (3, 2)): [1, 0, 0, 1]
(0, (1, 1, 1), (0, 0)): [42, 98, 75, 61, 40, 19, 18, 5, 3, 4, 0, 1]
(0, (1, 1, 1), (0, 1)): [0, 1]
(0, (1, 1, 1), (1, 0)): [0, 2, 1]
(0, (1, 1, 1), (1, 1)): [0, 2]
(0, (1, 1, 1), (1, 2)): [0, 1]
(0, (1, 1, 1), (2, 0)): [0, 0, 1]
(0, (1, 1, 1), (2, 1)): [0, 0, 1]
(0, (1, 1, 1), (2, 2)): [0, 1, 1]
(1, (0, 0, 0), (0, 0)): [11814, 1425, 637, 220, 94, 33, 23, 11, 1, 0, 1, 0, 1]
(1, (0, 0, 0), (0, 1)): [45, 8, 0, 0, 0, 0, 0, 1]
(1, (0, 0, 0), (0, 2)): [18, 0, 0, 0, 0, 0, 0, 1]
(1, (0, 0, 0), (1, 0)): [29, 8, 0, 1]
(1, (0, 0, 0), (1, 1)): [33, 9, 0, 1]
(1, (0, 0, 0), (1, 2)): [25, 2]
(1, (0, 0, 0), (2, 0)): [6, 4]
(1, (0, 0, 0), (2, 1)): [14, 5, 0, 1]
(1, (0, 0, 0), (2, 2)): [19, 5, 0, 1]
(1, (0, 0, 0), (3, 0)): [0, 2]
(1, (0, 0, 0), (3, 1)): [2, 2]
(1, (0, 0, 0), (3, 2)): [13, 2]
(1, (0, 0, 1), (0, 0)): [296, 504, 102, 51, 19, 9, 4, 4, 1, 3, 1, 1, 1]
(1, (0, 0, 1), (0, 1)): [2, 2, 1]
(1, (0, 0, 1), (0, 2)): [1]
(1, (0, 0, 1), (1, 1)): [1, 1]
(1, (0, 0, 1), (1, 2)): [2]
(1, (0, 1, 0), (0, 0)): [1573, 856, 305, 129, 57, 25, 6, 6, 1, 1]
(1, (0, 1, 0), (0, 1)): [5, 5, 3, 2, 0, 0, 0, 1]
(1, (0, 1, 0), (0, 2)): [1, 2, 1]
(1, (0, 1, 0), (1, 0)): [3, 4]
(1, (0, 1, 0), (1, 1)): [5, 3, 0, 1, 0, 0, 0, 1]
(1, (0, 1, 0), (1, 2)): [2, 1, 1]
(1, (0, 1, 0), (2, 0)): [1, 1]
(1, (0, 1, 0), (2, 1)): [4, 1, 0, 1, 0, 0, 0, 1]
(1, (0, 1, 0), (2, 2)): [2]
(1, (0, 1, 0), (3, 1)): [0, 1, 0, 1]
(1, (0, 1, 0), (3, 2)): [0, 1]
(1, (0, 1, 1), (0, 0)): [284, 256, 230, 96, 56, 21, 11, 7, 3, 1, 1]
(1, (0, 1, 1), (0, 1)): [3]
(1, (0, 1, 1), (0, 2)): [2]
(1, (0, 1, 1), (1, 0)): [3, 0, 0, 0, 1, 1, 0, 1]
(1, (0, 1, 1), (1, 1)): [2, 0, 0, 0, 1]
(1, (0, 1, 1), (1, 2)): [3]
(1, (0, 1, 1), (2, 0)): [1, 0, 0, 0, 0, 1, 0, 1]
(1, (0, 1, 1), (2, 1)): [1]
(1, (0, 1, 1), (3, 0)): [0, 0, 0, 0, 0, 1, 0, 1]
(1, (0, 1, 1), (3, 1)): [1]
(1, (0, 1, 1), (3, 2)): [1]
(1, (1, 0, 0), (0, 0)): [5046, 967, 633, 252, 122, 51, 26, 5, 5, 3, 1]
(1, (1, 0, 0), (0, 1)): [19, 2, 3, 0, 0, 0, 1]
(1, (1, 0, 0), (0, 2)): [6, 0, 1]
(1, (1, 0, 0), (1, 0)): [17, 5]
(1, (1, 0, 0), (1, 1)): [16, 2, 1, 0, 0, 0, 1]
(1, (1, 0, 0), (1, 2)): [9, 0, 0, 0, 0, 0, 1]
(1, (1, 0, 0), (2, 0)): [4, 2]
(1, (1, 0, 0), (2, 1)): [7, 2]
(1, (1, 0, 0), (2, 2)): [3]
(1, (1, 0, 0), (3, 0)): [2, 1]
(1, (1, 0, 0), (3, 1)): [3, 3]
(1, (1, 0, 0), (3, 2)): [2, 1]
(1, (1, 0, 1), (0, 0)): [432, 591, 200, 120, 43, 26, 11, 5, 2, 1]
(1, (1, 0, 1), (0, 1)): [2, 1, 1, 1]
(1, (1, 0, 1), (0, 2)): [2, 1, 0, 1]
(1, (1, 0, 1), (1, 0)): [2, 2, 1, 0, 1, 0, 0, 1]
(1, (1, 0, 1), (1, 1)): [0, 0, 2, 0, 1]
(1, (1, 0, 1), (1, 2)): [1, 0, 2, 1]
(1, (1, 0, 1), (2, 0)): [1, 2]
(1, (1, 0, 1), (2, 2)): [1, 0, 2]
(1, (1, 0, 1), (3, 0)): [0, 2]
(1, (1, 0, 1), (3, 1)): [0, 2]
(1, (1, 0, 1), (3, 2)): [0, 1, 1]
(1, (1, 1, 0), (0, 0)): [1324, 435, 318, 212, 121, 44, 22, 7, 2, 1]
(1, (1, 1, 0), (0, 1)): [2, 2, 1, 0, 0, 0, 1]
(1, (1, 1, 0), (0, 2)): [1, 1]
(1, (1, 1, 0), (1, 0)): [7, 1, 1]
(1, (1, 1, 0), (1, 1)): [2, 0, 1, 0, 0, 0, 1]
(1, (1, 1, 0), (1, 2)): [2, 1]
(1, (1, 1, 0), (2, 0)): [1]
(1, (1, 1, 0), (2, 1)): [2, 0, 0, 0, 0, 0, 1]
(1, (1, 1, 0), (2, 2)): [1, 1]
(1, (1, 1, 0), (3, 1)): [0, 0, 0, 0, 0, 0, 1]
(1, (1, 1, 0), (3, 2)): [0, 1]
(1, (1, 1, 1), (0, 0)): [259, 235, 147, 98, 73, 32, 17, 5, 3, 1]
(1, (1, 1, 1), (0, 1)): [1, 3, 1, 0, 0, 0, 0, 1]
(1, (1, 1, 1), (0, 2)): [1, 1]
(1, (1, 1, 1), (1, 0)): [1, 0, 0, 0, 0, 1, 1]
(1, (1, 1, 1), (1, 1)): [1, 1, 0, 0, 0, 1, 0, 1]
(1, (1, 1, 1), (1, 2)): [1, 1, 0, 0, 0, 1, 0, 1]
(1, (1, 1, 1), (2, 2)): [0, 1, 0, 0, 0, 0, 0, 1]
(2, (0, 0, 0), (0, 0)): [9972, 452, 192, 56, 17, 7, 1, 2, 1]
(2, (0, 0, 0), (0, 1)): [32, 3]
(2, (0, 0, 0), (0, 2)): [8, 1]
(2, (0, 0, 0), (1, 0)): [30, 2]
(2, (0, 0, 0), (1, 1)): [33, 1]
(2, (0, 0, 0), (1, 2)): [20]
(2, (0, 0, 0), (2, 0)): [11, 1]
(2, (0, 0, 0), (2, 1)): [13, 1]
(2, (0, 0, 0), (2, 2)): [18]
(2, (0, 0, 0), (3, 0)): [1, 1]
(2, (0, 0, 0), (3, 1)): [3, 1]
(2, (0, 0, 0), (3, 2)): [4, 1]
(2, (0, 0, 1), (0, 0)): [1056, 341, 65, 21, 9, 4, 1, 1]
(2, (0, 0, 1), (0, 1)): [4, 3, 1]
(2, (0, 0, 1), (0, 2)): [2, 0, 1]
(2, (0, 0, 1), (1, 0)): [1, 1]
(2, (0, 0, 1), (1, 1)): [1, 2]
(2, (0, 0, 1), (1, 2)): [3, 1, 1]
(2, (0, 0, 1), (2, 0)): [1]
(2, (0, 0, 1), (2, 1)): [1]
(2, (0, 0, 1), (2, 2)): [2, 0, 1]
(2, (0, 1, 0), (0, 0)): [2663, 634, 186, 60, 27, 8, 2, 1, 1]
(2, (0, 1, 0), (0, 1)): [11, 1, 1, 1]
(2, (0, 1, 0), (0, 2)): [4, 0, 0, 1]
(2, (0, 1, 0), (1, 0)): [10, 2, 1, 1]
(2, (0, 1, 0), (1, 1)): [7, 1, 1]
(2, (0, 1, 0), (1, 2)): [6, 0, 1, 1]
(2, (0, 1, 0), (2, 0)): [4, 1, 1, 1]
(2, (0, 1, 0), (2, 1)): [3, 1, 1, 1]
(2, (0, 1, 0), (2, 2)): [2, 0, 1, 1]
(2, (0, 1, 0), (3, 0)): [3]
(2, (0, 1, 0), (3, 1)): [3, 0, 0, 1]
(2, (0, 1, 0), (3, 2)): [2, 0, 1]
(2, (0, 1, 1), (0, 0)): [654, 67, 164, 56, 21, 11, 3, 1]
(2, (0, 1, 1), (0, 1)): [5]
(2, (0, 1, 1), (0, 2)): [3]
(2, (0, 1, 1), (1, 0)): [4]
(2, (0, 1, 1), (1, 1)): [2]
(2, (0, 1, 1), (1, 2)): [2]
(2, (0, 1, 1), (2, 0)): [2]
(2, (0, 1, 1), (2, 2)): [1]
(2, (0, 1, 1), (3, 0)): [2]
(2, (0, 1, 1), (3, 2)): [1]
(2, (1, 0, 0), (0, 0)): [6135, 499, 330, 104, 31, 14, 7, 2, 1]
(2, (1, 0, 0), (0, 1)): [19, 4, 1]
(2, (1, 0, 0), (0, 2)): [8, 2]
(2, (1, 0, 0), (1, 0)): [17, 2, 1, 1]
(2, (1, 0, 0), (1, 1)): [14, 1]
(2, (1, 0, 0), (1, 2)): [11, 1]
(2, (1, 0, 0), (2, 0)): [3, 2, 0, 1]
(2, (1, 0, 0), (2, 1)): [4, 2]
(2, (1, 0, 0), (2, 2)): [8, 1]
(2, (1, 0, 0), (3, 0)): [1]
(2, (1, 0, 0), (3, 1)): [1, 1]
(2, (1, 0, 0), (3, 2)): [6, 1]
(2, (1, 0, 1), (0, 0)): [1168, 303, 131, 82, 29, 17, 6, 1]
(2, (1, 0, 1), (0, 1)): [8, 1]
(2, (1, 0, 1), (0, 2)): [3]
(2, (1, 0, 1), (1, 0)): [2, 1]
(2, (1, 0, 1), (1, 1)): [2, 1]
(2, (1, 0, 1), (1, 2)): [3]
(2, (1, 0, 1), (2, 0)): [1]
(2, (1, 0, 1), (2, 1)): [2]
(2, (1, 0, 1), (2, 2)): [1]
(2, (1, 1, 0), (0, 0)): [2319, 382, 246, 121, 48, 15, 6, 1, 1]
(2, (1, 1, 0), (0, 1)): [6, 1, 2]
(2, (1, 1, 0), (0, 2)): [3, 0, 2]
(2, (1, 1, 0), (1, 0)): [5, 0, 0, 1]
(2, (1, 1, 0), (1, 1)): [6, 1]
(2, (1, 1, 0), (1, 2)): [3, 1, 1]
(2, (1, 1, 0), (2, 0)): [1, 0, 0, 1]
(2, (1, 1, 0), (2, 1)): [1]
(2, (1, 1, 0), (2, 2)): [2, 1]
(2, (1, 1, 0), (3, 0)): [0, 0, 0, 1]
(2, (1, 1, 0), (3, 1)): [0, 0, 0, 1]
(2, (1, 1, 0), (3, 2)): [1]
(2, (1, 1, 1), (0, 0)): [684, 96, 121, 56, 49, 15, 7, 1, 1]
(2, (1, 1, 1), (0, 1)): [3, 0, 1, 1]
(2, (1, 1, 1), (0, 2)): [2]
(2, (1, 1, 1), (1, 0)): [3, 2, 1]
(2, (1, 1, 1), (1, 1)): [2, 1, 2]
(2, (1, 1, 1), (1, 2)): [2]
(2, (1, 1, 1), (2, 0)): [1, 1]
(2, (1, 1, 1), (2, 1)): [1, 1]
(2, (1, 1, 1), (2, 2)): [2, 1]
(2, (1, 1, 1), (3, 0)): [0, 1]
(2, (1, 1, 1), (3, 1)): [1]
(2, (1, 1, 1), (3, 2)): [1]
