(0, (0, 0, 0), (0, 0)): [1142504, 227297, 105170, 47858, 21246, 9154, 3750, 1579, 633, 295, 121, 58, 27, 10, 3, 1, 0, 1]
(0, (0, 0, 0), (0, 1)): [19730, 3570, 1714, 763, 337, 138, 50, 26, 6, 5, 1, 0, 2, 1, 0, 1]
(0, (0, 0, 0), (0, 2)): [7243, 1143, 552, 239, 105, 31, 19, 10, 2, 1, 0, 0, 1]
(0, (0, 0, 0), (1, 0)): [18645, 4019, 2010, 895, 436, 182, 83, 31, 14, 5, 3]
(0, (0, 0, 0), (1, 1)): [16872, 3220, 1600, 727, 348, 138, 48, 24, 7, 3, 3, 0, 1, 1, 0, 1]
(0, (0, 0, 0), (1, 2)): [10955, 1829, 868, 375, 198, 75, 25, 11, 5, 2, 0, 0, 2]
(0, (0, 0, 0), (2, 0)): [6298, 1521, 792, 386, 177, 83, 39, 14, 6, 2, 1]
(0, (0, 0, 0), (2, 1)): [9059, 1911, 1011, 472, 220, 90, 39, 20, 5, 1, 1, 0, 0, 1]
(0, (0, 0, 0), (2, 2)): [8712, 1590, 810, 363, 183, 77, 22, 11, 5, 3, 1, 0, 2]
(0, (0, 0, 0), (3, 0)): [2107, 552, 328, 177, 77, 43, 17, 6, 3, 0, 1]
(0, (0, 0, 0), (3, 1)): [3736, 942, 552, 287, 116, 56, 22, 14, 4]
(0, (0, 0, 0), (3, 2)): [5077, 1071, 642, 307, 145, 58, 17, 10, 5, 2, 0, 0, 2]
(0, (0, 0, 1), (0, 0)): [4834, 14237, 3859, 1828, 893, 379, 162, 80, 34, 18, 5, 1, 3, 2]
(0, (0, 0, 1), (0, 1)): [82, 207, 66, 22, 13, 6, 2, 1, 0, 1, 0, 0, 0, 1]
(0, (0, 0, 1), (0, 2)): [33, 83, 19, 6, 5, 1]
(0, (0, 0, 1), (1, 0)): [79, 194, 56, 33, 21, 10, 1, 2, 1]
(0, (0, 0, 1), (1, 1)): [71, 148, 51, 20, 15, 7, 1, 1, 0, 1, 0, 0, 0, 1]
(0, (0, 0, 1), (1, 2)): [49, 111, 30, 12, 8, 1, 1, 1, 0, 1]
(0, (0, 0, 1), (2, 0)): [31, 87, 24, 16, 6, 6, 1, 1, 1]
(0, (0, 0, 1), (2, 1)): [43, 89, 31, 14, 9, 5]
(0, (0, 0, 1), (2, 2)): [50, 84, 28, 8, 7, 1]
(0, (0, 0, 1), (3, 0)): [8, 37, 10, 8, 2, 3, 1, 1, 1]
(0, (0, 0, 1), (3, 1)): [19, 37, 15, 11, 6, 4, 0, 1]
(0, (0, 0, 1), (3, 2)): [28, 44, 16, 9, 6, 4, 0, 1]
(0, (0, 1, 0), (0, 0)): [39259, 36255, 14200, 6799, 3263, 1412, 598, 259, 107, 62, 20, 5, 3, 2, 1]
(0, (0, 1, 0), (0, 1)): [639, 519, 203, 94, 36, 22, 8, 6, 2]
(0, (0, 1, 0), (0, 2)): [256, 161, 72, 26, 9, 10, 3, 1, 1]
(0, (0, 1, 0), (1, 0)): [625, 545, 220, 115, 57, 28, 10, 2, 1]
(0, (0, 1, 0), (1, 1)): [534, 449, 180, 90, 36, 14, 7, 5]
(0, (0, 1, 0), (1, 2)): [356, 274, 103, 52, 19, 11, 3, 3, 1]
(0, (0, 1, 0), (2, 0)): [223, 201, 75, 42, 23, 18, 4, 0, 1]
(0, (0, 1, 0), (2, 1)): [273, 238, 97, 49, 19, 16, 5, 3]
(0, (0, 1, 0), (2, 2)): [282, 205, 92, 41, 15, 8, 6, 1, 1]
(0, (0, 1, 0), (3, 0)): [86, 74, 33, 26, 15, 6, 2, 0, 1]
(0, (0, 1, 0), (3, 1)): [115, 106, 50, 29, 19, 8, 1, 1]
(0, (0, 1, 0), (3, 2)): [177, 129, 67, 32, 18, 6, 5]
(0, (0, 1, 1), (0, 0)): [3417, 5656, 6843, 3197, 1691, 792, 330, 159, 76, 32, 9, 6, 1, 2, 1, 0, 0, 1]
(0, (0, 1, 1), (0, 1)): [51, 71, 101, 43, 23, 8, 5, 3]
(0, (0, 1, 1), (0, 2)): [28, 26, 36, 15, 12, 4, 3, 2]
(0, (0, 1, 1), (1, 0)): [66, 112, 141, 73, 43, 17, 5, 5, 4, 0, 0, 1]
(0, (0, 1, 1), (1, 1)): [38, 67, 88, 43, 24, 5, 3, 2, 1]
(0, (0, 1, 1), (1, 2)): [31, 34, 46, 22, 16, 6, 3, 2, 1]
(0, (0, 1, 1), (2, 0)): [42, 62, 70, 37, 23, 13, 3, 4, 3, 0, 0, 1]
(0, (0, 1, 1), (2, 1)): [29, 49, 64, 30, 15, 3, 2, 4, 2]
(0, (0, 1, 1), (2, 2)): [35, 37, 46, 17, 9, 4, 2, 2, 2]
(0, (0, 1, 1), (3, 0)): [25, 37, 35, 25, 17, 11, 1, 1, 0, 0, 0, 1]
(0, (0, 1, 1), (3, 1)): [14, 26, 29, 14, 11, 0, 0, 1, 1]
(0, (0, 1, 1), (3, 2)): [19, 22, 36, 15, 9, 3, 2, 3, 2]
(0, (1, 0, 0), (0, 0)): [245999, 81639, 51753, 25553, 12124, 5476, 2288, 990, 410, 193, 81, 37, 18, 4, 2, 1, 0, 1]
(0, (1, 0, 0), (0, 1)): [4155, 1138, 820, 385, 193, 86, 31, 15, 6]
(0, (1, 0, 0), (0, 2)): [1590, 341, 267, 109, 56, 22, 13, 2, 5]
(0, (1, 0, 0), (1, 0)): [3670, 1223, 889, 430, 214, 81, 44, 15, 7, 6, 2]
(0, (1, 0, 0), (1, 1)): [3090, 930, 688, 323, 156, 58, 24, 15, 5, 4]
(0, (1, 0, 0), (1, 2)): [2003, 505, 389, 168, 80, 27, 17, 8, 3, 2]
(0, (1, 0, 0), (2, 0)): [1167, 407, 294, 169, 88, 40, 14, 6, 3, 2, 2]
(0, (1, 0, 0), (2, 1)): [1508, 467, 356, 191, 95, 42, 15, 6, 4, 3]
(0, (1, 0, 0), (2, 2)): [1403, 377, 286, 140, 70, 26, 15, 8, 3, 3]
(0, (1, 0, 0), (3, 0)): [340, 147, 113, 75, 45, 13, 4, 4, 0, 1, 1]
(0, (1, 0, 0), (3, 1)): [580, 206, 160, 102, 63, 18, 5, 2, 3, 1, 1]
(0, (1, 0, 0), (3, 2)): [708, 234, 176, 97, 66, 19, 7, 6, 2, 3]
(0, (1, 0, 1), (0, 0)): [5865, 17698, 7174, 4956, 2614, 1188, 587, 244, 113, 49, 22, 11, 5, 1, 1, 0, 0, 1]
(0, (1, 0, 1), (0, 1)): [88, 253, 104, 66, 33, 15, 11, 2, 1, 0, 0, 0, 1]
(0, (1, 0, 1), (0, 2)): [33, 95, 28, 25, 12, 7, 4, 0, 1]
(0, (1, 0, 1), (1, 0)): [84, 272, 108, 82, 39, 17, 2, 3, 4, 1, 1]
(0, (1, 0, 1), (1, 1)): [74, 194, 74, 52, 29, 12, 6, 1, 2, 0, 1]
(0, (1, 0, 1), (1, 2)): [58, 109, 37, 28, 13, 10, 3, 1, 2]
(0, (1, 0, 1), (2, 0)): [31, 100, 47, 29, 16, 9, 0, 3, 1, 1]
(0, (1, 0, 1), (2, 1)): [25, 121, 49, 32, 19, 6, 1, 0, 2, 0, 1]
(0, (1, 0, 1), (2, 2)): [46, 97, 34, 22, 13, 6, 2, 1, 1, 0, 1]
(0, (1, 0, 1), (3, 0)): [17, 36, 19, 15, 7, 6, 0, 3]
(0, (1, 0, 1), (3, 1)): [12, 45, 19, 16, 11, 4]
(0, (1, 0, 1), (3, 2)): [16, 47, 27, 13, 10, 4, 1, 0, 1, 0, 1]
(0, (1, 1, 0), (0, 0)): [33538, 21511, 16272, 11525, 6106, 2926, 1246, 592, 240, 113, 50, 24, 8, 1]
(0, (1, 1, 0), (0, 1)): [600, 330, 227, 175, 96, 36, 16, 11, 3, 0, 1]
(0, (1, 1, 0), (0, 2)): [243, 117, 77, 55, 36, 13, 8, 6, 1]
(0, (1, 1, 0), (1, 0)): [474, 295, 243, 179, 96, 50, 19, 11, 1, 3]
(0, (1, 1, 0), (1, 1)): [396, 224, 180, 133, 61, 31, 15, 9, 2, 1, 1]
(0, (1, 1, 0), (1, 2)): [278, 124, 98, 76, 41, 16, 6, 10, 1, 1]
(0, (1, 1, 0), (2, 0)): [137, 98, 77, 65, 36, 20, 6, 4, 1, 1]
(0, (1, 1, 0), (2, 1)): [190, 120, 79, 77, 41, 19, 9, 5, 1, 1]
(0, (1, 1, 0), (2, 2)): [193, 103, 73, 59, 31, 17, 3, 7, 1, 2]
(0, (1, 1, 0), (3, 0)): [34, 34, 30, 23, 13, 7, 3, 1, 1]
(0, (1, 1, 0), (3, 1)): [70, 51, 39, 39, 18, 11, 8, 2, 2]
(0, (1, 1, 0), (3, 2)): [106, 61, 43, 43, 19, 10, 3, 4, 1]
(0, (1, 1, 1), (0, 0)): [3318, 6249, 5133, 3856, 3046, 1531, 707, 353, 154, 65, 32, 13, 3, 1, 1]
(0, (1, 1, 1), (0, 1)): [75, 95, 87, 57, 37, 24, 8, 5, 4, 2, 1, 1]
(0, (1, 1, 1), (0, 2)): [35, 42, 27, 17, 18, 6, 2, 1, 3, 0, 0, 1]
(0, (1, 1, 1), (1, 0)): [52, 112, 107, 73, 66, 32, 8, 10, 2, 0, 1]
(0, (1, 1, 1), (1, 1)): [54, 81, 88, 57, 32, 22, 8, 7, 1, 1, 1]
(0, (1, 1, 1), (1, 2)): [46, 60, 47, 23, 14, 13, 3, 2, 4, 0, 0, 1]
(0, (1, 1, 1), (2, 0)): [15, 42, 29, 31, 32, 10, 2, 4, 1, 0, 1]
(0, (1, 1, 1), (2, 1)): [29, 38, 38, 33, 26, 13, 3, 4, 1]
(0, (1, 1, 1), (2, 2)): [30, 41, 37, 27, 15, 11, 3, 4, 1, 0, 0, 1]
(0, (1, 1, 1), (3, 0)): [2, 14, 13, 15, 11, 2, 1, 2, 0, 0, 1]
(0, (1, 1, 1), (3, 1)): [5, 19, 14, 20, 9, 4, 1, 1, 0, 0, 1]
(0, (1, 1, 1), (3, 2)): [10, 14, 21, 20, 11, 7, 3, 1, 1, 0, 0, 1]
(1, (0, 0, 0), (0, 0)): [922905, 99971, 41085, 16274, 6327, 2430, 926, 355, 138, 56, 25, 14, 6, 3, 0, 1]
(1, (0, 0, 0), (0, 1)): [16002, 1592, 693, 259, 93, 25, 12, 8, 1, 0, 0, 0, 0, 1]
(1, (0, 0, 0), (0, 2)): [5912, 479, 204, 72, 25, 7, 1, 1]
(1, (0, 0, 0), (1, 0)): [15681, 1947, 836, 318, 140, 49, 23, 8, 0, 1, 0, 0, 0, 0, 0, 1]
(1, (0, 0, 0), (1, 1)): [13854, 1509, 625, 232, 101, 37, 19, 7, 1, 1, 0, 0, 0, 1]
(1, (0, 0, 0), (1, 2)): [8835, 769, 303, 129, 57, 23, 10, 2]
(1, (0, 0, 0), (2, 0)): [5535, 776, 372, 131, 56, 21, 9, 5, 0, 0, 0, 0, 0, 0, 0, 1]
(1, (0, 0, 0), (2, 1)): [7732, 946, 403, 146, 66, 20, 10, 6, 0, 1]
(1, (0, 0, 0), (2, 2)): [7318, 712, 314, 119, 54, 27, 12, 4]
(1, (0, 0, 0), (3, 0)): [1814, 286, 182, 61, 27, 9, 5, 1, 0, 0, 0, 0, 0, 0, 0, 1]
(1, (0, 0, 0), (3, 1)): [3321, 516, 264, 93, 49, 7, 4, 3]
(1, (0, 0, 0), (3, 2)): [4229, 526, 267, 94, 48, 17, 11, 3]
(1, (0, 0, 1), (0, 0)): [25201, 35790, 7052, 2988, 1253, 508, 197, 82, 37, 12, 6, 4, 4, 1]
(1, (0, 0, 1), (0, 1)): [403, 413, 100, 31, 14, 7, 5]
(1, (0, 0, 1), (0, 2)): [169, 137, 34, 7, 2, 1, 3]
(1, (0, 0, 1), (1, 0)): [426, 595, 121, 62, 26, 12, 5, 3, 1]
(1, (0, 0, 1), (1, 1)): [363, 410, 82, 34, 17, 6, 2, 2]
(1, (0, 0, 1), (1, 2)): [270, 222, 36, 13, 11, 2, 2]
(1, (0, 0, 1), (2, 0)): [187, 252, 52, 32, 13, 7, 5, 1, 1]
(1, (0, 0, 1), (2, 1)): [177, 248, 46, 21, 9, 7, 5, 2]
(1, (0, 0, 1), (2, 2)): [195, 186, 35, 15, 7, 2, 1]
(1, (0, 0, 1), (3, 0)): [86, 104, 31, 22, 8, 3, 2, 1, 1]
(1, (0, 0, 1), (3, 1)): [102, 129, 21, 14, 4, 3, 3, 2]
(1, (0, 0, 1), (3, 2)): [127, 115, 29, 12, 6, 2, 3]
(1, (0, 1, 0), (0, 0)): [123627, 55449, 19907, 8450, 3430, 1351, 465, 223, 58, 33, 20, 7, 8, 2, 1]
(1, (0, 1, 0), (0, 1)): [1897, 735, 275, 110, 35, 14, 6, 2, 1]
(1, (0, 1, 0), (0, 2)): [741, 263, 83, 24, 9, 5, 2]
(1, (0, 1, 0), (1, 0)): [2243, 1006, 354, 206, 87, 27, 12, 4, 0, 0, 1, 0, 0, 1]
(1, (0, 1, 0), (1, 1)): [1655, 634, 259, 115, 42, 14, 7, 3, 1, 0, 0, 0, 0, 1]
(1, (0, 1, 0), (1, 2)): [1070, 389, 152, 47, 15, 6, 5, 2]
(1, (0, 1, 0), (2, 0)): [1000, 458, 159, 110, 45, 16, 8, 3, 0, 0, 1]
(1, (0, 1, 0), (2, 1)): [903, 391, 131, 81, 35, 11, 6, 2, 0, 0, 1, 0, 0, 1]
(1, (0, 1, 0), (2, 2)): [849, 344, 130, 41, 23, 4, 3, 1]
(1, (0, 1, 0), (3, 0)): [549, 211, 69, 75, 31, 9, 5, 2]
(1, (0, 1, 0), (3, 1)): [480, 177, 61, 53, 22, 8, 3, 1, 0, 0, 0, 0, 0, 1]
(1, (0, 1, 0), (3, 2)): [506, 196, 84, 46, 25, 0, 4, 1, 0, 0, 0, 0, 0, 1]
(1, (0, 1, 1), (0, 0)): [20353, 16341, 14939, 5939, 3066, 1213, 479, 203, 92, 29, 9, 7, 1, 2, 0, 1]
(1, (0, 1, 1), (0, 1)): [262, 179, 143, 66, 28, 15, 7, 2]
(1, (0, 1, 1), (0, 2)): [133, 60, 46, 21, 7, 4, 3]
(1, (0, 1, 1), (1, 0)): [459, 366, 269, 130, 89, 33, 13, 8, 3, 1]
(1, (0, 1, 1), (1, 1)): [211, 157, 142, 55, 30, 7, 5, 4]
(1, (0, 1, 1), (1, 2)): [167, 89, 79, 36, 14, 5, 3]
(1, (0, 1, 1), (2, 0)): [308, 241, 157, 89, 70, 30, 11, 6, 3, 1]
(1, (0, 1, 1), (2, 1)): [126, 104, 80, 33, 15, 8, 7, 2]
(1, (0, 1, 1), (2, 2)): [120, 87, 74, 31, 18, 2, 2, 2]
(1, (0, 1, 1), (3, 0)): [254, 192, 121, 68, 61, 26, 7, 6, 3, 1]
(1, (0, 1, 1), (3, 1)): [61, 45, 36, 17, 6, 7, 5]
(1, (0, 1, 1), (3, 2)): [74, 58, 40, 18, 11, 3, 1, 1]
(1, (1, 0, 0), (0, 0)): [355805, 62858, 40269, 17152, 6912, 2746, 1080, 388, 180, 73, 28, 20, 4, 3, 0, 2]
(1, (1, 0, 0), (0, 1)): [5970, 836, 634, 263, 98, 35, 15, 3, 1, 2]
(1, (1, 0, 0), (0, 2)): [2173, 258, 227, 77, 29, 10, 6, 1, 0, 2]
(1, (1, 0, 0), (1, 0)): [5747, 1038, 742, 339, 142, 46, 25, 9, 1, 2, 0, 0, 1, 0, 0, 1]
(1, (1, 0, 0), (1, 1)): [4781, 698, 543, 224, 85, 30, 15, 6, 1, 0, 0, 0, 0, 0, 0, 1]
(1, (1, 0, 0), (1, 2)): [2982, 371, 314, 111, 46, 16, 5, 4, 0, 1]
(1, (1, 0, 0), (2, 0)): [1881, 392, 284, 152, 58, 24, 10, 0, 1, 2, 0, 0, 1]
(1, (1, 0, 0), (2, 1)): [2465, 414, 333, 144, 58, 17, 12, 2, 2, 0, 0, 0, 0, 0, 0, 1]
(1, (1, 0, 0), (2, 2)): [2254, 317, 281, 103, 40, 11, 6, 3, 1, 1]
(1, (1, 0, 0), (3, 0)): [568, 138, 94, 66, 26, 11, 4, 0, 0, 2, 0, 0, 1]
(1, (1, 0, 0), (3, 1)): [946, 227, 160, 89, 32, 13, 6, 1, 0, 1, 0, 0, 0, 0, 0, 1]
(1, (1, 0, 0), (3, 2)): [1159, 219, 171, 83, 30, 13, 5, 1, 1, 1, 0, 0, 0, 0, 0, 1]
(1, (1, 0, 1), (0, 0)): [28393, 33516, 10848, 7078, 2999, 1256, 498, 198, 70, 47, 12, 5, 0, 1]
(1, (1, 0, 1), (0, 1)): [484, 433, 124, 106, 45, 17, 9, 2, 3, 2]
(1, (1, 0, 1), (0, 2)): [208, 139, 46, 36, 7, 6, 4, 1, 0, 1]
(1, (1, 0, 1), (1, 0)): [478, 526, 175, 123, 65, 20, 7, 1, 0, 2]
(1, (1, 0, 1), (1, 1)): [379, 357, 109, 89, 47, 7, 8, 1, 2]
(1, (1, 0, 1), (1, 2)): [279, 193, 61, 52, 17, 6, 6, 1, 0, 1]
(1, (1, 0, 1), (2, 0)): [184, 180, 59, 40, 24, 12, 1, 1, 0, 1]
(1, (1, 0, 1), (2, 1)): [179, 186, 62, 45, 28, 7, 5, 0, 2]
(1, (1, 0, 1), (2, 2)): [183, 148, 52, 28, 18, 4, 6, 0, 1]
(1, (1, 0, 1), (3, 0)): [69, 74, 20, 18, 10, 6, 0, 0, 0, 1]
(1, (1, 0, 1), (3, 1)): [74, 85, 23, 22, 18, 7]
(1, (1, 0, 1), (3, 2)): [89, 81, 32, 21, 17, 7, 4, 0, 1]
(1, (1, 1, 0), (0, 0)): [97348, 30198, 20285, 14359, 6049, 2527, 992, 399, 164, 66, 24, 13, 8, 5, 1]
(1, (1, 1, 0), (0, 1)): [1697, 446, 276, 217, 83, 31, 18, 5, 2]
(1, (1, 1, 0), (0, 2)): [684, 169, 89, 78, 25, 8, 4, 0, 1]
(1, (1, 1, 0), (1, 0)): [1529, 517, 359, 272, 115, 43, 25, 9, 1, 3, 0, 0, 2, 1]
(1, (1, 1, 0), (1, 1)): [1250, 363, 254, 177, 79, 30, 18, 8, 0, 2]
(1, (1, 1, 0), (1, 2)): [914, 223, 142, 113, 40, 14, 8, 2]
(1, (1, 1, 0), (2, 0)): [544, 185, 122, 109, 44, 16, 8, 2, 1, 1, 0, 0, 2, 1]
(1, (1, 1, 0), (2, 1)): [638, 219, 152, 104, 42, 18, 11, 3, 0, 1, 0, 0, 1]
(1, (1, 1, 0), (2, 2)): [663, 176, 104, 79, 39, 13, 6, 1]
(1, (1, 1, 0), (3, 0)): [154, 73, 36, 38, 25, 11, 4, 2, 1, 1, 0, 0, 1]
(1, (1, 1, 0), (3, 1)): [278, 104, 69, 60, 28, 11, 9, 3, 0, 2, 0, 0, 1]
(1, (1, 1, 0), (3, 2)): [356, 109, 72, 48, 31, 14, 9, 4, 0, 2, 0, 0, 1]
(1, (1, 1, 1), (0, 0)): [20130, 15898, 10219, 6684, 4833, 2077, 834, 313, 131, 51, 18, 15, 6, 3, 1, 1]
(1, (1, 1, 1), (0, 1)): [405, 255, 163, 104, 82, 30, 16, 4, 3]
(1, (1, 1, 1), (0, 2)): [206, 90, 60, 32, 33, 8, 8]
(1, (1, 1, 1), (1, 0)): [355, 267, 184, 122, 93, 41, 17, 7, 2, 2, 0, 1, 1]
(1, (1, 1, 1), (1, 1)): [295, 188, 134, 97, 75, 29, 7, 5, 1]
(1, (1, 1, 1), (1, 2)): [226, 101, 89, 55, 39, 21, 7, 1]
(1, (1, 1, 1), (2, 0)): [112, 106, 74, 49, 30, 19, 11, 3, 1, 1, 0, 1, 1]
(1, (1, 1, 1), (2, 1)): [148, 124, 80, 58, 44, 14, 10, 4, 1, 1, 0, 1]
(1, (1, 1, 1), (2, 2)): [158, 88, 70, 61, 36, 15, 7, 1]
(1, (1, 1, 1), (3, 0)): [25, 38, 25, 22, 10, 11, 4, 0, 1, 0, 0, 0, 1]
(1, (1, 1, 1), (3, 1)): [42, 66, 33, 28, 21, 10, 5, 3, 0, 0, 0, 0, 1]
(1, (1, 1, 1), (3, 2)): [80, 56, 37, 38, 23, 12, 3, 2]
(2, (0, 0, 0), (0, 0)): [798377, 35944, 12074, 3874, 1284, 425, 149, 47, 8, 5, 5, 0, 1]
(2, (0, 0, 0), (0, 1)): [13811, 583, 204, 51, 27, 6, 6, 1]
(2, (0, 0, 0), (0, 2)): [4993, 155, 41, 15, 6, 1, 1, 1]
(2, (0, 0, 0), (1, 0)): [14262, 821, 273, 79, 34, 11, 3, 0, 0, 0, 0, 0, 1]
(2, (0, 0, 0), (1, 1)): [12329, 616, 214, 44, 28, 6, 6]
(2, (0, 0, 0), (1, 2)): [7764, 281, 91, 25, 13, 4, 3]
(2, (0, 0, 0), (2, 0)): [5315, 319, 130, 48, 17, 6, 1, 0, 0, 0, 0, 0, 1]
(2, (0, 0, 0), (2, 1)): [7223, 378, 138, 42, 9, 4, 3]
(2, (0, 0, 0), (2, 2)): [6571, 286, 101, 28, 11, 5, 1]
(2, (0, 0, 0), (3, 0)): [1851, 125, 75, 25, 13, 3, 1, 0, 0, 0, 0, 0, 1]
(2, (0, 0, 0), (3, 1)): [3363, 193, 102, 33, 12, 5, 2]
(2, (0, 0, 0), (3, 2)): [4181, 219, 104, 26, 9, 5]
(2, (0, 0, 1), (0, 0)): [73082, 22619, 4465, 1522, 548, 192, 55, 15, 3, 2, 0, 1]
(2, (0, 0, 1), (0, 1)): [1126, 308, 64, 22, 10, 3, 1]
(2, (0, 0, 1), (0, 2)): [434, 77, 20, 4, 2, 1]
(2, (0, 0, 1), (1, 0)): [1377, 392, 96, 40, 10, 5, 0, 1]
(2, (0, 0, 1), (1, 1)): [1095, 271, 65, 20, 8, 2, 1]
(2, (0, 0, 1), (1, 2)): [711, 130, 29, 10, 2, 1, 1]
(2, (0, 0, 1), (2, 0)): [576, 171, 44, 27, 6, 4, 0, 1]
(2, (0, 0, 1), (2, 1)): [622, 149, 47, 17, 9, 2, 0, 1]
(2, (0, 0, 1), (2, 2)): [583, 105, 36, 7, 3, 2, 1]
(2, (0, 0, 1), (3, 0)): [309, 78, 24, 17, 2, 3]
(2, (0, 0, 1), (3, 1)): [335, 81, 19, 15, 6, 2]
(2, (0, 0, 1), (3, 2)): [381, 80, 25, 10, 2, 1]
(2, (0, 1, 0), (0, 0)): [195817, 42185, 11200, 3921, 1284, 441, 128, 38, 8, 7, 5, 0, 1]
(2, (0, 1, 0), (0, 1)): [2908, 536, 140, 51, 15, 1, 1]
(2, (0, 1, 0), (0, 2)): [1096, 158, 39, 10, 4]
(2, (0, 1, 0), (1, 0)): [3898, 673, 279, 111, 26, 15, 5, 1, 0, 0, 0, 0, 1]
(2, (0, 1, 0), (1, 1)): [2714, 466, 163, 56, 14, 5, 3, 1]
(2, (0, 1, 0), (1, 2)): [1715, 245, 59, 33, 3]
(2, (0, 1, 0), (2, 0)): [1851, 299, 142, 74, 19, 9, 3, 0, 0, 0, 0, 0, 1]
(2, (0, 1, 0), (2, 1)): [1650, 294, 107, 34, 10, 7, 3, 1, 0, 0, 0, 0, 1]
(2, (0, 1, 0), (2, 2)): [1504, 232, 61, 35, 5, 3, 0, 1]
(2, (0, 1, 0), (3, 0)): [1050, 143, 85, 54, 15, 4, 2]
(2, (0, 1, 0), (3, 1)): [803, 143, 75, 23, 11, 3, 3, 0, 0, 0, 0, 0, 1]
(2, (0, 1, 0), (3, 2)): [982, 157, 65, 29, 7, 3, 1, 0, 0, 0, 0, 0, 1]
(2, (0, 1, 1), (0, 0)): [45130, 3898, 9994, 2699, 1057, 335, 122, 42, 17, 4, 3, 1, 0, 1]
(2, (0, 1, 1), (0, 1)): [620, 48, 105, 25, 7, 3, 1, 3]
(2, (0, 1, 1), (0, 2)): [265, 20, 34, 8, 4, 1, 1]
(2, (0, 1, 1), (1, 0)): [899, 89, 181, 62, 28, 7, 4, 0, 0, 0, 1]
(2, (0, 1, 1), (1, 1)): [575, 39, 103, 26, 7, 3, 1, 2]
(2, (0, 1, 1), (1, 2)): [383, 23, 53, 11, 5, 1, 2, 1]
(2, (0, 1, 1), (2, 0)): [462, 54, 90, 37, 22, 6, 1, 0, 0, 0, 1]
(2, (0, 1, 1), (2, 1)): [326, 26, 77, 16, 7, 4]
(2, (0, 1, 1), (2, 2)): [337, 27, 56, 14, 3, 4, 1, 1]
(2, (0, 1, 1), (3, 0)): [323, 42, 53, 24, 19, 5, 1, 0, 0, 0, 1]
(2, (0, 1, 1), (3, 1)): [171, 14, 34, 10, 4, 1]
(2, (0, 1, 1), (3, 2)): [218, 23, 47, 11, 4, 4, 0, 1]
(2, (1, 0, 0), (0, 0)): [431765, 31263, 20086, 6415, 2055, 651, 263, 71, 16, 10, 6, 0, 1]
(2, (1, 0, 0), (0, 1)): [6807, 369, 305, 77, 30, 8, 6, 1]
(2, (1, 0, 0), (0, 2)): [2458, 98, 83, 16, 10, 1, 1]
(2, (1, 0, 0), (1, 0)): [7153, 585, 418, 163, 39, 12, 7, 2, 0, 0, 0, 0, 1]
(2, (1, 0, 0), (1, 1)): [5637, 347, 287, 89, 24, 3, 4, 1]
(2, (1, 0, 0), (1, 2)): [3516, 162, 126, 43, 11, 2]
(2, (1, 0, 0), (2, 0)): [2445, 235, 147, 76, 17, 6, 4, 0, 0, 0, 0, 0, 1]
(2, (1, 0, 0), (2, 1)): [2920, 187, 152, 59, 20, 6, 2, 1, 0, 0, 0, 0, 1]
(2, (1, 0, 0), (2, 2)): [2701, 149, 119, 40, 13, 5, 1, 1]
(2, (1, 0, 0), (3, 0)): [809, 110, 47, 45, 4, 2, 3]
(2, (1, 0, 0), (3, 1)): [1281, 135, 76, 48, 9, 4, 2, 0, 0, 0, 0, 0, 1]
(2, (1, 0, 0), (3, 2)): [1525, 132, 81, 40, 9, 8, 1, 1, 0, 0, 0, 0, 1]
(2, (1, 0, 1), (0, 0)): [72518, 17755, 7009, 4174, 1321, 455, 164, 51, 20, 7, 0, 2, 1]
(2, (1, 0, 1), (0, 1)): [1210, 239, 103, 67, 20, 3, 2, 1, 0, 0, 0, 1]
(2, (1, 0, 1), (0, 2)): [483, 71, 31, 14, 8]
(2, (1, 0, 1), (1, 0)): [1131, 264, 124, 84, 29, 11, 4]
(2, (1, 0, 1), (1, 1)): [921, 190, 75, 65, 17, 7, 4, 1, 0, 0, 0, 1]
(2, (1, 0, 1), (1, 2)): [633, 96, 38, 29, 9, 3, 1, 1, 0, 0, 0, 1]
(2, (1, 0, 1), (2, 0)): [417, 96, 62, 30, 10, 4, 2]
(2, (1, 0, 1), (2, 1)): [509, 115, 41, 33, 14, 4]
(2, (1, 0, 1), (2, 2)): [456, 73, 28, 18, 9, 3, 1, 1, 0, 0, 0, 1]
(2, (1, 0, 1), (3, 0)): [148, 30, 29, 14, 6, 1, 2]
(2, (1, 0, 1), (3, 1)): [234, 49, 30, 18, 6, 1, 2]
(2, (1, 0, 1), (3, 2)): [267, 53, 29, 10, 8, 3, 2, 1]
(2, (1, 1, 0), (0, 0)): [168507, 26111, 13076, 8754, 2835, 925, 297, 100, 36, 17, 7, 1, 2, 1]
(2, (1, 1, 0), (0, 1)): [2857, 387, 172, 130, 35, 7, 5, 3, 0, 0, 0, 0, 1]
(2, (1, 1, 0), (0, 2)): [1133, 120, 49, 33, 9, 1, 2, 1]
(2, (1, 1, 0), (1, 0)): [2833, 431, 245, 191, 54, 20, 8, 2, 1, 1]
(2, (1, 1, 0), (1, 1)): [2343, 317, 149, 125, 27, 7, 4, 2, 1, 1, 0, 0, 1]
(2, (1, 1, 0), (1, 2)): [1614, 181, 80, 51, 12, 3, 2, 2]
(2, (1, 1, 0), (2, 0)): [993, 164, 112, 78, 28, 13, 3, 1]
(2, (1, 1, 0), (2, 1)): [1257, 165, 106, 83, 21, 11, 4, 1, 1, 1, 0, 0, 1]
(2, (1, 1, 0), (2, 2)): [1208, 144, 69, 69, 14, 4, 4, 2, 1]
(2, (1, 1, 0), (3, 0)): [348, 65, 47, 30, 13, 6, 1]
(2, (1, 1, 0), (3, 1)): [550, 84, 68, 41, 11, 9, 2, 1, 0, 0, 0, 0, 1]
(2, (1, 1, 0), (3, 2)): [674, 92, 59, 45, 15, 4, 3, 2, 1]
(2, (1, 1, 1), (0, 0)): [48812, 7117, 8221, 4075, 2928, 933, 314, 111, 39, 7, 6, 0, 1, 1]
(2, (1, 1, 1), (0, 1)): [973, 93, 136, 67, 45, 8, 5, 3, 1, 0, 0, 0, 1]
(2, (1, 1, 1), (0, 2)): [446, 23, 34, 21, 13, 2, 1, 1, 1]
(2, (1, 1, 1), (1, 0)): [772, 221, 148, 81, 54, 22, 6, 1, 2, 0, 1]
(2, (1, 1, 1), (1, 1)): [725, 109, 118, 59, 40, 6, 3, 0, 0, 0, 1, 0, 1]
(2, (1, 1, 1), (1, 2)): [547, 46, 50, 29, 15, 4, 2, 1, 0, 0, 1]
(2, (1, 1, 1), (2, 0)): [214, 146, 43, 36, 26, 15, 4, 1, 1]
(2, (1, 1, 1), (2, 1)): [318, 98, 70, 30, 32, 8, 4, 0, 0, 0, 0, 0, 1]
(2, (1, 1, 1), (2, 2)): [363, 57, 48, 30, 16, 5, 2, 0, 0, 0, 1]
(2, (1, 1, 1), (3, 0)): [44, 99, 15, 23, 8, 8, 1, 0, 1]
(2, (1, 1, 1), (3, 1)): [102, 101, 28, 24, 24, 6, 4]
(2, (1, 1, 1), (3, 2)): [164, 82, 33, 33, 19, 7, 4, 0, 0, 0, 1]
