(0, (0, 0, 0)): [12785, 2905, 1394, 676, 307, 141, 55, 28, 7, 10, 4, 1, 2, 2]
(0, (0, 0, 1)): [59, 215, 73, 29, 20, 4, 5, 2, 0, 1]
(0, (0, 1, 0)): [411, 473, 197, 99, 43, 26, 8, 5, 2, 1]
(0, (0, 1, 1)): [40, 85, 111, 56, 30, 9, 3, 6, 2, 0, 0, 1, 0, 1]
(0, (1, 0, 0)): [2986, 1099, 706, 371, 180, 86, 31, 16, 4, 9, 4, 1, 2, 2]
(0, (1, 0, 1)): [78, 254, 120, 84, 39, 22, 11, 4, 5, 5, 2, 2]
(0, (1, 1, 0)): [423, 251, 243, 139, 90, 41, 19, 12, 2, 6, 4, 0, 1]
(0, (1, 1, 1)): [45, 73, 64, 44, 38, 21, 8, 5, 1, 3, 1, 0, 0, 1]
(1, (0, 0, 0)): [10035, 1254, 519, 219, 85, 35, 19, 6, 1, 1]
(1, (0, 0, 1)): [331, 539, 138, 56, 21, 15, 6, 3, 1, 0, 0, 1]
(1, (0, 1, 0)): [1485, 797, 282, 126, 43, 22, 8, 5, 1, 2, 0, 1, 1]
(1, (0, 1, 1)): [242, 232, 251, 111, 52, 18, 7, 5, 1]
(1, (1, 0, 0)): [4392, 924, 510, 248, 105, 48, 21, 5, 3, 1, 2, 0, 0, 1]
(1, (1, 0, 1)): [393, 510, 170, 119, 50, 29, 12, 4, 3, 3, 2]
(1, (1, 1, 0)): [1145, 402, 267, 193, 87, 43, 16, 7, 4, 2, 0, 0, 0, 1]
(1, (1, 1, 1)): [226, 188, 113, 86, 61, 30, 15, 5, 3]
(2, (0, 0, 0)): [8582, 436, 153, 49, 14, 6, 2, 1]
(2, (0, 0, 1)): [1134, 390, 69, 21, 10, 5, 1]
(2, (0, 1, 0)): [2401, 628, 153, 50, 19, 8, 2]
(2, (0, 1, 1)): [667, 64, 167, 39, 23, 6, 1, 2]
(2, (1, 0, 0)): [5457, 428, 276, 96, 27, 7, 3, 1]
(2, (1, 0, 1)): [1088, 293, 104, 68, 22, 11, 3, 2]
(2, (1, 1, 0)): [1810, 304, 181, 108, 33, 8, 5, 0, 1]
(2, (1, 1, 1)): [505, 80, 92, 56, 40, 11, 3, 1]
