(0, (0, 0, 0)): [15357, 3147, 1522, 655, 291, 137, 61, 39, 8, 1, 1, 2]
(0, (0, 0, 1)): [68, 161, 46, 27, 7, 4, 1, 4, 1, 1]
(0, (0, 1, 0)): [488, 470, 191, 90, 35, 17, 12, 4, 0, 0, 0, 1]
(0, (0, 1, 1)): [50, 77, 92, 36, 26, 6, 5, 4, 1]
(0, (1, 0, 0)): [3472, 1166, 737, 337, 180, 88, 40, 24, 6, 0, 1]
(0, (1, 0, 1)): [71, 249, 81, 63, 26, 20, 7, 6, 0, 1, 1, 1]
(0, (1, 1, 0)): [515, 345, 240, 164, 114, 51, 24, 15, 5]
(0, (1, 1, 1)): [66, 112, 85, 53, 54, 29, 18, 9, 2, 1]
(1, (0, 0, 0)): [12359, 1362, 600, 219, 83, 37, 14, 6, 0, 1, 0, 1]
(1, (0, 0, 1)): [290, 434, 96, 34, 11, 6, 4, 0, 1]
(1, (0, 1, 0)): [1529, 710, 254, 125, 40, 14, 7, 2]
(1, (0, 1, 1)): [220, 202, 198, 72, 44, 18, 8, 3, 1]
(1, (1, 0, 0)): [4933, 841, 588, 222, 86, 46, 19, 8, 0, 1, 0, 1]
(1, (1, 0, 1)): [361, 431, 146, 94, 55, 19, 7, 2, 0, 0, 1]
(1, (1, 1, 0)): [1422, 433, 312, 228, 84, 42, 20, 7, 0, 1, 0, 1]
(1, (1, 1, 1)): [315, 234, 159, 97, 93, 38, 18, 2, 1]
(2, (0, 0, 0)): [10830, 492, 163, 60, 18, 8, 1]
(2, (0, 0, 1)): [774, 249, 51, 19, 5, 2]
(2, (0, 1, 0)): [2498, 514, 141, 55, 17, 3, 2]
(2, (0, 1, 1)): [559, 46, 108, 38, 15, 4, 0, 0, 0, 1]
(2, (1, 0, 0)): [5906, 442, 278, 86, 26, 12, 3, 0, 0, 1]
(2, (1, 0, 1)): [859, 216, 78, 59, 9, 8, 3]
(2, (1, 1, 0)): [2538, 420, 195, 133, 38, 10, 2, 1]
(2, (1, 1, 1)): [737, 109, 114, 57, 39, 19, 3, 1, 1, 1]
