(0, (0, 0, 0)): [30071, 6095, 2847, 1181, 528, 217, 75, 38, 14, 7, 3, 2, 1, 1]
(0, (0, 0, 1)): [149, 356, 93, 45, 22, 13, 3, 4, 0, 1, 1, 0, 0, 1]
(0, (0, 1, 0)): [1128, 1100, 455, 212, 89, 29, 20, 7, 2, 1, 1]
(0, (0, 1, 1)): [100, 148, 166, 79, 37, 22, 6, 4, 2, 2]
(0, (1, 0, 0)): [5832, 2039, 1351, 602, 270, 126, 47, 20, 8, 7, 1, 1, 2]
(0, (1, 0, 1)): [153, 422, 202, 120, 55, 31, 10, 1, 1, 1]
(0, (1, 1, 0)): [745, 544, 379, 237, 150, 52, 21, 9, 4, 5, 1, 1, 1]
(0, (1, 1, 1)): [69, 155, 132, 77, 62, 22, 13, 2, 3, 1, 0, 1, 1]
(1, (0, 0, 0)): [23367, 2791, 1166, 424, 169, 65, 14, 9, 6, 1]
(1, (0, 0, 1)): [699, 945, 172, 67, 23, 6, 9, 2, 2]
(1, (0, 1, 0)): [3357, 1485, 565, 253, 90, 34, 10, 10, 2, 0, 0, 0, 1]
(1, (0, 1, 1)): [513, 423, 344, 122, 78, 24, 7, 6, 2, 2]
(1, (1, 0, 0)): [8443, 1561, 1030, 389, 162, 67, 21, 9, 9]
(1, (1, 0, 1)): [700, 813, 250, 172, 66, 27, 11, 5, 3, 0, 0, 1]
(1, (1, 1, 0)): [2265, 721, 442, 347, 129, 55, 25, 16, 5, 1, 1, 0, 1]
(1, (1, 1, 1)): [483, 413, 230, 156, 112, 51, 24, 10, 3, 1]
(2, (0, 0, 0)): [20706, 1013, 361, 104, 36, 11, 2, 1]
(2, (0, 0, 1)): [1941, 560, 136, 40, 13, 4, 1, 1]
(2, (0, 1, 0)): [5276, 1048, 303, 104, 33, 10, 3, 2]
(2, (0, 1, 1)): [1053, 89, 214, 61, 19, 5, 2, 1]
(2, (1, 0, 0)): [10244, 782, 533, 164, 50, 14, 5, 2]
(2, (1, 0, 1)): [1875, 448, 147, 113, 34, 7, 3, 1]
(2, (1, 1, 0)): [4076, 610, 280, 204, 76, 24, 5, 3]
(2, (1, 1, 1)): [1124, 150, 196, 96, 73, 12, 6, 3]
