(0, (0, 0, 0)): [392058, 81292, 38498, 17924, 8161, 3655, 1521, 651, 274, 143, 53, 24, 14, 4, 2]
(0, (0, 0, 1)): [1664, 5913, 1645, 795, 406, 164, 80, 46, 22, 8, 2, 1, 2]
(0, (0, 1, 0)): [12723, 13342, 5195, 2469, 1259, 595, 245, 116, 51, 29, 9, 4, 2]
(0, (0, 1, 1)): [1141, 2146, 2776, 1260, 675, 338, 142, 63, 32, 12, 5, 3, 0, 1, 1]
(0, (1, 0, 0)): [86864, 30937, 19474, 9845, 4766, 2196, 939, 403, 171, 97, 36, 15, 9, 3, 2]
(0, (1, 0, 1)): [2029, 6840, 2909, 2021, 1084, 515, 275, 111, 54, 25, 9, 7, 3, 0, 1]
(0, (1, 1, 0)): [11580, 7864, 6451, 4427, 2413, 1129, 514, 249, 102, 52, 25, 8, 4, 1]
(0, (1, 1, 1)): [1154, 2234, 1941, 1557, 1222, 619, 285, 136, 64, 29, 18, 5, 0, 1, 1]
(1, (0, 0, 0)): [311209, 34667, 14512, 5852, 2326, 937, 364, 151, 59, 21, 9, 6, 2, 1]
(1, (0, 0, 1)): [9358, 15110, 3004, 1258, 547, 223, 91, 48, 21, 6, 6, 4, 2, 1]
(1, (0, 1, 0)): [44040, 22097, 7576, 3153, 1347, 559, 206, 95, 25, 22, 6, 5, 3]
(1, (0, 1, 1)): [7578, 6702, 6622, 2596, 1277, 515, 209, 88, 47, 12, 6, 3, 1, 1]
(1, (1, 0, 0)): [128070, 24434, 14977, 6658, 2633, 1132, 426, 168, 75, 33, 14, 10, 2, 2]
(1, (1, 0, 1)): [10213, 13410, 4536, 2937, 1218, 561, 211, 78, 29, 24, 9, 2]
(1, (1, 1, 0)): [33765, 10940, 7962, 5286, 2327, 1024, 405, 161, 61, 28, 8, 6, 1, 3]
(1, (1, 1, 1)): [6788, 5697, 3741, 2600, 1793, 816, 342, 125, 55, 23, 10, 5, 1, 1]
(2, (0, 0, 0)): [266245, 11773, 4121, 1277, 471, 178, 59, 25, 6, 1, 1]
(2, (0, 0, 1)): [29386, 9670, 1839, 615, 217, 92, 31, 8, 1, 2, 0, 1]
(2, (0, 1, 0)): [71752, 17102, 4198, 1434, 488, 178, 53, 14, 5, 1]
(2, (0, 1, 1)): [17944, 1557, 4353, 1171, 436, 154, 56, 19, 10, 3, 1]
(2, (1, 0, 0)): [157213, 12386, 7099, 2340, 816, 255, 100, 37, 11, 2, 2]
(2, (1, 0, 1)): [27068, 7205, 3106, 1680, 519, 207, 68, 28, 11, 2, 0, 1]
(2, (1, 1, 0)): [57297, 9291, 4976, 2986, 1014, 354, 103, 37, 16, 5, 3, 0, 0, 1]
(2, (1, 1, 1)): [16819, 2539, 2997, 1579, 1062, 367, 115, 45, 20, 3, 3, 0, 0, 1]
