(0, (0, 0, 0), (0, 0)): [606495, 123636, 58551, 27057, 12344, 5455, 2278, 968, 407, 197, 78, 40, 20, 6, 3, 1, 0, 1]
(0, (0, 0, 0), (0, 1)): [10943, 2051, 1042, 440, 208, 94, 30, 17, 4, 5, 1, 0, 2, 1, 0, 1]
(0, (0, 0, 0), (0, 2)): [3783, 642, 323, 143, 63, 18, 10, 8, 0, 1, 0, 0, 1]
(0, (0, 0, 0), (1, 0)): [10171, 2278, 1196, 534, 277, 109, 56, 20, 4, 3, 2]
(0, (0, 0, 0), (1, 1)): [9398, 1853, 989, 431, 213, 91, 30, 16, 5, 2, 2, 0, 1, 1, 0, 1]
(0, (0, 0, 0), (1, 2)): [5762, 1037, 524, 212, 108, 40, 14, 8, 3, 1, 0, 0, 2]
(0, (0, 0, 0), (2, 0)): [3391, 863, 462, 224, 123, 49, 27, 9, 1, 1, 1]
(0, (0, 0, 0), (2, 1)): [5114, 1102, 616, 290, 148, 64, 29, 14, 1, 0, 1, 0, 0, 1]
(0, (0, 0, 0), (2, 2)): [4688, 889, 483, 204, 108, 42, 15, 9, 1, 1, 1, 0, 2]
(0, (0, 0, 0), (3, 0)): [1138, 299, 203, 107, 53, 26, 11, 2, 1, 0, 1]
(0, (0, 0, 0), (3, 1)): [2114, 526, 348, 177, 79, 36, 15, 6, 2]
(0, (0, 0, 0), (3, 2)): [2830, 604, 399, 186, 91, 35, 13, 6, 2, 1, 0, 0, 2]
(0, (0, 0, 1), (0, 0)): [2509, 8225, 2311, 1087, 538, 247, 106, 65, 28, 13, 4, 1, 2, 1]
(0, (0, 0, 1), (0, 1)): [42, 104, 42, 12, 7, 3, 2, 1, 0, 0, 0, 0, 0, 1]
(0, (0, 0, 1), (0, 2)): [17, 43, 12, 3, 3]
(0, (0, 0, 1), (1, 0)): [46, 108, 28, 20, 11, 7, 1, 2, 1]
(0, (0, 0, 1), (1, 1)): [35, 69, 28, 11, 8, 4, 1, 1, 0, 0, 0, 0, 0, 1]
(0, (0, 0, 1), (1, 2)): [24, 54, 17, 7, 4, 0, 1, 1]
(0, (0, 0, 1), (2, 0)): [24, 51, 15, 11, 3, 5, 1, 1, 1]
(0, (0, 0, 1), (2, 1)): [25, 45, 17, 9, 7, 3]
(0, (0, 0, 1), (2, 2)): [24, 37, 16, 6, 3, 1]
(0, (0, 0, 1), (3, 0)): [5, 21, 7, 5, 0, 2, 1, 1, 1]
(0, (0, 0, 1), (3, 1)): [10, 19, 7, 6, 4, 3, 0, 1]
(0, (0, 0, 1), (3, 2)): [15, 21, 5, 4, 2, 3, 0, 1]
(0, (0, 1, 0), (0, 0)): [19650, 19407, 7635, 3658, 1823, 840, 342, 155, 67, 38, 13, 5, 2, 0, 1]
(0, (0, 1, 0), (0, 1)): [340, 272, 114, 49, 17, 15, 5, 3]
(0, (0, 1, 0), (0, 2)): [125, 85, 36, 12, 2, 7, 1]
(0, (0, 1, 0), (1, 0)): [333, 300, 117, 68, 35, 18, 7, 0, 1]
(0, (0, 1, 0), (1, 1)): [282, 224, 97, 46, 22, 9, 6, 2]
(0, (0, 1, 0), (1, 2)): [180, 139, 54, 26, 10, 10, 2]
(0, (0, 1, 0), (2, 0)): [118, 110, 44, 29, 14, 12, 2, 0, 1]
(0, (0, 1, 0), (2, 1)): [138, 124, 50, 28, 11, 12, 4, 2]
(0, (0, 1, 0), (2, 2)): [139, 104, 50, 22, 7, 6, 4, 1]
(0, (0, 1, 0), (3, 0)): [49, 43, 20, 18, 10, 3, 1, 0, 1]
(0, (0, 1, 0), (3, 1)): [53, 58, 26, 18, 14, 5, 1, 1]
(0, (0, 1, 0), (3, 2)): [81, 63, 38, 16, 10, 4, 3]
(0, (0, 1, 1), (0, 0)): [1762, 3140, 3969, 1805, 993, 468, 203, 93, 46, 17, 6, 5, 0, 2, 1, 0, 0, 1]
(0, (0, 1, 1), (0, 1)): [23, 34, 59, 28, 15, 4, 3, 1]
(0, (0, 1, 1), (0, 2)): [10, 12, 24, 9, 8, 2, 1, 1]
(0, (0, 1, 1), (1, 0)): [40, 57, 89, 36, 29, 9, 4, 4, 3, 0, 0, 1]
(0, (0, 1, 1), (1, 1)): [21, 36, 48, 25, 16, 2, 3, 1, 1]
(0, (0, 1, 1), (1, 2)): [15, 15, 27, 15, 10, 3, 2, 1, 1]
(0, (0, 1, 1), (2, 0)): [26, 32, 47, 20, 13, 6, 2, 3, 2, 0, 0, 1]
(0, (0, 1, 1), (2, 1)): [17, 26, 41, 18, 9, 2, 2, 2, 1]
(0, (0, 1, 1), (2, 2)): [22, 19, 29, 14, 6, 3, 1, 2, 1]
(0, (0, 1, 1), (3, 0)): [15, 18, 22, 16, 10, 5, 0, 1, 0, 0, 0, 1]
(0, (0, 1, 1), (3, 1)): [7, 13, 14, 8, 7, 0, 0, 0, 1]
(0, (0, 1, 1), (3, 2)): [13, 10, 22, 11, 6, 3, 1, 2, 1]
(0, (1, 0, 0), (0, 0)): [133969, 45744, 29255, 14639, 7171, 3289, 1424, 613, 267, 129, 54, 25, 13, 4, 2, 1, 0, 1]
(0, (1, 0, 0), (0, 1)): [2268, 615, 485, 227, 124, 57, 19, 9, 2]
(0, (1, 0, 0), (0, 2)): [827, 174, 158, 61, 39, 15, 8, 1, 1]
(0, (1, 0, 0), (1, 0)): [2065, 689, 514, 247, 141, 42, 31, 8, 2, 5, 2]
(0, (1, 0, 0), (1, 1)): [1788, 523, 390, 193, 92, 31, 20, 8, 2, 3]
(0, (1, 0, 0), (1, 2)): [1071, 272, 218, 89, 52, 19, 12, 2, 1, 1]
(0, (1, 0, 0), (2, 0)): [646, 237, 173, 94, 59, 22, 6, 5, 1, 2, 2]
(0, (1, 0, 0), (2, 1)): [886, 264, 206, 116, 59, 21, 9, 5, 2, 3]
(0, (1, 0, 0), (2, 2)): [786, 207, 166, 77, 46, 13, 9, 3, 1, 2]
(0, (1, 0, 0), (3, 0)): [197, 86, 65, 41, 31, 8, 1, 4, 0, 1, 1]
(0, (1, 0, 0), (3, 1)): [333, 120, 90, 52, 40, 9, 3, 2, 2, 1, 1]
(0, (1, 0, 0), (3, 2)): [414, 135, 102, 49, 43, 10, 4, 1, 1, 2]
(0, (1, 0, 1), (0, 0)): [2983, 10077, 4132, 2855, 1532, 723, 356, 153, 71, 31, 13, 9, 4, 0, 1, 0, 0, 1]
(0, (1, 0, 1), (0, 1)): [46, 142, 62, 38, 17, 9, 8, 1, 1, 0, 0, 0, 1]
(0, (1, 0, 1), (0, 2)): [17, 54, 13, 12, 6, 6, 4, 0, 1]
(0, (1, 0, 1), (1, 0)): [42, 160, 69, 50, 22, 13, 2, 2, 2, 1, 1]
(0, (1, 0, 1), (1, 1)): [42, 120, 44, 36, 14, 7, 5, 1, 2, 0, 1]
(0, (1, 0, 1), (1, 2)): [30, 59, 21, 15, 8, 6, 3, 1, 2]
(0, (1, 0, 1), (2, 0)): [16, 60, 32, 18, 10, 7, 0, 2, 0, 1]
(0, (1, 0, 1), (2, 1)): [16, 80, 29, 22, 9, 4, 1, 0, 1, 0, 1]
(0, (1, 0, 1), (2, 2)): [26, 62, 22, 11, 6, 3, 2, 1, 1, 0, 1]
(0, (1, 0, 1), (3, 0)): [9, 18, 15, 11, 5, 5, 0, 2]
(0, (1, 0, 1), (3, 1)): [7, 28, 11, 11, 9, 3]
(0, (1, 0, 1), (3, 2)): [7, 32, 17, 9, 6, 1, 1, 0, 1, 0, 1]
(0, (1, 1, 0), (0, 0)): [18408, 12117, 9571, 6698, 3682, 1756, 788, 378, 160, 71, 35, 14, 6, 1]
(0, (1, 1, 0), (0, 1)): [358, 192, 125, 104, 57, 20, 9, 7, 0, 0, 1]
(0, (1, 1, 0), (0, 2)): [136, 69, 43, 33, 24, 6, 4, 4]
(0, (1, 1, 0), (1, 0)): [288, 184, 161, 105, 67, 34, 11, 7, 1, 3]
(0, (1, 1, 0), (1, 1)): [241, 133, 104, 73, 36, 20, 6, 5, 0, 1, 1]
(0, (1, 1, 0), (1, 2)): [155, 73, 62, 43, 20, 9, 3, 5, 0, 1]
(0, (1, 1, 0), (2, 0)): [73, 58, 57, 40, 27, 14, 4, 4, 1, 1]
(0, (1, 1, 0), (2, 1)): [114, 73, 59, 40, 28, 13, 4, 4, 0, 1]
(0, (1, 1, 0), (2, 2)): [103, 65, 54, 30, 15, 10, 1, 4, 0, 2]
(0, (1, 1, 0), (3, 0)): [19, 21, 23, 14, 10, 5, 2, 1, 1]
(0, (1, 1, 0), (3, 1)): [42, 29, 32, 24, 14, 8, 4, 1, 1]
(0, (1, 1, 0), (3, 2)): [59, 36, 35, 25, 11, 6, 1, 2, 1]
(0, (1, 1, 1), (0, 0)): [1886, 3516, 2965, 2331, 1851, 922, 438, 221, 100, 39, 26, 10, 1, 1, 1]
(0, (1, 1, 1), (0, 1)): [48, 55, 53, 35, 23, 11, 3, 3, 3, 2, 1, 1]
(0, (1, 1, 1), (0, 2)): [25, 24, 15, 11, 12, 2, 1, 1, 2, 0, 0, 1]
(0, (1, 1, 1), (1, 0)): [28, 68, 72, 40, 47, 23, 7, 5, 1, 0, 1]
(0, (1, 1, 1), (1, 1)): [27, 49, 58, 30, 19, 11, 4, 4, 1, 1, 1]
(0, (1, 1, 1), (1, 2)): [26, 30, 26, 13, 8, 6, 3, 1, 3, 0, 0, 1]
(0, (1, 1, 1), (2, 0)): [9, 28, 17, 19, 24, 8, 1, 1, 1, 0, 1]
(0, (1, 1, 1), (2, 1)): [15, 26, 27, 16, 21, 7, 0, 3, 1]
(0, (1, 1, 1), (2, 2)): [14, 25, 23, 14, 10, 6, 2, 3, 1, 0, 0, 1]
(0, (1, 1, 1), (3, 0)): [1, 6, 8, 8, 7, 2, 0, 0, 0, 0, 1]
(0, (1, 1, 1), (3, 1)): [3, 13, 9, 14, 7, 2, 0, 0, 0, 0, 1]
(0, (1, 1, 1), (3, 2)): [5, 8, 13, 12, 6, 3, 1, 0, 1, 0, 0, 1]
(1, (0, 0, 0), (0, 0)): [483986, 53609, 22458, 9064, 3606, 1399, 536, 211, 81, 35, 13, 10, 5, 2, 0, 1]
(1, (0, 0, 0), (0, 1)): [8796, 918, 408, 152, 63, 14, 6, 4, 1, 0, 0, 0, 0, 1]
(1, (0, 0, 0), (0, 2)): [3086, 266, 118, 43, 13, 2, 0, 1]
(1, (0, 0, 0), (1, 0)): [8588, 1100, 504, 179, 87, 30, 15, 5, 0, 1, 0, 0, 0, 0, 0, 1]
(1, (0, 0, 0), (1, 1)): [7703, 888, 371, 136, 66, 22, 12, 2, 1, 1, 0, 0, 0, 1]
(1, (0, 0, 0), (1, 2)): [4673, 436, 181, 79, 29, 9, 4, 2]
(1, (0, 0, 0), (2, 0)): [2984, 417, 234, 72, 36, 16, 6, 4, 0, 0, 0, 0, 0, 0, 0, 1]
(1, (0, 0, 0), (2, 1)): [4304, 554, 247, 82, 48, 16, 6, 3, 0, 1]
(1, (0, 0, 0), (2, 2)): [3914, 397, 175, 70, 27, 14, 6, 3]
(1, (0, 0, 0), (3, 0)): [975, 152, 109, 35, 17, 6, 4, 0, 0, 0, 0, 0, 0, 0, 0, 1]
(1, (0, 0, 0), (3, 1)): [1825, 304, 161, 58, 34, 6, 2, 1]
(1, (0, 0, 0), (3, 2)): [2311, 302, 161, 60, 29, 12, 5, 3]
(1, (0, 0, 1), (0, 0)): [13507, 20786, 4110, 1751, 738, 317, 123, 59, 30, 8, 6, 4, 2, 1]
(1, (0, 0, 1), (0, 1)): [219, 235, 51, 19, 9, 4, 4]
(1, (0, 0, 1), (0, 2)): [82, 73, 13, 6, 2, 0, 2]
(1, (0, 0, 1), (1, 0)): [228, 323, 63, 33, 14, 9, 4, 2, 1]
(1, (0, 0, 1), (1, 1)): [197, 232, 41, 17, 8, 6, 2, 2]
(1, (0, 0, 1), (1, 2)): [143, 112, 18, 9, 5, 1, 1]
(1, (0, 0, 1), (2, 0)): [102, 137, 33, 20, 7, 6, 4, 0, 1]
(1, (0, 0, 1), (2, 1)): [101, 141, 23, 11, 4, 6, 4, 2]
(1, (0, 0, 1), (2, 2)): [102, 103, 15, 9, 3, 1]
(1, (0, 0, 1), (3, 0)): [44, 59, 17, 14, 6, 3, 2, 0, 1]
(1, (0, 0, 1), (3, 1)): [58, 71, 9, 10, 2, 2, 2, 2]
(1, (0, 0, 1), (3, 2)): [64, 65, 12, 8, 3, 1, 1]
(1, (0, 1, 0), (0, 0)): [65533, 31408, 11086, 4720, 1958, 802, 283, 137, 34, 26, 11, 7, 5, 1, 1]
(1, (0, 1, 0), (0, 1)): [926, 384, 143, 59, 22, 8, 4, 1, 1]
(1, (0, 1, 0), (0, 2)): [348, 137, 42, 15, 5, 2, 1]
(1, (0, 1, 0), (1, 0)): [1230, 549, 200, 125, 62, 21, 3, 3, 0, 0, 1, 0, 0, 1]
(1, (0, 1, 0), (1, 1)): [866, 347, 140, 66, 25, 11, 4, 2, 1, 0, 0, 0, 0, 1]
(1, (0, 1, 0), (1, 2)): [513, 199, 72, 26, 9, 5, 3, 1]
(1, (0, 1, 0), (2, 0)): [533, 229, 87, 75, 34, 13, 2, 2, 0, 0, 1]
(1, (0, 1, 0), (2, 1)): [490, 194, 68, 51, 26, 10, 4, 2, 0, 0, 1, 0, 0, 1]
(1, (0, 1, 0), (2, 2)): [428, 172, 64, 29, 16, 3, 1, 1]
(1, (0, 1, 0), (3, 0)): [270, 113, 40, 55, 24, 6, 0, 1]
(1, (0, 1, 0), (3, 1)): [235, 86, 34, 35, 16, 6, 1, 1, 0, 0, 0, 0, 0, 1]
(1, (0, 1, 0), (3, 2)): [236, 96, 47, 34, 18, 0, 0, 1, 0, 0, 0, 0, 0, 1]
(1, (0, 1, 1), (0, 0)): [11201, 9572, 9102, 3624, 1871, 754, 310, 128, 70, 15, 7, 3, 1, 2, 0, 1]
(1, (0, 1, 1), (0, 1)): [131, 111, 77, 27, 21, 9, 5, 1]
(1, (0, 1, 1), (0, 2)): [63, 29, 28, 7, 7, 0, 1]
(1, (0, 1, 1), (1, 0)): [254, 188, 152, 83, 57, 18, 8, 6, 3, 1]
(1, (0, 1, 1), (1, 1)): [114, 97, 74, 34, 18, 6, 5, 2]
(1, (0, 1, 1), (1, 2)): [79, 45, 39, 20, 7, 1, 1]
(1, (0, 1, 1), (2, 0)): [172, 122, 87, 55, 46, 16, 7, 5, 3, 1]
(1, (0, 1, 1), (2, 1)): [76, 62, 41, 22, 9, 7, 5, 1]
(1, (0, 1, 1), (2, 2)): [67, 48, 36, 18, 11, 0, 0, 1]
(1, (0, 1, 1), (3, 0)): [141, 103, 69, 43, 42, 13, 6, 5, 3, 1]
(1, (0, 1, 1), (3, 1)): [34, 31, 16, 10, 2, 5, 5]
(1, (0, 1, 1), (3, 2)): [40, 37, 19, 7, 6, 2, 1]
(1, (1, 0, 0), (0, 0)): [195409, 35950, 22666, 9955, 4035, 1668, 652, 242, 113, 52, 20, 14, 3, 2, 0, 2]
(1, (1, 0, 0), (0, 1)): [3276, 466, 386, 151, 63, 21, 11, 2, 0, 2]
(1, (1, 0, 0), (0, 2)): [1131, 144, 136, 40, 21, 6, 5, 0, 0, 2]
(1, (1, 0, 0), (1, 0)): [3246, 576, 431, 209, 86, 31, 15, 7, 1, 2, 0, 0, 1, 0, 0, 1]
(1, (1, 0, 0), (1, 1)): [2703, 403, 324, 129, 52, 19, 9, 5, 0, 0, 0, 0, 0, 0, 0, 1]
(1, (1, 0, 0), (1, 2)): [1595, 213, 181, 56, 31, 9, 5, 2, 0, 1]
(1, (1, 0, 0), (2, 0)): [1064, 216, 163, 101, 41, 19, 8, 0, 1, 2, 0, 0, 1]
(1, (1, 0, 0), (2, 1)): [1417, 234, 198, 94, 35, 16, 6, 2, 1, 0, 0, 0, 0, 0, 0, 1]
(1, (1, 0, 0), (2, 2)): [1225, 181, 154, 70, 32, 9, 4, 1, 0, 1]
(1, (1, 0, 0), (3, 0)): [338, 83, 51, 42, 20, 7, 4, 0, 0, 2, 0, 0, 1]
(1, (1, 0, 0), (3, 1)): [562, 129, 87, 61, 19, 11, 5, 1, 0, 1, 0, 0, 0, 0, 0, 1]
(1, (1, 0, 0), (3, 2)): [640, 124, 86, 55, 24, 10, 5, 0, 0, 1, 0, 0, 0, 0, 0, 1]
(1, (1, 0, 1), (0, 0)): [15118, 19445, 6352, 4137, 1755, 774, 283, 120, 49, 36, 12, 3, 0, 1]
(1, (1, 0, 1), (0, 1)): [282, 231, 75, 61, 28, 12, 7, 1, 3, 2]
(1, (1, 0, 1), (0, 2)): [124, 70, 20, 21, 5, 5, 3, 0, 0, 1]
(1, (1, 0, 1), (1, 0)): [252, 309, 89, 64, 36, 13, 3, 0, 0, 2]
(1, (1, 0, 1), (1, 1)): [209, 191, 63, 51, 29, 5, 4, 1, 2]
(1, (1, 0, 1), (1, 2)): [150, 102, 35, 35, 12, 4, 3, 1, 0, 1]
(1, (1, 0, 1), (2, 0)): [95, 110, 30, 19, 15, 8, 1, 0, 0, 1]
(1, (1, 0, 1), (2, 1)): [104, 105, 33, 24, 16, 6, 3, 0, 2]
(1, (1, 0, 1), (2, 2)): [92, 81, 30, 15, 9, 3, 2, 0, 1]
(1, (1, 0, 1), (3, 0)): [35, 50, 12, 6, 7, 4, 0, 0, 0, 1]
(1, (1, 0, 1), (3, 1)): [41, 49, 12, 15, 13, 6]
(1, (1, 0, 1), (3, 2)): [48, 48, 19, 12, 10, 6, 2, 0, 1]
(1, (1, 1, 0), (0, 0)): [53437, 17008, 11961, 8215, 3594, 1569, 619, 249, 95, 49, 17, 9, 5, 4, 1]
(1, (1, 1, 0), (0, 1)): [897, 237, 165, 122, 54, 19, 15, 4]
(1, (1, 1, 0), (0, 2)): [346, 87, 57, 42, 18, 4, 2]
(1, (1, 1, 0), (1, 0)): [860, 288, 201, 165, 74, 23, 7, 5, 1, 2, 0, 0, 2, 1]
(1, (1, 1, 0), (1, 1)): [707, 199, 144, 109, 49, 16, 11, 4, 0, 2]
(1, (1, 1, 0), (1, 2)): [500, 117, 81, 66, 27, 7, 6, 1]
(1, (1, 1, 0), (2, 0)): [296, 106, 72, 62, 28, 12, 1, 1, 1, 0, 0, 0, 2, 1]
(1, (1, 1, 0), (2, 1)): [353, 128, 81, 66, 23, 11, 4, 2, 0, 1, 0, 0, 1]
(1, (1, 1, 0), (2, 2)): [365, 99, 56, 43, 27, 6, 3, 1]
(1, (1, 1, 0), (3, 0)): [85, 36, 27, 21, 17, 7, 1, 1, 1, 0, 0, 0, 1]
(1, (1, 1, 0), (3, 1)): [152, 62, 40, 34, 17, 6, 4, 2, 0, 1, 0, 0, 1]
(1, (1, 1, 0), (3, 2)): [202, 63, 41, 28, 21, 5, 5, 3, 0, 1, 0, 0, 1]
(1, (1, 1, 1), (0, 0)): [11115, 9061, 5896, 3989, 2896, 1269, 530, 196, 90, 34, 14, 10, 5, 2, 1, 1]
(1, (1, 1, 1), (0, 1)): [227, 152, 97, 62, 59, 15, 9, 4, 3]
(1, (1, 1, 1), (0, 2)): [114, 57, 39, 17, 23, 4, 5]
(1, (1, 1, 1), (1, 0)): [200, 159, 112, 75, 58, 27, 13, 2, 2, 2, 0, 1, 1]
(1, (1, 1, 1), (1, 1)): [158, 97, 73, 60, 53, 17, 4, 2, 1]
(1, (1, 1, 1), (1, 2)): [126, 51, 48, 31, 27, 13, 4]
(1, (1, 1, 1), (2, 0)): [64, 70, 51, 32, 20, 14, 7, 2, 1, 1, 0, 1, 1]
(1, (1, 1, 1), (2, 1)): [79, 72, 53, 38, 31, 6, 6, 2, 1, 1, 0, 1]
(1, (1, 1, 1), (2, 2)): [88, 48, 44, 39, 28, 8, 4, 1]
(1, (1, 1, 1), (3, 0)): [16, 25, 16, 15, 6, 9, 3, 0, 1, 0, 0, 0, 1]
(1, (1, 1, 1), (3, 1)): [30, 35, 15, 19, 12, 7, 3, 1, 0, 0, 0, 0, 1]
(1, (1, 1, 1), (3, 2)): [60, 33, 24, 25, 18, 7, 2, 1]
(2, (0, 0, 0), (0, 0)): [415722, 18711, 6514, 2072, 740, 259, 90, 32, 7, 2, 1, 0, 1]
(2, (0, 0, 0), (0, 1)): [7692, 340, 123, 31, 17, 4, 3]
(2, (0, 0, 0), (0, 2)): [2599, 86, 26, 9, 2, 1]
(2, (0, 0, 0), (1, 0)): [7905, 450, 163, 50, 20, 8, 3, 0, 0, 0, 0, 0, 1]
(2, (0, 0, 0), (1, 1)): [6952, 344, 128, 25, 19, 4, 5]
(2, (0, 0, 0), (1, 2)): [4160, 157, 55, 13, 9, 3, 1]
(2, (0, 0, 0), (2, 0)): [2873, 170, 80, 31, 10, 5, 1, 0, 0, 0, 0, 0, 1]
(2, (0, 0, 0), (2, 1)): [4047, 200, 86, 28, 7, 3, 3]
(2, (0, 0, 0), (2, 2)): [3500, 158, 57, 19, 11, 4]
(2, (0, 0, 0), (3, 0)): [996, 69, 45, 16, 7, 2, 1, 0, 0, 0, 0, 0, 1]
(2, (0, 0, 0), (3, 1)): [1847, 104, 60, 19, 6, 3, 2]
(2, (0, 0, 0), (3, 2)): [2245, 122, 62, 16, 6, 3]
(2, (0, 0, 1), (0, 0)): [40768, 13263, 2553, 867, 312, 127, 38, 10, 1, 2, 0, 1]
(2, (0, 0, 1), (0, 1)): [610, 179, 38, 13, 7, 3, 1]
(2, (0, 0, 1), (0, 2)): [231, 41, 11, 2, 1, 1]
(2, (0, 0, 1), (1, 0)): [717, 193, 57, 16, 6, 2, 0, 1]
(2, (0, 0, 1), (1, 1)): [574, 143, 40, 8, 7, 1, 1]
(2, (0, 0, 1), (1, 2)): [358, 66, 16, 6, 2, 1, 1]
(2, (0, 0, 1), (2, 0)): [297, 86, 26, 13, 4, 2, 0, 1]
(2, (0, 0, 1), (2, 1)): [337, 83, 30, 7, 7, 0, 0, 1]
(2, (0, 0, 1), (2, 2)): [300, 54, 20, 4, 3, 1, 1]
(2, (0, 0, 1), (3, 0)): [153, 35, 14, 8, 1, 2]
(2, (0, 0, 1), (3, 1)): [185, 44, 15, 6, 5]
(2, (0, 0, 1), (3, 2)): [200, 48, 14, 4, 2, 1]
(2, (0, 1, 0), (0, 0)): [105933, 24279, 6185, 2174, 726, 254, 81, 17, 5, 1, 1, 0, 1]
(2, (0, 1, 0), (0, 1)): [1559, 275, 74, 31, 10, 1, 1]
(2, (0, 1, 0), (0, 2)): [573, 79, 19, 6, 4]
(2, (0, 1, 0), (1, 0)): [2111, 356, 164, 64, 16, 6, 5, 1, 0, 0, 0, 0, 1]
(2, (0, 1, 0), (1, 1)): [1440, 253, 93, 34, 9, 4, 3, 1]
(2, (0, 1, 0), (1, 2)): [840, 121, 35, 20, 2]
(2, (0, 1, 0), (2, 0)): [1009, 146, 80, 44, 11, 1, 3, 0, 0, 0, 0, 0, 1]
(2, (0, 1, 0), (2, 1)): [944, 154, 58, 21, 7, 2, 3, 1, 0, 0, 0, 0, 1]
(2, (0, 1, 0), (2, 2)): [782, 107, 37, 24, 4, 1, 0, 1]
(2, (0, 1, 0), (3, 0)): [542, 68, 45, 30, 7, 0, 2]
(2, (0, 1, 0), (3, 1)): [466, 79, 37, 14, 8, 0, 3, 0, 0, 0, 0, 0, 1]
(2, (0, 1, 0), (3, 2)): [539, 75, 35, 18, 4, 1, 1, 0, 0, 0, 0, 0, 1]
(2, (0, 1, 1), (0, 0)): [25546, 2250, 6018, 1610, 621, 210, 80, 29, 11, 4, 2, 1, 0, 1]
(2, (0, 1, 1), (0, 1)): [330, 29, 56, 17, 2, 3, 1, 3]
(2, (0, 1, 1), (0, 2)): [133, 10, 21, 6, 0, 1, 1]
(2, (0, 1, 1), (1, 0)): [466, 56, 93, 32, 20, 3, 3, 0, 0, 0, 1]
(2, (0, 1, 1), (1, 1)): [293, 24, 47, 14, 5, 2, 1, 2]
(2, (0, 1, 1), (1, 2)): [192, 13, 28, 7, 1, 1, 2, 1]
(2, (0, 1, 1), (2, 0)): [244, 38, 46, 20, 17, 3, 1, 0, 0, 0, 1]
(2, (0, 1, 1), (2, 1)): [156, 18, 37, 9, 3, 2]
(2, (0, 1, 1), (2, 2)): [157, 18, 30, 8, 0, 2, 1, 1]
(2, (0, 1, 1), (3, 0)): [174, 28, 25, 12, 16, 3, 1, 0, 0, 0, 1]
(2, (0, 1, 1), (3, 1)): [86, 9, 17, 5, 4, 1]
(2, (0, 1, 1), (3, 2)): [110, 16, 21, 5, 2, 3, 0, 1]
(2, (1, 0, 0), (0, 0)): [239055, 18130, 11134, 3583, 1223, 382, 152, 47, 12, 6, 2, 0, 1]
(2, (1, 0, 0), (0, 1)): [3765, 199, 178, 50, 16, 5, 2, 1]
(2, (1, 0, 0), (0, 2)): [1292, 55, 47, 12, 6, 1, 1]
(2, (1, 0, 0), (1, 0)): [4045, 344, 257, 96, 31, 6, 5, 0, 0, 0, 0, 0, 1]
(2, (1, 0, 0), (1, 1)): [3138, 204, 186, 55, 16, 2, 1]
(2, (1, 0, 0), (1, 2)): [1876, 95, 80, 32, 7, 2]
(2, (1, 0, 0), (2, 0)): [1415, 136, 97, 48, 15, 3, 3, 0, 0, 0, 0, 0, 1]
(2, (1, 0, 0), (2, 1)): [1654, 119, 108, 34, 17, 3, 1, 0, 0, 0, 0, 0, 1]
(2, (1, 0, 0), (2, 2)): [1437, 83, 76, 28, 9, 4, 1]
(2, (1, 0, 0), (3, 0)): [471, 64, 30, 26, 4, 1, 2]
(2, (1, 0, 0), (3, 1)): [728, 74, 55, 29, 8, 1, 2, 0, 0, 0, 0, 0, 1]
(2, (1, 0, 0), (3, 2)): [821, 72, 50, 23, 6, 5, 1, 0, 0, 0, 0, 0, 1]
(2, (1, 0, 1), (0, 0)): [39065, 10156, 4209, 2411, 759, 270, 98, 31, 12, 3, 0, 2, 1]
(2, (1, 0, 1), (0, 1)): [671, 127, 65, 42, 16, 1, 1, 1, 0, 0, 0, 1]
(2, (1, 0, 1), (0, 2)): [262, 32, 20, 10, 7]
(2, (1, 0, 1), (1, 0)): [620, 149, 73, 51, 22, 8, 3]
(2, (1, 0, 1), (1, 1)): [515, 111, 46, 39, 15, 2, 3, 1, 0, 0, 0, 1]
(2, (1, 0, 1), (1, 2)): [331, 45, 20, 16, 6, 1, 1, 1, 0, 0, 0, 1]
(2, (1, 0, 1), (2, 0)): [216, 51, 37, 19, 5, 4, 1]
(2, (1, 0, 1), (2, 1)): [288, 67, 22, 19, 10, 2]
(2, (1, 0, 1), (2, 2)): [247, 39, 14, 7, 7, 2, 1, 1, 0, 0, 0, 1]
(2, (1, 0, 1), (3, 0)): [78, 16, 17, 12, 4, 1, 1]
(2, (1, 0, 1), (3, 1)): [129, 27, 14, 14, 6, 0, 1]
(2, (1, 0, 1), (3, 2)): [156, 29, 10, 3, 7, 2, 1, 1]
(2, (1, 1, 0), (0, 0)): [92780, 14846, 7661, 4862, 1613, 548, 162, 55, 23, 9, 4, 0, 2, 1]
(2, (1, 1, 0), (0, 1)): [1560, 218, 106, 69, 24, 5, 3, 0, 0, 0, 0, 0, 1]
(2, (1, 1, 0), (0, 2)): [558, 72, 27, 17, 8, 0, 1]
(2, (1, 1, 0), (1, 0)): [1586, 226, 142, 114, 32, 12, 6, 2, 1, 1]
(2, (1, 1, 0), (1, 1)): [1314, 168, 95, 68, 18, 5, 1, 1, 1, 1, 0, 0, 1]
(2, (1, 1, 0), (1, 2)): [836, 91, 57, 28, 7, 2, 2]
(2, (1, 1, 0), (2, 0)): [572, 87, 68, 50, 17, 7, 3, 1]
(2, (1, 1, 0), (2, 1)): [740, 89, 60, 46, 17, 6, 2, 1, 1, 1, 0, 0, 1]
(2, (1, 1, 0), (2, 2)): [642, 76, 45, 35, 10, 3, 3, 0, 1]
(2, (1, 1, 0), (3, 0)): [209, 40, 27, 20, 8, 3, 1]
(2, (1, 1, 0), (3, 1)): [317, 47, 33, 26, 7, 5, 2, 1, 0, 0, 0, 0, 1]
(2, (1, 1, 0), (3, 2)): [371, 50, 32, 26, 9, 2, 2, 0, 1]
(2, (1, 1, 1), (0, 0)): [27113, 4087, 4667, 2429, 1652, 569, 174, 63, 29, 5, 4, 0, 1, 1]
(2, (1, 1, 1), (0, 1)): [522, 51, 67, 41, 33, 5, 5, 2, 1, 0, 0, 0, 1]
(2, (1, 1, 1), (0, 2)): [221, 12, 18, 8, 9, 1, 1, 0, 1]
(2, (1, 1, 1), (1, 0)): [455, 134, 78, 54, 34, 15, 6, 1, 1, 0, 1]
(2, (1, 1, 1), (1, 1)): [419, 57, 65, 38, 27, 3, 3, 0, 0, 0, 1, 0, 1]
(2, (1, 1, 1), (1, 2)): [291, 22, 27, 13, 14, 2, 2, 0, 0, 0, 1]
(2, (1, 1, 1), (2, 0)): [124, 97, 23, 25, 17, 10, 4, 1]
(2, (1, 1, 1), (2, 1)): [188, 57, 32, 18, 20, 4, 4, 0, 0, 0, 0, 0, 1]
(2, (1, 1, 1), (2, 2)): [202, 33, 24, 13, 11, 3, 2, 0, 0, 0, 1]
(2, (1, 1, 1), (3, 0)): [28, 72, 11, 15, 4, 6, 1]
(2, (1, 1, 1), (3, 1)): [64, 65, 14, 17, 12, 4, 4]
(2, (1, 1, 1), (3, 2)): [98, 51, 16, 19, 13, 6, 4, 0, 0, 0, 1]
