(0, (0, 0, 0), (0, 0)): [312938, 64399, 30394, 13973, 6395, 2813, 1215, 501, 206, 99, 41, 18, 10, 3, 2]
(0, (0, 0, 0), (0, 1)): [970, 181, 75, 27, 14, 2, 1, 2, 0, 1]
(0, (0, 0, 0), (0, 2)): [398, 73, 26, 8, 4, 0, 1, 1]
(0, (0, 0, 0), (1, 0)): [858, 176, 75, 27, 18, 14, 4, 1, 0, 1]
(0, (0, 0, 0), (1, 1)): [713, 133, 53, 18, 13, 2, 0, 2]
(0, (0, 0, 0), (1, 2)): [467, 79, 24, 11, 4, 0, 0, 1]
(0, (0, 0, 0), (2, 0)): [347, 80, 42, 17, 10, 11, 2, 0, 0, 1]
(0, (0, 0, 0), (2, 1)): [411, 80, 30, 11, 7, 4, 1, 1]
(0, (0, 0, 0), (2, 2)): [394, 68, 14, 7, 6, 2, 0, 1]
(0, (0, 0, 0), (3, 0)): [156, 40, 28, 13, 7, 9, 1]
(0, (0, 0, 0), (3, 1)): [173, 40, 25, 8, 3, 1, 2]
(0, (0, 0, 0), (3, 2)): [226, 43, 26, 9, 7, 1, 1]
(0, (0, 0, 1), (0, 0)): [1503, 5003, 1430, 690, 337, 138, 70, 39, 10, 5, 2, 1, 3]
(0, (0, 0, 1), (0, 1)): [3, 6, 3, 1]
(0, (0, 0, 1), (0, 2)): [1, 4, 1]
(0, (0, 0, 1), (1, 0)): [2, 14, 3, 2, 1]
(0, (0, 0, 1), (1, 1)): [3, 6, 3, 0, 1]
(0, (0, 1, 0), (0, 0)): [10058, 10638, 4091, 1929, 1008, 451, 187, 79, 37, 22, 7, 2]
(0, (0, 1, 0), (0, 1)): [26, 27, 4, 3, 1, 1]
(0, (0, 1, 0), (0, 2)): [4, 6, 1, 3, 0, 1]
(0, (0, 1, 0), (1, 1)): [25, 12, 2, 1]
(0, (0, 1, 0), (1, 2)): [10, 8, 2, 3]
(0, (0, 1, 0), (2, 2)): [7, 7, 0, 4]
(0, (0, 1, 1), (0, 0)): [905, 1670, 2219, 1024, 533, 261, 109, 53, 23, 9, 5, 1, 0, 1, 1]
(0, (0, 1, 1), (1, 0)): [3, 3, 7, 3, 1, 1, 2]
(0, (0, 1, 1), (1, 1)): [3, 2, 6, 2, 2, 0, 0, 0, 1]
(0, (0, 1, 1), (2, 1)): [1, 2, 1, 1, 0, 0, 0, 0, 1]
(0, (0, 1, 1), (3, 1)): [1, 2, 2, 2, 0, 0, 0, 0, 1]
(0, (1, 0, 0), (0, 0)): [69979, 25099, 15510, 7773, 3720, 1712, 735, 312, 127, 66, 31, 12, 6, 3, 2]
(0, (1, 0, 0), (0, 1)): [191, 41, 35, 9, 11, 4, 3, 1]
(0, (1, 0, 0), (0, 2)): [67, 12, 13, 2, 3, 2, 1, 1]
(0, (1, 0, 0), (1, 0)): [161, 60, 37, 10, 5, 3, 1, 0, 1]
(0, (1, 0, 0), (1, 1)): [118, 35, 25, 8, 7, 1]
(0, (1, 0, 0), (1, 2)): [63, 14, 16, 2, 4, 2]
(0, (1, 0, 0), (2, 0)): [61, 26, 14, 6, 3, 1, 1, 0, 1]
(0, (1, 0, 0), (2, 1)): [62, 21, 11, 5, 3, 0, 1, 0, 1]
(0, (1, 0, 0), (2, 2)): [56, 11, 12, 3, 2, 1, 0, 0, 1]
(0, (1, 0, 0), (3, 2)): [21, 7, 6, 1, 1, 1]
(0, (1, 0, 1), (0, 0)): [1677, 5178, 2330, 1560, 900, 418, 219, 83, 39, 22, 6, 6, 2, 0, 1]
(0, (1, 0, 1), (1, 0)): [6, 15, 5, 0, 2]
(0, (1, 0, 1), (1, 1)): [3, 6, 3, 0, 2, 0, 1]
(0, (1, 1, 0), (0, 0)): [9110, 6173, 5129, 3450, 1869, 888, 397, 188, 77, 37, 23, 5, 1, 1]
(0, (1, 1, 0), (0, 1)): [32, 13, 9, 6, 1, 3]
(0, (1, 1, 1), (0, 0)): [925, 1712, 1494, 1229, 972, 477, 237, 110, 52, 28, 12, 4, 0, 1, 1]
(0, (1, 1, 1), (0, 1)): [1, 3, 5, 2, 3, 0, 0, 0, 1]
(1, (0, 0, 0), (0, 0)): [247213, 27150, 11351, 4454, 1810, 726, 302, 114, 43, 15, 5, 4, 2]
(1, (0, 0, 0), (0, 1)): [767, 77, 27, 7, 4, 0, 0, 1]
(1, (0, 0, 0), (0, 2)): [322, 17, 10, 4, 1, 0, 0, 1]
(1, (0, 0, 0), (1, 0)): [663, 79, 32, 8, 3, 3, 0, 1]
(1, (0, 0, 0), (1, 1)): [573, 63, 24, 8, 2, 1]
(1, (0, 0, 0), (1, 2)): [366, 32, 13, 6, 1, 1]
(1, (0, 0, 0), (2, 0)): [233, 33, 16, 3, 2, 1]
(1, (0, 0, 0), (2, 1)): [285, 35, 21, 6, 2]
(1, (0, 0, 0), (2, 2)): [282, 27, 15, 8, 1, 1]
(1, (0, 0, 0), (3, 0)): [98, 11, 5, 0, 1, 1]
(1, (0, 0, 0), (3, 1)): [119, 23, 11, 0, 1]
(1, (0, 0, 0), (3, 2)): [164, 22, 17, 3, 0, 1]
(1, (0, 0, 1), (0, 0)): [8282, 13137, 2616, 1111, 468, 187, 74, 39, 13, 6, 5, 3, 2]
(1, (0, 0, 1), (0, 1)): [25, 33, 4, 0, 1]
(1, (0, 0, 1), (0, 2)): [12, 15]
(1, (0, 0, 1), (1, 0)): [20, 30, 7, 2, 2]
(1, (0, 0, 1), (1, 1)): [20, 21, 5, 1, 2]
(1, (0, 0, 1), (2, 0)): [8, 11, 4, 1, 1]
(1, (0, 0, 1), (2, 1)): [6, 12, 0, 0, 1]
(1, (0, 0, 1), (2, 2)): [10, 12, 1]
(1, (0, 0, 1), (3, 1)): [4, 6, 0, 0, 1]
(1, (0, 1, 0), (0, 0)): [36618, 18417, 6249, 2605, 1066, 451, 167, 70, 19, 15, 2, 3, 3]
(1, (0, 1, 0), (0, 1)): [95, 43, 12, 6, 0, 1, 1, 1]
(1, (0, 1, 0), (0, 2)): [35, 17, 2, 0, 0, 1, 1]
(1, (0, 1, 0), (1, 0)): [109, 60, 12, 9, 6, 2]
(1, (0, 1, 0), (1, 1)): [88, 39, 8, 8, 2, 1, 0, 1]
(1, (0, 1, 0), (1, 2)): [58, 22, 7, 1, 1]
(1, (0, 1, 0), (2, 0)): [43, 19, 6, 4, 4, 1]
(1, (0, 1, 0), (2, 1)): [45, 18, 1, 7, 0, 2, 0, 1]
(1, (0, 1, 0), (3, 0)): [23, 11, 4, 2, 4]
(1, (0, 1, 1), (0, 0)): [6252, 5513, 5673, 2165, 983, 411, 168, 68, 32, 10, 6, 3, 0, 1]
(1, (0, 1, 1), (1, 0)): [28, 6, 8, 5, 6, 3, 1, 1]
(1, (0, 1, 1), (2, 0)): [18, 6, 2, 1, 3, 3, 1, 1]
(1, (0, 1, 1), (3, 0)): [12, 4, 1, 0, 3, 3, 1, 1]
(1, (1, 0, 0), (0, 0)): [102293, 19593, 11813, 5170, 2090, 886, 338, 119, 57, 26, 7, 9, 2, 2]
(1, (1, 0, 0), (0, 1)): [292, 42, 36, 9, 4, 3, 2]
(1, (1, 0, 0), (0, 2)): [117, 20, 16, 4]
(1, (1, 0, 0), (1, 0)): [258, 54, 37, 11, 3, 3, 0, 1]
(1, (1, 0, 0), (1, 1)): [209, 30, 20, 6, 3, 3, 1, 1]
(1, (1, 0, 0), (1, 2)): [150, 16, 12, 2, 2, 0, 1]
(1, (1, 0, 0), (2, 0)): [93, 21, 20, 6, 2, 1]
(1, (1, 0, 0), (2, 1)): [92, 17, 17, 4, 1, 3, 0, 1]
(1, (1, 0, 0), (2, 2)): [94, 13, 13, 3, 2, 1]
(1, (1, 0, 0), (3, 0)): [39, 12, 7, 3, 2]
(1, (1, 0, 0), (3, 1)): [42, 10, 5, 4, 0, 1, 0, 1]
(1, (1, 0, 0), (3, 2)): [54, 8, 8, 4, 0, 1]
(1, (1, 0, 1), (0, 0)): [8283, 10788, 3781, 2357, 990, 442, 168, 64, 24, 20, 6, 2]
(1, (1, 0, 1), (0, 1)): [21, 20, 8, 6, 2, 1]
(1, (1, 0, 1), (1, 0)): [19, 30, 4, 7, 3, 3, 0, 1]
(1, (1, 0, 1), (1, 1)): [8, 18, 5, 5, 2]
(1, (1, 0, 1), (2, 0)): [9, 12, 1, 2, 2, 1]
(1, (1, 0, 1), (2, 1)): [3, 9, 0, 2]
(1, (1, 0, 1), (2, 2)): [3, 7, 4, 2]
(1, (1, 0, 1), (3, 2)): [1, 6, 3, 2, 1]
(1, (1, 1, 0), (0, 0)): [26044, 8371, 6088, 4073, 1793, 793, 290, 113, 45, 22, 5, 6, 1, 3]
(1, (1, 1, 0), (0, 1)): [70, 18, 14, 8, 5, 1, 1]
(1, (1, 1, 0), (0, 2)): [27, 11, 3, 4, 3]
(1, (1, 1, 0), (1, 0)): [67, 15, 17, 12, 7, 2]
(1, (1, 1, 0), (1, 1)): [62, 9, 10, 4, 1, 0, 1]
(1, (1, 1, 0), (1, 2)): [37, 5, 4, 3, 3]
(1, (1, 1, 0), (2, 0)): [19, 4, 6, 5, 6, 1]
(1, (1, 1, 0), (2, 1)): [27, 8, 4, 4, 1, 0, 1]
(1, (1, 1, 0), (2, 2)): [29, 4, 3, 2, 2]
(1, (1, 1, 0), (3, 0)): [7, 2, 4, 2, 4, 1]
(1, (1, 1, 0), (3, 2)): [12, 6, 2, 1, 2]
(1, (1, 1, 1), (0, 0)): [5029, 4225, 2709, 1988, 1360, 626, 247, 105, 43, 16, 6, 3, 1, 1]
(1, (1, 1, 1), (0, 1)): [18, 12, 6, 3, 0, 1, 0, 1]
(1, (1, 1, 1), (0, 2)): [10, 6, 3, 1, 0, 1]
(1, (1, 1, 1), (1, 1)): [15, 6, 5, 5, 3, 1, 1, 1]
(1, (1, 1, 1), (1, 2)): [7, 4, 0, 4, 1, 2, 1, 1]
(1, (1, 1, 1), (2, 2)): [4, 3, 2, 1, 1, 1, 2, 1]
(2, (0, 0, 0), (0, 0)): [211821, 9124, 3125, 957, 345, 128, 47, 19, 3, 1, 1]
(2, (0, 0, 0), (0, 1)): [675, 29, 6, 3]
(2, (0, 0, 0), (0, 2)): [254, 10, 2, 2]
(2, (0, 0, 0), (1, 0)): [666, 41, 14, 6, 2]
(2, (0, 0, 0), (1, 1)): [566, 27, 12, 3]
(2, (0, 0, 0), (1, 2)): [334, 10, 8, 2]
(2, (0, 0, 0), (2, 0)): [265, 14, 4, 3, 1]
(2, (0, 0, 0), (2, 1)): [343, 18, 4, 3]
(2, (0, 0, 0), (2, 2)): [299, 12, 8, 4]
(2, (0, 0, 0), (3, 0)): [102, 6, 4, 2, 1]
(2, (0, 0, 0), (3, 1)): [149, 8, 1]
(2, (0, 0, 0), (3, 2)): [198, 12, 6, 2]
(2, (0, 0, 1), (0, 0)): [25809, 8667, 1580, 505, 183, 76, 25, 7, 0, 1]
(2, (0, 0, 1), (0, 1)): [60, 26, 4]
(2, (0, 0, 1), (1, 0)): [63, 26, 4, 0, 0, 1]
(2, (0, 0, 1), (1, 1)): [43, 18, 1]
(2, (0, 0, 1), (1, 2)): [35, 14, 3]
(2, (0, 0, 1), (2, 0)): [33, 8, 3, 0, 0, 1]
(2, (0, 0, 1), (2, 1)): [26, 9, 1]
(2, (0, 0, 1), (2, 2)): [27, 10, 3]
(2, (0, 1, 0), (0, 0)): [59976, 14073, 3426, 1166, 381, 140, 44, 12, 4, 1]
(2, (0, 1, 0), (0, 1)): [147, 27, 5, 2, 2]
(2, (0, 1, 0), (0, 2)): [62, 4, 1, 1, 1]
(2, (0, 1, 0), (1, 0)): [192, 36, 13, 3, 1, 1]
(2, (0, 1, 0), (1, 1)): [128, 28, 5, 0, 1]
(2, (0, 1, 0), (1, 2)): [79, 10, 2, 1, 2]
(2, (0, 1, 0), (2, 0)): [93, 17, 9, 3, 1, 1]
(2, (0, 1, 0), (2, 1)): [88, 18, 5, 1, 0, 1]
(2, (0, 1, 0), (2, 2)): [83, 8, 2, 1, 1]
(2, (0, 1, 0), (3, 0)): [51, 11, 5, 1, 1]
(2, (0, 1, 0), (3, 1)): [48, 11, 2, 1, 1, 1]
(2, (0, 1, 0), (3, 2)): [63, 10, 3, 0, 1, 1]
(2, (0, 1, 1), (0, 0)): [15355, 1393, 3754, 1007, 345, 131, 41, 14, 8, 1, 1]
(2, (0, 1, 1), (0, 1)): [45, 3, 10, 1, 1]
(2, (0, 1, 1), (1, 0)): [55, 2, 19, 4, 1, 1]
(2, (0, 1, 1), (1, 1)): [33, 2, 12, 1]
(2, (0, 1, 1), (1, 2)): [22, 1, 6, 2, 1]
(2, (0, 1, 1), (2, 0)): [32, 1, 9, 3, 0, 1]
(2, (0, 1, 1), (2, 1)): [13, 0, 4]
(2, (0, 1, 1), (2, 2)): [16, 1, 5]
(2, (0, 1, 1), (3, 0)): [27, 0, 7, 2, 0, 1]
(2, (0, 1, 1), (3, 2)): [13, 0, 7]
(2, (1, 0, 0), (0, 0)): [125688, 9899, 5428, 1772, 606, 199, 84, 26, 7, 1, 1]
(2, (1, 0, 0), (0, 1)): [317, 12, 11, 3, 1]
(2, (1, 0, 0), (0, 2)): [109, 5, 3]
(2, (1, 0, 0), (1, 0)): [316, 15, 14, 6, 1, 1]
(2, (1, 0, 0), (1, 1)): [243, 8, 7, 5, 1]
(2, (1, 0, 0), (1, 2)): [132, 5, 4, 3]
(2, (1, 0, 0), (2, 0)): [115, 8, 4, 4]
(2, (1, 0, 0), (2, 1)): [119, 6, 2, 0, 1]
(2, (1, 0, 0), (2, 2)): [101, 6, 3, 1]
(2, (1, 0, 0), (3, 0)): [38, 3, 2, 3]
(2, (1, 0, 0), (3, 1)): [50, 2, 3]
(2, (1, 0, 0), (3, 2)): [53, 2, 1, 1]
(2, (1, 0, 1), (0, 0)): [22185, 6012, 2638, 1326, 427, 172, 52, 22, 7, 1, 0, 1]
(2, (1, 0, 1), (1, 0)): [45, 6, 6, 5, 0, 1]
(2, (1, 0, 1), (1, 1)): [24, 5, 0, 2]
(2, (1, 0, 1), (2, 1)): [11, 0, 1, 2]
(2, (1, 1, 0), (0, 0)): [42046, 6668, 3713, 2197, 721, 258, 75, 19, 10, 4, 2, 0, 0, 1]
(2, (1, 1, 0), (0, 1)): [122, 14, 8, 3, 1]
(2, (1, 1, 0), (0, 2)): [55, 6, 4, 1]
(2, (1, 1, 0), (1, 0)): [95, 9, 9, 11, 2, 2, 0, 1]
(2, (1, 1, 0), (1, 1)): [64, 8, 3, 3, 1]
(2, (1, 1, 0), (1, 2)): [43, 8, 1, 2]
(2, (1, 1, 0), (2, 0)): [48, 4, 4, 6, 1, 1, 0, 1]
(2, (1, 1, 0), (2, 1)): [41, 4, 3, 1, 1]
(2, (1, 1, 0), (2, 2)): [34, 6, 1, 2, 1]
(2, (1, 1, 0), (3, 0)): [20, 2, 3, 3, 1, 1]
(2, (1, 1, 0), (3, 1)): [16, 0, 4, 4]
(2, (1, 1, 0), (3, 2)): [20, 1, 4, 3, 1]
(2, (1, 1, 1), (0, 0)): [12548, 1917, 2170, 1192, 801, 272, 88, 35, 16, 2, 2, 0, 0, 1]
(2, (1, 1, 1), (0, 1)): [40, 3, 11, 4, 2, 1]
(2, (1, 1, 1), (0, 2)): [24, 2, 1, 0, 0, 1]
(2, (1, 1, 1), (1, 0)): [32, 11, 5, 10, 0, 1]
(2, (1, 1, 1), (1, 1)): [21, 2, 10, 4]
(2, (1, 1, 1), (1, 2)): [18, 2, 3, 1, 0, 1]
(2, (1, 1, 1), (2, 0)): [15, 10, 1, 7, 0, 1]
