(0, (0, 0, 0)): [73, 7, 3, 2, 1, 2, 1]
(0, (0, 1, 0)): [3, 0, 2, 0, 1]
(0, (0, 1, 1)): [0, 0, 0, 1]
(0, (1, 0, 0)): [12, 3, 1, 1, 0, 1]
(0, (1, 0, 1)): [0, 1, 2, 0, 1]
(0, (1, 1, 0)): [2, 0, 0, 1, 0, 1]
(0, (1, 1, 1)): [0, 0, 0, 1, 1, 1]
(1, (0, 0, 0)): [60, 4, 1, 1, 1, 1, 1]
(1, (0, 0, 1)): [2]
(1, (0, 1, 0)): [4, 2, 0, 1, 1]
(1, (0, 1, 1)): [2, 0, 3, 1]
(1, (1, 0, 0)): [22, 4, 0, 1, 0, 1, 1]
(1, (1, 0, 1)): [1, 1, 0, 1]
(1, (1, 1, 0)): [5, 1, 1, 1, 0, 1]
(1, (1, 1, 1)): [0, 0, 2, 0, 0, 1]
(2, (0, 0, 0)): [50, 1, 1]
(2, (0, 0, 1)): [6, 1, 0, 0, 1]
(2, (0, 1, 0)): [16, 7, 4, 2]
(2, (0, 1, 1)): [6, 1]
(2, (1, 0, 0)): [21, 2, 3, 1]
(2, (1, 0, 1)): [7, 1]
(2, (1, 1, 0)): [5, 4, 1]
(2, (1, 1, 1)): [1]
