(0, (0, 0, 0)): [28542, 4936, 2166, 945, 420, 170, 78, 26, 9, 3, 3]
(0, (0, 0, 1)): [93, 279, 63, 30, 19, 5]
(0, (0, 1, 0)): [929, 768, 269, 125, 51, 15, 11, 4]
(0, (0, 1, 1)): [73, 122, 150, 68, 33, 12, 5, 3, 2, 0, 1]
(0, (1, 0, 0)): [5611, 1700, 1024, 508, 239, 110, 50, 13, 5, 3, 3]
(0, (1, 0, 1)): [136, 365, 136, 92, 58, 21, 9, 2, 0, 1]
(0, (1, 1, 0)): [773, 461, 288, 253, 117, 56, 32, 11, 4, 3, 1]
(0, (1, 1, 1)): [86, 132, 104, 93, 55, 34, 19, 7, 3, 3]
(1, (0, 0, 0)): [21909, 2259, 906, 334, 123, 45, 20, 7, 3]
(1, (0, 0, 1)): [520, 661, 111, 55, 21, 7, 0, 1]
(1, (0, 1, 0)): [2791, 1132, 404, 149, 55, 17, 8, 5]
(1, (0, 1, 1)): [463, 301, 247, 91, 57, 18, 9, 3, 1, 1]
(1, (1, 0, 0)): [8065, 1287, 794, 330, 128, 59, 20, 2, 3, 0, 1]
(1, (1, 0, 1)): [685, 631, 231, 132, 65, 25, 8, 4, 1]
(1, (1, 1, 0)): [2269, 689, 399, 273, 109, 45, 19, 6, 2, 0, 2]
(1, (1, 1, 1)): [467, 356, 229, 117, 92, 40, 23, 6, 2, 0, 1]
(2, (0, 0, 0)): [18947, 799, 267, 75, 33, 10, 4, 1]
(2, (0, 0, 1)): [1491, 384, 83, 24, 11]
(2, (0, 1, 0)): [4213, 876, 217, 68, 27, 9, 4, 1, 1]
(2, (0, 1, 1)): [958, 79, 168, 46, 25, 6, 2, 1, 2]
(2, (1, 0, 0)): [9471, 622, 432, 131, 46, 14, 7, 1, 1]
(2, (1, 0, 1)): [1757, 322, 132, 66, 32, 7, 4, 1]
(2, (1, 1, 0)): [3791, 613, 243, 196, 52, 19, 7, 1, 2]
(2, (1, 1, 1)): [1130, 160, 166, 78, 55, 20, 9]
