(0, (0, 0, 0)): [1567707, 314525, 144090, 65284, 28999, 12301, 5053, 2084, 837, 374, 155, 70, 31, 12, 4, 1, 0, 1]
(0, (0, 0, 1)): [6343, 19045, 5201, 2464, 1194, 499, 221, 98, 38, 22, 9, 3, 3, 2]
(0, (0, 1, 0)): [55897, 52290, 20381, 9802, 4657, 2019, 847, 360, 148, 84, 27, 7, 3, 3, 2]
(0, (0, 1, 1)): [4620, 7913, 9406, 4359, 2289, 1091, 456, 205, 102, 42, 10, 8, 2, 2, 1, 0, 0, 1]
(0, (1, 0, 0)): [333033, 111590, 70423, 34669, 16467, 7335, 3040, 1301, 540, 247, 109, 44, 21, 6, 3, 1, 0, 1]
(0, (1, 0, 1)): [7930, 24310, 9848, 6796, 3565, 1630, 770, 308, 153, 61, 31, 15, 5, 1, 2, 0, 0, 1]
(0, (1, 1, 0)): [45911, 29315, 21889, 15563, 8297, 3865, 1643, 778, 316, 146, 66, 24, 9, 3]
(0, (1, 1, 1)): [4389, 8415, 6880, 5117, 4092, 2029, 937, 452, 201, 86, 43, 15, 4, 2, 1]
(1, (0, 0, 0)): [1273948, 138893, 56710, 22382, 8642, 3240, 1269, 461, 172, 68, 27, 15, 7, 3, 0, 1]
(1, (0, 0, 1)): [35012, 50191, 9909, 4204, 1722, 720, 266, 103, 49, 19, 11, 5, 4, 1]
(1, (0, 1, 0)): [172649, 76342, 27467, 11816, 4712, 1849, 633, 299, 89, 42, 23, 9, 9, 2, 1]
(1, (0, 1, 1)): [27345, 22549, 20056, 7978, 4121, 1608, 633, 252, 116, 39, 11, 7, 2, 2, 0, 1]
(1, (1, 0, 0)): [481902, 85708, 54795, 23172, 9347, 3673, 1463, 510, 215, 92, 32, 22, 5, 3, 0, 2]
(1, (1, 0, 1)): [38874, 45367, 14531, 9651, 4140, 1678, 673, 254, 85, 58, 15, 6, 0, 1]
(1, (1, 1, 0)): [132699, 40933, 27222, 19360, 8063, 3325, 1292, 527, 212, 81, 27, 15, 9, 5, 1]
(1, (1, 1, 1)): [26975, 21643, 13699, 8890, 6527, 2750, 1109, 413, 180, 65, 20, 15, 8, 3, 1, 1]
(2, (0, 0, 0)): [1106890, 50159, 16800, 5329, 1770, 558, 193, 65, 12, 7, 5, 0, 1]
(2, (0, 0, 1)): [103112, 31222, 6303, 2103, 753, 259, 73, 24, 5, 2, 0, 1]
(2, (0, 1, 0)): [273418, 57689, 15554, 5466, 1789, 603, 175, 53, 15, 8, 6, 0, 1]
(2, (0, 1, 1)): [62216, 5359, 13488, 3649, 1444, 463, 160, 52, 19, 5, 3, 1, 0, 1]
(2, (1, 0, 0)): [584104, 42332, 27459, 8692, 2811, 885, 345, 100, 19, 13, 6, 0, 1]
(2, (1, 0, 1)): [100583, 24161, 9515, 5715, 1837, 620, 203, 68, 24, 8, 0, 3, 1]
(2, (1, 1, 0)): [228319, 35008, 17500, 11877, 3821, 1212, 417, 139, 44, 20, 8, 1, 2, 1]
(2, (1, 1, 1)): [65807, 9573, 11029, 5449, 3944, 1242, 420, 141, 47, 9, 7, 1, 1, 1]
