(0, (0, 0, 0)): [1310052, 262033, 120602, 54724, 24271, 10373, 4263, 1784, 708, 327, 130, 64, 29, 10, 3, 1, 0, 1]
(0, (0, 0, 1)): [5390, 16119, 4375, 2081, 1020, 430, 192, 86, 35, 19, 7, 3, 2, 2]
(0, (0, 1, 0)): [46393, 42722, 16769, 8069, 3867, 1666, 697, 308, 125, 70, 23, 6, 3, 2, 1]
(0, (0, 1, 1)): [3871, 6565, 7778, 3636, 1943, 910, 385, 182, 89, 38, 9, 6, 2, 2, 1, 0, 0, 1]
(0, (1, 0, 0)): [279673, 93247, 59008, 29136, 13803, 6190, 2581, 1108, 464, 214, 89, 39, 21, 4, 2, 1, 0, 1]
(0, (1, 0, 1)): [6714, 20414, 8231, 5718, 2981, 1356, 662, 271, 131, 55, 26, 13, 5, 1, 1, 0, 0, 1]
(0, (1, 1, 0)): [38386, 24515, 18335, 13086, 6930, 3279, 1394, 658, 271, 127, 57, 24, 9, 1]
(0, (1, 1, 1)): [3711, 7078, 5777, 4336, 3420, 1719, 795, 394, 173, 74, 38, 13, 3, 1, 1]
(1, (0, 0, 0)): [1062763, 115779, 47457, 18704, 7227, 2739, 1068, 394, 147, 61, 24, 15, 6, 3, 0, 1]
(1, (0, 0, 1)): [28811, 41008, 8136, 3440, 1426, 581, 221, 90, 42, 12, 9, 5, 3, 1]
(1, (0, 1, 0)): [142703, 63278, 22842, 9738, 3942, 1531, 526, 253, 69, 36, 19, 9, 9, 2, 1]
(1, (0, 1, 1)): [22903, 18555, 16592, 6652, 3468, 1365, 535, 215, 105, 30, 9, 6, 2, 2, 0, 1]
(1, (1, 0, 0)): [404672, 71679, 45979, 19451, 7847, 3099, 1237, 435, 189, 81, 29, 20, 4, 3, 0, 2]
(1, (1, 0, 1)): [32501, 38140, 12096, 8091, 3451, 1424, 573, 220, 75, 48, 12, 5, 0, 1]
(1, (1, 1, 0)): [111419, 34465, 22954, 16280, 6801, 2815, 1107, 447, 184, 71, 24, 15, 8, 5, 1]
(1, (1, 1, 1)): [22806, 18054, 11546, 7532, 5475, 2325, 941, 347, 150, 56, 19, 15, 7, 3, 1, 1]
(2, (0, 0, 0)): [921843, 41768, 14085, 4495, 1471, 493, 167, 51, 9, 6, 4, 0, 1]
(2, (0, 0, 1)): [84066, 25616, 5157, 1746, 628, 213, 57, 19, 3, 2, 0, 1]
(2, (0, 1, 0)): [225152, 47957, 12869, 4538, 1505, 512, 146, 42, 10, 8, 5, 0, 1]
(2, (0, 1, 1)): [51068, 4383, 11224, 3055, 1199, 377, 138, 45, 18, 4, 3, 1, 0, 1]
(2, (1, 0, 0)): [490747, 35477, 23158, 7329, 2356, 746, 298, 79, 17, 11, 5, 0, 1]
(2, (1, 0, 1)): [83407, 20159, 7895, 4809, 1539, 525, 180, 60, 21, 7, 0, 3, 1]
(2, (1, 1, 0)): [192658, 29659, 14766, 10024, 3257, 1054, 348, 111, 40, 18, 6, 1, 2, 1]
(2, (1, 1, 1)): [55290, 8024, 9367, 4592, 3325, 1063, 353, 120, 41, 7, 6, 1, 1, 1]
