(0, (0, 0, 0)): [758548, 153491, 72403, 33200, 15125, 6637, 2737, 1154, 481, 223, 95, 47, 23, 6, 3, 1, 0, 1]
(0, (0, 0, 1)): [3241, 10157, 2822, 1334, 665, 307, 130, 71, 28, 17, 4, 1, 3, 1]
(0, (0, 1, 0)): [24597, 24012, 9421, 4487, 2238, 1002, 407, 179, 80, 47, 15, 5, 3, 0, 1]
(0, (0, 1, 1)): [2221, 3833, 4873, 2209, 1212, 565, 241, 117, 54, 23, 8, 6, 0, 2, 1, 0, 0, 1]
(0, (1, 0, 0)): [167057, 56343, 36179, 17955, 8702, 3993, 1684, 734, 318, 141, 65, 30, 14, 4, 2, 1, 0, 1]
(0, (1, 0, 1)): [3736, 12231, 5018, 3443, 1852, 875, 420, 180, 80, 35, 16, 10, 4, 0, 1, 0, 0, 1]
(0, (1, 1, 0)): [22871, 14850, 11674, 8173, 4454, 2109, 928, 460, 186, 78, 40, 17, 6, 1]
(0, (1, 1, 1)): [2349, 4324, 3633, 2831, 2257, 1108, 531, 277, 115, 49, 30, 11, 1, 1, 1]
(1, (0, 0, 0)): [606594, 66761, 27840, 11068, 4488, 1710, 658, 250, 100, 41, 19, 11, 5, 2, 0, 1]
(1, (0, 0, 1)): [17094, 25751, 5095, 2140, 911, 401, 154, 66, 31, 11, 6, 4, 3, 1]
(1, (0, 1, 0)): [82198, 38714, 13778, 5836, 2414, 955, 329, 155, 43, 28, 14, 7, 5, 1, 1]
(1, (0, 1, 1)): [13959, 11708, 11177, 4421, 2258, 908, 358, 148, 75, 19, 8, 4, 1, 2, 0, 1]
(1, (1, 0, 0)): [242574, 44058, 27876, 12117, 4991, 2016, 783, 282, 133, 58, 21, 15, 4, 2, 0, 2]
(1, (1, 0, 1)): [18799, 23594, 7737, 5022, 2195, 929, 347, 141, 55, 42, 12, 3, 0, 1]
(1, (1, 1, 0)): [65771, 20762, 14502, 10012, 4380, 1880, 727, 292, 120, 53, 19, 10, 6, 4, 1]
(1, (1, 1, 1)): [13648, 10971, 7102, 4807, 3528, 1523, 622, 238, 103, 38, 15, 11, 6, 2, 1, 1]
(2, (0, 0, 0)): [522619, 23570, 8148, 2547, 922, 306, 112, 37, 8, 3, 3, 0, 1]
(2, (0, 0, 1)): [50899, 16486, 3118, 1076, 386, 146, 44, 13, 2, 2, 0, 1]
(2, (0, 1, 0)): [132752, 29851, 7678, 2710, 895, 299, 94, 20, 6, 2, 2, 0, 1]
(2, (0, 1, 1)): [31728, 2833, 7413, 1956, 761, 253, 91, 33, 11, 4, 3, 1, 0, 1]
(2, (1, 0, 0)): [296537, 22132, 13811, 4374, 1484, 456, 188, 56, 14, 8, 4, 0, 1]
(2, (1, 0, 1)): [48430, 12490, 5116, 2920, 946, 324, 120, 40, 15, 3, 0, 2, 1]
(2, (1, 1, 0)): [113863, 18056, 9297, 5951, 1952, 655, 199, 69, 26, 12, 5, 1, 2, 1]
(2, (1, 1, 1)): [33240, 5003, 5629, 2903, 2022, 679, 215, 83, 32, 6, 5, 0, 1, 1]
