(0, (0, 0, 0), (0, 0)): [12024, 2390, 1042, 478, 202, 105, 31, 12, 8, 5, 2]
(0, (0, 0, 1), (0, 0)): [40, 151, 40, 14, 10, 2, 3, 1, 2]
(0, (0, 1, 0), (0, 0)): [368, 398, 130, 61, 36, 12, 7, 4, 2, 0, 2]
(0, (0, 1, 1), (0, 0)): [38, 78, 69, 25, 10, 14, 3]
(0, (1, 0, 0), (0, 0)): [2552, 926, 541, 276, 122, 67, 19, 7, 3, 5]
(0, (1, 0, 1), (0, 0)): [41, 201, 56, 53, 19, 10, 5, 2, 1]
(0, (1, 1, 0), (0, 0)): [373, 234, 199, 118, 71, 21, 15, 7, 3, 4]
(0, (1, 1, 1), (0, 0)): [33, 77, 52, 45, 23, 9, 2, 1, 1]
(1, (0, 0, 0), (0, 0)): [9662, 1021, 381, 147, 52, 29, 6, 2, 0, 1]
(1, (0, 0, 1), (0, 0)): [216, 387, 64, 27, 20, 4, 2, 2, 2]
(1, (0, 1, 0), (0, 0)): [1352, 601, 196, 78, 43, 17, 7, 1, 0, 1, 1]
(1, (0, 1, 1), (0, 0)): [226, 201, 160, 63, 31, 16, 6, 2, 0, 1]
(1, (1, 0, 0), (0, 0)): [3670, 712, 366, 199, 57, 33, 4, 4, 2, 1]
(1, (1, 0, 1), (0, 0)): [232, 365, 110, 77, 37, 14, 2, 2, 1]
(1, (1, 1, 0), (0, 0)): [1085, 348, 245, 165, 71, 28, 16, 7, 3, 1]
(1, (1, 1, 1), (0, 0)): [243, 202, 122, 76, 51, 26, 17, 4, 2, 1]
(2, (0, 0, 0), (0, 0)): [8239, 362, 130, 24, 15, 5, 1]
(2, (0, 0, 1), (0, 0)): [674, 213, 52, 11, 4, 1]
(2, (0, 1, 0), (0, 0)): [2035, 470, 101, 30, 12, 5]
(2, (0, 1, 1), (0, 0)): [445, 45, 104, 26, 9, 1, 1]
(2, (1, 0, 0), (0, 0)): [4575, 375, 207, 59, 20, 5, 1, 1]
(2, (1, 0, 1), (0, 0)): [593, 145, 69, 31, 13, 2, 1]
(2, (1, 1, 0), (0, 0)): [1974, 321, 161, 96, 35, 11, 2, 1]
(2, (1, 1, 1), (0, 0)): [562, 93, 88, 40, 29, 6, 2, 1]
(2, (1, 1, 1), (1, 0)): [0, 1]
(2, (1, 1, 1), (2, 0)): [0, 1]
(2, (1, 1, 1), (3, 0)): [0, 1]
