(0, (0, 0, 0)): [28634, 5226, 2271, 1097, 470, 199, 77, 41, 10, 9, 1]
(0, (0, 0, 1)): [106, 261, 78, 40, 13, 2, 2, 2]
(0, (0, 1, 0)): [995, 848, 318, 143, 74, 35, 10, 7, 2, 2]
(0, (0, 1, 1)): [96, 147, 130, 68, 44, 22, 8, 3, 2]
(0, (1, 0, 0)): [5665, 1879, 1126, 570, 270, 112, 51, 23, 8, 3]
(0, (1, 0, 1)): [146, 391, 142, 113, 63, 27, 10, 7, 1, 1]
(0, (1, 1, 0)): [806, 509, 367, 263, 131, 66, 28, 13, 3, 1]
(0, (1, 1, 1)): [78, 127, 125, 67, 63, 31, 13, 11, 2, 1]
(1, (0, 0, 0)): [22012, 2303, 909, 395, 160, 69, 21, 9, 1, 3, 1]
(1, (0, 0, 1)): [575, 689, 142, 65, 33, 11, 3, 1, 0, 1]
(1, (0, 1, 0)): [2853, 1189, 445, 183, 79, 28, 10, 4, 2]
(1, (0, 1, 1)): [474, 331, 270, 132, 58, 29, 9, 6]
(1, (1, 0, 0)): [8204, 1336, 836, 395, 164, 64, 25, 14, 3, 3]
(1, (1, 0, 1)): [670, 711, 214, 148, 67, 18, 14, 3]
(1, (1, 1, 0)): [2325, 667, 414, 324, 133, 54, 16, 11, 4, 3]
(1, (1, 1, 1)): [502, 349, 231, 136, 122, 54, 15, 10, 1, 1]
(2, (0, 0, 0)): [19096, 855, 284, 112, 30, 9, 1, 0, 0, 0, 1]
(2, (0, 0, 1)): [1565, 475, 90, 34, 14, 5]
(2, (0, 1, 0)): [4332, 874, 265, 94, 29, 10, 2, 1]
(2, (0, 1, 1)): [971, 74, 184, 70, 23, 10, 2]
(2, (1, 0, 0)): [9855, 639, 451, 181, 45, 13, 5, 2, 0, 0, 1]
(2, (1, 0, 1)): [1737, 400, 139, 103, 32, 15, 2, 1]
(2, (1, 1, 0)): [4022, 564, 280, 241, 70, 14, 8, 3, 1, 1, 1]
(2, (1, 1, 1)): [1140, 151, 198, 103, 56, 21, 8, 3, 0, 0, 1]
