(0, (0, 0, 0), (0, 0)): [33071, 6883, 3163, 1508, 683, 307, 116, 53, 35, 10, 9, 2, 1]
(0, (0, 0, 0), (0, 1)): [16119, 3124, 1352, 683, 297, 137, 44, 31, 13, 4, 2, 1]
(0, (0, 0, 0), (0, 2)): [6206, 1043, 457, 246, 93, 43, 16, 9, 5, 2, 0, 1]
(0, (0, 0, 0), (1, 0)): [12904, 2792, 1397, 644, 293, 122, 60, 15, 16, 3, 5, 0, 1]
(0, (0, 0, 0), (1, 1)): [13092, 2620, 1187, 590, 259, 118, 41, 18, 10, 1, 1, 0, 1]
(0, (0, 0, 0), (1, 2)): [9210, 1583, 729, 370, 142, 61, 20, 14, 7, 2]
(0, (0, 0, 0), (2, 0)): [4096, 980, 538, 232, 115, 44, 20, 7, 6, 2, 2]
(0, (0, 0, 0), (2, 1)): [6615, 1425, 706, 353, 154, 66, 22, 10, 4, 3, 3, 0, 1]
(0, (0, 0, 0), (2, 2)): [7357, 1350, 647, 318, 146, 55, 17, 13, 5, 1, 1]
(0, (0, 0, 0), (3, 0)): [1149, 311, 195, 85, 48, 13, 12, 2, 2]
(0, (0, 0, 0), (3, 1)): [2462, 599, 341, 174, 89, 35, 10, 4, 4, 1, 2, 0, 1]
(0, (0, 0, 0), (3, 2)): [3814, 790, 458, 213, 115, 34, 10, 10, 2, 0, 1, 0, 1]
(0, (0, 0, 1), (0, 0)): [76, 287, 60, 39, 21, 11, 2, 0, 1, 1]
(0, (0, 0, 1), (0, 1)): [33, 120, 25, 20, 11, 2, 1]
(0, (0, 0, 1), (0, 2)): [12, 49, 8, 7, 1, 0, 1]
(0, (0, 0, 1), (1, 0)): [37, 120, 25, 13, 5, 4, 1, 0, 1, 1]
(0, (0, 0, 1), (1, 1)): [34, 100, 24, 11, 8, 5, 0, 0, 0, 1]
(0, (0, 0, 1), (1, 2)): [28, 70, 10, 12, 2, 2, 1, 0, 0, 1]
(0, (0, 0, 1), (2, 0)): [15, 38, 10, 5, 3, 1, 1, 0, 1]
(0, (0, 0, 1), (2, 1)): [17, 63, 13, 7, 3, 3, 0, 0, 1]
(0, (0, 0, 1), (2, 2)): [23, 57, 12, 12, 2, 2]
(0, (0, 0, 1), (3, 0)): [3, 11, 3, 1, 1, 0, 1]
(0, (0, 0, 1), (3, 1)): [8, 20, 5, 1, 0, 0, 0, 0, 1]
(0, (0, 0, 1), (3, 2)): [16, 32, 7, 7, 1, 2, 0, 0, 1]
(0, (0, 1, 0), (0, 0)): [1370, 1252, 490, 270, 114, 63, 25, 10, 7, 2, 1]
(0, (0, 1, 0), (0, 1)): [574, 517, 218, 88, 47, 19, 8, 7, 2, 0, 1]
(0, (0, 1, 0), (0, 2)): [256, 168, 69, 31, 18, 4, 3, 2, 2]
(0, (0, 1, 0), (1, 0)): [588, 495, 207, 126, 51, 32, 12, 3, 5, 1]
(0, (0, 1, 0), (1, 1)): [515, 448, 181, 96, 36, 22, 11, 4, 2, 1, 1]
(0, (0, 1, 0), (1, 2)): [355, 264, 110, 56, 27, 9, 5, 2, 1, 0, 1]
(0, (0, 1, 0), (2, 0)): [204, 167, 84, 43, 24, 13, 4, 2, 2]
(0, (0, 1, 0), (2, 1)): [285, 225, 102, 52, 26, 16, 9, 2, 2, 1]
(0, (0, 1, 0), (2, 2)): [314, 231, 88, 38, 20, 11, 6, 3, 1, 0, 1]
(0, (0, 1, 0), (3, 0)): [65, 54, 28, 19, 9, 2, 2, 0, 1]
(0, (0, 1, 0), (3, 1)): [121, 97, 38, 28, 10, 8, 3, 0, 0, 1]
(0, (0, 1, 0), (3, 2)): [175, 126, 54, 23, 12, 9, 3, 0, 0, 0, 1]
(0, (0, 1, 1), (0, 0)): [104, 159, 217, 100, 49, 23, 8, 3, 2, 0, 0, 1]
(0, (0, 1, 1), (0, 1)): [52, 87, 87, 45, 18, 5, 5, 1, 1]
(0, (0, 1, 1), (0, 2)): [26, 31, 31, 17, 4, 2, 2, 0, 1]
(0, (0, 1, 1), (1, 0)): [43, 58, 99, 43, 25, 14, 2, 0, 1, 0, 0, 1]
(0, (0, 1, 1), (1, 1)): [41, 65, 86, 41, 21, 10, 2]
(0, (0, 1, 1), (1, 2)): [41, 42, 45, 21, 10, 3, 1, 0, 1]
(0, (0, 1, 1), (2, 0)): [13, 25, 31, 16, 13, 3, 1, 0, 1]
(0, (0, 1, 1), (2, 1)): [16, 32, 47, 21, 8, 3, 1]
(0, (0, 1, 1), (2, 2)): [28, 31, 33, 18, 7, 5, 0, 0, 1]
(0, (0, 1, 1), (3, 0)): [8, 16, 12, 9, 6, 3, 0, 0, 1]
(0, (0, 1, 1), (3, 1)): [4, 12, 12, 7, 3, 0, 1]
(0, (0, 1, 1), (3, 2)): [12, 10, 15, 13, 4, 4, 0, 0, 1]
(0, (1, 0, 0), (0, 0)): [6604, 1959, 1429, 749, 368, 160, 61, 32, 18, 3, 4, 1]
(0, (1, 0, 0), (0, 1)): [2965, 827, 569, 301, 152, 66, 27, 12, 7, 1]
(0, (1, 0, 0), (0, 2)): [1157, 264, 195, 78, 37, 18, 11, 4, 2, 1]
(0, (1, 0, 0), (1, 0)): [2480, 805, 633, 334, 165, 72, 22, 11, 8, 1, 3]
(0, (1, 0, 0), (1, 1)): [2249, 679, 502, 275, 123, 64, 22, 8, 6]
(0, (1, 0, 0), (1, 2)): [1486, 394, 292, 131, 76, 28, 14, 3, 3]
(0, (1, 0, 0), (2, 0)): [762, 282, 228, 118, 66, 27, 5, 2, 1, 1, 1]
(0, (1, 0, 0), (2, 1)): [1093, 361, 273, 140, 71, 31, 9, 4, 5, 0, 1]
(0, (1, 0, 0), (2, 2)): [1103, 320, 245, 119, 56, 25, 16, 3, 3, 0, 1]
(0, (1, 0, 0), (3, 0)): [187, 91, 74, 49, 24, 11, 1, 2, 0, 1]
(0, (1, 0, 0), (3, 1)): [386, 163, 129, 66, 40, 18, 4, 2, 3]
(0, (1, 0, 0), (3, 2)): [529, 196, 142, 66, 40, 9, 9, 3, 3, 0, 1]
(0, (1, 0, 1), (0, 0)): [142, 464, 182, 146, 80, 34, 13, 8, 6, 1, 1]
(0, (1, 0, 1), (0, 1)): [64, 191, 77, 55, 31, 10, 2, 4, 3, 1]
(0, (1, 0, 1), (0, 2)): [37, 61, 24, 18, 13, 4, 1, 1]
(0, (1, 0, 1), (1, 0)): [62, 189, 79, 65, 37, 16, 8, 2, 2, 0, 1]
(0, (1, 0, 1), (1, 1)): [49, 159, 63, 47, 26, 11, 1, 3, 4, 1]
(0, (1, 0, 1), (1, 2)): [44, 90, 31, 26, 18, 2, 1, 1, 2]
(0, (1, 0, 1), (2, 0)): [26, 67, 30, 24, 12, 3, 4, 1, 0, 0, 1]
(0, (1, 0, 1), (2, 1)): [20, 91, 37, 25, 17, 5, 1, 1, 1, 1, 1]
(0, (1, 0, 1), (2, 2)): [29, 65, 27, 18, 15, 5, 0, 2]
(0, (1, 0, 1), (3, 0)): [12, 16, 8, 8, 4, 1, 3]
(0, (1, 0, 1), (3, 1)): [7, 34, 15, 13, 6, 1, 0, 0, 0, 1, 1]
(0, (1, 0, 1), (3, 2)): [12, 34, 13, 10, 13, 4, 0, 0, 0, 1]
(0, (1, 1, 0), (0, 0)): [1057, 617, 447, 374, 190, 83, 35, 18, 10, 1, 1, 1]
(0, (1, 1, 0), (0, 1)): [515, 273, 168, 137, 75, 31, 8, 10, 2, 0, 1]
(0, (1, 1, 0), (0, 2)): [218, 91, 57, 56, 24, 11, 1, 4, 1, 0, 1]
(0, (1, 1, 0), (1, 0)): [376, 217, 197, 164, 80, 33, 17, 5, 3, 1, 0, 1]
(0, (1, 1, 0), (1, 1)): [359, 182, 151, 115, 59, 22, 7, 4, 1, 1]
(0, (1, 1, 0), (1, 2)): [236, 123, 82, 78, 31, 15, 3, 3, 2]
(0, (1, 1, 0), (2, 0)): [114, 83, 77, 57, 29, 11, 9, 3]
(0, (1, 1, 0), (2, 1)): [183, 87, 89, 48, 33, 17, 6, 4, 0, 1]
(0, (1, 1, 0), (2, 2)): [190, 93, 71, 53, 28, 14, 2, 3, 2]
(0, (1, 1, 0), (3, 0)): [33, 32, 26, 19, 11, 5, 5, 1]
(0, (1, 1, 0), (3, 1)): [61, 40, 42, 23, 14, 10, 6, 3, 0, 1]
(0, (1, 1, 0), (3, 2)): [107, 53, 49, 29, 13, 9, 3, 3]
(0, (1, 1, 1), (0, 0)): [105, 206, 136, 110, 89, 48, 25, 11, 6, 0, 1]
(0, (1, 1, 1), (0, 1)): [59, 96, 53, 45, 41, 20, 8, 7, 3]
(0, (1, 1, 1), (0, 2)): [35, 36, 18, 20, 17, 3, 2, 3, 2]
(0, (1, 1, 1), (1, 0)): [30, 83, 59, 52, 34, 22, 14, 2, 2]
(0, (1, 1, 1), (1, 1)): [31, 77, 48, 31, 31, 22, 13, 4, 2]
(0, (1, 1, 1), (1, 2)): [35, 45, 33, 20, 26, 5, 8, 4, 2]
(0, (1, 1, 1), (2, 0)): [10, 24, 19, 18, 12, 5, 3]
(0, (1, 1, 1), (2, 1)): [15, 40, 21, 17, 13, 7, 3, 1, 1]
(0, (1, 1, 1), (2, 2)): [24, 44, 21, 15, 15, 6, 6, 2, 2]
(0, (1, 1, 1), (3, 0)): [2, 9, 5, 5, 4, 2, 1]
(0, (1, 1, 1), (3, 1)): [4, 8, 9, 4, 8, 2, 1, 1]
(0, (1, 1, 1), (3, 2)): [10, 21, 12, 11, 12, 3, 2, 1, 2]
(1, (0, 0, 0), (0, 0)): [27415, 3208, 1312, 510, 204, 92, 29, 12, 8, 1, 1]
(1, (0, 0, 0), (0, 1)): [13163, 1357, 565, 213, 74, 38, 8, 4, 1, 1]
(1, (0, 0, 0), (0, 2)): [5150, 455, 199, 61, 17, 11, 2, 3, 0, 1]
(1, (0, 0, 0), (1, 0)): [11224, 1416, 591, 236, 110, 48, 16, 5, 6, 0, 1]
(1, (0, 0, 0), (1, 1)): [11282, 1229, 531, 187, 89, 30, 11, 3, 3, 0, 1]
(1, (0, 0, 0), (1, 2)): [7683, 725, 309, 95, 47, 17, 5, 1, 2, 1]
(1, (0, 0, 0), (2, 0)): [3707, 540, 225, 103, 43, 27, 8, 2, 1]
(1, (0, 0, 0), (2, 1)): [5948, 742, 299, 112, 59, 28, 8, 2, 1, 0, 1]
(1, (0, 0, 0), (2, 2)): [6320, 631, 299, 99, 45, 20, 4, 0, 2]
(1, (0, 0, 0), (3, 0)): [1086, 178, 91, 52, 15, 13, 3, 1, 1]
(1, (0, 0, 0), (3, 1)): [2299, 332, 172, 77, 35, 17, 7, 3, 0, 0, 1]
(1, (0, 0, 0), (3, 2)): [3506, 403, 225, 84, 43, 18, 3, 1, 2, 0, 1]
(1, (0, 0, 1), (0, 0)): [711, 942, 184, 93, 21, 19, 12, 2, 1]
(1, (0, 0, 1), (0, 1)): [304, 349, 76, 35, 5, 7, 3, 1]
(1, (0, 0, 1), (0, 2)): [132, 109, 16, 6, 0, 4, 2, 1]
(1, (0, 0, 1), (1, 0)): [329, 454, 81, 47, 15, 9, 7, 1, 1]
(1, (0, 0, 1), (1, 1)): [249, 348, 73, 34, 7, 6, 6, 0, 1]
(1, (0, 0, 1), (1, 2)): [193, 178, 37, 15, 5, 6, 4, 1, 1]
(1, (0, 0, 1), (2, 0)): [157, 184, 34, 26, 9, 2, 2, 1]
(1, (0, 0, 1), (2, 1)): [152, 223, 39, 27, 3, 3, 3, 1]
(1, (0, 0, 1), (2, 2)): [170, 178, 34, 15, 2, 4, 4, 2]
(1, (0, 0, 1), (3, 0)): [76, 66, 14, 15, 7, 1, 1]
(1, (0, 0, 1), (3, 1)): [83, 94, 19, 14, 3, 1, 1]
(1, (0, 0, 1), (3, 2)): [119, 128, 17, 13, 1, 4, 3, 2]
(1, (0, 1, 0), (0, 0)): [3720, 1408, 581, 240, 99, 56, 13, 10, 4, 1, 1]
(1, (0, 1, 0), (0, 1)): [1596, 599, 222, 93, 35, 24, 5, 4, 1, 0, 1]
(1, (0, 1, 0), (0, 2)): [640, 198, 81, 33, 13, 7, 3, 2]
(1, (0, 1, 0), (1, 0)): [1732, 639, 303, 123, 55, 30, 4, 6, 3, 1]
(1, (0, 1, 0), (1, 1)): [1381, 544, 230, 89, 40, 25, 3, 2, 2, 0, 1]
(1, (0, 1, 0), (1, 2)): [912, 322, 117, 50, 22, 17, 3, 3]
(1, (0, 1, 0), (2, 0)): [766, 254, 126, 69, 28, 14, 2, 5, 1, 1]
(1, (0, 1, 0), (2, 1)): [829, 303, 150, 60, 21, 17, 1, 2, 1, 1, 1]
(1, (0, 1, 0), (2, 2)): [791, 284, 103, 55, 20, 18, 2, 3, 0, 0, 1]
(1, (0, 1, 0), (3, 0)): [371, 99, 54, 37, 17, 8, 1, 1, 1]
(1, (0, 1, 0), (3, 1)): [420, 147, 72, 37, 16, 5, 0, 1, 2]
(1, (0, 1, 0), (3, 2)): [523, 196, 75, 42, 14, 14, 1, 1, 0, 0, 1]
(1, (0, 1, 1), (0, 0)): [579, 484, 357, 150, 83, 33, 10, 9, 5]
(1, (0, 1, 1), (0, 1)): [242, 159, 124, 56, 24, 9, 2, 5, 2]
(1, (0, 1, 1), (0, 2)): [112, 53, 43, 22, 10, 2, 1, 4]
(1, (0, 1, 1), (1, 0)): [298, 252, 174, 72, 52, 19, 7, 4, 2]
(1, (0, 1, 1), (1, 1)): [202, 153, 108, 44, 27, 8, 3, 1, 3]
(1, (0, 1, 1), (1, 2)): [162, 93, 68, 30, 18, 3, 1, 4]
(1, (0, 1, 1), (2, 0)): [173, 136, 81, 44, 28, 16, 5, 3, 1]
(1, (0, 1, 1), (2, 1)): [115, 96, 58, 27, 12, 6, 2, 1, 2]
(1, (0, 1, 1), (2, 2)): [144, 84, 59, 27, 14, 4]
(1, (0, 1, 1), (3, 0)): [120, 83, 55, 29, 21, 12, 4, 1]
(1, (0, 1, 1), (3, 1)): [46, 46, 25, 13, 4, 3, 1, 1, 1]
(1, (0, 1, 1), (3, 2)): [81, 59, 31, 18, 14, 3, 0, 1]
(1, (1, 0, 0), (0, 0)): [9639, 1591, 1134, 511, 207, 95, 37, 17, 7, 1, 2]
(1, (1, 0, 0), (0, 1)): [4420, 684, 430, 185, 82, 36, 17, 3, 4, 1, 1]
(1, (1, 0, 0), (0, 2)): [1729, 216, 141, 58, 29, 14, 6]
(1, (1, 0, 0), (1, 0)): [3855, 667, 519, 235, 100, 44, 14, 7, 3, 0, 1]
(1, (1, 0, 0), (1, 1)): [3460, 579, 386, 182, 65, 34, 10, 3, 4, 0, 1]
(1, (1, 0, 0), (1, 2)): [2365, 337, 207, 104, 31, 13, 10, 1, 1]
(1, (1, 0, 0), (2, 0)): [1306, 236, 197, 95, 43, 14, 9, 4, 2]
(1, (1, 0, 0), (2, 1)): [1718, 308, 248, 110, 43, 23, 5, 4, 3, 0, 1]
(1, (1, 0, 0), (2, 2)): [1756, 279, 177, 83, 30, 17, 5, 3, 0, 0, 1]
(1, (1, 0, 0), (3, 0)): [368, 78, 52, 39, 19, 6, 3, 1, 1]
(1, (1, 0, 0), (3, 1)): [658, 149, 122, 60, 20, 7, 2, 2, 3]
(1, (1, 0, 0), (3, 2)): [936, 187, 121, 63, 18, 13, 1, 2]
(1, (1, 0, 1), (0, 0)): [842, 832, 252, 212, 87, 39, 17, 12, 3, 1]
(1, (1, 0, 1), (0, 1)): [358, 326, 95, 83, 35, 15, 5, 3, 1, 1]
(1, (1, 0, 1), (0, 2)): [154, 118, 30, 33, 13, 5, 2, 1, 1]
(1, (1, 0, 1), (1, 0)): [362, 354, 111, 87, 35, 17, 9, 7, 2]
(1, (1, 0, 1), (1, 1)): [299, 280, 88, 72, 26, 18, 7, 4]
(1, (1, 0, 1), (1, 2)): [202, 162, 47, 45, 17, 11, 1, 3]
(1, (1, 0, 1), (2, 0)): [127, 106, 41, 30, 15, 5, 2, 1, 1]
(1, (1, 0, 1), (2, 1)): [150, 144, 48, 34, 19, 7, 7, 0, 1]
(1, (1, 0, 1), (2, 2)): [142, 121, 35, 27, 19, 7, 4]
(1, (1, 0, 1), (3, 0)): [51, 31, 10, 11, 6, 2, 0, 1]
(1, (1, 0, 1), (3, 1)): [52, 62, 20, 17, 11, 2, 3, 1, 1]
(1, (1, 0, 1), (3, 2)): [66, 68, 20, 18, 17, 6, 3, 0, 1]
(1, (1, 1, 0), (0, 0)): [2997, 844, 567, 439, 173, 87, 37, 13, 6, 3, 3]
(1, (1, 1, 0), (0, 1)): [1396, 348, 221, 178, 79, 40, 8, 5, 3, 2, 1]
(1, (1, 1, 0), (0, 2)): [567, 125, 83, 60, 28, 11, 2]
(1, (1, 1, 0), (1, 0)): [1160, 383, 264, 192, 74, 34, 26, 7, 2, 1, 2]
(1, (1, 1, 0), (1, 1)): [1103, 305, 214, 150, 58, 30, 11, 8, 4, 3]
(1, (1, 1, 0), (1, 2)): [804, 178, 135, 80, 43, 15, 2, 2, 2, 1]
(1, (1, 1, 0), (2, 0)): [360, 129, 86, 59, 35, 18, 15, 0, 1, 0, 1]
(1, (1, 1, 0), (2, 1)): [515, 163, 125, 79, 30, 18, 14, 3, 0, 2]
(1, (1, 1, 0), (2, 2)): [563, 156, 116, 72, 40, 16, 10, 2, 0, 1]
(1, (1, 1, 0), (3, 0)): [102, 51, 22, 18, 16, 11, 8, 0, 0, 0, 1]
(1, (1, 1, 0), (3, 1)): [230, 81, 49, 33, 19, 14, 6, 1, 0, 0, 1]
(1, (1, 1, 0), (3, 2)): [305, 90, 66, 45, 26, 14, 7, 1]
(1, (1, 1, 1), (0, 0)): [674, 488, 271, 188, 158, 70, 31, 5, 1, 1]
(1, (1, 1, 1), (0, 1)): [348, 200, 98, 76, 57, 20, 13, 0, 0, 1]
(1, (1, 1, 1), (0, 2)): [159, 61, 31, 23, 23, 8, 6]
(1, (1, 1, 1), (1, 0)): [231, 201, 117, 80, 72, 31, 15, 2]
(1, (1, 1, 1), (1, 1)): [239, 170, 98, 74, 54, 22, 9, 1, 0, 1]
(1, (1, 1, 1), (1, 2)): [188, 107, 48, 43, 32, 13, 8]
(1, (1, 1, 1), (2, 0)): [59, 64, 37, 26, 25, 13, 5, 1]
(1, (1, 1, 1), (2, 1)): [107, 86, 44, 34, 31, 9, 2]
(1, (1, 1, 1), (2, 2)): [126, 87, 40, 36, 32, 9, 3]
(1, (1, 1, 1), (3, 0)): [10, 15, 8, 7, 7, 4, 5, 1]
(1, (1, 1, 1), (3, 1)): [22, 28, 20, 11, 13, 8, 4]
(1, (1, 1, 1), (3, 2)): [46, 53, 31, 24, 21, 6, 2]
(2, (0, 0, 0), (0, 0)): [24202, 1253, 387, 118, 44, 11, 2, 1, 1]
(2, (0, 0, 0), (0, 1)): [11538, 473, 146, 55, 14, 4, 0, 0, 1]
(2, (0, 0, 0), (0, 2)): [4455, 129, 43, 16, 5, 2]
(2, (0, 0, 0), (1, 0)): [10016, 594, 198, 50, 21, 3, 1, 1]
(2, (0, 0, 0), (1, 1)): [9887, 466, 157, 54, 18, 4, 0, 1, 1]
(2, (0, 0, 0), (1, 2)): [6700, 220, 84, 26, 8, 1, 0, 1]
(2, (0, 0, 0), (2, 0)): [3504, 240, 93, 20, 8]
(2, (0, 0, 0), (2, 1)): [5388, 313, 104, 32, 8, 2, 0, 0, 1]
(2, (0, 0, 0), (2, 2)): [5685, 212, 90, 20, 6, 2]
(2, (0, 0, 0), (3, 0)): [1060, 69, 51, 7, 2]
(2, (0, 0, 0), (3, 1)): [2229, 160, 77, 20, 2]
(2, (0, 0, 0), (3, 2)): [3237, 175, 81, 24, 6, 1]
(2, (0, 0, 1), (0, 0)): [2314, 551, 141, 52, 18, 8, 3, 0, 1]
(2, (0, 0, 1), (0, 1)): [1024, 211, 53, 13, 5, 2, 1]
(2, (0, 0, 1), (0, 2)): [416, 71, 17, 4, 1, 2]
(2, (0, 0, 1), (1, 0)): [1073, 280, 66, 30, 12, 6, 2, 0, 1]
(2, (0, 0, 1), (1, 1)): [919, 194, 46, 15, 6, 2, 1]
(2, (0, 0, 1), (1, 2)): [680, 108, 25, 7, 3, 2]
(2, (0, 0, 1), (2, 0)): [469, 121, 34, 22, 8, 4, 1]
(2, (0, 0, 1), (2, 1)): [529, 119, 33, 18, 4, 1, 1]
(2, (0, 0, 1), (2, 2)): [571, 106, 31, 10, 5, 1, 1]
(2, (0, 0, 1), (3, 0)): [226, 46, 19, 10, 6, 3, 1]
(2, (0, 0, 1), (3, 1)): [241, 56, 16, 15, 2]
(2, (0, 0, 1), (3, 2)): [368, 63, 29, 16, 5, 1]
(2, (0, 1, 0), (0, 0)): [5854, 1056, 351, 127, 47, 10, 2, 3, 1]
(2, (0, 1, 0), (0, 1)): [2522, 410, 127, 50, 14, 2, 0, 0, 1]
(2, (0, 1, 0), (0, 2)): [961, 127, 44, 17, 3, 1]
(2, (0, 1, 0), (1, 0)): [2804, 503, 178, 71, 23, 5, 2, 3]
(2, (0, 1, 0), (1, 1)): [2372, 406, 117, 46, 13, 0, 0, 1, 1]
(2, (0, 1, 0), (1, 2)): [1570, 226, 58, 26, 7, 1]
(2, (0, 1, 0), (2, 0)): [1233, 209, 89, 45, 15, 4, 2, 2]
(2, (0, 1, 0), (2, 1)): [1369, 237, 81, 36, 10, 1, 0, 1]
(2, (0, 1, 0), (2, 2)): [1422, 200, 62, 25, 9, 1]
(2, (0, 1, 0), (3, 0)): [624, 90, 45, 26, 9, 3, 1, 2]
(2, (0, 1, 0), (3, 1)): [640, 113, 50, 28, 11, 0, 1, 2]
(2, (0, 1, 0), (3, 2)): [923, 133, 49, 26, 13, 0, 0, 2]
(2, (0, 1, 1), (0, 0)): [1445, 104, 261, 100, 48, 14, 2, 3, 0, 1]
(2, (0, 1, 1), (0, 1)): [607, 30, 101, 37, 16, 2, 1, 1, 0, 1]
(2, (0, 1, 1), (0, 2)): [237, 8, 33, 15, 5, 0, 0, 0, 0, 1]
(2, (0, 1, 1), (1, 0)): [724, 66, 125, 51, 30, 12, 1, 2]
(2, (0, 1, 1), (1, 1)): [592, 29, 88, 31, 19, 5, 0, 1]
(2, (0, 1, 1), (1, 2)): [428, 13, 58, 16, 9, 2, 0, 0, 0, 1]
(2, (0, 1, 1), (2, 0)): [340, 42, 54, 27, 18, 7, 1, 2]
(2, (0, 1, 1), (2, 1)): [330, 24, 54, 22, 13, 4]
(2, (0, 1, 1), (2, 2)): [364, 23, 55, 17, 10, 4]
(2, (0, 1, 1), (3, 0)): [210, 30, 32, 14, 12, 5, 1, 2]
(2, (0, 1, 1), (3, 1)): [165, 14, 25, 13, 8, 1]
(2, (0, 1, 1), (3, 2)): [248, 21, 32, 14, 7, 5]
(2, (1, 0, 0), (0, 0)): [11528, 767, 595, 185, 73, 23, 7, 2, 2]
(2, (1, 0, 0), (0, 1)): [5142, 302, 220, 69, 28, 5, 2, 1, 1]
(2, (1, 0, 0), (0, 2)): [1994, 88, 51, 19, 9, 2, 0, 0, 1]
(2, (1, 0, 0), (1, 0)): [4836, 354, 284, 88, 38, 9, 5, 1]
(2, (1, 0, 0), (1, 1)): [4332, 273, 208, 66, 26, 4, 2, 1]
(2, (1, 0, 0), (1, 2)): [2862, 140, 96, 36, 15, 3, 1]
(2, (1, 0, 0), (2, 0)): [1612, 121, 104, 43, 16, 5, 2]
(2, (1, 0, 0), (2, 1)): [2265, 152, 122, 36, 12, 3]
(2, (1, 0, 0), (2, 2)): [2239, 130, 96, 33, 12, 2, 1]
(2, (1, 0, 0), (3, 0)): [452, 51, 35, 22, 5, 3, 2]
(2, (1, 0, 0), (3, 1)): [909, 83, 52, 23, 5, 3, 1]
(2, (1, 0, 0), (3, 2)): [1160, 101, 65, 28, 9, 2, 1]
(2, (1, 0, 1), (0, 0)): [2179, 428, 176, 144, 53, 21, 8, 0, 2]
(2, (1, 0, 1), (0, 1)): [964, 182, 67, 57, 24, 8, 2]
(2, (1, 0, 1), (0, 2)): [416, 51, 21, 17, 5, 1]
(2, (1, 0, 1), (1, 0)): [944, 183, 87, 62, 24, 10, 6]
(2, (1, 0, 1), (1, 1)): [822, 149, 66, 47, 22, 7, 2]
(2, (1, 0, 1), (1, 2)): [604, 68, 34, 28, 10, 6]
(2, (1, 0, 1), (2, 0)): [342, 67, 43, 29, 9, 7, 4]
(2, (1, 0, 1), (2, 1)): [431, 91, 49, 28, 17, 5, 4]
(2, (1, 0, 1), (2, 2)): [442, 59, 32, 25, 9, 4, 1]
(2, (1, 0, 1), (3, 0)): [114, 22, 15, 11, 3, 1, 2]
(2, (1, 0, 1), (3, 1)): [187, 38, 20, 13, 6, 2, 3]
(2, (1, 0, 1), (3, 2)): [253, 32, 19, 17, 6, 2, 3]
(2, (1, 1, 0), (0, 0)): [4842, 662, 352, 269, 89, 32, 13, 7, 1, 1, 1]
(2, (1, 1, 0), (0, 1)): [2262, 296, 119, 100, 23, 9, 1, 0, 0, 1, 1]
(2, (1, 1, 0), (0, 2)): [922, 89, 41, 33, 7, 4, 0, 0, 0, 1]
(2, (1, 1, 0), (1, 0)): [1979, 251, 174, 122, 58, 16, 8, 4, 1]
(2, (1, 1, 0), (1, 1)): [1855, 223, 122, 88, 29, 12, 2, 1, 1, 0, 1]
(2, (1, 1, 0), (1, 2)): [1303, 133, 71, 47, 13, 8, 0, 0, 1, 1]
(2, (1, 1, 0), (2, 0)): [711, 107, 75, 55, 28, 6, 4, 2]
(2, (1, 1, 0), (2, 1)): [988, 146, 81, 57, 25, 8, 3, 1]
(2, (1, 1, 0), (2, 2)): [1059, 121, 73, 47, 24, 8, 2, 0, 1]
(2, (1, 1, 0), (3, 0)): [221, 24, 25, 18, 13, 2, 3, 2]
(2, (1, 1, 0), (3, 1)): [406, 63, 45, 35, 17, 5, 2]
(2, (1, 1, 0), (3, 2)): [592, 74, 57, 31, 26, 7, 2, 0, 1]
(2, (1, 1, 1), (0, 0)): [1559, 203, 224, 125, 104, 30, 13, 5, 1]
(2, (1, 1, 1), (0, 1)): [786, 71, 91, 42, 45, 11, 6, 3, 1]
(2, (1, 1, 1), (0, 2)): [339, 22, 28, 14, 11, 2, 2]
(2, (1, 1, 1), (1, 0)): [575, 111, 100, 66, 44, 15, 4, 2]
(2, (1, 1, 1), (1, 1)): [613, 78, 85, 55, 36, 8, 4, 3, 1]
(2, (1, 1, 1), (1, 2)): [510, 41, 43, 22, 21, 2, 2, 0, 1]
(2, (1, 1, 1), (2, 0)): [147, 59, 32, 16, 21, 7]
(2, (1, 1, 1), (2, 1)): [236, 60, 39, 32, 20, 9, 1, 2]
(2, (1, 1, 1), (2, 2)): [314, 49, 41, 27, 17, 7, 0, 1, 1]
(2, (1, 1, 1), (3, 0)): [32, 41, 7, 8, 7, 1]
(2, (1, 1, 1), (3, 1)): [92, 43, 12, 14, 11, 4, 0, 1]
(2, (1, 1, 1), (3, 2)): [149, 47, 19, 23, 7, 7, 0, 2]
