(0, (0, 0, 0), (0, 0)): [90, 15, 11, 4, 2, 1]
(0, (0, 0, 1), (0, 0)): [0, 1, 1]
(0, (0, 1, 0), (0, 0)): [5, 4, 1, 0, 1]
(0, (0, 1, 1), (0, 0)): [1, 0, 1]
(0, (1, 0, 0), (0, 0)): [16, 6, 4, 3, 0, 1]
(0, (1, 0, 1), (0, 0)): [1, 1, 3, 1, 1, 1]
(0, (1, 1, 0), (0, 0)): [2, 2, 0, 2]
(0, (1, 1, 1), (0, 0)): [0, 0, 0, 1]
(1, (0, 0, 0), (0, 0)): [73, 6, 7, 1, 1]
(1, (0, 0, 1), (0, 0)): [2, 3, 1, 1]
(1, (0, 1, 0), (0, 0)): [18, 7, 1, 1]
(1, (0, 1, 1), (0, 0)): [2, 3, 2, 0, 0, 1]
(1, (1, 0, 0), (0, 0)): [22, 5, 5, 1, 1]
(1, (1, 0, 1), (0, 0)): [1, 1, 1, 0, 1]
(1, (1, 1, 0), (0, 0)): [6, 2, 3, 2]
(1, (1, 1, 1), (0, 0)): [0, 2, 1, 1]
(2, (0, 0, 0), (0, 0)): [64, 2, 1, 1]
(2, (0, 0, 1), (0, 0)): [10, 4]
(2, (0, 1, 0), (0, 0)): [29, 3]
(2, (0, 1, 1), (0, 0)): [8, 0, 2]
(2, (1, 0, 0), (0, 0)): [29, 3, 1, 1]
(2, (1, 0, 1), (0, 0)): [4, 1, 1]
(2, (1, 1, 0), (0, 0)): [11, 4, 1, 2]
(2, (1, 1, 1), (0, 0)): [3, 2, 2, 1]
