(0, (0, 0, 0)): [34446, 7125, 3278, 1602, 687, 315, 129, 45, 19, 10, 2, 4, 1]
(0, (0, 0, 1)): [81, 296, 90, 41, 24, 8, 2]
(0, (0, 1, 0)): [1336, 1221, 501, 275, 138, 55, 28, 14, 5, 3, 2, 1]
(0, (0, 1, 1)): [98, 206, 239, 121, 50, 26, 16, 5, 3, 4, 0, 1]
(0, (1, 0, 0)): [6578, 2162, 1490, 824, 383, 173, 72, 27, 15, 8, 2, 2]
(0, (1, 0, 1)): [155, 460, 200, 154, 90, 39, 18, 5, 3, 0, 1]
(0, (1, 1, 0)): [1037, 642, 455, 363, 194, 84, 35, 16, 6, 5, 2, 1]
(0, (1, 1, 1)): [90, 198, 169, 107, 90, 45, 14, 8, 4, 2, 3]
(1, (0, 0, 0)): [26632, 3307, 1332, 545, 204, 100, 31, 10, 0, 0, 0, 1]
(1, (0, 0, 1)): [709, 996, 188, 112, 36, 10, 9, 4, 1, 1]
(1, (0, 1, 0)): [3793, 1512, 608, 263, 113, 45, 20, 7, 1]
(1, (0, 1, 1)): [541, 496, 394, 166, 81, 39, 12, 8, 2, 1]
(1, (1, 0, 0)): [9519, 1713, 1210, 574, 224, 101, 40, 9, 2, 1, 1, 1]
(1, (1, 0, 1)): [840, 874, 323, 216, 88, 43, 18, 6, 2]
(1, (1, 1, 0)): [2853, 851, 517, 464, 201, 88, 32, 6, 6, 3, 0, 1]
(1, (1, 1, 1)): [587, 444, 306, 188, 143, 63, 30, 8, 6, 0, 0, 1]
(2, (0, 0, 0)): [23641, 1271, 426, 123, 41, 20, 2]
(2, (0, 0, 1)): [2385, 603, 138, 65, 19, 3, 3, 1, 2]
(2, (0, 1, 0)): [6080, 1186, 370, 130, 50, 13, 7, 1]
(2, (0, 1, 1)): [1464, 110, 271, 98, 35, 11, 3, 2]
(2, (1, 0, 0)): [11549, 803, 650, 207, 61, 26, 5, 2, 0, 0, 1]
(2, (1, 0, 1)): [2250, 512, 172, 170, 51, 20, 3, 2, 1, 0, 1]
(2, (1, 1, 0)): [4733, 668, 363, 273, 89, 34, 8, 1]
(2, (1, 1, 1)): [1499, 221, 246, 131, 98, 36, 8, 2, 1]
