(0, (0, 0, 0), (0, 0)): [61, 12, 4, 1]
(0, (0, 0, 1), (0, 0)): [1, 1]
(0, (0, 1, 0), (0, 0)): [3, 2]
(0, (1, 0, 0), (0, 0)): [11, 3, 2]
(0, (1, 1, 0), (0, 0)): [1, 1]
(1, (0, 0, 0), (0, 0)): [50, 6, 1, 1]
(1, (0, 0, 1), (0, 0)): [2, 3]
(1, (0, 1, 0), (0, 0)): [9, 4]
(1, (0, 1, 1), (0, 0)): [1]
(1, (1, 0, 0), (0, 0)): [12, 3, 2, 1]
(1, (1, 0, 1), (0, 0)): [1, 3]
(1, (1, 1, 0), (0, 0)): [3, 0, 1, 1]
(1, (1, 1, 1), (0, 0)): [1]
(2, (0, 0, 0), (0, 0)): [44, 2, 1]
(2, (0, 0, 1), (0, 0)): [5, 1]
(2, (0, 1, 0), (0, 0)): [14, 3]
(2, (0, 1, 1), (0, 0)): [1, 0, 2]
(2, (1, 0, 0), (0, 0)): [23, 1, 1]
(2, (1, 0, 1), (0, 0)): [2]
(2, (1, 1, 0), (0, 0)): [8]
(2, (1, 1, 1), (0, 0)): [0, 0, 1]
