(0, (0, 0, 0), (0, 0)): [33890, 6737, 3037, 1368, 591, 241, 116, 27, 23, 8, 3, 0, 1]
(0, (0, 0, 0), (0, 1)): [17846, 3565, 1642, 718, 334, 138, 68, 17, 12, 3, 1, 0, 1]
(0, (0, 0, 0), (0, 2)): [8355, 1589, 764, 308, 157, 65, 25, 12, 4, 1, 1, 0, 1]
(0, (0, 0, 0), (1, 0)): [12762, 2534, 1112, 513, 207, 84, 42, 8, 7, 4, 1]
(0, (0, 0, 0), (1, 1)): [13819, 2789, 1249, 573, 224, 96, 51, 6, 9, 4, 1]
(0, (0, 0, 0), (1, 2)): [11102, 2197, 1032, 461, 195, 87, 35, 9, 6, 1, 1, 0, 1]
(0, (0, 0, 0), (2, 0)): [3266, 647, 276, 149, 57, 18, 10, 4, 1]
(0, (0, 0, 0), (2, 1)): [5993, 1186, 558, 237, 107, 36, 24, 1, 7, 3]
(0, (0, 0, 0), (2, 2)): [7912, 1551, 727, 324, 136, 57, 28, 2, 8, 2, 1]
(0, (0, 0, 0), (3, 0)): [738, 132, 61, 30, 8, 5, 3, 1]
(0, (0, 0, 0), (3, 1)): [1928, 382, 180, 87, 32, 18, 9, 1, 1]
(0, (0, 0, 0), (3, 2)): [3747, 710, 319, 136, 68, 30, 15, 1, 4]
(0, (0, 0, 1), (0, 0)): [69, 269, 81, 36, 27, 9, 3]
(0, (0, 0, 1), (0, 1)): [38, 153, 41, 22, 17, 7]
(0, (0, 0, 1), (0, 2)): [16, 72, 23, 9, 10, 5]
(0, (0, 0, 1), (1, 0)): [28, 93, 28, 12, 7, 2, 2]
(0, (0, 0, 1), (1, 1)): [25, 115, 28, 16, 10, 4, 1]
(0, (0, 0, 1), (1, 2)): [10, 95, 32, 15, 9, 5, 1]
(0, (0, 0, 1), (2, 0)): [8, 24, 5, 4, 1, 0, 1]
(0, (0, 0, 1), (2, 1)): [15, 49, 13, 6, 4, 2]
(0, (0, 0, 1), (2, 2)): [11, 65, 17, 6, 6, 6, 1]
(0, (0, 0, 1), (3, 0)): [1, 1, 0, 2, 0, 0, 1]
(0, (0, 0, 1), (3, 1)): [6, 12, 3, 2, 1, 0, 1]
(0, (0, 0, 1), (3, 2)): [9, 16, 8, 3, 3, 2]
(0, (0, 1, 0), (0, 0)): [1429, 1228, 483, 229, 118, 45, 16, 5, 6]
(0, (0, 1, 0), (0, 1)): [759, 645, 267, 114, 69, 19, 9, 4, 3]
(0, (0, 1, 0), (0, 2)): [339, 290, 128, 59, 25, 8, 4, 3, 1]
(0, (0, 1, 0), (1, 0)): [515, 467, 157, 93, 40, 17, 6, 1, 2]
(0, (0, 1, 0), (1, 1)): [594, 484, 178, 87, 53, 16, 6, 1, 4]
(0, (0, 1, 0), (1, 2)): [481, 388, 162, 79, 39, 9, 4, 1, 2]
(0, (0, 1, 0), (2, 0)): [122, 120, 42, 31, 9, 7, 3, 1]
(0, (0, 1, 0), (2, 1)): [241, 207, 81, 41, 18, 7, 3, 1, 2]
(0, (0, 1, 0), (2, 2)): [325, 270, 107, 50, 19, 7, 3, 0, 2]
(0, (0, 1, 0), (3, 0)): [28, 22, 7, 5, 1, 1, 1]
(0, (0, 1, 0), (3, 1)): [78, 61, 26, 13, 6, 5, 2, 1]
(0, (0, 1, 0), (3, 2)): [163, 127, 44, 18, 10, 6, 2, 1, 1]
(0, (0, 1, 1), (0, 0)): [100, 174, 206, 82, 44, 21, 11, 7, 1, 1]
(0, (0, 1, 1), (0, 1)): [44, 78, 116, 44, 24, 16, 5, 6, 0, 1]
(0, (0, 1, 1), (0, 2)): [22, 45, 56, 19, 10, 8, 3, 4]
(0, (0, 1, 1), (1, 0)): [45, 77, 69, 30, 18, 5, 5, 1]
(0, (0, 1, 1), (1, 1)): [39, 56, 90, 30, 20, 8, 5, 2]
(0, (0, 1, 1), (1, 2)): [27, 57, 85, 26, 17, 10, 5, 4]
(0, (0, 1, 1), (2, 0)): [14, 30, 20, 13, 3, 1]
(0, (0, 1, 1), (2, 1)): [22, 34, 34, 18, 5, 2]
(0, (0, 1, 1), (2, 2)): [21, 39, 52, 22, 8, 5, 2, 1]
(0, (0, 1, 1), (3, 0)): [4, 4, 3, 1, 1]
(0, (0, 1, 1), (3, 1)): [11, 19, 8, 6, 2]
(0, (0, 1, 1), (3, 2)): [17, 25, 27, 11, 3, 2]
(0, (1, 0, 0), (0, 0)): [6694, 1989, 1400, 680, 306, 132, 62, 17, 14, 6, 3]
(0, (1, 0, 0), (0, 1)): [3551, 1036, 758, 362, 180, 71, 38, 13, 8, 3, 1]
(0, (1, 0, 0), (0, 2)): [1683, 445, 372, 146, 84, 31, 13, 10, 4, 1, 1]
(0, (1, 0, 0), (1, 0)): [2481, 749, 506, 250, 106, 53, 21, 3, 4, 3, 1]
(0, (1, 0, 0), (1, 1)): [2739, 844, 561, 282, 115, 58, 29, 5, 4, 3, 1]
(0, (1, 0, 0), (1, 2)): [2259, 618, 487, 228, 111, 51, 24, 8, 4, 0, 1]
(0, (1, 0, 0), (2, 0)): [620, 204, 128, 73, 34, 10, 3, 0, 1]
(0, (1, 0, 0), (2, 1)): [1160, 387, 252, 113, 53, 18, 8, 1, 5, 3]
(0, (1, 0, 0), (2, 2)): [1593, 463, 346, 167, 82, 32, 15, 3, 5, 2, 1]
(0, (1, 0, 0), (3, 0)): [138, 48, 26, 14, 5, 5, 2]
(0, (1, 0, 0), (3, 1)): [362, 130, 73, 37, 19, 12, 5, 0, 1]
(0, (1, 0, 0), (3, 2)): [763, 217, 139, 68, 39, 22, 8, 2, 4]
(0, (1, 0, 1), (0, 0)): [156, 400, 165, 117, 74, 20, 13, 5, 5, 1, 1]
(0, (1, 0, 1), (0, 1)): [81, 212, 94, 59, 48, 11, 6, 2, 1]
(0, (1, 0, 1), (0, 2)): [36, 103, 46, 26, 21, 4, 2, 2, 1]
(0, (1, 0, 1), (1, 0)): [57, 139, 58, 46, 20, 5, 7, 1, 2, 1, 1]
(0, (1, 0, 1), (1, 1)): [68, 156, 68, 48, 32, 8, 4, 1, 1, 0, 1]
(0, (1, 0, 1), (1, 2)): [48, 144, 58, 32, 26, 7, 3, 1, 1, 0, 1]
(0, (1, 0, 1), (2, 0)): [16, 39, 15, 16, 7, 2, 1, 0, 1]
(0, (1, 0, 1), (2, 1)): [34, 58, 30, 23, 12, 3, 1, 0, 1]
(0, (1, 0, 1), (2, 2)): [35, 94, 43, 21, 13, 4, 1, 0, 0, 0, 1]
(0, (1, 0, 1), (3, 0)): [1, 6, 1, 2, 1]
(0, (1, 0, 1), (3, 1)): [9, 15, 7, 5, 5, 2, 1]
(0, (1, 0, 1), (3, 2)): [17, 37, 24, 12, 9, 3, 2]
(0, (1, 1, 0), (0, 0)): [1012, 543, 397, 298, 149, 76, 30, 9, 8, 3]
(0, (1, 1, 0), (0, 1)): [555, 279, 203, 166, 80, 40, 21, 7, 4, 1]
(0, (1, 1, 0), (0, 2)): [254, 120, 103, 70, 36, 19, 8, 5, 2, 1]
(0, (1, 1, 0), (1, 0)): [365, 210, 147, 98, 56, 32, 7, 1, 4, 2]
(0, (1, 1, 0), (1, 1)): [424, 224, 159, 119, 56, 27, 8, 2, 2, 2]
(0, (1, 1, 0), (1, 2)): [345, 165, 135, 104, 52, 22, 9, 3, 3, 1]
(0, (1, 1, 0), (2, 0)): [86, 61, 42, 21, 16, 5, 2]
(0, (1, 1, 0), (2, 1)): [175, 109, 73, 40, 24, 9, 1, 1, 1, 1]
(0, (1, 1, 0), (2, 2)): [232, 129, 90, 75, 35, 12, 4, 2, 2, 2]
(0, (1, 1, 0), (3, 0)): [23, 11, 9, 3, 3, 2, 2]
(0, (1, 1, 0), (3, 1)): [56, 31, 26, 10, 13, 6, 2]
(0, (1, 1, 0), (3, 2)): [104, 65, 35, 28, 22, 8, 4, 2, 1]
(0, (1, 1, 1), (0, 0)): [118, 172, 141, 104, 87, 33, 17, 4, 4]
(0, (1, 1, 1), (0, 1)): [55, 86, 70, 55, 45, 16, 9, 3, 2]
(0, (1, 1, 1), (0, 2)): [22, 37, 27, 28, 18, 8, 4, 2, 1]
(0, (1, 1, 1), (1, 0)): [50, 71, 58, 41, 37, 13, 6, 1, 2]
(0, (1, 1, 1), (1, 1)): [46, 67, 64, 34, 38, 11, 5, 1]
(0, (1, 1, 1), (1, 2)): [32, 52, 50, 39, 33, 9, 5, 1, 1]
(0, (1, 1, 1), (2, 0)): [15, 21, 13, 13, 11, 0, 1, 1, 1]
(0, (1, 1, 1), (2, 1)): [27, 39, 25, 19, 11, 1, 1, 2, 1]
(0, (1, 1, 1), (2, 2)): [27, 41, 27, 22, 14, 3, 1]
(0, (1, 1, 1), (3, 0)): [3, 0, 2, 1, 2, 0, 1]
(0, (1, 1, 1), (3, 1)): [9, 6, 5, 6, 10, 0, 1]
(0, (1, 1, 1), (3, 2)): [17, 15, 11, 11, 9, 1, 1]
(1, (0, 0, 0), (0, 0)): [28068, 3119, 1224, 500, 190, 59, 36, 8, 5, 2, 0, 0, 1]
(1, (0, 0, 0), (0, 1)): [14747, 1646, 662, 264, 99, 44, 19, 4, 2, 0, 0, 0, 1]
(1, (0, 0, 0), (0, 2)): [6876, 741, 295, 118, 45, 22, 6, 1, 0, 0, 0, 0, 1]
(1, (0, 0, 0), (1, 0)): [10632, 1176, 457, 191, 71, 11, 16, 3, 2, 1]
(1, (0, 0, 0), (1, 1)): [11436, 1295, 522, 215, 75, 18, 14, 1, 3, 1]
(1, (0, 0, 0), (1, 2)): [9113, 1019, 416, 170, 57, 19, 7, 1, 1, 1, 0, 0, 1]
(1, (0, 0, 0), (2, 0)): [2735, 284, 111, 53, 16, 4, 5, 3]
(1, (0, 0, 0), (2, 1)): [5035, 535, 234, 88, 38, 11, 12, 1, 2]
(1, (0, 0, 0), (2, 2)): [6537, 719, 293, 119, 43, 13, 10, 0, 3]
(1, (0, 0, 0), (3, 0)): [612, 51, 26, 10, 4, 0, 0, 1]
(1, (0, 0, 0), (3, 1)): [1636, 169, 78, 38, 8, 5, 2, 1]
(1, (0, 0, 0), (3, 2)): [3081, 334, 133, 55, 22, 6, 4]
(1, (0, 0, 1), (0, 0)): [695, 959, 197, 88, 28, 12, 8, 2]
(1, (0, 0, 1), (0, 1)): [360, 508, 114, 44, 15, 8, 3]
(1, (0, 0, 1), (0, 2)): [171, 244, 47, 24, 10, 5, 2]
(1, (0, 0, 1), (1, 0)): [258, 352, 68, 36, 9, 2, 5, 1]
(1, (0, 0, 1), (1, 1)): [270, 383, 81, 28, 8, 5, 4, 1]
(1, (0, 0, 1), (1, 2)): [233, 308, 70, 19, 5, 6, 4]
(1, (0, 0, 1), (2, 0)): [59, 88, 18, 15, 0, 0, 2]
(1, (0, 0, 1), (2, 1)): [109, 178, 34, 21, 5, 0, 3, 1]
(1, (0, 0, 1), (2, 2)): [148, 210, 46, 17, 5, 3, 5, 1]
(1, (0, 0, 1), (3, 0)): [13, 16, 3, 1]
(1, (0, 0, 1), (3, 1)): [35, 51, 14, 6, 2]
(1, (0, 0, 1), (3, 2)): [78, 90, 21, 11, 3, 1, 1]
(1, (0, 1, 0), (0, 0)): [3803, 1475, 552, 243, 89, 35, 20, 5, 3, 1]
(1, (0, 1, 0), (0, 1)): [2000, 813, 309, 128, 50, 19, 10, 1, 2]
(1, (0, 1, 0), (0, 2)): [961, 368, 139, 66, 23, 11, 5]
(1, (0, 1, 0), (1, 0)): [1435, 527, 188, 93, 30, 14, 9, 2, 1]
(1, (0, 1, 0), (1, 1)): [1513, 595, 229, 95, 38, 11, 9, 3, 3]
(1, (0, 1, 0), (1, 2)): [1245, 498, 182, 79, 30, 11, 6, 1]
(1, (0, 1, 0), (2, 0)): [347, 142, 47, 27, 6, 5, 2]
(1, (0, 1, 0), (2, 1)): [628, 247, 98, 43, 18, 4, 5, 2, 2]
(1, (0, 1, 0), (2, 2)): [859, 334, 117, 53, 22, 7, 6, 1, 2]
(1, (0, 1, 0), (3, 0)): [80, 33, 13, 7, 1, 1]
(1, (0, 1, 0), (3, 1)): [220, 83, 38, 20, 5, 3, 0, 1]
(1, (0, 1, 0), (3, 2)): [428, 155, 58, 27, 8, 5, 0, 1]
(1, (0, 1, 1), (0, 0)): [589, 414, 351, 148, 65, 34, 17, 2, 2, 2]
(1, (0, 1, 1), (0, 1)): [314, 212, 181, 77, 42, 24, 11, 1, 1, 1]
(1, (0, 1, 1), (0, 2)): [140, 106, 87, 32, 26, 12, 3, 1, 1, 1]
(1, (0, 1, 1), (1, 0)): [216, 168, 128, 59, 19, 9, 4, 0, 0, 1]
(1, (0, 1, 1), (1, 1)): [251, 163, 130, 63, 18, 12, 9, 0, 0, 1]
(1, (0, 1, 1), (1, 2)): [208, 127, 124, 45, 24, 11, 4, 1, 0, 1]
(1, (0, 1, 1), (2, 0)): [43, 41, 38, 15, 5, 2]
(1, (0, 1, 1), (2, 1)): [107, 64, 58, 25, 10, 4, 3, 0, 0, 1]
(1, (0, 1, 1), (2, 2)): [152, 93, 84, 36, 19, 6, 4, 0, 0, 1]
(1, (0, 1, 1), (3, 0)): [6, 4, 4, 4, 1, 1]
(1, (0, 1, 1), (3, 1)): [28, 18, 23, 9, 2, 3, 1]
(1, (0, 1, 1), (3, 2)): [66, 44, 45, 15, 7, 5, 1]
(1, (1, 0, 0), (0, 0)): [9914, 1637, 1108, 475, 172, 68, 33, 9, 5, 2, 2, 0, 1]
(1, (1, 0, 0), (0, 1)): [5239, 870, 610, 244, 102, 46, 19, 4, 2, 0, 1, 0, 1]
(1, (1, 0, 0), (0, 2)): [2441, 383, 273, 109, 43, 21, 7, 1, 0, 0, 1, 0, 1]
(1, (1, 0, 0), (1, 0)): [3701, 619, 403, 181, 56, 18, 11, 4, 2, 1]
(1, (1, 0, 0), (1, 1)): [4097, 713, 460, 203, 66, 28, 17, 2, 3, 1]
(1, (1, 0, 0), (1, 2)): [3324, 543, 370, 162, 61, 26, 8, 0, 1, 1, 0, 0, 1]
(1, (1, 0, 0), (2, 0)): [932, 141, 100, 48, 18, 6, 2, 3]
(1, (1, 0, 0), (2, 1)): [1741, 298, 203, 80, 34, 13, 11, 2, 2]
(1, (1, 0, 0), (2, 2)): [2329, 361, 258, 106, 46, 22, 10, 1, 3]
(1, (1, 0, 0), (3, 0)): [214, 26, 21, 11, 2, 1, 0, 1]
(1, (1, 0, 0), (3, 1)): [566, 80, 72, 37, 8, 5, 3, 1]
(1, (1, 0, 0), (3, 2)): [1096, 163, 118, 54, 22, 9, 3, 0, 1]
(1, (1, 0, 1), (0, 0)): [810, 880, 254, 198, 76, 36, 9, 3, 3, 0, 0, 1]
(1, (1, 0, 1), (0, 1)): [429, 469, 147, 105, 49, 21, 5, 1, 3, 0, 0, 1]
(1, (1, 0, 1), (0, 2)): [206, 211, 53, 48, 19, 10, 3, 1, 3, 0, 0, 1]
(1, (1, 0, 1), (1, 0)): [300, 323, 84, 76, 23, 15, 3, 1]
(1, (1, 0, 1), (1, 1)): [341, 365, 115, 80, 35, 13, 3, 1]
(1, (1, 0, 1), (1, 2)): [262, 293, 84, 59, 27, 13, 5, 1, 2, 0, 0, 1]
(1, (1, 0, 1), (2, 0)): [72, 89, 20, 21, 6, 7, 1]
(1, (1, 0, 1), (2, 1)): [147, 164, 45, 36, 12, 5, 1, 1]
(1, (1, 0, 1), (2, 2)): [182, 200, 71, 45, 22, 10, 2, 2]
(1, (1, 0, 1), (3, 0)): [19, 21, 5, 4, 1, 2]
(1, (1, 0, 1), (3, 1)): [46, 59, 16, 11, 1, 3]
(1, (1, 0, 1), (3, 2)): [84, 99, 27, 19, 6, 5, 1, 1]
(1, (1, 1, 0), (0, 0)): [2938, 755, 516, 402, 152, 68, 27, 8, 6, 3, 2, 0, 1]
(1, (1, 1, 0), (0, 1)): [1589, 421, 302, 206, 90, 42, 14, 3, 4, 1, 2, 0, 1]
(1, (1, 1, 0), (0, 2)): [747, 183, 137, 95, 37, 24, 8, 1, 0, 1, 2, 0, 1]
(1, (1, 1, 0), (1, 0)): [1069, 263, 168, 150, 49, 20, 11, 5, 2, 1]
(1, (1, 1, 0), (1, 1)): [1212, 320, 210, 165, 62, 26, 10, 4, 5, 1]
(1, (1, 1, 0), (1, 2)): [986, 247, 164, 131, 53, 27, 6, 2, 1, 1, 1, 0, 1]
(1, (1, 1, 0), (2, 0)): [276, 65, 34, 43, 12, 5, 4, 2]
(1, (1, 1, 0), (2, 1)): [527, 144, 86, 67, 22, 13, 7, 2, 3]
(1, (1, 1, 0), (2, 2)): [715, 183, 107, 82, 31, 22, 8, 1, 4]
(1, (1, 1, 0), (3, 0)): [67, 10, 6, 8, 1, 0, 2, 1]
(1, (1, 1, 0), (3, 1)): [185, 30, 28, 26, 5, 2, 3, 1]
(1, (1, 1, 0), (3, 2)): [345, 70, 40, 36, 18, 8, 2, 0, 2]
(1, (1, 1, 1), (0, 0)): [670, 405, 258, 163, 127, 57, 28, 8, 6, 1]
(1, (1, 1, 1), (0, 1)): [347, 220, 156, 90, 78, 35, 17, 3, 2]
(1, (1, 1, 1), (0, 2)): [147, 100, 71, 40, 33, 17, 7, 2, 1]
(1, (1, 1, 1), (1, 0)): [251, 140, 75, 64, 42, 18, 8, 2, 3, 1]
(1, (1, 1, 1), (1, 1)): [280, 154, 98, 63, 52, 17, 9, 3, 4, 1]
(1, (1, 1, 1), (1, 2)): [219, 130, 82, 50, 56, 20, 7, 2, 2, 1]
(1, (1, 1, 1), (2, 0)): [70, 44, 20, 18, 8, 5, 2]
(1, (1, 1, 1), (2, 1)): [138, 74, 41, 25, 12, 8, 5, 3, 2]
(1, (1, 1, 1), (2, 2)): [164, 93, 65, 35, 31, 12, 6, 3, 3]
(1, (1, 1, 1), (3, 0)): [12, 7, 3, 3, 0, 0, 1]
(1, (1, 1, 1), (3, 1)): [39, 18, 15, 8, 4, 2, 2]
(1, (1, 1, 1), (3, 2)): [81, 50, 31, 14, 16, 6, 2, 2, 2]
(2, (0, 0, 0), (0, 0)): [24502, 1177, 372, 127, 45, 6, 6, 1]
(2, (0, 0, 0), (0, 1)): [12904, 617, 199, 71, 20, 4, 3, 1]
(2, (0, 0, 0), (0, 2)): [5970, 272, 90, 23, 6, 2, 1, 1]
(2, (0, 0, 0), (1, 0)): [9253, 451, 142, 48, 18, 2, 3]
(2, (0, 0, 0), (1, 1)): [10012, 497, 160, 63, 20, 2, 1]
(2, (0, 0, 0), (1, 2)): [7951, 376, 119, 36, 10, 0, 2, 1]
(2, (0, 0, 0), (2, 0)): [2392, 110, 31, 10, 5, 1, 1]
(2, (0, 0, 0), (2, 1)): [4408, 201, 79, 29, 11, 3, 1]
(2, (0, 0, 0), (2, 2)): [5748, 279, 97, 39, 11, 1]
(2, (0, 0, 0), (3, 0)): [535, 21, 5, 3, 2]
(2, (0, 0, 0), (3, 1)): [1424, 65, 17, 11, 5, 2, 1]
(2, (0, 0, 0), (3, 2)): [2700, 118, 29, 18, 9, 2, 1]
(2, (0, 0, 1), (0, 0)): [2337, 535, 112, 42, 15, 2, 1]
(2, (0, 0, 1), (0, 1)): [1242, 280, 59, 24, 8, 1, 1]
(2, (0, 0, 1), (0, 2)): [621, 119, 31, 14, 5, 0, 1]
(2, (0, 0, 1), (1, 0)): [878, 205, 45, 17, 6, 1]
(2, (0, 0, 1), (1, 1)): [903, 241, 43, 15, 6]
(2, (0, 0, 1), (1, 2)): [778, 177, 35, 13, 4, 0, 1]
(2, (0, 0, 1), (2, 0)): [224, 56, 14, 5, 1, 1]
(2, (0, 0, 1), (2, 1)): [392, 97, 18, 8, 3]
(2, (0, 0, 1), (2, 2)): [528, 116, 23, 8, 3]
(2, (0, 0, 1), (3, 0)): [48, 8, 4, 0, 0, 1]
(2, (0, 0, 1), (3, 1)): [128, 30, 8, 3, 1, 1]
(2, (0, 0, 1), (3, 2)): [266, 54, 10, 4, 1, 1]
(2, (0, 1, 0), (0, 0)): [6131, 1120, 326, 134, 30, 9, 8, 0, 0, 1]
(2, (0, 1, 0), (0, 1)): [3265, 614, 187, 67, 18, 5, 6]
(2, (0, 1, 0), (0, 2)): [1491, 294, 82, 27, 7, 0, 1]
(2, (0, 1, 0), (1, 0)): [2327, 399, 112, 48, 9, 4, 1]
(2, (0, 1, 0), (1, 1)): [2552, 444, 142, 58, 12, 5, 3]
(2, (0, 1, 0), (1, 2)): [2040, 389, 118, 48, 14, 2]
(2, (0, 1, 0), (2, 0)): [594, 109, 22, 15, 4, 1]
(2, (0, 1, 0), (2, 1)): [1100, 170, 49, 23, 6, 4, 3]
(2, (0, 1, 0), (2, 2)): [1406, 251, 72, 34, 12, 3, 1]
(2, (0, 1, 0), (3, 0)): [130, 30, 6, 4, 1]
(2, (0, 1, 0), (3, 1)): [355, 56, 19, 8, 2, 1, 1]
(2, (0, 1, 0), (3, 2)): [654, 102, 26, 17, 7, 2, 1]
(2, (0, 1, 1), (0, 0)): [1465, 102, 251, 72, 39, 6, 6, 0, 1, 1]
(2, (0, 1, 1), (0, 1)): [789, 53, 143, 39, 28, 4, 3, 0, 1, 1]
(2, (0, 1, 1), (0, 2)): [383, 23, 64, 20, 14, 3, 2, 0, 0, 1]
(2, (0, 1, 1), (1, 0)): [537, 35, 85, 25, 8, 1, 3]
(2, (0, 1, 1), (1, 1)): [589, 43, 103, 32, 13, 2, 1, 0, 1]
(2, (0, 1, 1), (1, 2)): [511, 32, 73, 30, 10, 1]
(2, (0, 1, 1), (2, 0)): [131, 10, 18, 6, 2, 0, 2]
(2, (0, 1, 1), (2, 1)): [235, 17, 47, 8, 10, 1, 3, 0, 1]
(2, (0, 1, 1), (2, 2)): [342, 28, 54, 20, 7, 1, 1, 0, 1]
(2, (0, 1, 1), (3, 0)): [29, 2, 2, 3]
(2, (0, 1, 1), (3, 1)): [89, 4, 14, 4, 3, 0, 2]
(2, (0, 1, 1), (3, 2)): [173, 12, 26, 6, 4, 0, 1]
(2, (1, 0, 0), (0, 0)): [11705, 815, 585, 188, 55, 15, 9, 2]
(2, (1, 0, 0), (0, 1)): [6159, 425, 322, 108, 27, 12, 3, 1]
(2, (1, 0, 0), (0, 2)): [2821, 200, 146, 45, 9, 6, 1]
(2, (1, 0, 0), (1, 0)): [4373, 310, 217, 63, 21, 2, 6]
(2, (1, 0, 0), (1, 1)): [4877, 343, 248, 79, 21, 7, 6]
(2, (1, 0, 0), (1, 2)): [3851, 274, 186, 62, 13, 5, 3]
(2, (1, 0, 0), (2, 0)): [1103, 65, 58, 18, 7, 0, 1]
(2, (1, 0, 0), (2, 1)): [2158, 138, 119, 33, 13, 4, 4]
(2, (1, 0, 0), (2, 2)): [2746, 177, 152, 48, 13, 2, 4]
(2, (1, 0, 0), (3, 0)): [239, 8, 11, 5, 2]
(2, (1, 0, 0), (3, 1)): [701, 35, 29, 15, 6, 3, 1]
(2, (1, 0, 0), (3, 2)): [1296, 71, 59, 22, 5, 3, 2]
(2, (1, 0, 1), (0, 0)): [2151, 428, 190, 132, 32, 14, 2, 0, 1, 1]
(2, (1, 0, 1), (0, 1)): [1163, 216, 92, 71, 20, 9, 0, 0, 1, 1]
(2, (1, 0, 1), (0, 2)): [549, 91, 42, 37, 12, 1, 0, 0, 0, 1]
(2, (1, 0, 1), (1, 0)): [791, 169, 86, 49, 10, 4, 2]
(2, (1, 0, 1), (1, 1)): [861, 179, 84, 55, 13, 6, 1, 0, 1]
(2, (1, 0, 1), (1, 2)): [716, 128, 53, 46, 11, 2]
(2, (1, 0, 1), (2, 0)): [213, 46, 19, 13, 2, 1, 1]
(2, (1, 0, 1), (2, 1)): [377, 84, 35, 28, 8, 4, 2]
(2, (1, 0, 1), (2, 2)): [494, 101, 43, 35, 8, 3, 1]
(2, (1, 0, 1), (3, 0)): [54, 8, 4, 1, 2, 1]
(2, (1, 0, 1), (3, 1)): [131, 21, 14, 11, 6, 2, 1]
(2, (1, 0, 1), (3, 2)): [230, 37, 23, 21, 7, 3, 2]
(2, (1, 1, 0), (0, 0)): [4615, 607, 317, 249, 70, 22, 10, 2, 1, 1]
(2, (1, 1, 0), (0, 1)): [2461, 329, 183, 130, 43, 13, 4, 1, 1]
(2, (1, 1, 0), (0, 2)): [1123, 160, 84, 53, 12, 6, 1]
(2, (1, 1, 0), (1, 0)): [1714, 223, 105, 93, 21, 6, 5]
(2, (1, 1, 0), (1, 1)): [1933, 243, 115, 107, 30, 10, 6, 0, 1]
(2, (1, 1, 0), (1, 2)): [1524, 209, 99, 88, 22, 6, 2]
(2, (1, 1, 0), (2, 0)): [431, 50, 33, 25, 8, 1]
(2, (1, 1, 0), (2, 1)): [862, 99, 60, 46, 17, 6, 5]
(2, (1, 1, 0), (2, 2)): [1128, 143, 75, 61, 22, 6, 6]
(2, (1, 1, 0), (3, 0)): [95, 5, 3, 6, 2]
(2, (1, 1, 0), (3, 1)): [264, 30, 15, 20, 6, 2]
(2, (1, 1, 0), (3, 2)): [528, 53, 29, 31, 11, 3, 1]
(2, (1, 1, 1), (0, 0)): [1434, 183, 224, 106, 84, 30, 10, 4, 3, 2]
(2, (1, 1, 1), (0, 1)): [786, 101, 124, 52, 52, 16, 3, 1, 1, 1]
(2, (1, 1, 1), (0, 2)): [352, 46, 51, 21, 18, 6, 2, 0, 0, 1]
(2, (1, 1, 1), (1, 0)): [505, 62, 86, 44, 24, 10, 7, 1, 1]
(2, (1, 1, 1), (1, 1)): [600, 63, 94, 43, 32, 14, 4, 2, 2]
(2, (1, 1, 1), (1, 2)): [487, 54, 79, 42, 22, 9, 2, 1, 1]
(2, (1, 1, 1), (2, 0)): [117, 22, 23, 14, 10, 0, 3]
(2, (1, 1, 1), (2, 1)): [241, 22, 38, 19, 23, 6, 4]
(2, (1, 1, 1), (2, 2)): [344, 42, 54, 31, 25, 7, 2]
(2, (1, 1, 1), (3, 0)): [32, 4, 2, 3, 2, 0, 1]
(2, (1, 1, 1), (3, 1)): [72, 9, 11, 9, 8, 2, 3]
(2, (1, 1, 1), (3, 2)): [166, 20, 25, 12, 17, 4, 2]
