(0, (0, 0, 0), (0, 0)): [167616, 33610, 15444, 7030, 3178, 1375, 589, 238, 88, 42, 21, 3, 5, 3, 2]
(0, (0, 0, 0), (0, 1)): [148, 36, 18, 8, 6, 1, 0, 0, 0, 1]
(0, (0, 0, 0), (0, 2)): [70, 14, 9, 2, 1]
(0, (0, 0, 0), (1, 0)): [171, 54, 25, 12, 6, 5, 1, 1, 0, 1]
(0, (0, 0, 0), (2, 0)): [109, 29, 19, 9, 4, 5, 0, 0, 0, 1]
(0, (0, 0, 0), (3, 0)): [82, 18, 16, 8, 4, 5]
(0, (0, 0, 1), (0, 0)): [849, 2708, 799, 361, 184, 64, 39, 23, 3, 2, 0, 0, 2]
(0, (0, 0, 1), (0, 1)): [0, 3, 1]
(0, (0, 0, 1), (0, 2)): [0, 2]
(0, (0, 1, 0), (0, 0)): [5157, 5495, 2089, 943, 480, 225, 88, 36, 23, 11, 4]
(0, (0, 1, 0), (0, 1)): [2, 5, 0, 0, 0, 1]
(0, (0, 1, 0), (0, 2)): [0, 2, 0, 0, 0, 1]
(0, (0, 1, 1), (0, 0)): [453, 879, 1140, 511, 276, 130, 58, 24, 10, 2, 1, 1, 0, 1, 1]
(0, (1, 0, 0), (0, 0)): [37887, 13538, 8050, 4020, 1857, 834, 374, 151, 54, 26, 16, 2, 4, 3, 2]
(0, (1, 0, 0), (0, 1)): [27, 6, 12, 2, 1, 1, 1, 1]
(0, (1, 0, 0), (0, 2)): [10, 2, 8, 0, 1, 1, 0, 1]
(0, (1, 0, 0), (1, 0)): [34, 15, 13, 4, 1]
(0, (1, 0, 0), (1, 1)): [16, 6, 5, 3]
(0, (1, 0, 0), (2, 0)): [19, 10, 6, 2, 1]
(0, (1, 0, 0), (2, 1)): [15, 4, 3, 2]
(0, (1, 0, 1), (0, 0)): [883, 2577, 1203, 802, 453, 198, 106, 39, 19, 10, 3, 3, 1, 0, 1]
(0, (1, 1, 0), (0, 0)): [4865, 3257, 2683, 1774, 956, 451, 208, 94, 32, 18, 14, 0, 1, 1]
(0, (1, 1, 0), (0, 1)): [11, 3, 4, 3, 1]
(0, (1, 1, 1), (0, 0)): [522, 925, 778, 666, 541, 265, 112, 57, 21, 13, 8, 0, 0, 1, 1]
(1, (0, 0, 0), (0, 0)): [131769, 13982, 5595, 2190, 903, 365, 131, 50, 13, 9, 3, 1]
(1, (0, 0, 0), (0, 1)): [112, 18, 8, 1]
(1, (0, 0, 0), (0, 2)): [73, 8, 5]
(1, (0, 0, 0), (1, 0)): [133, 16, 9, 3, 3]
(1, (0, 0, 0), (1, 2)): [46, 8, 1, 1]
(1, (0, 0, 0), (2, 0)): [75, 10, 6, 0, 2]
(1, (0, 0, 0), (3, 0)): [50, 4, 1, 0, 1]
(1, (0, 0, 1), (0, 0)): [4657, 7237, 1429, 563, 255, 101, 36, 21, 7, 1, 0, 2, 1]
(1, (0, 0, 1), (0, 1)): [4, 5, 1]
(1, (0, 0, 1), (0, 2)): [1, 3]
(1, (0, 0, 1), (1, 0)): [3, 7, 5, 0, 1]
(1, (0, 0, 1), (1, 1)): [4, 3, 2]
(1, (0, 0, 1), (2, 0)): [2, 5, 4, 0, 1]
(1, (0, 0, 1), (3, 0)): [2, 5, 3, 0, 1]
(1, (0, 1, 0), (0, 0)): [20149, 10060, 3370, 1360, 527, 215, 86, 35, 6, 4, 1, 2, 2]
(1, (0, 1, 1), (0, 0)): [3333, 2913, 3083, 1167, 510, 209, 82, 30, 10, 5, 3, 2, 0, 1]
(1, (0, 1, 1), (0, 1)): [4, 2, 2, 2]
(1, (0, 1, 1), (0, 2)): [3, 0, 0, 1]
(1, (0, 1, 1), (1, 0)): [3, 2, 2, 1, 3, 1]
(1, (0, 1, 1), (2, 0)): [2, 2, 1, 1, 2, 1]
(1, (0, 1, 1), (3, 0)): [2, 2, 1, 0, 2, 1]
(1, (1, 0, 0), (0, 0)): [54473, 10358, 5922, 2592, 1007, 442, 150, 57, 20, 11, 5, 3, 1, 2]
(1, (1, 0, 0), (1, 0)): [63, 20, 16, 5, 2, 1, 0, 1]
(1, (1, 0, 0), (2, 0)): [27, 13, 10, 4, 2, 1]
(1, (1, 0, 0), (2, 1)): [36, 6, 8, 3, 0, 2, 0, 1]
(1, (1, 0, 0), (3, 0)): [14, 8, 4, 2, 2]
(1, (1, 0, 0), (3, 1)): [16, 2, 4, 4, 0, 1, 0, 1]
(1, (1, 0, 1), (0, 0)): [4297, 5485, 2027, 1160, 497, 229, 77, 34, 10, 11, 4, 1]
(1, (1, 1, 0), (0, 0)): [13612, 4384, 3062, 2079, 868, 377, 134, 55, 26, 9, 3, 2, 0, 3]
(1, (1, 1, 0), (1, 0)): [16, 2, 7, 5, 4]
(1, (1, 1, 0), (2, 0)): [10, 2, 4, 2, 4]
(1, (1, 1, 0), (3, 0)): [5, 1, 3, 1, 2]
(1, (1, 1, 1), (0, 0)): [2571, 2165, 1383, 1015, 671, 298, 112, 52, 16, 4, 1, 0, 0, 1]
(2, (0, 0, 0), (0, 0)): [112629, 4627, 1492, 478, 170, 58, 18, 9, 1, 1, 1]
(2, (0, 0, 0), (0, 1)): [118, 13, 2, 1]
(2, (0, 0, 0), (0, 2)): [58, 6, 1, 1]
(2, (0, 0, 0), (1, 0)): [183, 15, 5, 4, 1]
(2, (0, 0, 0), (2, 0)): [95, 8, 1, 3, 1]
(2, (0, 0, 0), (3, 0)): [50, 3, 1, 2, 1]
(2, (0, 0, 1), (0, 0)): [14611, 4955, 841, 260, 87, 39, 16]
(2, (0, 1, 0), (0, 0)): [32887, 7530, 1824, 587, 181, 67, 20, 7, 1, 1]
(2, (0, 1, 0), (0, 1)): [19, 2, 0, 0, 1]
(2, (0, 1, 0), (0, 2)): [10, 0, 0, 0, 1]
(2, (0, 1, 0), (1, 0)): [37, 11, 5, 2, 1]
(2, (0, 1, 0), (2, 0)): [24, 6, 4, 2, 1]
(2, (0, 1, 0), (3, 0)): [15, 6, 3, 1, 1]
(2, (0, 1, 0), (3, 1)): [15, 3, 0, 0, 1]
(2, (0, 1, 0), (3, 2)): [18, 2, 1, 0, 1]
(2, (0, 1, 1), (0, 0)): [8703, 767, 2065, 527, 180, 58, 19, 5, 3, 1, 1]
(2, (1, 0, 0), (0, 0)): [66186, 5221, 2585, 857, 286, 88, 34, 14, 3, 0, 1]
(2, (1, 0, 0), (0, 1)): [45, 0, 2, 1]
(2, (1, 0, 0), (0, 2)): [20, 0, 1]
(2, (1, 0, 0), (1, 0)): [51, 6, 3, 3]
(2, (1, 0, 0), (2, 0)): [25, 2, 0, 2]
(2, (1, 0, 0), (3, 0)): [14, 2, 0, 2]
(2, (1, 0, 1), (0, 0)): [11355, 3203, 1377, 640, 202, 79, 29, 8, 4, 0, 0, 1]
(2, (1, 1, 0), (0, 0)): [21356, 3397, 1857, 1062, 344, 115, 30, 12, 5, 1, 2, 0, 0, 1]
(2, (1, 1, 0), (0, 1)): [32, 4, 1, 1, 1]
(2, (1, 1, 0), (0, 2)): [15, 3, 1, 1]
(2, (1, 1, 1), (0, 0)): [6294, 996, 1071, 588, 363, 112, 40, 15, 7, 1, 2, 0, 0, 1]
(2, (1, 1, 1), (0, 1)): [10, 0, 3, 2, 1, 1]
(2, (1, 1, 1), (1, 0)): [12, 6, 2, 5, 0, 1]
(2, (1, 1, 1), (1, 1)): [6, 0, 3, 3]
(2, (1, 1, 1), (1, 2)): [5, 0, 2, 1, 0, 1]
(2, (1, 1, 1), (2, 0)): [8, 6, 1, 3, 0, 1]
(2, (1, 1, 1), (3, 0)): [5, 4, 0, 3, 0, 1]
(2, (1, 1, 1), (3, 1)): [5, 0, 0, 1]
(2, (1, 1, 1), (3, 2)): [4, 1, 0, 2]
