(0, (0, 0, 0)): [74714, 13317, 5683, 2458, 1035, 415, 158, 47, 21, 5, 7]
(0, (0, 0, 1)): [437, 1118, 329, 134, 58, 23, 11, 4, 1]
(0, (0, 1, 0)): [2235, 2185, 754, 348, 154, 52, 26, 5, 5, 2, 2]
(0, (0, 1, 1)): [202, 327, 387, 188, 76, 39, 15, 5]
(0, (1, 0, 0)): [16639, 5729, 2985, 1458, 608, 264, 92, 29, 13, 3, 6]
(0, (1, 0, 1)): [386, 899, 417, 246, 119, 41, 23, 7, 3]
(0, (1, 1, 0)): [2049, 1361, 1037, 667, 352, 143, 52, 18, 10, 4, 5]
(0, (1, 1, 1)): [239, 392, 318, 277, 186, 85, 39, 21, 11, 5, 4]
(1, (0, 0, 0)): [58737, 5372, 2063, 711, 293, 113, 35, 15, 4, 1, 1]
(1, (0, 0, 1)): [2348, 3220, 581, 212, 84, 32, 12, 4, 1]
(1, (0, 1, 0)): [9455, 4327, 1339, 512, 173, 60, 21, 10, 1]
(1, (0, 1, 1)): [1566, 1248, 1222, 464, 166, 76, 20, 6, 1]
(1, (1, 0, 0)): [22936, 4164, 2142, 865, 315, 144, 36, 13, 4, 1]
(1, (1, 0, 1)): [1585, 2021, 740, 386, 163, 59, 15, 6, 2, 1]
(1, (1, 1, 0)): [5616, 1719, 1192, 737, 283, 114, 31, 9, 4]
(1, (1, 1, 1)): [1093, 891, 537, 395, 228, 106, 35, 16, 3]
(2, (0, 0, 0)): [50728, 1690, 528, 137, 47, 16, 6, 3, 1, 0, 1]
(2, (0, 0, 1)): [6433, 2110, 308, 87, 24, 7, 6]
(2, (0, 1, 0)): [15558, 3272, 727, 224, 53, 20, 3, 3]
(2, (0, 1, 1)): [3850, 376, 823, 197, 57, 20, 5, 1]
(2, (1, 0, 0)): [27561, 2000, 858, 241, 82, 27, 11, 4, 1, 0, 1]
(2, (1, 0, 1)): [4062, 1161, 534, 185, 53, 16, 5]
(2, (1, 1, 0)): [8338, 1222, 668, 329, 91, 29, 8, 5, 1, 0, 1]
(2, (1, 1, 1)): [2578, 419, 368, 197, 110, 34, 10, 3, 1, 1, 1]
