(0, (0, 0, 0)): [524881, 107264, 50810, 23610, 10817, 4774, 1997, 881, 365, 185, 75, 35, 20, 4, 3, 1, 0, 1]
(0, (0, 0, 1)): [2201, 7371, 2083, 994, 502, 213, 102, 60, 23, 12, 4, 1, 2]
(0, (0, 1, 0)): [17038, 17196, 6699, 3220, 1620, 765, 315, 146, 63, 36, 13, 5, 2, 0, 1]
(0, (0, 1, 1)): [1505, 2783, 3550, 1590, 888, 414, 183, 88, 44, 17, 5, 5, 0, 1, 1, 0, 0, 1]
(0, (1, 0, 0)): [116482, 40316, 25625, 12844, 6306, 2882, 1252, 554, 240, 121, 51, 21, 13, 3, 2, 1, 0, 1]
(0, (1, 0, 1)): [2632, 8923, 3662, 2566, 1375, 654, 329, 143, 67, 30, 12, 9, 4, 0, 1, 0, 0, 1]
(0, (1, 1, 0)): [15806, 10558, 8527, 5900, 3256, 1539, 696, 346, 142, 67, 34, 12, 6, 1]
(0, (1, 1, 1)): [1601, 3056, 2611, 2080, 1642, 812, 392, 201, 89, 36, 24, 9, 1, 1, 1]
(1, (0, 0, 0)): [417472, 46102, 19295, 7834, 3125, 1227, 469, 198, 74, 33, 13, 10, 4, 2, 0, 1]
(1, (0, 0, 1)): [11951, 18760, 3701, 1573, 666, 282, 120, 57, 28, 8, 6, 4, 2, 1]
(1, (0, 1, 0)): [57548, 28094, 9813, 4161, 1744, 704, 264, 130, 33, 25, 9, 5, 5, 1, 1]
(1, (0, 1, 1)): [9845, 8554, 8263, 3261, 1660, 672, 270, 113, 64, 14, 7, 3, 1, 1, 0, 1]
(1, (1, 0, 0)): [170199, 31773, 19710, 8693, 3496, 1470, 562, 216, 101, 49, 19, 14, 3, 2, 0, 2]
(1, (1, 0, 1)): [13256, 17212, 5690, 3685, 1552, 696, 266, 108, 46, 35, 12, 3, 0, 1]
(1, (1, 1, 0)): [46055, 14835, 10505, 7138, 3130, 1376, 549, 220, 83, 43, 14, 9, 5, 4, 1]
(1, (1, 1, 1)): [9506, 7861, 5142, 3517, 2506, 1115, 462, 172, 79, 31, 13, 10, 5, 2, 1, 1]
(2, (0, 0, 0)): [357864, 15862, 5537, 1772, 641, 231, 77, 30, 7, 2, 1]
(2, (0, 0, 1)): [36408, 11959, 2283, 782, 286, 116, 34, 10, 1, 2, 0, 1]
(2, (0, 1, 0)): [93235, 21650, 5458, 1917, 644, 229, 70, 16, 5, 1, 1, 0, 1]
(2, (0, 1, 1)): [22750, 2014, 5400, 1451, 563, 185, 73, 27, 11, 4, 1]
(2, (1, 0, 0)): [208371, 16063, 9552, 3112, 1075, 337, 132, 41, 12, 5, 2]
(2, (1, 0, 1)): [34483, 9061, 3818, 2136, 661, 247, 88, 29, 12, 2, 0, 2]
(2, (1, 1, 0)): [79883, 12872, 6739, 4133, 1399, 481, 138, 49, 21, 8, 4, 0, 1, 1]
(2, (1, 1, 1)): [23380, 3527, 4070, 2131, 1465, 502, 154, 55, 27, 5, 3, 0, 0, 1]
