(0, (0, 0, 0)): [30611, 5880, 2577, 1154, 496, 201, 80, 44, 19, 8, 3, 0, 0, 1]
(0, (0, 0, 1)): [89, 295, 74, 42, 20, 4, 4, 2, 0, 1]
(0, (0, 1, 0)): [1105, 1042, 408, 181, 77, 43, 16, 11, 6, 1, 0, 0, 0, 1]
(0, (0, 1, 1)): [95, 147, 161, 80, 27, 23, 12, 2, 1, 1, 1]
(0, (1, 0, 0)): [5727, 2042, 1214, 594, 261, 126, 54, 32, 14, 6, 1, 0, 0, 1]
(0, (1, 0, 1)): [139, 449, 179, 110, 64, 37, 9, 7, 7, 3, 1]
(0, (1, 1, 0)): [880, 510, 351, 251, 124, 63, 28, 21, 7, 2, 1, 0, 0, 1]
(0, (1, 1, 1)): [77, 164, 123, 89, 61, 26, 16, 9, 4, 1, 0, 0, 1, 1]
(1, (0, 0, 0)): [23838, 2610, 1026, 415, 170, 48, 18, 11, 1, 1, 2]
(1, (0, 0, 1)): [630, 889, 172, 71, 32, 15, 10, 1]
(1, (0, 1, 0)): [3248, 1331, 499, 222, 90, 35, 8, 8, 2, 1]
(1, (0, 1, 1)): [495, 423, 354, 113, 68, 30, 13, 5, 4, 1]
(1, (1, 0, 0)): [8531, 1538, 967, 432, 169, 54, 19, 10, 2, 1, 2]
(1, (1, 0, 1)): [722, 796, 252, 160, 90, 21, 14, 4, 2, 4, 1]
(1, (1, 1, 0)): [2462, 723, 451, 351, 138, 56, 23, 14, 1]
(1, (1, 1, 1)): [498, 424, 227, 140, 121, 46, 29, 10, 4, 2]
(2, (0, 0, 0)): [20725, 982, 294, 84, 28, 6, 4, 4]
(2, (0, 0, 1)): [1962, 569, 137, 37, 16, 8, 1, 3]
(2, (0, 1, 0)): [5245, 988, 293, 110, 30, 10, 5, 3]
(2, (0, 1, 1)): [1201, 106, 231, 68, 21, 12, 2]
(2, (1, 0, 0)): [10152, 741, 487, 162, 49, 17, 9, 4]
(2, (1, 0, 1)): [1948, 428, 185, 112, 36, 11, 1, 2, 1]
(2, (1, 1, 0)): [4141, 632, 288, 215, 66, 20, 9, 3]
(2, (1, 1, 1)): [1240, 180, 181, 96, 65, 17, 4, 1]
