(0, (0, 0, 0), (0, 0)): [2035121, 417220, 192200, 88047, 39572, 17027, 7074, 2850, 1163, 503, 224, 111, 36, 21, 5, 1, 1, 1]
(0, (0, 0, 0), (0, 1)): [318637, 62875, 28650, 13520, 5964, 2630, 1077, 386, 164, 74, 39, 19, 5, 4, 1, 1]
(0, (0, 0, 0), (0, 2)): [121648, 21307, 9523, 4413, 1903, 828, 333, 114, 49, 25, 8, 4, 3, 0, 1]
(0, (0, 0, 0), (1, 0)): [271947, 61902, 29512, 13738, 6493, 2773, 1219, 481, 196, 64, 39, 17, 2, 5, 1, 0, 1]
(0, (0, 0, 0), (1, 1)): [267617, 55267, 25755, 12074, 5427, 2373, 1005, 375, 166, 56, 38, 17, 3, 6, 0, 1, 1]
(0, (0, 0, 0), (1, 2)): [183737, 33404, 15272, 7015, 3082, 1322, 565, 209, 95, 33, 14, 8, 5, 1, 1]
(0, (0, 0, 0), (2, 0)): [87273, 22024, 11231, 5293, 2620, 1100, 477, 214, 74, 27, 16, 8, 1, 2, 1]
(0, (0, 0, 0), (2, 1)): [137445, 31113, 15250, 7146, 3379, 1469, 586, 262, 99, 37, 23, 12, 1, 3, 0, 0, 1]
(0, (0, 0, 0), (2, 2)): [145565, 28832, 13625, 6366, 2864, 1206, 521, 203, 92, 30, 16, 5, 4, 2, 1, 0, 1]
(0, (0, 0, 0), (3, 0)): [25357, 7272, 4298, 2130, 1084, 453, 200, 89, 31, 11, 9, 3, 0, 2, 1]
(0, (0, 0, 0), (3, 1)): [52232, 13921, 7524, 3656, 1784, 788, 310, 160, 65, 21, 8, 10, 1, 3, 1]
(0, (0, 0, 0), (3, 2)): [76706, 17734, 9384, 4442, 2105, 906, 377, 168, 69, 27, 9, 10, 4, 2, 1, 0, 1]
(0, (0, 0, 1), (0, 0)): [7522, 23298, 6400, 3119, 1507, 660, 286, 115, 49, 28, 16, 3, 4, 3]
(0, (0, 0, 1), (0, 1)): [839, 2637, 731, 348, 172, 75, 32, 13, 7, 3, 3, 0, 0, 1]
(0, (0, 0, 1), (0, 2)): [376, 974, 246, 125, 52, 30, 11, 4, 4]
(0, (0, 0, 1), (1, 0)): [838, 2908, 844, 467, 223, 109, 40, 14, 7, 4, 6]
(0, (0, 0, 1), (1, 1)): [777, 2443, 686, 328, 180, 85, 29, 13, 4, 6, 3, 0, 0, 1]
(0, (0, 0, 1), (1, 2)): [603, 1574, 404, 196, 89, 53, 14, 7, 3, 3, 2]
(0, (0, 0, 1), (2, 0)): [303, 1075, 335, 217, 90, 43, 16, 8, 4, 1, 4]
(0, (0, 0, 1), (2, 1)): [414, 1381, 426, 240, 124, 54, 25, 10, 5, 3, 2]
(0, (0, 0, 1), (2, 2)): [549, 1405, 392, 190, 103, 49, 16, 5, 2, 2, 2]
(0, (0, 0, 1), (3, 0)): [98, 359, 115, 87, 34, 18, 8, 2, 1, 0, 2]
(0, (0, 0, 1), (3, 1)): [164, 610, 197, 148, 67, 27, 13, 4, 2, 2]
(0, (0, 0, 1), (3, 2)): [305, 860, 245, 163, 91, 36, 11, 2, 3, 1, 1]
(0, (0, 1, 0), (0, 0)): [74987, 70658, 27804, 13785, 6576, 2850, 1228, 503, 210, 112, 38, 17, 6, 6, 3, 0, 1]
(0, (0, 1, 0), (0, 1)): [11684, 10442, 4226, 1981, 953, 402, 190, 70, 30, 16, 4, 4, 1, 1, 1]
(0, (0, 1, 0), (0, 2)): [4751, 3589, 1442, 637, 319, 131, 69, 21, 11, 4, 0, 1, 1]
(0, (0, 1, 0), (1, 0)): [11385, 11011, 4598, 2523, 1159, 549, 218, 94, 36, 13, 7, 3, 2, 2, 1, 0, 1]
(0, (0, 1, 0), (1, 1)): [10213, 9119, 3760, 1906, 887, 391, 169, 73, 19, 17, 6, 3, 0, 2, 1]
(0, (0, 1, 0), (1, 2)): [7140, 5550, 2313, 1116, 508, 215, 92, 48, 10, 6, 2, 3, 1, 0, 1]
(0, (0, 1, 0), (2, 0)): [4144, 3947, 1759, 1042, 460, 247, 89, 41, 17, 3, 1, 3, 2, 1, 0, 0, 1]
(0, (0, 1, 0), (2, 1)): [5563, 5122, 2213, 1151, 540, 272, 115, 42, 14, 12, 1, 1, 1, 1, 0, 0, 1]
(0, (0, 1, 0), (2, 2)): [6049, 4692, 2125, 984, 459, 204, 87, 41, 10, 6, 2, 2, 1, 0, 1, 0, 1]
(0, (0, 1, 0), (3, 0)): [1446, 1164, 608, 433, 191, 100, 44, 21, 8, 1, 0, 1, 1]
(0, (0, 1, 0), (3, 1)): [2455, 2118, 1010, 669, 306, 152, 62, 24, 4, 4, 0, 1, 0, 1]
(0, (0, 1, 0), (3, 2)): [3540, 2754, 1363, 736, 340, 168, 80, 32, 6, 6, 2, 0, 0, 0, 1, 0, 1]
(0, (0, 1, 1), (0, 0)): [5980, 10557, 12514, 5866, 3077, 1497, 633, 272, 141, 57, 18, 11, 3, 4, 2, 0, 1, 1]
(0, (0, 1, 1), (0, 1)): [903, 1554, 1738, 777, 414, 196, 99, 33, 16, 9, 3, 2, 1, 0, 0, 0, 1]
(0, (0, 1, 1), (0, 2)): [426, 582, 625, 288, 145, 74, 38, 17, 2, 3, 0, 1]
(0, (0, 1, 1), (1, 0)): [864, 1659, 2015, 1026, 535, 283, 109, 41, 32, 6, 4, 3, 0, 1, 1]
(0, (0, 1, 1), (1, 1)): [751, 1367, 1604, 717, 388, 181, 80, 24, 17, 5, 4, 0, 1, 0, 0, 0, 1]
(0, (0, 1, 1), (1, 2)): [620, 868, 963, 423, 254, 121, 51, 16, 8, 2, 1, 1, 0, 0, 0, 0, 1]
(0, (0, 1, 1), (2, 0)): [347, 717, 763, 439, 263, 149, 47, 20, 21, 5, 2, 1, 0, 1, 1]
(0, (0, 1, 1), (2, 1)): [378, 759, 883, 433, 200, 108, 46, 19, 11, 7, 3, 0, 1, 0, 1]
(0, (0, 1, 1), (2, 2)): [482, 771, 819, 384, 201, 102, 42, 15, 8, 6, 2, 1, 0, 0, 0, 0, 1]
(0, (0, 1, 1), (3, 0)): [185, 337, 327, 214, 149, 80, 24, 8, 14, 1, 1, 1, 0, 1]
(0, (0, 1, 1), (3, 1)): [155, 300, 355, 193, 127, 66, 25, 10, 12, 2, 0, 0, 0, 0, 1]
(0, (0, 1, 1), (3, 2)): [270, 405, 473, 260, 129, 80, 36, 14, 12, 2, 2, 0, 0, 0, 0, 0, 1]
(0, (1, 0, 0), (0, 0)): [427455, 142242, 92297, 45970, 22094, 9979, 4146, 1760, 743, 319, 155, 64, 23, 16, 3, 1, 1, 1]
(0, (1, 0, 0), (0, 1)): [60540, 18181, 12392, 6139, 2982, 1343, 555, 220, 110, 34, 20, 8, 1, 3]
(0, (1, 0, 0), (0, 2)): [22938, 5971, 4186, 1952, 927, 414, 196, 70, 30, 11, 7, 2]
(0, (1, 0, 0), (1, 0)): [53056, 18823, 13292, 6959, 3450, 1602, 657, 282, 109, 55, 31, 10, 1, 5, 1, 0, 1]
(0, (1, 0, 0), (1, 1)): [46387, 14835, 10319, 5263, 2468, 1187, 468, 198, 89, 39, 16, 7, 1, 3]
(0, (1, 0, 0), (1, 2)): [30411, 8418, 5926, 2936, 1356, 621, 268, 102, 51, 17, 4, 3]
(0, (1, 0, 0), (2, 0)): [16524, 6419, 4731, 2640, 1362, 638, 254, 110, 36, 26, 16, 2, 1, 3, 0, 0, 1]
(0, (1, 0, 0), (2, 1)): [22511, 7853, 5561, 2966, 1430, 695, 275, 119, 52, 29, 15, 4, 0, 5, 0, 0, 1]
(0, (1, 0, 0), (2, 2)): [22097, 6690, 4755, 2346, 1144, 484, 234, 93, 46, 22, 9, 3, 0, 2]
(0, (1, 0, 0), (3, 0)): [4249, 2003, 1543, 1042, 549, 253, 105, 41, 15, 12, 5, 1]
(0, (1, 0, 0), (3, 1)): [8054, 3295, 2417, 1536, 759, 383, 154, 64, 25, 14, 10, 1, 0, 2]
(0, (1, 0, 0), (3, 2)): [10353, 3919, 2716, 1542, 765, 343, 168, 71, 34, 17, 6, 2, 0, 1]
(0, (1, 0, 1), (0, 0)): [10067, 30943, 12562, 8957, 4740, 2205, 1035, 414, 205, 85, 44, 19, 8, 3, 2, 0, 0, 1]
(0, (1, 0, 1), (0, 1)): [1439, 3947, 1627, 1193, 620, 296, 137, 42, 24, 11, 4, 1, 3, 1]
(0, (1, 0, 1), (0, 2)): [668, 1396, 569, 410, 196, 100, 41, 12, 6, 1, 1, 1, 1, 1]
(0, (1, 0, 1), (1, 0)): [1251, 4124, 1699, 1283, 715, 354, 138, 67, 38, 16, 12, 1, 0, 1, 1]
(0, (1, 0, 1), (1, 1)): [1132, 3185, 1349, 982, 538, 234, 102, 45, 28, 11, 6]
(0, (1, 0, 1), (1, 2)): [901, 1872, 798, 545, 289, 125, 57, 22, 11, 4, 1, 1, 1]
(0, (1, 0, 1), (2, 0)): [421, 1379, 583, 455, 258, 149, 54, 22, 11, 9, 5, 1]
(0, (1, 0, 1), (2, 1)): [541, 1633, 706, 537, 285, 150, 56, 24, 17, 9, 5]
(0, (1, 0, 1), (2, 2)): [678, 1454, 632, 457, 238, 116, 54, 24, 4, 4, 3]
(0, (1, 0, 1), (3, 0)): [140, 418, 208, 129, 95, 67, 22, 7, 5, 2, 1, 1]
(0, (1, 0, 1), (3, 1)): [217, 557, 305, 227, 156, 81, 27, 10, 12, 7, 2]
(0, (1, 0, 1), (3, 2)): [335, 724, 396, 259, 168, 88, 32, 16, 9, 9, 4]
(0, (1, 1, 0), (0, 0)): [60707, 38570, 28579, 20842, 11137, 5247, 2235, 1027, 435, 193, 92, 37, 11, 5, 0, 0, 1]
(0, (1, 1, 0), (0, 1)): [9683, 5349, 3686, 2848, 1620, 692, 329, 135, 53, 20, 14, 5, 0, 1, 0, 0, 1]
(0, (1, 1, 0), (0, 2)): [3971, 1855, 1249, 953, 540, 243, 103, 52, 22, 11, 3]
(0, (1, 1, 0), (1, 0)): [7599, 5073, 3816, 3010, 1571, 822, 336, 141, 62, 27, 14, 6, 2, 2]
(0, (1, 1, 0), (1, 1)): [7117, 4122, 3010, 2387, 1235, 589, 253, 104, 29, 16, 13, 2, 2, 2, 0, 0, 1]
(0, (1, 1, 0), (1, 2)): [5121, 2498, 1722, 1453, 735, 324, 135, 62, 21, 16, 3, 1, 0, 1, 0, 0, 1]
(0, (1, 1, 0), (2, 0)): [2239, 1722, 1312, 1009, 615, 329, 141, 57, 33, 12, 6, 4, 0, 1]
(0, (1, 1, 0), (2, 1)): [3285, 2122, 1625, 1233, 696, 327, 150, 59, 31, 10, 10, 3, 2]
(0, (1, 1, 0), (2, 2)): [3594, 1941, 1424, 1125, 599, 280, 117, 53, 19, 14, 4, 1, 0, 0, 0, 0, 1]
(0, (1, 1, 0), (3, 0)): [520, 556, 459, 341, 243, 136, 54, 23, 12, 6, 2, 2, 0, 1]
(0, (1, 1, 0), (3, 1)): [1159, 906, 734, 572, 369, 213, 90, 30, 18, 8, 5, 1, 2]
(0, (1, 1, 0), (3, 2)): [1653, 1087, 880, 704, 411, 215, 86, 43, 15, 8, 4, 0, 0, 0, 0, 0, 1]
(0, (1, 1, 1), (0, 0)): [5769, 11409, 9194, 6702, 5498, 2762, 1276, 595, 287, 119, 62, 21, 6, 4, 1, 0, 1]
(0, (1, 1, 1), (0, 1)): [1004, 1751, 1403, 931, 805, 416, 179, 85, 50, 20, 7, 3, 2, 1]
(0, (1, 1, 1), (0, 2)): [546, 703, 509, 323, 281, 143, 52, 26, 16, 6, 4, 1, 1]
(0, (1, 1, 1), (1, 0)): [669, 1593, 1299, 938, 807, 437, 189, 69, 44, 17, 9, 3, 0, 1, 0, 0, 1]
(0, (1, 1, 1), (1, 1)): [656, 1385, 1131, 750, 651, 366, 159, 75, 37, 17, 6, 2, 1, 1, 0, 0, 1]
(0, (1, 1, 1), (1, 2)): [610, 969, 736, 465, 407, 207, 91, 40, 19, 7, 4, 2, 0, 1, 0, 0, 1]
(0, (1, 1, 1), (2, 0)): [192, 461, 432, 339, 302, 161, 59, 27, 14, 6, 3, 2, 0, 1]
(0, (1, 1, 1), (2, 1)): [304, 636, 556, 399, 326, 200, 77, 44, 26, 10, 3, 0, 1]
(0, (1, 1, 1), (2, 2)): [392, 699, 566, 374, 310, 174, 72, 43, 19, 10, 2, 1, 1]
(0, (1, 1, 1), (3, 0)): [40, 129, 116, 122, 90, 59, 27, 13, 4, 2, 2, 1, 0, 1]
(0, (1, 1, 1), (3, 1)): [94, 239, 232, 173, 142, 85, 47, 14, 7, 3, 2, 1, 0, 1]
(0, (1, 1, 1), (3, 2)): [154, 336, 319, 226, 192, 103, 64, 25, 11, 5, 2, 1, 1, 1]
(1, (0, 0, 0), (0, 0)): [1661637, 186177, 76384, 30367, 11938, 4539, 1779, 629, 224, 94, 35, 22, 7, 3, 0, 1]
(1, (0, 0, 0), (0, 1)): [262274, 27813, 11310, 4487, 1808, 663, 253, 102, 26, 11, 4, 4, 0, 1]
(1, (0, 0, 0), (0, 2)): [100815, 9109, 3691, 1360, 552, 199, 62, 28, 3, 4, 1, 3]
(1, (0, 0, 0), (1, 0)): [233278, 29958, 12685, 5157, 2090, 803, 317, 99, 36, 15, 5, 3, 0, 0, 0, 1]
(1, (0, 0, 0), (1, 1)): [225751, 25658, 10526, 4230, 1738, 622, 276, 96, 30, 10, 5, 1, 0, 1]
(1, (0, 0, 0), (1, 2)): [153272, 14767, 5922, 2330, 984, 348, 138, 41, 13, 7, 1, 2]
(1, (0, 0, 0), (2, 0)): [77831, 11244, 5102, 2158, 880, 359, 137, 43, 13, 8, 2, 2, 0, 0, 0, 1]
(1, (0, 0, 0), (2, 1)): [119510, 15154, 6600, 2638, 1120, 416, 151, 67, 14, 10, 5, 1]
(1, (0, 0, 0), (2, 2)): [125063, 13268, 5621, 2309, 951, 340, 119, 49, 16, 8, 1]
(1, (0, 0, 0), (3, 0)): [23061, 3744, 2085, 923, 348, 161, 73, 16, 9, 4, 1, 1, 0, 0, 0, 1]
(1, (0, 0, 0), (3, 1)): [47676, 7235, 3603, 1550, 645, 249, 93, 36, 8, 4, 3]
(1, (0, 0, 0), (3, 2)): [68714, 8834, 4220, 1796, 767, 273, 94, 42, 11, 7, 3]
(1, (0, 0, 1), (0, 0)): [44955, 64606, 12914, 5653, 2302, 955, 365, 129, 66, 24, 14, 8, 4, 2]
(1, (0, 0, 1), (0, 1)): [6361, 7856, 1615, 656, 235, 115, 52, 11, 4, 1, 3, 1]
(1, (0, 0, 1), (0, 2)): [2791, 2576, 506, 192, 79, 37, 17, 2, 3, 0, 1, 1]
(1, (0, 0, 1), (1, 0)): [6806, 10113, 2131, 1069, 438, 186, 61, 22, 18, 4, 1, 1]
(1, (0, 0, 1), (1, 1)): [5902, 7569, 1548, 700, 266, 111, 42, 11, 6, 3, 1, 1]
(1, (0, 0, 1), (1, 2)): [4451, 4200, 827, 364, 149, 61, 25, 4, 4, 1, 1, 2]
(1, (0, 0, 1), (2, 0)): [2793, 4122, 955, 548, 227, 94, 37, 14, 10, 2, 1]
(1, (0, 0, 1), (2, 1)): [3348, 4531, 988, 488, 181, 82, 27, 11, 6, 2, 1]
(1, (0, 0, 1), (2, 2)): [3878, 3841, 821, 389, 138, 59, 27, 6, 3, 1, 2, 2]
(1, (0, 0, 1), (3, 0)): [1312, 1669, 436, 300, 133, 52, 19, 7, 3, 0, 1]
(1, (0, 0, 1), (3, 1)): [1473, 1937, 500, 270, 113, 51, 18, 8, 3, 1]
(1, (0, 0, 1), (3, 2)): [2343, 2375, 577, 312, 122, 57, 27, 8, 3, 0, 1]
(1, (0, 1, 0), (0, 0)): [225081, 97949, 36252, 15816, 6385, 2563, 896, 399, 113, 60, 32, 9, 10, 2, 1]
(1, (0, 1, 0), (0, 1)): [32540, 12878, 4798, 2032, 803, 363, 124, 54, 13, 9, 6, 0, 1]
(1, (0, 1, 0), (0, 2)): [12675, 4483, 1602, 636, 234, 121, 40, 16, 3, 3, 1, 0, 1]
(1, (0, 1, 0), (1, 0)): [35488, 14999, 6078, 3027, 1243, 495, 183, 80, 26, 13, 6, 0, 0, 1]
(1, (0, 1, 0), (1, 1)): [29733, 11813, 4601, 2081, 861, 348, 121, 46, 15, 5, 5, 0, 0, 1]
(1, (0, 1, 0), (1, 2)): [19828, 7070, 2590, 1098, 411, 184, 65, 33, 7, 6, 1]
(1, (0, 1, 0), (2, 0)): [14912, 6094, 2653, 1542, 653, 256, 98, 48, 13, 8, 5]
(1, (0, 1, 0), (2, 1)): [17324, 6905, 2905, 1424, 621, 232, 86, 37, 10, 6, 3, 0, 0, 1]
(1, (0, 1, 0), (2, 2)): [17368, 6175, 2441, 1069, 444, 192, 64, 26, 8, 5, 2]
(1, (0, 1, 0), (3, 0)): [6720, 2501, 1189, 849, 376, 146, 58, 24, 9, 4, 2]
(1, (0, 1, 0), (3, 1)): [8096, 3030, 1467, 887, 399, 135, 60, 28, 12, 4, 2, 0, 0, 1]
(1, (0, 1, 0), (3, 2)): [10728, 3781, 1720, 916, 407, 146, 55, 23, 5, 6, 2, 0, 0, 1]
(1, (0, 1, 1), (0, 0)): [35048, 29612, 25659, 10434, 5430, 2131, 849, 342, 153, 50, 14, 8, 2, 2, 0, 1]
(1, (0, 1, 1), (0, 1)): [4463, 3451, 2931, 1210, 539, 190, 97, 43, 13, 1, 1]
(1, (0, 1, 1), (0, 2)): [2084, 1108, 1030, 425, 207, 63, 35, 18, 2, 0, 1]
(1, (0, 1, 1), (1, 0)): [5785, 5328, 4042, 1788, 1137, 437, 174, 70, 28, 13, 1, 1]
(1, (0, 1, 1), (1, 1)): [3836, 3166, 2629, 1075, 526, 179, 83, 35, 14, 5, 0, 1]
(1, (0, 1, 1), (1, 2)): [3102, 1814, 1627, 646, 325, 101, 48, 26, 5, 3, 1, 1]
(1, (0, 1, 1), (2, 0)): [3275, 2864, 2060, 1020, 760, 305, 121, 48, 20, 8, 1]
(1, (0, 1, 1), (2, 1)): [2114, 1790, 1470, 659, 335, 129, 59, 17, 8, 3]
(1, (0, 1, 1), (2, 2)): [2583, 1571, 1405, 591, 303, 88, 45, 16, 5, 1, 0, 1]
(1, (0, 1, 1), (3, 0)): [2369, 1914, 1275, 708, 626, 244, 96, 41, 16, 7, 1]
(1, (0, 1, 1), (3, 1)): [921, 790, 644, 305, 182, 90, 33, 14, 6, 3]
(1, (0, 1, 1), (3, 2)): [1463, 1004, 785, 389, 240, 80, 33, 16, 7, 2, 0, 1]
(1, (1, 0, 0), (0, 0)): [621133, 109832, 72384, 30950, 12669, 5038, 2013, 713, 281, 121, 45, 32, 5, 3, 0, 2]
(1, (1, 0, 0), (0, 1)): [88136, 14018, 9560, 4136, 1653, 659, 267, 93, 26, 14, 7, 4]
(1, (1, 0, 0), (0, 2)): [33082, 4578, 3042, 1258, 498, 222, 93, 25, 6, 4, 3]
(1, (1, 0, 0), (1, 0)): [83526, 15878, 11295, 5092, 2135, 865, 366, 130, 38, 21, 7, 4, 1, 0, 0, 1]
(1, (1, 0, 0), (1, 1)): [71555, 12175, 8521, 3764, 1512, 584, 242, 88, 29, 12, 6, 6, 0, 0, 0, 1]
(1, (1, 0, 0), (1, 2)): [46464, 6853, 4703, 2011, 795, 308, 125, 44, 13, 5, 5, 1]
(1, (1, 0, 0), (2, 0)): [27312, 5652, 4142, 2083, 887, 362, 160, 53, 19, 7, 2, 0, 1]
(1, (1, 0, 0), (2, 1)): [35955, 6728, 4779, 2334, 911, 387, 153, 51, 18, 7, 5, 4, 0, 0, 0, 1]
(1, (1, 0, 0), (2, 2)): [35084, 5657, 3850, 1795, 704, 301, 116, 42, 10, 4, 3, 1]
(1, (1, 0, 0), (3, 0)): [7734, 1866, 1292, 814, 384, 144, 73, 20, 6, 4, 0, 0, 1]
(1, (1, 0, 0), (3, 1)): [13880, 3122, 2160, 1243, 516, 201, 97, 25, 11, 4, 3, 1, 0, 0, 0, 1]
(1, (1, 0, 0), (3, 2)): [17639, 3622, 2326, 1268, 504, 215, 97, 24, 12, 4, 4, 2, 0, 0, 0, 1]
(1, (1, 0, 1), (0, 0)): [50674, 57919, 18597, 12687, 5526, 2268, 898, 348, 119, 72, 21, 7, 1, 1]
(1, (1, 0, 1), (0, 1)): [7757, 7066, 2279, 1583, 696, 286, 106, 29, 20, 8, 3, 0, 1]
(1, (1, 0, 1), (0, 2)): [3394, 2295, 780, 540, 241, 93, 43, 18, 8, 3, 2]
(1, (1, 0, 1), (1, 0)): [6908, 7775, 2641, 1917, 897, 373, 140, 65, 19, 15, 0, 1]
(1, (1, 0, 1), (1, 1)): [6071, 5857, 1955, 1372, 571, 249, 87, 21, 12, 5, 0, 1, 1]
(1, (1, 0, 1), (1, 2)): [4453, 3277, 1147, 788, 325, 136, 44, 25, 8, 3, 2]
(1, (1, 0, 1), (2, 0)): [2365, 2588, 942, 705, 387, 159, 55, 33, 6, 7]
(1, (1, 0, 1), (2, 1)): [3008, 3000, 1027, 760, 369, 139, 59, 18, 9, 5, 0, 1]
(1, (1, 0, 1), (2, 2)): [3248, 2485, 952, 639, 311, 101, 47, 19, 9, 3, 1]
(1, (1, 0, 1), (3, 0)): [801, 856, 331, 243, 159, 74, 21, 9, 1, 3]
(1, (1, 0, 1), (3, 1)): [1136, 1184, 476, 336, 185, 84, 25, 11, 2, 2, 0, 1]
(1, (1, 0, 1), (3, 2)): [1596, 1407, 594, 402, 235, 84, 33, 11, 7, 2, 0, 1]
(1, (1, 1, 0), (0, 0)): [174923, 53081, 35312, 25890, 10888, 4537, 1773, 707, 275, 113, 44, 25, 9, 5, 1]
(1, (1, 1, 0), (0, 1)): [27435, 7255, 4565, 3557, 1532, 624, 226, 96, 36, 13, 8, 4]
(1, (1, 1, 0), (0, 2)): [11064, 2569, 1524, 1213, 499, 204, 58, 29, 11, 1, 2]
(1, (1, 1, 0), (1, 0)): [23634, 7720, 5191, 4083, 1755, 721, 335, 114, 33, 21, 9, 4, 2, 1]
(1, (1, 1, 0), (1, 1)): [21618, 6226, 4100, 3167, 1377, 540, 225, 91, 25, 21, 8, 4]
(1, (1, 1, 0), (1, 2)): [15303, 3757, 2321, 1826, 781, 256, 91, 53, 14, 4, 6, 2]
(1, (1, 1, 0), (2, 0)): [7587, 2828, 1859, 1461, 720, 328, 147, 48, 16, 8, 5, 2, 2, 1]
(1, (1, 1, 0), (2, 1)): [10707, 3424, 2323, 1811, 838, 378, 163, 43, 20, 9, 7, 2, 1]
(1, (1, 1, 0), (2, 2)): [11555, 3137, 1959, 1540, 747, 275, 108, 45, 14, 6, 3, 2]
(1, (1, 1, 0), (3, 0)): [1946, 1044, 679, 430, 293, 133, 58, 25, 4, 4, 1, 2, 1]
(1, (1, 1, 0), (3, 1)): [3926, 1663, 1146, 827, 463, 214, 85, 28, 11, 6, 4, 2, 1]
(1, (1, 1, 0), (3, 2)): [5652, 1967, 1337, 965, 550, 198, 81, 32, 10, 6, 2, 1, 1]
(1, (1, 1, 1), (0, 0)): [35758, 28702, 18010, 11705, 8942, 3776, 1552, 588, 241, 87, 30, 20, 9, 4, 1, 1]
(1, (1, 1, 1), (0, 1)): [5997, 4113, 2534, 1625, 1295, 508, 222, 81, 37, 11, 3, 1, 0, 1]
(1, (1, 1, 1), (0, 2)): [2817, 1416, 903, 586, 432, 149, 72, 23, 6, 6, 2, 0, 0, 1]
(1, (1, 1, 1), (1, 0)): [4499, 4115, 2539, 1638, 1394, 603, 274, 98, 36, 11, 5, 5, 2]
(1, (1, 1, 1), (1, 1)): [4445, 3395, 2127, 1377, 1096, 447, 211, 78, 34, 7, 3, 3]
(1, (1, 1, 1), (1, 2)): [3537, 1964, 1314, 838, 643, 264, 114, 42, 16, 6, 1, 3, 0, 1]
(1, (1, 1, 1), (2, 0)): [1174, 1370, 876, 553, 509, 249, 108, 44, 11, 4, 2, 2, 1]
(1, (1, 1, 1), (2, 1)): [1894, 1814, 1083, 706, 569, 274, 123, 44, 15, 4, 3, 1]
(1, (1, 1, 1), (2, 2)): [2370, 1612, 1056, 690, 540, 229, 109, 39, 14, 8, 1, 2, 0, 1]
(1, (1, 1, 1), (3, 0)): [197, 418, 296, 199, 155, 84, 40, 19, 4, 2, 0, 1, 1]
(1, (1, 1, 1), (3, 1)): [496, 765, 493, 316, 264, 144, 48, 24, 9, 2, 2, 1, 1]
(1, (1, 1, 1), (3, 2)): [920, 952, 620, 420, 326, 169, 71, 29, 8, 3, 2, 1, 0, 1]
(2, (0, 0, 0), (0, 0)): [1450090, 68685, 23007, 7294, 2461, 781, 264, 90, 18, 8, 5, 0, 1]
(2, (0, 0, 0), (0, 1)): [227425, 9609, 3234, 1023, 374, 105, 37, 12, 3]
(2, (0, 0, 0), (0, 2)): [86554, 2574, 903, 284, 110, 24, 3, 5]
(2, (0, 0, 0), (1, 0)): [211326, 12399, 4369, 1329, 482, 134, 51, 14, 5, 0, 0, 0, 1]
(2, (0, 0, 0), (1, 1)): [200237, 9664, 3387, 1018, 382, 115, 44, 8, 5]
(2, (0, 0, 0), (1, 2)): [133173, 4574, 1651, 530, 182, 55, 19, 6, 1]
(2, (0, 0, 0), (2, 0)): [74286, 4928, 2045, 595, 215, 60, 23, 7, 2, 0, 0, 0, 1]
(2, (0, 0, 0), (2, 1)): [110611, 6249, 2428, 680, 249, 72, 27, 7, 4]
(2, (0, 0, 0), (2, 2)): [113286, 4710, 1838, 535, 189, 60, 19, 6, 1]
(2, (0, 0, 0), (3, 0)): [23353, 1651, 942, 273, 100, 31, 10, 4, 0, 0, 0, 0, 1]
(2, (0, 0, 0), (3, 1)): [46618, 3144, 1525, 469, 145, 44, 13, 6, 3]
(2, (0, 0, 0), (3, 2)): [66009, 3581, 1681, 485, 163, 54, 18, 6, 2]
(2, (0, 0, 1), (0, 0)): [136155, 39927, 8487, 2893, 1039, 360, 101, 34, 8, 5, 0, 2]
(2, (0, 0, 1), (0, 1)): [20284, 4832, 1085, 353, 123, 47, 13, 4, 1, 2]
(2, (0, 0, 1), (0, 2)): [8030, 1455, 327, 105, 36, 12, 4, 0, 0, 1]
(2, (0, 0, 1), (1, 0)): [22879, 6344, 1612, 615, 238, 78, 23, 9, 2, 1, 0, 1]
(2, (0, 0, 1), (1, 1)): [19065, 4721, 1079, 396, 144, 52, 10, 5, 1, 1]
(2, (0, 0, 1), (1, 2)): [12951, 2460, 540, 176, 77, 27, 7, 2, 0, 1]
(2, (0, 0, 1), (2, 0)): [9963, 2693, 785, 352, 140, 44, 15, 5, 1, 1, 0, 1]
(2, (0, 0, 1), (2, 1)): [11519, 2999, 791, 322, 118, 34, 9, 6, 0, 2]
(2, (0, 0, 1), (2, 2)): [11888, 2420, 629, 216, 90, 32, 6, 3]
(2, (0, 0, 1), (3, 0)): [4753, 1104, 386, 216, 78, 28, 11, 1, 1, 0, 0, 1]
(2, (0, 0, 1), (3, 1)): [5433, 1435, 425, 231, 78, 24, 9, 3, 0, 1]
(2, (0, 0, 1), (3, 2)): [7585, 1667, 497, 222, 89, 24, 8, 3, 0, 1]
(2, (0, 1, 0), (0, 0)): [359337, 74528, 20942, 7449, 2523, 833, 256, 78, 19, 12, 7, 0, 1]
(2, (0, 1, 0), (0, 1)): [52173, 9134, 2585, 829, 313, 90, 29, 8, 4, 3, 1]
(2, (0, 1, 0), (0, 2)): [20647, 2716, 775, 228, 87, 17, 8, 1, 1, 1]
(2, (0, 1, 0), (1, 0)): [60147, 11901, 4041, 1678, 551, 186, 65, 23, 1, 1, 0, 0, 1]
(2, (0, 1, 0), (1, 1)): [48670, 8838, 2688, 944, 339, 102, 41, 13, 3, 2, 1]
(2, (0, 1, 0), (1, 2)): [32816, 4629, 1281, 451, 158, 36, 20, 7, 0, 1]
(2, (0, 1, 0), (2, 0)): [27144, 5117, 1968, 995, 343, 112, 30, 13, 1, 1, 0, 0, 1]
(2, (0, 1, 0), (2, 1)): [29127, 5546, 1902, 719, 264, 79, 25, 6, 2, 2, 1, 0, 1]
(2, (0, 1, 0), (2, 2)): [29532, 4480, 1340, 518, 190, 46, 26, 8, 0, 2]
(2, (0, 1, 0), (3, 0)): [13858, 2231, 995, 672, 218, 72, 22, 12, 1, 1]
(2, (0, 1, 0), (3, 1)): [13642, 2609, 1049, 516, 183, 59, 17, 5, 2, 1, 1, 0, 1]
(2, (0, 1, 0), (3, 2)): [18688, 2966, 1098, 558, 190, 52, 31, 8, 0, 1, 0, 0, 1]
(2, (0, 1, 1), (0, 0)): [82718, 6974, 17432, 5041, 1995, 655, 213, 70, 23, 6, 4, 1, 0, 1]
(2, (0, 1, 1), (0, 1)): [12196, 773, 2117, 604, 206, 75, 18, 8, 1, 1]
(2, (0, 1, 1), (0, 2)): [5149, 263, 659, 184, 75, 20, 6, 1, 0, 1]
(2, (0, 1, 1), (1, 0)): [14392, 1381, 2794, 1028, 476, 167, 49, 16, 4, 0, 2]
(2, (0, 1, 1), (1, 1)): [11103, 778, 2030, 636, 232, 92, 20, 10, 3]
(2, (0, 1, 1), (1, 2)): [8229, 447, 1133, 324, 130, 39, 8, 3, 0, 1]
(2, (0, 1, 1), (2, 0)): [6996, 782, 1273, 550, 311, 103, 30, 11, 1, 0, 2]
(2, (0, 1, 1), (2, 1)): [6539, 526, 1253, 425, 191, 70, 16, 6, 3, 0, 1]
(2, (0, 1, 1), (2, 2)): [7327, 490, 1059, 344, 137, 55, 8, 4, 2]
(2, (0, 1, 1), (3, 0)): [4124, 537, 650, 326, 215, 76, 21, 10, 0, 0, 1]
(2, (0, 1, 1), (3, 1)): [3118, 288, 575, 228, 126, 45, 14, 7, 1, 0, 1]
(2, (0, 1, 1), (3, 2)): [4659, 391, 729, 277, 134, 58, 9, 7, 3]
(2, (1, 0, 0), (0, 0)): [752074, 54538, 36825, 11703, 3909, 1232, 472, 137, 35, 15, 7, 1, 1]
(2, (1, 0, 0), (0, 1)): [106409, 6558, 4544, 1486, 514, 169, 66, 25, 10, 1, 0, 1]
(2, (1, 0, 0), (0, 2)): [39801, 1773, 1183, 416, 143, 34, 21, 5, 4]
(2, (1, 0, 0), (1, 0)): [103328, 8623, 6217, 2105, 760, 212, 92, 22, 6, 2, 0, 0, 1]
(2, (1, 0, 0), (1, 1)): [89061, 6037, 4257, 1426, 490, 155, 57, 18, 7, 1]
(2, (1, 0, 0), (1, 2)): [57460, 2859, 1916, 704, 242, 64, 25, 7, 4]
(2, (1, 0, 0), (2, 0)): [34860, 3399, 2342, 974, 346, 97, 41, 14, 4, 2, 0, 0, 1]
(2, (1, 0, 0), (2, 1)): [46603, 3699, 2607, 964, 327, 103, 43, 11, 4, 0, 0, 0, 1]
(2, (1, 0, 0), (2, 2)): [45107, 2790, 1832, 681, 246, 70, 33, 6, 4]
(2, (1, 0, 0), (3, 0)): [10329, 1275, 763, 447, 154, 42, 15, 6, 3, 2]
(2, (1, 0, 0), (3, 1)): [18858, 1947, 1284, 641, 184, 59, 20, 6, 2, 1, 0, 0, 1]
(2, (1, 0, 0), (3, 2)): [23950, 2076, 1319, 614, 197, 67, 23, 9, 1, 1, 0, 0, 1]
(2, (1, 0, 1), (0, 0)): [132848, 31094, 12290, 7835, 2616, 844, 290, 86, 30, 10, 2, 4, 1]
(2, (1, 0, 1), (0, 1)): [20548, 3947, 1497, 1012, 360, 117, 40, 6, 4, 1, 1, 1]
(2, (1, 0, 1), (0, 2)): [8289, 1181, 437, 271, 104, 27, 9, 1, 1]
(2, (1, 0, 1), (1, 0)): [19857, 4398, 2012, 1430, 541, 143, 55, 15, 1, 2, 0, 1]
(2, (1, 0, 1), (1, 1)): [17240, 3407, 1462, 959, 387, 110, 41, 10, 3, 2, 1, 2]
(2, (1, 0, 1), (1, 2)): [11759, 1768, 747, 459, 182, 54, 23, 3, 3, 0, 0, 1]
(2, (1, 0, 1), (2, 0)): [7143, 1567, 833, 578, 237, 67, 24, 8, 1]
(2, (1, 0, 1), (2, 1)): [9352, 1862, 909, 569, 283, 80, 23, 8, 0, 1, 0, 1]
(2, (1, 0, 1), (2, 2)): [9234, 1434, 695, 415, 174, 62, 22, 3, 3, 0, 0, 1]
(2, (1, 0, 1), (3, 0)): [2407, 482, 336, 221, 97, 25, 14, 3, 1]
(2, (1, 0, 1), (3, 1)): [4049, 764, 465, 293, 178, 33, 20, 4, 1, 1]
(2, (1, 0, 1), (3, 2)): [5211, 775, 534, 297, 171, 51, 16, 4, 3]
(2, (1, 1, 0), (0, 0)): [298223, 45078, 22752, 15984, 5218, 1679, 572, 191, 62, 27, 10, 2, 2, 1]
(2, (1, 1, 0), (0, 1)): [45808, 5813, 2803, 2080, 639, 202, 72, 29, 5, 4, 2, 1, 1]
(2, (1, 1, 0), (0, 2)): [18750, 1734, 831, 605, 195, 59, 20, 10, 2, 1]
(2, (1, 1, 0), (1, 0)): [41824, 6403, 3623, 2732, 1006, 298, 114, 29, 14, 4, 1]
(2, (1, 1, 0), (1, 1)): [38402, 5196, 2690, 1998, 614, 199, 69, 26, 9, 4, 2, 1, 1]
(2, (1, 1, 0), (1, 2)): [27174, 2723, 1426, 960, 298, 102, 28, 17, 6, 1, 1]
(2, (1, 1, 0), (2, 0)): [14417, 2247, 1476, 1066, 516, 145, 58, 13, 6, 3]
(2, (1, 1, 0), (2, 1)): [20215, 2831, 1691, 1254, 487, 132, 55, 16, 6, 3, 0, 0, 1]
(2, (1, 1, 0), (2, 2)): [21567, 2329, 1370, 934, 343, 99, 38, 17, 10, 1, 1]
(2, (1, 1, 0), (3, 0)): [4657, 715, 598, 359, 255, 80, 26, 5, 3, 2]
(2, (1, 1, 0), (3, 1)): [8607, 1237, 955, 631, 352, 93, 35, 5, 3, 1, 0, 0, 1]
(2, (1, 1, 0), (3, 2)): [12037, 1426, 1116, 690, 367, 83, 33, 12, 7, 1, 1]
(2, (1, 1, 1), (0, 0)): [87999, 12800, 14620, 7361, 5557, 1728, 587, 197, 66, 15, 10, 3, 1, 1]
(2, (1, 1, 1), (0, 1)): [15127, 1588, 1991, 1030, 774, 233, 83, 23, 11, 1, 3, 0, 1]
(2, (1, 1, 1), (0, 2)): [6604, 501, 577, 315, 197, 68, 25, 6, 2, 0, 2]
(2, (1, 1, 1), (1, 0)): [11768, 2597, 2224, 1266, 1005, 319, 106, 36, 12, 4, 1, 2]
(2, (1, 1, 1), (1, 1)): [11957, 1681, 1819, 999, 758, 231, 75, 22, 9, 2, 1, 0, 1]
(2, (1, 1, 1), (1, 2)): [9249, 867, 951, 485, 362, 124, 35, 11, 3, 1, 2]
(2, (1, 1, 1), (2, 0)): [3304, 1496, 773, 510, 403, 129, 44, 14, 4, 3, 0, 2]
(2, (1, 1, 1), (2, 1)): [5420, 1396, 1018, 651, 481, 169, 51, 8, 5, 1, 0, 0, 1]
(2, (1, 1, 1), (2, 2)): [6535, 1027, 855, 511, 355, 137, 38, 9, 4, 2, 2]
(2, (1, 1, 1), (3, 0)): [555, 912, 218, 218, 127, 58, 26, 10, 2, 3, 0, 1]
(2, (1, 1, 1), (3, 1)): [1573, 1144, 396, 364, 258, 92, 36, 7, 2, 3, 0, 1]
(2, (1, 1, 1), (3, 2)): [2771, 1167, 516, 456, 280, 114, 42, 9, 3, 2, 2]
