(0, (0, 0, 0), (0, 0)): [14854, 3189, 1540, 720, 314, 139, 66, 17, 7, 7, 3]
(0, (0, 0, 0), (0, 1)): [33, 7, 4, 3, 0, 0, 0, 0, 0, 1]
(0, (0, 0, 0), (0, 2)): [17, 3, 1]
(0, (0, 0, 0), (1, 0)): [34, 14, 8, 4, 1, 0, 1]
(0, (0, 0, 0), (1, 1)): [14, 4, 2, 1]
(0, (0, 0, 0), (1, 2)): [5, 3, 1]
(0, (0, 0, 0), (2, 0)): [27, 8, 7, 3, 1]
(0, (0, 0, 0), (2, 1)): [11, 4, 3]
(0, (0, 0, 0), (2, 2)): [7, 1, 1]
(0, (0, 0, 0), (3, 0)): [22, 4, 4, 2, 1]
(0, (0, 0, 0), (3, 1)): [12, 3, 1]
(0, (0, 0, 0), (3, 2)): [5, 2, 2]
(0, (0, 0, 1), (0, 0)): [68, 261, 71, 34, 22, 10, 3, 0, 0, 1]
(0, (0, 0, 1), (0, 1)): [0, 1, 1]
(0, (0, 0, 1), (0, 2)): [0, 1]
(0, (0, 0, 1), (1, 1)): [0, 0, 1]
(0, (0, 0, 1), (2, 1)): [0, 0, 1]
(0, (0, 1, 0), (0, 0)): [476, 547, 213, 76, 52, 23, 10, 0, 4, 1, 2]
(0, (0, 1, 0), (0, 1)): [0, 1]
(0, (0, 1, 0), (1, 0)): [5, 2]
(0, (0, 1, 0), (1, 1)): [2, 1]
(0, (0, 1, 0), (1, 2)): [0, 1]
(0, (0, 1, 0), (2, 0)): [2, 2]
(0, (0, 1, 0), (2, 1)): [1]
(0, (0, 1, 0), (2, 2)): [0, 1]
(0, (0, 1, 0), (3, 0)): [1, 2]
(0, (0, 1, 0), (3, 1)): [1]
(0, (0, 1, 0), (3, 2)): [0, 1]
(0, (0, 1, 1), (0, 0)): [41, 103, 126, 46, 31, 9, 5, 2, 3]
(0, (0, 1, 1), (0, 1)): [0, 0, 3]
(0, (0, 1, 1), (0, 2)): [0, 0, 2]
(0, (0, 1, 1), (1, 0)): [0, 1]
(0, (0, 1, 1), (1, 1)): [0, 1, 1]
(0, (0, 1, 1), (1, 2)): [0, 0, 2]
(0, (0, 1, 1), (2, 1)): [0, 1]
(0, (0, 1, 1), (2, 2)): [0, 0, 1]
(0, (0, 1, 1), (3, 1)): [0, 1]
(0, (0, 1, 1), (3, 2)): [0, 0, 1]
(0, (1, 0, 0), (0, 0)): [3367, 1249, 802, 423, 172, 80, 37, 14, 3, 5, 1]
(0, (1, 0, 0), (0, 1)): [5, 2, 2]
(0, (1, 0, 0), (0, 2)): [3, 1, 2]
(0, (1, 0, 0), (1, 0)): [12, 5, 6, 1, 1]
(0, (1, 0, 0), (1, 1)): [3, 3, 2]
(0, (1, 0, 0), (1, 2)): [2, 1, 2]
(0, (1, 0, 0), (2, 0)): [8, 3, 3, 1, 1]
(0, (1, 0, 0), (2, 1)): [5, 1]
(0, (1, 0, 0), (2, 2)): [5, 0, 1]
(0, (1, 0, 0), (3, 0)): [5, 3, 1, 1, 1]
(0, (1, 0, 0), (3, 1)): [1]
(0, (1, 0, 1), (0, 0)): [67, 274, 124, 84, 41, 28, 13, 1, 2, 2]
(0, (1, 0, 1), (0, 1)): [0, 1, 0, 1]
(0, (1, 0, 1), (0, 2)): [0, 1, 0, 1]
(0, (1, 0, 1), (1, 0)): [1, 1, 1]
(0, (1, 0, 1), (1, 1)): [1, 1]
(0, (1, 0, 1), (1, 2)): [0, 1, 0, 1]
(0, (1, 0, 1), (2, 0)): [0, 0, 1]
(0, (1, 0, 1), (2, 1)): [1]
(0, (1, 0, 1), (2, 2)): [1, 1]
(0, (1, 0, 1), (3, 0)): [0, 0, 1]
(0, (1, 0, 1), (3, 2)): [1]
(0, (1, 1, 0), (0, 0)): [420, 298, 254, 195, 89, 41, 12, 10, 3, 3]
(0, (1, 1, 0), (0, 1)): [3, 0, 0, 0, 1]
(0, (1, 1, 0), (0, 2)): [2, 0, 0, 0, 1]
(0, (1, 1, 0), (1, 0)): [0, 0, 1, 1, 1]
(0, (1, 1, 0), (1, 1)): [1]
(0, (1, 1, 0), (1, 2)): [2]
(0, (1, 1, 0), (2, 0)): [0, 0, 0, 1, 1]
(0, (1, 1, 0), (2, 1)): [0, 0, 0, 0, 1]
(0, (1, 1, 0), (2, 2)): [2, 0, 0, 0, 1]
(0, (1, 1, 0), (3, 0)): [0, 0, 0, 1]
(0, (1, 1, 0), (3, 2)): [1, 0, 0, 0, 1]
(0, (1, 1, 1), (0, 0)): [50, 83, 65, 70, 59, 26, 8, 5, 3, 2]
(0, (1, 1, 1), (1, 0)): [0, 0, 1, 0, 1]
(0, (1, 1, 1), (1, 1)): [0, 0, 0, 0, 1]
(0, (1, 1, 1), (2, 0)): [0, 0, 1]
(0, (1, 1, 1), (2, 1)): [0, 0, 0, 0, 1]
(0, (1, 1, 1), (2, 2)): [0, 0, 0, 0, 1]
(0, (1, 1, 1), (3, 0)): [0, 0, 1]
(0, (1, 1, 1), (3, 1)): [0, 0, 1]
(0, (1, 1, 1), (3, 2)): [0, 0, 1]
(1, (0, 0, 0), (0, 0)): [11700, 1312, 548, 226, 94, 41, 16, 4, 1, 2]
(1, (0, 0, 0), (0, 1)): [12, 5, 1]
(1, (0, 0, 0), (0, 2)): [10, 1, 1]
(1, (0, 0, 0), (1, 0)): [34, 6, 3, 0, 1]
(1, (0, 0, 0), (1, 1)): [12, 4, 1]
(1, (0, 0, 0), (1, 2)): [5, 2]
(1, (0, 0, 0), (2, 0)): [23, 3, 2, 0, 1]
(1, (0, 0, 0), (2, 1)): [9, 3, 2]
(1, (0, 0, 0), (2, 2)): [6, 2, 2]
(1, (0, 0, 0), (3, 0)): [16, 1, 0, 0, 1]
(1, (0, 0, 0), (3, 1)): [11, 3]
(1, (0, 0, 0), (3, 2)): [7, 1, 1]
(1, (0, 0, 1), (0, 0)): [405, 633, 143, 42, 22, 7, 4, 0, 0, 1]
(1, (0, 0, 1), (0, 1)): [0, 1]
(1, (0, 0, 1), (1, 0)): [0, 1]
(1, (0, 0, 1), (1, 1)): [0, 1]
(1, (0, 0, 1), (1, 2)): [0, 1]
(1, (0, 0, 1), (2, 0)): [0, 1]
(1, (0, 0, 1), (2, 2)): [0, 1]
(1, (0, 0, 1), (3, 0)): [0, 1]
(1, (0, 1, 0), (0, 0)): [1697, 897, 319, 123, 46, 25, 7, 3, 0, 0, 1]
(1, (0, 1, 0), (0, 1)): [5, 3, 0, 1]
(1, (0, 1, 0), (0, 2)): [4, 2]
(1, (0, 1, 0), (1, 0)): [5, 9, 1, 0, 1, 1]
(1, (0, 1, 0), (1, 1)): [3, 5, 1, 1]
(1, (0, 1, 0), (1, 2)): [3, 3, 1]
(1, (0, 1, 0), (2, 0)): [3, 5, 0, 0, 1, 1]
(1, (0, 1, 0), (2, 1)): [4, 4, 0, 1, 0, 1]
(1, (0, 1, 0), (2, 2)): [1, 0, 1, 1]
(1, (0, 1, 0), (3, 0)): [2, 3, 0, 0, 1]
(1, (0, 1, 0), (3, 1)): [3, 2, 0, 0, 0, 1]
(1, (0, 1, 0), (3, 2)): [2, 0, 1, 1]
(1, (0, 1, 1), (0, 0)): [272, 261, 299, 107, 45, 19, 10, 2, 1, 3]
(1, (0, 1, 1), (0, 1)): [1]
(1, (0, 1, 1), (0, 2)): [1]
(1, (0, 1, 1), (1, 0)): [0, 1]
(1, (0, 1, 1), (2, 0)): [0, 1]
(1, (0, 1, 1), (3, 0)): [0, 1]
(1, (1, 0, 0), (0, 0)): [5077, 980, 601, 273, 100, 40, 17, 5, 2, 2]
(1, (1, 0, 0), (0, 1)): [12, 5, 2, 1, 0, 1]
(1, (1, 0, 0), (0, 2)): [5, 0, 1]
(1, (1, 0, 0), (1, 0)): [15, 7, 4, 3, 0, 1]
(1, (1, 0, 0), (1, 1)): [10, 5, 2, 0, 0, 1]
(1, (1, 0, 0), (1, 2)): [6, 1, 2]
(1, (1, 0, 0), (2, 0)): [7, 6, 3, 3, 0, 1]
(1, (1, 0, 0), (2, 1)): [7, 2, 1, 2, 0, 2]
(1, (1, 0, 0), (2, 2)): [8, 1, 2]
(1, (1, 0, 0), (3, 0)): [4, 4, 3, 1]
(1, (1, 0, 0), (3, 1)): [4, 1, 2, 3, 0, 1]
(1, (1, 0, 0), (3, 2)): [6, 0, 3, 2]
(1, (1, 0, 1), (0, 0)): [426, 530, 214, 119, 42, 19, 5, 3, 1, 1]
(1, (1, 0, 1), (0, 1)): [1, 1, 2]
(1, (1, 0, 1), (0, 2)): [1, 1, 1]
(1, (1, 0, 1), (1, 0)): [1, 1, 1]
(1, (1, 0, 1), (1, 1)): [0, 0, 2]
(1, (1, 0, 1), (1, 2)): [0, 0, 2]
(1, (1, 0, 1), (2, 2)): [0, 0, 1]
(1, (1, 0, 1), (3, 2)): [0, 0, 1]
(1, (1, 1, 0), (0, 0)): [1255, 428, 318, 212, 85, 33, 10, 6, 6, 1, 1]
(1, (1, 1, 0), (0, 1)): [2]
(1, (1, 1, 0), (1, 0)): [4, 0, 1, 4]
(1, (1, 1, 0), (1, 1)): [2, 0, 0, 1]
(1, (1, 1, 0), (2, 0)): [3, 0, 0, 2]
(1, (1, 1, 0), (2, 1)): [3]
(1, (1, 1, 0), (2, 2)): [2]
(1, (1, 1, 0), (3, 0)): [2, 0, 0, 1]
(1, (1, 1, 0), (3, 2)): [1]
(1, (1, 1, 1), (0, 0)): [246, 187, 132, 104, 73, 27, 14, 9, 5, 1]
(1, (1, 1, 1), (0, 1)): [1, 1]
(1, (1, 1, 1), (0, 2)): [1]
(1, (1, 1, 1), (1, 0)): [1, 2, 1]
(1, (1, 1, 1), (1, 1)): [0, 1]
(1, (1, 1, 1), (2, 0)): [0, 1]
(1, (1, 1, 1), (2, 1)): [0, 1]
(1, (1, 1, 1), (3, 0)): [0, 1]
(2, (0, 0, 0), (0, 0)): [9871, 462, 139, 48, 22, 7, 4, 1]
(2, (0, 0, 0), (0, 1)): [27, 1]
(2, (0, 0, 0), (0, 2)): [15, 1]
(2, (0, 0, 0), (1, 0)): [40, 5, 3, 1, 1]
(2, (0, 0, 0), (1, 1)): [23, 0, 2]
(2, (0, 0, 0), (1, 2)): [11, 0, 2]
(2, (0, 0, 0), (2, 0)): [20, 1, 1, 1, 1]
(2, (0, 0, 0), (2, 1)): [20]
(2, (0, 0, 0), (2, 2)): [16, 0, 2]
(2, (0, 0, 0), (3, 0)): [12, 0, 1, 1, 1]
(2, (0, 0, 0), (3, 1)): [12]
(2, (0, 0, 0), (3, 2)): [15, 0, 2]
(2, (0, 0, 1), (0, 0)): [1232, 425, 78, 24, 11, 6, 4]
(2, (0, 0, 1), (0, 1)): [5]
(2, (0, 0, 1), (0, 2)): [1]
(2, (0, 0, 1), (1, 0)): [3, 2, 3]
(2, (0, 0, 1), (1, 1)): [4, 1, 1]
(2, (0, 0, 1), (1, 2)): [3]
(2, (0, 0, 1), (2, 0)): [1, 1, 2]
(2, (0, 0, 1), (2, 1)): [1, 1, 1]
(2, (0, 0, 1), (2, 2)): [2]
(2, (0, 0, 1), (3, 0)): [1, 1, 2]
(2, (0, 0, 1), (3, 1)): [1, 0, 1]
(2, (0, 0, 1), (3, 2)): [3]
(2, (0, 1, 0), (0, 0)): [2907, 729, 162, 51, 16, 7, 4, 1]
(2, (0, 1, 0), (0, 1)): [2, 1]
(2, (0, 1, 0), (0, 2)): [1]
(2, (0, 1, 0), (1, 0)): [9, 5, 3]
(2, (0, 1, 0), (1, 1)): [3, 2, 1]
(2, (0, 1, 0), (1, 2)): [1, 1]
(2, (0, 1, 0), (2, 0)): [6, 2, 2]
(2, (0, 1, 0), (2, 1)): [5, 1]
(2, (0, 1, 0), (2, 2)): [2, 1]
(2, (0, 1, 0), (3, 0)): [3, 2, 2]
(2, (0, 1, 0), (3, 1)): [3, 1]
(2, (0, 1, 0), (3, 2)): [4]
(2, (0, 1, 1), (0, 0)): [749, 62, 210, 51, 22, 4, 2]
(2, (0, 1, 1), (0, 1)): [4, 2, 1]
(2, (0, 1, 1), (0, 2)): [2, 0, 1]
(2, (0, 1, 1), (1, 0)): [1, 1, 0, 1]
(2, (0, 1, 1), (1, 1)): [2, 1]
(2, (0, 1, 1), (1, 2)): [1, 0, 1]
(2, (0, 1, 1), (2, 0)): [0, 0, 0, 1]
(2, (0, 1, 1), (2, 1)): [1]
(2, (0, 1, 1), (2, 2)): [1, 0, 1]
(2, (0, 1, 1), (3, 2)): [1, 0, 1]
(2, (1, 0, 0), (0, 0)): [6220, 506, 229, 91, 34, 12, 8, 1]
(2, (1, 0, 0), (0, 1)): [16, 0, 0, 1]
(2, (1, 0, 0), (0, 2)): [9]
(2, (1, 0, 0), (1, 0)): [11, 1, 0, 2]
(2, (1, 0, 0), (1, 1)): [12, 0, 0, 2]
(2, (1, 0, 0), (1, 2)): [9, 0, 0, 2]
(2, (1, 0, 0), (2, 0)): [5, 0, 0, 1]
(2, (1, 0, 0), (2, 1)): [4]
(2, (1, 0, 0), (2, 2)): [4, 0, 0, 1]
(2, (1, 0, 0), (3, 0)): [3, 0, 0, 1]
(2, (1, 0, 0), (3, 1)): [3]
(2, (1, 0, 0), (3, 2)): [3, 0, 0, 1]
(2, (1, 0, 1), (0, 0)): [1083, 335, 122, 75, 21, 10, 5]
(2, (1, 0, 1), (0, 1)): [2, 1, 2, 1]
(2, (1, 0, 1), (0, 2)): [1, 1, 1]
(2, (1, 0, 1), (1, 0)): [1, 0, 0, 2]
(2, (1, 0, 1), (1, 1)): [1]
(2, (1, 0, 1), (2, 0)): [1, 0, 0, 2]
(2, (1, 0, 1), (2, 1)): [1]
(2, (1, 0, 1), (2, 2)): [1]
(2, (1, 0, 1), (3, 0)): [1, 0, 0, 1]
(2, (1, 1, 0), (0, 0)): [2109, 347, 202, 112, 33, 15, 5, 2]
(2, (1, 1, 0), (0, 1)): [8, 1, 0, 1]
(2, (1, 1, 0), (0, 2)): [4, 1, 0, 1]
(2, (1, 1, 0), (1, 0)): [7, 1, 1, 3]
(2, (1, 1, 0), (1, 1)): [4, 0, 1, 1]
(2, (1, 1, 0), (1, 2)): [5, 0, 0, 1]
(2, (1, 1, 0), (2, 0)): [5, 1, 0, 2]
(2, (1, 1, 0), (2, 1)): [2, 1, 1, 1]
(2, (1, 1, 0), (2, 2)): [5, 0, 0, 1]
(2, (1, 1, 0), (3, 0)): [3]
(2, (1, 1, 0), (3, 1)): [0, 0, 1, 1]
(2, (1, 1, 0), (3, 2)): [3, 0, 1, 1]
(2, (1, 1, 1), (0, 0)): [571, 85, 104, 65, 34, 14, 8, 2, 1]
(2, (1, 1, 1), (0, 1)): [3, 0, 0, 1]
(2, (1, 1, 1), (0, 2)): [3]
(2, (1, 1, 1), (1, 0)): [3, 0, 0, 1]
(2, (1, 1, 1), (1, 1)): [1, 0, 0, 1]
(2, (1, 1, 1), (1, 2)): [1]
(2, (1, 1, 1), (2, 0)): [2, 0, 0, 1]
(2, (1, 1, 1), (2, 1)): [2, 0, 0, 1]
(2, (1, 1, 1), (2, 2)): [3]
(2, (1, 1, 1), (3, 0)): [0, 0, 0, 1]
(2, (1, 1, 1), (3, 1)): [0, 0, 0, 1]
(2, (1, 1, 1), (3, 2)): [0, 0, 0, 1]
