(0, (0, 0, 0), (0, 0)): [14664, 3074, 1518, 711, 340, 157, 68, 29, 16, 4, 3, 5, 1, 0, 1]
(0, (0, 0, 0), (0, 1)): [788, 174, 79, 30, 21, 8, 1, 3, 1]
(0, (0, 0, 0), (0, 2)): [275, 51, 25, 9, 7, 1, 0, 3]
(0, (0, 0, 0), (1, 0)): [748, 163, 94, 49, 22, 12, 3, 1]
(0, (0, 0, 0), (1, 1)): [658, 148, 74, 31, 17, 8, 1, 0, 1]
(0, (0, 0, 0), (1, 2)): [424, 89, 37, 14, 11, 4, 1, 2, 1]
(0, (0, 0, 0), (2, 0)): [260, 64, 34, 24, 10, 6, 1, 1]
(0, (0, 0, 0), (2, 1)): [372, 87, 40, 24, 13, 6, 0, 1]
(0, (0, 0, 0), (2, 2)): [343, 78, 27, 14, 13, 3, 1, 1]
(0, (0, 0, 0), (3, 0)): [80, 21, 18, 11, 4, 3, 1]
(0, (0, 0, 0), (3, 1)): [155, 37, 25, 17, 6, 4, 0, 1]
(0, (0, 0, 0), (3, 2)): [208, 38, 23, 11, 8, 5, 0, 1]
(0, (0, 0, 1), (0, 0)): [72, 174, 44, 19, 10, 9, 5, 4, 0, 0, 1]
(0, (0, 0, 1), (0, 1)): [1, 7, 6, 0, 1, 1]
(0, (0, 0, 1), (0, 2)): [1, 1, 2, 0, 1]
(0, (0, 0, 1), (1, 0)): [4, 9, 2, 2, 0, 2, 1]
(0, (0, 0, 1), (1, 1)): [0, 9, 4, 0, 0, 1]
(0, (0, 0, 1), (1, 2)): [1, 5, 2]
(0, (0, 0, 1), (2, 0)): [4, 4, 1, 1, 0, 1, 1]
(0, (0, 0, 1), (2, 1)): [3, 2, 4]
(0, (0, 0, 1), (2, 2)): [4, 5, 3]
(0, (0, 0, 1), (3, 0)): [0, 3, 0, 1, 0, 0, 1]
(0, (0, 0, 1), (3, 1)): [0, 0, 2]
(0, (0, 0, 1), (3, 2)): [3, 2]
(0, (0, 1, 0), (0, 0)): [442, 417, 174, 89, 46, 29, 12, 2, 2, 1, 0, 0, 0, 0, 1]
(0, (0, 1, 0), (0, 1)): [14, 22, 7, 3, 2, 2]
(0, (0, 1, 0), (0, 2)): [6, 5, 2, 1]
(0, (0, 1, 0), (1, 0)): [31, 20, 11, 6, 7, 4, 3]
(0, (0, 1, 0), (1, 1)): [20, 19, 9, 2, 2, 2, 1]
(0, (0, 1, 0), (1, 2)): [8, 8, 3, 1, 0, 1, 1]
(0, (0, 1, 0), (2, 0)): [13, 7, 4, 3, 3, 3, 1]
(0, (0, 1, 0), (2, 1)): [12, 9, 4, 3, 1, 3]
(0, (0, 1, 0), (2, 2)): [6, 5, 1, 0, 1, 1, 1]
(0, (0, 1, 0), (3, 0)): [4, 4, 4, 1, 2, 0, 1]
(0, (0, 1, 0), (3, 1)): [7, 8, 6, 3, 2]
(0, (0, 1, 0), (3, 2)): [6, 6, 3, 1, 1, 0, 1]
(0, (0, 1, 1), (0, 0)): [37, 79, 81, 37, 28, 10, 2, 4, 1, 1]
(0, (0, 1, 1), (0, 1)): [1, 2, 5, 2, 2, 1]
(0, (0, 1, 1), (0, 2)): [0, 0, 3, 2, 2, 1]
(0, (0, 1, 1), (1, 0)): [3, 5, 3, 3, 2]
(0, (0, 1, 1), (1, 1)): [2, 2, 2, 0, 2]
(0, (0, 1, 1), (1, 2)): [1, 0, 3, 2, 0, 1]
(0, (0, 1, 1), (2, 0)): [2, 4, 0, 3]
(0, (0, 1, 1), (2, 1)): [1, 3, 0, 1, 2]
(0, (0, 1, 1), (2, 2)): [2, 1, 2, 0, 1]
(0, (0, 1, 1), (3, 0)): [1, 3, 0, 2]
(0, (0, 1, 1), (3, 1)): [0, 2]
(0, (0, 1, 1), (3, 2)): [1, 0, 1]
(0, (1, 0, 0), (0, 0)): [3419, 1068, 738, 388, 185, 93, 39, 22, 12, 4, 2, 3, 1]
(0, (1, 0, 0), (0, 1)): [169, 54, 34, 19, 16, 6, 0, 2, 1]
(0, (1, 0, 0), (0, 2)): [57, 10, 14, 4, 3, 3, 0, 0, 1]
(0, (1, 0, 0), (1, 0)): [182, 39, 44, 20, 11, 5, 3, 1]
(0, (1, 0, 0), (1, 1)): [155, 36, 24, 13, 6, 2, 1, 2]
(0, (1, 0, 0), (1, 2)): [84, 16, 15, 4, 3, 4, 1, 0, 1]
(0, (1, 0, 0), (2, 0)): [50, 18, 18, 10, 6, 3]
(0, (1, 0, 0), (2, 1)): [69, 21, 14, 10, 6, 2, 0, 2]
(0, (1, 0, 0), (2, 2)): [54, 15, 10, 3, 3, 2, 1, 1, 1]
(0, (1, 0, 0), (3, 0)): [18, 5, 11, 5, 3, 1]
(0, (1, 0, 0), (3, 1)): [32, 7, 9, 7, 4, 1]
(0, (1, 0, 0), (3, 2)): [34, 10, 6, 3, 2, 2, 1]
(0, (1, 0, 1), (0, 0)): [86, 247, 80, 70, 29, 8, 8, 5, 3, 0, 1]
(0, (1, 0, 1), (0, 1)): [2, 7, 3, 3, 2, 0, 1]
(0, (1, 0, 1), (0, 2)): [2, 2, 0, 1]
(0, (1, 0, 1), (1, 0)): [6, 17, 4, 3, 0, 2]
(0, (1, 0, 1), (1, 1)): [4, 11, 3, 1, 1, 1, 1]
(0, (1, 0, 1), (1, 2)): [2, 3, 1, 1, 1]
(0, (1, 0, 1), (2, 0)): [2, 6, 2, 2, 0, 1]
(0, (1, 0, 1), (2, 1)): [2, 11, 2, 0, 0, 1]
(0, (1, 0, 1), (2, 2)): [4, 7, 1, 0, 1]
(0, (1, 0, 1), (3, 0)): [0, 1, 1, 1, 0, 1]
(0, (1, 0, 1), (3, 1)): [0, 1, 0, 0, 0, 2]
(0, (1, 0, 1), (3, 2)): [2, 1, 1, 0, 1, 1]
(0, (1, 1, 0), (0, 0)): [511, 300, 238, 177, 97, 60, 24, 11, 5, 2, 1, 3, 1]
(0, (1, 1, 0), (0, 1)): [31, 9, 5, 10, 4, 3, 0, 1]
(0, (1, 1, 0), (0, 2)): [10, 2, 2, 5, 1, 2, 0, 1]
(0, (1, 1, 0), (1, 0)): [25, 17, 18, 11, 9, 4]
(0, (1, 1, 0), (1, 1)): [24, 9, 11, 6, 3, 1]
(0, (1, 1, 0), (1, 2)): [13, 6, 6, 6, 0, 2, 0, 1]
(0, (1, 1, 0), (2, 0)): [7, 3, 6, 6, 3, 3]
(0, (1, 1, 0), (2, 1)): [14, 1, 4, 5, 4]
(0, (1, 1, 0), (2, 2)): [11, 2, 6, 2, 2, 1]
(0, (1, 1, 0), (3, 0)): [0, 0, 3, 2, 0, 2]
(0, (1, 1, 0), (3, 1)): [2, 0, 3, 2, 0, 1]
(0, (1, 1, 0), (3, 2)): [3, 1, 4, 1, 0, 1]
(0, (1, 1, 1), (0, 0)): [43, 87, 67, 62, 51, 25, 11, 7, 2, 1, 0, 1, 1]
(0, (1, 1, 1), (0, 1)): [1, 2, 6, 3, 1]
(0, (1, 1, 1), (0, 2)): [1, 1, 1, 1]
(0, (1, 1, 1), (1, 0)): [3, 5, 3, 4, 3, 4]
(0, (1, 1, 1), (1, 1)): [3, 3, 4, 2, 0, 3]
(0, (1, 1, 1), (1, 2)): [2, 1, 4, 1, 0, 2]
(0, (1, 1, 1), (2, 0)): [0, 3, 1, 3, 3]
(0, (1, 1, 1), (2, 1)): [0, 2, 2, 2, 3, 1]
(0, (1, 1, 1), (2, 2)): [0, 0, 1, 2, 1, 1]
(0, (1, 1, 1), (3, 0)): [0, 1, 0, 1]
(0, (1, 1, 1), (3, 1)): [0, 1, 1, 1]
(0, (1, 1, 1), (3, 2)): [0, 0, 1, 0, 1]
(1, (0, 0, 0), (0, 0)): [11730, 1381, 606, 238, 122, 42, 16, 5, 5, 0, 1, 2]
(1, (0, 0, 0), (0, 1)): [618, 79, 31, 8, 8, 1]
(1, (0, 0, 0), (0, 2)): [224, 25, 6, 2]
(1, (0, 0, 0), (1, 0)): [618, 83, 50, 16, 9, 4, 2, 1]
(1, (0, 0, 0), (1, 1)): [522, 64, 32, 10, 7, 2, 1]
(1, (0, 0, 0), (1, 2)): [341, 44, 12, 5, 2, 1]
(1, (0, 0, 0), (2, 0)): [200, 33, 31, 6, 5, 2, 1]
(1, (0, 0, 0), (2, 1)): [254, 34, 22, 7, 7, 1]
(1, (0, 0, 0), (2, 2)): [255, 29, 13, 4, 1]
(1, (0, 0, 0), (3, 0)): [73, 12, 20, 3, 2, 2, 1]
(1, (0, 0, 0), (3, 1)): [127, 18, 19, 5, 6, 1]
(1, (0, 0, 0), (3, 2)): [144, 14, 11, 4, 2]
(1, (0, 0, 1), (0, 0)): [289, 414, 89, 39, 15, 5, 6, 2]
(1, (0, 0, 1), (0, 1)): [6, 20, 2, 0, 1, 0, 1]
(1, (0, 0, 1), (0, 2)): [3, 7]
(1, (0, 0, 1), (1, 0)): [17, 27, 6, 3, 2, 1, 1]
(1, (0, 0, 1), (1, 1)): [11, 18, 3, 0, 2, 0, 1]
(1, (0, 0, 1), (1, 2)): [6, 11, 0, 0, 1]
(1, (0, 0, 1), (2, 0)): [6, 11, 2, 1, 1, 1, 1]
(1, (0, 0, 1), (2, 1)): [7, 4, 2, 1, 1, 0, 1]
(1, (0, 0, 1), (2, 2)): [4, 8, 1, 0, 1]
(1, (0, 0, 1), (3, 0)): [2, 5, 0, 0, 0, 1, 1]
(1, (0, 0, 1), (3, 1)): [6, 1, 0, 1, 1]
(1, (0, 0, 1), (3, 2)): [3, 4, 1, 1, 1]
(1, (0, 1, 0), (0, 0)): [1466, 626, 264, 129, 57, 17, 5, 3, 2, 0, 2, 0, 0, 0, 1]
(1, (0, 1, 0), (0, 1)): [59, 30, 11, 2, 2, 1]
(1, (0, 1, 0), (0, 2)): [20, 12, 3, 1, 1]
(1, (0, 1, 0), (1, 0)): [116, 29, 14, 7, 8, 0, 0, 1]
(1, (0, 1, 0), (1, 1)): [65, 25, 8, 5, 5, 1]
(1, (0, 1, 0), (1, 2)): [35, 16, 4, 3, 2]
(1, (0, 1, 0), (2, 0)): [57, 8, 8, 2, 3, 0, 0, 1]
(1, (0, 1, 0), (2, 1)): [44, 15, 4, 2, 4, 1, 0, 1]
(1, (0, 1, 0), (2, 2)): [37, 14, 4, 1, 3]
(1, (0, 1, 0), (3, 0)): [29, 3, 2, 1, 2]
(1, (0, 1, 0), (3, 1)): [24, 4, 5, 3, 4, 1]
(1, (0, 1, 0), (3, 2)): [22, 8, 7, 2, 4]
(1, (0, 1, 1), (0, 0)): [266, 210, 187, 95, 53, 17, 10, 3, 5]
(1, (0, 1, 1), (0, 1)): [12, 4, 6, 3, 1, 1, 2]
(1, (0, 1, 1), (0, 2)): [5, 1, 2, 0, 1]
(1, (0, 1, 1), (1, 0)): [24, 17, 10, 11, 8, 1, 0, 1]
(1, (0, 1, 1), (1, 1)): [10, 5, 3, 4, 0, 0, 2]
(1, (0, 1, 1), (1, 2)): [4, 1, 1, 3]
(1, (0, 1, 1), (2, 0)): [17, 13, 5, 7, 8, 1, 0, 1]
(1, (0, 1, 1), (2, 1)): [6, 7, 3, 1, 0, 1, 2]
(1, (0, 1, 1), (2, 2)): [5, 4, 1, 3]
(1, (0, 1, 1), (3, 0)): [15, 11, 4, 6, 7, 0, 0, 1]
(1, (0, 1, 1), (3, 1)): [2, 4, 1, 1, 0, 1, 2]
(1, (0, 1, 1), (3, 2)): [2, 6, 2, 1, 0, 0, 1]
(1, (1, 0, 0), (0, 0)): [4823, 806, 583, 248, 135, 51, 21, 8, 5, 3, 1, 1]
(1, (1, 0, 0), (0, 1)): [261, 35, 30, 10, 6, 3, 2, 0, 0, 1]
(1, (1, 0, 0), (0, 2)): [96, 7, 10, 4, 3, 1, 1, 0, 0, 1]
(1, (1, 0, 0), (1, 0)): [245, 47, 35, 13, 9, 2]
(1, (1, 0, 0), (1, 1)): [208, 31, 24, 5, 7]
(1, (1, 0, 0), (1, 2)): [130, 15, 17, 4, 6, 1]
(1, (1, 0, 0), (2, 0)): [78, 20, 11, 6, 4, 2]
(1, (1, 0, 0), (2, 1)): [96, 23, 16, 3, 2]
(1, (1, 0, 0), (2, 2)): [83, 14, 11, 3, 4]
(1, (1, 0, 0), (3, 0)): [24, 7, 3, 5, 3, 2]
(1, (1, 0, 0), (3, 1)): [40, 14, 7, 2, 3, 1]
(1, (1, 0, 0), (3, 2)): [45, 12, 5, 2, 2, 1]
(1, (1, 0, 1), (0, 0)): [411, 425, 132, 90, 33, 16, 9, 5, 3, 2, 0, 1]
(1, (1, 0, 1), (0, 1)): [23, 13, 3, 3, 4, 1, 2]
(1, (1, 0, 1), (0, 2)): [7, 2, 2, 2, 1, 1]
(1, (1, 0, 1), (1, 0)): [20, 19, 8, 4, 3, 2]
(1, (1, 0, 1), (1, 1)): [17, 11, 3, 1, 4, 1, 1]
(1, (1, 0, 1), (1, 2)): [10, 2, 4, 2, 1, 1]
(1, (1, 0, 1), (2, 0)): [8, 5, 4, 3, 1]
(1, (1, 0, 1), (2, 1)): [10, 6, 1, 3, 2, 1, 1]
(1, (1, 0, 1), (2, 2)): [5, 2, 3, 0, 1]
(1, (1, 0, 1), (3, 0)): [0, 1, 2, 1, 1]
(1, (1, 0, 1), (3, 1)): [3, 2, 2, 2, 2, 1]
(1, (1, 0, 1), (3, 2)): [5, 1, 2, 0, 1, 1]
(1, (1, 1, 0), (0, 0)): [1391, 428, 286, 243, 132, 54, 20, 6, 4, 3, 1, 1, 0, 0, 1]
(1, (1, 1, 0), (0, 1)): [78, 16, 11, 11, 3, 1]
(1, (1, 1, 0), (0, 2)): [30, 3, 3, 5, 2]
(1, (1, 1, 0), (1, 0)): [71, 22, 14, 15, 8, 2]
(1, (1, 1, 0), (1, 1)): [63, 21, 12, 10, 5, 2]
(1, (1, 1, 0), (1, 2)): [44, 8, 4, 8, 3]
(1, (1, 1, 0), (2, 0)): [26, 4, 2, 5, 3, 1]
(1, (1, 1, 0), (2, 1)): [29, 7, 5, 8, 1, 1]
(1, (1, 1, 0), (2, 2)): [34, 4, 1, 5, 3]
(1, (1, 1, 0), (3, 0)): [9, 1, 2, 0, 2, 1]
(1, (1, 1, 0), (3, 1)): [13, 3, 4, 1, 2, 1]
(1, (1, 1, 0), (3, 2)): [19, 5, 3, 2, 3, 1]
(1, (1, 1, 1), (0, 0)): [318, 240, 160, 126, 97, 54, 19, 8, 3, 1, 1, 3, 2, 1, 1]
(1, (1, 1, 1), (0, 1)): [18, 7, 11, 6, 8, 1]
(1, (1, 1, 1), (0, 2)): [8, 4, 4, 2, 5]
(1, (1, 1, 1), (1, 0)): [15, 10, 8, 5, 7, 6, 2]
(1, (1, 1, 1), (1, 1)): [10, 5, 6, 3, 5]
(1, (1, 1, 1), (1, 2)): [7, 1, 5, 2, 3]
(1, (1, 1, 1), (2, 0)): [6, 6, 4, 1, 2, 3, 1]
(1, (1, 1, 1), (2, 1)): [5, 3, 4, 1, 4, 1]
(1, (1, 1, 1), (2, 2)): [1, 1, 6, 1, 4]
(1, (1, 1, 1), (3, 0)): [3, 4, 0, 1, 0, 2, 1]
(1, (1, 1, 1), (3, 1)): [5, 2, 0, 2, 1, 2]
(1, (1, 1, 1), (3, 2)): [4, 2, 0, 3, 3, 1]
(2, (0, 0, 0), (0, 0)): [10184, 535, 187, 55, 25, 3, 4, 1, 1]
(2, (0, 0, 0), (0, 1)): [588, 23, 13, 2]
(2, (0, 0, 0), (0, 2)): [177, 5, 2, 1]
(2, (0, 0, 0), (1, 0)): [539, 41, 6, 2, 1, 1]
(2, (0, 0, 0), (1, 1)): [486, 28, 8, 1]
(2, (0, 0, 0), (1, 2)): [284, 12, 4, 1]
(2, (0, 0, 0), (2, 0)): [209, 20, 4, 2, 1, 1]
(2, (0, 0, 0), (2, 1)): [280, 19, 5, 2]
(2, (0, 0, 0), (2, 2)): [236, 13, 5, 1]
(2, (0, 0, 0), (3, 0)): [71, 6, 2, 1, 0, 1]
(2, (0, 0, 0), (3, 1)): [128, 12, 4, 2, 0, 1]
(2, (0, 0, 0), (3, 2)): [149, 11, 7, 1]
(2, (0, 0, 1), (0, 0)): [765, 263, 57, 20, 14, 3, 1]
(2, (0, 0, 1), (0, 1)): [35, 17, 4, 0, 1]
(2, (0, 0, 1), (0, 2)): [19, 7, 2, 0, 1]
(2, (0, 0, 1), (1, 0)): [48, 16, 6, 3, 2]
(2, (0, 0, 1), (1, 1)): [30, 10, 4]
(2, (0, 0, 1), (1, 2)): [24, 8, 2, 0, 1]
(2, (0, 0, 1), (2, 0)): [18, 8, 1, 3, 2]
(2, (0, 0, 1), (2, 1)): [23, 6, 4, 0, 2]
(2, (0, 0, 1), (2, 2)): [19, 7, 2, 0, 2]
(2, (0, 0, 1), (3, 0)): [7, 4, 1, 3]
(2, (0, 0, 1), (3, 1)): [12, 3, 1, 2]
(2, (0, 0, 1), (3, 2)): [15, 5, 1, 0, 1]
(2, (0, 1, 0), (0, 0)): [2344, 521, 155, 57, 17, 5, 1, 0, 0, 0, 1]
(2, (0, 1, 0), (0, 1)): [111, 20, 6, 1, 2]
(2, (0, 1, 0), (0, 2)): [47, 6]
(2, (0, 1, 0), (1, 0)): [141, 31, 15, 5, 0, 1]
(2, (0, 1, 0), (1, 1)): [103, 22, 7, 1, 1]
(2, (0, 1, 0), (1, 2)): [60, 9]
(2, (0, 1, 0), (2, 0)): [64, 13, 9, 4, 0, 1]
(2, (0, 1, 0), (2, 1)): [59, 16, 6, 1, 1]
(2, (0, 1, 0), (2, 2)): [57, 9, 2, 0, 1]
(2, (0, 1, 0), (3, 0)): [34, 4, 7, 4]
(2, (0, 1, 0), (3, 1)): [32, 3, 5, 2]
(2, (0, 1, 0), (3, 2)): [37, 4, 2, 0, 1]
(2, (0, 1, 1), (0, 0)): [536, 53, 136, 32, 15, 3, 4, 1, 1]
(2, (0, 1, 1), (0, 1)): [29, 2, 4, 2, 1, 1, 1]
(2, (0, 1, 1), (0, 2)): [15, 0, 3, 0, 0, 0, 1]
(2, (0, 1, 1), (1, 0)): [41, 2, 7, 3, 2]
(2, (0, 1, 1), (1, 1)): [25, 3, 3, 4, 1, 1]
(2, (0, 1, 1), (1, 2)): [19, 1, 3, 1, 1, 0, 1]
(2, (0, 1, 1), (2, 0)): [17, 1, 3, 0, 2]
(2, (0, 1, 1), (2, 1)): [13, 2, 4, 0, 1, 1]
(2, (0, 1, 1), (2, 2)): [13, 1, 4, 1]
(2, (0, 1, 1), (3, 0)): [11, 1, 1, 0, 1]
(2, (0, 1, 1), (3, 1)): [7, 1, 0, 0, 0, 1]
(2, (0, 1, 1), (3, 2)): [9, 2, 2, 1, 0, 1]
(2, (1, 0, 0), (0, 0)): [5789, 423, 327, 94, 37, 7, 7, 1, 1, 1]
(2, (1, 0, 0), (0, 1)): [264, 13, 13, 2, 1, 1]
(2, (1, 0, 0), (0, 2)): [83, 4, 3, 2]
(2, (1, 0, 0), (1, 0)): [331, 28, 24, 7, 2, 1]
(2, (1, 0, 0), (1, 1)): [246, 14, 17, 3]
(2, (1, 0, 0), (1, 2)): [138, 4, 5, 3]
(2, (1, 0, 0), (2, 0)): [105, 11, 11, 2, 1]
(2, (1, 0, 0), (2, 1)): [127, 10, 12, 1]
(2, (1, 0, 0), (2, 2)): [112, 4, 6, 1]
(2, (1, 0, 0), (3, 0)): [35, 5, 3, 2, 1]
(2, (1, 0, 0), (3, 1)): [50, 7, 7, 2, 1]
(2, (1, 0, 0), (3, 2)): [65, 4, 3, 1, 1]
(2, (1, 0, 1), (0, 0)): [912, 201, 94, 60, 22, 3, 3, 0, 1]
(2, (1, 0, 1), (0, 1)): [53, 6, 4, 2, 4]
(2, (1, 0, 1), (0, 2)): [23, 0, 0, 0, 1]
(2, (1, 0, 1), (1, 0)): [44, 16, 6, 3, 1]
(2, (1, 0, 1), (1, 1)): [40, 8, 4, 1, 2]
(2, (1, 0, 1), (1, 2)): [34, 1, 0, 0, 1]
(2, (1, 0, 1), (2, 0)): [13, 5, 4, 1]
(2, (1, 0, 1), (2, 1)): [19, 7, 4, 0, 2]
(2, (1, 0, 1), (2, 2)): [25, 4, 1, 0, 1]
(2, (1, 0, 1), (3, 0)): [2, 2, 2, 1]
(2, (1, 0, 1), (3, 1)): [6, 2, 2, 1]
(2, (1, 0, 1), (3, 2)): [10, 5, 2, 1, 1]
(2, (1, 1, 0), (0, 0)): [2541, 439, 212, 141, 56, 13, 6, 2, 1, 1]
(2, (1, 1, 0), (0, 1)): [109, 18, 15, 5, 2]
(2, (1, 1, 0), (0, 2)): [39, 4, 3]
(2, (1, 1, 0), (1, 0)): [118, 19, 12, 7, 2]
(2, (1, 1, 0), (1, 1)): [92, 11, 12, 5, 2]
(2, (1, 1, 0), (1, 2)): [55, 6, 7]
(2, (1, 1, 0), (2, 0)): [45, 10, 4, 4, 2]
(2, (1, 1, 0), (2, 1)): [48, 6, 6, 5, 2]
(2, (1, 1, 0), (2, 2)): [42, 6, 5, 3, 2]
(2, (1, 1, 0), (3, 0)): [13, 6, 2, 2]
(2, (1, 1, 0), (3, 1)): [18, 7, 4, 1]
(2, (1, 1, 0), (3, 2)): [20, 4, 1, 2, 2]
(2, (1, 1, 1), (0, 0)): [736, 126, 124, 82, 74, 19, 8, 2, 1]
(2, (1, 1, 1), (0, 1)): [34, 5, 5, 2, 6]
(2, (1, 1, 1), (0, 2)): [14, 0, 3]
(2, (1, 1, 1), (1, 0)): [30, 9, 10, 6, 6, 1, 1]
(2, (1, 1, 1), (1, 1)): [24, 8, 7, 2, 6]
(2, (1, 1, 1), (1, 2)): [17, 1, 3, 0, 1]
(2, (1, 1, 1), (2, 0)): [8, 5, 3, 3, 2, 1, 1]
(2, (1, 1, 1), (2, 1)): [13, 7, 5, 3, 3, 0, 1]
(2, (1, 1, 1), (2, 2)): [9, 0, 3, 2, 2]
(2, (1, 1, 1), (3, 0)): [0, 2, 1, 1, 1]
(2, (1, 1, 1), (3, 1)): [1, 5, 1, 0, 3, 0, 1]
(2, (1, 1, 1), (3, 2)): [3, 2, 4, 1, 2]
