(0, (0, 0, 0)): [30523, 6114, 2682, 1245, 570, 211, 88, 29, 12, 6, 1, 1, 1]
(0, (0, 0, 1)): [106, 322, 71, 43, 18, 7, 7, 3, 1, 0, 0, 1]
(0, (0, 1, 0)): [1143, 1036, 437, 233, 86, 40, 14, 6, 3, 1]
(0, (0, 1, 1)): [69, 154, 157, 77, 44, 21, 5, 3, 2]
(0, (1, 0, 0)): [5875, 2030, 1250, 656, 302, 120, 49, 14, 6, 5, 1, 0, 1]
(0, (1, 0, 1)): [163, 428, 165, 130, 60, 27, 19, 6, 2, 0, 0, 1]
(0, (1, 1, 0)): [847, 501, 381, 297, 148, 51, 22, 8, 2, 4, 2]
(0, (1, 1, 1)): [61, 147, 120, 87, 59, 33, 17, 10, 3, 4, 2]
(1, (0, 0, 0)): [23709, 2802, 1126, 401, 179, 46, 21, 7, 1]
(1, (0, 0, 1)): [706, 877, 196, 82, 32, 11, 2, 3, 2]
(1, (0, 1, 0)): [3237, 1428, 492, 238, 98, 31, 10, 5, 2, 0, 0, 1, 1]
(1, (0, 1, 1)): [461, 355, 333, 139, 70, 22, 8, 2, 2]
(1, (1, 0, 0)): [8493, 1573, 1068, 406, 179, 66, 23, 7, 1, 1]
(1, (1, 0, 1)): [728, 815, 240, 160, 84, 25, 6, 3, 1]
(1, (1, 1, 0)): [2542, 732, 480, 368, 120, 44, 20, 10, 1, 1, 0, 1]
(1, (1, 1, 1)): [492, 391, 257, 152, 110, 37, 11, 6, 1]
(2, (0, 0, 0)): [21060, 1037, 337, 96, 32, 8, 6, 2]
(2, (0, 0, 1)): [2025, 570, 113, 42, 17, 3]
(2, (0, 1, 0)): [5173, 1036, 254, 114, 37, 9, 2, 2]
(2, (0, 1, 1)): [1135, 97, 250, 82, 23, 10, 2]
(2, (1, 0, 0)): [10089, 747, 530, 158, 61, 15, 9, 1]
(2, (1, 0, 1)): [1864, 432, 181, 106, 41, 10, 2, 5, 0, 0, 0, 1]
(2, (1, 1, 0)): [4178, 627, 279, 238, 68, 20, 14, 3]
(2, (1, 1, 1)): [1149, 174, 186, 90, 69, 23, 9, 5, 0, 0, 1, 1]
