(0, (0, 0, 0), (0, 0)): [22305, 4182, 1873, 844, 338, 126, 49, 22, 4, 3, 0, 0, 1, 1]
(0, (0, 0, 0), (0, 1)): [35, 8, 4, 1]
(0, (0, 0, 0), (0, 2)): [19, 3, 1, 1]
(0, (0, 0, 0), (1, 0)): [33, 6, 4, 1]
(0, (0, 0, 0), (1, 1)): [27, 5, 2]
(0, (0, 0, 0), (1, 2)): [22, 3, 2, 1]
(0, (0, 0, 0), (2, 0)): [8, 3, 3, 1]
(0, (0, 0, 0), (2, 1)): [14, 3, 1, 1]
(0, (0, 0, 0), (2, 2)): [13, 2, 1]
(0, (0, 0, 0), (3, 0)): [1, 1, 2]
(0, (0, 0, 0), (3, 1)): [4, 1, 3, 1]
(0, (0, 0, 0), (3, 2)): [8, 1, 3, 1]
(0, (0, 0, 1), (0, 0)): [111, 247, 60, 35, 14, 1, 2]
(0, (0, 0, 1), (0, 1)): [0, 1, 1]
(0, (0, 0, 1), (1, 1)): [0, 1, 1]
(0, (0, 0, 1), (1, 2)): [0, 1, 1]
(0, (0, 0, 1), (2, 2)): [0, 0, 1]
(0, (0, 0, 1), (3, 2)): [0, 0, 1]
(0, (0, 1, 0), (0, 0)): [832, 636, 268, 115, 55, 21, 2, 2, 0, 1, 0, 0, 0, 1]
(0, (0, 1, 0), (0, 1)): [2, 1]
(0, (0, 1, 0), (0, 2)): [2]
(0, (0, 1, 0), (1, 0)): [1, 0, 1]
(0, (0, 1, 0), (1, 1)): [1, 1]
(0, (0, 1, 0), (1, 2)): [2, 1]
(0, (0, 1, 0), (2, 0)): [0, 0, 1]
(0, (0, 1, 0), (2, 2)): [1]
(0, (0, 1, 0), (3, 0)): [0, 0, 1]
(0, (0, 1, 1), (0, 0)): [67, 92, 108, 58, 22, 11, 6, 2, 1, 0, 0, 0, 1]
(0, (1, 0, 0), (0, 0)): [4533, 1325, 897, 412, 179, 61, 31, 12, 4, 1, 0, 0, 1]
(0, (1, 0, 0), (0, 1)): [6, 4, 2]
(0, (1, 0, 0), (0, 2)): [3, 2, 1]
(0, (1, 0, 0), (1, 0)): [4, 1, 3, 1]
(0, (1, 0, 0), (1, 1)): [6, 0, 2]
(0, (1, 0, 0), (1, 2)): [5, 1, 1]
(0, (1, 0, 0), (2, 0)): [1, 1, 0, 1]
(0, (1, 0, 0), (2, 1)): [1, 1, 0, 1]
(0, (1, 0, 0), (2, 2)): [3, 1, 1]
(0, (1, 0, 0), (3, 1)): [1, 0, 0, 1]
(0, (1, 0, 0), (3, 2)): [1, 1, 1]
(0, (1, 0, 1), (0, 0)): [137, 307, 129, 81, 54, 12, 7, 3, 2, 2, 0, 1, 1, 1]
(0, (1, 1, 0), (0, 0)): [581, 334, 236, 180, 85, 35, 13, 13, 2]
(0, (1, 1, 0), (0, 1)): [0, 3, 0, 1]
(0, (1, 1, 0), (0, 2)): [0, 1]
(0, (1, 1, 0), (1, 0)): [1, 0, 2]
(0, (1, 1, 0), (1, 1)): [1, 0, 2, 1]
(0, (1, 1, 0), (1, 2)): [1, 1]
(0, (1, 1, 0), (2, 1)): [0, 0, 1, 1]
(0, (1, 1, 0), (2, 2)): [0, 1, 0, 1]
(0, (1, 1, 1), (0, 0)): [68, 93, 81, 53, 46, 20, 9, 7, 1, 0, 0, 0, 1]
(1, (0, 0, 0), (0, 0)): [18377, 1954, 720, 303, 109, 42, 12, 8, 1, 1]
(1, (0, 0, 0), (0, 1)): [26, 1]
(1, (0, 0, 0), (0, 2)): [12]
(1, (0, 0, 0), (1, 0)): [28, 4, 2, 1]
(1, (0, 0, 0), (1, 1)): [23, 1, 2, 1]
(1, (0, 0, 0), (1, 2)): [15, 0, 2, 1]
(1, (0, 0, 0), (2, 0)): [7, 3]
(1, (0, 0, 0), (2, 1)): [10, 4]
(1, (0, 0, 0), (2, 2)): [8, 2, 2]
(1, (0, 0, 0), (3, 0)): [3]
(1, (0, 0, 0), (3, 1)): [4]
(1, (0, 0, 0), (3, 2)): [3, 2, 1]
(1, (0, 0, 1), (0, 0)): [530, 569, 117, 43, 21, 4, 1]
(1, (0, 0, 1), (0, 1)): [1]
(1, (0, 0, 1), (0, 2)): [1]
(1, (0, 0, 1), (1, 2)): [1]
(1, (0, 1, 0), (0, 0)): [2306, 910, 329, 149, 51, 11, 4, 4]
(1, (0, 1, 0), (0, 1)): [6, 2]
(1, (0, 1, 0), (0, 2)): [0, 1]
(1, (0, 1, 0), (1, 0)): [3, 1]
(1, (0, 1, 0), (1, 1)): [6, 1]
(1, (0, 1, 0), (1, 2)): [2, 1]
(1, (0, 1, 0), (2, 0)): [1]
(1, (0, 1, 0), (2, 1)): [2]
(1, (0, 1, 0), (2, 2)): [1, 1]
(1, (0, 1, 0), (3, 0)): [1]
(1, (0, 1, 0), (3, 1)): [2]
(1, (0, 1, 0), (3, 2)): [1]
(1, (0, 1, 1), (0, 0)): [379, 248, 194, 91, 45, 11, 7, 6, 0, 0, 0, 1]
(1, (0, 1, 1), (1, 0)): [1, 1]
(1, (0, 1, 1), (1, 1)): [1]
(1, (0, 1, 1), (2, 0)): [0, 1]
(1, (0, 1, 1), (2, 1)): [1, 1]
(1, (0, 1, 1), (2, 2)): [1, 1]
(1, (0, 1, 1), (3, 2)): [1, 1]
(1, (1, 0, 0), (0, 0)): [6495, 1119, 708, 285, 106, 43, 13, 5, 2, 1, 1]
(1, (1, 0, 0), (0, 1)): [19, 2, 1, 1]
(1, (1, 0, 0), (0, 2)): [9, 0, 1]
(1, (1, 0, 0), (1, 0)): [4, 1, 1]
(1, (1, 0, 0), (1, 1)): [9, 2, 0, 1]
(1, (1, 0, 0), (1, 2)): [10, 0, 1, 1]
(1, (1, 0, 0), (2, 0)): [1, 1, 1]
(1, (1, 0, 0), (2, 1)): [3, 2]
(1, (1, 0, 0), (2, 2)): [4, 0, 1]
(1, (1, 0, 0), (3, 0)): [0, 0, 1]
(1, (1, 0, 0), (3, 1)): [0, 2, 1]
(1, (1, 0, 0), (3, 2)): [1, 1]
(1, (1, 0, 1), (0, 0)): [576, 580, 160, 111, 47, 16, 4, 3]
(1, (1, 1, 0), (0, 0)): [1678, 492, 291, 249, 85, 36, 10, 2, 1, 0, 0, 1]
(1, (1, 1, 0), (0, 1)): [0, 3, 0, 1]
(1, (1, 1, 0), (1, 0)): [1, 1, 2]
(1, (1, 1, 0), (1, 1)): [0, 3, 2, 1]
(1, (1, 1, 0), (1, 2)): [0, 1, 1, 1]
(1, (1, 1, 0), (2, 0)): [1, 1]
(1, (1, 1, 0), (2, 1)): [1, 1]
(1, (1, 1, 0), (2, 2)): [1, 1, 1, 1]
(1, (1, 1, 0), (3, 0)): [0, 1]
(1, (1, 1, 0), (3, 1)): [0, 1]
(1, (1, 1, 1), (0, 0)): [354, 219, 138, 100, 69, 22, 8, 4, 0, 0, 0, 1]
(1, (1, 1, 1), (0, 1)): [1, 1]
(1, (1, 1, 1), (0, 2)): [0, 1]
(1, (1, 1, 1), (1, 0)): [0, 1, 1]
(1, (1, 1, 1), (1, 1)): [1, 1]
(1, (1, 1, 1), (1, 2)): [1, 1]
(1, (1, 1, 1), (2, 0)): [0, 0, 1]
(1, (1, 1, 1), (2, 1)): [0, 1]
(1, (1, 1, 1), (2, 2)): [0, 1]
(1, (1, 1, 1), (3, 0)): [0, 0, 1]
(1, (1, 1, 1), (3, 1)): [0, 0, 1]
(1, (1, 1, 1), (3, 2)): [0, 1]
(2, (0, 0, 0), (0, 0)): [16159, 693, 210, 75, 21, 5, 2]
(2, (0, 0, 0), (0, 1)): [18, 1, 1]
(2, (0, 0, 0), (0, 2)): [8]
(2, (0, 0, 0), (1, 0)): [18, 1, 1]
(2, (0, 0, 0), (1, 1)): [13, 1, 2]
(2, (0, 0, 0), (1, 2)): [10, 0, 1]
(2, (0, 0, 0), (2, 0)): [7, 1]
(2, (0, 0, 0), (2, 1)): [7, 1, 1]
(2, (0, 0, 0), (2, 2)): [9]
(2, (0, 0, 0), (3, 0)): [4, 1]
(2, (0, 0, 0), (3, 1)): [4, 1]
(2, (0, 0, 0), (3, 2)): [4]
(2, (0, 0, 1), (0, 0)): [1230, 345, 70, 22, 4, 1, 1]
(2, (0, 0, 1), (0, 1)): [2, 0, 1]
(2, (0, 0, 1), (0, 2)): [1]
(2, (0, 0, 1), (1, 0)): [1]
(2, (0, 0, 1), (1, 1)): [0, 0, 1]
(2, (0, 0, 1), (1, 2)): [1]
(2, (0, 0, 1), (2, 0)): [1]
(2, (0, 0, 1), (2, 1)): [0, 0, 1]
(2, (0, 0, 1), (2, 2)): [0, 0, 1]
(2, (0, 0, 1), (3, 0)): [1]
(2, (0, 1, 0), (0, 0)): [3592, 663, 183, 86, 15, 4, 1, 1]
(2, (0, 1, 0), (0, 1)): [6, 2]
(2, (0, 1, 0), (0, 2)): [3]
(2, (0, 1, 0), (1, 0)): [9]
(2, (0, 1, 0), (1, 1)): [2, 1]
(2, (0, 1, 0), (1, 2)): [3]
(2, (0, 1, 0), (2, 0)): [8]
(2, (0, 1, 0), (2, 1)): [4]
(2, (0, 1, 0), (2, 2)): [3]
(2, (0, 1, 0), (3, 0)): [4]
(2, (0, 1, 0), (3, 1)): [2]
(2, (0, 1, 1), (0, 0)): [758, 57, 137, 36, 14, 4, 0, 2]
(2, (0, 1, 1), (1, 0)): [1]
(2, (0, 1, 1), (1, 1)): [1]
(2, (0, 1, 1), (1, 2)): [1]
(2, (1, 0, 0), (0, 0)): [7744, 487, 375, 106, 33, 10, 3, 1, 1]
(2, (1, 0, 0), (0, 1)): [9, 1]
(2, (1, 0, 0), (0, 2)): [3]
(2, (1, 0, 0), (1, 0)): [8, 1]
(2, (1, 0, 0), (1, 1)): [9, 1]
(2, (1, 0, 0), (1, 2)): [8]
(2, (1, 0, 0), (2, 0)): [0, 1]
(2, (1, 0, 0), (2, 1)): [2]
(2, (1, 0, 0), (2, 2)): [6]
(2, (1, 0, 0), (3, 0)): [0, 1]
(2, (1, 0, 0), (3, 1)): [1]
(2, (1, 0, 0), (3, 2)): [2]
(2, (1, 0, 1), (0, 0)): [1345, 275, 98, 70, 14, 5, 1, 1, 1]
(2, (1, 0, 1), (0, 1)): [3, 0, 1]
(2, (1, 0, 1), (0, 2)): [1]
(2, (1, 0, 1), (1, 0)): [2]
(2, (1, 0, 1), (1, 1)): [3, 0, 1]
(2, (1, 0, 1), (1, 2)): [2]
(2, (1, 0, 1), (2, 0)): [1]
(2, (1, 0, 1), (2, 1)): [2, 0, 1]
(2, (1, 0, 1), (2, 2)): [2]
(2, (1, 0, 1), (3, 1)): [0, 0, 1]
(2, (1, 0, 1), (3, 2)): [0, 0, 1]
(2, (1, 1, 0), (0, 0)): [2904, 427, 195, 166, 41, 12, 3, 1]
(2, (1, 1, 0), (0, 1)): [8, 1]
(2, (1, 1, 0), (0, 2)): [3, 1]
(2, (1, 1, 0), (1, 0)): [5, 2, 2]
(2, (1, 1, 0), (1, 1)): [5, 1]
(2, (1, 1, 0), (1, 2)): [5, 2]
(2, (1, 1, 0), (2, 0)): [2, 1, 2]
(2, (1, 1, 0), (2, 1)): [1]
(2, (1, 1, 0), (2, 2)): [2, 1]
(2, (1, 1, 0), (3, 0)): [1, 1, 2]
(2, (1, 1, 0), (3, 1)): [1]
(2, (1, 1, 0), (3, 2)): [1, 1]
(2, (1, 1, 1), (0, 0)): [812, 106, 138, 61, 33, 9, 1, 1, 1]
(2, (1, 1, 1), (0, 1)): [2, 0, 2]
(2, (1, 1, 1), (0, 2)): [2, 0, 1]
(2, (1, 1, 1), (1, 0)): [0, 1, 1]
(2, (1, 1, 1), (1, 1)): [0, 1, 2]
(2, (1, 1, 1), (1, 2)): [1, 0, 1]
