(0, (0, 0, 0)): [108217, 20838, 9289, 4159, 1862, 798, 346, 135, 49, 17, 11, 0, 0, 1, 2]
(0, (0, 0, 1)): [584, 1684, 503, 227, 103, 39, 24, 14, 3]
(0, (0, 1, 0)): [3271, 3342, 1228, 556, 280, 130, 45, 13, 14, 6, 2]
(0, (0, 1, 1)): [279, 506, 649, 300, 161, 82, 32, 8, 4, 1, 0, 0, 0, 0, 1]
(0, (1, 0, 0)): [24322, 8558, 4852, 2415, 1097, 491, 234, 83, 29, 7, 9, 0, 0, 1, 2]
(0, (1, 0, 1)): [569, 1497, 702, 453, 257, 99, 56, 23, 9, 2, 0, 0, 0, 0, 1]
(0, (1, 1, 0)): [3044, 2064, 1662, 1098, 578, 280, 134, 44, 17, 6, 8, 0, 0, 1]
(0, (1, 1, 1)): [318, 564, 494, 421, 324, 153, 68, 36, 14, 8, 6, 0, 0, 0, 1]
(1, (0, 0, 0)): [84978, 8599, 3366, 1271, 531, 208, 66, 35, 7, 5, 2]
(1, (0, 0, 1)): [3121, 4682, 890, 354, 156, 64, 19, 10, 4, 0, 0, 1]
(1, (0, 1, 0)): [13247, 6406, 2094, 805, 325, 127, 48, 22, 3, 2]
(1, (0, 1, 1)): [2205, 1877, 1927, 742, 314, 126, 45, 18, 4, 0, 1, 1, 0, 1]
(1, (1, 0, 0)): [34462, 6376, 3540, 1527, 589, 259, 76, 40, 10, 5, 2, 0, 0, 1]
(1, (1, 0, 1)): [2558, 3269, 1224, 686, 287, 132, 43, 21, 4, 3]
(1, (1, 1, 0)): [8520, 2707, 1877, 1242, 517, 217, 74, 29, 11, 4, 1, 0, 0, 2]
(1, (1, 1, 1)): [1551, 1356, 841, 617, 394, 186, 62, 28, 8, 2, 0, 0, 0, 1]
(2, (0, 0, 0)): [72861, 2787, 909, 287, 100, 31, 8, 6, 1, 1, 1]
(2, (0, 0, 1)): [9464, 3208, 527, 158, 54, 17, 7]
(2, (0, 1, 0)): [21730, 4791, 1171, 354, 106, 38, 9, 4, 1, 1]
(2, (0, 1, 1)): [5731, 520, 1295, 341, 99, 35, 12, 2, 3, 0, 1]
(2, (1, 0, 0)): [41632, 3203, 1516, 499, 157, 46, 17, 11, 3, 0, 1]
(2, (1, 0, 1)): [6788, 1938, 873, 361, 101, 34, 15, 5, 3, 0, 0, 1]
(2, (1, 1, 0)): [13067, 2047, 1050, 592, 198, 62, 14, 9, 2, 0, 2, 0, 0, 1]
(2, (1, 1, 1)): [3903, 650, 654, 356, 215, 59, 18, 8, 4, 1, 2, 0, 0, 1]
