(0, (0, 0, 0)): [82491, 15286, 6715, 2932, 1291, 524, 210, 77, 31, 14, 8, 0, 0, 0, 1]
(0, (0, 0, 1)): [459, 1257, 392, 157, 73, 28, 19, 6, 2]
(0, (0, 1, 0)): [2420, 2488, 862, 404, 200, 77, 28, 10, 7, 4, 2]
(0, (0, 1, 1)): [212, 377, 457, 224, 103, 51, 20, 7, 2, 0, 0, 0, 0, 0, 1]
(0, (1, 0, 0)): [18374, 6400, 3494, 1746, 765, 313, 132, 51, 20, 7, 7, 0, 0, 0, 1]
(0, (1, 0, 1)): [419, 1067, 483, 318, 164, 62, 32, 14, 7, 1]
(0, (1, 1, 0)): [2265, 1526, 1226, 765, 424, 175, 75, 27, 11, 6, 6]
(0, (1, 1, 1)): [251, 438, 368, 298, 230, 97, 43, 25, 10, 6, 5, 0, 0, 0, 1]
(1, (0, 0, 0)): [64805, 6254, 2448, 853, 362, 148, 43, 19, 6, 5, 1]
(1, (0, 0, 1)): [2440, 3551, 676, 250, 109, 36, 12, 8, 2, 0, 0, 1]
(1, (0, 1, 0)): [10310, 4846, 1557, 594, 218, 78, 32, 16, 3]
(1, (0, 1, 1)): [1684, 1412, 1449, 535, 220, 88, 29, 10, 3, 0, 1]
(1, (1, 0, 0)): [25712, 4690, 2497, 1062, 386, 174, 53, 22, 6, 5, 1]
(1, (1, 0, 1)): [1841, 2355, 884, 487, 196, 79, 33, 13, 3, 3]
(1, (1, 1, 0)): [6241, 1988, 1363, 878, 348, 146, 48, 14, 8, 3, 0, 0, 0, 1]
(1, (1, 1, 1)): [1172, 1012, 604, 440, 269, 127, 38, 15, 6, 1]
(2, (0, 0, 0)): [55605, 1989, 649, 175, 70, 22, 7, 4, 1, 1, 1]
(2, (0, 0, 1)): [7153, 2417, 390, 100, 41, 10, 6]
(2, (0, 1, 0)): [16774, 3624, 849, 258, 65, 24, 4, 4, 0, 1]
(2, (0, 1, 1)): [4301, 406, 963, 233, 75, 23, 9, 1, 1]
(2, (1, 0, 0)): [31049, 2318, 1071, 326, 108, 33, 13, 8, 2, 0, 1]
(2, (1, 0, 1)): [4815, 1381, 647, 231, 63, 23, 8, 3, 1]
(2, (1, 1, 0)): [9567, 1437, 753, 394, 116, 35, 9, 5, 1, 0, 1]
(2, (1, 1, 1)): [2920, 484, 468, 242, 141, 37, 10, 3, 2, 1, 1]
