(0, (0, 0, 0), (0, 0)): [29329, 5642, 2466, 1117, 512, 181, 87, 24, 14, 5, 3, 1]
(0, (0, 0, 0), (0, 1)): [13643, 2709, 1178, 520, 237, 90, 46, 15, 6, 0, 2]
(0, (0, 0, 0), (0, 2)): [5671, 1163, 497, 219, 98, 38, 23, 5, 0, 0, 1]
(0, (0, 0, 0), (1, 0)): [11501, 2105, 938, 428, 198, 67, 27, 7, 7, 5, 1, 1]
(0, (0, 0, 0), (1, 1)): [10980, 2019, 913, 413, 197, 75, 29, 11, 8, 3, 1]
(0, (0, 0, 0), (1, 2)): [8306, 1614, 669, 287, 155, 66, 22, 7, 3, 0, 1]
(0, (0, 0, 0), (2, 0)): [3244, 594, 258, 119, 56, 19, 7, 1, 2, 1, 1, 1]
(0, (0, 0, 0), (2, 1)): [5312, 1010, 445, 197, 99, 29, 15, 4, 4, 3, 2, 1]
(0, (0, 0, 0), (2, 2)): [5703, 1133, 448, 221, 97, 38, 17, 6, 4, 1]
(0, (0, 0, 0), (3, 0)): [544, 84, 40, 15, 5, 2, 0, 0, 0, 1]
(0, (0, 0, 0), (3, 1)): [1490, 280, 135, 57, 27, 11, 2, 1, 0, 2, 2, 1]
(0, (0, 0, 0), (3, 2)): [2402, 468, 214, 90, 50, 17, 7, 2, 1, 3, 2, 1]
(0, (0, 0, 1), (0, 0)): [84, 290, 83, 28, 19, 9, 2, 2, 1]
(0, (0, 0, 1), (0, 1)): [45, 133, 40, 13, 6, 6, 1, 2]
(0, (0, 0, 1), (0, 2)): [24, 51, 17, 6, 3, 2]
(0, (0, 0, 1), (1, 0)): [24, 109, 29, 9, 8, 2, 1, 0, 1]
(0, (0, 0, 1), (1, 1)): [27, 110, 34, 12, 7, 4, 2, 1, 1]
(0, (0, 0, 1), (1, 2)): [22, 79, 27, 10, 6, 3, 1, 1, 1]
(0, (0, 0, 1), (2, 0)): [6, 27, 7, 2, 2]
(0, (0, 0, 1), (2, 1)): [11, 58, 15, 6, 4, 1, 1]
(0, (0, 0, 1), (2, 2)): [9, 61, 17, 7, 3, 1, 0, 1]
(0, (0, 0, 1), (3, 0)): [1, 6, 2]
(0, (0, 0, 1), (3, 1)): [4, 20, 6, 2, 1]
(0, (0, 0, 1), (3, 2)): [5, 36, 7, 4, 2]
(0, (0, 1, 0), (0, 0)): [1158, 1084, 397, 206, 75, 31, 17, 5, 3, 2, 2, 1]
(0, (0, 1, 0), (0, 1)): [530, 508, 178, 92, 32, 14, 6, 2, 2, 0, 1]
(0, (0, 1, 0), (0, 2)): [216, 226, 72, 47, 11, 4, 3, 0, 0, 0, 1]
(0, (0, 1, 0), (1, 0)): [468, 401, 153, 74, 30, 11, 6, 3, 0, 2, 1, 1]
(0, (0, 1, 0), (1, 1)): [458, 386, 150, 68, 31, 16, 4, 3, 2, 1]
(0, (0, 1, 0), (1, 2)): [328, 290, 105, 51, 15, 11, 1, 1, 1, 0, 1]
(0, (0, 1, 0), (2, 0)): [129, 130, 47, 20, 10, 1, 1, 0, 0, 0, 1, 1]
(0, (0, 1, 0), (2, 1)): [219, 209, 78, 31, 19, 5, 4, 2, 1, 1, 1, 1]
(0, (0, 1, 0), (2, 2)): [238, 187, 72, 32, 17, 6, 3, 1, 1, 1]
(0, (0, 1, 0), (3, 0)): [21, 15, 6, 2, 1]
(0, (0, 1, 0), (3, 1)): [57, 61, 23, 6, 4, 2, 0, 1, 1, 0, 1, 1]
(0, (0, 1, 0), (3, 2)): [83, 82, 38, 12, 6, 4, 2, 1, 1, 1, 1, 1]
(0, (0, 1, 1), (0, 0)): [80, 154, 159, 86, 33, 20, 11, 3, 2, 1]
(0, (0, 1, 1), (0, 1)): [36, 68, 81, 35, 14, 7, 5, 1, 1]
(0, (0, 1, 1), (0, 2)): [20, 28, 30, 15, 6, 4]
(0, (0, 1, 1), (1, 0)): [32, 52, 57, 38, 12, 10, 6, 1, 1, 1]
(0, (0, 1, 1), (1, 1)): [26, 40, 63, 30, 14, 8, 6, 1, 2, 1]
(0, (0, 1, 1), (1, 2)): [21, 28, 44, 24, 11, 6, 3, 1]
(0, (0, 1, 1), (2, 0)): [12, 14, 9, 13, 3, 2, 1]
(0, (0, 1, 1), (2, 1)): [15, 19, 28, 16, 6, 4, 1, 0, 1, 1]
(0, (0, 1, 1), (2, 2)): [15, 21, 31, 19, 7, 1, 2]
(0, (0, 1, 1), (3, 0)): [1, 2, 0, 1, 0, 0, 1]
(0, (0, 1, 1), (3, 1)): [7, 6, 5, 6, 1, 1, 1]
(0, (0, 1, 1), (3, 2)): [10, 5, 10, 7, 5, 1, 1]
(0, (1, 0, 0), (0, 0)): [6049, 1932, 1184, 581, 299, 104, 56, 13, 8, 4, 3]
(0, (1, 0, 0), (0, 1)): [2728, 915, 581, 270, 144, 54, 32, 8, 4, 0, 2]
(0, (1, 0, 0), (0, 2)): [1125, 401, 239, 110, 58, 21, 16, 3, 0, 0, 1]
(0, (1, 0, 0), (1, 0)): [2447, 708, 443, 234, 110, 34, 17, 3, 4, 4, 1]
(0, (1, 0, 0), (1, 1)): [2217, 663, 430, 206, 121, 45, 19, 5, 5, 2, 1]
(0, (1, 0, 0), (1, 2)): [1657, 534, 304, 134, 99, 38, 14, 3, 1, 0, 1]
(0, (1, 0, 0), (2, 0)): [693, 211, 122, 71, 31, 6, 5, 0, 1, 1, 1]
(0, (1, 0, 0), (2, 1)): [1089, 350, 224, 110, 56, 9, 10, 1, 3, 2, 2]
(0, (1, 0, 0), (2, 2)): [1126, 391, 211, 108, 60, 15, 12, 1, 2, 1]
(0, (1, 0, 0), (3, 0)): [99, 22, 19, 10, 3, 1, 0, 0, 0, 1]
(0, (1, 0, 0), (3, 1)): [290, 85, 67, 35, 14, 4, 0, 0, 0, 1, 2]
(0, (1, 0, 0), (3, 2)): [476, 142, 103, 55, 30, 6, 3, 1, 0, 2, 2]
(0, (1, 0, 1), (0, 0)): [150, 432, 173, 134, 64, 25, 18, 4, 4, 0, 1]
(0, (1, 0, 1), (0, 1)): [64, 194, 76, 65, 33, 14, 6, 1, 0, 0, 1]
(0, (1, 0, 1), (0, 2)): [31, 85, 24, 26, 13, 3, 4, 0, 0, 0, 1]
(0, (1, 0, 1), (1, 0)): [65, 161, 70, 54, 23, 7, 9, 3, 3]
(0, (1, 0, 1), (1, 1)): [44, 155, 72, 56, 25, 11, 6, 1, 2]
(0, (1, 0, 1), (1, 2)): [42, 110, 49, 37, 19, 6, 4, 0, 1, 0, 1]
(0, (1, 0, 1), (2, 0)): [19, 55, 22, 12, 7, 1, 2, 1, 1]
(0, (1, 0, 1), (2, 1)): [26, 80, 39, 28, 12, 5, 4, 1, 2]
(0, (1, 0, 1), (2, 2)): [26, 76, 36, 24, 11, 5, 2, 1]
(0, (1, 0, 1), (3, 0)): [3, 8, 3, 2, 1]
(0, (1, 0, 1), (3, 1)): [3, 25, 11, 7, 4, 2, 1, 0, 1]
(0, (1, 0, 1), (3, 2)): [8, 40, 15, 10, 7, 3, 2, 0, 1]
(0, (1, 1, 0), (0, 0)): [886, 536, 381, 273, 161, 52, 31, 7, 5, 1, 2]
(0, (1, 1, 0), (0, 1)): [402, 248, 189, 125, 80, 27, 16, 4, 1, 0, 1]
(0, (1, 1, 0), (0, 2)): [168, 105, 86, 45, 29, 10, 9, 2, 1]
(0, (1, 1, 0), (1, 0)): [359, 206, 150, 108, 59, 19, 10, 3, 4, 1, 1]
(0, (1, 1, 0), (1, 1)): [317, 201, 150, 105, 72, 27, 8, 3, 3, 0, 1]
(0, (1, 1, 0), (1, 2)): [232, 176, 120, 68, 49, 23, 8, 2, 1]
(0, (1, 1, 0), (2, 0)): [103, 61, 45, 32, 14, 3, 4, 2, 1, 1, 1]
(0, (1, 1, 0), (2, 1)): [158, 96, 73, 50, 29, 3, 6, 2, 3, 0, 2]
(0, (1, 1, 0), (2, 2)): [155, 122, 68, 51, 35, 9, 8, 1, 2]
(0, (1, 1, 0), (3, 0)): [13, 3, 5, 2, 2, 1, 0, 1, 0, 1]
(0, (1, 1, 0), (3, 1)): [37, 24, 23, 11, 9, 3, 0, 2, 0, 1, 2]
(0, (1, 1, 0), (3, 2)): [58, 49, 36, 19, 12, 4, 2, 3, 0, 1, 2]
(0, (1, 1, 1), (0, 0)): [80, 146, 119, 91, 78, 31, 17, 4, 4, 1, 2]
(0, (1, 1, 1), (0, 1)): [34, 83, 66, 45, 42, 15, 6, 2, 1, 0, 1]
(0, (1, 1, 1), (0, 2)): [16, 28, 28, 17, 17, 6, 3, 1, 1, 0, 1]
(0, (1, 1, 1), (1, 0)): [33, 43, 40, 35, 24, 10, 6, 2, 3, 1, 1]
(0, (1, 1, 1), (1, 1)): [27, 61, 49, 35, 29, 12, 2, 2, 3]
(0, (1, 1, 1), (1, 2)): [22, 45, 40, 29, 25, 10, 3, 1, 1, 0, 1]
(0, (1, 1, 1), (2, 0)): [10, 11, 13, 11, 9, 3, 4, 0, 0, 1, 1]
(0, (1, 1, 1), (2, 1)): [10, 25, 20, 14, 17, 4, 2, 0, 2, 0, 1]
(0, (1, 1, 1), (2, 2)): [16, 35, 20, 19, 17, 3, 2, 0, 1]
(0, (1, 1, 1), (3, 0)): [0, 0, 1, 1, 1, 0, 1, 0, 0, 1]
(0, (1, 1, 1), (3, 1)): [0, 4, 2, 6, 5, 1, 1, 0, 0, 1, 1]
(0, (1, 1, 1), (3, 2)): [2, 10, 7, 6, 6, 1, 1, 0, 0, 1, 1]
(1, (0, 0, 0), (0, 0)): [24038, 2487, 962, 397, 148, 44, 19, 4, 2, 1]
(1, (0, 0, 0), (0, 1)): [11252, 1225, 450, 187, 68, 20, 10, 3, 1]
(1, (0, 0, 0), (0, 2)): [4696, 526, 202, 75, 27, 8, 6, 1]
(1, (0, 0, 0), (1, 0)): [9365, 937, 370, 147, 55, 21, 7, 1, 1, 1]
(1, (0, 0, 0), (1, 1)): [9003, 897, 352, 160, 58, 19, 8, 2, 0, 1]
(1, (0, 0, 0), (1, 2)): [6848, 734, 271, 114, 49, 17, 7, 1]
(1, (0, 0, 0), (2, 0)): [2658, 257, 102, 35, 11, 8, 1, 1, 1]
(1, (0, 0, 0), (2, 1)): [4374, 444, 160, 70, 23, 13, 4, 1, 1, 1]
(1, (0, 0, 0), (2, 2)): [4724, 514, 183, 87, 21, 15, 5, 2, 1]
(1, (0, 0, 0), (3, 0)): [462, 39, 20, 4, 1]
(1, (0, 0, 0), (3, 1)): [1247, 121, 56, 18, 9, 4, 2, 0, 0, 1]
(1, (0, 0, 0), (3, 2)): [1995, 216, 87, 24, 12, 6, 4, 0, 1, 1]
(1, (0, 0, 1), (0, 0)): [669, 913, 174, 87, 23, 8, 2, 3, 2, 2, 1]
(1, (0, 0, 1), (0, 1)): [312, 422, 77, 34, 4, 4, 2, 2, 1]
(1, (0, 0, 1), (0, 2)): [150, 175, 31, 10, 1, 1, 1]
(1, (0, 0, 1), (1, 0)): [260, 356, 61, 38, 15, 3, 0, 1, 1, 2, 1]
(1, (0, 0, 1), (1, 1)): [241, 332, 73, 35, 7, 4, 0, 2, 1, 1]
(1, (0, 0, 1), (1, 2)): [184, 255, 45, 18, 2, 2, 0, 1, 1]
(1, (0, 0, 1), (2, 0)): [77, 97, 9, 15, 7, 1, 0, 1, 0, 0, 1]
(1, (0, 0, 1), (2, 1)): [131, 172, 31, 21, 7, 2, 0, 1, 0, 1, 1]
(1, (0, 0, 1), (2, 2)): [135, 172, 34, 13, 5, 3, 0, 1, 1, 1]
(1, (0, 0, 1), (3, 0)): [9, 9, 3]
(1, (0, 0, 1), (3, 1)): [31, 47, 9, 6, 0, 0, 0, 1, 0, 0, 1]
(1, (0, 0, 1), (3, 2)): [47, 79, 20, 8, 1, 0, 0, 1, 0, 1, 1]
(1, (0, 1, 0), (0, 0)): [3384, 1337, 480, 203, 77, 24, 11, 4, 2]
(1, (0, 1, 0), (0, 1)): [1526, 655, 235, 104, 41, 11, 6, 2]
(1, (0, 1, 0), (0, 2)): [604, 283, 99, 44, 22, 7, 3, 1]
(1, (0, 1, 0), (1, 0)): [1361, 486, 179, 67, 29, 10, 3, 2, 2]
(1, (0, 1, 0), (1, 1)): [1268, 477, 179, 78, 31, 9, 3, 2, 1]
(1, (0, 1, 0), (1, 2)): [907, 359, 117, 51, 31, 11, 2, 1]
(1, (0, 1, 0), (2, 0)): [396, 138, 53, 17, 3, 2, 1, 1, 1]
(1, (0, 1, 0), (2, 1)): [636, 243, 97, 36, 12, 3, 3, 2, 2]
(1, (0, 1, 0), (2, 2)): [683, 260, 86, 46, 16, 7, 4, 1, 1]
(1, (0, 1, 0), (3, 0)): [69, 15, 11, 4]
(1, (0, 1, 0), (3, 1)): [171, 57, 34, 8, 4, 0, 0, 2, 1]
(1, (0, 1, 0), (3, 2)): [283, 109, 46, 18, 9, 3, 1, 1, 2]
(1, (0, 1, 1), (0, 0)): [474, 406, 309, 151, 61, 20, 9, 3]
(1, (0, 1, 1), (0, 1)): [221, 188, 144, 69, 30, 13, 7, 2]
(1, (0, 1, 1), (0, 2)): [105, 74, 63, 27, 11, 5, 4]
(1, (0, 1, 1), (1, 0)): [178, 146, 124, 57, 23, 5, 2, 1]
(1, (0, 1, 1), (1, 1)): [153, 146, 122, 54, 25, 8, 3, 2]
(1, (0, 1, 1), (1, 2)): [132, 124, 89, 32, 24, 7, 1, 1]
(1, (0, 1, 1), (2, 0)): [51, 43, 33, 13, 9, 2, 0, 1]
(1, (0, 1, 1), (2, 1)): [74, 63, 52, 27, 10, 4, 2, 2]
(1, (0, 1, 1), (2, 2)): [80, 72, 54, 28, 16, 3, 2, 3]
(1, (0, 1, 1), (3, 0)): [10, 7, 8, 0, 1]
(1, (0, 1, 1), (3, 1)): [25, 29, 19, 3, 2, 2]
(1, (0, 1, 1), (3, 2)): [48, 39, 25, 7, 8, 4, 0, 2]
(1, (1, 0, 0), (0, 0)): [8690, 1507, 933, 392, 156, 51, 18, 6, 3, 2]
(1, (1, 0, 0), (0, 1)): [4010, 761, 444, 189, 66, 27, 12, 4, 2]
(1, (1, 0, 0), (0, 2)): [1687, 333, 191, 81, 26, 13, 6, 1]
(1, (1, 0, 0), (1, 0)): [3418, 541, 348, 146, 61, 18, 5, 2, 1, 2]
(1, (1, 0, 0), (1, 1)): [3234, 553, 337, 149, 57, 17, 6, 3, 1, 1]
(1, (1, 0, 0), (1, 2)): [2466, 467, 241, 112, 49, 17, 5, 2, 1]
(1, (1, 0, 0), (2, 0)): [928, 150, 98, 33, 18, 5, 2, 1, 1, 1]
(1, (1, 0, 0), (2, 1)): [1552, 267, 159, 62, 30, 8, 3, 1, 1, 2]
(1, (1, 0, 0), (2, 2)): [1702, 320, 181, 82, 31, 10, 3, 3, 1]
(1, (1, 0, 0), (3, 0)): [148, 18, 17, 3, 2]
(1, (1, 0, 0), (3, 1)): [455, 70, 47, 13, 10, 2, 0, 0, 0, 2]
(1, (1, 0, 0), (3, 2)): [751, 125, 80, 25, 17, 3, 2, 0, 1, 2]
(1, (1, 0, 1), (0, 0)): [785, 808, 248, 160, 65, 24, 11, 4, 1]
(1, (1, 0, 1), (0, 1)): [354, 376, 123, 78, 31, 15, 7, 2]
(1, (1, 0, 1), (0, 2)): [149, 160, 47, 37, 9, 3, 3]
(1, (1, 0, 1), (1, 0)): [324, 301, 81, 56, 24, 8, 3, 1]
(1, (1, 0, 1), (1, 1)): [286, 286, 92, 56, 32, 12, 3, 1]
(1, (1, 0, 1), (1, 2)): [195, 233, 58, 42, 18, 7, 2, 1]
(1, (1, 0, 1), (2, 0)): [93, 97, 25, 20, 7, 2, 2, 1]
(1, (1, 0, 1), (2, 1)): [161, 141, 46, 34, 17, 5, 3, 1]
(1, (1, 0, 1), (2, 2)): [159, 158, 40, 35, 18, 6, 1, 1]
(1, (1, 0, 1), (3, 0)): [13, 13, 6, 3]
(1, (1, 0, 1), (3, 1)): [39, 37, 11, 7, 2, 1, 0, 1]
(1, (1, 0, 1), (3, 2)): [61, 69, 15, 15, 10, 2, 0, 1]
(1, (1, 1, 0), (0, 0)): [2482, 701, 490, 303, 148, 48, 16, 8, 3]
(1, (1, 1, 0), (0, 1)): [1126, 342, 217, 136, 70, 19, 12, 6, 2]
(1, (1, 1, 0), (0, 2)): [471, 152, 86, 61, 31, 6, 5, 2]
(1, (1, 1, 0), (1, 0)): [991, 255, 205, 122, 57, 22, 4, 2, 1]
(1, (1, 1, 0), (1, 1)): [901, 249, 186, 105, 60, 24, 7, 3, 1]
(1, (1, 1, 0), (1, 2)): [683, 216, 114, 75, 50, 18, 5, 1, 1]
(1, (1, 1, 0), (2, 0)): [285, 70, 53, 30, 8, 4, 1, 1, 1]
(1, (1, 1, 0), (2, 1)): [433, 119, 97, 48, 24, 8, 3, 1, 1]
(1, (1, 1, 0), (2, 2)): [457, 145, 95, 57, 25, 11, 4, 2, 1]
(1, (1, 1, 0), (3, 0)): [48, 4, 10, 2, 1]
(1, (1, 1, 0), (3, 1)): [146, 34, 31, 13, 9]
(1, (1, 1, 0), (3, 2)): [227, 47, 44, 22, 15, 3, 3, 0, 1]
(1, (1, 1, 1), (0, 0)): [533, 397, 254, 146, 117, 41, 14, 8, 4]
(1, (1, 1, 1), (0, 1)): [248, 212, 122, 70, 58, 23, 10, 5, 2]
(1, (1, 1, 1), (0, 2)): [109, 91, 57, 31, 24, 10, 5, 0, 1]
(1, (1, 1, 1), (1, 0)): [206, 127, 101, 60, 46, 15, 4, 2, 2]
(1, (1, 1, 1), (1, 1)): [193, 149, 101, 57, 48, 18, 6, 6, 2]
(1, (1, 1, 1), (1, 2)): [154, 118, 67, 44, 37, 18, 5, 3, 2]
(1, (1, 1, 1), (2, 0)): [64, 36, 21, 17, 13, 4, 1, 0, 1]
(1, (1, 1, 1), (2, 1)): [97, 75, 54, 27, 23, 6, 3, 1, 2]
(1, (1, 1, 1), (2, 2)): [104, 76, 38, 27, 23, 11, 5, 3, 2]
(1, (1, 1, 1), (3, 0)): [11, 3, 4, 1, 1]
(1, (1, 1, 1), (3, 1)): [26, 17, 18, 6, 7, 1]
(1, (1, 1, 1), (3, 2)): [45, 26, 28, 9, 12, 3, 1, 1, 1]
(2, (0, 0, 0), (0, 0)): [20928, 909, 296, 89, 29, 6, 3]
(2, (0, 0, 0), (0, 1)): [9844, 451, 139, 39, 16, 2, 1]
(2, (0, 0, 0), (0, 2)): [4100, 187, 62, 15, 5, 1]
(2, (0, 0, 0), (1, 0)): [8126, 346, 120, 36, 7, 4, 2]
(2, (0, 0, 0), (1, 1)): [7827, 331, 120, 33, 12, 3, 3]
(2, (0, 0, 0), (1, 2)): [5950, 257, 94, 27, 9, 3, 1]
(2, (0, 0, 0), (2, 0)): [2321, 89, 30, 10, 1, 1]
(2, (0, 0, 0), (2, 1)): [3799, 170, 51, 14, 2, 2, 2]
(2, (0, 0, 0), (2, 2)): [4064, 189, 63, 14, 2, 3, 1]
(2, (0, 0, 0), (3, 0)): [390, 12, 6, 3]
(2, (0, 0, 0), (3, 1)): [1076, 41, 19, 8, 0, 2, 2]
(2, (0, 0, 0), (3, 2)): [1719, 75, 35, 8, 0, 3, 2]
(2, (0, 0, 1), (0, 0)): [2120, 516, 109, 38, 13, 6, 1, 1]
(2, (0, 0, 1), (0, 1)): [973, 265, 51, 16, 5, 3]
(2, (0, 0, 1), (0, 2)): [437, 115, 13, 7, 2, 1]
(2, (0, 0, 1), (1, 0)): [840, 170, 35, 18, 8, 2, 0, 1]
(2, (0, 0, 1), (1, 1)): [786, 188, 43, 14, 7, 3, 0, 1]
(2, (0, 0, 1), (1, 2)): [599, 150, 27, 9, 3, 1]
(2, (0, 0, 1), (2, 0)): [230, 39, 6, 3, 2, 1]
(2, (0, 0, 1), (2, 1)): [409, 80, 13, 4, 3, 1, 0, 1]
(2, (0, 0, 1), (2, 2)): [433, 82, 13, 6, 1, 1]
(2, (0, 0, 1), (3, 0)): [28, 5, 0, 1, 0, 1]
(2, (0, 0, 1), (3, 1)): [112, 19, 4, 1, 0, 2]
(2, (0, 0, 1), (3, 2)): [172, 33, 8, 3, 0, 1]
(2, (0, 1, 0), (0, 0)): [5333, 974, 249, 95, 28, 7, 2, 1, 1]
(2, (0, 1, 0), (0, 1)): [2566, 482, 121, 49, 13, 1]
(2, (0, 1, 0), (0, 2)): [1058, 184, 54, 17, 7, 1]
(2, (0, 1, 0), (1, 0)): [2035, 350, 95, 31, 12, 6, 2, 1, 1]
(2, (0, 1, 0), (1, 1)): [2037, 376, 90, 35, 10, 2, 1, 1, 1]
(2, (0, 1, 0), (1, 2)): [1565, 285, 62, 24, 9, 2]
(2, (0, 1, 0), (2, 0)): [554, 86, 28, 8, 1, 2]
(2, (0, 1, 0), (2, 1)): [990, 171, 54, 18, 3, 3, 1, 1, 1]
(2, (0, 1, 0), (2, 2)): [1083, 210, 46, 17, 5, 3, 0, 1, 1]
(2, (0, 1, 0), (3, 0)): [74, 10, 3]
(2, (0, 1, 0), (3, 1)): [235, 38, 15, 4, 2, 2, 1]
(2, (0, 1, 0), (3, 2)): [423, 83, 23, 7, 3, 4, 1, 1, 1]
(2, (0, 1, 1), (0, 0)): [1202, 86, 203, 59, 25, 9, 2, 1, 1]
(2, (0, 1, 1), (0, 1)): [581, 41, 101, 22, 14, 5, 2]
(2, (0, 1, 1), (0, 2)): [260, 17, 38, 7, 5, 3, 1]
(2, (0, 1, 1), (1, 0)): [442, 32, 71, 25, 7, 3, 0, 1, 1]
(2, (0, 1, 1), (1, 1)): [412, 33, 85, 20, 10, 4, 1, 0, 1]
(2, (0, 1, 1), (1, 2)): [339, 24, 60, 7, 10, 1, 1]
(2, (0, 1, 1), (2, 0)): [117, 8, 18, 6, 2, 0, 0, 1]
(2, (0, 1, 1), (2, 1)): [223, 14, 33, 13, 2, 1, 0, 1, 1]
(2, (0, 1, 1), (2, 2)): [231, 15, 43, 13, 1, 1]
(2, (0, 1, 1), (3, 0)): [15, 0, 4, 1]
(2, (0, 1, 1), (3, 1)): [53, 3, 11, 4, 2, 0, 0, 1, 1]
(2, (0, 1, 1), (3, 2)): [111, 1, 16, 8, 2, 1, 0, 1, 1]
(2, (1, 0, 0), (0, 0)): [10241, 761, 453, 132, 39, 11, 7, 0, 0, 1]
(2, (1, 0, 0), (0, 1)): [4789, 372, 215, 68, 16, 5, 2]
(2, (1, 0, 0), (0, 2)): [2019, 156, 90, 23, 8, 5, 1]
(2, (1, 0, 0), (1, 0)): [3955, 287, 174, 44, 15, 3, 5, 0, 0, 1]
(2, (1, 0, 0), (1, 1)): [3792, 281, 176, 56, 15, 1, 5, 0, 0, 1]
(2, (1, 0, 0), (1, 2)): [2946, 220, 137, 45, 11, 2, 2]
(2, (1, 0, 0), (2, 0)): [1097, 79, 46, 11, 3, 2, 1]
(2, (1, 0, 0), (2, 1)): [1792, 143, 80, 22, 5, 2, 4, 0, 0, 1]
(2, (1, 0, 0), (2, 2)): [2016, 166, 85, 22, 5, 2, 2]
(2, (1, 0, 0), (3, 0)): [185, 14, 7, 1]
(2, (1, 0, 0), (3, 1)): [519, 40, 28, 4, 3, 2, 2, 0, 0, 1]
(2, (1, 0, 0), (3, 2)): [858, 56, 44, 5, 4, 3, 2, 0, 0, 1]
(2, (1, 0, 1), (0, 0)): [2011, 398, 134, 109, 24, 9, 2]
(2, (1, 0, 1), (0, 1)): [937, 182, 62, 49, 13, 3, 2]
(2, (1, 0, 1), (0, 2)): [415, 64, 27, 22, 5, 2, 1]
(2, (1, 0, 1), (1, 0)): [814, 149, 52, 37, 9, 5]
(2, (1, 0, 1), (1, 1)): [738, 150, 48, 42, 10, 5, 1]
(2, (1, 0, 1), (1, 2)): [570, 95, 32, 36, 9, 2, 1]
(2, (1, 0, 1), (2, 0)): [220, 41, 10, 5, 1, 1]
(2, (1, 0, 1), (2, 1)): [361, 85, 24, 12, 2, 2, 1]
(2, (1, 0, 1), (2, 2)): [395, 71, 25, 20, 4, 3, 1]
(2, (1, 0, 1), (3, 0)): [40, 7, 1, 1, 0, 1]
(2, (1, 0, 1), (3, 1)): [104, 26, 4, 5, 1, 2]
(2, (1, 0, 1), (3, 2)): [164, 41, 7, 9, 1, 3]
(2, (1, 1, 0), (0, 0)): [4067, 579, 302, 176, 60, 5, 9, 1, 0, 1]
(2, (1, 1, 0), (0, 1)): [1920, 279, 146, 89, 28, 3, 1]
(2, (1, 1, 0), (0, 2)): [791, 113, 62, 37, 13, 3]
(2, (1, 1, 0), (1, 0)): [1543, 234, 118, 67, 22, 1, 8, 1, 0, 1]
(2, (1, 1, 0), (1, 1)): [1511, 215, 117, 77, 24, 0, 5, 1, 0, 1]
(2, (1, 1, 0), (1, 2)): [1113, 171, 98, 57, 24, 1, 1]
(2, (1, 1, 0), (2, 0)): [445, 71, 28, 11, 3, 1, 2]
(2, (1, 1, 0), (2, 1)): [761, 113, 53, 27, 7, 1, 5, 1, 0, 1]
(2, (1, 1, 0), (2, 2)): [790, 139, 61, 37, 13, 1, 1, 1]
(2, (1, 1, 0), (3, 0)): [65, 8, 7, 1, 1]
(2, (1, 1, 0), (3, 1)): [227, 28, 18, 5, 4, 1, 2, 0, 0, 1]
(2, (1, 1, 0), (3, 2)): [359, 45, 27, 12, 6, 1, 2, 1, 0, 1]
(2, (1, 1, 1), (0, 0)): [1218, 166, 173, 98, 64, 13, 7, 1]
(2, (1, 1, 1), (0, 1)): [602, 78, 83, 42, 29, 7, 3]
(2, (1, 1, 1), (0, 2)): [263, 36, 47, 20, 12, 5, 1]
(2, (1, 1, 1), (1, 0)): [436, 58, 70, 41, 22, 4, 4, 1]
(2, (1, 1, 1), (1, 1)): [419, 51, 62, 42, 23, 4, 4, 1]
(2, (1, 1, 1), (1, 2)): [340, 40, 58, 28, 24, 1, 1]
(2, (1, 1, 1), (2, 0)): [134, 13, 18, 8, 7, 2, 2]
(2, (1, 1, 1), (2, 1)): [213, 26, 28, 21, 10, 3, 4, 1]
(2, (1, 1, 1), (2, 2)): [223, 30, 35, 24, 12, 1, 0, 1]
(2, (1, 1, 1), (3, 0)): [21, 1, 4, 0, 1]
(2, (1, 1, 1), (3, 1)): [55, 6, 11, 3, 6, 2, 1]
(2, (1, 1, 1), (3, 2)): [93, 9, 12, 10, 7, 3, 1, 1]
