(0, (0, 0, 0), (0, 0)): [15853, 2983, 1323, 610, 260, 131, 58, 24, 4, 5, 2, 3, 1, 0, 0, 1]
(0, (0, 0, 0), (0, 1)): [913, 166, 78, 24, 18, 8, 0, 1, 0, 1, 0, 0, 0, 0, 0, 1]
(0, (0, 0, 0), (0, 2)): [311, 42, 20, 9, 5, 1, 0, 1]
(0, (0, 0, 0), (1, 0)): [898, 186, 80, 39, 26, 12, 3]
(0, (0, 0, 0), (1, 1)): [816, 152, 69, 32, 23, 10, 2, 0, 0, 1, 0, 0, 0, 0, 0, 1]
(0, (0, 0, 0), (1, 2)): [492, 86, 39, 17, 12, 3, 0, 1]
(0, (0, 0, 0), (2, 0)): [323, 70, 36, 12, 11, 3]
(0, (0, 0, 0), (2, 1)): [465, 89, 41, 20, 16, 7, 1]
(0, (0, 0, 0), (2, 2)): [411, 75, 29, 13, 11, 3, 0, 1]
(0, (0, 0, 0), (3, 0)): [101, 24, 18, 2, 4]
(0, (0, 0, 0), (3, 1)): [197, 44, 25, 9, 10, 3, 1]
(0, (0, 0, 0), (3, 2)): [263, 42, 29, 13, 12, 2]
(0, (0, 0, 1), (0, 0)): [60, 155, 58, 21, 13, 6, 1]
(0, (0, 0, 1), (0, 1)): [2, 8, 4, 0, 2, 1]
(0, (0, 0, 1), (0, 2)): [1, 0, 1, 0, 1]
(0, (0, 0, 1), (1, 0)): [1, 5, 1, 3, 1, 2]
(0, (0, 0, 1), (1, 1)): [2, 7, 3, 1, 2, 2]
(0, (0, 0, 1), (1, 2)): [1, 1, 1, 0, 1]
(0, (0, 0, 1), (2, 0)): [0, 2, 0, 2, 0, 1]
(0, (0, 0, 1), (2, 1)): [1, 5, 1, 2, 1, 3]
(0, (0, 0, 1), (2, 2)): [2, 0, 1, 0, 0, 1]
(0, (0, 0, 1), (3, 0)): [0, 1]
(0, (0, 0, 1), (3, 1)): [0, 4, 0, 1, 1, 2]
(0, (0, 0, 1), (3, 2)): [1, 1, 0, 1, 0, 3]
(0, (0, 1, 0), (0, 0)): [504, 430, 169, 83, 47, 20, 6, 2, 1, 2]
(0, (0, 1, 0), (0, 1)): [31, 21, 12, 6, 1, 1]
(0, (0, 1, 0), (0, 2)): [15, 7, 5, 3, 0, 1]
(0, (0, 1, 0), (1, 0)): [17, 23, 10, 2, 3, 4]
(0, (0, 1, 0), (1, 1)): [20, 15, 8, 1, 4, 1]
(0, (0, 1, 0), (1, 2)): [13, 11, 7, 3, 2, 1]
(0, (0, 1, 0), (2, 0)): [2, 9, 6, 0, 0, 2]
(0, (0, 1, 0), (2, 1)): [11, 7, 3, 0, 1, 2]
(0, (0, 1, 0), (2, 2)): [17, 10, 4, 2, 1, 1]
(0, (0, 1, 0), (3, 0)): [0, 4, 3, 0, 0, 1]
(0, (0, 1, 0), (3, 1)): [0, 4, 2, 0, 1, 1]
(0, (0, 1, 0), (3, 2)): [11, 6, 4, 0, 0, 1]
(0, (0, 1, 1), (0, 0)): [32, 68, 92, 36, 27, 16, 5, 3, 1, 0, 0, 1]
(0, (0, 1, 1), (0, 1)): [1, 2, 4, 3, 1, 0, 1]
(0, (0, 1, 1), (0, 2)): [0, 1, 1, 1]
(0, (0, 1, 1), (1, 0)): [2, 6, 11, 3, 4]
(0, (0, 1, 1), (1, 1)): [1, 3, 6, 1, 1, 0, 1]
(0, (0, 1, 1), (1, 2)): [0, 1, 3, 1, 0, 0, 1]
(0, (0, 1, 1), (2, 0)): [2, 2, 5, 2, 3]
(0, (0, 1, 1), (2, 1)): [1, 2, 8, 2, 1]
(0, (0, 1, 1), (2, 2)): [0, 2, 5, 2, 0, 0, 1]
(0, (0, 1, 1), (3, 0)): [2, 1, 0, 1, 3]
(0, (0, 1, 1), (3, 1)): [0, 0, 4, 1, 2]
(0, (0, 1, 1), (3, 2)): [0, 0, 5, 1, 1, 0, 1]
(0, (1, 0, 0), (0, 0)): [3423, 1011, 647, 318, 155, 85, 40, 15, 4, 0, 1, 2]
(0, (1, 0, 0), (0, 1)): [194, 47, 42, 6, 14, 2, 1]
(0, (1, 0, 0), (0, 2)): [72, 14, 12, 1, 7, 0, 1]
(0, (1, 0, 0), (1, 0)): [196, 56, 40, 24, 13, 3, 1]
(0, (1, 0, 0), (1, 1)): [168, 43, 33, 11, 8, 3, 1]
(0, (1, 0, 0), (1, 2)): [104, 20, 21, 6, 4, 0, 1]
(0, (1, 0, 0), (2, 0)): [49, 19, 14, 12, 1]
(0, (1, 0, 0), (2, 1)): [88, 20, 17, 10, 6, 2]
(0, (1, 0, 0), (2, 2)): [71, 11, 21, 8, 4, 0, 1]
(0, (1, 0, 0), (3, 0)): [17, 5, 3, 4]
(0, (1, 0, 0), (3, 1)): [45, 11, 8, 4, 1, 1]
(0, (1, 0, 0), (3, 2)): [44, 8, 8, 4, 3]
(0, (1, 0, 1), (0, 0)): [72, 238, 80, 62, 39, 20, 7, 2, 1, 0, 0, 1]
(0, (1, 0, 1), (0, 1)): [5, 12, 6, 7]
(0, (1, 0, 1), (0, 2)): [1, 3, 2, 2]
(0, (1, 0, 1), (1, 0)): [2, 16, 6, 4, 6, 1]
(0, (1, 0, 1), (1, 1)): [4, 11, 4, 6, 3, 1]
(0, (1, 0, 1), (1, 2)): [2, 2, 2, 1, 1, 1]
(0, (1, 0, 1), (2, 0)): [0, 4, 2, 2, 2]
(0, (1, 0, 1), (2, 1)): [1, 10, 4, 3, 2]
(0, (1, 0, 1), (2, 2)): [1, 5, 3, 2, 1, 1]
(0, (1, 0, 1), (3, 0)): [0, 1, 0, 2, 2]
(0, (1, 0, 1), (3, 1)): [0, 2, 1, 0, 3]
(0, (1, 0, 1), (3, 2)): [0, 2, 4, 1, 3]
(0, (1, 1, 0), (0, 0)): [488, 288, 211, 167, 85, 45, 23, 11, 1]
(0, (1, 1, 0), (0, 1)): [30, 20, 10, 9, 5, 1, 2]
(0, (1, 1, 0), (0, 2)): [7, 9, 5, 2, 1, 0, 1]
(0, (1, 1, 0), (1, 0)): [25, 15, 11, 7, 5, 4, 1, 1]
(0, (1, 1, 0), (1, 1)): [23, 10, 6, 8, 5, 3, 1]
(0, (1, 1, 0), (1, 2)): [13, 9, 5, 5, 0, 2, 1]
(0, (1, 1, 0), (2, 0)): [6, 4, 3, 0, 1, 1, 1]
(0, (1, 1, 0), (2, 1)): [9, 5, 3, 2, 4, 1]
(0, (1, 1, 0), (2, 2)): [8, 4, 4, 6, 0, 2]
(0, (1, 1, 0), (3, 0)): [1, 1, 0, 0, 0, 0, 1]
(0, (1, 1, 0), (3, 1)): [3, 1, 0, 0, 2, 0, 1]
(0, (1, 1, 0), (3, 2)): [8, 3, 1, 3, 0, 2]
(0, (1, 1, 1), (0, 0)): [54, 82, 68, 53, 51, 25, 14, 9, 1, 1, 1, 1]
(0, (1, 1, 1), (0, 1)): [3, 2, 2, 5, 1, 1, 1]
(0, (1, 1, 1), (0, 2)): [0, 1, 2, 2, 1, 1]
(0, (1, 1, 1), (1, 0)): [3, 4, 5, 7, 7, 3, 1, 1]
(0, (1, 1, 1), (1, 1)): [3, 1, 5, 3, 3, 1]
(0, (1, 1, 1), (1, 2)): [0, 1, 2]
(0, (1, 1, 1), (2, 0)): [2, 2, 0, 3, 3, 1, 0, 1]
(0, (1, 1, 1), (2, 1)): [2, 1, 2, 2, 3, 1, 0, 1]
(0, (1, 1, 1), (2, 2)): [1, 0, 2, 2, 2]
(0, (1, 1, 1), (3, 0)): [1, 0, 0, 1, 1]
(0, (1, 1, 1), (3, 1)): [1, 0, 0, 1, 1]
(0, (1, 1, 1), (3, 2)): [1, 0, 1, 2, 1]
(1, (0, 0, 0), (0, 0)): [12813, 1344, 530, 208, 74, 26, 10, 7, 1, 5, 1, 1, 1, 1, 0, 1]
(1, (0, 0, 0), (0, 1)): [755, 84, 19, 15, 5, 0, 0, 0, 0, 0, 0, 0, 0, 1]
(1, (0, 0, 0), (0, 2)): [238, 25, 5, 2, 1]
(1, (0, 0, 0), (1, 0)): [693, 90, 41, 11, 7, 2, 1, 2, 0, 1, 0, 0, 0, 0, 0, 1]
(1, (0, 0, 0), (1, 1)): [698, 78, 26, 11, 5, 0, 0, 0, 0, 1, 0, 0, 0, 1]
(1, (0, 0, 0), (1, 2)): [388, 43, 11, 6, 1]
(1, (0, 0, 0), (2, 0)): [226, 35, 21, 5, 3, 2, 0, 2, 0, 0, 0, 0, 0, 0, 0, 1]
(1, (0, 0, 0), (2, 1)): [365, 51, 14, 6, 6, 1, 0, 1, 0, 1]
(1, (0, 0, 0), (2, 2)): [347, 34, 9, 4, 2, 1, 0, 1]
(1, (0, 0, 0), (3, 0)): [87, 9, 15, 3, 1, 1, 0, 0, 0, 0, 0, 0, 0, 0, 0, 1]
(1, (0, 0, 0), (3, 1)): [147, 29, 16, 5, 2, 1]
(1, (0, 0, 0), (3, 2)): [190, 23, 15, 2, 1, 1, 0, 1]
(1, (0, 0, 1), (0, 0)): [308, 391, 83, 35, 12, 10, 2, 1, 0, 1]
(1, (0, 0, 1), (0, 1)): [16, 21, 7, 3]
(1, (0, 0, 1), (0, 2)): [8, 4, 3, 2]
(1, (0, 0, 1), (1, 0)): [19, 30, 6, 3, 0, 1, 1]
(1, (0, 0, 1), (1, 1)): [17, 21, 6, 1, 0, 1]
(1, (0, 0, 1), (1, 2)): [14, 6, 2, 1]
(1, (0, 0, 1), (2, 0)): [6, 16, 3, 3, 0, 0, 1]
(1, (0, 0, 1), (2, 1)): [6, 16, 4, 1, 0, 1, 1]
(1, (0, 0, 1), (2, 2)): [10, 10, 2, 2]
(1, (0, 0, 1), (3, 0)): [2, 8, 2, 2]
(1, (0, 0, 1), (3, 1)): [2, 7, 2, 1, 0, 0, 1]
(1, (0, 0, 1), (3, 2)): [6, 7, 2, 3, 0, 0, 1]
(1, (0, 1, 0), (0, 0)): [1516, 616, 235, 106, 31, 16, 4, 2, 0, 1, 0, 0, 1, 1]
(1, (0, 1, 0), (0, 1)): [71, 23, 10, 3, 1]
(1, (0, 1, 0), (0, 2)): [24, 12, 3, 1, 1]
(1, (0, 1, 0), (1, 0)): [99, 40, 14, 4, 3, 1, 0, 0, 0, 0, 0, 0, 0, 1]
(1, (0, 1, 0), (1, 1)): [69, 23, 9, 1, 1, 0, 0, 0, 0, 0, 0, 0, 0, 1]
(1, (0, 1, 0), (1, 2)): [44, 21, 4, 1, 1]
(1, (0, 1, 0), (2, 0)): [42, 15, 7, 4, 2, 1]
(1, (0, 1, 0), (2, 1)): [42, 12, 6, 1, 2, 1, 0, 0, 0, 0, 0, 0, 0, 1]
(1, (0, 1, 0), (2, 2)): [41, 18, 4, 1, 2]
(1, (0, 1, 0), (3, 0)): [21, 8, 3, 4, 1]
(1, (0, 1, 0), (3, 1)): [15, 7, 2, 1, 2, 0, 0, 0, 0, 0, 0, 0, 0, 1]
(1, (0, 1, 0), (3, 2)): [29, 10, 3, 1, 3, 0, 0, 0, 0, 0, 0, 0, 0, 1]
(1, (0, 1, 1), (0, 0)): [232, 205, 174, 66, 38, 23, 4, 4]
(1, (0, 1, 1), (0, 1)): [7, 6, 6, 0, 1, 2]
(1, (0, 1, 1), (0, 2)): [4, 3, 2]
(1, (0, 1, 1), (1, 0)): [19, 18, 14, 3, 4]
(1, (0, 1, 1), (1, 1)): [7, 5, 9, 1, 1, 1]
(1, (0, 1, 1), (1, 2)): [5, 3, 4, 1]
(1, (0, 1, 1), (2, 0)): [13, 11, 7, 2, 4]
(1, (0, 1, 1), (2, 1)): [6, 3, 4, 0, 1, 1]
(1, (0, 1, 1), (2, 2)): [4, 3, 3, 0, 1]
(1, (0, 1, 1), (3, 0)): [11, 10, 5, 2, 4]
(1, (0, 1, 1), (3, 1)): [1, 1, 2, 1, 0, 1]
(1, (0, 1, 1), (3, 2)): [3, 2, 0, 1, 1]
(1, (1, 0, 0), (0, 0)): [4890, 869, 520, 194, 92, 32, 16, 6, 3, 4, 2, 2, 0, 0, 0, 1]
(1, (1, 0, 0), (0, 1)): [253, 36, 24, 8, 3, 1, 0, 1]
(1, (1, 0, 0), (0, 2)): [92, 12, 6, 3, 1]
(1, (1, 0, 0), (1, 0)): [296, 53, 32, 14, 6, 1, 2, 0, 0, 1, 0, 0, 0, 0, 0, 1]
(1, (1, 0, 0), (1, 1)): [232, 37, 22, 4, 4, 1, 1, 0, 0, 0, 0, 0, 0, 0, 0, 1]
(1, (1, 0, 0), (1, 2)): [124, 18, 9, 1, 2, 1]
(1, (1, 0, 0), (2, 0)): [99, 21, 14, 8, 2, 0, 1, 0, 0, 1]
(1, (1, 0, 0), (2, 1)): [126, 20, 16, 3, 4, 0, 1, 0, 0, 0, 0, 0, 0, 0, 0, 1]
(1, (1, 0, 0), (2, 2)): [93, 14, 9, 3, 4]
(1, (1, 0, 0), (3, 0)): [31, 9, 2, 3, 0, 0, 1, 0, 0, 1]
(1, (1, 0, 0), (3, 1)): [49, 9, 9, 3, 1, 0, 1, 0, 0, 0, 0, 0, 0, 0, 0, 1]
(1, (1, 0, 0), (3, 2)): [49, 10, 3, 3, 4, 0, 0, 0, 0, 0, 0, 0, 0, 0, 0, 1]
(1, (1, 0, 1), (0, 0)): [353, 412, 107, 87, 36, 16, 5, 3, 1, 2, 1]
(1, (1, 0, 1), (0, 1)): [26, 22, 4, 5, 0, 1, 1]
(1, (1, 0, 1), (0, 2)): [15, 7, 2, 2]
(1, (1, 0, 1), (1, 0)): [19, 22, 7, 3, 0, 1]
(1, (1, 0, 1), (1, 1)): [17, 16, 3, 3, 0, 1, 1]
(1, (1, 0, 1), (1, 2)): [20, 8, 2, 2, 0, 0, 1]
(1, (1, 0, 1), (2, 0)): [10, 8, 2, 1, 0, 1]
(1, (1, 0, 1), (2, 1)): [8, 7, 2, 3]
(1, (1, 0, 1), (2, 2)): [11, 5, 1, 1]
(1, (1, 0, 1), (3, 0)): [4, 5, 1]
(1, (1, 0, 1), (3, 1)): [2, 5, 0, 1]
(1, (1, 0, 1), (3, 2)): [1, 2, 1]
(1, (1, 1, 0), (0, 0)): [1400, 434, 248, 191, 85, 30, 14, 6, 4, 5, 2, 1, 2, 1]
(1, (1, 1, 0), (0, 1)): [78, 27, 12, 11, 4, 1, 2]
(1, (1, 1, 0), (0, 2)): [28, 15, 5, 4, 0, 1]
(1, (1, 1, 0), (1, 0)): [80, 27, 15, 9, 7, 1, 1, 1, 0, 1, 0, 0, 1, 1]
(1, (1, 1, 0), (1, 1)): [64, 18, 12, 9, 5, 0, 2, 1, 0, 1]
(1, (1, 1, 0), (1, 2)): [45, 16, 9, 5, 1, 1, 0, 1]
(1, (1, 1, 0), (2, 0)): [29, 10, 5, 2, 3, 0, 0, 0, 0, 0, 0, 0, 1, 1]
(1, (1, 1, 0), (2, 1)): [37, 9, 7, 4, 2, 0, 1, 0, 0, 1, 0, 0, 1]
(1, (1, 1, 0), (2, 2)): [37, 12, 5, 2, 1, 0, 1, 1]
(1, (1, 1, 0), (3, 0)): [8, 6, 3, 1, 2]
(1, (1, 1, 0), (3, 1)): [14, 4, 3, 2, 1, 0, 0, 0, 0, 1, 0, 0, 1]
(1, (1, 1, 0), (3, 2)): [19, 7, 2, 1, 1, 0, 0, 1, 0, 1, 0, 0, 1]
(1, (1, 1, 1), (0, 0)): [306, 242, 149, 90, 76, 25, 13, 4, 3, 4]
(1, (1, 1, 1), (0, 1)): [26, 10, 8, 9, 7, 1, 1, 1]
(1, (1, 1, 1), (0, 2)): [15, 4, 2, 3, 3, 0, 1]
(1, (1, 1, 1), (1, 0)): [10, 14, 7, 1, 4, 2, 0, 0, 0, 1]
(1, (1, 1, 1), (1, 1)): [15, 8, 6, 6, 5, 2, 0, 1]
(1, (1, 1, 1), (1, 2)): [19, 6, 3, 4, 4]
(1, (1, 1, 1), (2, 0)): [3, 5, 3, 0, 2, 1]
(1, (1, 1, 1), (2, 1)): [5, 6, 6, 1, 2, 1]
(1, (1, 1, 1), (2, 2)): [10, 6, 4, 3, 1]
(1, (1, 1, 1), (3, 0)): [1, 1]
(1, (1, 1, 1), (3, 1)): [2, 3, 1, 0, 0, 1]
(1, (1, 1, 1), (3, 2)): [7, 5, 4, 1, 1, 1]
(2, (0, 0, 0), (0, 0)): [11120, 456, 154, 49, 10, 4, 1, 1]
(2, (0, 0, 0), (0, 1)): [650, 22, 6, 5, 0, 1]
(2, (0, 0, 0), (0, 2)): [217, 3, 1, 3]
(2, (0, 0, 0), (1, 0)): [688, 40, 5, 0, 1, 1]
(2, (0, 0, 0), (1, 1)): [614, 24, 5, 2, 0, 1]
(2, (0, 0, 0), (1, 2)): [373, 9, 2, 2, 0, 1]
(2, (0, 0, 0), (2, 0)): [248, 19, 2, 0, 0, 1]
(2, (0, 0, 0), (2, 1)): [369, 21, 2, 1]
(2, (0, 0, 0), (2, 2)): [314, 16, 2, 2, 0, 1]
(2, (0, 0, 0), (3, 0)): [90, 9, 1]
(2, (0, 0, 0), (3, 1)): [168, 8, 2, 1]
(2, (0, 0, 0), (3, 2)): [217, 10, 2, 2]
(2, (0, 0, 1), (0, 0)): [789, 229, 57, 21, 5, 4, 0, 1]
(2, (0, 0, 1), (0, 1)): [40, 11, 5, 2, 0, 1]
(2, (0, 0, 1), (0, 2)): [17, 3, 3, 0, 0, 1]
(2, (0, 0, 1), (1, 0)): [57, 13, 7, 3, 0, 0, 0, 1]
(2, (0, 0, 1), (1, 1)): [41, 8, 3, 1]
(2, (0, 0, 1), (1, 2)): [30, 7, 3, 1, 0, 1]
(2, (0, 0, 1), (2, 0)): [26, 5, 4, 3, 0, 0, 0, 1]
(2, (0, 0, 1), (2, 1)): [29, 5, 4, 2, 0, 0, 0, 1]
(2, (0, 0, 1), (2, 2)): [18, 6, 5, 0, 0, 1]
(2, (0, 0, 1), (3, 0)): [12, 1, 1, 1]
(2, (0, 0, 1), (3, 1)): [21, 2, 1, 1]
(2, (0, 0, 1), (3, 2)): [18, 5, 0, 1, 0, 1]
(2, (0, 1, 0), (0, 0)): [2481, 478, 144, 50, 18, 6, 3, 1, 0, 0, 0, 0, 1]
(2, (0, 1, 0), (0, 1)): [108, 24, 5, 2]
(2, (0, 1, 0), (0, 2)): [44, 5, 1]
(2, (0, 1, 0), (1, 0)): [190, 25, 8, 5, 3, 1, 0, 0, 0, 0, 0, 0, 1]
(2, (0, 1, 0), (1, 1)): [124, 22, 7, 2, 1]
(2, (0, 1, 0), (1, 2)): [61, 9, 1]
(2, (0, 1, 0), (2, 0)): [83, 9, 2, 3, 2, 0, 0, 0, 0, 0, 0, 0, 1]
(2, (0, 1, 0), (2, 1)): [83, 12, 1, 2, 1, 0, 0, 0, 0, 0, 0, 0, 1]
(2, (0, 1, 0), (2, 2)): [60, 10, 0, 2]
(2, (0, 1, 0), (3, 0)): [48, 4, 2, 1, 1]
(2, (0, 1, 0), (3, 1)): [41, 8, 3, 1, 1, 0, 0, 0, 0, 0, 0, 0, 1]
(2, (0, 1, 0), (3, 2)): [34, 10, 3, 0, 0, 0, 0, 0, 0, 0, 0, 0, 1]
(2, (0, 1, 1), (0, 0)): [539, 51, 115, 31, 16, 9, 1, 2]
(2, (0, 1, 1), (0, 1)): [31, 2, 4, 1]
(2, (0, 1, 1), (0, 2)): [15, 1, 2, 1]
(2, (0, 1, 1), (1, 0)): [37, 10, 4, 1, 2, 1]
(2, (0, 1, 1), (1, 1)): [26, 4, 1]
(2, (0, 1, 1), (1, 2)): [20, 0, 2]
(2, (0, 1, 1), (2, 0)): [16, 7, 4, 1, 2, 1]
(2, (0, 1, 1), (2, 1)): [12, 3, 1]
(2, (0, 1, 1), (2, 2)): [15, 2]
(2, (0, 1, 1), (3, 0)): [13, 6, 2, 1, 2, 1]
(2, (0, 1, 1), (3, 1)): [6, 2, 1, 1]
(2, (0, 1, 1), (3, 2)): [10, 3, 0, 1]
(2, (1, 0, 0), (0, 0)): [5980, 386, 272, 68, 24, 12, 3, 1]
(2, (1, 0, 0), (0, 1)): [322, 18, 12]
(2, (1, 0, 0), (0, 2)): [103, 2, 5]
(2, (1, 0, 0), (1, 0)): [319, 36, 21, 10, 2, 2]
(2, (1, 0, 0), (1, 1)): [262, 21, 6, 2]
(2, (1, 0, 0), (1, 2)): [150, 9, 4, 2]
(2, (1, 0, 0), (2, 0)): [104, 17, 12, 5, 1, 2]
(2, (1, 0, 0), (2, 1)): [146, 13, 5, 3, 0, 1]
(2, (1, 0, 0), (2, 2)): [112, 11, 4, 3]
(2, (1, 0, 0), (3, 0)): [33, 6, 7, 0, 0, 1]
(2, (1, 0, 0), (3, 1)): [63, 8, 4, 1, 0, 1]
(2, (1, 0, 0), (3, 2)): [69, 8, 3, 3, 0, 1]
(2, (1, 0, 1), (0, 0)): [812, 189, 76, 39, 11, 3, 3, 0, 0, 0, 0, 1]
(2, (1, 0, 1), (0, 1)): [73, 16, 7, 2, 1, 0, 0, 0, 0, 0, 0, 1]
(2, (1, 0, 1), (0, 2)): [29, 7, 4, 1, 1]
(2, (1, 0, 1), (1, 0)): [41, 17, 10, 4, 3]
(2, (1, 0, 1), (1, 1)): [47, 12, 3, 3, 2, 0, 0, 0, 0, 0, 0, 1]
(2, (1, 0, 1), (1, 2)): [38, 8, 2, 2, 1, 0, 0, 0, 0, 0, 0, 1]
(2, (1, 0, 1), (2, 0)): [13, 9, 5, 2]
(2, (1, 0, 1), (2, 1)): [19, 8, 2, 1, 1]
(2, (1, 0, 1), (2, 2)): [26, 8, 0, 1, 2, 0, 0, 0, 0, 0, 0, 1]
(2, (1, 0, 1), (3, 0)): [6, 4, 3, 2]
(2, (1, 0, 1), (3, 1)): [11, 5, 3, 1]
(2, (1, 0, 1), (3, 2)): [12, 5, 0, 0, 2]
(2, (1, 1, 0), (0, 0)): [2481, 387, 167, 108, 38, 26, 5, 3, 2, 1, 1, 0, 1]
(2, (1, 1, 0), (0, 1)): [117, 19, 7, 9, 0, 1, 1]
(2, (1, 1, 0), (0, 2)): [32, 5, 3, 2]
(2, (1, 1, 0), (1, 0)): [147, 26, 7, 3, 3, 3, 0, 0, 1, 1]
(2, (1, 1, 0), (1, 1)): [114, 19, 5, 5, 2, 0, 1, 0, 1, 1]
(2, (1, 1, 0), (1, 2)): [62, 8, 4, 3, 0, 0, 1]
(2, (1, 1, 0), (2, 0)): [46, 12, 5, 1, 1, 2]
(2, (1, 1, 0), (2, 1)): [60, 7, 4, 2, 3, 1, 0, 0, 1, 1]
(2, (1, 1, 0), (2, 2)): [53, 8, 1, 3, 1, 0, 1, 0, 1]
(2, (1, 1, 0), (3, 0)): [18, 7, 3, 0, 0, 1]
(2, (1, 1, 0), (3, 1)): [23, 5, 3, 1, 1, 1]
(2, (1, 1, 0), (3, 2)): [34, 6, 2, 2, 1, 0, 0, 0, 1]
(2, (1, 1, 1), (0, 0)): [695, 104, 97, 57, 55, 24, 4, 2, 2]
(2, (1, 1, 1), (0, 1)): [48, 5, 4, 3, 6, 1, 1, 1]
(2, (1, 1, 1), (0, 2)): [21, 1, 2, 0, 1]
(2, (1, 1, 1), (1, 0)): [41, 23, 2, 3, 2, 2, 0, 0, 1]
(2, (1, 1, 1), (1, 1)): [37, 5, 1, 2, 4, 1]
(2, (1, 1, 1), (1, 2)): [26, 2, 1, 0, 2, 1]
(2, (1, 1, 1), (2, 0)): [14, 18, 0, 1, 1, 1]
(2, (1, 1, 1), (2, 1)): [22, 7, 1, 2, 1, 1]
(2, (1, 1, 1), (2, 2)): [21, 4, 1, 1, 0, 1]
(2, (1, 1, 1), (3, 0)): [2, 14]
(2, (1, 1, 1), (3, 1)): [7, 10, 1, 0, 0, 1]
(2, (1, 1, 1), (3, 2)): [12, 7, 1, 1, 0, 2]
