(0, (0, 0, 0), (0, 0)): [30456, 6561, 2951, 1372, 612, 261, 105, 50, 17, 5, 1, 2, 0, 1]
(0, (0, 0, 0), (0, 1)): [14297, 3031, 1343, 601, 287, 128, 52, 24, 7, 2, 0, 2, 0, 1]
(0, (0, 0, 0), (0, 2)): [5998, 1287, 592, 252, 124, 62, 22, 10, 3, 1, 0, 1]
(0, (0, 0, 0), (1, 0)): [11214, 2518, 1099, 506, 219, 93, 36, 16, 8, 2]
(0, (0, 0, 0), (1, 1)): [11424, 2520, 1107, 511, 229, 86, 38, 21, 5, 1, 0, 1, 0, 1]
(0, (0, 0, 0), (1, 2)): [8226, 1837, 747, 355, 172, 63, 31, 12, 2, 1]
(0, (0, 0, 0), (2, 0)): [3082, 687, 276, 142, 59, 17, 10, 4, 3, 1]
(0, (0, 0, 0), (2, 1)): [5495, 1211, 522, 268, 103, 40, 18, 14, 3, 2, 0, 1, 0, 1]
(0, (0, 0, 0), (2, 2)): [6064, 1357, 524, 251, 122, 55, 28, 10, 2, 0, 0, 1, 0, 1]
(0, (0, 0, 0), (3, 0)): [519, 114, 42, 21, 11, 1, 1, 0, 1]
(0, (0, 0, 0), (3, 1)): [1502, 319, 143, 72, 28, 3, 5, 1, 2, 1]
(0, (0, 0, 0), (3, 2)): [2576, 585, 233, 113, 49, 19, 11, 2, 1]
(0, (0, 0, 1), (0, 0)): [104, 291, 95, 53, 23, 9, 6, 0, 1]
(0, (0, 0, 1), (0, 1)): [46, 131, 43, 35, 10, 6, 2]
(0, (0, 0, 1), (0, 2)): [23, 62, 17, 18, 2, 1]
(0, (0, 0, 1), (1, 0)): [34, 113, 30, 10, 8, 2, 2, 0, 1]
(0, (0, 0, 1), (1, 1)): [34, 98, 30, 15, 11, 1, 2]
(0, (0, 0, 1), (1, 2)): [24, 75, 23, 16, 7, 0, 1]
(0, (0, 0, 1), (2, 0)): [7, 34, 10, 2, 3, 1, 0, 0, 1]
(0, (0, 0, 1), (2, 1)): [17, 55, 19, 6, 6, 1, 0, 0, 1]
(0, (0, 0, 1), (2, 2)): [20, 52, 16, 10, 6, 1]
(0, (0, 0, 1), (3, 0)): [0, 4, 1, 1]
(0, (0, 0, 1), (3, 1)): [3, 13, 5, 3, 0, 0, 0, 0, 1]
(0, (0, 0, 1), (3, 2)): [10, 21, 9, 4, 2, 0, 0, 0, 1]
(0, (0, 1, 0), (0, 0)): [1187, 1205, 476, 237, 106, 48, 18, 6, 3, 2]
(0, (0, 1, 0), (0, 1)): [568, 555, 232, 119, 43, 25, 8, 1, 1, 2]
(0, (0, 1, 0), (0, 2)): [243, 223, 100, 44, 20, 14, 5, 0, 0, 1]
(0, (0, 1, 0), (1, 0)): [434, 478, 181, 78, 39, 17, 8, 2, 1]
(0, (0, 1, 0), (1, 1)): [452, 488, 194, 102, 36, 12, 5, 3, 0, 1]
(0, (0, 1, 0), (1, 2)): [342, 347, 114, 63, 27, 12, 8, 3]
(0, (0, 1, 0), (2, 0)): [119, 126, 42, 17, 11, 5, 3]
(0, (0, 1, 0), (2, 1)): [215, 237, 93, 53, 18, 9, 1, 0, 0, 1]
(0, (0, 1, 0), (2, 2)): [262, 259, 86, 52, 27, 14, 5, 1, 0, 1]
(0, (0, 1, 0), (3, 0)): [21, 21, 3, 1, 1]
(0, (0, 1, 0), (3, 1)): [60, 66, 19, 10, 3]
(0, (0, 1, 0), (3, 2)): [110, 114, 39, 19, 9, 5, 3]
(0, (0, 1, 1), (0, 0)): [98, 160, 198, 80, 36, 35, 8, 5, 3, 0, 0, 2]
(0, (0, 1, 1), (0, 1)): [42, 88, 91, 35, 20, 17, 4, 2, 2, 0, 0, 2]
(0, (0, 1, 1), (0, 2)): [18, 44, 31, 16, 12, 8, 0, 1, 0, 0, 0, 1]
(0, (0, 1, 1), (1, 0)): [35, 52, 66, 32, 11, 12, 2, 3, 1]
(0, (0, 1, 1), (1, 1)): [40, 59, 70, 32, 12, 10, 4, 2, 1, 0, 0, 1]
(0, (0, 1, 1), (1, 2)): [31, 57, 40, 20, 11, 9, 1, 1, 1]
(0, (0, 1, 1), (2, 0)): [6, 12, 25, 7, 2, 2, 2, 1, 1]
(0, (0, 1, 1), (2, 1)): [12, 24, 36, 17, 3, 5, 3, 1, 1, 0, 0, 1]
(0, (0, 1, 1), (2, 2)): [21, 32, 28, 20, 6, 5, 1, 1, 1, 0, 0, 1]
(0, (0, 1, 1), (3, 0)): [2, 1, 4, 1, 0, 0, 0, 1]
(0, (0, 1, 1), (3, 1)): [2, 7, 12, 7, 0, 1, 0, 1]
(0, (0, 1, 1), (3, 2)): [10, 12, 11, 13, 2, 3]
(0, (1, 0, 0), (0, 0)): [6282, 2147, 1386, 715, 328, 158, 56, 28, 8, 4, 1, 2, 0, 1]
(0, (1, 0, 0), (0, 1)): [2936, 1014, 628, 298, 158, 75, 24, 16, 2, 2, 0, 2, 0, 1]
(0, (1, 0, 0), (0, 2)): [1193, 435, 285, 116, 64, 40, 9, 8, 0, 1, 0, 1]
(0, (1, 0, 0), (1, 0)): [2380, 812, 515, 281, 116, 60, 23, 7, 6, 2]
(0, (1, 0, 0), (1, 1)): [2401, 807, 527, 268, 122, 54, 25, 9, 4, 1, 0, 1, 0, 1]
(0, (1, 0, 0), (1, 2)): [1699, 612, 386, 184, 91, 42, 19, 5, 2, 1]
(0, (1, 0, 0), (2, 0)): [652, 212, 135, 85, 35, 9, 6, 2, 3, 1]
(0, (1, 0, 0), (2, 1)): [1146, 376, 254, 140, 57, 21, 9, 8, 3, 2, 0, 1, 0, 1]
(0, (1, 0, 0), (2, 2)): [1274, 454, 262, 131, 54, 33, 18, 5, 2, 0, 0, 1, 0, 1]
(0, (1, 0, 0), (3, 0)): [123, 27, 19, 14, 6, 1, 1, 0, 1]
(0, (1, 0, 0), (3, 1)): [325, 98, 69, 42, 14, 2, 3, 1, 2, 1]
(0, (1, 0, 0), (3, 2)): [549, 179, 103, 61, 26, 13, 6, 2, 1]
(0, (1, 0, 1), (0, 0)): [136, 480, 197, 135, 78, 33, 16, 5, 2, 1]
(0, (1, 0, 1), (0, 1)): [66, 213, 83, 63, 34, 12, 8, 1, 1, 1]
(0, (1, 0, 1), (0, 2)): [24, 88, 46, 25, 12, 4, 3, 1]
(0, (1, 0, 1), (1, 0)): [47, 194, 81, 48, 28, 15, 7, 2, 1]
(0, (1, 0, 1), (1, 1)): [50, 199, 80, 50, 30, 13, 7, 1, 0, 1]
(0, (1, 0, 1), (1, 2)): [39, 136, 60, 40, 20, 6, 4, 2]
(0, (1, 0, 1), (2, 0)): [15, 49, 21, 16, 6, 4, 2, 1]
(0, (1, 0, 1), (2, 1)): [20, 88, 40, 24, 13, 9, 2, 1, 0, 1]
(0, (1, 0, 1), (2, 2)): [28, 96, 39, 34, 19, 9, 5, 1]
(0, (1, 0, 1), (3, 0)): [4, 11, 2, 2]
(0, (1, 0, 1), (3, 1)): [4, 28, 7, 5, 1, 0, 0, 0, 0, 1]
(0, (1, 0, 1), (3, 2)): [14, 40, 15, 10, 5, 5]
(0, (1, 1, 0), (0, 0)): [901, 604, 452, 327, 166, 76, 31, 16, 4, 4]
(0, (1, 1, 0), (0, 1)): [437, 272, 202, 137, 76, 32, 11, 8, 1, 3]
(0, (1, 1, 0), (0, 2)): [186, 104, 99, 53, 31, 18, 6, 1, 0, 2]
(0, (1, 1, 0), (1, 0)): [321, 235, 179, 116, 67, 32, 13, 3, 3, 1]
(0, (1, 1, 0), (1, 1)): [318, 241, 174, 128, 71, 27, 11, 8, 3, 1]
(0, (1, 1, 0), (1, 2)): [226, 165, 125, 80, 49, 17, 11, 2, 1, 1]
(0, (1, 1, 0), (2, 0)): [89, 54, 44, 24, 19, 5, 4, 0, 1]
(0, (1, 1, 0), (2, 1)): [165, 108, 83, 59, 34, 9, 5, 5, 1, 1]
(0, (1, 1, 0), (2, 2)): [168, 122, 91, 58, 33, 15, 10, 5]
(0, (1, 1, 0), (3, 0)): [16, 9, 9, 4, 4, 1, 1, 0, 1]
(0, (1, 1, 0), (3, 1)): [43, 27, 23, 17, 7, 1, 2, 1, 2, 1]
(0, (1, 1, 0), (3, 2)): [70, 51, 33, 29, 16, 6, 4, 2]
(0, (1, 1, 1), (0, 0)): [90, 169, 137, 91, 93, 45, 20, 10, 4, 1]
(0, (1, 1, 1), (0, 1)): [41, 77, 70, 41, 51, 21, 8, 5, 3, 1]
(0, (1, 1, 1), (0, 2)): [15, 35, 34, 13, 15, 7, 2, 0, 1, 1]
(0, (1, 1, 1), (1, 0)): [35, 65, 47, 33, 31, 17, 9, 3, 1]
(0, (1, 1, 1), (1, 1)): [33, 61, 52, 42, 42, 22, 10, 6, 1]
(0, (1, 1, 1), (1, 2)): [22, 44, 39, 24, 31, 14, 8, 1]
(0, (1, 1, 1), (2, 0)): [13, 14, 15, 8, 8, 1, 3, 0, 1]
(0, (1, 1, 1), (2, 1)): [17, 30, 27, 20, 21, 7, 5, 4, 2]
(0, (1, 1, 1), (2, 2)): [21, 34, 24, 22, 25, 12, 9, 3]
(0, (1, 1, 1), (3, 0)): [2, 3, 2, 0, 1]
(0, (1, 1, 1), (3, 1)): [4, 8, 9, 4, 1, 1, 1, 2, 1]
(0, (1, 1, 1), (3, 2)): [12, 18, 11, 13, 10, 7, 2, 1]
(1, (0, 0, 0), (0, 0)): [25180, 2959, 1197, 471, 188, 73, 30, 15, 4, 1]
(1, (0, 0, 0), (0, 1)): [11806, 1361, 541, 210, 86, 36, 17, 7, 2]
(1, (0, 0, 0), (0, 2)): [4994, 586, 241, 96, 41, 12, 7, 2, 1]
(1, (0, 0, 0), (1, 0)): [9234, 1119, 439, 172, 68, 25, 8, 6, 1]
(1, (0, 0, 0), (1, 1)): [9424, 1135, 435, 170, 66, 30, 11, 8, 1]
(1, (0, 0, 0), (1, 2)): [6789, 832, 290, 128, 52, 18, 6, 3]
(1, (0, 0, 0), (2, 0)): [2536, 310, 107, 50, 15, 3, 3, 2]
(1, (0, 0, 0), (2, 1)): [4552, 550, 204, 89, 29, 13, 8, 5]
(1, (0, 0, 0), (2, 2)): [4971, 616, 211, 87, 38, 16, 7, 3]
(1, (0, 0, 0), (3, 0)): [410, 55, 17, 7, 3]
(1, (0, 0, 0), (3, 1)): [1233, 139, 59, 22, 11, 1, 2]
(1, (0, 0, 0), (3, 2)): [2110, 262, 99, 38, 14, 5, 4]
(1, (0, 0, 1), (0, 0)): [711, 1062, 196, 90, 33, 34, 4, 0, 4]
(1, (0, 0, 1), (0, 1)): [351, 493, 92, 46, 16, 19]
(1, (0, 0, 1), (0, 2)): [153, 206, 42, 15, 10, 13]
(1, (0, 0, 1), (1, 0)): [245, 409, 70, 27, 11, 9, 2, 0, 2]
(1, (0, 0, 1), (1, 1)): [278, 408, 69, 38, 12, 7, 1]
(1, (0, 0, 1), (1, 2)): [201, 294, 51, 19, 12, 6, 1]
(1, (0, 0, 1), (2, 0)): [61, 115, 22, 7, 2, 3, 1, 0, 1]
(1, (0, 0, 1), (2, 1)): [125, 200, 37, 18, 5, 5, 1, 0, 1]
(1, (0, 0, 1), (2, 2)): [146, 213, 37, 16, 8, 5, 1]
(1, (0, 0, 1), (3, 0)): [8, 12, 4, 3]
(1, (0, 0, 1), (3, 1)): [35, 46, 10, 5, 3, 1, 0, 0, 1]
(1, (0, 0, 1), (3, 2)): [65, 86, 15, 7, 2, 3, 1, 0, 1]
(1, (0, 1, 0), (0, 0)): [3506, 1492, 572, 241, 102, 44, 16, 10, 3, 1]
(1, (0, 1, 0), (0, 1)): [1653, 695, 251, 115, 51, 20, 6, 5, 1, 1]
(1, (0, 1, 0), (0, 2)): [694, 277, 106, 46, 13, 13, 5, 3]
(1, (0, 1, 0), (1, 0)): [1301, 550, 212, 82, 34, 18, 7, 3, 1]
(1, (0, 1, 0), (1, 1)): [1305, 578, 205, 88, 41, 17, 4, 4, 1, 1]
(1, (0, 1, 0), (1, 2)): [957, 422, 133, 61, 23, 12, 6, 5]
(1, (0, 1, 0), (2, 0)): [363, 159, 57, 33, 9, 2, 3, 1]
(1, (0, 1, 0), (2, 1)): [632, 284, 99, 48, 19, 5, 2, 2, 0, 1]
(1, (0, 1, 0), (2, 2)): [737, 317, 97, 42, 17, 11, 2, 0, 0, 1]
(1, (0, 1, 0), (3, 0)): [57, 20, 6, 4]
(1, (0, 1, 0), (3, 1)): [162, 77, 27, 8, 2, 0, 1, 1]
(1, (0, 1, 0), (3, 2)): [295, 128, 45, 14, 6, 4, 2, 1]
(1, (0, 1, 1), (0, 0)): [502, 443, 383, 148, 87, 27, 13, 7, 1, 1]
(1, (0, 1, 1), (0, 1)): [241, 210, 163, 63, 39, 14, 8, 4, 1, 1]
(1, (0, 1, 1), (0, 2)): [108, 96, 67, 26, 20, 6, 2, 2, 0, 1]
(1, (0, 1, 1), (1, 0)): [186, 172, 154, 53, 35, 9, 2, 2]
(1, (0, 1, 1), (1, 1)): [191, 154, 142, 51, 34, 11, 5, 2, 1]
(1, (0, 1, 1), (1, 2)): [152, 113, 107, 27, 30, 7, 4, 0, 0, 1]
(1, (0, 1, 1), (2, 0)): [59, 57, 43, 15, 8, 1, 1]
(1, (0, 1, 1), (2, 1)): [89, 81, 61, 23, 13, 3, 2, 2, 1]
(1, (0, 1, 1), (2, 2)): [107, 90, 77, 24, 16, 7, 1, 1, 1]
(1, (0, 1, 1), (3, 0)): [10, 5, 9, 3, 1]
(1, (0, 1, 1), (3, 1)): [23, 18, 15, 8, 4, 1]
(1, (0, 1, 1), (3, 2)): [40, 35, 30, 13, 7, 2, 0, 1]
(1, (1, 0, 0), (0, 0)): [9192, 1652, 1092, 453, 191, 72, 30, 14, 2, 0, 1]
(1, (1, 0, 0), (0, 1)): [4230, 760, 507, 202, 88, 34, 21, 7]
(1, (1, 0, 0), (0, 2)): [1710, 345, 218, 89, 43, 12, 9, 3]
(1, (1, 0, 0), (1, 0)): [3468, 630, 393, 170, 63, 26, 4, 4, 1]
(1, (1, 0, 0), (1, 1)): [3469, 604, 417, 162, 58, 28, 9, 3, 1]
(1, (1, 0, 0), (1, 2)): [2428, 448, 287, 121, 48, 18, 6, 1]
(1, (1, 0, 0), (2, 0)): [963, 184, 93, 47, 19, 4, 3, 3]
(1, (1, 0, 0), (2, 1)): [1693, 295, 178, 77, 25, 13, 7, 4, 1]
(1, (1, 0, 0), (2, 2)): [1839, 329, 198, 83, 28, 21, 5, 2, 1]
(1, (1, 0, 0), (3, 0)): [181, 35, 18, 9, 5]
(1, (1, 0, 0), (3, 1)): [487, 76, 49, 25, 7, 0, 1, 1]
(1, (1, 0, 0), (3, 2)): [790, 141, 81, 38, 9, 5, 3, 1]
(1, (1, 0, 1), (0, 0)): [804, 906, 272, 200, 85, 34, 11, 7, 3, 1]
(1, (1, 0, 1), (0, 1)): [398, 420, 130, 94, 37, 13, 7, 4, 1]
(1, (1, 0, 1), (0, 2)): [169, 187, 64, 36, 19, 5, 6, 1]
(1, (1, 0, 1), (1, 0)): [284, 356, 89, 71, 32, 14, 2, 1, 1]
(1, (1, 0, 1), (1, 1)): [284, 355, 94, 80, 34, 13, 1, 1]
(1, (1, 0, 1), (1, 2)): [230, 261, 78, 57, 19, 10, 4, 1]
(1, (1, 0, 1), (2, 0)): [83, 98, 25, 18, 7, 5, 1]
(1, (1, 0, 1), (2, 1)): [129, 178, 34, 31, 18, 7, 1]
(1, (1, 0, 1), (2, 2)): [160, 192, 51, 34, 16, 13, 1]
(1, (1, 0, 1), (3, 0)): [8, 17, 6, 3, 1]
(1, (1, 0, 1), (3, 1)): [28, 46, 10, 3, 3, 0, 1]
(1, (1, 0, 1), (3, 2)): [54, 78, 19, 8, 6, 5, 1]
(1, (1, 1, 0), (0, 0)): [2656, 807, 531, 384, 148, 63, 28, 6, 2, 1, 1]
(1, (1, 1, 0), (0, 1)): [1204, 383, 236, 166, 67, 29, 13, 1, 0, 1]
(1, (1, 1, 0), (0, 2)): [455, 160, 100, 78, 22, 13, 4, 1]
(1, (1, 1, 0), (1, 0)): [1023, 286, 205, 146, 54, 25, 9, 3, 2]
(1, (1, 1, 0), (1, 1)): [1014, 296, 212, 140, 58, 22, 10, 0, 2, 1]
(1, (1, 1, 0), (1, 2)): [681, 233, 144, 109, 41, 13, 5, 1, 1]
(1, (1, 1, 0), (2, 0)): [275, 78, 50, 37, 14, 5, 6, 2]
(1, (1, 1, 0), (2, 1)): [504, 135, 96, 64, 24, 14, 9, 2, 1, 1]
(1, (1, 1, 0), (2, 2)): [504, 162, 95, 64, 23, 14, 6, 1, 1, 1]
(1, (1, 1, 0), (3, 0)): [44, 11, 5, 5, 4, 1, 1]
(1, (1, 1, 0), (3, 1)): [140, 28, 24, 21, 9, 2, 3]
(1, (1, 1, 0), (3, 2)): [227, 56, 37, 39, 12, 3, 3]
(1, (1, 1, 1), (0, 0)): [543, 445, 288, 184, 151, 59, 22, 5, 0, 1]
(1, (1, 1, 1), (0, 1)): [236, 189, 128, 84, 61, 28, 12, 3, 0, 1]
(1, (1, 1, 1), (0, 2)): [94, 79, 54, 40, 28, 11, 4, 0, 0, 1]
(1, (1, 1, 1), (1, 0)): [209, 167, 117, 70, 57, 20, 6]
(1, (1, 1, 1), (1, 1)): [201, 164, 120, 78, 64, 25, 9, 2]
(1, (1, 1, 1), (1, 2)): [135, 120, 82, 46, 47, 13, 6, 0, 0, 1]
(1, (1, 1, 1), (2, 0)): [72, 43, 25, 11, 11, 4, 2]
(1, (1, 1, 1), (2, 1)): [101, 84, 58, 28, 27, 14, 3, 1]
(1, (1, 1, 1), (2, 2)): [110, 86, 51, 30, 33, 13, 4, 1]
(1, (1, 1, 1), (3, 0)): [10, 4, 1, 1, 2, 0, 1]
(1, (1, 1, 1), (3, 1)): [29, 23, 16, 6, 5, 2, 2]
(1, (1, 1, 1), (3, 2)): [49, 32, 21, 13, 12, 5, 3, 1]
(2, (0, 0, 0), (0, 0)): [22160, 1085, 353, 111, 47, 10, 3, 4, 1, 1]
(2, (0, 0, 0), (0, 1)): [10457, 512, 162, 49, 19, 6, 1, 1, 1]
(2, (0, 0, 0), (0, 2)): [4441, 231, 76, 22, 10, 2, 0, 1, 1]
(2, (0, 0, 0), (1, 0)): [8102, 388, 124, 41, 21, 2, 2, 3]
(2, (0, 0, 0), (1, 1)): [8356, 407, 123, 44, 21, 2, 3, 2]
(2, (0, 0, 0), (1, 2)): [6013, 298, 79, 31, 17, 3, 1]
(2, (0, 0, 0), (2, 0)): [2220, 98, 31, 12, 3]
(2, (0, 0, 0), (2, 1)): [4003, 203, 70, 25, 7, 1, 2, 2]
(2, (0, 0, 0), (2, 2)): [4355, 218, 64, 20, 14, 2, 1, 1]
(2, (0, 0, 0), (3, 0)): [360, 16, 5]
(2, (0, 0, 0), (3, 1)): [1079, 50, 22, 2, 3, 0, 1]
(2, (0, 0, 0), (3, 2)): [1846, 99, 34, 7, 7, 1]
(2, (0, 0, 1), (0, 0)): [2201, 582, 147, 44, 18, 7, 3]
(2, (0, 0, 1), (0, 1)): [1043, 265, 66, 20, 7, 5, 2]
(2, (0, 0, 1), (0, 2)): [447, 116, 26, 8, 4, 3, 2]
(2, (0, 0, 1), (1, 0)): [820, 218, 47, 16, 10, 2, 1]
(2, (0, 0, 1), (1, 1)): [839, 211, 46, 19, 7, 2, 1]
(2, (0, 0, 1), (1, 2)): [602, 161, 36, 16, 4, 1, 2]
(2, (0, 0, 1), (2, 0)): [222, 58, 14, 4, 2, 1]
(2, (0, 0, 1), (2, 1)): [396, 103, 25, 10, 4, 3]
(2, (0, 0, 1), (2, 2)): [460, 107, 24, 10, 3, 0, 1]
(2, (0, 0, 1), (3, 0)): [37, 6, 3, 0, 1]
(2, (0, 0, 1), (3, 1)): [104, 29, 7, 3, 2, 1]
(2, (0, 0, 1), (3, 2)): [185, 47, 13, 5, 0, 1]
(2, (0, 1, 0), (0, 0)): [5593, 1092, 340, 104, 39, 15, 2, 1]
(2, (0, 1, 0), (0, 1)): [2576, 481, 148, 52, 18, 8, 1]
(2, (0, 1, 0), (0, 2)): [1100, 211, 61, 18, 8, 5]
(2, (0, 1, 0), (1, 0)): [2094, 393, 134, 34, 12, 6, 1, 1]
(2, (0, 1, 0), (1, 1)): [2097, 406, 125, 38, 11, 5, 0, 1]
(2, (0, 1, 0), (1, 2)): [1520, 288, 84, 31, 9, 6, 0, 1]
(2, (0, 1, 0), (2, 0)): [575, 108, 35, 9, 4, 1, 1]
(2, (0, 1, 0), (2, 1)): [1005, 196, 67, 19, 4, 2, 1]
(2, (0, 1, 0), (2, 2)): [1155, 208, 67, 19, 5, 4]
(2, (0, 1, 0), (3, 0)): [94, 18, 3, 0, 1]
(2, (0, 1, 0), (3, 1)): [272, 59, 11, 5, 2, 1, 1]
(2, (0, 1, 0), (3, 2)): [512, 113, 30, 8, 2, 3, 1]
(2, (0, 1, 1), (0, 0)): [1340, 114, 262, 81, 31, 7, 3, 2, 0, 1]
(2, (0, 1, 1), (0, 1)): [630, 56, 110, 33, 13, 5, 1, 2]
(2, (0, 1, 1), (0, 2)): [247, 29, 49, 13, 6, 3, 1, 1]
(2, (0, 1, 1), (1, 0)): [509, 43, 101, 35, 11, 2]
(2, (0, 1, 1), (1, 1)): [538, 44, 100, 30, 9, 2]
(2, (0, 1, 1), (1, 2)): [389, 38, 65, 17, 6, 2]
(2, (0, 1, 1), (2, 0)): [129, 10, 26, 12, 4]
(2, (0, 1, 1), (2, 1)): [273, 17, 41, 15, 4, 1]
(2, (0, 1, 1), (2, 2)): [296, 26, 41, 12, 3, 2]
(2, (0, 1, 1), (3, 0)): [18, 1, 5, 2, 1]
(2, (0, 1, 1), (3, 1)): [62, 2, 9, 5, 3]
(2, (0, 1, 1), (3, 2)): [137, 9, 16, 8, 5]
(2, (1, 0, 0), (0, 0)): [10972, 758, 515, 177, 71, 17, 5, 6, 0, 1]
(2, (1, 0, 0), (0, 1)): [5042, 345, 229, 81, 33, 10, 3, 2]
(2, (1, 0, 0), (0, 2)): [2149, 155, 99, 34, 16, 6, 1, 2]
(2, (1, 0, 0), (1, 0)): [4094, 285, 188, 70, 27, 4, 2, 3]
(2, (1, 0, 0), (1, 1)): [4112, 284, 196, 64, 27, 4, 3, 2]
(2, (1, 0, 0), (1, 2)): [2897, 209, 131, 48, 24, 4, 2]
(2, (1, 0, 0), (2, 0)): [1106, 63, 39, 20, 4]
(2, (1, 0, 0), (2, 1)): [2050, 116, 90, 35, 9, 2, 2, 2]
(2, (1, 0, 0), (2, 2)): [2189, 140, 95, 35, 19, 4, 2, 1]
(2, (1, 0, 0), (3, 0)): [182, 11, 9, 4]
(2, (1, 0, 0), (3, 1)): [592, 29, 32, 9, 3, 0, 1]
(2, (1, 0, 0), (3, 2)): [951, 58, 48, 13, 8, 2, 1]
(2, (1, 0, 1), (0, 0)): [2159, 482, 217, 124, 34, 20, 5, 2, 1]
(2, (1, 0, 1), (0, 1)): [1016, 207, 93, 59, 17, 10, 2, 1, 1]
(2, (1, 0, 1), (0, 2)): [405, 93, 42, 29, 9, 5, 2]
(2, (1, 0, 1), (1, 0)): [767, 196, 82, 48, 12, 7, 3, 1]
(2, (1, 0, 1), (1, 1)): [831, 189, 92, 42, 10, 4, 2, 1, 1]
(2, (1, 0, 1), (1, 2)): [570, 134, 59, 36, 7, 3, 2]
(2, (1, 0, 1), (2, 0)): [195, 45, 17, 12, 3, 3, 1]
(2, (1, 0, 1), (2, 1)): [387, 93, 40, 24, 7, 6, 2, 1, 1]
(2, (1, 0, 1), (2, 2)): [423, 107, 39, 24, 6, 2, 1, 0, 1]
(2, (1, 0, 1), (3, 0)): [28, 5, 4, 2, 1]
(2, (1, 0, 1), (3, 1)): [87, 16, 9, 5, 2, 2, 1]
(2, (1, 0, 1), (3, 2)): [182, 41, 19, 11, 1, 3, 1]
(2, (1, 1, 0), (0, 0)): [4509, 665, 354, 264, 89, 24, 11, 6]
(2, (1, 1, 0), (0, 1)): [2064, 318, 166, 119, 42, 12, 5, 2]
(2, (1, 1, 0), (0, 2)): [839, 119, 59, 52, 19, 6, 1, 2]
(2, (1, 1, 0), (1, 0)): [1711, 244, 145, 100, 30, 8, 5, 3]
(2, (1, 1, 0), (1, 1)): [1680, 255, 146, 97, 27, 7, 5, 2]
(2, (1, 1, 0), (1, 2)): [1183, 187, 105, 75, 23, 6, 2, 1]
(2, (1, 1, 0), (2, 0)): [475, 61, 40, 25, 10, 1, 1]
(2, (1, 1, 0), (2, 1)): [879, 115, 76, 48, 15, 3, 5, 1]
(2, (1, 1, 0), (2, 2)): [918, 131, 81, 50, 14, 5, 3, 1]
(2, (1, 1, 0), (3, 0)): [82, 12, 7, 3, 1]
(2, (1, 1, 0), (3, 1)): [237, 29, 22, 13, 6, 1, 2]
(2, (1, 1, 0), (3, 2)): [404, 61, 44, 22, 8, 2, 2]
(2, (1, 1, 1), (0, 0)): [1352, 177, 214, 134, 80, 27, 11, 2, 1]
(2, (1, 1, 1), (0, 1)): [613, 81, 90, 54, 36, 15, 6, 1, 1]
(2, (1, 1, 1), (0, 2)): [249, 28, 35, 26, 16, 9, 4]
(2, (1, 1, 1), (1, 0)): [528, 69, 84, 54, 28, 9, 3]
(2, (1, 1, 1), (1, 1)): [508, 74, 83, 43, 22, 8, 4, 1, 1]
(2, (1, 1, 1), (1, 2)): [360, 56, 62, 41, 16, 6, 4]
(2, (1, 1, 1), (2, 0)): [152, 14, 20, 13, 8, 1]
(2, (1, 1, 1), (2, 1)): [280, 33, 42, 21, 11, 5, 3, 1, 1]
(2, (1, 1, 1), (2, 2)): [287, 42, 49, 30, 11, 5, 3, 1, 1]
(2, (1, 1, 1), (3, 0)): [22, 2, 2, 1, 3]
(2, (1, 1, 1), (3, 1)): [74, 11, 10, 5, 8, 2, 1]
(2, (1, 1, 1), (3, 2)): [125, 20, 20, 11, 7, 2, 1]
