(0, (0, 0, 0), (0, 0)): [15846, 3218, 1576, 739, 327, 141, 59, 26, 15, 5, 6, 0, 2, 0, 0, 0, 0, 1]
(0, (0, 0, 0), (0, 1)): [881, 176, 94, 47, 21, 11, 4, 2, 0, 1, 0, 0, 2]
(0, (0, 0, 0), (0, 2)): [308, 57, 34, 12, 5, 1, 1, 1, 0, 0, 0, 0, 1]
(0, (0, 0, 0), (1, 0)): [795, 197, 97, 54, 27, 7, 5, 2]
(0, (0, 0, 0), (1, 1)): [775, 169, 87, 49, 24, 10, 5, 1, 0, 0, 0, 0, 1]
(0, (0, 0, 0), (1, 2)): [489, 81, 48, 18, 14, 6, 1, 2, 0, 0, 0, 0, 2]
(0, (0, 0, 0), (2, 0)): [242, 67, 39, 21, 13, 4, 3]
(0, (0, 0, 0), (2, 1)): [411, 107, 51, 37, 18, 5, 6]
(0, (0, 0, 0), (2, 2)): [368, 78, 44, 21, 14, 5, 2, 1, 0, 0, 0, 0, 2]
(0, (0, 0, 0), (3, 0)): [81, 18, 15, 8, 2, 1]
(0, (0, 0, 0), (3, 1)): [163, 53, 33, 20, 10, 3, 3]
(0, (0, 0, 0), (3, 2)): [225, 50, 34, 19, 13, 2, 2, 0, 0, 0, 0, 0, 2]
(0, (0, 0, 1), (0, 0)): [46, 177, 52, 17, 11, 12, 5, 0, 0, 0, 1]
(0, (0, 0, 1), (0, 1)): [2, 12, 3, 2, 0, 1, 1]
(0, (0, 0, 1), (0, 2)): [1, 4, 2, 2]
(0, (0, 0, 1), (1, 0)): [3, 7, 1, 1, 3, 1]
(0, (0, 0, 1), (1, 1)): [3, 5, 1, 0, 1, 1]
(0, (0, 0, 1), (1, 2)): [0, 5, 1, 1]
(0, (0, 0, 1), (2, 0)): [1, 5, 0, 1, 1, 1]
(0, (0, 0, 1), (2, 1)): [3, 2, 0, 1, 2]
(0, (0, 0, 1), (2, 2)): [0, 3, 0, 0, 1]
(0, (0, 0, 1), (3, 0)): [0, 3, 0, 0, 0, 1]
(0, (0, 0, 1), (3, 1)): [2, 1, 0, 0, 1]
(0, (0, 0, 1), (3, 2)): [2, 2, 0, 0, 1]
(0, (0, 1, 0), (0, 0)): [513, 443, 196, 103, 43, 21, 7, 6, 3, 1, 2]
(0, (0, 1, 0), (0, 1)): [22, 24, 8, 9, 2, 0, 2]
(0, (0, 1, 0), (0, 2)): [5, 7, 3, 3]
(0, (0, 1, 0), (1, 0)): [21, 26, 6, 11, 1]
(0, (0, 1, 0), (1, 1)): [25, 21, 5, 7, 2, 0, 2]
(0, (0, 1, 0), (1, 2)): [12, 15, 3, 8, 1]
(0, (0, 1, 0), (2, 0)): [4, 7, 3, 6]
(0, (0, 1, 0), (2, 1)): [12, 7, 2, 2, 1, 0, 2]
(0, (0, 1, 0), (2, 2)): [7, 12, 2, 3, 1, 0, 1]
(0, (0, 1, 0), (3, 0)): [2, 3, 2, 5]
(0, (0, 1, 0), (3, 1)): [3, 5, 3, 2, 1, 0, 1]
(0, (0, 1, 0), (3, 2)): [2, 6, 5, 1, 1, 0, 1]
(0, (0, 1, 1), (0, 0)): [42, 76, 85, 37, 24, 9, 5, 2, 2, 1, 0, 1, 0, 0, 0, 0, 0, 1]
(0, (0, 1, 1), (0, 1)): [3, 5, 7, 3, 1]
(0, (0, 1, 1), (0, 2)): [0, 2, 3]
(0, (0, 1, 1), (1, 0)): [1, 8, 11, 3, 3, 1, 2, 0, 0, 0, 0, 1]
(0, (0, 1, 1), (1, 1)): [3, 2, 8, 2, 3, 0, 1]
(0, (0, 1, 1), (1, 2)): [0, 0, 2, 0, 0, 0, 1]
(0, (0, 1, 1), (2, 0)): [0, 7, 3, 2, 0, 0, 1, 0, 0, 0, 0, 1]
(0, (0, 1, 1), (2, 1)): [2, 3, 5, 1, 3, 0, 1]
(0, (0, 1, 1), (2, 2)): [1, 0, 2, 1, 1]
(0, (0, 1, 1), (3, 0)): [0, 5, 2, 2, 0, 0, 0, 0, 0, 0, 0, 1]
(0, (0, 1, 1), (3, 1)): [1, 2, 2, 1, 2]
(0, (0, 1, 1), (3, 2)): [2, 1, 3, 0, 2]
(0, (1, 0, 0), (0, 0)): [3455, 1116, 742, 365, 173, 85, 35, 18, 10, 5, 4, 0, 1, 0, 0, 1, 0, 1]
(0, (1, 0, 0), (0, 1)): [180, 51, 41, 27, 7, 4, 1]
(0, (1, 0, 0), (0, 2)): [65, 14, 14, 9, 2]
(0, (1, 0, 0), (1, 0)): [158, 63, 47, 20, 16, 3, 3, 2, 0, 1]
(0, (1, 0, 0), (1, 1)): [145, 50, 29, 22, 9, 5, 1, 1]
(0, (1, 0, 0), (1, 2)): [93, 20, 13, 14, 5, 3]
(0, (1, 0, 0), (2, 0)): [52, 22, 16, 10, 8, 2, 2, 1, 0, 1]
(0, (1, 0, 0), (2, 1)): [77, 25, 17, 12, 8, 2, 2, 0, 0, 1]
(0, (1, 0, 0), (2, 2)): [67, 21, 13, 8, 6, 0, 1, 0, 0, 1]
(0, (1, 0, 0), (3, 0)): [14, 10, 5, 3, 4, 2, 1, 1]
(0, (1, 0, 0), (3, 1)): [25, 14, 9, 5, 7, 1, 1]
(0, (1, 0, 0), (3, 2)): [26, 15, 8, 7, 7, 0, 1, 0, 0, 1]
(0, (1, 0, 1), (0, 0)): [67, 232, 92, 61, 39, 16, 6, 6, 2, 1, 0, 0, 1, 0, 0, 0, 0, 1]
(0, (1, 0, 1), (0, 1)): [4, 10, 5, 5, 1, 1, 0, 0, 0, 0, 0, 0, 1]
(0, (1, 0, 1), (0, 2)): [1, 3, 0, 3, 1]
(0, (1, 0, 1), (1, 0)): [2, 9, 4, 9, 1]
(0, (1, 0, 1), (1, 1)): [4, 7, 3, 4, 1]
(0, (1, 0, 1), (1, 2)): [1, 4, 2, 3, 1]
(0, (1, 0, 1), (2, 0)): [0, 5, 2, 5]
(0, (1, 0, 1), (2, 1)): [2, 6, 1, 5]
(0, (1, 0, 1), (2, 2)): [2, 3, 1, 3]
(0, (1, 0, 1), (3, 0)): [0, 0, 1, 2]
(0, (1, 0, 1), (3, 1)): [1, 2, 1, 3]
(0, (1, 0, 1), (3, 2)): [1, 2, 1, 2]
(0, (1, 1, 0), (0, 0)): [501, 352, 240, 178, 93, 56, 21, 13, 6, 5, 4]
(0, (1, 1, 0), (0, 1)): [24, 18, 7, 11, 8, 1, 0, 1]
(0, (1, 1, 0), (0, 2)): [9, 4, 3, 4, 1]
(0, (1, 1, 0), (1, 0)): [21, 19, 10, 10, 11, 4, 1, 1, 0, 1]
(0, (1, 1, 0), (1, 1)): [14, 20, 6, 5, 11, 1, 0, 1]
(0, (1, 1, 0), (1, 2)): [10, 8, 1, 3, 5, 1]
(0, (1, 1, 0), (2, 0)): [4, 5, 1, 5, 3, 1, 1, 1, 0, 1]
(0, (1, 1, 0), (2, 1)): [4, 11, 6, 5, 4, 0, 0, 2, 0, 1]
(0, (1, 1, 0), (2, 2)): [4, 10, 3, 3, 5, 1, 0, 1, 0, 1]
(0, (1, 1, 0), (3, 0)): [2, 0, 0, 3, 2, 0, 1]
(0, (1, 1, 0), (3, 1)): [4, 2, 3, 5, 2, 0, 1]
(0, (1, 1, 0), (3, 2)): [3, 7, 0, 2, 4]
(0, (1, 1, 1), (0, 0)): [48, 103, 78, 68, 45, 26, 14, 7, 5, 1, 3, 1]
(0, (1, 1, 1), (0, 1)): [5, 7, 6, 3, 0, 0, 0, 1, 0, 1, 0, 1]
(0, (1, 1, 1), (0, 2)): [2, 2, 3, 2, 0, 0, 0, 0, 0, 0, 0, 1]
(0, (1, 1, 1), (1, 0)): [1, 5, 1, 4, 7, 0, 1, 0, 0, 0, 1]
(0, (1, 1, 1), (1, 1)): [0, 4, 2, 1, 0, 0, 0, 1, 0, 1]
(0, (1, 1, 1), (1, 2)): [1, 2, 1, 1, 0, 0, 0, 0, 0, 0, 0, 1]
(0, (1, 1, 1), (2, 0)): [0, 3, 0, 2, 5, 0, 1, 0, 0, 0, 1]
(0, (1, 1, 1), (2, 1)): [0, 3, 1, 1, 4, 0, 0, 1]
(0, (1, 1, 1), (2, 2)): [0, 3, 1, 1, 2, 0, 0, 1, 0, 0, 0, 1]
(0, (1, 1, 1), (3, 0)): [0, 0, 0, 0, 1, 0, 0, 0, 0, 0, 1]
(0, (1, 1, 1), (3, 1)): [0, 1, 0, 1, 2, 0, 0, 0, 0, 0, 1]
(0, (1, 1, 1), (3, 2)): [0, 1, 0, 1, 1, 0, 0, 0, 0, 0, 0, 1]
(1, (0, 0, 0), (0, 0)): [12845, 1469, 668, 279, 106, 36, 12, 5, 2, 0, 1, 0, 1]
(1, (0, 0, 0), (0, 1)): [735, 72, 36, 18, 4, 4, 0, 1]
(1, (0, 0, 0), (0, 2)): [224, 16, 9, 5, 1]
(1, (0, 0, 0), (1, 0)): [707, 99, 53, 22, 9, 5, 2]
(1, (0, 0, 0), (1, 1)): [677, 85, 35, 17, 6, 5, 1, 1]
(1, (0, 0, 0), (1, 2)): [399, 44, 16, 11, 3, 3, 1, 1]
(1, (0, 0, 0), (2, 0)): [239, 29, 28, 11, 5, 3, 1]
(1, (0, 0, 0), (2, 1)): [355, 44, 31, 12, 4, 3]
(1, (0, 0, 0), (2, 2)): [356, 36, 16, 10, 3, 1, 1, 1]
(1, (0, 0, 0), (3, 0)): [72, 9, 10, 4, 2, 0, 1]
(1, (0, 0, 0), (3, 1)): [142, 16, 24, 5, 3, 2, 1]
(1, (0, 0, 0), (3, 2)): [193, 26, 19, 6, 3, 2, 1, 1]
(1, (0, 0, 1), (0, 0)): [283, 415, 76, 35, 17, 11, 4, 2, 1]
(1, (0, 0, 1), (0, 1)): [22, 27, 1, 1, 1, 0, 1]
(1, (0, 0, 1), (0, 2)): [12, 10, 1, 0, 0, 0, 1]
(1, (0, 0, 1), (1, 0)): [18, 27, 2, 2, 2, 4, 0, 1]
(1, (0, 0, 1), (1, 1)): [9, 21, 1, 1, 0, 0, 0, 1]
(1, (0, 0, 1), (1, 2)): [11, 9, 1, 0, 0, 0, 1]
(1, (0, 0, 1), (2, 0)): [11, 13, 1, 2, 0, 3]
(1, (0, 0, 1), (2, 1)): [8, 10, 2, 1, 0, 1, 0, 1]
(1, (0, 0, 1), (2, 2)): [10, 12, 0, 1]
(1, (0, 0, 1), (3, 0)): [6, 10, 0, 2, 0, 2]
(1, (0, 0, 1), (3, 1)): [6, 6, 0, 0, 0, 1, 0, 1]
(1, (0, 0, 1), (3, 2)): [5, 5]
(1, (0, 1, 0), (0, 0)): [1562, 672, 249, 127, 45, 16, 4, 5, 3]
(1, (0, 1, 0), (0, 1)): [62, 31, 10, 6, 1]
(1, (0, 1, 0), (0, 2)): [22, 12, 5, 1]
(1, (0, 1, 0), (1, 0)): [92, 32, 12, 17, 5, 5]
(1, (0, 1, 0), (1, 1)): [69, 22, 5, 8, 0, 2]
(1, (0, 1, 0), (1, 2)): [35, 14, 4, 2, 0, 2]
(1, (0, 1, 0), (2, 0)): [39, 16, 6, 10, 3, 3]
(1, (0, 1, 0), (2, 1)): [42, 16, 3, 7, 1]
(1, (0, 1, 0), (2, 2)): [34, 18, 1, 4]
(1, (0, 1, 0), (3, 0)): [10, 8, 4, 6, 2, 2]
(1, (0, 1, 0), (3, 1)): [19, 5, 3, 4, 1]
(1, (0, 1, 0), (3, 2)): [13, 9, 3, 5]
(1, (0, 1, 1), (0, 0)): [278, 209, 193, 76, 37, 15, 9, 4, 3, 0, 1, 0, 0, 0, 0, 1]
(1, (0, 1, 1), (0, 1)): [14, 9, 13, 0, 1, 0, 1, 1]
(1, (0, 1, 1), (0, 2)): [6, 0, 4, 0, 0, 0, 1]
(1, (0, 1, 1), (1, 0)): [24, 15, 9, 5, 5, 1, 1]
(1, (0, 1, 1), (1, 1)): [16, 8, 11, 1, 3, 1, 0, 1]
(1, (0, 1, 1), (1, 2)): [10, 4, 5, 0, 0, 1]
(1, (0, 1, 1), (2, 0)): [11, 11, 5, 3, 3, 0, 1]
(1, (0, 1, 1), (2, 1)): [11, 3, 4, 1, 2]
(1, (0, 1, 1), (2, 2)): [7, 3, 3, 1, 2]
(1, (0, 1, 1), (3, 0)): [8, 11, 5, 3, 2, 0, 1]
(1, (0, 1, 1), (3, 1)): [4, 1, 2]
(1, (0, 1, 1), (3, 2)): [3, 2, 3, 0, 1]
(1, (1, 0, 0), (0, 0)): [5036, 862, 625, 290, 107, 44, 16, 6, 5, 1, 2, 0, 1, 0, 0, 1]
(1, (1, 0, 0), (0, 1)): [278, 38, 40, 20, 5, 1]
(1, (1, 0, 0), (0, 2)): [89, 12, 19, 5, 1, 1]
(1, (1, 0, 0), (1, 0)): [263, 47, 49, 14, 7, 5, 1, 2, 0, 0, 0, 0, 1]
(1, (1, 0, 0), (1, 1)): [242, 31, 30, 14, 5, 2]
(1, (1, 0, 0), (1, 2)): [138, 15, 17, 7, 2, 2]
(1, (1, 0, 0), (2, 0)): [79, 26, 22, 5, 3, 2, 1, 0, 0, 0, 0, 0, 1]
(1, (1, 0, 0), (2, 1)): [117, 25, 29, 9, 4, 1]
(1, (1, 0, 0), (2, 2)): [112, 15, 16, 10, 1, 2]
(1, (1, 0, 0), (3, 0)): [27, 13, 3, 0, 0, 0, 1, 0, 0, 0, 0, 0, 1]
(1, (1, 0, 0), (3, 1)): [45, 15, 11, 1, 1]
(1, (1, 0, 0), (3, 2)): [63, 13, 10, 3, 0, 2]
(1, (1, 0, 1), (0, 0)): [352, 473, 171, 98, 38, 16, 8, 4, 2, 3, 1, 0, 0, 1]
(1, (1, 0, 1), (0, 1)): [20, 19, 6, 8, 3, 2, 0, 0, 0, 1]
(1, (1, 0, 1), (0, 2)): [9, 4, 1, 0, 1, 2, 0, 0, 0, 1]
(1, (1, 0, 1), (1, 0)): [19, 22, 7, 9, 1, 2, 1, 0, 0, 1]
(1, (1, 0, 1), (1, 1)): [21, 17, 4, 10, 1]
(1, (1, 0, 1), (1, 2)): [10, 8, 1, 2, 0, 1, 0, 0, 0, 1]
(1, (1, 0, 1), (2, 0)): [5, 8, 1, 1, 0, 1, 1, 0, 0, 1]
(1, (1, 0, 1), (2, 1)): [16, 8, 3, 6, 0, 1]
(1, (1, 0, 1), (2, 2)): [15, 3, 2, 2, 0, 1]
(1, (1, 0, 1), (3, 0)): [1, 6, 0, 0, 0, 0, 0, 0, 0, 1]
(1, (1, 0, 1), (3, 1)): [3, 7, 0, 3, 0, 1]
(1, (1, 0, 1), (3, 2)): [5, 2, 1, 2, 0, 1]
(1, (1, 1, 0), (0, 0)): [1459, 466, 302, 232, 93, 50, 14, 9, 6, 1, 2, 0, 1]
(1, (1, 1, 0), (0, 1)): [60, 15, 13, 12, 4, 1, 1]
(1, (1, 1, 0), (0, 2)): [18, 7, 3, 3, 1, 0, 1]
(1, (1, 1, 0), (1, 0)): [77, 25, 26, 12, 3, 4, 1, 0, 1, 0, 0, 0, 1]
(1, (1, 1, 0), (1, 1)): [62, 13, 19, 12, 1, 1]
(1, (1, 1, 0), (1, 2)): [41, 11, 8, 7, 0, 1, 1]
(1, (1, 1, 0), (2, 0)): [29, 9, 8, 3, 1, 3, 0, 0, 1, 0, 0, 0, 1]
(1, (1, 1, 0), (2, 1)): [36, 9, 8, 4, 0, 1]
(1, (1, 1, 0), (2, 2)): [30, 7, 4, 3, 0, 1]
(1, (1, 1, 0), (3, 0)): [6, 3, 3, 2, 1, 2, 0, 0, 1, 0, 0, 0, 1]
(1, (1, 1, 0), (3, 1)): [16, 1, 4, 3]
(1, (1, 1, 0), (3, 2)): [21, 2, 6, 1]
(1, (1, 1, 1), (0, 0)): [308, 237, 155, 113, 69, 26, 11, 7, 5, 1, 2, 1, 1, 0, 0, 1]
(1, (1, 1, 1), (0, 1)): [8, 11, 8, 4, 1, 1, 0, 1, 1]
(1, (1, 1, 1), (0, 2)): [4, 4, 2, 2, 1]
(1, (1, 1, 1), (1, 0)): [15, 15, 12, 8, 6, 1, 1, 0, 1, 1, 0, 1, 1]
(1, (1, 1, 1), (1, 1)): [9, 7, 9, 4, 4, 0, 1, 1, 1]
(1, (1, 1, 1), (1, 2)): [6, 2, 7, 3, 1, 0, 1]
(1, (1, 1, 1), (2, 0)): [4, 8, 4, 2, 2, 1, 0, 0, 1, 1, 0, 1, 1]
(1, (1, 1, 1), (2, 1)): [2, 6, 4, 3, 4, 1, 0, 1, 1, 1, 0, 1]
(1, (1, 1, 1), (2, 2)): [2, 4, 4, 4, 3, 0, 1, 1]
(1, (1, 1, 1), (3, 0)): [1, 1, 2, 1, 0, 0, 0, 0, 1, 0, 0, 0, 1]
(1, (1, 1, 1), (3, 1)): [1, 3, 2, 3, 2, 1, 0, 0, 0, 0, 0, 0, 1]
(1, (1, 1, 1), (3, 2)): [1, 3, 3, 3, 4, 1, 0, 1]
(2, (0, 0, 0), (0, 0)): [11169, 562, 206, 71, 28, 6, 1]
(2, (0, 0, 0), (0, 1)): [624, 33, 8, 4, 3, 1]
(2, (0, 0, 0), (0, 2)): [208, 5, 1, 0, 1, 1]
(2, (0, 0, 0), (1, 0)): [667, 40, 14, 6, 1, 1]
(2, (0, 0, 0), (1, 1)): [596, 35, 11, 5, 1]
(2, (0, 0, 0), (1, 2)): [350, 12, 5, 3, 1, 1]
(2, (0, 0, 0), (2, 0)): [236, 14, 7, 4, 1]
(2, (0, 0, 0), (2, 1)): [332, 20, 6, 4]
(2, (0, 0, 0), (2, 2)): [299, 14, 7, 3, 1, 1]
(2, (0, 0, 0), (3, 0)): [94, 5, 2, 1, 1]
(2, (0, 0, 0), (3, 1)): [147, 7, 3, 2, 1]
(2, (0, 0, 0), (3, 2)): [203, 12, 7, 3]
(2, (0, 0, 1), (0, 0)): [841, 264, 52, 22, 8, 3, 1]
(2, (0, 0, 1), (0, 1)): [41, 13, 3, 2, 1]
(2, (0, 0, 1), (0, 2)): [15, 2, 2]
(2, (0, 0, 1), (1, 0)): [59, 17, 7, 1, 2]
(2, (0, 0, 1), (1, 1)): [47, 11, 4, 3, 1]
(2, (0, 0, 1), (1, 2)): [25, 6, 4, 1]
(2, (0, 0, 1), (2, 0)): [27, 10, 2, 0, 1]
(2, (0, 0, 1), (2, 1)): [24, 6, 1, 1, 1]
(2, (0, 0, 1), (2, 2)): [21, 0, 4]
(2, (0, 0, 1), (3, 0)): [15, 3, 1, 0, 1]
(2, (0, 0, 1), (3, 1)): [16, 5, 0, 0, 1]
(2, (0, 0, 1), (3, 2)): [13, 4, 4]
(2, (0, 1, 0), (0, 0)): [2500, 530, 178, 65, 16, 4, 2]
(2, (0, 1, 0), (0, 1)): [118, 17, 6, 4]
(2, (0, 1, 0), (0, 2)): [44, 4, 2]
(2, (0, 1, 0), (1, 0)): [156, 28, 17, 10]
(2, (0, 1, 0), (1, 1)): [109, 20, 11, 7]
(2, (0, 1, 0), (1, 2)): [64, 8, 6, 2]
(2, (0, 1, 0), (2, 0)): [75, 11, 8, 5]
(2, (0, 1, 0), (2, 1)): [79, 13, 11, 5]
(2, (0, 1, 0), (2, 2)): [66, 11, 8, 4]
(2, (0, 1, 0), (3, 0)): [34, 4, 2, 2]
(2, (0, 1, 0), (3, 1)): [30, 5, 4, 3]
(2, (0, 1, 0), (3, 2)): [39, 5, 5, 5]
(2, (0, 1, 1), (0, 0)): [539, 61, 115, 26, 15, 4, 3, 1]
(2, (0, 1, 1), (0, 1)): [23, 4, 4, 1]
(2, (0, 1, 1), (0, 2)): [7]
(2, (0, 1, 1), (1, 0)): [46, 5, 10, 2, 2, 1, 1]
(2, (0, 1, 1), (1, 1)): [22, 3, 3, 1, 0, 0, 1]
(2, (0, 1, 1), (1, 2)): [9, 0, 1, 1, 0, 0, 1]
(2, (0, 1, 1), (2, 0)): [29, 4, 4, 1, 2, 1]
(2, (0, 1, 1), (2, 1)): [14, 4, 4]
(2, (0, 1, 1), (2, 2)): [6, 2, 1, 1, 0, 0, 1]
(2, (0, 1, 1), (3, 0)): [24, 2, 1, 1, 2, 1]
(2, (0, 1, 1), (3, 1)): [9, 2, 2, 1]
(2, (0, 1, 1), (3, 2)): [5, 2]
(2, (1, 0, 0), (0, 0)): [6138, 469, 324, 102, 48, 8, 2]
(2, (1, 0, 0), (0, 1)): [279, 17, 20, 7, 1]
(2, (1, 0, 0), (0, 2)): [104, 6, 5, 1]
(2, (1, 0, 0), (1, 0)): [363, 34, 27, 7, 4, 1]
(2, (1, 0, 0), (1, 1)): [276, 20, 19, 5, 2]
(2, (1, 0, 0), (1, 2)): [152, 11, 14, 1]
(2, (1, 0, 0), (2, 0)): [132, 18, 8, 3, 2, 1]
(2, (1, 0, 0), (2, 1)): [163, 14, 5, 3, 4, 1]
(2, (1, 0, 0), (2, 2)): [131, 12, 10, 1, 1, 1]
(2, (1, 0, 0), (3, 0)): [40, 6, 1, 2]
(2, (1, 0, 0), (3, 1)): [64, 7, 2, 3, 1]
(2, (1, 0, 0), (3, 2)): [68, 8, 4, 0, 0, 1]
(2, (1, 0, 1), (0, 0)): [868, 240, 82, 58, 24, 3, 3]
(2, (1, 0, 1), (0, 1)): [54, 12, 4, 2, 3]
(2, (1, 0, 1), (0, 2)): [24, 3, 0, 0, 2]
(2, (1, 0, 1), (1, 0)): [64, 11, 4, 3, 3, 1]
(2, (1, 0, 1), (1, 1)): [48, 10, 4, 1, 2, 1]
(2, (1, 0, 1), (1, 2)): [27, 4, 0, 0, 1]
(2, (1, 0, 1), (2, 0)): [29, 5, 1, 3]
(2, (1, 0, 1), (2, 1)): [33, 9, 0, 2, 1, 1]
(2, (1, 0, 1), (2, 2)): [20, 4, 0, 1, 1]
(2, (1, 0, 1), (3, 0)): [11, 0, 0, 1]
(2, (1, 0, 1), (3, 1)): [18, 4, 0, 2]
(2, (1, 0, 1), (3, 2)): [14, 2]
(2, (1, 1, 0), (0, 0)): [2610, 407, 202, 141, 53, 16, 5, 2, 1]
(2, (1, 1, 0), (0, 1)): [111, 15, 11, 4, 2]
(2, (1, 1, 0), (0, 2)): [40, 3, 3, 1]
(2, (1, 1, 0), (1, 0)): [130, 18, 11, 9, 2, 2]
(2, (1, 1, 0), (1, 1)): [99, 14, 7, 8, 2, 1]
(2, (1, 1, 0), (1, 2)): [71, 6, 4, 1, 1]
(2, (1, 1, 0), (2, 0)): [44, 5, 7, 3, 1, 1]
(2, (1, 1, 0), (2, 1)): [55, 10, 4, 4, 1, 2]
(2, (1, 1, 0), (2, 2)): [52, 6, 3, 1, 0, 1]
(2, (1, 1, 0), (3, 0)): [12, 3, 3, 3, 1]
(2, (1, 1, 0), (3, 1)): [23, 4, 3, 4]
(2, (1, 1, 0), (3, 2)): [28, 5, 1, 2]
(2, (1, 1, 1), (0, 0)): [775, 105, 117, 51, 47, 16, 4, 1]
(2, (1, 1, 1), (0, 1)): [48, 2, 9, 1, 0, 1]
(2, (1, 1, 1), (0, 2)): [20, 1, 3, 1]
(2, (1, 1, 1), (1, 0)): [40, 10, 7, 7, 3, 1]
(2, (1, 1, 1), (1, 1)): [32, 3, 7, 1, 2]
(2, (1, 1, 1), (1, 2)): [26, 1, 3, 0, 2]
(2, (1, 1, 1), (2, 0)): [10, 8, 1, 5, 1, 1]
(2, (1, 1, 1), (2, 1)): [12, 5, 2, 3, 1]
(2, (1, 1, 1), (2, 2)): [20, 3, 3, 1]
(2, (1, 1, 1), (3, 0)): [2, 3, 1, 3]
(2, (1, 1, 1), (3, 1)): [4, 3, 2, 4]
(2, (1, 1, 1), (3, 2)): [8, 3, 1, 2]
