(0, (0, 0, 0), (0, 0)): [88, 15, 4, 2, 1, 0, 0, 1]
(0, (0, 0, 0), (0, 1)): [44, 6, 1, 1, 1, 0, 0, 1]
(0, (0, 0, 0), (0, 2)): [23, 4, 0, 0, 0, 0, 0, 1]
(0, (0, 0, 0), (1, 0)): [32, 4, 2]
(0, (0, 0, 0), (1, 1)): [27, 4, 2, 1, 1]
(0, (0, 0, 0), (1, 2)): [19, 4, 1, 0, 0, 0, 0, 1]
(0, (0, 0, 0), (2, 0)): [8, 2]
(0, (0, 0, 0), (2, 1)): [13, 4]
(0, (0, 0, 0), (2, 2)): [15, 4, 1]
(0, (0, 0, 0), (3, 0)): [2]
(0, (0, 0, 0), (3, 1)): [3, 1]
(0, (0, 0, 0), (3, 2)): [7, 2]
(0, (0, 0, 1), (0, 0)): [1, 1]
(0, (0, 0, 1), (0, 1)): [1]
(0, (0, 1, 0), (0, 0)): [6, 5, 1, 1]
(0, (0, 1, 0), (0, 1)): [3, 3, 0, 1]
(0, (0, 1, 0), (0, 2)): [1, 1, 0, 1]
(0, (0, 1, 0), (1, 0)): [1]
(0, (0, 1, 0), (1, 1)): [2, 1]
(0, (0, 1, 0), (1, 2)): [1, 1, 0, 1]
(0, (0, 1, 0), (2, 1)): [1]
(0, (0, 1, 0), (2, 2)): [2]
(0, (1, 0, 0), (0, 0)): [13, 4, 1, 0, 1]
(0, (1, 0, 0), (0, 1)): [7, 2]
(0, (1, 0, 0), (0, 2)): [1, 1]
(0, (1, 0, 0), (1, 0)): [1, 1]
(0, (1, 0, 0), (1, 1)): [2, 1]
(0, (1, 0, 0), (1, 2)): [1, 1]
(0, (1, 0, 0), (2, 0)): [0, 1]
(0, (1, 0, 0), (2, 1)): [1, 1]
(0, (1, 0, 1), (0, 0)): [1, 1, 0, 0, 1]
(0, (1, 0, 1), (0, 1)): [1]
(0, (1, 0, 1), (1, 0)): [0, 1, 0, 0, 1]
(0, (1, 0, 1), (1, 1)): [0, 0, 0, 0, 1]
(0, (1, 0, 1), (2, 1)): [0, 0, 0, 0, 1]
(0, (1, 0, 1), (2, 2)): [0, 0, 0, 0, 1]
(0, (1, 1, 0), (0, 0)): [1, 1, 0, 1]
(0, (1, 1, 0), (0, 1)): [1, 0, 0, 1]
(1, (0, 0, 0), (0, 0)): [74, 7, 3, 1, 0, 0, 0, 1]
(1, (0, 0, 0), (0, 1)): [32, 4, 0, 1]
(1, (0, 0, 0), (0, 2)): [15, 1]
(1, (0, 0, 0), (1, 0)): [23, 1, 1, 0, 0, 0, 0, 1]
(1, (0, 0, 0), (1, 1)): [22, 2, 0, 1]
(1, (0, 0, 0), (1, 2)): [13, 2, 0, 1]
(1, (0, 0, 0), (2, 0)): [5, 1]
(1, (0, 0, 0), (2, 1)): [11, 2]
(1, (0, 0, 0), (2, 2)): [10, 0, 0, 1]
(1, (0, 0, 0), (3, 2)): [4]
(1, (0, 0, 1), (0, 0)): [4, 5]
(1, (0, 0, 1), (0, 1)): [1, 2]
(1, (0, 0, 1), (0, 2)): [0, 1]
(1, (0, 0, 1), (1, 0)): [1, 3]
(1, (0, 0, 1), (1, 1)): [1, 3]
(1, (0, 0, 1), (1, 2)): [0, 2]
(1, (0, 0, 1), (2, 1)): [0, 2]
(1, (0, 0, 1), (2, 2)): [0, 2]
(1, (0, 0, 1), (3, 1)): [0, 1]
(1, (0, 0, 1), (3, 2)): [0, 1]
(1, (0, 1, 0), (0, 0)): [12, 8, 1]
(1, (0, 1, 0), (0, 1)): [5, 4, 1]
(1, (0, 1, 0), (0, 2)): [3, 1]
(1, (0, 1, 0), (1, 0)): [4, 3]
(1, (0, 1, 0), (1, 1)): [3, 4]
(1, (0, 1, 0), (1, 2)): [4, 2]
(1, (0, 1, 0), (2, 0)): [2]
(1, (0, 1, 0), (2, 1)): [1, 2]
(1, (0, 1, 0), (2, 2)): [2, 3]
(1, (0, 1, 0), (3, 2)): [1]
(1, (0, 1, 1), (0, 0)): [1, 0, 2, 0, 0, 0, 0, 1]
(1, (0, 1, 1), (0, 1)): [1, 0, 0, 0, 0, 0, 0, 1]
(1, (0, 1, 1), (0, 2)): [1]
(1, (0, 1, 1), (1, 0)): [0, 0, 1]
(1, (0, 1, 1), (1, 1)): [0, 0, 1]
(1, (0, 1, 1), (2, 1)): [0, 0, 1]
(1, (1, 0, 0), (0, 0)): [26, 1, 1, 1, 0, 0, 0, 1]
(1, (1, 0, 0), (0, 1)): [15, 0, 0, 1]
(1, (1, 0, 0), (0, 2)): [9]
(1, (1, 0, 0), (1, 0)): [7, 1, 1]
(1, (1, 0, 0), (1, 1)): [5, 0, 0, 1]
(1, (1, 0, 0), (1, 2)): [8, 0, 0, 1]
(1, (1, 0, 0), (2, 0)): [4]
(1, (1, 0, 0), (2, 1)): [2]
(1, (1, 0, 0), (2, 2)): [2, 0, 0, 1]
(1, (1, 0, 0), (3, 0)): [1]
(1, (1, 0, 0), (3, 1)): [1]
(1, (1, 0, 0), (3, 2)): [2]
(1, (1, 0, 1), (0, 0)): [0, 4, 0, 0, 1, 1, 1]
(1, (1, 0, 1), (0, 1)): [0, 2, 0, 0, 1]
(1, (1, 0, 1), (1, 0)): [0, 1, 0, 0, 0, 1]
(1, (1, 0, 1), (1, 1)): [0, 2, 0, 0, 1]
(1, (1, 0, 1), (1, 2)): [0, 0, 0, 0, 1]
(1, (1, 1, 0), (0, 0)): [1, 0, 0, 2]
(1, (1, 1, 0), (0, 1)): [0, 0, 0, 2]
(1, (1, 1, 0), (0, 2)): [0, 0, 0, 1]
(1, (1, 1, 0), (1, 1)): [0, 0, 0, 1]
(1, (1, 1, 0), (2, 1)): [0, 0, 0, 1]
(2, (0, 0, 0), (0, 0)): [63, 1, 1]
(2, (0, 0, 0), (0, 1)): [32, 0, 1]
(2, (0, 0, 0), (0, 2)): [12]
(2, (0, 0, 0), (1, 0)): [22, 1]
(2, (0, 0, 0), (1, 1)): [27]
(2, (0, 0, 0), (1, 2)): [16]
(2, (0, 0, 0), (2, 0)): [8]
(2, (0, 0, 0), (2, 1)): [12]
(2, (0, 0, 0), (2, 2)): [15]
(2, (0, 0, 0), (3, 0)): [2]
(2, (0, 0, 0), (3, 1)): [5]
(2, (0, 0, 0), (3, 2)): [9]
(2, (0, 0, 1), (0, 0)): [8, 2, 1]
(2, (0, 0, 1), (0, 1)): [2]
(2, (0, 0, 1), (0, 2)): [2]
(2, (0, 0, 1), (1, 0)): [5, 1]
(2, (0, 0, 1), (1, 1)): [3]
(2, (0, 0, 1), (1, 2)): [3]
(2, (0, 0, 1), (2, 0)): [2]
(2, (0, 0, 1), (2, 2)): [2]
(2, (0, 0, 1), (3, 0)): [2]
(2, (0, 0, 1), (3, 1)): [1]
(2, (0, 0, 1), (3, 2)): [3]
(2, (0, 1, 0), (0, 0)): [19, 4, 1]
(2, (0, 1, 0), (0, 1)): [9, 1]
(2, (0, 1, 0), (0, 2)): [3, 1]
(2, (0, 1, 0), (1, 0)): [9, 2, 1]
(2, (0, 1, 0), (1, 1)): [9, 0, 1]
(2, (0, 1, 0), (1, 2)): [4, 1]
(2, (0, 1, 0), (2, 0)): [2, 2]
(2, (0, 1, 0), (2, 1)): [4]
(2, (0, 1, 0), (2, 2)): [3]
(2, (0, 1, 0), (3, 0)): [1, 1]
(2, (0, 1, 0), (3, 1)): [2, 1]
(2, (0, 1, 0), (3, 2)): [0, 1]
(2, (0, 1, 1), (0, 0)): [1]
(2, (0, 1, 1), (1, 0)): [1]
(2, (0, 1, 1), (1, 1)): [1]
(2, (0, 1, 1), (2, 1)): [1]
(2, (1, 0, 0), (0, 0)): [36, 1]
(2, (1, 0, 0), (0, 1)): [17]
(2, (1, 0, 0), (0, 2)): [4]
(2, (1, 0, 0), (1, 0)): [12]
(2, (1, 0, 0), (1, 1)): [12]
(2, (1, 0, 0), (1, 2)): [5]
(2, (1, 0, 0), (2, 0)): [4]
(2, (1, 0, 0), (2, 1)): [5]
(2, (1, 0, 0), (2, 2)): [1]
(2, (1, 0, 0), (3, 0)): [2]
(2, (1, 0, 0), (3, 1)): [3]
(2, (1, 0, 0), (3, 2)): [2]
(2, (1, 0, 1), (0, 0)): [2]
(2, (1, 0, 1), (0, 1)): [1]
(2, (1, 1, 0), (0, 0)): [8, 0, 0, 1]
(2, (1, 1, 0), (0, 1)): [7]
(2, (1, 1, 0), (0, 2)): [4]
(2, (1, 1, 0), (1, 0)): [0, 0, 0, 1]
(2, (1, 1, 0), (1, 2)): [2]
(2, (1, 1, 0), (2, 2)): [1]
(2, (1, 1, 0), (3, 2)): [1]
