(0, (0, 0, 0), (0, 0)): [34866, 6305, 2752, 1206, 536, 209, 77, 25, 9, 1, 4]
(0, (0, 0, 0), (0, 1)): [245, 42, 13, 7, 2, 0, 1, 1]
(0, (0, 0, 0), (0, 2)): [102, 22, 3, 3, 0, 0, 1, 1]
(0, (0, 0, 0), (1, 0)): [195, 35, 13, 1, 0, 2, 2]
(0, (0, 0, 0), (1, 1)): [182, 27, 14, 5, 1]
(0, (0, 0, 0), (1, 2)): [134, 20, 5, 3, 0, 0, 0, 1]
(0, (0, 0, 0), (2, 0)): [58, 15, 4, 0, 0, 2, 1]
(0, (0, 0, 0), (2, 1)): [89, 22, 6, 2, 0, 1]
(0, (0, 0, 0), (2, 2)): [100, 19, 1, 1, 0, 1]
(0, (0, 0, 0), (3, 0)): [17, 6, 3, 0, 0, 1, 1]
(0, (0, 0, 0), (3, 1)): [25, 6, 6, 0, 0, 0, 1]
(0, (0, 0, 0), (3, 2)): [41, 14, 6, 0, 0, 1, 1]
(0, (0, 0, 1), (0, 0)): [240, 551, 167, 63, 34, 11, 5, 2]
(0, (0, 1, 0), (0, 0)): [1065, 1103, 384, 176, 88, 23, 11, 1, 2, 1, 1]
(0, (0, 1, 0), (0, 1)): [8, 7, 1, 1]
(0, (0, 1, 0), (0, 2)): [3, 2, 0, 1]
(0, (0, 1, 1), (0, 0)): [103, 141, 193, 98, 36, 23, 7, 2]
(0, (1, 0, 0), (0, 0)): [7855, 2656, 1432, 707, 313, 131, 43, 16, 6, 1, 3]
(0, (1, 0, 0), (0, 1)): [45, 7, 3, 2, 0, 1, 1]
(0, (1, 0, 0), (0, 2)): [15, 3, 0, 1, 0, 1, 1]
(0, (1, 0, 0), (1, 0)): [26, 15, 7, 1, 0, 1]
(0, (1, 0, 0), (1, 1)): [22, 8, 6, 0, 0, 1]
(0, (1, 0, 0), (1, 2)): [14, 3, 3, 0, 0, 2]
(0, (1, 0, 0), (2, 0)): [7, 5, 1, 1]
(0, (1, 0, 0), (2, 1)): [7, 8, 3, 1]
(0, (1, 0, 0), (2, 2)): [9, 3, 2, 1, 0, 1]
(0, (1, 0, 1), (0, 0)): [182, 415, 206, 99, 67, 17, 10, 4, 1]
(0, (1, 1, 0), (0, 0)): [1004, 657, 512, 331, 178, 66, 24, 10, 5, 2, 2]
(0, (1, 1, 0), (0, 1)): [5, 1, 1, 1]
(0, (1, 1, 0), (0, 2)): [3]
(0, (1, 1, 0), (1, 0)): [2, 2, 0, 1, 0, 1, 1]
(0, (1, 1, 1), (0, 0)): [121, 165, 145, 128, 94, 40, 19, 8, 5, 2, 1]
(0, (1, 1, 1), (0, 1)): [0, 0, 1, 1, 1]
(1, (0, 0, 0), (0, 0)): [27368, 2553, 997, 354, 147, 61, 21, 7, 2, 0, 1]
(1, (0, 0, 0), (0, 1)): [197, 16, 5, 3, 1]
(1, (0, 0, 0), (0, 2)): [78, 4, 1, 2]
(1, (0, 0, 0), (1, 0)): [148, 16, 7, 2, 0, 1, 0, 1]
(1, (0, 0, 0), (1, 1)): [146, 12, 4, 1, 0, 1]
(1, (0, 0, 0), (1, 2)): [92, 7, 2, 2, 0, 1]
(1, (0, 0, 0), (2, 0)): [45, 8, 4, 2]
(1, (0, 0, 0), (2, 1)): [67, 6, 5, 2]
(1, (0, 0, 0), (2, 2)): [65, 3, 2, 2, 0, 1]
(1, (0, 0, 0), (3, 0)): [13, 3, 1]
(1, (0, 0, 0), (3, 1)): [21, 5, 3]
(1, (0, 0, 0), (3, 2)): [35, 4, 5, 1, 0, 1]
(1, (0, 0, 1), (0, 0)): [1175, 1615, 278, 109, 48, 14, 8, 2]
(1, (0, 0, 1), (1, 0)): [6, 11, 1, 1, 1]
(1, (0, 0, 1), (1, 1)): [6, 9, 0, 1, 1]
(1, (0, 0, 1), (1, 2)): [2, 4, 0, 1]
(1, (0, 0, 1), (2, 0)): [1, 1]
(1, (0, 0, 1), (2, 1)): [3, 5]
(1, (0, 0, 1), (3, 1)): [1, 1]
(1, (0, 1, 0), (0, 0)): [4489, 2047, 648, 276, 91, 39, 9, 6, 1]
(1, (0, 1, 0), (0, 1)): [22, 13, 3, 1, 0, 1]
(1, (0, 1, 0), (0, 2)): [8, 3, 0, 0, 0, 1]
(1, (0, 1, 0), (1, 0)): [25, 15, 1, 2, 1, 1]
(1, (0, 1, 0), (1, 1)): [23, 12, 0, 2, 1, 1]
(1, (0, 1, 0), (1, 2)): [17, 6, 0, 0, 1]
(1, (0, 1, 0), (2, 0)): [10, 4, 1]
(1, (0, 1, 0), (2, 2)): [13, 6, 0, 2, 1, 1]
(1, (0, 1, 0), (3, 0)): [4, 3, 1]
(1, (0, 1, 0), (3, 2)): [5, 0, 0, 0, 0, 1]
(1, (0, 1, 1), (0, 0)): [755, 622, 615, 230, 79, 39, 5, 4]
(1, (0, 1, 1), (0, 1)): [4, 1, 5, 0, 0, 0, 0, 1]
(1, (0, 1, 1), (1, 0)): [4, 1, 2, 2]
(1, (1, 0, 0), (0, 0)): [10845, 1981, 1023, 421, 160, 76, 22, 5, 3]
(1, (1, 0, 0), (0, 1)): [70, 8, 3, 4, 0, 1, 1]
(1, (1, 0, 0), (0, 2)): [29, 5, 1, 2]
(1, (1, 0, 0), (1, 0)): [48, 15, 8, 3, 0, 2]
(1, (1, 0, 0), (1, 1)): [41, 7, 2, 3, 0, 1]
(1, (1, 0, 0), (1, 2)): [39, 4, 2, 2]
(1, (1, 0, 0), (2, 1)): [11, 4, 1, 1, 0, 1]
(1, (1, 0, 0), (2, 2)): [19, 4, 2, 3, 0, 1]
(1, (1, 0, 0), (3, 2)): [7, 4, 1, 1, 0, 1]
(1, (1, 0, 1), (0, 0)): [729, 917, 344, 183, 79, 26, 7, 3, 1]
(1, (1, 0, 1), (0, 1)): [6, 3, 0, 2, 1]
(1, (1, 0, 1), (0, 2)): [4, 0, 0, 1]
(1, (1, 0, 1), (1, 0)): [6, 5, 0, 0, 1, 1]
(1, (1, 0, 1), (1, 1)): [1, 5, 0, 1, 1]
(1, (1, 0, 1), (2, 0)): [4, 2, 0, 0, 1]
(1, (1, 0, 1), (3, 0)): [3, 1]
(1, (1, 1, 0), (0, 0)): [2668, 783, 557, 370, 141, 62, 18, 5, 3]
(1, (1, 1, 0), (0, 1)): [13, 1, 5, 3]
(1, (1, 1, 0), (1, 0)): [11, 6, 0, 2]
(1, (1, 1, 0), (1, 1)): [16, 4, 3, 1]
(1, (1, 1, 0), (2, 1)): [4, 4, 2, 1]
(1, (1, 1, 0), (2, 2)): [7, 1, 1, 1]
(1, (1, 1, 0), (3, 1)): [1, 2, 1]
(1, (1, 1, 0), (3, 2)): [2, 2, 1, 1]
(1, (1, 1, 1), (0, 0)): [539, 410, 249, 196, 120, 54, 18, 10, 2]
(2, (0, 0, 0), (0, 0)): [23835, 808, 271, 72, 24, 5, 2, 1, 0, 0, 1]
(2, (0, 0, 0), (0, 1)): [164, 3, 1]
(2, (0, 0, 0), (0, 2)): [62]
(2, (0, 0, 0), (1, 0)): [139, 7, 4, 0, 1]
(2, (0, 0, 0), (1, 1)): [135, 7, 1]
(2, (0, 0, 0), (1, 2)): [75, 1, 1]
(2, (0, 0, 0), (2, 0)): [47, 0, 3]
(2, (0, 0, 0), (2, 1)): [76, 6]
(2, (0, 0, 0), (2, 2)): [65, 3, 1]
(2, (0, 0, 0), (3, 0)): [14, 0, 3]
(2, (0, 0, 0), (3, 1)): [32, 2, 1]
(2, (0, 0, 0), (3, 2)): [47, 2]
(2, (0, 0, 1), (0, 0)): [3061, 1019, 145, 44, 15, 1, 1]
(2, (0, 0, 1), (0, 1)): [15, 6, 1]
(2, (0, 0, 1), (1, 0)): [17, 8]
(2, (0, 0, 1), (1, 1)): [13, 1]
(2, (0, 0, 1), (1, 2)): [13, 4, 1]
(2, (0, 0, 1), (2, 2)): [7, 1, 1]
(2, (0, 1, 0), (0, 0)): [7557, 1566, 357, 110, 23, 7, 1, 1]
(2, (0, 1, 0), (0, 1)): [42, 5, 2, 1, 1]
(2, (0, 1, 0), (0, 2)): [19, 1]
(2, (0, 1, 0), (1, 0)): [49, 11, 4, 0, 0, 1]
(2, (0, 1, 0), (1, 1)): [37, 6, 2, 0, 1]
(2, (0, 1, 0), (1, 2)): [24, 2, 0, 0, 1]
(2, (0, 1, 0), (2, 0)): [22, 5, 2, 0, 0, 1]
(2, (0, 1, 0), (2, 1)): [21, 5, 1, 0, 0, 1]
(2, (0, 1, 0), (2, 2)): [18]
(2, (0, 1, 0), (3, 0)): [12, 3, 1]
(2, (0, 1, 0), (3, 1)): [17, 5, 0, 0, 0, 1]
(2, (0, 1, 0), (3, 2)): [11, 3, 0, 0, 0, 1]
(2, (0, 1, 1), (0, 0)): [1812, 189, 398, 83, 30, 7, 3]
(2, (0, 1, 1), (0, 1)): [9, 0, 2]
(2, (0, 1, 1), (1, 0)): [11, 1, 10, 1]
(2, (0, 1, 1), (1, 1)): [10, 0, 5, 1]
(2, (0, 1, 1), (1, 2)): [3, 0, 2, 1]
(2, (0, 1, 1), (2, 0)): [4, 1, 5]
(2, (1, 0, 0), (0, 0)): [13067, 942, 437, 130, 37, 9, 5, 2, 0, 0, 1]
(2, (1, 0, 0), (0, 1)): [80, 1, 3]
(2, (1, 0, 0), (0, 2)): [16]
(2, (1, 0, 0), (1, 0)): [72, 3, 4, 1, 1]
(2, (1, 0, 0), (1, 1)): [49, 1, 2, 0, 1]
(2, (1, 0, 0), (1, 2)): [21]
(2, (1, 0, 0), (2, 0)): [31, 2, 2, 1]
(2, (1, 0, 0), (2, 1)): [18, 2, 0, 0, 1]
(2, (1, 0, 0), (2, 2)): [7]
(2, (1, 0, 0), (3, 0)): [10, 1, 1, 1]
(2, (1, 0, 0), (3, 1)): [11, 1]
(2, (1, 0, 0), (3, 2)): [6]
(2, (1, 0, 1), (0, 0)): [1897, 525, 248, 86, 23, 4, 3]
(2, (1, 0, 1), (1, 0)): [13, 1, 4]
(2, (1, 0, 1), (2, 0)): [5, 0, 3]
(2, (1, 0, 1), (3, 0)): [1, 0, 1]
(2, (1, 0, 1), (3, 1)): [1, 0, 2]
(2, (1, 1, 0), (0, 0)): [3908, 544, 333, 173, 40, 14, 4, 2, 0, 0, 1]
(2, (1, 1, 0), (0, 1)): [24, 2, 1]
(2, (1, 1, 0), (1, 1)): [12]
(2, (1, 1, 0), (1, 2)): [7, 1]
(2, (1, 1, 0), (2, 2)): [4, 1]
(2, (1, 1, 1), (0, 0)): [1229, 195, 168, 95, 55, 12, 9, 2, 1, 1, 1]
(2, (1, 1, 1), (0, 1)): [7, 0, 2, 0, 1]
