(0, (0, 0, 0)): [16189, 3168, 1579, 723, 321, 134, 77, 20, 11, 1, 1, 1]
(0, (0, 0, 1)): [66, 171, 54, 13, 6, 7]
(0, (0, 1, 0)): [505, 419, 195, 77, 41, 19, 9, 1, 1]
(0, (0, 1, 1)): [58, 61, 84, 37, 24, 11, 5, 3, 1]
(0, (1, 0, 0)): [3526, 1059, 730, 411, 175, 72, 46, 15, 7, 0, 1, 1]
(0, (1, 0, 1)): [75, 211, 96, 70, 32, 10, 11, 2, 1, 1, 1]
(0, (1, 1, 0)): [548, 323, 222, 177, 81, 43, 29, 9, 5, 0, 1, 1]
(0, (1, 1, 1)): [62, 89, 86, 54, 35, 18, 18, 6, 3, 0, 1]
(1, (0, 0, 0)): [13177, 1471, 647, 238, 101, 38, 19, 2, 2]
(1, (0, 0, 1)): [293, 355, 80, 39, 16, 7, 1, 1]
(1, (0, 1, 0)): [1503, 653, 257, 121, 47, 21, 6, 1]
(1, (0, 1, 1)): [256, 206, 173, 73, 46, 17, 13, 4]
(1, (1, 0, 0)): [5124, 818, 606, 249, 118, 46, 19, 3, 3]
(1, (1, 0, 1)): [326, 431, 129, 84, 37, 17, 3, 2]
(1, (1, 1, 0)): [1506, 452, 311, 235, 104, 44, 9, 5, 4, 1]
(1, (1, 1, 1)): [330, 268, 144, 94, 91, 37, 16, 1]
(2, (0, 0, 0)): [11356, 567, 203, 65, 21, 6, 5, 2]
(2, (0, 0, 1)): [838, 260, 42, 18, 5, 3, 2]
(2, (0, 1, 0)): [2509, 509, 139, 55, 15, 4, 5]
(2, (0, 1, 1)): [554, 46, 125, 36, 10, 5, 2]
(2, (1, 0, 0)): [6155, 426, 331, 97, 32, 11, 6, 2]
(2, (1, 0, 1)): [858, 201, 73, 60, 24, 7, 4]
(2, (1, 1, 0)): [2755, 432, 206, 166, 48, 13, 8, 3]
(2, (1, 1, 1)): [742, 121, 117, 78, 46, 12, 6, 2]
