(0, (0, 0, 0)): [95213, 18085, 7971, 3555, 1572, 654, 272, 102, 41, 14, 11, 0, 0, 0, 2]
(0, (0, 0, 1)): [514, 1478, 450, 193, 87, 33, 23, 10, 3]
(0, (0, 1, 0)): [2833, 2912, 1029, 489, 246, 97, 38, 11, 13, 4, 2]
(0, (0, 1, 1)): [249, 443, 555, 264, 128, 64, 26, 7, 2, 1, 0, 0, 0, 0, 1]
(0, (1, 0, 0)): [21282, 7480, 4171, 2098, 926, 399, 177, 65, 23, 7, 9, 0, 0, 0, 2]
(0, (1, 0, 1)): [489, 1270, 582, 385, 208, 75, 38, 17, 8, 1, 0, 0, 0, 0, 1]
(0, (1, 1, 0)): [2638, 1787, 1453, 938, 500, 228, 101, 34, 14, 6, 8, 0, 0, 1]
(0, (1, 1, 1)): [282, 506, 431, 354, 277, 124, 57, 31, 12, 7, 6, 0, 0, 0, 1]
(1, (0, 0, 0)): [74809, 7419, 2896, 1049, 440, 183, 56, 27, 6, 5, 2]
(1, (0, 0, 1)): [2778, 4143, 784, 317, 134, 45, 18, 8, 4, 0, 0, 1]
(1, (0, 1, 0)): [11729, 5655, 1827, 699, 274, 105, 39, 19, 3, 1]
(1, (0, 1, 1)): [1940, 1648, 1706, 647, 262, 109, 38, 14, 4, 0, 1, 1, 0, 1]
(1, (1, 0, 0)): [30038, 5501, 3013, 1284, 474, 219, 64, 33, 7, 5, 2]
(1, (1, 0, 1)): [2191, 2816, 1061, 584, 242, 105, 37, 19, 3, 3]
(1, (1, 1, 0)): [7365, 2333, 1608, 1048, 434, 182, 60, 20, 9, 4, 1, 0, 0, 1]
(1, (1, 1, 1)): [1358, 1176, 725, 522, 329, 148, 49, 22, 8, 2, 0, 0, 0, 1]
(2, (0, 0, 0)): [64217, 2387, 768, 229, 84, 28, 7, 5, 1, 1, 1]
(2, (0, 0, 1)): [8261, 2840, 455, 131, 50, 13, 7]
(2, (0, 1, 0)): [19199, 4206, 1001, 306, 87, 31, 6, 4, 0, 1]
(2, (0, 1, 1)): [5002, 460, 1110, 288, 89, 32, 10, 1, 2]
(2, (1, 0, 0)): [36320, 2737, 1287, 412, 129, 41, 14, 9, 2, 0, 1]
(2, (1, 0, 1)): [5782, 1640, 751, 294, 79, 27, 9, 5, 2]
(2, (1, 1, 0)): [11294, 1727, 896, 499, 152, 50, 12, 5, 1, 0, 2]
(2, (1, 1, 1)): [3379, 554, 557, 289, 181, 50, 10, 4, 2, 1, 2]
