(0, (0, 0, 0), (0, 0)): [1305982, 260508, 120106, 54402, 24080, 10327, 4246, 1773, 710, 324, 133, 63, 29, 10, 3, 1, 0, 1]
(0, (0, 0, 0), (0, 1)): [20483, 3696, 1780, 784, 344, 141, 51, 26, 6, 5, 2, 0, 2, 1, 0, 1]
(0, (0, 0, 0), (0, 2)): [7527, 1187, 574, 246, 106, 33, 20, 10, 2, 1, 0, 0, 1]
(0, (0, 0, 0), (1, 0)): [19303, 4138, 2078, 927, 448, 185, 86, 31, 14, 5, 3]
(0, (0, 0, 0), (1, 1)): [17515, 3319, 1649, 750, 357, 140, 49, 24, 7, 3, 4, 0, 1, 1, 0, 1]
(0, (0, 0, 0), (1, 2)): [11421, 1899, 900, 390, 202, 77, 26, 11, 5, 2, 0, 0, 2]
(0, (0, 0, 0), (2, 0)): [6511, 1563, 819, 401, 183, 84, 40, 14, 6, 2, 1]
(0, (0, 0, 0), (2, 1)): [9376, 1962, 1037, 485, 229, 91, 41, 20, 5, 1, 1, 0, 0, 1]
(0, (0, 0, 0), (2, 2)): [9052, 1645, 841, 375, 186, 78, 23, 11, 5, 3, 1, 0, 2]
(0, (0, 0, 0), (3, 0)): [2167, 570, 340, 184, 78, 44, 17, 6, 3, 0, 1]
(0, (0, 0, 0), (3, 1)): [3854, 966, 565, 295, 120, 57, 22, 14, 4]
(0, (0, 0, 0), (3, 2)): [5247, 1092, 663, 311, 147, 60, 18, 10, 5, 2, 0, 0, 2]
(0, (0, 0, 1), (0, 0)): [5440, 16182, 4422, 2075, 1030, 430, 190, 83, 34, 19, 7, 2, 3, 2]
(0, (0, 0, 1), (0, 1)): [88, 212, 69, 22, 14, 6, 2, 1, 0, 1, 0, 0, 0, 1]
(0, (0, 0, 1), (0, 2)): [35, 84, 19, 6, 6, 1]
(0, (0, 0, 1), (1, 0)): [79, 202, 58, 35, 22, 11, 2, 2, 1, 0, 1]
(0, (0, 0, 1), (1, 1)): [73, 152, 54, 20, 15, 8, 1, 1, 0, 1, 1, 0, 0, 1]
(0, (0, 0, 1), (1, 2)): [52, 114, 30, 12, 9, 1, 1, 1, 0, 1, 1]
(0, (0, 0, 1), (2, 0)): [31, 90, 26, 18, 7, 6, 1, 1, 1]
(0, (0, 0, 1), (2, 1)): [43, 92, 34, 14, 9, 5]
(0, (0, 0, 1), (2, 2)): [52, 87, 29, 8, 8, 1, 0, 0, 0, 0, 1]
(0, (0, 0, 1), (3, 0)): [8, 39, 10, 9, 3, 3, 1, 1, 1]
(0, (0, 0, 1), (3, 1)): [19, 39, 15, 11, 6, 4, 0, 1]
(0, (0, 0, 1), (3, 2)): [29, 45, 16, 9, 7, 4, 0, 1, 0, 0, 1]
(0, (0, 1, 0), (0, 0)): [45990, 42490, 16653, 7962, 3848, 1642, 694, 301, 125, 71, 24, 6, 3, 2, 1]
(0, (0, 1, 0), (0, 1)): [665, 545, 216, 97, 38, 22, 8, 6, 2]
(0, (0, 1, 0), (0, 2)): [265, 171, 77, 27, 9, 10, 3, 1, 1]
(0, (0, 1, 0), (1, 0)): [655, 573, 227, 120, 59, 28, 12, 2, 1]
(0, (0, 1, 0), (1, 1)): [558, 466, 186, 93, 37, 14, 7, 5]
(0, (0, 1, 0), (1, 2)): [371, 286, 109, 53, 20, 11, 3, 3, 1]
(0, (0, 1, 0), (2, 0)): [236, 214, 79, 42, 23, 18, 5, 0, 1]
(0, (0, 1, 0), (2, 1)): [286, 251, 102, 49, 19, 16, 5, 3]
(0, (0, 1, 0), (2, 2)): [295, 215, 94, 42, 16, 8, 6, 1, 1]
(0, (0, 1, 0), (3, 0)): [91, 75, 35, 26, 15, 6, 3, 0, 1]
(0, (0, 1, 0), (3, 1)): [121, 110, 52, 29, 19, 8, 1, 1]
(0, (0, 1, 0), (3, 2)): [180, 135, 68, 33, 18, 6, 5]
(0, (0, 1, 1), (0, 0)): [3868, 6509, 7763, 3625, 1925, 907, 383, 179, 89, 38, 9, 6, 2, 2, 1, 0, 0, 1]
(0, (0, 1, 1), (0, 1)): [54, 76, 103, 44, 24, 9, 5, 3]
(0, (0, 1, 1), (0, 2)): [29, 27, 37, 15, 13, 4, 3, 2]
(0, (0, 1, 1), (1, 0)): [68, 115, 144, 75, 43, 17, 5, 5, 4, 1, 0, 1]
(0, (0, 1, 1), (1, 1)): [40, 72, 89, 44, 24, 6, 3, 2, 1]
(0, (0, 1, 1), (1, 2)): [32, 36, 47, 22, 17, 6, 3, 2, 1]
(0, (0, 1, 1), (2, 0)): [43, 64, 72, 38, 23, 13, 3, 4, 3, 1, 0, 1]
(0, (0, 1, 1), (2, 1)): [31, 53, 66, 31, 15, 4, 2, 4, 2]
(0, (0, 1, 1), (2, 2)): [35, 40, 48, 17, 9, 4, 2, 2, 2]
(0, (0, 1, 1), (3, 0)): [25, 38, 36, 26, 17, 11, 1, 1, 0, 1, 0, 1]
(0, (0, 1, 1), (3, 1)): [15, 26, 29, 15, 11, 0, 0, 1, 1]
(0, (0, 1, 1), (3, 2)): [20, 24, 37, 15, 9, 3, 2, 3, 2]
(0, (1, 0, 0), (0, 0)): [279395, 93101, 58887, 29023, 13703, 6163, 2569, 1107, 463, 211, 91, 39, 20, 4, 2, 1, 0, 1]
(0, (1, 0, 0), (0, 1)): [4318, 1168, 852, 398, 200, 89, 33, 15, 6]
(0, (1, 0, 0), (0, 2)): [1655, 348, 281, 111, 57, 23, 14, 2, 5]
(0, (1, 0, 0), (1, 0)): [3786, 1256, 920, 443, 219, 84, 44, 15, 7, 6, 3]
(0, (1, 0, 0), (1, 1)): [3201, 949, 708, 335, 161, 62, 25, 15, 5, 4, 1]
(0, (1, 0, 0), (1, 2)): [2068, 518, 403, 171, 82, 30, 19, 8, 3, 2]
(0, (1, 0, 0), (2, 0)): [1197, 422, 306, 176, 91, 41, 14, 6, 3, 2, 2]
(0, (1, 0, 0), (2, 1)): [1555, 474, 365, 195, 96, 42, 15, 6, 4, 3]
(0, (1, 0, 0), (2, 2)): [1448, 383, 296, 140, 71, 27, 16, 8, 3, 3]
(0, (1, 0, 0), (3, 0)): [351, 154, 117, 77, 47, 14, 4, 4, 0, 1, 1]
(0, (1, 0, 0), (3, 1)): [595, 213, 163, 105, 64, 19, 5, 2, 3, 1, 1]
(0, (1, 0, 0), (3, 2)): [722, 241, 180, 99, 68, 21, 7, 6, 2, 3]
(0, (1, 0, 1), (0, 0)): [6676, 20295, 8223, 5668, 2976, 1344, 655, 268, 130, 55, 26, 12, 5, 1, 1, 0, 0, 1]
(0, (1, 0, 1), (0, 1)): [92, 258, 108, 69, 33, 16, 11, 2, 1, 0, 0, 0, 1]
(0, (1, 0, 1), (0, 2)): [35, 96, 29, 26, 12, 8, 4, 0, 1]
(0, (1, 0, 1), (1, 0)): [89, 290, 110, 87, 42, 17, 2, 3, 4, 1, 1]
(0, (1, 0, 1), (1, 1)): [77, 204, 75, 52, 31, 12, 6, 1, 2, 0, 1]
(0, (1, 0, 1), (1, 2)): [59, 113, 38, 28, 13, 11, 3, 1, 2]
(0, (1, 0, 1), (2, 0)): [35, 104, 48, 31, 16, 9, 0, 3, 1, 1]
(0, (1, 0, 1), (2, 1)): [27, 126, 50, 33, 20, 6, 1, 0, 2, 0, 1]
(0, (1, 0, 1), (2, 2)): [49, 101, 35, 22, 14, 6, 2, 1, 1, 0, 1]
(0, (1, 0, 1), (3, 0)): [19, 38, 19, 16, 7, 6, 0, 3]
(0, (1, 0, 1), (3, 1)): [13, 46, 19, 16, 11, 4]
(0, (1, 0, 1), (3, 2)): [19, 47, 28, 13, 11, 4, 1, 0, 1, 0, 1]
(0, (1, 1, 0), (0, 0)): [38301, 24499, 18338, 13004, 6901, 3285, 1390, 662, 273, 125, 56, 24, 9, 1]
(0, (1, 1, 0), (0, 1)): [618, 337, 231, 180, 101, 38, 17, 11, 3, 0, 1]
(0, (1, 1, 0), (0, 2)): [247, 119, 77, 58, 37, 14, 8, 6, 1]
(0, (1, 1, 0), (1, 0)): [499, 305, 254, 183, 100, 50, 19, 11, 1, 3]
(0, (1, 1, 0), (1, 1)): [409, 229, 184, 136, 63, 32, 16, 9, 2, 1, 1]
(0, (1, 1, 0), (1, 2)): [291, 130, 101, 80, 42, 17, 7, 10, 1, 1]
(0, (1, 1, 0), (2, 0)): [146, 102, 84, 65, 39, 20, 6, 4, 1, 1]
(0, (1, 1, 0), (2, 1)): [196, 123, 85, 78, 42, 19, 9, 5, 1, 1]
(0, (1, 1, 0), (2, 2)): [198, 106, 77, 59, 31, 17, 3, 7, 1, 2]
(0, (1, 1, 0), (3, 0)): [38, 35, 32, 23, 15, 7, 3, 1, 1]
(0, (1, 1, 0), (3, 1)): [76, 52, 41, 39, 18, 11, 8, 2, 2]
(0, (1, 1, 0), (3, 2)): [109, 63, 44, 43, 19, 10, 3, 4, 1]
(0, (1, 1, 1), (0, 0)): [3730, 7069, 5760, 4324, 3427, 1713, 783, 391, 171, 71, 36, 13, 3, 1, 1]
(0, (1, 1, 1), (0, 1)): [75, 98, 91, 59, 38, 25, 8, 5, 4, 3, 1, 1]
(0, (1, 1, 1), (0, 2)): [35, 44, 28, 17, 19, 6, 2, 1, 3, 1, 0, 1]
(0, (1, 1, 1), (1, 0)): [54, 116, 110, 75, 67, 32, 8, 10, 2, 0, 1]
(0, (1, 1, 1), (1, 1)): [55, 83, 91, 60, 33, 23, 8, 7, 1, 1, 1]
(0, (1, 1, 1), (1, 2)): [46, 61, 48, 25, 16, 13, 3, 2, 4, 0, 0, 1]
(0, (1, 1, 1), (2, 0)): [16, 44, 29, 31, 32, 10, 2, 4, 1, 0, 1]
(0, (1, 1, 1), (2, 1)): [29, 41, 40, 34, 26, 14, 3, 4, 1]
(0, (1, 1, 1), (2, 2)): [30, 43, 37, 28, 16, 12, 3, 4, 1, 0, 0, 1]
(0, (1, 1, 1), (3, 1)): [6, 20, 15, 20, 9, 4, 1, 1, 0, 0, 1]
(0, (1, 1, 1), (3, 2)): [11, 15, 21, 21, 11, 8, 3, 1, 1, 0, 0, 1]
(1, (0, 0, 0), (0, 0)): [1058316, 114871, 47105, 18573, 7158, 2745, 1067, 391, 152, 62, 25, 15, 6, 3, 0, 1]
(1, (0, 0, 0), (0, 1)): [16623, 1659, 721, 271, 94, 26, 13, 8, 1, 0, 0, 0, 0, 1]
(1, (0, 0, 0), (0, 2)): [6155, 502, 213, 75, 25, 7, 2, 1]
(1, (0, 0, 0), (1, 0)): [16239, 2008, 862, 331, 146, 50, 23, 8, 0, 1, 0, 0, 0, 0, 0, 1]
(1, (0, 0, 0), (1, 1)): [14363, 1566, 645, 241, 103, 39, 19, 7, 1, 1, 0, 0, 0, 1]
(1, (0, 0, 0), (1, 2)): [9157, 805, 313, 133, 58, 24, 10, 2]
(1, (0, 0, 0), (2, 0)): [5721, 797, 381, 135, 61, 21, 9, 5, 0, 0, 0, 0, 0, 0, 0, 1]
(1, (0, 0, 0), (2, 1)): [8022, 977, 419, 150, 69, 21, 10, 6, 0, 1]
(1, (0, 0, 0), (2, 2)): [7581, 742, 325, 123, 56, 28, 12, 4]
(1, (0, 0, 0), (3, 0)): [1869, 291, 183, 64, 30, 9, 5, 1, 0, 0, 0, 0, 0, 0, 0, 1]
(1, (0, 0, 0), (3, 1)): [3417, 529, 267, 96, 50, 8, 4, 3]
(1, (0, 0, 0), (3, 2)): [4374, 546, 273, 97, 48, 17, 11, 3]
(1, (0, 0, 1), (0, 0)): [28845, 41202, 8139, 3430, 1430, 579, 227, 89, 40, 13, 8, 5, 4, 1]
(1, (0, 0, 1), (0, 1)): [417, 431, 102, 33, 14, 7, 5]
(1, (0, 0, 1), (0, 2)): [176, 144, 34, 7, 2, 1, 3]
(1, (0, 0, 1), (1, 0)): [448, 618, 124, 64, 28, 12, 5, 3, 1]
(1, (0, 0, 1), (1, 1)): [381, 426, 85, 36, 18, 6, 2, 2]
(1, (0, 0, 1), (1, 2)): [282, 227, 36, 13, 11, 2, 2]
(1, (0, 0, 1), (2, 0)): [193, 260, 53, 33, 14, 7, 5, 1, 1]
(1, (0, 0, 1), (2, 1)): [184, 260, 48, 23, 9, 7, 5, 2]
(1, (0, 0, 1), (2, 2)): [204, 190, 36, 15, 7, 2, 1]
(1, (0, 0, 1), (3, 0)): [91, 108, 31, 23, 9, 3, 2, 1, 1]
(1, (0, 0, 1), (3, 1)): [104, 136, 22, 17, 4, 3, 3, 2]
(1, (0, 0, 1), (3, 2)): [129, 122, 29, 13, 6, 2, 3]
(1, (0, 1, 0), (0, 0)): [142550, 63298, 22864, 9713, 3911, 1528, 530, 251, 69, 36, 20, 8, 8, 2, 1]
(1, (0, 1, 0), (0, 1)): [1971, 759, 286, 118, 35, 14, 6, 2, 1]
(1, (0, 1, 0), (0, 2)): [768, 270, 86, 27, 9, 5, 2]
(1, (0, 1, 0), (1, 0)): [2317, 1041, 373, 212, 92, 28, 12, 4, 0, 0, 1, 0, 0, 1]
(1, (0, 1, 0), (1, 1)): [1713, 654, 270, 123, 44, 15, 7, 3, 1, 0, 0, 0, 0, 1]
(1, (0, 1, 0), (1, 2)): [1108, 397, 160, 53, 16, 6, 5, 2]
(1, (0, 1, 0), (2, 0)): [1038, 477, 166, 112, 47, 16, 8, 3, 0, 0, 1]
(1, (0, 1, 0), (2, 1)): [932, 407, 134, 84, 36, 12, 6, 2, 0, 0, 1, 0, 0, 1]
(1, (0, 1, 0), (2, 2)): [877, 354, 135, 46, 23, 5, 3, 1]
(1, (0, 1, 0), (3, 0)): [573, 222, 73, 76, 33, 9, 5, 2]
(1, (0, 1, 0), (3, 1)): [496, 182, 63, 55, 22, 8, 3, 1, 0, 0, 0, 0, 0, 1]
(1, (0, 1, 0), (3, 2)): [522, 201, 87, 51, 25, 0, 4, 1, 0, 0, 0, 0, 0, 1]
(1, (0, 1, 1), (0, 0)): [22927, 18625, 16702, 6673, 3459, 1369, 534, 219, 103, 33, 10, 7, 2, 2, 0, 1]
(1, (0, 1, 1), (0, 1)): [272, 185, 148, 73, 29, 16, 7, 2]
(1, (0, 1, 1), (0, 2)): [139, 61, 48, 24, 8, 4, 3]
(1, (0, 1, 1), (1, 0)): [473, 376, 276, 134, 92, 33, 13, 8, 3, 1]
(1, (0, 1, 1), (1, 1)): [218, 163, 144, 59, 30, 8, 5, 4]
(1, (0, 1, 1), (1, 2)): [171, 92, 81, 39, 15, 6, 3]
(1, (0, 1, 1), (2, 0)): [317, 248, 162, 91, 73, 30, 11, 6, 3, 1]
(1, (0, 1, 1), (2, 1)): [130, 109, 82, 37, 16, 8, 7, 2]
(1, (0, 1, 1), (2, 2)): [124, 91, 76, 35, 19, 3, 2, 2]
(1, (0, 1, 1), (3, 0)): [261, 195, 124, 69, 63, 26, 7, 6, 3, 1]
(1, (0, 1, 1), (3, 1)): [65, 46, 37, 19, 7, 7, 5]
(1, (0, 1, 1), (3, 2)): [78, 60, 41, 21, 13, 4, 1, 1]
(1, (1, 0, 0), (0, 0)): [403863, 71508, 45730, 19370, 7791, 3087, 1234, 431, 194, 81, 29, 21, 4, 3, 0, 2]
(1, (1, 0, 0), (0, 1)): [6171, 865, 649, 277, 101, 35, 15, 3, 1, 2]
(1, (1, 0, 0), (0, 2)): [2258, 269, 233, 83, 29, 10, 6, 1, 0, 2]
(1, (1, 0, 0), (1, 0)): [5959, 1081, 775, 345, 145, 48, 27, 10, 1, 2, 0, 0, 1, 0, 0, 1]
(1, (1, 0, 0), (1, 1)): [4937, 725, 558, 234, 88, 32, 17, 7, 1, 0, 0, 0, 0, 0, 0, 1]
(1, (1, 0, 0), (1, 2)): [3071, 379, 321, 117, 47, 16, 6, 5, 0, 1]
(1, (1, 0, 0), (2, 0)): [1957, 402, 298, 154, 59, 24, 10, 0, 1, 2, 0, 0, 1]
(1, (1, 0, 0), (2, 1)): [2543, 432, 344, 148, 61, 17, 13, 2, 2, 0, 0, 0, 0, 0, 0, 1]
(1, (1, 0, 0), (2, 2)): [2318, 326, 286, 108, 40, 11, 7, 3, 1, 1]
(1, (1, 0, 0), (3, 0)): [594, 142, 100, 66, 26, 11, 4, 0, 0, 2, 0, 0, 1]
(1, (1, 0, 0), (3, 1)): [982, 234, 163, 91, 33, 13, 6, 1, 0, 1, 0, 0, 0, 0, 0, 1]
(1, (1, 0, 0), (3, 2)): [1184, 227, 175, 87, 30, 13, 6, 1, 1, 1, 0, 0, 0, 0, 0, 1]
(1, (1, 0, 1), (0, 0)): [32310, 38040, 12161, 8073, 3428, 1427, 581, 219, 76, 50, 12, 5, 0, 1]
(1, (1, 0, 1), (0, 1)): [501, 448, 129, 109, 45, 17, 9, 2, 3, 2]
(1, (1, 0, 1), (0, 2)): [213, 143, 49, 37, 7, 6, 4, 1, 0, 1]
(1, (1, 0, 1), (1, 0)): [493, 543, 178, 128, 67, 20, 8, 1, 0, 2]
(1, (1, 0, 1), (1, 1)): [393, 372, 111, 93, 48, 7, 8, 1, 2]
(1, (1, 0, 1), (1, 2)): [288, 204, 65, 53, 17, 6, 6, 1, 0, 1]
(1, (1, 0, 1), (2, 0)): [187, 185, 61, 41, 25, 12, 2, 1, 0, 1]
(1, (1, 0, 1), (2, 1)): [184, 191, 63, 48, 29, 7, 5, 0, 2]
(1, (1, 0, 1), (2, 2)): [192, 156, 54, 30, 18, 4, 6, 0, 1]
(1, (1, 0, 1), (3, 0)): [70, 76, 20, 18, 10, 6, 1, 0, 0, 1]
(1, (1, 0, 1), (3, 1)): [76, 87, 23, 22, 19, 7]
(1, (1, 0, 1), (3, 2)): [91, 83, 34, 22, 18, 7, 4, 0, 1]
(1, (1, 1, 0), (0, 0)): [110875, 34321, 22912, 16191, 6801, 2813, 1107, 442, 191, 71, 25, 14, 8, 5, 1]
(1, (1, 1, 0), (0, 1)): [1765, 460, 284, 225, 86, 32, 19, 5, 2]
(1, (1, 1, 0), (0, 2)): [710, 176, 92, 80, 25, 8, 5, 0, 1]
(1, (1, 1, 0), (1, 0)): [1580, 535, 373, 283, 117, 43, 25, 10, 1, 3, 0, 0, 2, 1]
(1, (1, 1, 0), (1, 1)): [1301, 371, 265, 183, 81, 31, 18, 8, 0, 2]
(1, (1, 1, 0), (1, 2)): [947, 227, 149, 115, 41, 15, 8, 2]
(1, (1, 1, 0), (2, 0)): [559, 194, 123, 114, 46, 16, 8, 2, 1, 1, 0, 0, 2, 1]
(1, (1, 1, 0), (2, 1)): [667, 226, 157, 109, 45, 18, 11, 3, 0, 1, 0, 0, 1]
(1, (1, 1, 0), (2, 2)): [691, 179, 110, 82, 41, 14, 6, 1]
(1, (1, 1, 0), (3, 0)): [156, 77, 36, 38, 25, 11, 4, 2, 1, 1, 0, 0, 1]
(1, (1, 1, 0), (3, 1)): [288, 114, 69, 61, 29, 11, 9, 3, 0, 2, 0, 0, 1]
(1, (1, 1, 0), (3, 2)): [365, 113, 75, 48, 31, 15, 9, 4, 0, 2, 0, 0, 1]
(1, (1, 1, 1), (0, 0)): [22699, 17979, 11468, 7516, 5446, 2325, 945, 347, 154, 57, 19, 15, 7, 3, 1, 1]
(1, (1, 1, 1), (0, 1)): [417, 262, 165, 110, 84, 31, 17, 4, 3]
(1, (1, 1, 1), (0, 2)): [211, 93, 60, 33, 33, 8, 9]
(1, (1, 1, 1), (1, 0)): [365, 276, 192, 125, 95, 42, 17, 8, 2, 2, 0, 1, 1]
(1, (1, 1, 1), (1, 1)): [304, 193, 138, 101, 77, 30, 7, 5, 1]
(1, (1, 1, 1), (1, 2)): [234, 106, 90, 56, 39, 21, 7, 1]
(1, (1, 1, 1), (2, 0)): [114, 107, 77, 50, 31, 19, 11, 4, 1, 1, 0, 1, 1]
(1, (1, 1, 1), (2, 1)): [151, 125, 81, 62, 46, 14, 10, 4, 1, 1, 0, 1]
(1, (1, 1, 1), (2, 2)): [164, 92, 71, 64, 37, 15, 7, 1]
(1, (1, 1, 1), (3, 0)): [25, 39, 27, 23, 11, 11, 4, 1, 1, 0, 0, 0, 1]
(1, (1, 1, 1), (3, 1)): [42, 66, 33, 29, 23, 10, 5, 3, 0, 0, 0, 0, 1]
(1, (1, 1, 1), (3, 2)): [83, 58, 37, 39, 24, 12, 3, 2]
(2, (0, 0, 0), (0, 0)): [917389, 41371, 13960, 4466, 1453, 490, 164, 50, 9, 6, 5, 0, 1]
(2, (0, 0, 0), (0, 1)): [14340, 602, 209, 55, 27, 6, 6, 1]
(2, (0, 0, 0), (0, 2)): [5187, 160, 42, 16, 6, 1, 1, 1]
(2, (0, 0, 0), (1, 0)): [14766, 846, 284, 84, 35, 11, 3, 0, 0, 0, 0, 0, 1]
(2, (0, 0, 0), (1, 1)): [12799, 638, 220, 47, 28, 6, 6]
(2, (0, 0, 0), (1, 2)): [8070, 286, 95, 27, 13, 4, 3]
(2, (0, 0, 0), (2, 0)): [5497, 325, 136, 50, 17, 6, 1, 0, 0, 0, 0, 0, 1]
(2, (0, 0, 0), (2, 1)): [7451, 391, 143, 43, 9, 4, 3]
(2, (0, 0, 0), (2, 2)): [6814, 291, 107, 28, 11, 5, 1]
(2, (0, 0, 0), (3, 0)): [1904, 128, 75, 27, 13, 3, 1, 0, 0, 0, 0, 0, 1]
(2, (0, 0, 0), (3, 1)): [3479, 199, 104, 34, 12, 5, 2]
(2, (0, 0, 0), (3, 2)): [4308, 222, 109, 26, 9, 5]
(2, (0, 0, 1), (0, 0)): [84057, 25749, 5148, 1741, 618, 212, 61, 19, 3, 2, 0, 1]
(2, (0, 0, 1), (0, 1)): [1180, 317, 66, 23, 11, 3, 1]
(2, (0, 0, 1), (0, 2)): [457, 81, 21, 4, 3, 1]
(2, (0, 0, 1), (1, 0)): [1431, 402, 100, 40, 10, 5, 0, 1]
(2, (0, 0, 1), (1, 1)): [1141, 277, 65, 20, 8, 2, 1]
(2, (0, 0, 1), (1, 2)): [738, 135, 30, 10, 3, 1, 1]
(2, (0, 0, 1), (2, 0)): [599, 178, 48, 27, 6, 4, 0, 1]
(2, (0, 0, 1), (2, 1)): [651, 153, 49, 17, 9, 2, 0, 1]
(2, (0, 0, 1), (2, 2)): [605, 112, 39, 7, 3, 2, 1]
(2, (0, 0, 1), (3, 0)): [319, 83, 25, 17, 2, 3]
(2, (0, 0, 1), (3, 1)): [349, 84, 20, 15, 6, 2]
(2, (0, 0, 1), (3, 2)): [395, 82, 27, 10, 2, 1]
(2, (0, 1, 0), (0, 0)): [225076, 48040, 12885, 4502, 1480, 509, 144, 42, 10, 8, 5, 0, 1]
(2, (0, 1, 0), (0, 1)): [3027, 551, 145, 51, 16, 1, 1]
(2, (0, 1, 0), (0, 2)): [1140, 162, 41, 10, 5]
(2, (0, 1, 0), (1, 0)): [4049, 699, 290, 114, 27, 15, 5, 1, 0, 0, 0, 0, 1]
(2, (0, 1, 0), (1, 1)): [2817, 480, 167, 58, 14, 5, 3, 1]
(2, (0, 1, 0), (1, 2)): [1778, 251, 62, 33, 3]
(2, (0, 1, 0), (2, 0)): [1934, 314, 147, 75, 20, 9, 3, 0, 0, 0, 0, 0, 1]
(2, (0, 1, 0), (2, 1)): [1721, 305, 109, 35, 10, 7, 3, 1, 0, 0, 0, 0, 1]
(2, (0, 1, 0), (2, 2)): [1560, 236, 63, 35, 5, 3, 0, 1]
(2, (0, 1, 0), (3, 0)): [1101, 151, 88, 55, 16, 4, 2]
(2, (0, 1, 0), (3, 1)): [848, 155, 77, 24, 11, 3, 3, 0, 0, 0, 0, 0, 1]
(2, (0, 1, 0), (3, 2)): [1030, 164, 66, 30, 7, 3, 1, 0, 0, 0, 0, 0, 1]
(2, (0, 1, 1), (0, 0)): [51148, 4408, 11258, 3029, 1198, 376, 138, 47, 18, 4, 3, 1, 0, 1]
(2, (0, 1, 1), (0, 1)): [647, 50, 108, 27, 7, 3, 1, 3]
(2, (0, 1, 1), (0, 2)): [274, 21, 34, 8, 4, 1, 1]
(2, (0, 1, 1), (1, 0)): [933, 94, 190, 64, 28, 8, 4, 0, 0, 0, 1]
(2, (0, 1, 1), (1, 1)): [596, 41, 107, 28, 7, 4, 1, 2]
(2, (0, 1, 1), (1, 2)): [399, 25, 54, 12, 5, 1, 2, 1]
(2, (0, 1, 1), (2, 0)): [485, 57, 93, 39, 22, 6, 1, 0, 0, 0, 1]
(2, (0, 1, 1), (2, 1)): [340, 27, 81, 17, 7, 5]
(2, (0, 1, 1), (2, 2)): [347, 27, 56, 15, 3, 4, 1, 1]
(2, (0, 1, 1), (3, 0)): [336, 45, 55, 26, 19, 5, 1, 0, 0, 0, 1]
(2, (0, 1, 1), (3, 1)): [178, 15, 35, 11, 4, 2]
(2, (0, 1, 1), (3, 2)): [223, 23, 47, 13, 4, 4, 0, 1]
(2, (1, 0, 0), (0, 0)): [490022, 35433, 22986, 7286, 2315, 739, 294, 81, 17, 11, 6, 0, 1]
(2, (1, 0, 0), (0, 1)): [7071, 379, 315, 83, 31, 8, 6, 1]
(2, (1, 0, 0), (0, 2)): [2556, 99, 86, 18, 10, 1, 1]
(2, (1, 0, 0), (1, 0)): [7388, 609, 434, 169, 40, 12, 7, 2, 0, 0, 0, 0, 1]
(2, (1, 0, 0), (1, 1)): [5833, 364, 296, 96, 26, 3, 4, 1]
(2, (1, 0, 0), (1, 2)): [3649, 169, 131, 45, 12, 2]
(2, (1, 0, 0), (2, 0)): [2531, 244, 150, 76, 17, 6, 4, 0, 0, 0, 0, 0, 1]
(2, (1, 0, 0), (2, 1)): [3038, 197, 157, 61, 21, 6, 2, 1, 0, 0, 0, 0, 1]
(2, (1, 0, 0), (2, 2)): [2803, 156, 122, 42, 13, 5, 1, 1]
(2, (1, 0, 0), (3, 0)): [829, 112, 49, 45, 4, 2, 3]
(2, (1, 0, 0), (3, 1)): [1322, 139, 77, 49, 10, 4, 2, 0, 0, 0, 0, 0, 1]
(2, (1, 0, 0), (3, 2)): [1583, 135, 83, 40, 9, 8, 1, 1, 0, 0, 0, 0, 1]
(2, (1, 0, 1), (0, 0)): [82908, 20147, 7897, 4767, 1517, 523, 182, 55, 21, 7, 0, 2, 1]
(2, (1, 0, 1), (0, 1)): [1245, 245, 106, 71, 20, 3, 2, 1, 0, 0, 0, 1]
(2, (1, 0, 1), (0, 2)): [492, 76, 31, 14, 8]
(2, (1, 0, 1), (1, 0)): [1179, 273, 130, 86, 30, 12, 4]
(2, (1, 0, 1), (1, 1)): [954, 193, 78, 67, 17, 8, 4, 1, 0, 0, 0, 1]
(2, (1, 0, 1), (1, 2)): [649, 100, 40, 29, 9, 4, 1, 1, 0, 0, 0, 1]
(2, (1, 0, 1), (2, 0)): [433, 102, 65, 32, 11, 4, 2]
(2, (1, 0, 1), (2, 1)): [525, 120, 43, 35, 14, 4]
(2, (1, 0, 1), (2, 2)): [464, 77, 29, 19, 9, 4, 1, 1, 0, 0, 0, 1]
(2, (1, 0, 1), (3, 0)): [154, 31, 29, 14, 7, 1, 2]
(2, (1, 0, 1), (3, 1)): [243, 51, 30, 18, 7, 1, 2]
(2, (1, 0, 1), (3, 2)): [275, 55, 30, 10, 8, 3, 2, 1]
(2, (1, 1, 0), (0, 0)): [191666, 29496, 14763, 9920, 3213, 1045, 341, 113, 40, 18, 7, 1, 2, 1]
(2, (1, 1, 0), (0, 1)): [2971, 403, 177, 132, 38, 7, 5, 3, 0, 0, 0, 0, 1]
(2, (1, 1, 0), (0, 2)): [1185, 127, 50, 35, 10, 1, 2, 1]
(2, (1, 1, 0), (1, 0)): [2933, 450, 260, 196, 56, 20, 8, 2, 1, 1]
(2, (1, 1, 0), (1, 1)): [2434, 329, 161, 127, 28, 7, 4, 2, 1, 1, 0, 0, 1]
(2, (1, 1, 0), (1, 2)): [1682, 190, 80, 52, 13, 3, 2, 2]
(2, (1, 1, 0), (2, 0)): [1033, 172, 114, 79, 30, 13, 3, 1]
(2, (1, 1, 0), (2, 1)): [1294, 170, 114, 84, 22, 11, 4, 1, 1, 1, 0, 0, 1]
(2, (1, 1, 0), (2, 2)): [1258, 148, 73, 69, 16, 4, 4, 2, 1]
(2, (1, 1, 0), (3, 0)): [367, 68, 48, 30, 13, 6, 1]
(2, (1, 1, 0), (3, 1)): [573, 86, 69, 41, 11, 9, 2, 1, 0, 0, 0, 0, 1]
(2, (1, 1, 0), (3, 2)): [697, 92, 60, 45, 17, 4, 3, 2, 1]
(2, (1, 1, 1), (0, 0)): [55099, 8012, 9324, 4561, 3293, 1055, 353, 121, 42, 8, 6, 0, 1, 1]
(2, (1, 1, 1), (0, 1)): [1008, 95, 138, 68, 45, 9, 5, 3, 1, 0, 0, 0, 1]
(2, (1, 1, 1), (0, 2)): [462, 24, 34, 22, 13, 2, 1, 1, 1]
(2, (1, 1, 1), (1, 0)): [807, 231, 152, 83, 57, 23, 6, 1, 2, 0, 1]
(2, (1, 1, 1), (1, 1)): [754, 110, 121, 60, 40, 7, 3, 0, 0, 0, 1, 0, 1]
(2, (1, 1, 1), (1, 2)): [573, 47, 52, 29, 15, 4, 2, 1, 0, 0, 1]
(2, (1, 1, 1), (2, 0)): [221, 153, 45, 37, 27, 16, 4, 1, 1]
(2, (1, 1, 1), (2, 1)): [323, 101, 71, 32, 32, 9, 4, 0, 0, 0, 0, 0, 1]
(2, (1, 1, 1), (2, 2)): [375, 57, 48, 31, 16, 5, 2, 0, 0, 0, 1]
(2, (1, 1, 1), (3, 0)): [46, 103, 16, 23, 9, 8, 1, 0, 1]
(2, (1, 1, 1), (3, 1)): [104, 105, 30, 24, 24, 6, 4]
(2, (1, 1, 1), (3, 2)): [169, 82, 33, 34, 19, 7, 4, 0, 0, 0, 1]
