(0, (0, 0, 0), (0, 0)): [12731, 2512, 1136, 511, 216, 102, 41, 15, 7, 3, 1, 0, 0, 0, 1]
(0, (0, 0, 0), (0, 1)): [3, 0, 1]
(0, (0, 0, 0), (0, 2)): [1, 0, 1]
(0, (0, 0, 0), (1, 0)): [3, 0, 0, 0, 0, 1]
(0, (0, 0, 0), (1, 1)): [1]
(0, (0, 0, 0), (1, 2)): [1]
(0, (0, 0, 0), (2, 0)): [2, 0, 0, 0, 0, 1]
(0, (0, 0, 0), (3, 0)): [2, 0, 0, 0, 0, 1]
(0, (0, 0, 0), (3, 1)): [2]
(0, (0, 0, 0), (3, 2)): [2]
(0, (0, 0, 1), (0, 0)): [88, 207, 65, 31, 14, 4, 4, 1, 1]
(0, (0, 1, 0), (0, 0)): [377, 419, 139, 66, 41, 11, 3, 3, 1]
(0, (0, 1, 1), (0, 0)): [25, 59, 84, 29, 17, 6, 4, 1, 1, 0, 0, 0, 0, 0, 1]
(0, (1, 0, 0), (0, 0)): [2796, 959, 605, 282, 127, 61, 28, 11, 4, 2, 1, 0, 0, 0, 1]
(0, (1, 0, 1), (0, 0)): [62, 178, 73, 59, 29, 15, 7, 2, 1]
(0, (1, 1, 0), (0, 0)): [333, 237, 214, 120, 77, 31, 11, 5, 1, 0, 1]
(0, (1, 1, 1), (0, 0)): [37, 49, 50, 47, 47, 16, 5, 4, 1, 1, 1, 0, 0, 0, 1]
(1, (0, 0, 0), (0, 0)): [10030, 1057, 402, 168, 55, 34, 10, 1, 2, 1]
(1, (0, 0, 0), (0, 1)): [2]
(1, (0, 0, 0), (0, 2)): [2]
(1, (0, 0, 0), (1, 0)): [2]
(1, (0, 0, 0), (1, 2)): [1]
(1, (0, 0, 0), (2, 0)): [2]
(1, (0, 0, 0), (2, 1)): [1]
(1, (0, 0, 0), (2, 2)): [2]
(1, (0, 0, 0), (3, 0)): [1]
(1, (0, 0, 0), (3, 1)): [1]
(1, (0, 0, 0), (3, 2)): [2]
(1, (0, 0, 1), (0, 0)): [368, 563, 108, 55, 19, 8, 1, 1, 1, 0, 0, 1]
(1, (0, 0, 1), (1, 0)): [1]
(1, (0, 0, 1), (2, 0)): [1]
(1, (0, 0, 1), (3, 0)): [1]
(1, (0, 0, 1), (3, 1)): [1]
(1, (0, 0, 1), (3, 2)): [1]
(1, (0, 1, 0), (0, 0)): [1605, 760, 263, 80, 38, 21, 8, 4, 2]
(1, (0, 1, 0), (1, 0)): [1]
(1, (0, 1, 0), (2, 0)): [1]
(1, (0, 1, 0), (3, 0)): [1]
(1, (0, 1, 0), (3, 1)): [1]
(1, (0, 1, 0), (3, 2)): [1]
(1, (0, 1, 1), (0, 0)): [229, 251, 264, 85, 42, 14, 7, 3, 2, 0, 1]
(1, (1, 0, 0), (0, 0)): [4058, 762, 413, 197, 66, 37, 13, 5, 2, 2, 1]
(1, (1, 0, 0), (0, 1)): [2, 0, 1]
(1, (1, 0, 0), (0, 2)): [2, 0, 1]
(1, (1, 0, 1), (0, 0)): [306, 364, 140, 98, 37, 20, 10, 4, 0, 1]
(1, (1, 1, 0), (0, 0)): [922, 347, 234, 144, 54, 37, 8, 3, 3, 1, 0, 0, 0, 1]
(1, (1, 1, 1), (0, 0)): [161, 167, 103, 71, 55, 31, 4, 2, 1, 1]
(2, (0, 0, 0), (0, 0)): [8510, 317, 126, 37, 9, 5, 1]
(2, (0, 0, 0), (0, 1)): [1]
(2, (0, 0, 0), (0, 2)): [1]
(2, (0, 0, 1), (0, 0)): [1189, 385, 74, 14, 5, 1]
(2, (0, 1, 0), (0, 0)): [2567, 536, 135, 45, 14, 2]
(2, (0, 1, 1), (0, 0)): [663, 69, 183, 41, 13, 2, 1, 0, 1]
(2, (1, 0, 0), (0, 0)): [4906, 375, 203, 54, 20, 6, 2, 1, 1]
(2, (1, 0, 1), (0, 0)): [860, 223, 133, 43, 10, 4, 2, 0, 1]
(2, (1, 1, 0), (0, 0)): [1524, 234, 120, 69, 20, 9, 1, 1]
(2, (1, 1, 1), (0, 0)): [463, 78, 99, 49, 26, 4, 1, 1, 1]
