(0, (0, 0, 0), (0, 0)): [14435, 2643, 1192, 525, 226, 87, 35, 18, 8, 2, 1, 1]
(0, (0, 0, 0), (0, 1)): [7, 2]
(0, (0, 0, 0), (0, 2)): [2, 2]
(0, (0, 0, 0), (1, 0)): [7, 1, 1]
(0, (0, 0, 0), (1, 1)): [6]
(0, (0, 0, 0), (1, 2)): [6, 1]
(0, (0, 0, 0), (2, 0)): [2, 1, 1]
(0, (0, 0, 0), (2, 1)): [3, 0, 1]
(0, (0, 0, 0), (2, 2)): [5, 0, 1]
(0, (0, 0, 0), (3, 0)): [0, 1]
(0, (0, 0, 0), (3, 1)): [1, 1]
(0, (0, 0, 0), (3, 2)): [1, 1]
(0, (0, 0, 1), (0, 0)): [65, 160, 50, 21, 13, 0, 3, 1]
(0, (0, 1, 0), (0, 0)): [507, 398, 159, 65, 34, 15, 6, 3, 0, 1]
(0, (0, 1, 1), (0, 0)): [41, 55, 68, 39, 24, 5, 5, 1, 3, 1]
(0, (1, 0, 0), (0, 0)): [3185, 989, 619, 276, 122, 47, 29, 11, 6, 1, 1, 1]
(0, (1, 0, 0), (0, 1)): [1, 0, 1]
(0, (1, 0, 0), (1, 0)): [1]
(0, (1, 0, 0), (1, 1)): [1]
(0, (1, 0, 0), (2, 0)): [1]
(0, (1, 0, 0), (2, 1)): [1]
(0, (1, 0, 0), (2, 2)): [1]
(0, (1, 0, 1), (0, 0)): [62, 202, 82, 43, 29, 12, 7, 2, 1]
(0, (1, 0, 1), (0, 1)): [0, 0, 1]
(0, (1, 0, 1), (0, 2)): [0, 0, 1]
(0, (1, 1, 0), (0, 0)): [414, 260, 223, 130, 73, 29, 13, 5, 2, 0, 0, 1]
(0, (1, 1, 0), (1, 0)): [0, 0, 0, 0, 1]
(0, (1, 1, 0), (2, 0)): [0, 0, 0, 0, 1]
(0, (1, 1, 0), (3, 0)): [0, 0, 0, 0, 1]
(0, (1, 1, 1), (0, 0)): [40, 76, 60, 43, 31, 12, 9, 2, 2, 0, 1, 1]
(1, (0, 0, 0), (0, 0)): [11429, 1149, 426, 183, 65, 27, 5, 5, 2, 1]
(1, (0, 0, 0), (0, 1)): [7, 0, 1]
(1, (0, 0, 0), (0, 2)): [4, 0, 1]
(1, (0, 0, 0), (1, 0)): [3, 1]
(1, (0, 0, 0), (1, 1)): [5]
(1, (0, 0, 0), (1, 2)): [4]
(1, (0, 0, 0), (2, 0)): [1, 1]
(1, (0, 0, 0), (2, 1)): [2, 1]
(1, (0, 0, 0), (2, 2)): [2]
(1, (0, 0, 0), (3, 0)): [1]
(1, (0, 0, 0), (3, 1)): [2]
(1, (0, 0, 0), (3, 2)): [1]
(1, (0, 0, 1), (0, 0)): [309, 386, 71, 34, 13, 7, 1, 0, 0, 1]
(1, (0, 0, 1), (1, 0)): [1]
(1, (0, 0, 1), (2, 0)): [1]
(1, (0, 0, 1), (3, 0)): [1]
(1, (0, 1, 0), (0, 0)): [1598, 658, 235, 96, 39, 13, 6, 4]
(1, (0, 1, 0), (0, 1)): [1]
(1, (0, 1, 0), (0, 2)): [1]
(1, (0, 1, 1), (0, 0)): [279, 190, 179, 70, 35, 6, 3, 3, 0, 1]
(1, (0, 1, 1), (1, 0)): [1]
(1, (0, 1, 1), (2, 0)): [1]
(1, (0, 1, 1), (2, 1)): [1]
(1, (0, 1, 1), (2, 2)): [1]
(1, (1, 0, 0), (0, 0)): [4461, 778, 448, 182, 56, 27, 10, 4, 3, 1]
(1, (1, 0, 0), (0, 1)): [2]
(1, (1, 0, 0), (0, 2)): [2]
(1, (1, 0, 0), (1, 0)): [1, 0, 1]
(1, (1, 0, 0), (1, 1)): [1]
(1, (1, 0, 0), (2, 0)): [0, 0, 1]
(1, (1, 0, 0), (2, 1)): [1]
(1, (1, 0, 0), (2, 2)): [1]
(1, (1, 0, 0), (3, 0)): [0, 0, 1]
(1, (1, 0, 1), (0, 0)): [294, 384, 122, 58, 26, 13, 1, 2, 1]
(1, (1, 0, 1), (0, 1)): [0, 1]
(1, (1, 0, 1), (0, 2)): [0, 1]
(1, (1, 1, 0), (0, 0)): [1298, 412, 268, 161, 53, 33, 12, 4, 3, 1]
(1, (1, 1, 0), (0, 1)): [0, 0, 1]
(1, (1, 1, 0), (0, 2)): [0, 0, 1]
(1, (1, 1, 0), (1, 2)): [0, 0, 1]
(1, (1, 1, 1), (0, 0)): [310, 234, 153, 96, 63, 25, 8, 2, 2]
(2, (0, 0, 0), (0, 0)): [9651, 412, 124, 48, 16, 4, 1]
(2, (0, 0, 0), (0, 1)): [7]
(2, (0, 0, 0), (0, 2)): [4]
(2, (0, 0, 0), (1, 0)): [3, 2]
(2, (0, 0, 0), (1, 1)): [3, 1]
(2, (0, 0, 0), (1, 2)): [3]
(2, (0, 0, 0), (2, 0)): [2, 1]
(2, (0, 0, 0), (2, 1)): [1, 1]
(2, (0, 0, 0), (2, 2)): [2, 1]
(2, (0, 0, 0), (3, 0)): [1, 1]
(2, (0, 0, 0), (3, 1)): [1]
(2, (0, 0, 0), (3, 2)): [1, 1]
(2, (0, 0, 1), (0, 0)): [799, 248, 41, 13, 4, 3]
(2, (0, 0, 1), (0, 1)): [1]
(2, (0, 0, 1), (0, 2)): [1]
(2, (0, 1, 0), (0, 0)): [2388, 505, 118, 44, 16, 4, 1, 1]
(2, (0, 1, 0), (1, 0)): [1]
(2, (0, 1, 0), (2, 0)): [1]
(2, (0, 1, 1), (0, 0)): [543, 61, 114, 28, 6, 2, 1, 1]
(2, (1, 0, 0), (0, 0)): [5374, 402, 221, 70, 18, 5, 1]
(2, (1, 0, 0), (0, 1)): [2, 1]
(2, (1, 0, 0), (1, 0)): [2]
(2, (1, 0, 0), (1, 1)): [2, 1]
(2, (1, 0, 0), (2, 0)): [1]
(2, (1, 0, 0), (2, 1)): [2, 1]
(2, (1, 0, 0), (3, 1)): [1]
(2, (1, 0, 1), (0, 0)): [786, 208, 74, 29, 7, 5, 1]
(2, (1, 0, 1), (0, 1)): [1, 1]
(2, (1, 0, 1), (0, 2)): [1]
(2, (1, 0, 1), (1, 0)): [1, 1]
(2, (1, 0, 1), (2, 0)): [1]
(2, (1, 0, 1), (3, 0)): [1]
(2, (1, 1, 0), (0, 0)): [2395, 387, 175, 98, 30, 8, 1]
(2, (1, 1, 0), (0, 1)): [0, 0, 1]
(2, (1, 1, 0), (1, 0)): [2, 0, 0, 1]
(2, (1, 1, 0), (1, 1)): [1, 0, 1]
(2, (1, 1, 0), (1, 2)): [1]
(2, (1, 1, 1), (0, 0)): [736, 113, 97, 56, 31, 9, 1]
(2, (1, 1, 1), (0, 1)): [0, 0, 0, 0, 1]
(2, (1, 1, 1), (0, 2)): [0, 0, 0, 0, 1]
(2, (1, 1, 1), (1, 0)): [0, 0, 0, 0, 0, 1]
(2, (1, 1, 1), (1, 2)): [0, 0, 0, 0, 1]
