(0, (0, 0, 0)): [12818, 2527, 1147, 513, 220, 103, 42, 15, 7, 3, 1, 0, 0, 0, 1]
(0, (0, 0, 1)): [88, 207, 65, 31, 15, 4, 4, 1, 1]
(0, (0, 1, 0)): [381, 420, 139, 66, 42, 12, 3, 3, 1]
(0, (0, 1, 1)): [25, 60, 85, 29, 17, 6, 4, 1, 1, 0, 0, 0, 0, 0, 1]
(0, (1, 0, 0)): [2827, 967, 611, 283, 130, 61, 29, 11, 4, 2, 1, 0, 0, 0, 1]
(0, (1, 0, 1)): [62, 179, 74, 60, 30, 16, 7, 2, 1]
(0, (1, 1, 0)): [334, 239, 218, 120, 80, 31, 12, 5, 1, 0, 1]
(0, (1, 1, 1)): [37, 50, 51, 47, 48, 16, 5, 4, 1, 1, 1, 0, 0, 0, 1]
(1, (0, 0, 0)): [10092, 1064, 407, 169, 56, 34, 10, 1, 2, 1]
(1, (0, 0, 1)): [369, 568, 109, 55, 19, 8, 1, 1, 1, 0, 0, 1]
(1, (0, 1, 0)): [1616, 766, 263, 81, 39, 21, 8, 4, 2]
(1, (0, 1, 1)): [232, 253, 268, 85, 43, 14, 7, 3, 2, 0, 1]
(1, (1, 0, 0)): [4090, 764, 417, 198, 67, 37, 13, 5, 2, 2, 1]
(1, (1, 0, 1)): [309, 366, 142, 100, 39, 20, 10, 4, 0, 1]
(1, (1, 1, 0)): [927, 349, 235, 146, 55, 37, 8, 3, 3, 1, 0, 0, 0, 1]
(1, (1, 1, 1)): [164, 168, 106, 71, 57, 31, 4, 2, 1, 1]
(2, (0, 0, 0)): [8565, 319, 127, 37, 9, 5, 1]
(2, (0, 0, 1)): [1199, 389, 74, 15, 5, 1]
(2, (0, 1, 0)): [2584, 541, 135, 45, 14, 2]
(2, (0, 1, 1)): [666, 69, 183, 42, 13, 2, 1, 0, 1]
(2, (1, 0, 0)): [4943, 376, 205, 54, 20, 6, 2, 1, 1]
(2, (1, 0, 1)): [865, 224, 134, 43, 10, 4, 2, 0, 1]
(2, (1, 1, 0)): [1545, 236, 121, 70, 20, 9, 1, 1]
(2, (1, 1, 1)): [468, 78, 101, 50, 26, 4, 1, 1, 1]
