(0, (0, 0, 0)): [30482, 5946, 2646, 1171, 492, 226, 81, 28, 12, 6, 3, 1]
(0, (0, 0, 1)): [103, 358, 101, 46, 14, 9, 4]
(0, (0, 1, 0)): [1173, 1117, 410, 207, 102, 41, 13, 2, 2, 3, 1]
(0, (0, 1, 1)): [68, 156, 159, 82, 40, 16, 6, 2, 0, 2]
(0, (1, 0, 0)): [5756, 2044, 1261, 622, 303, 125, 46, 21, 8, 4, 3, 1]
(0, (1, 0, 1)): [128, 448, 176, 133, 63, 25, 15, 1, 2, 3]
(0, (1, 1, 0)): [833, 518, 329, 254, 142, 67, 18, 13, 8, 2, 2]
(0, (1, 1, 1)): [82, 142, 108, 78, 62, 31, 10, 7, 3]
(1, (0, 0, 0)): [23858, 2690, 1076, 402, 131, 62, 19, 4, 2, 1]
(1, (0, 0, 1)): [652, 957, 191, 72, 32, 13, 6, 2, 1]
(1, (0, 1, 0)): [3404, 1433, 532, 219, 85, 29, 7, 3, 3, 1]
(1, (0, 1, 1)): [431, 420, 325, 130, 67, 34, 4, 5, 1]
(1, (1, 0, 0)): [8397, 1549, 1037, 379, 145, 61, 26, 9, 1, 1]
(1, (1, 0, 1)): [654, 822, 206, 196, 76, 27, 18, 4]
(1, (1, 1, 0)): [2366, 706, 472, 327, 133, 52, 17, 7, 6, 2]
(1, (1, 1, 1)): [497, 380, 222, 134, 104, 52, 21, 9, 1]
(2, (0, 0, 0)): [20912, 958, 310, 102, 29, 16, 2, 1]
(2, (0, 0, 1)): [1932, 589, 141, 37, 8, 2, 3]
(2, (0, 1, 0)): [5186, 993, 304, 96, 30, 11, 2, 1]
(2, (0, 1, 1)): [1023, 84, 235, 50, 22, 6, 1, 1]
(2, (1, 0, 0)): [10147, 758, 508, 147, 37, 22, 3, 2]
(2, (1, 0, 1)): [1837, 454, 169, 102, 28, 14, 2]
(2, (1, 1, 0)): [4063, 567, 253, 211, 58, 35, 4, 4, 2]
(2, (1, 1, 1)): [1127, 127, 207, 84, 60, 27, 6, 3, 1]
