(0, (0, 0, 0)): [19877, 3645, 1629, 722, 302, 114, 52, 23, 5, 1, 1, 1]
(0, (0, 0, 1)): [74, 221, 59, 31, 15, 3, 5, 1]
(0, (0, 1, 0)): [862, 684, 259, 121, 56, 22, 10, 6, 1, 1, 1, 1]
(0, (0, 1, 1)): [55, 103, 101, 47, 22, 12, 6, 2, 1, 1]
(0, (1, 0, 0)): [4171, 1333, 794, 404, 174, 67, 24, 13, 4, 1]
(0, (1, 0, 1)): [109, 309, 118, 80, 38, 18, 7, 4, 2, 0, 0, 1]
(0, (1, 1, 0)): [569, 350, 257, 164, 83, 33, 12, 9, 1, 0, 1]
(0, (1, 1, 1)): [59, 84, 67, 56, 41, 22, 8, 4, 1, 0, 1]
(1, (0, 0, 0)): [16216, 1590, 643, 239, 91, 33, 19, 3, 1]
(1, (0, 0, 1)): [455, 606, 113, 43, 20, 6, 2]
(1, (0, 1, 0)): [2331, 908, 320, 149, 56, 13, 7, 2, 1]
(1, (0, 1, 1)): [314, 254, 205, 86, 31, 18, 6, 1, 1, 1]
(1, (1, 0, 0)): [5775, 963, 570, 267, 99, 35, 22, 5, 2]
(1, (1, 0, 1)): [494, 495, 155, 110, 42, 12, 10, 3]
(1, (1, 1, 0)): [1662, 471, 305, 217, 91, 29, 15, 3, 3]
(1, (1, 1, 1)): [299, 223, 158, 92, 64, 26, 8, 2, 2, 1]
(2, (0, 0, 0)): [14149, 561, 195, 56, 22, 5, 3, 1]
(2, (0, 0, 1)): [1306, 376, 62, 25, 7, 0, 2]
(2, (0, 1, 0)): [3455, 685, 169, 65, 30, 9, 2]
(2, (0, 1, 1)): [747, 64, 131, 45, 15, 5, 1]
(2, (1, 0, 0)): [6911, 492, 321, 92, 27, 9, 5, 1]
(2, (1, 0, 1)): [1257, 262, 97, 50, 21, 4, 5]
(2, (1, 1, 0)): [2731, 395, 193, 141, 46, 13, 6, 1]
(2, (1, 1, 1)): [773, 112, 121, 68, 35, 9, 3, 2, 1, 1]
