(0, (0, 0, 0)): [845, 136, 55, 28, 9, 7, 4, 1]
(0, (0, 0, 1)): [2, 12, 6, 1]
(0, (0, 1, 0)): [37, 23, 7, 4, 3]
(0, (0, 1, 1)): [3, 2, 2, 1, 0, 1, 1]
(0, (1, 0, 0)): [161, 54, 22, 15, 3, 3, 3]
(0, (1, 0, 1)): [4, 7, 7, 4, 3, 1, 1]
(0, (1, 1, 0)): [26, 12, 5, 10, 1, 1, 2]
(1, (0, 0, 0)): [680, 58, 24, 10, 5, 4, 1, 1]
(1, (0, 0, 1)): [31, 34, 5, 3, 2]
(1, (0, 1, 0)): [102, 53, 9, 7, 2, 2]
(1, (0, 1, 1)): [18, 13, 20, 9, 0, 2, 0, 1]
(1, (1, 0, 0)): [237, 40, 19, 11, 2, 5, 1, 1]
(1, (1, 0, 1)): [12, 14, 4, 5, 4, 1, 1]
(1, (1, 1, 0)): [52, 18, 9, 11, 1, 1]
(1, (1, 1, 1)): [8, 7, 6, 6, 1, 2]
(2, (0, 0, 0)): [584, 13, 9, 2, 3]
(2, (0, 0, 1)): [85, 31, 3, 0, 2]
(2, (0, 1, 0)): [170, 33, 11, 5, 1, 1]
(2, (0, 1, 1)): [49, 5, 18, 1]
(2, (1, 0, 0)): [308, 14, 14, 5, 2]
(2, (1, 0, 1)): [45, 10, 9, 2, 0, 1]
(2, (1, 1, 0)): [77, 15, 8, 5, 2]
