(0, (0, 0, 0)): [1006664, 199897, 92861, 42344, 18962, 8177, 3380, 1417, 571, 263, 111, 54, 25, 8, 3, 1, 0, 1]
(0, (0, 0, 1)): [4289, 12751, 3445, 1663, 813, 349, 148, 75, 31, 18, 4, 1, 3, 1]
(0, (0, 1, 0)): [33535, 31314, 12196, 5770, 2836, 1242, 513, 218, 93, 55, 18, 5, 3, 2, 1]
(0, (0, 1, 1)): [3004, 4961, 6075, 2829, 1526, 696, 301, 145, 69, 28, 9, 6, 1, 2, 1, 0, 0, 1]
(0, (1, 0, 0)): [218005, 72055, 45951, 22698, 10868, 4899, 2065, 900, 373, 166, 76, 35, 15, 4, 2, 1, 0, 1]
(0, (1, 0, 1)): [5123, 15625, 6351, 4359, 2356, 1071, 525, 213, 99, 46, 20, 12, 5, 1, 1, 0, 0, 1]
(0, (1, 1, 0)): [29710, 18941, 14567, 10314, 5491, 2608, 1127, 555, 217, 93, 46, 21, 6, 1]
(0, (1, 1, 1)): [2977, 5516, 4578, 3487, 2754, 1377, 656, 334, 138, 60, 33, 13, 2, 1, 1]
(1, (0, 0, 0)): [810478, 87613, 36105, 14339, 5637, 2145, 839, 318, 122, 49, 22, 13, 6, 2, 0, 1]
(1, (0, 0, 1)): [22278, 32037, 6294, 2665, 1126, 474, 175, 73, 33, 12, 6, 4, 4, 1]
(1, (0, 1, 0)): [107727, 48986, 17512, 7391, 3007, 1178, 402, 196, 51, 30, 18, 7, 7, 2, 1]
(1, (0, 1, 1)): [18123, 14551, 13572, 5397, 2745, 1093, 433, 179, 81, 21, 8, 6, 1, 2, 0, 1]
(1, (1, 0, 0)): [315851, 55904, 35649, 15312, 6207, 2466, 979, 353, 158, 66, 24, 19, 4, 2, 0, 2]
(1, (1, 0, 1)): [24948, 29772, 9646, 6297, 2722, 1121, 435, 172, 58, 43, 12, 4, 0, 1]
(1, (1, 1, 0)): [85754, 26638, 18124, 12728, 5407, 2278, 882, 364, 147, 59, 22, 12, 6, 4, 1]
(1, (1, 1, 1)): [17810, 13991, 9027, 5989, 4325, 1857, 751, 293, 116, 42, 17, 14, 6, 2, 1, 1]
(2, (0, 0, 0)): [700173, 31325, 10627, 3384, 1153, 373, 136, 41, 9, 3, 5, 0, 1]
(2, (0, 0, 1)): [64691, 20368, 3930, 1347, 486, 168, 48, 13, 3, 2, 0, 1]
(2, (0, 1, 0)): [172122, 37629, 9871, 3468, 1133, 382, 116, 30, 8, 4, 4, 0, 1]
(2, (0, 1, 1)): [40336, 3531, 9041, 2442, 954, 311, 111, 39, 15, 4, 3, 1, 0, 1]
(2, (1, 0, 0)): [384579, 27808, 17770, 5664, 1838, 576, 240, 65, 17, 8, 6, 0, 1]
(2, (1, 0, 1)): [63725, 15809, 6315, 3705, 1191, 405, 149, 45, 19, 6, 0, 2, 1]
(2, (1, 1, 0)): [148326, 23044, 11695, 7725, 2460, 819, 264, 89, 35, 14, 7, 1, 2, 1]
(2, (1, 1, 1)): [43290, 6374, 7203, 3636, 2565, 844, 280, 101, 38, 6, 6, 0, 1, 1]
