(0, (0, 0, 0)): [1367093, 274137, 126044, 57111, 25407, 10830, 4447, 1854, 732, 343, 132, 66, 30, 10, 3, 1, 0, 1]
(0, (0, 0, 1)): [5570, 16713, 4530, 2166, 1042, 442, 195, 88, 35, 20, 7, 3, 2, 2]
(0, (0, 1, 0)): [48644, 44952, 17632, 8497, 4068, 1756, 750, 325, 131, 73, 23, 6, 3, 2, 1]
(0, (0, 1, 1)): [4027, 6892, 8168, 3804, 2033, 942, 405, 187, 91, 39, 9, 6, 2, 2, 1, 0, 0, 1]
(0, (1, 0, 0)): [291072, 97161, 61586, 30331, 14439, 6455, 2680, 1154, 479, 225, 91, 41, 21, 4, 2, 1, 0, 1]
(0, (1, 0, 1)): [7001, 21278, 8575, 5971, 3101, 1418, 687, 282, 134, 56, 27, 14, 5, 1, 1, 0, 0, 1]
(0, (1, 1, 0)): [40002, 25548, 19073, 13605, 7251, 3420, 1447, 685, 280, 134, 58, 24, 9, 1]
(0, (1, 1, 1)): [3845, 7330, 5998, 4479, 3556, 1787, 825, 405, 177, 77, 38, 14, 3, 1, 1]
(1, (0, 0, 0)): [1110316, 121305, 49672, 19589, 7570, 2856, 1112, 403, 151, 63, 24, 15, 7, 3, 0, 1]
(1, (0, 0, 1)): [30061, 42931, 8514, 3604, 1493, 607, 228, 92, 42, 14, 9, 5, 3, 1]
(1, (0, 1, 0)): [149292, 66085, 23872, 10231, 4118, 1611, 552, 258, 72, 38, 19, 9, 9, 2, 1]
(1, (0, 1, 1)): [23827, 19434, 17309, 6940, 3615, 1419, 557, 223, 108, 34, 10, 6, 2, 2, 0, 1]
(1, (1, 0, 0)): [421375, 74727, 47963, 20287, 8214, 3235, 1290, 452, 197, 84, 29, 21, 5, 3, 0, 2]
(1, (1, 0, 1)): [33953, 39626, 12625, 8469, 3603, 1490, 598, 227, 75, 50, 13, 6, 0, 1]
(1, (1, 1, 0)): [116060, 35869, 23844, 16955, 7098, 2931, 1144, 461, 190, 75, 24, 15, 9, 5, 1]
(1, (1, 1, 1)): [23737, 18811, 12032, 7819, 5703, 2418, 973, 360, 158, 59, 19, 15, 8, 3, 1, 1]
(2, (0, 0, 0)): [964010, 43814, 14784, 4712, 1553, 507, 170, 53, 10, 6, 4, 0, 1]
(2, (0, 0, 1)): [88176, 26797, 5415, 1820, 658, 225, 59, 19, 4, 2, 0, 1]
(2, (0, 1, 0)): [235699, 50066, 13505, 4744, 1570, 538, 151, 43, 12, 8, 5, 0, 1]
(2, (0, 1, 1)): [53390, 4573, 11723, 3176, 1254, 395, 142, 45, 18, 4, 3, 1, 0, 1]
(2, (1, 0, 0)): [511092, 36988, 24221, 7657, 2476, 781, 303, 82, 18, 11, 5, 0, 1]
(2, (1, 0, 1)): [87321, 21033, 8220, 5011, 1619, 542, 184, 61, 22, 7, 0, 3, 1]
(2, (1, 1, 0)): [200630, 30839, 15358, 10450, 3397, 1090, 358, 116, 42, 19, 6, 1, 2, 1]
(2, (1, 1, 1)): [57613, 8354, 9753, 4767, 3482, 1107, 367, 126, 44, 8, 6, 1, 1, 1]
