(0, (0, 0, 0), (0, 0)): [2412608, 494810, 227884, 104528, 46936, 20103, 8382, 3389, 1379, 601, 265, 126, 43, 23, 6, 1, 1, 1]
(0, (0, 0, 0), (0, 1)): [532984, 102922, 46997, 21790, 9634, 4130, 1687, 620, 278, 116, 57, 25, 7, 5, 1, 1]
(0, (0, 0, 0), (0, 2)): [210000, 35857, 16065, 7264, 3168, 1324, 548, 190, 88, 37, 11, 4, 4, 1, 1]
(0, (0, 0, 0), (1, 0)): [424000, 95346, 45243, 21168, 9891, 4210, 1836, 762, 286, 118, 60, 23, 6, 6, 2, 0, 1]
(0, (0, 0, 0), (1, 1)): [435249, 88371, 41222, 19222, 8629, 3706, 1527, 604, 256, 96, 56, 22, 4, 6, 0, 1, 1]
(0, (0, 0, 0), (1, 2)): [310389, 54993, 25198, 11318, 5024, 2096, 899, 343, 153, 54, 20, 8, 5, 2, 1]
(0, (0, 0, 0), (2, 0)): [134692, 33454, 17053, 8066, 3949, 1622, 732, 317, 110, 54, 26, 10, 2, 3, 1]
(0, (0, 0, 0), (2, 1)): [218934, 48922, 24013, 11225, 5248, 2248, 895, 400, 150, 64, 35, 15, 3, 4, 0, 0, 1]
(0, (0, 0, 0), (2, 2)): [244395, 47289, 22438, 10365, 4623, 1926, 808, 312, 151, 52, 24, 6, 5, 2, 1, 0, 1]
(0, (0, 0, 0), (3, 0)): [38465, 10708, 6387, 3213, 1598, 649, 294, 130, 48, 27, 12, 4, 0, 2, 1]
(0, (0, 0, 0), (3, 1)): [82621, 21422, 11652, 5708, 2771, 1213, 470, 233, 91, 39, 14, 12, 2, 4, 1]
(0, (0, 0, 0), (3, 2)): [128111, 28815, 15248, 7161, 3371, 1429, 580, 255, 113, 47, 17, 12, 4, 2, 1, 0, 1]
(0, (0, 0, 1), (0, 0)): [8317, 26129, 7179, 3515, 1707, 731, 324, 129, 55, 33, 18, 4, 4, 3]
(0, (0, 0, 1), (0, 1)): [1336, 4110, 1133, 532, 249, 113, 43, 19, 10, 6, 4, 1, 0, 1]
(0, (0, 0, 1), (0, 2)): [614, 1545, 400, 190, 82, 44, 17, 7, 7, 0, 1]
(0, (0, 0, 1), (1, 0)): [1238, 4348, 1239, 687, 350, 149, 68, 25, 10, 6, 7]
(0, (0, 0, 1), (1, 1)): [1175, 3733, 1016, 516, 271, 119, 43, 18, 6, 10, 3, 1, 0, 1]
(0, (0, 0, 1), (1, 2)): [968, 2433, 638, 318, 141, 69, 24, 12, 5, 4, 2]
(0, (0, 0, 1), (2, 0)): [462, 1608, 493, 302, 140, 61, 29, 13, 5, 2, 5]
(0, (0, 0, 1), (2, 1)): [624, 2142, 616, 354, 178, 77, 35, 12, 6, 7, 2, 1]
(0, (0, 0, 1), (2, 2)): [862, 2241, 607, 304, 157, 69, 23, 9, 4, 4, 2]
(0, (0, 0, 1), (3, 0)): [153, 537, 157, 125, 53, 25, 12, 3, 1, 0, 3]
(0, (0, 0, 1), (3, 1)): [257, 920, 268, 215, 95, 40, 23, 4, 3, 5, 0, 1]
(0, (0, 0, 1), (3, 2)): [474, 1366, 368, 260, 134, 53, 20, 4, 3, 3, 1]
(0, (0, 1, 0), (0, 0)): [90031, 83715, 33359, 16612, 7861, 3435, 1483, 612, 257, 135, 46, 20, 9, 6, 3, 0, 1]
(0, (0, 1, 0), (0, 1)): [19289, 16659, 6705, 3261, 1512, 646, 297, 121, 45, 26, 9, 4, 3, 1, 1]
(0, (0, 1, 0), (0, 2)): [8060, 5906, 2383, 1114, 517, 232, 108, 41, 17, 6, 0, 1, 2]
(0, (0, 1, 0), (1, 0)): [17798, 16662, 7128, 3832, 1794, 842, 340, 142, 63, 25, 11, 6, 2, 2, 1, 0, 1]
(0, (0, 1, 0), (1, 1)): [16369, 14145, 5896, 3021, 1412, 606, 265, 111, 37, 28, 11, 4, 1, 2, 1]
(0, (0, 1, 0), (1, 2)): [11799, 8911, 3696, 1845, 807, 359, 145, 73, 22, 10, 3, 3, 2, 0, 1]
(0, (0, 1, 0), (2, 0)): [6458, 5933, 2730, 1548, 731, 380, 140, 66, 27, 7, 3, 5, 2, 1, 0, 0, 1]
(0, (0, 1, 0), (2, 1)): [8835, 7845, 3429, 1777, 900, 414, 183, 63, 27, 20, 6, 4, 1, 1, 0, 0, 1]
(0, (0, 1, 0), (2, 2)): [9871, 7635, 3291, 1619, 768, 340, 150, 58, 23, 11, 5, 3, 1, 0, 1, 0, 1]
(0, (0, 1, 0), (3, 0)): [2205, 1771, 938, 642, 289, 166, 64, 35, 12, 2, 0, 1, 1]
(0, (0, 1, 0), (3, 1)): [3900, 3213, 1577, 1026, 488, 244, 88, 44, 10, 7, 2, 3, 0, 1]
(0, (0, 1, 0), (3, 2)): [5845, 4406, 2076, 1174, 581, 277, 129, 46, 11, 11, 3, 1, 0, 0, 1, 0, 1]
(0, (0, 1, 1), (0, 0)): [7086, 12486, 14725, 6908, 3644, 1758, 757, 333, 168, 69, 25, 16, 4, 4, 2, 0, 1, 1]
(0, (0, 1, 1), (0, 1)): [1506, 2491, 2770, 1260, 675, 315, 141, 59, 28, 13, 4, 4, 1, 0, 0, 0, 1]
(0, (0, 1, 1), (0, 2)): [722, 967, 1025, 466, 254, 118, 54, 26, 9, 4, 1, 2]
(0, (0, 1, 1), (1, 0)): [1367, 2564, 3041, 1525, 807, 420, 175, 75, 42, 13, 8, 6, 1, 1, 1]
(0, (0, 1, 1), (1, 1)): [1212, 2161, 2468, 1128, 606, 274, 123, 42, 21, 9, 6, 3, 2, 0, 0, 0, 1]
(0, (0, 1, 1), (1, 2)): [1016, 1418, 1544, 679, 404, 175, 77, 31, 18, 3, 2, 3, 1, 0, 0, 0, 1]
(0, (0, 1, 1), (2, 0)): [548, 1088, 1137, 637, 376, 218, 79, 38, 27, 8, 4, 2, 0, 1, 1]
(0, (0, 1, 1), (2, 1)): [613, 1182, 1353, 669, 319, 172, 69, 35, 14, 9, 6, 1, 1, 0, 1]
(0, (0, 1, 1), (2, 2)): [798, 1240, 1331, 619, 332, 153, 59, 29, 15, 8, 2, 3, 1, 0, 0, 0, 1]
(0, (0, 1, 1), (3, 0)): [286, 503, 474, 309, 212, 109, 41, 13, 17, 2, 1, 2, 0, 1]
(0, (0, 1, 1), (3, 1)): [248, 479, 543, 298, 181, 101, 40, 17, 14, 4, 2, 1, 0, 0, 1]
(0, (0, 1, 1), (3, 2)): [450, 697, 747, 414, 207, 113, 49, 24, 14, 5, 3, 0, 1, 0, 0, 0, 1]
(0, (1, 0, 0), (0, 0)): [499613, 163209, 108109, 54017, 25931, 11584, 4861, 2077, 872, 383, 183, 75, 26, 17, 4, 1, 1, 1]
(0, (1, 0, 0), (0, 1)): [99031, 28577, 20036, 9905, 4712, 2061, 872, 342, 165, 65, 31, 13, 1, 3]
(0, (1, 0, 0), (0, 2)): [39089, 9778, 6953, 3270, 1504, 664, 295, 116, 51, 25, 12, 4]
(0, (1, 0, 0), (1, 0)): [82112, 28299, 20267, 10685, 5274, 2347, 983, 431, 170, 83, 47, 14, 3, 6, 2, 0, 1]
(0, (1, 0, 0), (1, 1)): [74498, 22851, 16211, 8345, 3944, 1790, 747, 313, 133, 55, 29, 11, 1, 4, 1]
(0, (1, 0, 0), (1, 2)): [50927, 13494, 9600, 4799, 2183, 969, 421, 171, 79, 29, 10, 7, 0, 0, 1]
(0, (1, 0, 0), (2, 0)): [25401, 9648, 7234, 4022, 2060, 928, 373, 161, 59, 44, 22, 5, 3, 3, 0, 0, 1]
(0, (1, 0, 0), (2, 1)): [35668, 11943, 8651, 4604, 2301, 1043, 425, 192, 80, 46, 23, 6, 0, 6, 0, 0, 1]
(0, (1, 0, 0), (2, 2)): [36965, 10692, 7636, 3848, 1841, 788, 384, 151, 72, 31, 14, 5, 0, 3]
(0, (1, 0, 0), (3, 0)): [6536, 3050, 2354, 1584, 798, 362, 152, 55, 27, 18, 8, 2, 2]
(0, (1, 0, 0), (3, 1)): [12734, 5135, 3822, 2356, 1182, 575, 227, 105, 42, 22, 13, 3, 2, 2]
(0, (1, 0, 0), (3, 2)): [17482, 6340, 4455, 2566, 1264, 538, 268, 116, 54, 20, 11, 6, 0, 1]
(0, (1, 0, 1), (0, 0)): [11628, 35511, 14307, 10420, 5426, 2529, 1202, 490, 237, 102, 52, 19, 11, 3, 2, 0, 0, 1]
(0, (1, 0, 1), (0, 1)): [2320, 6036, 2472, 1866, 919, 435, 198, 77, 41, 15, 9, 1, 4, 1]
(0, (1, 0, 1), (0, 2)): [1113, 2215, 901, 664, 306, 148, 64, 26, 13, 1, 3, 1, 2, 1]
(0, (1, 0, 1), (1, 0)): [1883, 6149, 2478, 1913, 1019, 505, 226, 94, 50, 26, 15, 2, 1, 1, 1]
(0, (1, 0, 1), (1, 1)): [1780, 4794, 2008, 1463, 750, 344, 162, 69, 43, 18, 8, 1, 1]
(0, (1, 0, 1), (1, 2)): [1466, 2946, 1244, 861, 438, 201, 88, 39, 25, 5, 2, 1, 2]
(0, (1, 0, 1), (2, 0)): [608, 2074, 834, 693, 380, 208, 85, 37, 18, 13, 5, 1]
(0, (1, 0, 1), (2, 1)): [823, 2431, 1033, 775, 407, 217, 96, 36, 22, 16, 6]
(0, (1, 0, 1), (2, 2)): [1073, 2263, 982, 710, 355, 177, 86, 39, 14, 10, 3]
(0, (1, 0, 1), (3, 0)): [199, 618, 285, 202, 145, 85, 30, 14, 8, 3, 1, 1]
(0, (1, 0, 1), (3, 1)): [320, 843, 437, 332, 210, 106, 44, 21, 15, 9, 3]
(0, (1, 0, 1), (3, 2)): [526, 1139, 591, 399, 258, 125, 61, 26, 16, 11, 5]
(0, (1, 1, 0), (0, 0)): [72336, 45181, 33041, 24526, 13062, 6117, 2629, 1207, 506, 229, 104, 47, 13, 6, 1, 0, 1]
(0, (1, 1, 0), (0, 1)): [15823, 8560, 5839, 4558, 2481, 1078, 513, 212, 87, 31, 18, 11, 1, 1, 1, 0, 1]
(0, (1, 1, 0), (0, 2)): [6692, 3120, 2050, 1626, 864, 370, 162, 84, 34, 13, 6, 2]
(0, (1, 1, 0), (1, 0)): [12216, 7852, 5791, 4671, 2462, 1203, 509, 234, 95, 43, 22, 9, 3, 3]
(0, (1, 1, 0), (1, 1)): [11648, 6604, 4717, 3756, 1944, 895, 409, 170, 52, 25, 20, 6, 2, 2, 1, 0, 1]
(0, (1, 1, 0), (1, 2)): [8685, 4124, 2859, 2335, 1188, 508, 230, 99, 37, 21, 6, 3, 0, 1, 0, 0, 1]
(0, (1, 1, 0), (2, 0)): [3574, 2631, 1969, 1614, 950, 486, 205, 99, 43, 16, 7, 6, 0, 1]
(0, (1, 1, 0), (2, 1)): [5394, 3357, 2477, 1990, 1109, 503, 235, 99, 43, 14, 13, 7, 2, 0, 1]
(0, (1, 1, 0), (2, 2)): [6191, 3253, 2287, 1846, 994, 432, 205, 97, 32, 18, 7, 3, 0, 0, 0, 0, 1]
(0, (1, 1, 0), (3, 0)): [807, 841, 681, 538, 369, 194, 83, 39, 15, 7, 3, 2, 0, 1]
(0, (1, 1, 0), (3, 1)): [1848, 1407, 1099, 910, 605, 311, 135, 58, 23, 9, 7, 3, 2, 0, 1]
(0, (1, 1, 0), (3, 2)): [2883, 1835, 1409, 1147, 694, 329, 150, 78, 22, 11, 7, 1, 0, 0, 0, 0, 1]
(0, (1, 1, 1), (0, 0)): [6907, 13585, 10836, 7793, 6485, 3226, 1504, 708, 337, 137, 68, 27, 7, 4, 1, 0, 1]
(0, (1, 1, 1), (0, 1)): [1692, 2837, 2183, 1478, 1297, 636, 278, 138, 73, 24, 11, 5, 3, 1]
(0, (1, 1, 1), (0, 2)): [894, 1131, 802, 556, 475, 225, 95, 50, 25, 8, 8, 2, 1]
(0, (1, 1, 1), (1, 0)): [1093, 2493, 2018, 1429, 1206, 655, 298, 119, 62, 32, 13, 6, 0, 1, 0, 0, 1]
(0, (1, 1, 1), (1, 1)): [1144, 2212, 1724, 1155, 1015, 553, 245, 120, 59, 22, 7, 4, 1, 1, 0, 0, 1]
(0, (1, 1, 1), (1, 2)): [1059, 1519, 1134, 754, 659, 310, 135, 70, 32, 13, 6, 4, 0, 1, 0, 0, 1]
(0, (1, 1, 1), (2, 0)): [309, 730, 679, 516, 443, 241, 98, 45, 18, 14, 5, 4, 0, 1]
(0, (1, 1, 1), (2, 1)): [511, 1019, 882, 610, 518, 308, 129, 64, 38, 13, 4, 1, 1]
(0, (1, 1, 1), (2, 2)): [689, 1129, 881, 597, 508, 268, 117, 64, 32, 14, 4, 2, 1]
(0, (1, 1, 1), (3, 0)): [58, 189, 182, 183, 132, 89, 44, 20, 5, 6, 3, 2, 0, 1]
(0, (1, 1, 1), (3, 1)): [142, 356, 353, 263, 227, 139, 69, 27, 12, 7, 2, 3, 0, 1]
(0, (1, 1, 1), (3, 2)): [259, 539, 486, 351, 320, 173, 99, 37, 21, 8, 3, 3, 1, 1]
(1, (0, 0, 0), (0, 0)): [1978936, 223055, 91038, 36238, 14178, 5405, 2103, 747, 270, 107, 40, 23, 8, 3, 0, 1]
(1, (0, 0, 0), (0, 1)): [439534, 46075, 18526, 7361, 2899, 1075, 411, 154, 47, 16, 7, 5, 1, 1]
(1, (0, 0, 0), (0, 2)): [175124, 15445, 6215, 2301, 929, 338, 116, 40, 7, 5, 1, 3]
(1, (0, 0, 0), (1, 0)): [363001, 46352, 19402, 7871, 3153, 1215, 463, 150, 61, 23, 6, 3, 0, 0, 0, 1]
(1, (0, 0, 0), (1, 1)): [366213, 41384, 16867, 6758, 2676, 966, 416, 146, 48, 14, 9, 2, 1, 1]
(1, (0, 0, 0), (1, 2)): [259518, 24552, 9874, 3801, 1540, 546, 214, 63, 22, 8, 3, 2, 1]
(1, (0, 0, 0), (2, 0)): [119868, 17197, 7730, 3286, 1310, 519, 193, 61, 29, 13, 2, 2, 0, 0, 0, 1]
(1, (0, 0, 0), (2, 1)): [189455, 23999, 10303, 4179, 1701, 649, 227, 92, 23, 16, 7, 2]
(1, (0, 0, 0), (2, 2)): [210064, 22108, 9314, 3744, 1459, 537, 196, 74, 26, 8, 4, 1]
(1, (0, 0, 0), (3, 0)): [35032, 5595, 3099, 1389, 531, 223, 98, 26, 19, 6, 1, 1, 0, 0, 0, 1]
(1, (0, 0, 0), (3, 1)): [74664, 11116, 5561, 2392, 989, 387, 130, 49, 17, 6, 3]
(1, (0, 0, 0), (3, 2)): [114061, 14299, 7017, 2840, 1180, 435, 154, 64, 19, 8, 5]
(1, (0, 0, 1), (0, 0)): [51742, 74003, 14921, 6572, 2677, 1099, 426, 155, 72, 24, 14, 9, 4, 2]
(1, (0, 0, 1), (0, 1)): [10035, 12233, 2516, 1060, 380, 163, 82, 23, 4, 1, 3, 1]
(1, (0, 0, 1), (0, 2)): [4506, 4116, 825, 324, 124, 51, 23, 3, 3, 0, 1, 1]
(1, (0, 0, 1), (1, 0)): [10135, 14907, 3175, 1587, 648, 279, 94, 38, 24, 6, 2, 1]
(1, (0, 0, 1), (1, 1)): [8993, 11428, 2383, 1081, 407, 160, 72, 25, 7, 4, 1, 1]
(1, (0, 0, 1), (1, 2)): [6940, 6553, 1381, 582, 222, 90, 45, 9, 5, 2, 1, 2]
(1, (0, 0, 1), (2, 0)): [4195, 6036, 1390, 805, 333, 151, 54, 23, 14, 3, 1]
(1, (0, 0, 1), (2, 1)): [5078, 6722, 1455, 751, 289, 119, 39, 23, 7, 2, 1]
(1, (0, 0, 1), (2, 2)): [6048, 6003, 1322, 619, 217, 84, 44, 13, 3, 2, 2, 2]
(1, (0, 0, 1), (3, 0)): [1961, 2422, 632, 443, 186, 90, 30, 11, 6, 1, 1]
(1, (0, 0, 1), (3, 1)): [2253, 2922, 742, 413, 177, 82, 25, 15, 4, 2]
(1, (0, 0, 1), (3, 2)): [3634, 3693, 913, 496, 188, 84, 41, 12, 3, 0, 1]
(1, (0, 1, 0), (0, 0)): [262697, 112447, 42293, 18427, 7477, 2987, 1075, 458, 134, 71, 36, 10, 10, 2, 1]
(1, (0, 1, 0), (0, 1)): [52295, 20057, 7723, 3169, 1302, 533, 192, 82, 18, 13, 7, 1, 1]
(1, (0, 1, 0), (0, 2)): [21091, 7129, 2639, 1004, 422, 174, 60, 25, 7, 4, 1, 1, 1]
(1, (0, 1, 0), (1, 0)): [53224, 22268, 9013, 4483, 1813, 739, 278, 109, 43, 19, 9, 0, 0, 1]
(1, (0, 1, 0), (1, 1)): [46359, 18025, 7123, 3206, 1276, 510, 200, 70, 21, 7, 6, 0, 0, 1]
(1, (0, 1, 0), (1, 2)): [32195, 11091, 4168, 1739, 678, 268, 101, 47, 13, 7, 1, 1]
(1, (0, 1, 0), (2, 0)): [21882, 8880, 3885, 2236, 955, 383, 135, 63, 23, 12, 6]
(1, (0, 1, 0), (2, 1)): [26470, 10401, 4432, 2167, 919, 356, 142, 49, 16, 7, 5, 0, 0, 1]
(1, (0, 1, 0), (2, 2)): [27757, 9652, 3897, 1743, 699, 283, 99, 38, 11, 6, 3]
(1, (0, 1, 0), (3, 0)): [9560, 3555, 1669, 1214, 530, 217, 74, 34, 11, 7, 2]
(1, (0, 1, 0), (3, 1)): [12214, 4521, 2182, 1343, 575, 213, 96, 43, 16, 6, 3, 0, 0, 1]
(1, (0, 1, 0), (3, 2)): [17008, 5909, 2690, 1433, 631, 218, 95, 36, 9, 7, 3, 0, 0, 1]
(1, (0, 1, 1), (0, 0)): [40687, 34474, 29327, 12052, 6267, 2499, 1014, 411, 169, 58, 23, 10, 3, 2, 0, 1]
(1, (0, 1, 1), (0, 1)): [7328, 5526, 4658, 1889, 867, 320, 152, 69, 18, 4, 5, 1]
(1, (0, 1, 1), (0, 2)): [3528, 1782, 1692, 675, 304, 104, 57, 27, 4, 0, 4]
(1, (0, 1, 1), (1, 0)): [8733, 7915, 5992, 2719, 1624, 678, 273, 104, 37, 17, 5, 2, 1]
(1, (0, 1, 1), (1, 1)): [6197, 4995, 4107, 1697, 846, 301, 124, 56, 18, 8, 0, 2]
(1, (0, 1, 1), (1, 2)): [5155, 2894, 2590, 1012, 508, 177, 78, 35, 7, 4, 3, 1]
(1, (0, 1, 1), (2, 0)): [4713, 4097, 2944, 1475, 1033, 462, 188, 68, 26, 10, 5, 1]
(1, (0, 1, 1), (2, 1)): [3331, 2808, 2320, 1035, 516, 210, 91, 27, 11, 3, 1]
(1, (0, 1, 1), (2, 2)): [4278, 2526, 2255, 934, 458, 164, 67, 22, 7, 1, 3, 1]
(1, (0, 1, 1), (3, 0)): [3310, 2656, 1740, 982, 832, 367, 143, 59, 22, 7, 4, 1]
(1, (0, 1, 1), (3, 1)): [1404, 1263, 993, 477, 291, 148, 55, 24, 9, 3]
(1, (0, 1, 1), (3, 2)): [2385, 1616, 1284, 628, 376, 136, 52, 22, 7, 2, 2, 1]
(1, (1, 0, 0), (0, 0)): [730271, 126874, 85664, 36605, 14907, 5934, 2349, 855, 337, 141, 54, 32, 7, 3, 0, 2]
(1, (1, 0, 0), (0, 1)): [145510, 22324, 15700, 6726, 2665, 1055, 416, 166, 49, 19, 10, 4, 1]
(1, (1, 0, 0), (0, 2)): [56981, 7523, 5129, 2151, 834, 371, 139, 49, 11, 6, 4]
(1, (1, 0, 0), (1, 0)): [129072, 23832, 17228, 7774, 3198, 1295, 532, 191, 63, 30, 13, 4, 2, 0, 0, 1]
(1, (1, 0, 0), (1, 1)): [115028, 18859, 13455, 5961, 2356, 909, 382, 141, 48, 20, 10, 6, 1, 0, 0, 1]
(1, (1, 0, 0), (1, 2)): [77755, 11001, 7672, 3287, 1264, 495, 202, 76, 23, 8, 8, 1]
(1, (1, 0, 0), (2, 0)): [41943, 8453, 6333, 3139, 1319, 536, 225, 77, 32, 10, 5, 0, 1]
(1, (1, 0, 0), (2, 1)): [57109, 10255, 7448, 3642, 1424, 577, 239, 81, 28, 10, 6, 4, 1, 0, 0, 1]
(1, (1, 0, 0), (2, 2)): [58465, 9044, 6286, 2910, 1150, 456, 183, 68, 19, 8, 4, 1, 1]
(1, (1, 0, 0), (3, 0)): [11747, 2777, 2017, 1216, 544, 217, 98, 29, 14, 5, 1, 0, 1]
(1, (1, 0, 0), (3, 1)): [21877, 4725, 3340, 1976, 786, 302, 148, 37, 20, 5, 4, 1, 0, 0, 0, 1]
(1, (1, 0, 0), (3, 2)): [29327, 5733, 3814, 2089, 802, 325, 144, 45, 22, 9, 5, 2, 1, 0, 0, 1]
(1, (1, 0, 1), (0, 0)): [59300, 66565, 21305, 14769, 6379, 2669, 1059, 413, 147, 81, 23, 10, 2, 1]
(1, (1, 0, 1), (0, 1)): [12292, 11080, 3527, 2528, 1063, 444, 168, 63, 29, 11, 4, 1, 2]
(1, (1, 0, 1), (0, 2)): [5529, 3720, 1225, 881, 371, 141, 71, 29, 9, 5, 3, 0, 1]
(1, (1, 0, 1), (1, 0)): [10452, 11556, 3888, 2867, 1335, 564, 214, 92, 32, 19, 1, 3]
(1, (1, 0, 1), (1, 1)): [9434, 8980, 2967, 2135, 887, 399, 138, 42, 20, 8, 1, 3, 1]
(1, (1, 0, 1), (1, 2)): [7087, 5140, 1766, 1257, 495, 210, 89, 38, 13, 5, 3]
(1, (1, 0, 1), (2, 0)): [3561, 3833, 1379, 1045, 539, 227, 88, 44, 12, 8, 0, 1]
(1, (1, 0, 1), (2, 1)): [4695, 4531, 1537, 1143, 565, 223, 82, 25, 14, 8, 0, 3]
(1, (1, 0, 1), (2, 2)): [5228, 3936, 1438, 1013, 466, 172, 78, 23, 13, 5, 1]
(1, (1, 0, 1), (3, 0)): [1179, 1234, 480, 362, 219, 109, 35, 13, 1, 4]
(1, (1, 0, 1), (3, 1)): [1740, 1756, 691, 523, 289, 130, 39, 18, 3, 5, 0, 2]
(1, (1, 0, 1), (3, 2)): [2588, 2222, 906, 617, 361, 129, 55, 17, 11, 4, 0, 2]
(1, (1, 1, 0), (0, 0)): [206306, 61619, 40863, 30446, 12807, 5336, 2087, 829, 325, 132, 51, 26, 10, 5, 1]
(1, (1, 1, 0), (0, 1)): [43973, 11367, 7247, 5714, 2371, 985, 359, 151, 64, 23, 12, 4, 1]
(1, (1, 1, 0), (0, 2)): [18235, 4156, 2484, 2001, 803, 311, 104, 47, 18, 4, 4]
(1, (1, 1, 0), (1, 0)): [36655, 11708, 7819, 6137, 2686, 1116, 490, 176, 50, 29, 13, 4, 2, 1]
(1, (1, 1, 0), (1, 1)): [34310, 9537, 6400, 4951, 2096, 871, 332, 143, 50, 25, 12, 4, 1]
(1, (1, 1, 0), (1, 2)): [24753, 5945, 3719, 2894, 1204, 448, 166, 81, 30, 7, 8, 2, 1]
(1, (1, 1, 0), (2, 0)): [11754, 4354, 2736, 2196, 1106, 482, 220, 73, 23, 14, 7, 2, 2, 1]
(1, (1, 1, 0), (2, 1)): [16912, 5284, 3574, 2780, 1288, 564, 230, 78, 32, 15, 8, 2, 1]
(1, (1, 1, 0), (2, 2)): [18731, 4925, 3162, 2430, 1122, 464, 169, 75, 30, 9, 4, 2, 1]
(1, (1, 1, 0), (3, 0)): [3025, 1569, 988, 679, 450, 193, 87, 35, 7, 6, 1, 2, 1]
(1, (1, 1, 0), (3, 1)): [6155, 2593, 1743, 1309, 707, 323, 127, 41, 17, 10, 4, 2, 1]
(1, (1, 1, 0), (3, 2)): [9310, 3129, 2114, 1573, 826, 338, 114, 51, 24, 10, 3, 1, 1]
(1, (1, 1, 1), (0, 0)): [42261, 33767, 20955, 13518, 10609, 4543, 1846, 688, 286, 105, 37, 22, 9, 4, 1, 1]
(1, (1, 1, 1), (0, 1)): [9751, 6522, 3930, 2494, 2044, 830, 342, 123, 58, 20, 7, 1, 0, 1]
(1, (1, 1, 1), (0, 2)): [4738, 2326, 1445, 925, 717, 274, 116, 31, 11, 10, 4, 0, 0, 1]
(1, (1, 1, 1), (1, 0)): [6914, 6294, 3814, 2457, 2153, 968, 426, 150, 57, 18, 9, 7, 2]
(1, (1, 1, 1), (1, 1)): [7002, 5269, 3228, 2055, 1691, 716, 324, 117, 51, 13, 4, 3]
(1, (1, 1, 1), (1, 2)): [5822, 3173, 2047, 1281, 1010, 436, 183, 61, 25, 10, 4, 3, 0, 1]
(1, (1, 1, 1), (2, 0)): [1818, 2127, 1344, 832, 789, 395, 173, 64, 22, 9, 3, 3, 1]
(1, (1, 1, 1), (2, 1)): [3016, 2824, 1698, 1074, 919, 422, 185, 65, 32, 10, 3, 2]
(1, (1, 1, 1), (2, 2)): [3926, 2585, 1670, 1026, 858, 378, 170, 56, 27, 12, 3, 3, 0, 1]
(1, (1, 1, 1), (3, 0)): [305, 666, 477, 283, 237, 145, 68, 26, 6, 3, 0, 1, 1]
(1, (1, 1, 1), (3, 1)): [787, 1209, 791, 484, 419, 221, 86, 35, 18, 4, 2, 1, 1]
(1, (1, 1, 1), (3, 2)): [1519, 1533, 1027, 620, 517, 271, 113, 39, 19, 6, 4, 1, 0, 1]
(2, (0, 0, 0), (0, 0)): [1731057, 83232, 27516, 8823, 2949, 912, 312, 105, 20, 9, 5, 0, 1]
(2, (0, 0, 0), (0, 1)): [380771, 15925, 5288, 1702, 606, 169, 58, 18, 4, 1]
(2, (0, 0, 0), (0, 2)): [150228, 4409, 1521, 482, 181, 44, 5, 8, 1]
(2, (0, 0, 0), (1, 0)): [329436, 19334, 6535, 2076, 716, 194, 77, 20, 7, 0, 0, 0, 1]
(2, (0, 0, 0), (1, 1)): [325675, 15558, 5298, 1658, 598, 180, 70, 14, 5]
(2, (0, 0, 0), (1, 2)): [225639, 7680, 2669, 888, 304, 89, 28, 8, 1]
(2, (0, 0, 0), (2, 0)): [114141, 7523, 3024, 930, 325, 83, 31, 7, 3, 0, 0, 0, 1]
(2, (0, 0, 0), (2, 1)): [175838, 9781, 3767, 1091, 390, 114, 47, 10, 5]
(2, (0, 0, 0), (2, 2)): [190177, 7784, 2955, 915, 308, 93, 32, 7, 1]
(2, (0, 0, 0), (3, 0)): [35281, 2522, 1356, 428, 150, 38, 12, 4, 0, 0, 0, 0, 1]
(2, (0, 0, 0), (3, 1)): [72972, 4879, 2357, 736, 231, 66, 22, 7, 3]
(2, (0, 0, 0), (3, 2)): [109785, 5773, 2731, 822, 273, 88, 29, 7, 2]
(2, (0, 0, 1), (0, 0)): [159854, 45635, 9938, 3427, 1201, 421, 123, 42, 9, 7, 1, 2]
(2, (0, 0, 1), (0, 1)): [32269, 7549, 1680, 555, 184, 76, 17, 6, 1, 3]
(2, (0, 0, 1), (0, 2)): [13274, 2325, 498, 170, 55, 22, 6, 0, 0, 1]
(2, (0, 0, 1), (1, 0)): [34848, 9388, 2403, 954, 344, 106, 41, 16, 3, 2, 1, 1]
(2, (0, 0, 1), (1, 1)): [29642, 7241, 1642, 627, 204, 75, 19, 8, 1, 3]
(2, (0, 0, 1), (1, 2)): [20894, 3883, 839, 298, 114, 37, 8, 4, 0, 3]
(2, (0, 0, 1), (2, 0)): [15074, 3900, 1169, 534, 204, 59, 22, 9, 2, 1, 1, 1]
(2, (0, 0, 1), (2, 1)): [17631, 4474, 1187, 486, 166, 47, 20, 8, 0, 2]
(2, (0, 0, 1), (2, 2)): [18937, 3811, 939, 349, 126, 41, 9, 4, 0, 1]
(2, (0, 0, 1), (3, 0)): [7122, 1569, 568, 340, 117, 39, 13, 2, 2, 0, 1, 1]
(2, (0, 0, 1), (3, 1)): [8270, 2078, 668, 357, 112, 32, 14, 4, 0, 1, 1]
(2, (0, 0, 1), (3, 2)): [11962, 2631, 760, 355, 125, 34, 13, 3, 0, 2]
(2, (0, 1, 0), (0, 0)): [422913, 85989, 24696, 8833, 2981, 953, 298, 89, 22, 14, 7, 0, 1]
(2, (0, 1, 0), (0, 1)): [84747, 14475, 4139, 1332, 503, 144, 45, 10, 6, 4, 1]
(2, (0, 1, 0), (0, 2)): [34728, 4386, 1252, 368, 129, 30, 11, 2, 3, 1]
(2, (0, 1, 0), (1, 0)): [91392, 17862, 6079, 2557, 819, 249, 94, 32, 1, 2, 0, 0, 1]
(2, (0, 1, 0), (1, 1)): [76707, 13719, 4195, 1473, 536, 143, 62, 14, 3, 3, 1]
(2, (0, 1, 0), (1, 2)): [54042, 7369, 2126, 731, 253, 56, 30, 7, 1, 1]
(2, (0, 1, 0), (2, 0)): [40480, 7490, 2869, 1519, 496, 155, 49, 21, 1, 2, 0, 0, 1]
(2, (0, 1, 0), (2, 1)): [44896, 8370, 2796, 1109, 387, 109, 37, 7, 2, 3, 1, 0, 1]
(2, (0, 1, 0), (2, 2)): [47972, 7053, 2187, 847, 303, 77, 34, 9, 0, 2]
(2, (0, 1, 0), (3, 0)): [20288, 3198, 1423, 1007, 319, 103, 36, 19, 1, 2]
(2, (0, 1, 0), (3, 1)): [20664, 3888, 1509, 794, 277, 79, 30, 6, 2, 2, 1, 0, 1]
(2, (0, 1, 0), (3, 2)): [29953, 4714, 1690, 882, 300, 77, 43, 8, 0, 1, 0, 0, 1]
(2, (0, 1, 1), (0, 0)): [98558, 8124, 20133, 5970, 2367, 786, 262, 81, 26, 7, 5, 1, 0, 1]
(2, (0, 1, 1), (0, 1)): [20305, 1278, 3374, 1001, 353, 129, 37, 11, 1, 2]
(2, (0, 1, 1), (0, 2)): [8858, 435, 1064, 318, 119, 37, 13, 2, 0, 2]
(2, (0, 1, 1), (1, 0)): [22244, 2080, 4215, 1561, 709, 246, 78, 23, 6, 0, 3]
(2, (0, 1, 1), (1, 1)): [17990, 1249, 3175, 1010, 384, 145, 38, 13, 4, 0, 1]
(2, (0, 1, 1), (1, 2)): [13747, 751, 1825, 528, 212, 69, 18, 4, 1, 2, 1]
(2, (0, 1, 1), (2, 0)): [10584, 1164, 1900, 805, 461, 150, 48, 16, 2, 0, 2]
(2, (0, 1, 1), (2, 1)): [10544, 804, 1931, 671, 312, 99, 28, 9, 3, 0, 1]
(2, (0, 1, 1), (2, 2)): [12285, 784, 1715, 586, 227, 83, 19, 5, 3, 1]
(2, (0, 1, 1), (3, 0)): [6053, 782, 959, 466, 310, 120, 32, 13, 1, 0, 1]
(2, (0, 1, 1), (3, 1)): [4868, 458, 903, 348, 211, 69, 23, 8, 1, 0, 1]
(2, (0, 1, 1), (3, 2)): [7661, 620, 1174, 442, 214, 87, 19, 8, 4, 1]
(2, (1, 0, 0), (0, 0)): [883626, 63485, 43850, 14004, 4622, 1452, 550, 163, 39, 16, 7, 1, 1]
(2, (1, 0, 0), (0, 1)): [175549, 10622, 7437, 2391, 794, 268, 98, 37, 10, 2, 0, 1]
(2, (1, 0, 0), (0, 2)): [68437, 2994, 2033, 676, 210, 63, 27, 10, 4]
(2, (1, 0, 0), (1, 0)): [159614, 13115, 9553, 3296, 1127, 317, 127, 34, 9, 2, 0, 0, 1]
(2, (1, 0, 0), (1, 1)): [142482, 9552, 6812, 2332, 772, 232, 93, 26, 7, 2]
(2, (1, 0, 0), (1, 2)): [95896, 4793, 3181, 1160, 357, 100, 39, 11, 4, 1]
(2, (1, 0, 0), (2, 0)): [53338, 5045, 3577, 1436, 504, 147, 56, 21, 7, 2, 0, 0, 1]
(2, (1, 0, 0), (2, 1)): [73437, 5647, 4113, 1534, 518, 159, 60, 15, 6, 0, 0, 0, 1]
(2, (1, 0, 0), (2, 2)): [74603, 4508, 2966, 1137, 379, 111, 46, 11, 4, 1]
(2, (1, 0, 0), (3, 0)): [15696, 1912, 1121, 641, 215, 65, 23, 12, 3, 2]
(2, (1, 0, 0), (3, 1)): [29384, 3004, 1978, 996, 291, 91, 33, 9, 4, 1, 0, 0, 1]
(2, (1, 0, 0), (3, 2)): [39610, 3367, 2073, 1002, 326, 103, 34, 13, 1, 1, 0, 0, 1]
(2, (1, 0, 1), (0, 0)): [156500, 35810, 14133, 9293, 3079, 995, 343, 104, 34, 12, 2, 4, 2]
(2, (1, 0, 1), (0, 1)): [32839, 6180, 2290, 1606, 538, 178, 64, 18, 6, 2, 1, 1, 1]
(2, (1, 0, 1), (0, 2)): [13588, 1853, 691, 440, 162, 49, 14, 7, 1, 1]
(2, (1, 0, 1), (1, 0)): [30323, 6632, 3044, 2141, 801, 221, 80, 20, 3, 2, 0, 1]
(2, (1, 0, 1), (1, 1)): [26967, 5243, 2211, 1556, 565, 172, 61, 17, 5, 2, 1, 2, 1]
(2, (1, 0, 1), (1, 2)): [19012, 2762, 1153, 740, 284, 90, 34, 8, 4, 1, 0, 1]
(2, (1, 0, 1), (2, 0)): [10827, 2287, 1249, 832, 348, 100, 36, 11, 3]
(2, (1, 0, 1), (2, 1)): [14285, 2801, 1387, 921, 394, 115, 38, 14, 0, 1, 0, 1]
(2, (1, 0, 1), (2, 2)): [14810, 2212, 1079, 685, 266, 99, 38, 9, 4, 0, 0, 1]
(2, (1, 0, 1), (3, 0)): [3653, 702, 515, 301, 149, 46, 20, 3, 3]
(2, (1, 0, 1), (3, 1)): [6090, 1134, 714, 465, 254, 53, 29, 6, 3, 1]
(2, (1, 0, 1), (3, 2)): [8234, 1183, 834, 487, 245, 76, 25, 8, 5]
(2, (1, 1, 0), (0, 0)): [349716, 52029, 26265, 18943, 6170, 1947, 665, 227, 66, 31, 10, 3, 2, 1]
(2, (1, 1, 0), (0, 1)): [73230, 8982, 4380, 3348, 1040, 306, 112, 42, 6, 6, 2, 1, 1]
(2, (1, 1, 0), (0, 2)): [30812, 2689, 1318, 974, 312, 87, 33, 15, 2, 3]
(2, (1, 1, 0), (1, 0)): [63703, 9630, 5402, 4146, 1496, 440, 160, 48, 18, 6, 1, 1]
(2, (1, 1, 0), (1, 1)): [60091, 7889, 4124, 3134, 987, 323, 96, 36, 9, 6, 2, 2, 1]
(2, (1, 1, 0), (1, 2)): [43847, 4197, 2187, 1581, 504, 159, 38, 20, 6, 1, 1, 1]
(2, (1, 1, 0), (2, 0)): [21776, 3387, 2171, 1596, 759, 202, 80, 23, 9, 3]
(2, (1, 1, 0), (2, 1)): [31344, 4307, 2567, 1930, 751, 206, 78, 25, 6, 5, 0, 0, 1]
(2, (1, 1, 0), (2, 2)): [34741, 3654, 2126, 1513, 568, 154, 53, 22, 10, 1, 1, 1]
(2, (1, 1, 0), (3, 0)): [6850, 1051, 880, 517, 364, 106, 36, 11, 6, 2]
(2, (1, 1, 0), (3, 1)): [13094, 1857, 1435, 967, 518, 136, 51, 11, 5, 2, 0, 0, 1]
(2, (1, 1, 0), (3, 2)): [19117, 2233, 1733, 1087, 563, 125, 51, 18, 8, 1, 1]
(2, (1, 1, 1), (0, 0)): [104199, 15128, 17159, 8530, 6650, 2060, 702, 240, 80, 19, 10, 4, 1, 1]
(2, (1, 1, 1), (0, 1)): [24351, 2520, 3132, 1543, 1230, 386, 132, 40, 20, 4, 3, 0, 1]
(2, (1, 1, 1), (0, 2)): [10946, 806, 950, 475, 347, 105, 45, 8, 4, 1, 2]
(2, (1, 1, 1), (1, 0)): [17970, 3999, 3373, 1839, 1532, 481, 166, 60, 17, 5, 1, 2]
(2, (1, 1, 1), (1, 1)): [18853, 2665, 2778, 1469, 1164, 372, 127, 40, 17, 5, 1, 0, 1]
(2, (1, 1, 1), (1, 2)): [14912, 1412, 1508, 748, 576, 205, 69, 17, 5, 3, 2]
(2, (1, 1, 1), (2, 0)): [5025, 2267, 1181, 745, 616, 207, 68, 27, 7, 3, 0, 2]
(2, (1, 1, 1), (2, 1)): [8499, 2151, 1547, 961, 740, 258, 83, 24, 10, 2, 0, 0, 1]
(2, (1, 1, 1), (2, 2)): [10658, 1643, 1332, 773, 579, 218, 75, 18, 6, 4, 2]
(2, (1, 1, 1), (3, 0)): [862, 1378, 349, 311, 188, 97, 35, 16, 4, 3, 0, 1]
(2, (1, 1, 1), (3, 1)): [2437, 1792, 634, 529, 388, 145, 56, 13, 5, 3, 0, 1]
(2, (1, 1, 1), (3, 2)): [4527, 1850, 811, 683, 434, 188, 65, 16, 5, 3, 2]
