(0, (0, 0, 0)): [2472678, 506429, 233295, 107071, 48110, 20589, 8573, 3466, 1410, 612, 270, 129, 43, 23, 6, 1, 1, 1]
(0, (0, 0, 1)): [8571, 26827, 7363, 3612, 1746, 752, 330, 132, 55, 34, 18, 4, 4, 3]
(0, (0, 1, 0)): [92096, 85592, 34060, 16996, 8038, 3514, 1516, 624, 264, 138, 47, 20, 9, 6, 3, 0, 1]
(0, (0, 1, 1)): [7278, 12792, 15097, 7087, 3750, 1801, 773, 346, 169, 70, 25, 16, 4, 4, 2, 0, 1, 1]
(0, (1, 0, 0)): [512008, 167156, 110778, 55313, 26602, 11880, 4959, 2128, 894, 387, 187, 76, 26, 17, 4, 1, 1, 1]
(0, (1, 0, 1)): [11900, 36270, 14625, 10651, 5548, 2589, 1222, 496, 242, 102, 52, 20, 11, 3, 2, 0, 0, 1]
(0, (1, 1, 0)): [74106, 46266, 33902, 25165, 13406, 6264, 2685, 1240, 520, 232, 106, 47, 13, 6, 1, 0, 1]
(0, (1, 1, 1)): [7097, 13891, 11090, 8026, 6659, 3316, 1553, 736, 346, 142, 70, 28, 7, 4, 1, 0, 1]
(1, (0, 0, 0)): [2027873, 228253, 93145, 37128, 14536, 5528, 2155, 760, 272, 110, 40, 25, 8, 3, 0, 1]
(1, (0, 0, 1)): [53091, 76011, 15297, 6759, 2748, 1132, 437, 158, 73, 26, 15, 9, 4, 2]
(1, (0, 1, 0)): [269246, 115266, 43307, 18910, 7656, 3045, 1092, 469, 136, 72, 36, 10, 10, 2, 1]
(1, (0, 1, 1)): [41807, 35370, 30212, 12428, 6426, 2569, 1033, 414, 171, 58, 23, 10, 3, 2, 0, 1]
(1, (1, 0, 0)): [748730, 130065, 87756, 37535, 15306, 6087, 2403, 869, 341, 144, 54, 33, 7, 3, 0, 2]
(1, (1, 0, 1)): [60633, 68174, 21814, 15141, 6543, 2719, 1072, 420, 149, 82, 23, 10, 2, 1]
(1, (1, 1, 0)): [211189, 62998, 41881, 31209, 13116, 5470, 2134, 846, 328, 134, 52, 26, 10, 5, 1]
(1, (1, 1, 1)): [43217, 34534, 21430, 13860, 10865, 4653, 1889, 708, 289, 107, 38, 22, 9, 4, 1, 1]
(2, (0, 0, 0)): [1773861, 85202, 28126, 8990, 3013, 929, 317, 109, 21, 9, 5, 1, 1]
(2, (0, 0, 1)): [164017, 46975, 10191, 3519, 1230, 426, 127, 43, 10, 7, 1, 2]
(2, (0, 1, 0)): [433885, 88212, 25283, 9044, 3056, 969, 308, 91, 24, 14, 7, 0, 1]
(2, (0, 1, 1)): [101250, 8360, 20683, 6146, 2430, 810, 267, 83, 26, 7, 5, 1, 0, 1]
(2, (1, 0, 0)): [906343, 65072, 44827, 14325, 4718, 1484, 557, 169, 41, 16, 7, 2, 1]
(2, (1, 0, 1)): [160238, 36708, 14508, 9514, 3153, 1012, 349, 107, 36, 13, 2, 4, 2]
(2, (1, 1, 0)): [357432, 53127, 26882, 19396, 6290, 1994, 678, 232, 68, 31, 11, 4, 2, 1]
(2, (1, 1, 1)): [106537, 15487, 17516, 8744, 6799, 2111, 718, 244, 81, 20, 10, 4, 1, 1]
