(0, (0, 0, 0), (0, 0)): [30538, 6717, 3084, 1389, 694, 277, 106, 50, 25, 11, 3, 3, 0, 3]
(0, (0, 0, 0), (0, 1)): [13174, 2620, 1180, 522, 263, 110, 34, 14, 7, 2, 2]
(0, (0, 0, 0), (0, 2)): [5064, 913, 389, 175, 75, 30, 8, 3, 2, 1]
(0, (0, 0, 0), (1, 0)): [11396, 2762, 1293, 593, 294, 112, 52, 22, 15, 6, 1, 2]
(0, (0, 0, 0), (1, 1)): [11338, 2385, 1071, 487, 273, 102, 37, 18, 13, 2, 2, 1]
(0, (0, 0, 0), (1, 2)): [7739, 1467, 661, 286, 140, 50, 17, 13, 7, 1, 2]
(0, (0, 0, 0), (2, 0)): [3616, 976, 493, 231, 115, 51, 28, 9, 5, 5]
(0, (0, 0, 0), (2, 1)): [5791, 1378, 646, 288, 170, 73, 27, 11, 9, 5]
(0, (0, 0, 0), (2, 2)): [6235, 1322, 583, 259, 137, 61, 19, 11, 4, 2, 2]
(0, (0, 0, 0), (3, 0)): [1057, 326, 174, 101, 46, 22, 9, 5, 1, 1]
(0, (0, 0, 0), (3, 1)): [2227, 601, 330, 151, 75, 28, 18, 6, 6, 2]
(0, (0, 0, 0), (3, 2)): [3267, 848, 391, 201, 102, 37, 13, 8, 2, 1]
(0, (0, 0, 1), (0, 0)): [85, 290, 84, 40, 15, 11, 6, 0, 1, 0, 0, 0, 1, 1]
(0, (0, 0, 1), (0, 1)): [36, 117, 27, 9, 9, 1, 2]
(0, (0, 0, 1), (0, 2)): [19, 41, 10, 2, 3, 0, 1]
(0, (0, 0, 1), (1, 0)): [34, 117, 41, 23, 5, 9, 3, 0, 1]
(0, (0, 0, 1), (1, 1)): [30, 118, 33, 14, 10, 4, 3]
(0, (0, 0, 1), (1, 2)): [18, 76, 18, 4, 2, 3, 2]
(0, (0, 0, 1), (2, 0)): [13, 41, 14, 11, 0, 5, 1, 0, 1]
(0, (0, 0, 1), (2, 1)): [17, 67, 23, 11, 7, 4, 3, 0, 1]
(0, (0, 0, 1), (2, 2)): [23, 73, 16, 7, 4, 3, 2]
(0, (0, 0, 1), (3, 0)): [3, 12, 6, 6, 0, 2]
(0, (0, 0, 1), (3, 1)): [4, 28, 15, 6, 3, 2, 2, 0, 1]
(0, (0, 0, 1), (3, 2)): [10, 52, 14, 8, 5, 1, 2, 0, 1]
(0, (0, 1, 0), (0, 0)): [1247, 1151, 440, 230, 135, 51, 19, 12, 7, 4, 0, 0, 1, 2]
(0, (0, 1, 0), (0, 1)): [500, 432, 155, 91, 45, 14, 6, 4, 4, 2, 0, 0, 0, 1]
(0, (0, 1, 0), (0, 2)): [191, 149, 53, 21, 13, 4, 1, 1, 2, 2]
(0, (0, 1, 0), (1, 0)): [505, 475, 207, 95, 58, 23, 8, 5, 1, 2, 0, 0, 1]
(0, (0, 1, 0), (1, 1)): [475, 383, 146, 95, 44, 16, 6, 4, 1, 1, 0, 0, 0, 1]
(0, (0, 1, 0), (1, 2)): [330, 231, 97, 61, 22, 8, 2, 3, 3]
(0, (0, 1, 0), (2, 0)): [165, 170, 91, 35, 16, 10, 4, 3, 0, 0, 0, 0, 1]
(0, (0, 1, 0), (2, 1)): [250, 225, 90, 55, 28, 9, 4, 2, 0, 1, 0, 0, 1]
(0, (0, 1, 0), (2, 2)): [288, 219, 77, 51, 16, 7, 2, 1, 3, 1]
(0, (0, 1, 0), (3, 0)): [46, 54, 39, 9, 5, 7, 2, 2]
(0, (0, 1, 0), (3, 1)): [105, 101, 57, 21, 17, 6, 4, 1]
(0, (0, 1, 0), (3, 2)): [167, 112, 65, 27, 16, 4, 1, 1, 2, 1]
(0, (0, 1, 1), (0, 0)): [91, 186, 195, 90, 49, 20, 5, 3, 2, 1, 1, 1]
(0, (0, 1, 1), (0, 1)): [46, 75, 66, 28, 15, 6, 0, 1, 1, 0, 0, 1]
(0, (0, 1, 1), (0, 2)): [23, 25, 35, 11, 3, 3]
(0, (0, 1, 1), (1, 0)): [33, 71, 85, 48, 25, 9, 2, 1, 0, 0, 1]
(0, (0, 1, 1), (1, 1)): [30, 64, 53, 32, 19, 8, 2, 1, 1]
(0, (0, 1, 1), (1, 2)): [29, 38, 49, 19, 10, 1]
(0, (0, 1, 1), (2, 0)): [13, 28, 28, 20, 8, 4, 0, 1, 0, 0, 1]
(0, (0, 1, 1), (2, 1)): [16, 34, 26, 19, 10, 6, 0, 2, 1]
(0, (0, 1, 1), (2, 2)): [19, 35, 32, 17, 8, 1, 0, 2]
(0, (0, 1, 1), (3, 0)): [6, 12, 12, 8, 5, 2, 0, 0, 0, 0, 1]
(0, (0, 1, 1), (3, 1)): [5, 14, 11, 8, 6, 5]
(0, (0, 1, 1), (3, 2)): [6, 16, 19, 12, 2, 2, 0, 2]
(0, (1, 0, 0), (0, 0)): [6346, 2126, 1430, 704, 356, 160, 62, 29, 14, 7, 2, 2, 0, 3]
(0, (1, 0, 0), (0, 1)): [2507, 769, 547, 258, 127, 62, 20, 10, 6, 3]
(0, (1, 0, 0), (0, 2)): [940, 258, 200, 81, 42, 25, 8, 5, 2, 1]
(0, (1, 0, 0), (1, 0)): [2290, 902, 579, 301, 150, 56, 28, 14, 5, 3, 1, 1, 0, 1]
(0, (1, 0, 0), (1, 1)): [1987, 667, 449, 228, 110, 46, 19, 7, 5, 2, 0, 0, 0, 1]
(0, (1, 0, 0), (1, 2)): [1338, 376, 266, 121, 47, 34, 7, 2, 2]
(0, (1, 0, 0), (2, 0)): [693, 336, 223, 118, 49, 24, 9, 8, 1, 1, 0, 1]
(0, (1, 0, 0), (2, 1)): [957, 372, 251, 132, 65, 29, 17, 10, 3, 2, 0, 0, 0, 1]
(0, (1, 0, 0), (2, 2)): [957, 325, 213, 94, 43, 19, 12, 5, 2, 1]
(0, (1, 0, 0), (3, 0)): [176, 106, 75, 48, 16, 8, 3, 1, 1]
(0, (1, 0, 0), (3, 1)): [323, 154, 112, 64, 28, 20, 7, 2, 2, 0, 0, 0, 0, 1]
(0, (1, 0, 0), (3, 2)): [433, 199, 127, 69, 30, 12, 9, 3, 3, 1]
(0, (1, 0, 1), (0, 0)): [154, 390, 173, 142, 58, 36, 21, 5, 5, 2, 1, 1, 1]
(0, (1, 0, 1), (0, 1)): [65, 131, 59, 52, 15, 11, 9, 2, 1, 2]
(0, (1, 0, 1), (0, 2)): [29, 41, 16, 19, 2, 4, 2]
(0, (1, 0, 1), (1, 0)): [59, 163, 60, 52, 33, 17, 7, 2, 2, 0, 1]
(0, (1, 0, 1), (1, 1)): [46, 131, 52, 40, 17, 11, 3, 4, 2, 1, 1]
(0, (1, 0, 1), (1, 2)): [34, 81, 32, 28, 8, 7, 2, 2, 1]
(0, (1, 0, 1), (2, 0)): [21, 50, 23, 14, 15, 5, 2]
(0, (1, 0, 1), (2, 1)): [30, 58, 30, 20, 10, 4, 3, 2]
(0, (1, 0, 1), (2, 2)): [32, 58, 24, 19, 6, 7, 3, 2]
(0, (1, 0, 1), (3, 0)): [7, 9, 6, 3, 6, 3]
(0, (1, 0, 1), (3, 1)): [14, 18, 13, 9, 8, 4, 1, 1]
(0, (1, 0, 1), (3, 2)): [19, 43, 13, 9, 5, 5, 3, 1]
(0, (1, 1, 0), (0, 0)): [952, 614, 467, 320, 194, 75, 33, 19, 8, 4, 2, 1]
(0, (1, 1, 0), (0, 1)): [407, 242, 157, 118, 68, 25, 9, 5, 4]
(0, (1, 1, 0), (0, 2)): [129, 86, 47, 45, 17, 8, 1, 1, 3]
(0, (1, 1, 0), (1, 0)): [309, 223, 181, 124, 78, 35, 9, 5, 1, 1, 2, 1]
(0, (1, 1, 0), (1, 1)): [319, 185, 148, 86, 60, 20, 9, 5, 1, 0, 1]
(0, (1, 1, 0), (1, 2)): [199, 116, 70, 53, 31, 11, 4, 1, 2, 0, 1]
(0, (1, 1, 0), (2, 0)): [95, 78, 58, 44, 30, 15, 4, 1, 0, 1, 1, 1]
(0, (1, 1, 0), (2, 1)): [141, 103, 80, 57, 35, 8, 3, 4, 1, 1]
(0, (1, 1, 0), (2, 2)): [144, 86, 58, 53, 29, 8, 3, 2, 2]
(0, (1, 1, 0), (3, 0)): [16, 23, 18, 18, 13, 6, 2, 0, 0, 0, 1, 1]
(0, (1, 1, 0), (3, 1)): [49, 44, 38, 22, 17, 7, 2, 1, 1, 1, 0, 1]
(0, (1, 1, 0), (3, 2)): [64, 49, 45, 32, 16, 5, 2, 2, 1]
(0, (1, 1, 1), (0, 0)): [83, 180, 156, 95, 84, 43, 17, 6, 5, 3, 2, 1]
(0, (1, 1, 1), (0, 1)): [38, 74, 69, 35, 34, 21, 7, 2, 3, 2]
(0, (1, 1, 1), (0, 2)): [20, 28, 32, 16, 10, 8, 2, 1, 1, 1]
(0, (1, 1, 1), (1, 0)): [30, 60, 59, 45, 36, 18, 5, 4, 2, 1, 1]
(0, (1, 1, 1), (1, 1)): [33, 65, 44, 29, 34, 16, 5, 2, 2]
(0, (1, 1, 1), (1, 2)): [29, 38, 36, 15, 23, 13, 3]
(0, (1, 1, 1), (2, 0)): [6, 20, 18, 12, 10, 10, 1, 2, 1, 1]
(0, (1, 1, 1), (2, 1)): [8, 31, 24, 15, 15, 7, 4, 2, 3, 1]
(0, (1, 1, 1), (2, 2)): [16, 26, 27, 18, 16, 6, 5, 1, 2, 1]
(0, (1, 1, 1), (3, 0)): [1, 4, 3, 4, 1, 4, 0, 2]
(0, (1, 1, 1), (3, 1)): [4, 7, 11, 5, 5, 3, 2, 3]
(0, (1, 1, 1), (3, 2)): [7, 16, 17, 11, 9, 3, 3, 4, 0, 1]
(1, (0, 0, 0), (0, 0)): [25184, 3124, 1258, 511, 227, 74, 24, 11, 3]
(1, (0, 0, 0), (0, 1)): [10694, 1154, 458, 189, 82, 19, 13, 8, 2]
(1, (0, 0, 0), (0, 2)): [4088, 396, 139, 54, 29, 6, 5, 4, 1]
(1, (0, 0, 0), (1, 0)): [9833, 1344, 562, 232, 95, 38, 4, 2, 1]
(1, (0, 0, 0), (1, 1)): [9512, 1144, 407, 192, 84, 23, 8, 3, 2]
(1, (0, 0, 0), (1, 2)): [6458, 649, 228, 95, 49, 7, 4, 4, 1]
(1, (0, 0, 0), (2, 0)): [3212, 486, 251, 97, 34, 14, 2, 2]
(1, (0, 0, 0), (2, 1)): [4973, 681, 273, 138, 54, 16, 3, 3, 1]
(1, (0, 0, 0), (2, 2)): [5299, 583, 222, 108, 36, 11, 3, 5, 1]
(1, (0, 0, 0), (3, 0)): [941, 153, 112, 35, 15, 6, 1, 1]
(1, (0, 0, 0), (3, 1)): [1962, 339, 163, 71, 26, 10, 1, 1]
(1, (0, 0, 0), (3, 2)): [2962, 397, 180, 80, 21, 13, 3, 4, 1]
(1, (0, 0, 1), (0, 0)): [639, 943, 193, 104, 41, 22, 6, 2, 1]
(1, (0, 0, 1), (0, 1)): [260, 327, 60, 36, 11, 9, 3, 1]
(1, (0, 0, 1), (0, 2)): [124, 89, 17, 11, 1, 2, 2]
(1, (0, 0, 1), (1, 0)): [285, 424, 100, 51, 23, 11, 2, 1]
(1, (0, 0, 1), (1, 1)): [223, 316, 72, 40, 17, 7, 1, 1]
(1, (0, 0, 1), (1, 2)): [175, 150, 31, 23, 7, 3, 2]
(1, (0, 0, 1), (2, 0)): [130, 187, 39, 29, 15, 7, 2, 1]
(1, (0, 0, 1), (2, 1)): [132, 221, 48, 26, 11, 7, 0, 1]
(1, (0, 0, 1), (2, 2)): [150, 166, 37, 18, 6, 4, 2]
(1, (0, 0, 1), (3, 0)): [58, 69, 21, 13, 8, 5, 1]
(1, (0, 0, 1), (3, 1)): [60, 91, 25, 19, 7, 5, 0, 1]
(1, (0, 0, 1), (3, 2)): [99, 106, 19, 17, 7, 4, 0, 1]
(1, (0, 1, 0), (0, 0)): [3608, 1524, 558, 267, 115, 51, 8, 4, 3, 1]
(1, (0, 1, 0), (0, 1)): [1378, 561, 205, 80, 33, 16, 2, 1]
(1, (0, 1, 0), (0, 2)): [529, 190, 59, 26, 8, 5, 0, 1]
(1, (0, 1, 0), (1, 0)): [1607, 704, 251, 141, 57, 21, 2, 3, 3, 1]
(1, (0, 1, 0), (1, 1)): [1353, 580, 214, 90, 42, 16, 1, 2, 1]
(1, (0, 1, 0), (1, 2)): [888, 344, 96, 46, 15, 6, 0, 1, 1]
(1, (0, 1, 0), (2, 0)): [679, 241, 112, 70, 27, 11, 2, 1, 2, 1]
(1, (0, 1, 0), (2, 1)): [801, 342, 149, 64, 33, 8, 2, 3, 0, 1]
(1, (0, 1, 0), (2, 2)): [838, 293, 115, 40, 21, 10, 1, 0, 0, 1]
(1, (0, 1, 0), (3, 0)): [325, 87, 44, 39, 16, 8, 0, 0, 1]
(1, (0, 1, 0), (3, 1)): [409, 128, 71, 42, 16, 1, 1, 3]
(1, (0, 1, 0), (3, 2)): [519, 179, 84, 45, 14, 6, 1, 1, 0, 1]
(1, (0, 1, 1), (0, 0)): [569, 457, 361, 145, 76, 28, 7, 8, 1]
(1, (0, 1, 1), (0, 1)): [221, 149, 130, 32, 20, 7, 3, 1]
(1, (0, 1, 1), (0, 2)): [108, 50, 46, 12, 7, 2, 1, 1]
(1, (0, 1, 1), (1, 0)): [256, 210, 157, 86, 44, 16, 4, 6, 1]
(1, (0, 1, 1), (1, 1)): [174, 137, 103, 43, 26, 11, 2]
(1, (0, 1, 1), (1, 2)): [151, 77, 58, 23, 14, 5, 2, 1]
(1, (0, 1, 1), (2, 0)): [153, 102, 74, 44, 23, 10, 4, 6, 1]
(1, (0, 1, 1), (2, 1)): [101, 66, 62, 29, 18, 10, 1]
(1, (0, 1, 1), (2, 2)): [124, 57, 47, 19, 15, 6, 2]
(1, (0, 1, 1), (3, 0)): [109, 70, 45, 26, 14, 4, 3, 6, 1]
(1, (0, 1, 1), (3, 1)): [47, 32, 22, 12, 11, 6, 2]
(1, (0, 1, 1), (3, 2)): [68, 39, 28, 17, 13, 5, 2]
(1, (1, 0, 0), (0, 0)): [9226, 1598, 1139, 497, 217, 82, 26, 17, 5]
(1, (1, 0, 0), (0, 1)): [3668, 592, 391, 164, 75, 27, 5, 9, 1]
(1, (1, 0, 0), (0, 2)): [1426, 193, 113, 47, 23, 9, 3, 1]
(1, (1, 0, 0), (1, 0)): [3585, 662, 494, 223, 97, 36, 14, 5, 1]
(1, (1, 0, 0), (1, 1)): [3078, 519, 375, 170, 66, 23, 11, 6, 1]
(1, (1, 0, 0), (1, 2)): [1995, 289, 206, 91, 30, 9, 6, 3]
(1, (1, 0, 0), (2, 0)): [1201, 235, 169, 87, 47, 18, 4, 2, 1]
(1, (1, 0, 0), (2, 1)): [1580, 288, 190, 96, 48, 15, 6, 4, 1]
(1, (1, 0, 0), (2, 2)): [1540, 266, 157, 75, 30, 4, 5, 4]
(1, (1, 0, 0), (3, 0)): [329, 88, 49, 39, 20, 6, 1, 1, 1]
(1, (1, 0, 0), (3, 1)): [607, 125, 80, 47, 29, 8, 3, 1, 2]
(1, (1, 0, 0), (3, 2)): [726, 171, 94, 56, 24, 8, 3, 3, 1]
(1, (1, 0, 1), (0, 0)): [812, 849, 270, 187, 86, 42, 15, 2, 3]
(1, (1, 0, 1), (0, 1)): [334, 315, 99, 68, 20, 15, 1]
(1, (1, 0, 1), (0, 2)): [167, 112, 39, 23, 7, 4]
(1, (1, 0, 1), (1, 0)): [291, 332, 109, 74, 37, 19, 9, 1, 1]
(1, (1, 0, 1), (1, 1)): [231, 265, 85, 49, 24, 14, 3]
(1, (1, 0, 1), (1, 2)): [192, 150, 54, 27, 15, 10]
(1, (1, 0, 1), (2, 0)): [114, 106, 38, 32, 14, 9, 3, 0, 1]
(1, (1, 0, 1), (2, 1)): [124, 136, 44, 27, 13, 10, 4]
(1, (1, 0, 1), (2, 2)): [142, 110, 42, 22, 12, 8, 2]
(1, (1, 0, 1), (3, 0)): [34, 20, 11, 8, 6, 4]
(1, (1, 0, 1), (3, 1)): [45, 48, 21, 16, 5, 4, 2]
(1, (1, 0, 1), (3, 2)): [65, 68, 30, 11, 9, 5, 2]
(1, (1, 1, 0), (0, 0)): [2748, 774, 555, 423, 188, 67, 21, 22, 6, 1, 1]
(1, (1, 1, 0), (0, 1)): [1183, 304, 208, 134, 61, 23, 4, 10, 3, 0, 1]
(1, (1, 1, 0), (0, 2)): [464, 109, 69, 47, 20, 7, 0, 3, 0, 0, 1]
(1, (1, 1, 0), (1, 0)): [1030, 308, 244, 209, 91, 26, 13, 7, 3, 1]
(1, (1, 1, 0), (1, 1)): [917, 241, 202, 132, 66, 25, 6, 8, 1, 1]
(1, (1, 1, 0), (1, 2)): [639, 150, 110, 79, 32, 9, 2, 5, 0, 1, 1]
(1, (1, 1, 0), (2, 0)): [358, 122, 79, 87, 40, 8, 10, 4, 2]
(1, (1, 1, 0), (2, 1)): [465, 133, 125, 86, 55, 20, 5, 4, 2]
(1, (1, 1, 0), (2, 2)): [488, 117, 99, 66, 37, 12, 2, 6, 1, 1, 1]
(1, (1, 1, 0), (3, 0)): [102, 48, 27, 23, 10, 2, 3, 2, 1]
(1, (1, 1, 0), (3, 1)): [194, 67, 61, 43, 20, 8, 1, 1, 1]
(1, (1, 1, 0), (3, 2)): [268, 68, 65, 46, 33, 6, 3, 4]
(1, (1, 1, 1), (0, 0)): [588, 420, 299, 176, 136, 63, 23, 20, 4]
(1, (1, 1, 1), (0, 1)): [268, 167, 126, 63, 41, 26, 9, 5, 2]
(1, (1, 1, 1), (0, 2)): [134, 62, 44, 26, 18, 4, 2]
(1, (1, 1, 1), (1, 0)): [197, 169, 120, 78, 60, 21, 8, 11, 2]
(1, (1, 1, 1), (1, 1)): [185, 136, 106, 52, 44, 22, 7, 10, 3]
(1, (1, 1, 1), (1, 2)): [154, 71, 79, 39, 28, 11, 2, 3]
(1, (1, 1, 1), (2, 0)): [54, 59, 41, 30, 23, 8, 4, 5, 1]
(1, (1, 1, 1), (2, 1)): [86, 80, 48, 27, 22, 13, 5, 5, 2]
(1, (1, 1, 1), (2, 2)): [109, 64, 57, 27, 25, 11, 4, 3]
(1, (1, 1, 1), (3, 0)): [8, 24, 15, 11, 8, 3, 3, 2, 1]
(1, (1, 1, 1), (3, 1)): [20, 36, 25, 10, 11, 5, 3, 3, 2]
(1, (1, 1, 1), (3, 2)): [37, 46, 35, 13, 16, 7, 3]
(2, (0, 0, 0), (0, 0)): [22277, 1199, 384, 115, 48, 13, 4, 2]
(2, (0, 0, 0), (0, 1)): [9461, 418, 149, 38, 16, 3, 2, 1]
(2, (0, 0, 0), (0, 2)): [3666, 114, 39, 13, 5, 1, 1, 1]
(2, (0, 0, 0), (1, 0)): [8840, 532, 174, 54, 22, 5, 1]
(2, (0, 0, 0), (1, 1)): [8358, 425, 155, 36, 19, 3, 1]
(2, (0, 0, 0), (1, 2)): [5604, 204, 79, 22, 9, 2, 1, 1]
(2, (0, 0, 0), (2, 0)): [3163, 205, 79, 23, 9, 4, 1]
(2, (0, 0, 0), (2, 1)): [4601, 269, 98, 28, 12, 4, 1]
(2, (0, 0, 0), (2, 2)): [4804, 225, 79, 19, 11, 2, 2, 1]
(2, (0, 0, 0), (3, 0)): [1062, 69, 38, 8, 6, 2, 1]
(2, (0, 0, 0), (3, 1)): [1994, 138, 57, 20, 8, 3, 1]
(2, (0, 0, 0), (3, 2)): [2839, 163, 71, 17, 8, 1, 3]
(2, (0, 0, 1), (0, 0)): [2183, 598, 151, 51, 19, 8, 2, 1]
(2, (0, 0, 1), (0, 1)): [871, 217, 44, 19, 5, 3]
(2, (0, 0, 1), (0, 2)): [350, 64, 17, 6, 2, 1]
(2, (0, 0, 1), (1, 0)): [965, 291, 75, 18, 9, 4, 2, 1]
(2, (0, 0, 1), (1, 1)): [812, 225, 44, 20, 8, 3, 1]
(2, (0, 0, 1), (1, 2)): [549, 106, 23, 4, 3, 4, 1]
(2, (0, 0, 1), (2, 0)): [436, 118, 43, 8, 3, 2, 1, 1]
(2, (0, 0, 1), (2, 1)): [524, 138, 39, 16, 6, 0, 0, 1]
(2, (0, 0, 1), (2, 2)): [534, 114, 29, 7, 3, 2]
(2, (0, 0, 1), (3, 0)): [187, 53, 22, 6, 1, 2, 1]
(2, (0, 0, 1), (3, 1)): [249, 74, 24, 9, 4, 1, 0, 1]
(2, (0, 0, 1), (3, 2)): [341, 93, 22, 9, 5, 1, 0, 1]
(2, (0, 1, 0), (0, 0)): [5699, 1121, 317, 122, 48, 13, 2, 2]
(2, (0, 1, 0), (0, 1)): [2257, 382, 103, 27, 13, 5]
(2, (0, 1, 0), (0, 2)): [858, 110, 31, 7, 2, 1]
(2, (0, 1, 0), (1, 0)): [2540, 540, 169, 74, 23, 7, 2, 2]
(2, (0, 1, 0), (1, 1)): [2102, 393, 110, 36, 13, 5, 1, 1]
(2, (0, 1, 0), (1, 2)): [1406, 192, 47, 15, 6, 2, 1]
(2, (0, 1, 0), (2, 0)): [1199, 226, 86, 43, 17, 4, 0, 1]
(2, (0, 1, 0), (2, 1)): [1292, 256, 88, 26, 14, 4]
(2, (0, 1, 0), (2, 2)): [1325, 190, 53, 19, 6, 1, 1]
(2, (0, 1, 0), (3, 0)): [581, 86, 44, 29, 7, 1, 0, 1]
(2, (0, 1, 0), (3, 1)): [608, 121, 53, 24, 8, 3, 0, 1]
(2, (0, 1, 0), (3, 2)): [838, 120, 49, 23, 8, 2, 1]
(2, (0, 1, 1), (0, 0)): [1397, 97, 253, 83, 34, 6, 3, 3]
(2, (0, 1, 1), (0, 1)): [531, 35, 81, 25, 6, 2]
(2, (0, 1, 1), (0, 2)): [220, 12, 26, 7, 0, 2]
(2, (0, 1, 1), (1, 0)): [632, 48, 126, 47, 17, 2, 3, 3]
(2, (0, 1, 1), (1, 1)): [505, 29, 78, 26, 9, 1, 3]
(2, (0, 1, 1), (1, 2)): [353, 16, 50, 19, 1, 3, 1]
(2, (0, 1, 1), (2, 0)): [297, 24, 57, 28, 10, 1, 0, 3]
(2, (0, 1, 1), (2, 1)): [316, 16, 56, 19, 9, 0, 2]
(2, (0, 1, 1), (2, 2)): [318, 14, 54, 18, 2, 3, 1]
(2, (0, 1, 1), (3, 0)): [156, 18, 25, 16, 7, 1, 0, 3]
(2, (0, 1, 1), (3, 1)): [149, 12, 20, 10, 7, 0, 0, 1]
(2, (0, 1, 1), (3, 2)): [193, 15, 34, 16, 2, 3, 0, 1]
(2, (1, 0, 0), (0, 0)): [11150, 773, 617, 169, 69, 21, 4]
(2, (1, 0, 0), (0, 1)): [4587, 270, 197, 65, 20, 9, 1]
(2, (1, 0, 0), (0, 2)): [1737, 64, 45, 19, 4, 3]
(2, (1, 0, 0), (1, 0)): [4426, 354, 307, 76, 28, 8, 2]
(2, (1, 0, 0), (1, 1)): [3854, 254, 212, 54, 19, 6]
(2, (1, 0, 0), (1, 2)): [2558, 111, 87, 28, 4, 3]
(2, (1, 0, 0), (2, 0)): [1522, 133, 115, 35, 13, 4, 2]
(2, (1, 0, 0), (2, 1)): [1981, 153, 124, 36, 12, 3, 1]
(2, (1, 0, 0), (2, 2)): [2005, 111, 74, 27, 7, 1]
(2, (1, 0, 0), (3, 0)): [453, 53, 37, 16, 8, 2, 1]
(2, (1, 0, 0), (3, 1)): [816, 82, 58, 25, 5, 1, 1]
(2, (1, 0, 0), (3, 2)): [1064, 93, 52, 19, 8, 2]
(2, (1, 0, 1), (0, 0)): [2168, 462, 196, 119, 57, 14, 3, 3]
(2, (1, 0, 1), (0, 1)): [885, 169, 53, 35, 14, 6, 0, 2]
(2, (1, 0, 1), (0, 2)): [342, 49, 9, 11, 2, 3, 0, 1]
(2, (1, 0, 1), (1, 0)): [845, 191, 100, 61, 32, 6, 3, 1]
(2, (1, 0, 1), (1, 1)): [766, 148, 67, 39, 19, 4, 2, 1]
(2, (1, 0, 1), (1, 2)): [517, 83, 32, 19, 8, 6, 1, 1]
(2, (1, 0, 1), (2, 0)): [299, 69, 35, 23, 16, 4, 1, 1]
(2, (1, 0, 1), (2, 1)): [428, 63, 42, 32, 12, 0, 2, 1]
(2, (1, 0, 1), (2, 2)): [422, 61, 30, 16, 12, 6, 1, 1]
(2, (1, 0, 1), (3, 0)): [89, 24, 10, 3, 6, 3, 0, 1]
(2, (1, 0, 1), (3, 1)): [179, 30, 20, 13, 3, 0, 1, 2]
(2, (1, 0, 1), (3, 2)): [222, 36, 22, 13, 6, 5]
(2, (1, 1, 0), (0, 0)): [4525, 627, 343, 249, 84, 26, 7, 2]
(2, (1, 1, 0), (0, 1)): [1893, 225, 119, 83, 28, 7, 4, 1]
(2, (1, 1, 0), (0, 2)): [770, 70, 36, 22, 13, 3, 1, 1]
(2, (1, 1, 0), (1, 0)): [1790, 263, 153, 117, 41, 14, 3]
(2, (1, 1, 0), (1, 1)): [1635, 211, 113, 84, 25, 8, 3]
(2, (1, 1, 0), (1, 2)): [1158, 101, 52, 32, 13, 2, 1, 1]
(2, (1, 1, 0), (2, 0)): [618, 99, 55, 53, 23, 5, 2]
(2, (1, 1, 0), (2, 1)): [856, 120, 68, 57, 25, 5, 2]
(2, (1, 1, 0), (2, 2)): [929, 88, 56, 36, 12, 2, 1, 1]
(2, (1, 1, 0), (3, 0)): [206, 27, 19, 21, 12, 5, 1]
(2, (1, 1, 0), (3, 1)): [383, 60, 36, 25, 23, 2, 3]
(2, (1, 1, 0), (3, 2)): [533, 54, 45, 23, 16, 1]
(2, (1, 1, 1), (0, 0)): [1423, 197, 223, 106, 95, 25, 9, 7]
(2, (1, 1, 1), (0, 1)): [632, 60, 70, 38, 31, 6, 5, 2]
(2, (1, 1, 1), (0, 2)): [281, 19, 25, 9, 5, 1, 3]
(2, (1, 1, 1), (1, 0)): [497, 114, 101, 50, 37, 14, 3, 3]
(2, (1, 1, 1), (1, 1)): [504, 73, 69, 39, 31, 12, 3, 1]
(2, (1, 1, 1), (1, 2)): [386, 38, 42, 18, 11, 6, 3]
(2, (1, 1, 1), (2, 0)): [151, 62, 43, 16, 15, 5, 2, 1]
(2, (1, 1, 1), (2, 1)): [251, 72, 43, 26, 21, 7, 0, 1]
(2, (1, 1, 1), (2, 2)): [296, 54, 33, 18, 13, 5, 2]
(2, (1, 1, 1), (3, 0)): [33, 27, 16, 6, 5, 2, 1, 1]
(2, (1, 1, 1), (3, 1)): [74, 50, 25, 15, 12, 3, 0, 2]
(2, (1, 1, 1), (3, 2)): [129, 68, 31, 19, 11, 5, 1]
