(0, (0, 0, 0)): [14378, 2842, 1358, 652, 330, 132, 55, 24, 13, 3, 2]
(0, (0, 0, 1)): [69, 167, 62, 23, 3, 5, 0, 2, 0, 1]
(0, (0, 1, 0)): [454, 442, 161, 83, 33, 22, 8, 4, 1, 0, 1]
(0, (0, 1, 1)): [48, 77, 97, 39, 27, 10, 4, 2, 1]
(0, (1, 0, 0)): [3241, 1040, 679, 349, 202, 76, 41, 17, 9, 2, 1]
(0, (1, 0, 1)): [62, 228, 88, 66, 32, 20, 3, 5, 2, 1, 1]
(0, (1, 1, 0)): [466, 309, 245, 170, 103, 46, 32, 11, 6, 2]
(0, (1, 1, 1)): [57, 91, 88, 59, 42, 18, 17, 6, 4, 1]
(1, (0, 0, 0)): [11413, 1199, 527, 228, 98, 34, 9, 3, 3, 1]
(1, (0, 0, 1)): [263, 453, 76, 35, 15, 9, 2, 3]
(1, (0, 1, 0)): [1479, 720, 270, 105, 53, 16, 7, 6, 1, 1]
(1, (0, 1, 1)): [262, 234, 205, 75, 43, 21, 8, 1, 2]
(1, (1, 0, 0)): [4524, 794, 506, 242, 108, 45, 12, 1, 4]
(1, (1, 0, 1)): [322, 438, 117, 85, 39, 14, 3, 5, 4, 1]
(1, (1, 1, 0)): [1332, 450, 301, 219, 105, 54, 19, 7, 2]
(1, (1, 1, 1)): [292, 275, 165, 103, 105, 45, 17, 4, 5]
(2, (0, 0, 0)): [9903, 415, 157, 61, 26, 7, 3, 1]
(2, (0, 0, 1)): [770, 267, 56, 17, 10, 3, 2]
(2, (0, 1, 0)): [2385, 503, 138, 54, 22, 7, 2]
(2, (0, 1, 1)): [531, 61, 122, 31, 14, 2, 3, 1]
(2, (1, 0, 0)): [5684, 385, 270, 89, 37, 8, 6, 1]
(2, (1, 0, 1)): [781, 196, 70, 49, 19, 3, 1, 1]
(2, (1, 1, 0)): [2590, 375, 220, 139, 50, 10, 3, 3, 1]
(2, (1, 1, 1)): [800, 117, 137, 73, 43, 12, 4, 2, 2]
