(0, (0, 0, 0)): [14700, 3164, 1521, 652, 307, 143, 66, 21, 6, 5, 1, 2]
(0, (0, 0, 1)): [68, 240, 61, 26, 15, 7, 5, 1]
(0, (0, 1, 0)): [513, 518, 209, 90, 42, 19, 6, 3, 0, 1]
(0, (0, 1, 1)): [35, 80, 99, 50, 27, 12, 3, 0, 0, 2]
(0, (1, 0, 0)): [3292, 1234, 769, 357, 180, 85, 40, 11, 2, 2, 1, 2]
(0, (1, 0, 1)): [76, 279, 118, 103, 39, 26, 6, 2, 1]
(0, (1, 1, 0)): [426, 301, 235, 148, 95, 43, 23, 7, 2, 2, 1, 1]
(0, (1, 1, 1)): [45, 70, 67, 56, 37, 22, 11, 2, 2, 1, 0, 1]
(1, (0, 0, 0)): [11587, 1317, 565, 226, 87, 41, 19, 7, 3, 1]
(1, (0, 0, 1)): [374, 619, 114, 45, 12, 5, 3, 1]
(1, (0, 1, 0)): [1674, 814, 288, 116, 43, 26, 13, 4, 1]
(1, (0, 1, 1)): [310, 285, 283, 98, 51, 17, 5, 1, 3, 0, 1]
(1, (1, 0, 0)): [4822, 919, 624, 242, 100, 43, 17, 6, 3, 1, 0, 1]
(1, (1, 0, 1)): [428, 513, 162, 101, 42, 15, 8, 4, 1]
(1, (1, 1, 0)): [1277, 402, 293, 188, 83, 47, 17, 5, 1, 2, 1, 1]
(1, (1, 1, 1)): [256, 202, 127, 102, 69, 38, 13, 2, 2, 2, 2]
(2, (0, 0, 0)): [10009, 475, 150, 52, 16, 7, 5]
(2, (0, 0, 1)): [1223, 367, 84, 31, 8, 3, 0, 1]
(2, (0, 1, 0)): [2633, 634, 172, 53, 22, 12, 2, 1]
(2, (0, 1, 1)): [713, 65, 157, 55, 15, 5, 2, 1]
(2, (1, 0, 0)): [5991, 489, 273, 88, 24, 11, 7]
(2, (1, 0, 1)): [1123, 291, 134, 60, 24, 6, 2, 1]
(2, (1, 1, 0)): [2052, 316, 185, 95, 32, 14, 8, 1]
(2, (1, 1, 1)): [643, 89, 103, 54, 42, 14, 5, 1, 1]
