(0, (0, 0, 0), (0, 0)): [524881, 107264, 50810, 23610, 10817, 4774, 1997, 881, 365, 185, 75, 35, 20, 4, 3, 1, 0, 1]
(0, (0, 0, 0), (0, 1)): [6275, 1235, 600, 251, 130, 51, 16, 9, 3, 4, 1, 0, 2, 0, 0, 1]
(0, (0, 0, 0), (0, 2)): [2127, 373, 195, 83, 37, 8, 5, 7, 0, 1, 0, 0, 1]
(0, (0, 0, 0), (1, 0)): [6008, 1349, 727, 329, 175, 68, 36, 12, 3, 2, 1]
(0, (0, 0, 0), (1, 1)): [5417, 1092, 577, 262, 141, 51, 19, 7, 5, 1, 2, 0, 1, 0, 0, 1]
(0, (0, 0, 0), (1, 2)): [3274, 578, 303, 118, 70, 19, 9, 7, 3, 0, 0, 0, 2]
(0, (0, 0, 0), (2, 0)): [2068, 531, 286, 134, 83, 33, 17, 5, 1, 1]
(0, (0, 0, 0), (2, 1)): [2990, 667, 348, 186, 97, 39, 18, 5, 1, 0, 1]
(0, (0, 0, 0), (2, 2)): [2672, 515, 261, 124, 74, 25, 8, 6, 1, 0, 1, 0, 2]
(0, (0, 0, 0), (3, 0)): [736, 196, 133, 60, 36, 19, 7, 1, 1]
(0, (0, 0, 0), (3, 1)): [1260, 326, 202, 104, 54, 20, 12, 3, 2]
(0, (0, 0, 0), (3, 2)): [1698, 340, 223, 106, 60, 20, 6, 3, 2, 0, 0, 0, 2]
(0, (0, 0, 1), (0, 0)): [2201, 7371, 2083, 994, 502, 213, 102, 60, 23, 12, 4, 1, 2]
(0, (0, 0, 1), (0, 1)): [19, 60, 29, 5, 6, 3, 2]
(0, (0, 0, 1), (0, 2)): [8, 18, 8, 2, 3]
(0, (0, 0, 1), (1, 0)): [28, 61, 18, 15, 8, 5, 1, 1]
(0, (0, 0, 1), (1, 1)): [18, 46, 20, 6, 6, 4, 1]
(0, (0, 0, 1), (1, 2)): [12, 27, 11, 4, 3, 0, 1]
(0, (0, 0, 1), (2, 0)): [16, 27, 9, 8, 3, 3, 1, 1]
(0, (0, 0, 1), (2, 1)): [18, 24, 12, 4, 6, 3]
(0, (0, 0, 1), (2, 2)): [16, 16, 10, 2, 2, 1]
(0, (0, 0, 1), (3, 0)): [2, 15, 5, 5, 0, 1, 1, 1]
(0, (0, 0, 1), (3, 1)): [5, 8, 5, 3, 3, 2, 0, 1]
(0, (0, 0, 1), (3, 2)): [11, 10, 3, 2, 2, 3, 0, 1]
(0, (0, 1, 0), (0, 0)): [17038, 17196, 6699, 3220, 1620, 765, 315, 146, 63, 36, 13, 5, 2, 0, 1]
(0, (0, 1, 0), (0, 1)): [184, 153, 67, 33, 10, 9, 4, 1]
(0, (0, 1, 0), (0, 2)): [68, 43, 22, 9, 1, 5, 1]
(0, (0, 1, 0), (1, 0)): [184, 189, 66, 45, 20, 13, 6, 0, 1]
(0, (0, 1, 0), (1, 1)): [159, 138, 54, 32, 12, 7, 5, 1]
(0, (0, 1, 0), (1, 2)): [101, 79, 31, 19, 6, 6, 2]
(0, (0, 1, 0), (2, 0)): [59, 74, 30, 20, 9, 8, 2, 0, 1]
(0, (0, 1, 0), (2, 1)): [78, 63, 32, 20, 5, 10, 4, 1]
(0, (0, 1, 0), (2, 2)): [72, 53, 32, 14, 4, 5, 4]
(0, (0, 1, 0), (3, 0)): [28, 32, 15, 14, 6, 1, 1, 0, 1]
(0, (0, 1, 0), (3, 1)): [33, 38, 19, 13, 8, 3, 1, 1]
(0, (0, 1, 0), (3, 2)): [44, 37, 27, 11, 6, 3, 3]
(0, (0, 1, 1), (0, 0)): [1505, 2783, 3550, 1590, 888, 414, 183, 88, 44, 17, 5, 5, 0, 1, 1, 0, 0, 1]
(0, (0, 1, 1), (0, 1)): [11, 21, 38, 15, 11, 2, 3, 1]
(0, (0, 1, 1), (0, 2)): [3, 6, 16, 6, 7, 1, 1, 1]
(0, (0, 1, 1), (1, 0)): [25, 34, 56, 26, 17, 4, 3, 2, 1, 0, 0, 1]
(0, (0, 1, 1), (1, 1)): [11, 19, 29, 12, 10, 2, 3]
(0, (0, 1, 1), (1, 2)): [4, 6, 15, 8, 7, 2, 2, 1]
(0, (0, 1, 1), (2, 0)): [18, 22, 29, 16, 8, 2, 2, 2, 1, 0, 0, 1]
(0, (0, 1, 1), (2, 1)): [10, 16, 23, 10, 8, 1, 2, 1]
(0, (0, 1, 1), (2, 2)): [10, 7, 16, 7, 4, 1, 1, 1]
(0, (0, 1, 1), (3, 0)): [11, 12, 15, 13, 6, 2, 0, 1, 0, 0, 0, 1]
(0, (0, 1, 1), (3, 1)): [5, 9, 9, 7, 6]
(0, (0, 1, 1), (3, 2)): [8, 5, 14, 5, 4, 1, 1, 1]
(0, (1, 0, 0), (0, 0)): [116482, 40316, 25625, 12844, 6306, 2882, 1252, 554, 240, 121, 51, 21, 13, 3, 2, 1, 0, 1]
(0, (1, 0, 0), (0, 1)): [1329, 379, 298, 134, 80, 29, 12, 6, 2]
(0, (1, 0, 0), (0, 2)): [486, 103, 102, 30, 24, 7, 4, 1, 1]
(0, (1, 0, 0), (1, 0)): [1228, 432, 304, 154, 92, 27, 21, 5, 1, 3, 1]
(0, (1, 0, 0), (1, 1)): [1064, 328, 221, 127, 58, 20, 11, 6, 2, 1]
(0, (1, 0, 0), (1, 2)): [642, 148, 130, 50, 25, 13, 6, 1, 1]
(0, (1, 0, 0), (2, 0)): [367, 151, 101, 60, 43, 16, 5, 3, 0, 2, 1]
(0, (1, 0, 0), (2, 1)): [526, 158, 109, 77, 49, 15, 6, 4, 1, 2]
(0, (1, 0, 0), (2, 2)): [456, 117, 99, 46, 28, 7, 5, 3, 1, 1]
(0, (1, 0, 0), (3, 0)): [121, 57, 42, 28, 21, 6, 1, 3, 0, 1]
(0, (1, 0, 0), (3, 1)): [205, 73, 52, 35, 29, 9, 3, 1, 1, 1]
(0, (1, 0, 0), (3, 2)): [243, 77, 54, 30, 28, 9, 3, 1, 0, 1]
(0, (1, 0, 1), (0, 0)): [2632, 8923, 3662, 2566, 1375, 654, 329, 143, 67, 30, 12, 9, 4, 0, 1, 0, 0, 1]
(0, (1, 0, 1), (0, 1)): [27, 83, 40, 26, 12, 4, 5, 1, 1, 0, 0, 0, 1]
(0, (1, 0, 1), (0, 2)): [11, 31, 10, 10, 5, 1, 3, 0, 1]
(0, (1, 0, 1), (1, 0)): [24, 99, 36, 33, 15, 8, 0, 1, 1]
(0, (1, 0, 1), (1, 1)): [21, 70, 24, 24, 10, 5, 2, 1, 1]
(0, (1, 0, 1), (1, 2)): [11, 32, 12, 13, 7, 2, 1, 1, 1]
(0, (1, 0, 1), (2, 0)): [8, 42, 19, 15, 7, 4, 0, 1]
(0, (1, 0, 1), (2, 1)): [12, 50, 15, 14, 6, 2, 0, 0, 1]
(0, (1, 0, 1), (2, 2)): [15, 34, 12, 9, 4, 3, 0, 1, 1]
(0, (1, 0, 1), (3, 0)): [2, 14, 9, 9, 4, 3, 0, 1]
(0, (1, 0, 1), (3, 1)): [3, 15, 8, 4, 7, 2]
(0, (1, 0, 1), (3, 2)): [6, 14, 9, 5, 6, 1, 0, 0, 1]
(0, (1, 1, 0), (0, 0)): [15806, 10558, 8527, 5900, 3256, 1539, 696, 346, 142, 67, 34, 12, 6, 1]
(0, (1, 1, 0), (0, 1)): [214, 115, 74, 66, 42, 12, 7, 5, 0, 0, 1]
(0, (1, 1, 0), (0, 2)): [69, 36, 30, 22, 18, 3, 3, 3]
(0, (1, 1, 0), (1, 0)): [172, 127, 100, 72, 50, 24, 7, 4, 1, 2]
(0, (1, 1, 0), (1, 1)): [145, 85, 60, 52, 29, 13, 3, 2, 0, 1, 1]
(0, (1, 1, 0), (1, 2)): [91, 44, 36, 34, 16, 7, 3, 3, 0, 1]
(0, (1, 1, 0), (2, 0)): [42, 41, 38, 26, 19, 9, 4, 3, 1, 1]
(0, (1, 1, 0), (2, 1)): [62, 47, 37, 25, 21, 6, 2, 3, 0, 1]
(0, (1, 1, 0), (2, 2)): [58, 42, 33, 25, 12, 7, 1, 2, 0, 2]
(0, (1, 1, 0), (3, 0)): [12, 15, 16, 11, 8, 4, 2, 1, 1]
(0, (1, 1, 0), (3, 1)): [28, 20, 19, 14, 10, 4, 3, 1, 1]
(0, (1, 1, 0), (3, 2)): [44, 26, 21, 16, 8, 3, 1, 1, 1]
(0, (1, 1, 1), (0, 0)): [1601, 3056, 2611, 2080, 1642, 812, 392, 201, 89, 36, 24, 9, 1, 1, 1]
(0, (1, 1, 1), (0, 1)): [27, 36, 39, 29, 14, 3, 2, 1, 1, 2, 1, 1]
(0, (1, 1, 1), (0, 2)): [11, 15, 11, 8, 7, 1, 0, 0, 1, 0, 0, 1]
(0, (1, 1, 1), (1, 0)): [17, 45, 50, 31, 35, 16, 5, 4, 1, 0, 1]
(0, (1, 1, 1), (1, 1)): [19, 30, 38, 26, 14, 7, 3, 3, 0, 1, 1]
(0, (1, 1, 1), (1, 2)): [15, 18, 19, 10, 5, 3, 2, 0, 1, 0, 0, 1]
(0, (1, 1, 1), (2, 0)): [5, 17, 14, 16, 19, 3, 1, 1, 1, 0, 1]
(0, (1, 1, 1), (2, 1)): [8, 17, 19, 13, 15, 4, 0, 3, 1]
(0, (1, 1, 1), (2, 2)): [9, 20, 14, 12, 9, 3, 2, 2, 0, 0, 0, 1]
(0, (1, 1, 1), (3, 0)): [1, 2, 6, 6, 6, 0, 0, 0, 0, 0, 1]
(0, (1, 1, 1), (3, 1)): [2, 5, 7, 11, 7, 0, 0, 0, 0, 0, 1]
(0, (1, 1, 1), (3, 2)): [4, 4, 9, 10, 6, 1, 1, 0, 0, 0, 0, 1]
(1, (0, 0, 0), (0, 0)): [417472, 46102, 19295, 7834, 3125, 1227, 469, 198, 74, 33, 13, 10, 4, 2, 0, 1]
(1, (0, 0, 0), (0, 1)): [5029, 519, 222, 81, 42, 9, 2, 4, 1, 0, 0, 0, 0, 1]
(1, (0, 0, 0), (0, 2)): [1705, 139, 61, 21, 7, 1, 0, 1]
(1, (0, 0, 0), (1, 0)): [5001, 642, 309, 107, 50, 21, 10, 3, 0, 1, 0, 0, 0, 0, 0, 1]
(1, (0, 0, 0), (1, 1)): [4402, 519, 217, 75, 39, 14, 5, 2, 1, 1, 0, 0, 0, 1]
(1, (0, 0, 0), (1, 2)): [2621, 263, 96, 39, 16, 6, 2, 2]
(1, (0, 0, 0), (2, 0)): [1776, 249, 151, 43, 25, 12, 4, 2, 0, 0, 0, 0, 0, 0, 0, 1]
(1, (0, 0, 0), (2, 1)): [2450, 322, 154, 49, 34, 11, 3, 1, 0, 1]
(1, (0, 0, 0), (2, 2)): [2197, 247, 96, 33, 16, 7, 4, 2]
(1, (0, 0, 0), (3, 0)): [617, 89, 70, 22, 11, 4, 2, 0, 0, 0, 0, 0, 0, 0, 0, 1]
(1, (0, 0, 0), (3, 1)): [1079, 173, 105, 35, 22, 5, 1]
(1, (0, 0, 0), (3, 2)): [1307, 176, 98, 33, 16, 7, 2, 2]
(1, (0, 0, 1), (0, 0)): [11951, 18760, 3701, 1573, 666, 282, 120, 57, 28, 8, 6, 4, 2, 1]
(1, (0, 0, 1), (0, 1)): [114, 146, 31, 10, 3, 1, 3]
(1, (0, 0, 1), (0, 2)): [44, 47, 12, 2, 0, 0, 1]
(1, (0, 0, 1), (1, 0)): [147, 203, 44, 17, 10, 7, 4, 1, 1]
(1, (0, 0, 1), (1, 1)): [111, 140, 26, 9, 4, 2, 2, 1]
(1, (0, 0, 1), (1, 2)): [78, 67, 13, 4, 2, 1, 1]
(1, (0, 0, 1), (2, 0)): [67, 84, 24, 12, 5, 5, 4, 0, 1]
(1, (0, 0, 1), (2, 1)): [56, 70, 15, 6, 2, 2, 4, 1]
(1, (0, 0, 1), (2, 2)): [56, 53, 9, 5, 2, 1]
(1, (0, 0, 1), (3, 0)): [30, 42, 14, 8, 4, 3, 2, 0, 1]
(1, (0, 0, 1), (3, 1)): [35, 42, 6, 6, 2, 1, 2, 1]
(1, (0, 0, 1), (3, 2)): [36, 38, 8, 7, 2, 1, 1]
(1, (0, 1, 0), (0, 0)): [57548, 28094, 9813, 4161, 1744, 704, 264, 130, 33, 25, 9, 5, 5, 1, 1]
(1, (0, 1, 0), (0, 1)): [523, 238, 92, 34, 11, 4, 3, 1, 1]
(1, (0, 1, 0), (0, 2)): [183, 87, 25, 6, 3, 1, 1]
(1, (0, 1, 0), (1, 0)): [722, 337, 113, 72, 39, 14, 3, 2, 0, 0, 1, 0, 0, 1]
(1, (0, 1, 0), (1, 1)): [502, 214, 77, 40, 17, 6, 3, 1, 1, 0, 0, 0, 0, 1]
(1, (0, 1, 0), (1, 2)): [282, 120, 39, 14, 6, 3, 2]
(1, (0, 1, 0), (2, 0)): [323, 137, 54, 48, 21, 9, 2, 2, 0, 0, 1]
(1, (0, 1, 0), (2, 1)): [286, 124, 37, 32, 16, 6, 4, 2, 0, 0, 1, 0, 0, 1]
(1, (0, 1, 0), (2, 2)): [242, 110, 31, 18, 9, 1, 1]
(1, (0, 1, 0), (3, 0)): [168, 71, 23, 33, 15, 3, 0, 1]
(1, (0, 1, 0), (3, 1)): [150, 51, 25, 21, 11, 4, 1, 1, 0, 0, 0, 0, 0, 1]
(1, (0, 1, 0), (3, 2)): [142, 62, 24, 21, 12, 0, 0, 0, 0, 0, 0, 0, 0, 1]
(1, (0, 1, 1), (0, 0)): [9845, 8554, 8263, 3261, 1660, 672, 270, 113, 64, 14, 7, 3, 1, 1, 0, 1]
(1, (0, 1, 1), (0, 1)): [85, 70, 53, 18, 12, 6, 4, 1]
(1, (0, 1, 1), (0, 2)): [39, 16, 15, 5, 4, 0, 1]
(1, (0, 1, 1), (1, 0)): [161, 120, 89, 48, 41, 10, 4, 3, 1, 1]
(1, (0, 1, 1), (1, 1)): [73, 60, 44, 20, 11, 4, 4, 2]
(1, (0, 1, 1), (1, 2)): [50, 24, 22, 12, 2, 1, 1]
(1, (0, 1, 1), (2, 0)): [112, 82, 56, 30, 33, 9, 3, 2, 1, 1]
(1, (0, 1, 1), (2, 1)): [47, 37, 27, 10, 5, 5, 3, 1]
(1, (0, 1, 1), (2, 2)): [40, 27, 20, 11, 5, 0, 0, 1]
(1, (0, 1, 1), (3, 0)): [92, 72, 44, 24, 31, 7, 3, 2, 1, 1]
(1, (0, 1, 1), (3, 1)): [22, 18, 12, 3, 2, 3, 3]
(1, (0, 1, 1), (3, 2)): [23, 23, 15, 3, 3, 1, 1]
(1, (1, 0, 0), (0, 0)): [170199, 31773, 19710, 8693, 3496, 1470, 562, 216, 101, 49, 19, 14, 3, 2, 0, 2]
(1, (1, 0, 0), (0, 1)): [1911, 293, 218, 88, 35, 13, 9, 1, 0, 2]
(1, (1, 0, 0), (0, 2)): [647, 85, 78, 28, 11, 3, 5, 0, 0, 2]
(1, (1, 0, 0), (1, 0)): [1943, 369, 264, 119, 46, 17, 7, 6, 1, 1, 0, 0, 1, 0, 0, 1]
(1, (1, 0, 0), (1, 1)): [1590, 258, 185, 58, 32, 10, 5, 3, 0, 0, 0, 0, 0, 0, 0, 1]
(1, (1, 0, 0), (1, 2)): [888, 115, 96, 26, 16, 6, 4, 1, 0, 1]
(1, (1, 0, 0), (2, 0)): [635, 148, 105, 59, 22, 11, 4, 0, 1, 1, 0, 0, 1]
(1, (1, 0, 0), (2, 1)): [828, 154, 111, 47, 21, 8, 2, 1, 1, 0, 0, 0, 0, 0, 0, 1]
(1, (1, 0, 0), (2, 2)): [683, 111, 82, 36, 17, 6, 2, 0, 0, 1]
(1, (1, 0, 0), (3, 0)): [211, 63, 36, 24, 11, 4, 2, 0, 0, 1, 0, 0, 1]
(1, (1, 0, 0), (3, 1)): [318, 83, 52, 32, 12, 4, 2, 1, 0, 0, 0, 0, 0, 0, 0, 1]
(1, (1, 0, 0), (3, 2)): [352, 76, 45, 30, 11, 7, 2, 0, 0, 0, 0, 0, 0, 0, 0, 1]
(1, (1, 0, 1), (0, 0)): [13256, 17212, 5690, 3685, 1552, 696, 266, 108, 46, 35, 12, 3, 0, 1]
(1, (1, 0, 1), (0, 1)): [162, 139, 44, 36, 16, 8, 5, 0, 3, 2]
(1, (1, 0, 1), (0, 2)): [72, 43, 11, 15, 2, 5, 1, 0, 0, 1]
(1, (1, 0, 1), (1, 0)): [154, 193, 52, 39, 21, 12, 3, 0, 0, 2]
(1, (1, 0, 1), (1, 1)): [125, 115, 32, 27, 20, 2, 4, 0, 2]
(1, (1, 0, 1), (1, 2)): [83, 59, 21, 20, 6, 3, 2, 0, 0, 1]
(1, (1, 0, 1), (2, 0)): [53, 71, 17, 14, 7, 7, 1, 0, 0, 1]
(1, (1, 0, 1), (2, 1)): [67, 62, 13, 15, 10, 4, 3, 0, 2]
(1, (1, 0, 1), (2, 2)): [56, 42, 16, 7, 5, 3, 2, 0, 1]
(1, (1, 0, 1), (3, 0)): [18, 35, 7, 5, 4, 3, 0, 0, 0, 1]
(1, (1, 0, 1), (3, 1)): [20, 35, 4, 9, 8, 5]
(1, (1, 0, 1), (3, 2)): [26, 23, 11, 6, 8, 6, 2, 0, 1]
(1, (1, 1, 0), (0, 0)): [46055, 14835, 10505, 7138, 3130, 1376, 549, 220, 83, 43, 14, 9, 5, 4, 1]
(1, (1, 1, 0), (0, 1)): [524, 141, 113, 75, 28, 10, 9, 2]
(1, (1, 1, 0), (0, 2)): [183, 50, 36, 22, 9, 2, 1]
(1, (1, 1, 0), (1, 0)): [532, 179, 130, 105, 47, 13, 5, 3, 1, 1, 0, 0, 2, 1]
(1, (1, 1, 0), (1, 1)): [417, 119, 101, 70, 26, 6, 8, 3, 0, 1]
(1, (1, 1, 0), (1, 2)): [289, 69, 52, 45, 12, 3, 2, 1]
(1, (1, 1, 0), (2, 0)): [195, 69, 44, 38, 24, 8, 1, 1, 1, 0, 0, 0, 2, 1]
(1, (1, 1, 0), (2, 1)): [221, 74, 53, 40, 15, 3, 4, 1, 0, 1, 0, 0, 1]
(1, (1, 1, 0), (2, 2)): [212, 54, 34, 24, 14, 1, 1, 1]
(1, (1, 1, 0), (3, 0)): [57, 24, 17, 13, 15, 6, 1, 1, 1, 0, 0, 0, 1]
(1, (1, 1, 0), (3, 1)): [98, 34, 23, 19, 13, 2, 4, 2, 0, 1, 0, 0, 1]
(1, (1, 1, 0), (3, 2)): [118, 38, 25, 13, 14, 1, 3, 3, 0, 1, 0, 0, 1]
(1, (1, 1, 1), (0, 0)): [9506, 7861, 5142, 3517, 2506, 1115, 462, 172, 79, 31, 13, 10, 5, 2, 1, 1]
(1, (1, 1, 1), (0, 1)): [135, 98, 73, 40, 38, 10, 4, 3, 1]
(1, (1, 1, 1), (0, 2)): [67, 39, 27, 12, 15, 2, 2]
(1, (1, 1, 1), (1, 0)): [122, 103, 81, 42, 40, 18, 10, 2, 2, 2, 0, 1, 1]
(1, (1, 1, 1), (1, 1)): [96, 63, 54, 31, 37, 9, 2, 2, 1]
(1, (1, 1, 1), (1, 2)): [77, 33, 36, 20, 20, 5, 2]
(1, (1, 1, 1), (2, 0)): [41, 44, 37, 19, 15, 11, 5, 2, 1, 1, 0, 1, 1]
(1, (1, 1, 1), (2, 1)): [49, 44, 37, 18, 26, 5, 2, 2, 1, 1, 0, 1]
(1, (1, 1, 1), (2, 2)): [52, 30, 32, 16, 22, 3, 3, 1]
(1, (1, 1, 1), (3, 0)): [11, 17, 12, 11, 4, 7, 3, 0, 1, 0, 0, 0, 1]
(1, (1, 1, 1), (3, 1)): [22, 21, 9, 11, 9, 6, 2, 1, 0, 0, 0, 0, 1]
(1, (1, 1, 1), (3, 2)): [36, 21, 15, 16, 14, 6, 2, 1]
(2, (0, 0, 0), (0, 0)): [357864, 15862, 5537, 1772, 641, 231, 77, 30, 7, 2, 1]
(2, (0, 0, 0), (0, 1)): [4510, 188, 66, 18, 10, 4]
(2, (0, 0, 0), (0, 2)): [1473, 44, 12, 6, 1, 1]
(2, (0, 0, 0), (1, 0)): [4604, 284, 94, 33, 8, 7, 2]
(2, (0, 0, 0), (1, 1)): [4065, 188, 73, 16, 9, 4, 1]
(2, (0, 0, 0), (1, 2)): [2349, 82, 32, 10, 5, 3, 1]
(2, (0, 0, 0), (2, 0)): [1697, 122, 42, 21, 4, 4, 1]
(2, (0, 0, 0), (2, 1)): [2381, 124, 49, 17, 3, 3]
(2, (0, 0, 0), (2, 2)): [1997, 90, 32, 13, 5, 4]
(2, (0, 0, 0), (3, 0)): [628, 50, 22, 11, 2, 2, 1]
(2, (0, 0, 0), (3, 1)): [1095, 63, 34, 13, 3, 3]
(2, (0, 0, 0), (3, 2)): [1292, 69, 39, 12, 1, 3]
(2, (0, 0, 1), (0, 0)): [36408, 11959, 2283, 782, 286, 116, 34, 10, 1, 2, 0, 1]
(2, (0, 0, 1), (0, 1)): [338, 109, 21, 8, 5, 3, 1]
(2, (0, 0, 1), (0, 2)): [131, 26, 8, 1, 1, 1]
(2, (0, 0, 1), (1, 0)): [420, 130, 43, 13, 5, 2, 0, 1]
(2, (0, 0, 1), (1, 1)): [310, 90, 24, 7, 4, 1, 1]
(2, (0, 0, 1), (1, 2)): [189, 41, 12, 4, 2, 1, 1]
(2, (0, 0, 1), (2, 0)): [191, 58, 18, 10, 4, 2, 0, 1]
(2, (0, 0, 1), (2, 1)): [190, 56, 17, 6, 5, 0, 0, 1]
(2, (0, 0, 1), (2, 2)): [160, 28, 15, 3, 3, 1, 1]
(2, (0, 0, 1), (3, 0)): [102, 25, 11, 6, 1, 2]
(2, (0, 0, 1), (3, 1)): [106, 27, 8, 5, 3]
(2, (0, 0, 1), (3, 2)): [112, 30, 10, 3, 2, 1]
(2, (0, 1, 0), (0, 0)): [93235, 21650, 5458, 1917, 644, 229, 70, 16, 5, 1, 1, 0, 1]
(2, (0, 1, 0), (0, 1)): [875, 164, 40, 11, 7, 1, 1]
(2, (0, 1, 0), (0, 2)): [318, 36, 12, 0, 3]
(2, (0, 1, 0), (1, 0)): [1252, 222, 105, 44, 12, 5, 1, 0, 0, 0, 0, 0, 1]
(2, (0, 1, 0), (1, 1)): [821, 157, 55, 19, 6, 3, 1]
(2, (0, 1, 0), (1, 2)): [440, 69, 23, 8, 2]
(2, (0, 1, 0), (2, 0)): [610, 100, 52, 30, 8, 1, 1, 0, 0, 0, 0, 0, 1]
(2, (0, 1, 0), (2, 1)): [553, 94, 34, 14, 5, 1, 0, 0, 0, 0, 0, 0, 1]
(2, (0, 1, 0), (2, 2)): [437, 61, 21, 12, 3]
(2, (0, 1, 0), (3, 0)): [345, 51, 32, 18, 5, 0, 1]
(2, (0, 1, 0), (3, 1)): [294, 56, 29, 11, 7, 0, 1, 0, 0, 0, 0, 0, 1]
(2, (0, 1, 0), (3, 2)): [303, 50, 21, 8, 3, 0, 1, 0, 0, 0, 0, 0, 1]
(2, (0, 1, 1), (0, 0)): [22750, 2014, 5400, 1451, 563, 185, 73, 27, 11, 4, 1]
(2, (0, 1, 1), (0, 1)): [213, 17, 36, 9, 1, 2, 1, 1]
(2, (0, 1, 1), (0, 2)): [85, 4, 12, 4, 0, 1, 1]
(2, (0, 1, 1), (1, 0)): [312, 37, 57, 20, 14, 3, 2]
(2, (0, 1, 1), (1, 1)): [184, 16, 32, 8, 3, 1, 1, 1]
(2, (0, 1, 1), (1, 2)): [126, 5, 17, 5, 1, 1, 2]
(2, (0, 1, 1), (2, 0)): [168, 28, 26, 14, 12, 3, 1]
(2, (0, 1, 1), (2, 1)): [98, 16, 23, 6, 2, 1]
(2, (0, 1, 1), (2, 2)): [88, 10, 15, 4, 0, 1, 1]
(2, (0, 1, 1), (3, 0)): [123, 19, 15, 8, 11, 3, 1]
(2, (0, 1, 1), (3, 1)): [55, 8, 11, 4, 0, 1]
(2, (0, 1, 1), (3, 2)): [62, 12, 11, 4, 0, 2]
(2, (1, 0, 0), (0, 0)): [208371, 16063, 9552, 3112, 1075, 337, 132, 41, 12, 5, 2]
(2, (1, 0, 0), (0, 1)): [2140, 120, 103, 28, 6, 5, 1]
(2, (1, 0, 0), (0, 2)): [722, 32, 30, 7, 2, 1, 1]
(2, (1, 0, 0), (1, 0)): [2418, 213, 147, 61, 20, 6, 3]
(2, (1, 0, 0), (1, 1)): [1807, 129, 105, 27, 6, 2]
(2, (1, 0, 0), (1, 2)): [1042, 53, 48, 18, 2, 2]
(2, (1, 0, 0), (2, 0)): [853, 97, 57, 32, 12, 3, 2]
(2, (1, 0, 0), (2, 1)): [997, 82, 61, 18, 9, 3]
(2, (1, 0, 0), (2, 2)): [802, 52, 45, 13, 4, 4]
(2, (1, 0, 0), (3, 0)): [275, 42, 16, 18, 3, 1, 2]
(2, (1, 0, 0), (3, 1)): [423, 46, 31, 16, 5, 1, 2]
(2, (1, 0, 0), (3, 2)): [476, 43, 26, 11, 2, 5]
(2, (1, 0, 1), (0, 0)): [34483, 9061, 3818, 2136, 661, 247, 88, 29, 12, 2, 0, 2]
(2, (1, 0, 1), (0, 1)): [421, 82, 38, 27, 13, 1, 0, 0, 0, 0, 0, 1]
(2, (1, 0, 1), (0, 2)): [163, 18, 11, 8, 5]
(2, (1, 0, 1), (1, 0)): [400, 91, 47, 31, 16, 5, 1]
(2, (1, 0, 1), (1, 1)): [341, 72, 29, 22, 12, 1, 1, 0, 0, 0, 0, 1]
(2, (1, 0, 1), (1, 2)): [214, 28, 6, 9, 4, 0, 0, 0, 0, 0, 0, 1]
(2, (1, 0, 1), (2, 0)): [137, 29, 23, 16, 2, 2]
(2, (1, 0, 1), (2, 1)): [185, 44, 13, 12, 8, 2]
(2, (1, 0, 1), (2, 2)): [149, 26, 5, 5, 6, 1, 0, 0, 0, 0, 0, 1]
(2, (1, 0, 1), (3, 0)): [57, 9, 12, 10, 1]
(2, (1, 0, 1), (3, 1)): [85, 20, 8, 10, 3]
(2, (1, 0, 1), (3, 2)): [95, 19, 3, 2, 6, 1]
(2, (1, 1, 0), (0, 0)): [79883, 12872, 6739, 4133, 1399, 481, 138, 49, 21, 8, 4, 0, 1, 1]
(2, (1, 1, 0), (0, 1)): [895, 136, 69, 46, 11, 4, 2]
(2, (1, 1, 0), (0, 2)): [310, 41, 20, 8, 2]
(2, (1, 1, 0), (1, 0)): [973, 144, 89, 69, 19, 10, 2, 2, 1, 1]
(2, (1, 1, 0), (1, 1)): [756, 100, 59, 46, 12, 5, 1, 1, 1, 1]
(2, (1, 1, 0), (1, 2)): [462, 52, 37, 17, 1, 2, 1]
(2, (1, 1, 0), (2, 0)): [362, 60, 39, 30, 11, 6, 1, 1]
(2, (1, 1, 0), (2, 1)): [441, 52, 31, 27, 12, 6, 0, 1, 1, 1]
(2, (1, 1, 0), (2, 2)): [360, 47, 26, 21, 7, 3, 1, 0, 1]
(2, (1, 1, 0), (3, 0)): [132, 30, 18, 16, 5, 3, 1]
(2, (1, 1, 0), (3, 1)): [188, 26, 19, 20, 2, 5, 1, 1]
(2, (1, 1, 0), (3, 2)): [231, 28, 17, 19, 7, 2, 1, 0, 1]
(2, (1, 1, 1), (0, 0)): [23380, 3527, 4070, 2131, 1465, 502, 154, 55, 27, 5, 3, 0, 0, 1]
(2, (1, 1, 1), (0, 1)): [325, 31, 45, 25, 24, 4, 3, 2, 1]
(2, (1, 1, 1), (0, 2)): [143, 5, 12, 5, 4, 1, 0, 0, 1]
(2, (1, 1, 1), (1, 0)): [286, 90, 53, 41, 19, 10, 4, 0, 1]
(2, (1, 1, 1), (1, 1)): [252, 36, 39, 23, 21, 3, 2]
(2, (1, 1, 1), (1, 2)): [174, 12, 16, 11, 9, 2, 1]
(2, (1, 1, 1), (2, 0)): [86, 69, 19, 20, 8, 6, 3]
(2, (1, 1, 1), (2, 1)): [110, 38, 21, 16, 11, 3, 3]
(2, (1, 1, 1), (2, 2)): [128, 20, 16, 13, 6, 2, 1]
(2, (1, 1, 1), (3, 0)): [22, 50, 8, 11, 2, 3]
(2, (1, 1, 1), (3, 1)): [43, 41, 10, 11, 5, 2, 2]
(2, (1, 1, 1), (3, 2)): [69, 29, 12, 14, 6, 4, 2]
