(0, (0, 0, 0)): [33820, 7231, 3525, 1710, 778, 384, 161, 65, 24, 13, 6, 3]
(0, (0, 0, 1)): [74, 268, 99, 55, 14, 10, 8, 2]
(0, (0, 1, 0)): [1300, 1265, 492, 264, 143, 47, 31, 16, 1, 3, 0, 1]
(0, (0, 1, 1)): [104, 167, 211, 94, 49, 33, 13, 2, 7, 0, 1]
(0, (1, 0, 0)): [6506, 2120, 1620, 849, 414, 200, 82, 36, 18, 6, 6, 1]
(0, (1, 0, 1)): [134, 479, 191, 154, 94, 35, 25, 8, 2, 3]
(0, (1, 1, 0)): [1046, 663, 494, 389, 211, 116, 45, 23, 10, 6, 3, 1]
(0, (1, 1, 1)): [97, 208, 169, 98, 125, 61, 34, 15, 7, 2, 1]
(1, (0, 0, 0)): [26166, 3363, 1459, 599, 219, 122, 45, 16, 2, 3, 1]
(1, (0, 0, 1)): [662, 995, 229, 89, 44, 12, 9, 1]
(1, (0, 1, 0)): [3561, 1491, 601, 301, 108, 58, 19, 6, 3, 1]
(1, (0, 1, 1)): [498, 512, 370, 173, 94, 53, 11, 8, 3, 1, 1]
(1, (1, 0, 0)): [9633, 1665, 1317, 583, 242, 134, 48, 19, 4, 3, 3]
(1, (1, 0, 1)): [824, 926, 292, 223, 109, 47, 13, 5, 1, 1]
(1, (1, 1, 0)): [3028, 885, 574, 509, 210, 121, 38, 13, 5, 4, 3]
(1, (1, 1, 1)): [626, 514, 282, 221, 186, 92, 36, 20, 4, 1]
(2, (0, 0, 0)): [23320, 1369, 491, 149, 52, 17, 7, 4]
(2, (0, 0, 1)): [2222, 618, 165, 57, 20, 9, 2, 1, 0, 1]
(2, (0, 1, 0)): [6006, 1151, 369, 134, 40, 14, 5, 1]
(2, (0, 1, 1)): [1393, 108, 284, 89, 33, 28, 3, 1]
(2, (1, 0, 0)): [11690, 876, 741, 251, 72, 28, 10, 4, 2]
(2, (1, 0, 1)): [2290, 492, 187, 156, 44, 13, 5, 2, 0, 1]
(2, (1, 1, 0)): [5061, 710, 417, 320, 101, 37, 12, 6, 2]
(2, (1, 1, 1)): [1604, 240, 257, 133, 119, 39, 14, 7, 2]
