(0, (0, 0, 0), (0, 0)): [14310, 3086, 1482, 736, 336, 150, 63, 25, 9, 8, 2, 0, 1]
(0, (0, 0, 0), (1, 0)): [1]
(0, (0, 0, 0), (2, 0)): [1]
(0, (0, 0, 0), (3, 0)): [1]
(0, (0, 0, 0), (3, 1)): [1]
(0, (0, 0, 0), (3, 2)): [1]
(0, (0, 0, 1), (0, 0)): [65, 208, 48, 24, 18, 7, 2, 0, 4]
(0, (0, 1, 0), (0, 0)): [453, 493, 216, 80, 52, 28, 10, 5, 2]
(0, (0, 1, 0), (0, 1)): [1]
(0, (0, 1, 0), (0, 2)): [1]
(0, (0, 1, 1), (0, 0)): [43, 81, 108, 42, 27, 10, 3, 1, 3, 1]
(0, (0, 1, 1), (0, 1)): [0, 0, 0, 1]
(0, (0, 1, 1), (0, 2)): [0, 0, 0, 1]
(0, (1, 0, 0), (0, 0)): [3214, 1114, 744, 401, 211, 85, 37, 21, 7, 7, 2, 0, 1]
(0, (1, 0, 0), (0, 1)): [1]
(0, (1, 0, 0), (0, 2)): [1]
(0, (1, 0, 1), (0, 0)): [72, 271, 110, 71, 39, 19, 10, 3, 2, 0, 0, 1]
(0, (1, 1, 0), (0, 0)): [439, 291, 255, 212, 117, 41, 19, 14, 5, 2, 1, 0, 1]
(0, (1, 1, 1), (0, 0)): [54, 91, 79, 66, 54, 30, 9, 4, 2, 0, 1]
(1, (0, 0, 0), (0, 0)): [11386, 1334, 545, 260, 91, 43, 19, 5, 0, 1]
(1, (0, 0, 1), (0, 0)): [294, 505, 93, 40, 20, 5, 4]
(1, (0, 1, 0), (0, 0)): [1476, 760, 262, 111, 66, 19, 6, 5, 0, 1]
(1, (0, 1, 1), (0, 0)): [257, 225, 236, 103, 57, 19, 4, 2, 4, 1]
(1, (0, 1, 1), (0, 1)): [0, 0, 0, 1]
(1, (0, 1, 1), (0, 2)): [0, 0, 0, 1]
(1, (0, 1, 1), (1, 2)): [0, 0, 0, 1]
(1, (1, 0, 0), (0, 0)): [4739, 912, 570, 282, 102, 50, 21, 7, 1, 1, 1]
(1, (1, 0, 1), (0, 0)): [373, 474, 155, 101, 46, 23, 9, 3, 0, 1, 1]
(1, (1, 0, 1), (0, 1)): [1]
(1, (1, 0, 1), (0, 2)): [1]
(1, (1, 1, 0), (0, 0)): [1412, 441, 330, 224, 100, 34, 20, 9, 1]
(1, (1, 1, 1), (0, 0)): [279, 233, 181, 111, 87, 34, 14, 4, 1, 0, 1]
(1, (1, 1, 1), (0, 1)): [0, 0, 0, 0, 1]
(2, (0, 0, 0), (0, 0)): [9822, 467, 156, 58, 15, 7, 4, 1]
(2, (0, 0, 1), (0, 0)): [915, 267, 60, 19, 6, 2, 2]
(2, (0, 1, 0), (0, 0)): [2508, 635, 147, 61, 17, 7, 3, 1]
(2, (0, 1, 1), (0, 0)): [587, 52, 142, 43, 21, 6, 4, 0, 1]
(2, (1, 0, 0), (0, 0)): [5683, 470, 274, 104, 35, 6, 5, 1, 1]
(2, (1, 0, 1), (0, 0)): [956, 267, 113, 57, 20, 6, 3, 1, 1]
(2, (1, 1, 0), (0, 0)): [2485, 415, 214, 137, 51, 13, 10, 3, 1]
(2, (1, 1, 1), (0, 0)): [738, 114, 148, 63, 58, 20, 9, 0, 1]
(2, (1, 1, 1), (0, 1)): [1]
(2, (1, 1, 1), (0, 2)): [1]
(2, (1, 1, 1), (1, 2)): [1]
