(0, (0, 0, 0), (0, 0)): [33036, 6905, 3162, 1522, 678, 292, 129, 46, 19, 6, 6, 2, 1, 0, 1]
(0, (0, 0, 0), (0, 1)): [17238, 3562, 1660, 798, 373, 168, 73, 20, 9, 3, 5, 2, 1, 0, 1]
(0, (0, 0, 0), (0, 2)): [7629, 1574, 792, 370, 176, 83, 35, 6, 6, 0, 2, 0, 1]
(0, (0, 0, 0), (1, 0)): [12641, 2662, 1202, 570, 252, 92, 43, 20, 10, 2, 1]
(0, (0, 0, 0), (1, 1)): [13983, 2881, 1317, 617, 278, 96, 58, 21, 10, 4, 3, 1]
(0, (0, 0, 0), (1, 2)): [10625, 2180, 1065, 484, 235, 93, 40, 15, 6, 2, 2, 1]
(0, (0, 0, 0), (2, 0)): [3488, 748, 314, 170, 70, 32, 9, 10]
(0, (0, 0, 0), (2, 1)): [6816, 1420, 612, 312, 143, 58, 26, 12, 3, 2, 2]
(0, (0, 0, 0), (2, 2)): [8416, 1738, 823, 397, 182, 73, 28, 10, 8, 1, 1]
(0, (0, 0, 0), (3, 0)): [598, 121, 63, 24, 11, 7, 3, 2]
(0, (0, 0, 0), (3, 1)): [1943, 395, 190, 82, 47, 21, 8, 5, 0, 1, 1]
(0, (0, 0, 0), (3, 2)): [4199, 843, 399, 194, 92, 30, 12, 9, 1, 1, 2]
(0, (0, 0, 1), (0, 0)): [89, 311, 77, 39, 14, 7, 4, 0, 0, 0, 1]
(0, (0, 0, 1), (0, 1)): [51, 149, 45, 17, 4, 4, 0, 0, 0, 0, 1]
(0, (0, 0, 1), (0, 2)): [25, 71, 24, 8, 2, 2]
(0, (0, 0, 1), (1, 0)): [28, 124, 25, 17, 6, 2, 4]
(0, (0, 0, 1), (1, 1)): [30, 122, 25, 13, 2, 2, 4, 0, 0, 0, 1]
(0, (0, 0, 1), (1, 2)): [23, 85, 30, 15, 1, 2, 2]
(0, (0, 0, 1), (2, 0)): [7, 40, 9, 4, 2]
(0, (0, 0, 1), (2, 1)): [16, 73, 11, 3, 3, 0, 1, 0, 0, 0, 1]
(0, (0, 0, 1), (2, 2)): [16, 79, 19, 8, 1, 0, 1]
(0, (0, 0, 1), (3, 0)): [0, 5, 3, 0, 1]
(0, (0, 0, 1), (3, 1)): [3, 20, 3, 0, 2, 0, 0, 0, 0, 0, 1]
(0, (0, 0, 1), (3, 2)): [11, 36, 9, 3, 1, 0, 1, 0, 0, 0, 1]
(0, (0, 1, 0), (0, 0)): [1335, 1245, 477, 261, 109, 64, 35, 8, 2, 0, 1]
(0, (0, 1, 0), (0, 1)): [712, 616, 239, 127, 58, 36, 19, 7, 0, 0, 1]
(0, (0, 1, 0), (0, 2)): [298, 298, 113, 58, 26, 14, 9, 2, 0, 0, 1]
(0, (0, 1, 0), (1, 0)): [492, 500, 194, 108, 44, 24, 14, 0, 2]
(0, (0, 1, 0), (1, 1)): [580, 510, 185, 107, 40, 26, 21, 2, 1]
(0, (0, 1, 0), (1, 2)): [410, 413, 149, 81, 31, 22, 17, 1, 1, 0, 1]
(0, (0, 1, 0), (2, 0)): [135, 138, 49, 36, 14, 7, 1]
(0, (0, 1, 0), (2, 1)): [290, 261, 99, 57, 25, 12, 6, 1]
(0, (0, 1, 0), (2, 2)): [320, 313, 123, 69, 25, 17, 11, 1, 1]
(0, (0, 1, 0), (3, 0)): [16, 17, 5, 2, 3]
(0, (0, 1, 0), (3, 1)): [70, 71, 24, 12, 10, 2]
(0, (0, 1, 0), (3, 2)): [148, 141, 58, 33, 13, 5, 2]
(0, (0, 1, 1), (0, 0)): [105, 166, 206, 92, 51, 25, 13, 6, 0, 2, 0, 2]
(0, (0, 1, 1), (0, 1)): [51, 84, 107, 48, 23, 12, 8, 3, 0, 2, 0, 2]
(0, (0, 1, 1), (0, 2)): [22, 36, 45, 31, 12, 7, 4, 2, 0, 0, 0, 1]
(0, (0, 1, 1), (1, 0)): [42, 60, 80, 35, 21, 7, 4, 3]
(0, (0, 1, 1), (1, 1)): [44, 71, 101, 31, 24, 6, 6, 4, 0, 1, 0, 1]
(0, (0, 1, 1), (1, 2)): [33, 45, 74, 27, 22, 9, 3, 1, 0, 0, 0, 1]
(0, (0, 1, 1), (2, 0)): [8, 9, 16, 9, 2, 4, 2]
(0, (0, 1, 1), (2, 1)): [16, 31, 42, 14, 6, 5, 5, 1, 0, 1]
(0, (0, 1, 1), (2, 2)): [31, 44, 59, 20, 9, 8, 2, 1, 0, 1]
(0, (0, 1, 1), (3, 0)): [2, 2, 6, 3, 0, 2, 1]
(0, (0, 1, 1), (3, 1)): [3, 12, 11, 5, 1, 3, 3]
(0, (0, 1, 1), (3, 2)): [16, 24, 34, 12, 4, 3, 3, 1]
(0, (1, 0, 0), (0, 0)): [6726, 1954, 1445, 765, 345, 145, 60, 35, 12, 5, 4, 1, 1, 0, 1]
(0, (1, 0, 0), (0, 1)): [3474, 1026, 757, 398, 184, 86, 30, 12, 5, 3, 3, 1, 1, 0, 1]
(0, (1, 0, 0), (0, 2)): [1571, 427, 353, 191, 92, 46, 12, 5, 4, 0, 1, 0, 1]
(0, (1, 0, 0), (1, 0)): [2607, 746, 551, 293, 135, 42, 22, 19, 7, 1, 1]
(0, (1, 0, 0), (1, 1)): [2845, 845, 641, 311, 150, 49, 31, 16, 6, 4, 2, 1]
(0, (1, 0, 0), (1, 2)): [2205, 624, 490, 231, 136, 47, 20, 13, 3, 2, 1, 1]
(0, (1, 0, 0), (2, 0)): [688, 200, 126, 89, 30, 15, 4, 8]
(0, (1, 0, 0), (2, 1)): [1380, 422, 281, 165, 62, 28, 12, 9, 2, 2, 1]
(0, (1, 0, 0), (2, 2)): [1742, 511, 383, 195, 89, 37, 16, 7, 4, 1, 1]
(0, (1, 0, 0), (3, 0)): [100, 19, 25, 12, 2, 4, 2, 2]
(0, (1, 0, 0), (3, 1)): [369, 98, 87, 41, 14, 9, 5, 5, 0, 1]
(0, (1, 0, 0), (3, 2)): [854, 245, 181, 93, 42, 14, 9, 7, 1, 1, 1]
(0, (1, 0, 1), (0, 0)): [153, 445, 158, 149, 57, 33, 18, 4, 3, 1, 1]
(0, (1, 0, 1), (0, 1)): [84, 218, 83, 88, 34, 19, 8, 2, 2, 1, 1]
(0, (1, 0, 1), (0, 2)): [42, 96, 38, 41, 16, 11, 2, 1, 2, 1]
(0, (1, 0, 1), (1, 0)): [50, 183, 58, 48, 20, 10, 7, 1, 1]
(0, (1, 0, 1), (1, 1)): [65, 194, 63, 59, 23, 9, 10, 2, 1, 0, 1]
(0, (1, 0, 1), (1, 2)): [48, 149, 42, 53, 16, 9, 6, 2, 1]
(0, (1, 0, 1), (2, 0)): [11, 46, 16, 14, 4, 5]
(0, (1, 0, 1), (2, 1)): [29, 85, 38, 24, 12, 5, 3, 1, 0, 0, 1]
(0, (1, 0, 1), (2, 2)): [41, 116, 37, 47, 15, 5, 5, 2, 1]
(0, (1, 0, 1), (3, 0)): [1, 7, 1, 0, 1, 1]
(0, (1, 0, 1), (3, 1)): [5, 24, 9, 2, 3, 3, 1, 1, 0, 0, 1]
(0, (1, 0, 1), (3, 2)): [17, 61, 18, 20, 3, 5, 4, 2, 0, 0, 1]
(0, (1, 1, 0), (0, 0)): [1083, 579, 470, 338, 166, 77, 40, 20, 6, 4, 4, 0, 1, 0, 1]
(0, (1, 1, 0), (0, 1)): [593, 306, 251, 165, 85, 47, 21, 10, 3, 3, 3, 0, 1, 0, 1]
(0, (1, 1, 0), (0, 2)): [268, 127, 113, 77, 37, 22, 9, 5, 2, 0, 1, 0, 1]
(0, (1, 1, 0), (1, 0)): [393, 220, 166, 133, 66, 21, 13, 7, 3, 1, 1]
(0, (1, 1, 0), (1, 1)): [465, 266, 224, 140, 70, 31, 19, 7, 4, 4, 2]
(0, (1, 1, 0), (1, 2)): [375, 192, 164, 92, 56, 27, 16, 7, 2, 2, 2]
(0, (1, 1, 0), (2, 0)): [102, 52, 28, 40, 21, 3, 3, 3]
(0, (1, 1, 0), (2, 1)): [212, 122, 102, 82, 32, 12, 6, 3, 1, 2, 1]
(0, (1, 1, 0), (2, 2)): [282, 152, 148, 87, 35, 19, 9, 2, 2, 0, 1]
(0, (1, 1, 0), (3, 0)): [17, 2, 4, 7, 3, 1, 1, 1]
(0, (1, 1, 0), (3, 1)): [56, 23, 19, 19, 8, 3, 4, 2, 0, 2]
(0, (1, 1, 0), (3, 2)): [147, 66, 63, 40, 23, 6, 6, 2, 1, 2, 1]
(0, (1, 1, 1), (0, 0)): [124, 233, 184, 103, 92, 47, 21, 14, 7, 5, 1, 2]
(0, (1, 1, 1), (0, 1)): [55, 111, 101, 59, 48, 27, 15, 7, 5, 4, 0, 2]
(0, (1, 1, 1), (0, 2)): [26, 52, 48, 27, 17, 12, 3, 1, 1, 1, 0, 1]
(0, (1, 1, 1), (1, 0)): [54, 105, 66, 31, 34, 11, 5, 6, 2, 1, 1]
(0, (1, 1, 1), (1, 1)): [43, 109, 90, 43, 44, 19, 13, 8, 6, 4, 1, 1]
(0, (1, 1, 1), (1, 2)): [32, 75, 62, 29, 34, 14, 6, 4, 4, 2, 0, 1]
(0, (1, 1, 1), (2, 0)): [17, 21, 11, 9, 8, 1, 1, 2]
(0, (1, 1, 1), (2, 1)): [27, 55, 36, 18, 15, 9, 5, 3, 2, 2, 1]
(0, (1, 1, 1), (2, 2)): [31, 59, 50, 17, 19, 10, 6, 2, 1]
(0, (1, 1, 1), (3, 0)): [2, 1, 3, 2, 2, 0, 1]
(0, (1, 1, 1), (3, 1)): [4, 13, 7, 5, 5, 4, 3, 1, 2, 2]
(0, (1, 1, 1), (3, 2)): [18, 26, 19, 5, 9, 3, 4, 2, 2, 2]
(1, (0, 0, 0), (0, 0)): [27289, 3194, 1251, 536, 222, 92, 42, 6, 4, 0, 0, 1]
(1, (0, 0, 0), (0, 1)): [14264, 1676, 651, 295, 126, 49, 24, 3, 3, 0, 0, 1]
(1, (0, 0, 0), (0, 2)): [6279, 731, 327, 140, 60, 24, 14, 0, 2]
(1, (0, 0, 0), (1, 0)): [10444, 1220, 470, 180, 79, 32, 14, 2, 1]
(1, (0, 0, 0), (1, 1)): [11554, 1328, 479, 212, 79, 29, 13, 3, 2]
(1, (0, 0, 0), (1, 2)): [8738, 991, 403, 181, 67, 26, 6, 2, 2]
(1, (0, 0, 0), (2, 0)): [2916, 347, 145, 47, 30, 12, 4, 2]
(1, (0, 0, 0), (2, 1)): [5649, 647, 235, 95, 54, 22, 12, 2, 1]
(1, (0, 0, 0), (2, 2)): [6941, 794, 316, 138, 62, 25, 6, 3, 3]
(1, (0, 0, 0), (3, 0)): [525, 61, 33, 11, 5, 2, 1]
(1, (0, 0, 0), (3, 1)): [1643, 182, 83, 30, 18, 6, 3]
(1, (0, 0, 0), (3, 2)): [3469, 389, 150, 67, 31, 9, 2, 1]
(1, (0, 0, 1), (0, 0)): [728, 980, 205, 99, 33, 24, 7, 2, 1]
(1, (0, 0, 1), (0, 1)): [374, 493, 111, 50, 18, 12, 4, 0, 1]
(1, (0, 0, 1), (0, 2)): [182, 225, 49, 23, 7, 7, 2]
(1, (0, 0, 1), (1, 0)): [281, 388, 75, 35, 12, 9, 3, 1]
(1, (0, 0, 1), (1, 1)): [288, 417, 78, 39, 11, 7, 5, 1]
(1, (0, 0, 1), (1, 2)): [227, 322, 69, 39, 7, 6, 6]
(1, (0, 0, 1), (2, 0)): [75, 104, 20, 11, 5, 3]
(1, (0, 0, 1), (2, 1)): [146, 219, 34, 20, 10, 6, 1, 1]
(1, (0, 0, 1), (2, 2)): [194, 259, 58, 27, 11, 7, 4]
(1, (0, 0, 1), (3, 0)): [9, 14, 3, 1]
(1, (0, 0, 1), (3, 1)): [37, 55, 7, 7, 3, 1]
(1, (0, 0, 1), (3, 2)): [84, 134, 24, 13, 5, 2]
(1, (0, 1, 0), (0, 0)): [3607, 1423, 560, 256, 116, 43, 11, 7, 4, 0, 0, 1]
(1, (0, 1, 0), (0, 1)): [1858, 707, 287, 129, 58, 24, 7, 2, 2, 0, 0, 1]
(1, (0, 1, 0), (0, 2)): [796, 314, 140, 59, 30, 14, 5]
(1, (0, 1, 0), (1, 0)): [1387, 570, 217, 105, 48, 16, 4, 4, 2]
(1, (0, 1, 0), (1, 1)): [1547, 573, 222, 108, 40, 13, 4, 3, 1]
(1, (0, 1, 0), (1, 2)): [1166, 452, 198, 80, 44, 12, 2, 2, 1]
(1, (0, 1, 0), (2, 0)): [391, 171, 56, 29, 14, 8, 1, 2]
(1, (0, 1, 0), (2, 1)): [769, 290, 96, 55, 21, 8, 2, 3]
(1, (0, 1, 0), (2, 2)): [911, 341, 144, 67, 31, 11, 3, 2, 1]
(1, (0, 1, 0), (3, 0)): [64, 26, 13, 4, 2, 2]
(1, (0, 1, 0), (3, 1)): [220, 81, 32, 16, 6, 2]
(1, (0, 1, 0), (3, 2)): [423, 165, 63, 30, 15, 6, 1, 1, 1]
(1, (0, 1, 1), (0, 0)): [544, 475, 362, 159, 91, 34, 15, 7, 0, 0, 2]
(1, (0, 1, 1), (0, 1)): [308, 245, 199, 94, 48, 23, 10, 5, 0, 0, 2]
(1, (0, 1, 1), (0, 2)): [131, 107, 92, 46, 25, 13, 3, 3]
(1, (0, 1, 1), (1, 0)): [187, 169, 131, 58, 34, 9, 4, 2]
(1, (0, 1, 1), (1, 1)): [234, 188, 158, 60, 34, 10, 9, 2, 0, 0, 1]
(1, (0, 1, 1), (1, 2)): [184, 135, 121, 50, 26, 13, 8, 2, 0, 0, 1]
(1, (0, 1, 1), (2, 0)): [52, 44, 30, 19, 13, 3, 1, 1]
(1, (0, 1, 1), (2, 1)): [107, 93, 75, 38, 22, 3, 4, 2]
(1, (0, 1, 1), (2, 2)): [142, 116, 111, 45, 20, 6, 3, 3, 0, 0, 1]
(1, (0, 1, 1), (3, 0)): [7, 8, 3, 3, 4, 1]
(1, (0, 1, 1), (3, 1)): [31, 34, 11, 9, 8, 1, 2]
(1, (0, 1, 1), (3, 2)): [69, 69, 38, 23, 13, 1, 3, 1, 0, 0, 1]
(1, (1, 0, 0), (0, 0)): [9931, 1555, 1185, 518, 229, 93, 30, 12, 6, 0, 1]
(1, (1, 0, 0), (0, 1)): [5158, 807, 613, 288, 127, 50, 20, 6, 2, 0, 1]
(1, (1, 0, 0), (0, 2)): [2307, 360, 290, 136, 63, 24, 11, 1, 1]
(1, (1, 0, 0), (1, 0)): [3824, 588, 461, 186, 87, 34, 7, 4, 4]
(1, (1, 0, 0), (1, 1)): [4191, 625, 501, 212, 91, 33, 11, 5, 3]
(1, (1, 0, 0), (1, 2)): [3224, 508, 389, 171, 78, 30, 6, 2, 2]
(1, (1, 0, 0), (2, 0)): [1060, 179, 121, 55, 31, 13, 0, 3]
(1, (1, 0, 0), (2, 1)): [2019, 325, 206, 108, 56, 22, 7, 4, 2]
(1, (1, 0, 0), (2, 2)): [2584, 426, 282, 135, 64, 29, 3, 5, 4]
(1, (1, 0, 0), (3, 0)): [176, 22, 32, 9, 6, 3]
(1, (1, 0, 0), (3, 1)): [561, 80, 75, 29, 17, 9, 2]
(1, (1, 0, 0), (3, 2)): [1246, 196, 131, 65, 31, 14, 1, 1]
(1, (1, 0, 1), (0, 0)): [808, 811, 260, 191, 84, 44, 20, 8, 4, 1]
(1, (1, 0, 1), (0, 1)): [413, 413, 143, 100, 45, 25, 13, 3, 2]
(1, (1, 0, 1), (0, 2)): [189, 189, 70, 55, 22, 17, 5, 0, 1]
(1, (1, 0, 1), (1, 0)): [312, 309, 81, 69, 31, 16, 6, 4, 2, 1]
(1, (1, 0, 1), (1, 1)): [361, 353, 100, 68, 28, 12, 8, 5, 1, 1]
(1, (1, 0, 1), (1, 2)): [268, 288, 95, 66, 25, 13, 6, 3]
(1, (1, 0, 1), (2, 0)): [73, 79, 25, 22, 11, 7, 2, 1]
(1, (1, 0, 1), (2, 1)): [152, 161, 42, 41, 16, 10, 2, 2, 1, 1]
(1, (1, 0, 1), (2, 2)): [187, 222, 75, 51, 19, 9, 5, 2, 1]
(1, (1, 0, 1), (3, 0)): [10, 12, 4, 3, 2, 1]
(1, (1, 0, 1), (3, 1)): [38, 56, 12, 11, 9, 5]
(1, (1, 0, 1), (3, 2)): [88, 105, 27, 20, 14, 8, 1]
(1, (1, 1, 0), (0, 0)): [2981, 777, 558, 436, 187, 77, 31, 14, 3]
(1, (1, 1, 0), (0, 1)): [1551, 403, 297, 238, 102, 45, 20, 6, 2]
(1, (1, 1, 0), (0, 2)): [698, 168, 137, 109, 54, 20, 13, 2, 1]
(1, (1, 1, 0), (1, 0)): [1129, 293, 194, 154, 74, 26, 8, 6, 1]
(1, (1, 1, 0), (1, 1)): [1248, 316, 242, 179, 75, 28, 11, 6, 2]
(1, (1, 1, 0), (1, 2)): [958, 235, 195, 143, 66, 20, 7, 4, 3]
(1, (1, 1, 0), (2, 0)): [314, 85, 48, 43, 19, 9, 0, 2]
(1, (1, 1, 0), (2, 1)): [605, 155, 92, 88, 42, 18, 5, 5]
(1, (1, 1, 0), (2, 2)): [748, 195, 134, 113, 45, 21, 3, 7, 3]
(1, (1, 1, 0), (3, 0)): [38, 11, 15, 6, 1, 1]
(1, (1, 1, 0), (3, 1)): [167, 42, 38, 25, 9, 4, 2]
(1, (1, 1, 0), (3, 2)): [374, 89, 68, 58, 18, 9, 1, 3, 1]
(1, (1, 1, 1), (0, 0)): [692, 518, 299, 192, 171, 81, 32, 12, 1, 0, 0, 1]
(1, (1, 1, 1), (0, 1)): [339, 259, 176, 104, 96, 48, 19, 6, 0, 0, 0, 1]
(1, (1, 1, 1), (0, 2)): [129, 98, 88, 58, 48, 21, 11, 3]
(1, (1, 1, 1), (1, 0)): [282, 207, 92, 69, 61, 27, 8, 4, 1]
(1, (1, 1, 1), (1, 1)): [312, 241, 132, 68, 68, 31, 10, 5, 1, 0, 0, 1]
(1, (1, 1, 1), (1, 2)): [212, 167, 113, 69, 60, 24, 9, 4, 1, 0, 0, 1]
(1, (1, 1, 1), (2, 0)): [77, 49, 21, 21, 17, 8, 3, 2]
(1, (1, 1, 1), (2, 1)): [156, 115, 55, 35, 27, 15, 7, 3]
(1, (1, 1, 1), (2, 2)): [167, 133, 70, 43, 37, 17, 8, 4, 1]
(1, (1, 1, 1), (3, 0)): [11, 8, 5, 5, 4, 1, 1]
(1, (1, 1, 1), (3, 1)): [44, 42, 18, 16, 13, 6, 4]
(1, (1, 1, 1), (3, 2)): [91, 74, 40, 22, 24, 9, 6, 1]
(2, (0, 0, 0), (0, 0)): [23869, 1272, 379, 124, 36, 17, 10, 1, 1]
(2, (0, 0, 0), (0, 1)): [12500, 692, 202, 68, 23, 8, 5, 1, 1]
(2, (0, 0, 0), (0, 2)): [5579, 325, 110, 34, 11, 4, 2, 0, 1]
(2, (0, 0, 0), (1, 0)): [9146, 471, 139, 36, 9, 7, 4]
(2, (0, 0, 0), (1, 1)): [10100, 500, 143, 40, 14, 9, 4, 1]
(2, (0, 0, 0), (1, 2)): [7719, 402, 128, 45, 13, 4, 0, 1]
(2, (0, 0, 0), (2, 0)): [2542, 141, 42, 13, 1, 2, 1]
(2, (0, 0, 0), (2, 1)): [4962, 244, 85, 17, 5, 7, 3]
(2, (0, 0, 0), (2, 2)): [6046, 319, 99, 29, 9, 5, 2]
(2, (0, 0, 0), (3, 0)): [446, 25, 7, 3, 0, 0, 1]
(2, (0, 0, 0), (3, 1)): [1434, 71, 25, 9, 1, 1, 1]
(2, (0, 0, 0), (3, 2)): [3054, 158, 43, 15, 3, 1, 1]
(2, (0, 0, 1), (0, 0)): [2259, 561, 152, 58, 21, 6, 1]
(2, (0, 0, 1), (0, 1)): [1197, 299, 79, 31, 12, 5, 1]
(2, (0, 0, 1), (0, 2)): [559, 131, 37, 16, 5, 2, 1]
(2, (0, 0, 1), (1, 0)): [821, 211, 61, 20, 8]
(2, (0, 0, 1), (1, 1)): [908, 246, 62, 22, 15, 3]
(2, (0, 0, 1), (1, 2)): [682, 197, 47, 17, 10, 3, 1]
(2, (0, 0, 1), (2, 0)): [236, 52, 19, 7]
(2, (0, 0, 1), (2, 1)): [486, 107, 36, 14, 8, 1]
(2, (0, 0, 1), (2, 2)): [587, 153, 49, 13, 10, 1, 1]
(2, (0, 0, 1), (3, 0)): [31, 10, 5, 1]
(2, (0, 0, 1), (3, 1)): [132, 26, 10, 8, 0, 1]
(2, (0, 0, 1), (3, 2)): [257, 69, 19, 10, 1, 2]
(2, (0, 1, 0), (0, 0)): [6030, 1149, 323, 128, 46, 11, 5]
(2, (0, 1, 0), (0, 1)): [3140, 617, 174, 73, 29, 6, 2]
(2, (0, 1, 0), (0, 2)): [1364, 282, 90, 38, 14, 3, 1]
(2, (0, 1, 0), (1, 0)): [2287, 423, 120, 46, 16, 5, 3]
(2, (0, 1, 0), (1, 1)): [2496, 445, 131, 48, 21, 6]
(2, (0, 1, 0), (1, 2)): [1950, 336, 107, 41, 17, 8]
(2, (0, 1, 0), (2, 0)): [639, 123, 30, 18, 4, 1, 1]
(2, (0, 1, 0), (2, 1)): [1192, 236, 66, 29, 13, 1, 1]
(2, (0, 1, 0), (2, 2)): [1501, 297, 91, 36, 12, 5, 1]
(2, (0, 1, 0), (3, 0)): [124, 22, 4, 3, 0, 1]
(2, (0, 1, 0), (3, 1)): [353, 61, 18, 10, 4, 1]
(2, (0, 1, 0), (3, 2)): [764, 144, 39, 26, 8, 1]
(2, (0, 1, 1), (0, 0)): [1463, 119, 241, 84, 39, 11, 5, 1]
(2, (0, 1, 1), (0, 1)): [795, 61, 130, 46, 21, 4, 3]
(2, (0, 1, 1), (0, 2)): [368, 28, 63, 25, 8, 2, 2]
(2, (0, 1, 1), (1, 0)): [533, 46, 82, 35, 14, 5, 2, 1]
(2, (0, 1, 1), (1, 1)): [618, 51, 96, 30, 15, 4, 0, 1]
(2, (0, 1, 1), (1, 2)): [494, 36, 81, 23, 13, 2, 0, 1]
(2, (0, 1, 1), (2, 0)): [147, 15, 27, 12, 5, 1, 2]
(2, (0, 1, 1), (2, 1)): [288, 27, 48, 23, 8, 3, 1]
(2, (0, 1, 1), (2, 2)): [380, 35, 62, 27, 9, 3]
(2, (0, 1, 1), (3, 0)): [22, 0, 3, 2, 1, 0, 1]
(2, (0, 1, 1), (3, 1)): [80, 4, 12, 2, 1, 0, 2]
(2, (0, 1, 1), (3, 2)): [182, 14, 21, 11, 4, 2, 1]
(2, (1, 0, 0), (0, 0)): [11737, 843, 577, 188, 59, 25, 10, 1, 1]
(2, (1, 0, 0), (0, 1)): [6144, 456, 294, 105, 40, 14, 4, 1, 1]
(2, (1, 0, 0), (0, 2)): [2755, 216, 146, 51, 18, 4, 2, 0, 1]
(2, (1, 0, 0), (1, 0)): [4494, 310, 229, 60, 13, 9, 5]
(2, (1, 0, 0), (1, 1)): [4953, 336, 242, 70, 24, 15, 5, 1]
(2, (1, 0, 0), (1, 2)): [3826, 259, 188, 66, 22, 8, 0, 1]
(2, (1, 0, 0), (2, 0)): [1248, 92, 64, 21, 5, 3, 1]
(2, (1, 0, 0), (2, 1)): [2439, 183, 129, 32, 11, 10, 4]
(2, (1, 0, 0), (2, 2)): [3109, 230, 144, 41, 16, 10, 3]
(2, (1, 0, 0), (3, 0)): [219, 15, 15, 4, 0, 0, 1]
(2, (1, 0, 0), (3, 1)): [698, 46, 48, 11, 2, 1, 1]
(2, (1, 0, 0), (3, 2)): [1523, 113, 76, 18, 7, 1, 2]
(2, (1, 0, 1), (0, 0)): [2101, 464, 189, 143, 41, 20, 5]
(2, (1, 0, 1), (0, 1)): [1103, 263, 101, 72, 20, 13, 3]
(2, (1, 0, 1), (0, 2)): [477, 129, 45, 29, 13, 6, 1]
(2, (1, 0, 1), (1, 0)): [794, 162, 67, 56, 17, 5, 2]
(2, (1, 0, 1), (1, 1)): [907, 192, 81, 64, 17, 6, 4]
(2, (1, 0, 1), (1, 2)): [682, 168, 52, 41, 15, 8, 2]
(2, (1, 0, 1), (2, 0)): [215, 42, 19, 17, 4, 4]
(2, (1, 0, 1), (2, 1)): [425, 78, 34, 37, 12, 5]
(2, (1, 0, 1), (2, 2)): [537, 126, 53, 30, 12, 8, 1]
(2, (1, 0, 1), (3, 0)): [42, 9, 6, 2]
(2, (1, 0, 1), (3, 1)): [116, 23, 12, 11]
(2, (1, 0, 1), (3, 2)): [254, 60, 22, 16, 0, 2, 1]
(2, (1, 1, 0), (0, 0)): [4968, 667, 362, 275, 103, 30, 12, 2]
(2, (1, 1, 0), (0, 1)): [2609, 337, 185, 164, 64, 17, 3, 2]
(2, (1, 1, 0), (0, 2)): [1166, 143, 87, 79, 30, 8, 1]
(2, (1, 1, 0), (1, 0)): [1891, 255, 138, 84, 33, 11, 8]
(2, (1, 1, 0), (1, 1)): [2095, 274, 148, 111, 41, 12, 4, 2]
(2, (1, 1, 0), (1, 2)): [1590, 202, 120, 102, 40, 9, 0, 2]
(2, (1, 1, 0), (2, 0)): [530, 71, 41, 28, 12, 4, 2]
(2, (1, 1, 0), (2, 1)): [1044, 144, 67, 48, 22, 9, 5]
(2, (1, 1, 0), (2, 2)): [1264, 179, 78, 68, 30, 10, 4, 1]
(2, (1, 1, 0), (3, 0)): [85, 10, 11, 6, 1, 1, 1]
(2, (1, 1, 0), (3, 1)): [282, 26, 24, 16, 5, 2, 1]
(2, (1, 1, 0), (3, 2)): [633, 88, 43, 36, 12, 3, 2, 1]
(2, (1, 1, 1), (0, 0)): [1651, 241, 230, 128, 112, 28, 11, 2, 0, 0, 0, 1]
(2, (1, 1, 1), (0, 1)): [867, 120, 130, 69, 59, 16, 5, 1, 0, 0, 0, 1]
(2, (1, 1, 1), (0, 2)): [397, 54, 77, 30, 25, 2, 4, 1]
(2, (1, 1, 1), (1, 0)): [629, 96, 81, 47, 42, 9, 5, 1]
(2, (1, 1, 1), (1, 1)): [684, 103, 82, 55, 48, 9, 1, 0, 0, 0, 0, 1]
(2, (1, 1, 1), (1, 2)): [539, 84, 79, 44, 39, 4, 2, 0, 0, 0, 0, 1]
(2, (1, 1, 1), (2, 0)): [180, 26, 26, 16, 13, 5, 2, 1]
(2, (1, 1, 1), (2, 1)): [350, 51, 48, 37, 24, 7, 2, 1]
(2, (1, 1, 1), (2, 2)): [430, 68, 54, 38, 29, 10, 3]
(2, (1, 1, 1), (3, 0)): [29, 5, 5, 2, 4, 1, 1]
(2, (1, 1, 1), (3, 1)): [93, 13, 16, 10, 7, 1, 1]
(2, (1, 1, 1), (3, 2)): [217, 33, 27, 16, 16, 5, 2]
