(0, (0, 0, 0), (0, 0)): [434525, 89173, 42137, 19618, 8946, 3945, 1649, 713, 297, 158, 56, 25, 15, 4, 2]
(0, (0, 0, 0), (0, 1)): [1189, 233, 111, 49, 31, 4, 2, 2, 0, 1]
(0, (0, 0, 0), (0, 2)): [430, 83, 38, 15, 8, 0, 1, 1]
(0, (0, 0, 0), (1, 0)): [1138, 248, 151, 63, 36, 19, 7, 3, 0, 2]
(0, (0, 0, 0), (1, 1)): [974, 193, 106, 48, 30, 8, 4, 2]
(0, (0, 0, 0), (1, 2)): [560, 108, 54, 24, 13, 2, 3, 1]
(0, (0, 0, 0), (2, 0)): [436, 109, 69, 28, 16, 10, 2, 2, 0, 1]
(0, (0, 0, 0), (2, 1)): [548, 121, 69, 32, 18, 7, 3, 1]
(0, (0, 0, 0), (2, 2)): [462, 95, 49, 23, 18, 5, 1, 1]
(0, (0, 0, 0), (3, 0)): [210, 57, 35, 15, 10, 9]
(0, (0, 0, 0), (3, 1)): [256, 58, 39, 20, 6, 4, 1]
(0, (0, 0, 0), (3, 2)): [329, 73, 41, 20, 10, 3]
(0, (0, 0, 1), (0, 0)): [1835, 6366, 1775, 857, 448, 173, 88, 50, 22, 9, 2, 1, 2]
(0, (0, 0, 1), (0, 1)): [3, 8, 6, 1, 2, 0, 1]
(0, (0, 0, 1), (0, 2)): [1, 4, 0, 0, 1]
(0, (0, 0, 1), (1, 0)): [3, 19, 3, 2, 1]
(0, (0, 0, 1), (1, 1)): [1, 8, 5, 1, 1, 0, 1]
(0, (0, 0, 1), (1, 2)): [1, 1, 1, 0, 1, 0, 1]
(0, (0, 0, 1), (2, 0)): [3, 9, 1, 1]
(0, (0, 0, 1), (2, 1)): [3, 7, 4, 1, 1]
(0, (0, 0, 1), (2, 2)): [3, 2, 1, 0, 1]
(0, (0, 0, 1), (3, 0)): [1, 5, 0, 1]
(0, (0, 0, 1), (3, 1)): [1, 2, 2, 0, 1]
(0, (0, 0, 1), (3, 2)): [1, 3, 0, 0, 1]
(0, (0, 1, 0), (0, 0)): [14131, 14576, 5642, 2694, 1377, 636, 265, 126, 53, 32, 9, 4, 2]
(0, (0, 1, 0), (0, 1)): [27, 22, 15, 3, 3, 2, 0, 1]
(0, (0, 1, 0), (0, 2)): [8, 5, 4, 0, 0, 2]
(0, (0, 1, 0), (1, 0)): [39, 43, 13, 7, 4, 2, 1]
(0, (0, 1, 0), (1, 1)): [28, 21, 9, 4, 4, 2, 0, 1]
(0, (0, 1, 0), (1, 2)): [17, 12, 4, 1, 3, 1]
(0, (0, 1, 0), (2, 0)): [15, 22, 9, 5, 2]
(0, (0, 1, 0), (2, 1)): [11, 11, 10, 2, 2, 1, 0, 1]
(0, (0, 1, 0), (2, 2)): [11, 8, 7, 3, 1, 1]
(0, (0, 1, 0), (3, 0)): [12, 12, 5, 4, 1]
(0, (0, 1, 0), (3, 1)): [10, 8, 5, 1, 2, 1, 0, 1]
(0, (0, 1, 0), (3, 2)): [7, 5, 4, 3, 3, 1]
(0, (0, 1, 1), (0, 0)): [1255, 2320, 3017, 1367, 740, 353, 157, 68, 37, 13, 5, 3, 0, 1, 1]
(0, (0, 1, 1), (0, 1)): [2, 3, 6, 3, 4]
(0, (0, 1, 1), (0, 2)): [2, 2, 2, 1, 4]
(0, (0, 1, 1), (1, 0)): [4, 5, 12, 11, 4, 1]
(0, (0, 1, 1), (1, 1)): [0, 3, 5, 3, 1]
(0, (0, 1, 1), (1, 2)): [0, 1, 4, 3, 4]
(0, (0, 1, 1), (2, 0)): [4, 2, 8, 8, 2, 1]
(0, (0, 1, 1), (2, 1)): [0, 3, 3, 2]
(0, (0, 1, 1), (2, 2)): [0, 0, 4, 1, 2]
(0, (0, 1, 1), (3, 0)): [3, 0, 6, 7, 2, 1]
(0, (0, 1, 1), (3, 1)): [1, 3, 1, 2, 1]
(0, (0, 1, 1), (3, 2)): [0, 1, 3, 1, 1]
(0, (1, 0, 0), (0, 0)): [96261, 33867, 21374, 10745, 5217, 2373, 1027, 441, 190, 105, 39, 16, 10, 3, 2]
(0, (1, 0, 0), (0, 1)): [241, 61, 66, 21, 15, 5, 3, 2]
(0, (1, 0, 0), (0, 2)): [95, 16, 24, 4, 5, 2, 0, 1]
(0, (1, 0, 0), (1, 0)): [238, 96, 52, 30, 15, 5, 6, 0, 0, 2]
(0, (1, 0, 0), (1, 1)): [179, 62, 45, 23, 10, 3, 3, 1, 0, 1]
(0, (1, 0, 0), (1, 2)): [101, 21, 35, 5, 3, 2, 1, 1]
(0, (1, 0, 0), (2, 0)): [81, 36, 18, 9, 9, 3, 2, 0, 0, 1]
(0, (1, 0, 0), (2, 1)): [91, 29, 17, 15, 8, 2, 2, 0, 0, 1]
(0, (1, 0, 0), (2, 2)): [81, 17, 16, 11, 4, 1, 1, 1]
(0, (1, 0, 0), (3, 0)): [37, 15, 7, 5, 4, 1, 0, 0, 0, 1]
(0, (1, 0, 0), (3, 1)): [42, 15, 6, 4, 7, 1, 1, 0, 0, 1]
(0, (1, 0, 0), (3, 2)): [47, 9, 9, 4, 4, 2, 1]
(0, (1, 0, 1), (0, 0)): [2207, 7509, 3157, 2184, 1172, 550, 290, 116, 55, 26, 9, 7, 3, 0, 1]
(0, (1, 0, 1), (0, 1)): [4, 15, 7, 2, 3, 1, 2]
(0, (1, 0, 1), (0, 2)): [1, 8, 2, 2, 1, 0, 1]
(0, (1, 0, 1), (1, 0)): [6, 24, 11, 2, 3, 2]
(0, (1, 0, 1), (1, 1)): [4, 12, 7, 1, 2, 2, 1]
(0, (1, 0, 1), (1, 2)): [2, 7, 2, 2, 1]
(0, (1, 0, 1), (2, 0)): [3, 11, 5, 0, 2]
(0, (1, 0, 1), (2, 1)): [4, 10, 4, 0, 2, 1]
(0, (1, 0, 1), (2, 2)): [4, 5, 1, 0, 0, 1]
(0, (1, 0, 1), (3, 0)): [2, 6, 2]
(0, (1, 0, 1), (3, 1)): [1, 3, 3, 0, 2]
(0, (1, 0, 1), (3, 2)): [2, 2, 2]
(0, (1, 1, 0), (0, 0)): [12825, 8650, 7083, 4853, 2654, 1240, 559, 271, 113, 56, 27, 9, 4, 1]
(0, (1, 1, 0), (0, 1)): [48, 27, 14, 14, 10, 3, 2, 1]
(0, (1, 1, 0), (0, 2)): [13, 7, 9, 4, 9, 1, 1, 1]
(0, (1, 1, 0), (1, 0)): [36, 25, 23, 20, 12, 3, 1, 0, 0, 1]
(0, (1, 1, 0), (1, 1)): [33, 14, 11, 13, 5, 3, 1, 0, 0, 1]
(0, (1, 1, 0), (1, 2)): [23, 7, 7, 6, 6, 0, 0, 1, 0, 1]
(0, (1, 1, 0), (2, 0)): [10, 12, 10, 7, 5, 1, 1]
(0, (1, 1, 0), (2, 1)): [12, 10, 8, 5, 6, 3, 1]
(0, (1, 1, 0), (2, 2)): [14, 10, 8, 5, 2, 2, 1, 0, 0, 1]
(0, (1, 1, 0), (3, 0)): [4, 7, 7, 4, 1, 1]
(0, (1, 1, 0), (3, 1)): [7, 7, 5, 3, 3, 2]
(0, (1, 1, 0), (3, 2)): [15, 4, 7, 5, 2]
(0, (1, 1, 1), (0, 0)): [1283, 2472, 2134, 1717, 1343, 665, 307, 154, 71, 30, 19, 6, 0, 1, 1]
(0, (1, 1, 1), (0, 1)): [8, 6, 9, 5, 0, 0, 0, 0, 0, 1]
(0, (1, 1, 1), (0, 2)): [3, 2, 2, 1]
(0, (1, 1, 1), (1, 0)): [5, 8, 14, 9, 9, 3, 1, 1]
(0, (1, 1, 1), (1, 1)): [6, 7, 7, 6, 3, 1]
(0, (1, 1, 1), (1, 2)): [3, 4, 3, 3, 1]
(0, (1, 1, 1), (2, 0)): [1, 1, 6, 6, 5, 1]
(0, (1, 1, 1), (2, 1)): [3, 2, 6, 2, 2, 1]
(0, (1, 1, 1), (2, 2)): [2, 4, 3, 2, 1, 1]
(0, (1, 1, 1), (3, 0)): [0, 0, 3, 4, 3]
(0, (1, 1, 1), (3, 1)): [1, 0, 3, 5, 3]
(0, (1, 1, 1), (3, 2)): [1, 0, 4, 5, 3]
(1, (0, 0, 0), (0, 0)): [344948, 38123, 15851, 6453, 2551, 1016, 396, 163, 62, 24, 9, 6, 2, 1]
(1, (0, 0, 0), (0, 1)): [898, 79, 41, 9, 10, 1]
(1, (0, 0, 0), (0, 2)): [327, 20, 16, 4, 1]
(1, (0, 0, 0), (1, 0)): [977, 125, 49, 17, 11, 5, 1]
(1, (0, 0, 0), (1, 1)): [774, 88, 29, 12, 8, 4, 1]
(1, (0, 0, 0), (1, 2)): [432, 32, 11, 5, 4, 1]
(1, (0, 0, 0), (2, 0)): [361, 52, 25, 6, 6, 2]
(1, (0, 0, 0), (2, 1)): [441, 59, 30, 7, 6, 1, 1]
(1, (0, 0, 0), (2, 2)): [359, 38, 17, 5, 3, 1, 1]
(1, (0, 0, 0), (3, 0)): [142, 21, 8, 5, 3, 1]
(1, (0, 0, 0), (3, 1)): [208, 40, 12, 7, 4]
(1, (0, 0, 0), (3, 2)): [227, 38, 18, 8, 3, 1]
(1, (0, 0, 1), (0, 0)): [10212, 16270, 3207, 1364, 588, 237, 99, 49, 25, 7, 6, 4, 2, 1]
(1, (0, 0, 1), (0, 1)): [17, 23, 6, 2]
(1, (0, 0, 1), (0, 2)): [4, 7, 3]
(1, (0, 0, 1), (1, 0)): [32, 41, 10, 3, 4, 0, 1, 0, 1]
(1, (0, 0, 1), (1, 1)): [23, 26, 4, 2, 1]
(1, (0, 0, 1), (1, 2)): [9, 12, 4]
(1, (0, 0, 1), (2, 0)): [14, 17, 8, 2, 3, 0, 1, 0, 1]
(1, (0, 0, 1), (2, 1)): [13, 13, 2, 2, 1]
(1, (0, 0, 1), (2, 2)): [11, 5, 1, 0, 1]
(1, (0, 0, 1), (3, 0)): [8, 10, 6, 1, 3, 0, 1, 0, 1]
(1, (0, 0, 1), (3, 1)): [8, 12, 1, 2]
(1, (0, 0, 1), (3, 2)): [9, 5, 1, 1, 1]
(1, (0, 1, 0), (0, 0)): [48575, 24112, 8296, 3466, 1473, 600, 226, 106, 26, 23, 6, 5, 4]
(1, (0, 1, 0), (0, 1)): [109, 55, 20, 11, 2, 2, 1]
(1, (0, 1, 0), (0, 2)): [40, 17, 3, 1, 0, 1]
(1, (0, 1, 0), (1, 0)): [131, 84, 20, 17, 11, 2, 1, 1]
(1, (0, 1, 0), (1, 1)): [97, 58, 17, 11, 4, 1, 2]
(1, (0, 1, 0), (1, 2)): [53, 30, 8, 3, 0, 1]
(1, (0, 1, 0), (2, 0)): [66, 35, 14, 13, 7, 2, 0, 1]
(1, (0, 1, 0), (2, 1)): [57, 35, 7, 8, 6, 1, 2]
(1, (0, 1, 0), (2, 2)): [43, 25, 6, 3, 3]
(1, (0, 1, 0), (3, 0)): [42, 20, 9, 10, 5, 0, 0, 1]
(1, (0, 1, 0), (3, 1)): [35, 14, 6, 9, 2, 1, 1]
(1, (0, 1, 0), (3, 2)): [30, 12, 5, 7, 3]
(1, (0, 1, 1), (0, 0)): [8307, 7279, 7120, 2813, 1400, 563, 224, 96, 50, 13, 6, 3, 1, 1]
(1, (0, 1, 1), (0, 1)): [24, 13, 13, 5, 4]
(1, (0, 1, 1), (0, 2)): [12, 0, 2, 3]
(1, (0, 1, 1), (1, 0)): [34, 22, 20, 7, 16, 5]
(1, (0, 1, 1), (1, 1)): [13, 8, 9, 3, 6]
(1, (0, 1, 1), (1, 2)): [11, 1, 3, 1]
(1, (0, 1, 1), (2, 0)): [28, 18, 13, 5, 12, 5]
(1, (0, 1, 1), (2, 1)): [8, 5, 7, 2, 2]
(1, (0, 1, 1), (2, 2)): [9, 2, 4, 1]
(1, (0, 1, 1), (3, 0)): [25, 16, 12, 3, 12, 5]
(1, (0, 1, 1), (3, 1)): [4, 2, 3, 1, 2]
(1, (0, 1, 1), (3, 2)): [4, 1, 3]
(1, (1, 0, 0), (0, 0)): [141416, 26798, 16369, 7285, 2859, 1215, 465, 183, 81, 37, 14, 10, 2, 2]
(1, (1, 0, 0), (0, 1)): [370, 55, 45, 18, 9, 4, 3]
(1, (1, 0, 0), (0, 2)): [120, 16, 16, 6, 2, 0, 1]
(1, (1, 0, 0), (1, 0)): [344, 76, 62, 21, 9, 1, 0, 2]
(1, (1, 0, 0), (1, 1)): [289, 58, 38, 10, 7, 4, 2, 1]
(1, (1, 0, 0), (1, 2)): [153, 20, 20, 3, 2, 1, 1]
(1, (1, 0, 0), (2, 0)): [132, 28, 27, 12, 4, 1]
(1, (1, 0, 0), (2, 1)): [172, 30, 21, 9, 5, 2, 0, 1]
(1, (1, 0, 0), (2, 2)): [139, 18, 18, 4, 3]
(1, (1, 0, 0), (3, 0)): [43, 14, 10, 5, 3]
(1, (1, 0, 0), (3, 1)): [68, 14, 10, 9, 3, 1, 0, 1]
(1, (1, 0, 0), (3, 2)): [73, 12, 13, 7, 2]
(1, (1, 0, 1), (0, 0)): [11136, 14652, 4900, 3141, 1316, 603, 228, 84, 32, 24, 9, 2]
(1, (1, 0, 1), (0, 1)): [35, 31, 11, 8, 3, 2, 1, 0, 2]
(1, (1, 0, 1), (0, 2)): [21, 14, 1, 5, 0, 1, 1]
(1, (1, 0, 1), (1, 0)): [34, 41, 10, 9, 6, 3]
(1, (1, 0, 1), (1, 1)): [22, 19, 9, 5, 5, 0, 0, 0, 1]
(1, (1, 0, 1), (1, 2)): [19, 9, 7, 6, 3, 0, 1]
(1, (1, 0, 1), (2, 0)): [12, 15, 5, 3, 3, 2]
(1, (1, 0, 1), (2, 1)): [10, 13, 1, 1, 1, 0, 0, 0, 1]
(1, (1, 0, 1), (2, 2)): [7, 10, 6, 1, 1, 0, 0, 0, 1]
(1, (1, 0, 1), (3, 0)): [6, 7, 2, 1, 2, 2]
(1, (1, 0, 1), (3, 1)): [5, 6, 1, 2, 2, 1]
(1, (1, 0, 1), (3, 2)): [4, 8, 5, 2, 2, 0, 0, 0, 1]
(1, (1, 1, 0), (0, 0)): [37643, 12183, 8773, 5829, 2528, 1112, 443, 178, 67, 33, 9, 6, 2, 3]
(1, (1, 1, 0), (0, 1)): [91, 20, 29, 10, 5, 2, 2, 1]
(1, (1, 1, 0), (0, 2)): [34, 10, 11, 3, 2]
(1, (1, 1, 0), (1, 0)): [104, 36, 30, 27, 11, 3, 0, 1]
(1, (1, 1, 0), (1, 1)): [64, 13, 22, 11, 5, 0, 2, 1]
(1, (1, 1, 0), (1, 2)): [39, 4, 11, 4, 4, 0, 1]
(1, (1, 1, 0), (2, 0)): [49, 16, 10, 13, 7, 2]
(1, (1, 1, 0), (2, 1)): [53, 19, 15, 9, 2, 0, 1, 1]
(1, (1, 1, 0), (2, 2)): [33, 10, 9, 5, 4]
(1, (1, 1, 0), (3, 0)): [15, 1, 4, 5, 4, 1]
(1, (1, 1, 0), (3, 1)): [24, 9, 6, 6, 0, 0, 1, 1]
(1, (1, 1, 0), (3, 2)): [22, 6, 7, 5, 2, 0, 0, 1]
(1, (1, 1, 1), (0, 0)): [7651, 6388, 4196, 2891, 1985, 897, 371, 141, 62, 24, 10, 6, 2, 1]
(1, (1, 1, 1), (0, 1)): [32, 21, 16, 12, 8, 3, 1]
(1, (1, 1, 1), (0, 2)): [18, 8, 7, 4, 3, 1, 1]
(1, (1, 1, 1), (1, 0)): [34, 24, 27, 6, 14, 2, 2, 2]
(1, (1, 1, 1), (1, 1)): [21, 14, 12, 7, 7, 1]
(1, (1, 1, 1), (1, 2)): [13, 3, 7, 7, 5, 2, 1]
(1, (1, 1, 1), (2, 0)): [14, 9, 16, 5, 7, 2, 1, 2]
(1, (1, 1, 1), (2, 1)): [17, 11, 11, 2, 7, 0, 1, 1]
(1, (1, 1, 1), (2, 2)): [17, 6, 8, 4, 5, 1, 2]
(1, (1, 1, 1), (3, 0)): [4, 4, 6, 4, 4, 2]
(1, (1, 1, 1), (3, 1)): [8, 2, 3, 2, 3, 1, 0, 1]
(1, (1, 1, 1), (3, 2)): [13, 2, 4, 5, 2, 1, 1]
(2, (0, 0, 0), (0, 0)): [294914, 12966, 4512, 1421, 520, 197, 65, 25, 6, 2, 1]
(2, (0, 0, 0), (0, 1)): [829, 42, 14, 4, 2, 2]
(2, (0, 0, 0), (0, 2)): [300, 14, 3, 2]
(2, (0, 0, 0), (1, 0)): [905, 61, 18, 8, 4, 1, 1]
(2, (0, 0, 0), (1, 1)): [718, 31, 14, 1, 4, 3, 1]
(2, (0, 0, 0), (1, 2)): [417, 19, 11, 2, 1, 1, 1]
(2, (0, 0, 0), (2, 0)): [361, 29, 9, 5, 1]
(2, (0, 0, 0), (2, 1)): [445, 22, 5, 1, 2, 2]
(2, (0, 0, 0), (2, 2)): [362, 14, 6, 3, 2, 2]
(2, (0, 0, 0), (3, 0)): [149, 14, 8, 3, 1]
(2, (0, 0, 0), (3, 1)): [219, 16, 4, 1, 1, 1]
(2, (0, 0, 0), (3, 2)): [233, 16, 8, 1, 1, 2]
(2, (0, 0, 1), (0, 0)): [31696, 10448, 1955, 662, 233, 99, 31, 9, 1, 2, 0, 1]
(2, (0, 0, 1), (0, 1)): [63, 23, 1, 0, 1]
(2, (0, 0, 1), (0, 2)): [26, 5]
(2, (0, 0, 1), (1, 0)): [91, 35, 8, 2, 0, 1]
(2, (0, 0, 1), (1, 1)): [54, 21, 5, 1, 1]
(2, (0, 0, 1), (1, 2)): [28, 6, 1, 0, 1]
(2, (0, 0, 1), (2, 0)): [45, 16, 3, 1, 0, 1]
(2, (0, 0, 1), (2, 1)): [30, 13, 3, 1]
(2, (0, 0, 1), (2, 2)): [29, 5, 2, 0, 1]
(2, (0, 0, 1), (3, 0)): [31, 10, 3, 1, 0, 1]
(2, (0, 0, 1), (3, 1)): [15, 7, 1, 1]
(2, (0, 0, 1), (3, 2)): [18, 7, 2]
(2, (0, 1, 0), (0, 0)): [78744, 18606, 4558, 1587, 536, 198, 56, 15, 5, 1]
(2, (0, 1, 0), (0, 1)): [162, 37, 5, 0, 5]
(2, (0, 1, 0), (0, 2)): [49, 7, 2, 0, 3]
(2, (0, 1, 0), (1, 0)): [259, 51, 19, 10, 2, 2]
(2, (0, 1, 0), (1, 1)): [159, 29, 8, 1, 2, 2]
(2, (0, 1, 0), (1, 2)): [80, 13, 4, 1, 2]
(2, (0, 1, 0), (2, 0)): [146, 31, 10, 9, 2]
(2, (0, 1, 0), (2, 1)): [109, 14, 2, 1, 1, 1]
(2, (0, 1, 0), (2, 2)): [84, 9, 3, 1, 2]
(2, (0, 1, 0), (3, 0)): [96, 21, 9, 6, 1]
(2, (0, 1, 0), (3, 1)): [64, 15, 2, 1, 2]
(2, (0, 1, 0), (3, 2)): [67, 12, 2, 1, 2]
(2, (0, 1, 1), (0, 0)): [19518, 1687, 4688, 1263, 470, 161, 60, 22, 10, 3, 1]
(2, (0, 1, 1), (0, 1)): [38, 4, 8, 1, 0, 0, 0, 1]
(2, (0, 1, 1), (0, 2)): [17, 1, 2, 1]
(2, (0, 1, 1), (1, 0)): [78, 4, 14, 3, 4, 1]
(2, (0, 1, 1), (1, 1)): [33, 2, 8, 1, 2, 0, 0, 1]
(2, (0, 1, 1), (1, 2)): [23, 0, 2, 1]
(2, (0, 1, 1), (2, 0)): [48, 3, 8, 2, 2, 1]
(2, (0, 1, 1), (2, 1)): [16, 2, 4, 1, 1]
(2, (0, 1, 1), (2, 2)): [14, 0, 3]
(2, (0, 1, 1), (3, 0)): [40, 2, 5, 1, 2, 1]
(2, (0, 1, 1), (3, 1)): [13, 2, 1, 1]
(2, (0, 1, 1), (3, 2)): [14, 1, 2]
(2, (1, 0, 0), (0, 0)): [173396, 13534, 7817, 2581, 881, 278, 110, 37, 11, 3, 2]
(2, (1, 0, 0), (0, 1)): [400, 26, 17, 5, 2, 1, 1]
(2, (1, 0, 0), (0, 2)): [147, 6, 4, 1, 1, 1, 1]
(2, (1, 0, 0), (1, 0)): [458, 32, 23, 13, 6, 2, 1]
(2, (1, 0, 0), (1, 1)): [302, 26, 14, 7, 3]
(2, (1, 0, 0), (1, 2)): [182, 10, 8, 4, 1, 1]
(2, (1, 0, 0), (2, 0)): [175, 15, 12, 7, 3, 0, 1]
(2, (1, 0, 0), (2, 1)): [167, 19, 7, 2, 3]
(2, (1, 0, 0), (2, 2)): [132, 5, 6, 2, 2, 1]
(2, (1, 0, 0), (3, 0)): [66, 7, 4, 4, 1, 0, 1]
(2, (1, 0, 0), (3, 1)): [82, 13, 7, 2, 2, 0, 1]
(2, (1, 0, 0), (3, 2)): [81, 7, 3, 2, 1, 1]
(2, (1, 0, 1), (0, 0)): [29439, 7811, 3320, 1816, 561, 221, 72, 28, 11, 2, 0, 1]
(2, (1, 0, 1), (0, 1)): [86, 20, 4, 7, 3]
(2, (1, 0, 1), (0, 2)): [36, 4, 2, 1, 1]
(2, (1, 0, 1), (1, 0)): [88, 17, 4, 10, 6, 1]
(2, (1, 0, 1), (1, 1)): [63, 17, 1, 7, 3]
(2, (1, 0, 1), (1, 2)): [37, 6, 0, 2, 1]
(2, (1, 0, 1), (2, 0)): [31, 3, 3, 7, 1]
(2, (1, 0, 1), (2, 1)): [34, 6, 1, 5, 2]
(2, (1, 0, 1), (2, 2)): [24, 3, 0, 2, 2]
(2, (1, 0, 1), (3, 0)): [18, 1, 2, 4]
(2, (1, 0, 1), (3, 1)): [16, 3, 1, 4, 1]
(2, (1, 0, 1), (3, 2)): [17, 3, 0, 0, 2]
(2, (1, 1, 0), (0, 0)): [64545, 10456, 5554, 3335, 1116, 388, 114, 38, 16, 6, 3, 0, 0, 1]
(2, (1, 1, 0), (0, 1)): [189, 33, 16, 9, 3, 2]
(2, (1, 1, 0), (0, 2)): [73, 12, 6, 3, 1]
(2, (1, 1, 0), (1, 0)): [192, 27, 22, 19, 4, 4, 2, 1]
(2, (1, 1, 0), (1, 1)): [145, 20, 12, 8, 2, 3]
(2, (1, 1, 0), (1, 2)): [86, 12, 7, 6, 0, 1]
(2, (1, 1, 0), (2, 0)): [80, 13, 10, 8, 2, 2, 1, 1]
(2, (1, 1, 0), (2, 1)): [90, 12, 7, 5, 2, 2]
(2, (1, 1, 0), (2, 2)): [66, 12, 6, 6, 1, 1]
(2, (1, 1, 0), (3, 0)): [37, 4, 3, 1, 1, 2, 1]
(2, (1, 1, 0), (3, 1)): [40, 2, 3, 3, 1, 3, 1]
(2, (1, 1, 0), (3, 2)): [56, 6, 7, 5, 1, 0, 1]
(2, (1, 1, 1), (0, 0)): [18907, 2849, 3348, 1738, 1165, 404, 126, 46, 21, 4, 3, 0, 0, 1]
(2, (1, 1, 1), (0, 1)): [82, 7, 9, 7, 7, 1]
(2, (1, 1, 1), (0, 2)): [39, 2, 1, 1, 3, 1]
(2, (1, 1, 1), (1, 0)): [61, 24, 14, 11, 4, 3, 1]
(2, (1, 1, 1), (1, 1)): [57, 7, 11, 7, 3, 1]
(2, (1, 1, 1), (1, 2)): [39, 5, 3, 3, 4, 1]
(2, (1, 1, 1), (2, 0)): [21, 21, 6, 5, 3, 1, 1]
(2, (1, 1, 1), (2, 1)): [22, 6, 5, 6, 2, 1, 1]
(2, (1, 1, 1), (2, 2)): [29, 8, 3, 2, 2, 0, 1]
(2, (1, 1, 1), (3, 0)): [9, 19, 2, 3, 1, 1]
(2, (1, 1, 1), (3, 1)): [14, 8, 1, 4, 1]
(2, (1, 1, 1), (3, 2)): [17, 9, 2, 4, 2, 0, 1]
