(0, (0, 0, 0)): [771587, 155901, 73362, 33625, 15199, 6666, 2742, 1163, 479, 224, 89, 47, 24, 7, 3, 1, 0, 1]
(0, (0, 0, 1)): [3181, 9989, 2731, 1316, 662, 292, 127, 69, 29, 17, 4, 1, 2, 1]
(0, (0, 1, 0)): [25321, 24171, 9574, 4544, 2247, 1008, 400, 188, 79, 45, 13, 5, 3, 1, 1]
(0, (0, 1, 1)): [2259, 3889, 4842, 2225, 1219, 556, 245, 117, 53, 25, 8, 6, 1, 2, 1, 0, 0, 1]
(0, (1, 0, 0)): [168402, 56292, 36327, 17989, 8712, 3980, 1702, 734, 316, 143, 60, 30, 15, 4, 2, 1, 0, 1]
(0, (1, 0, 1)): [3820, 12426, 5026, 3485, 1865, 870, 426, 182, 82, 39, 17, 10, 5, 1, 1, 0, 0, 1]
(0, (1, 1, 0)): [23006, 14855, 11518, 8171, 4413, 2109, 933, 453, 181, 76, 37, 18, 6, 1]
(0, (1, 1, 1)): [2345, 4323, 3625, 2789, 2237, 1101, 531, 271, 114, 48, 28, 11, 2, 1, 1]
(1, (0, 0, 0)): [619503, 68325, 28418, 11383, 4512, 1730, 654, 257, 102, 41, 19, 11, 6, 2, 0, 1]
(1, (0, 0, 1)): [16850, 25043, 4994, 2093, 893, 388, 142, 62, 31, 8, 6, 4, 3, 1]
(1, (0, 1, 0)): [82204, 38243, 13734, 5818, 2401, 951, 323, 162, 42, 27, 14, 7, 6, 1, 1]
(1, (0, 1, 1)): [13949, 11510, 10833, 4298, 2257, 881, 363, 150, 76, 16, 7, 4, 1, 2, 0, 1]
(1, (1, 0, 0)): [245056, 44108, 28284, 12265, 5008, 2023, 787, 289, 133, 59, 22, 15, 4, 2, 0, 2]
(1, (1, 0, 1)): [19147, 23640, 7627, 5077, 2183, 934, 347, 145, 53, 40, 12, 3, 0, 1]
(1, (1, 1, 0)): [66511, 20968, 14492, 10124, 4379, 1876, 731, 292, 118, 53, 17, 11, 6, 4, 1]
(1, (1, 1, 1)): [13846, 11047, 7137, 4772, 3518, 1501, 620, 227, 97, 38, 14, 12, 6, 2, 1, 1]
(2, (0, 0, 0)): [534633, 24306, 8363, 2656, 936, 311, 112, 36, 8, 3, 3, 0, 1]
(2, (0, 0, 1)): [50081, 15930, 3089, 1064, 385, 150, 40, 12, 2, 2, 0, 1]
(2, (0, 1, 0)): [132270, 29446, 7730, 2743, 902, 305, 91, 22, 5, 2, 2, 0, 1]
(2, (0, 1, 1)): [31375, 2736, 7220, 1924, 769, 246, 97, 33, 11, 4, 3, 1, 0, 1]
(2, (1, 0, 0)): [299256, 22150, 14146, 4469, 1507, 468, 195, 54, 15, 8, 4, 0, 1]
(2, (1, 0, 1)): [49114, 12429, 5034, 2987, 958, 329, 123, 41, 17, 4, 0, 2, 1]
(2, (1, 1, 0)): [116059, 18349, 9318, 6084, 1997, 668, 200, 70, 27, 12, 5, 1, 2, 1]
(2, (1, 1, 1)): [33703, 5009, 5717, 2910, 2067, 682, 219, 79, 33, 5, 4, 0, 1, 1]
