(0, (0, 0, 0), (0, 0)): [2113956, 434224, 199910, 91587, 41164, 17675, 7393, 2944, 1212, 530, 232, 114, 39, 22, 6, 1, 1, 1]
(0, (0, 0, 0), (0, 1)): [386060, 75533, 34442, 16041, 7077, 3103, 1287, 428, 205, 88, 42, 23, 6, 4, 1, 1]
(0, (0, 0, 0), (0, 2)): [148455, 25704, 11570, 5277, 2275, 986, 402, 130, 66, 30, 8, 4, 4, 0, 1]
(0, (0, 0, 0), (1, 0)): [321321, 72905, 34618, 16148, 7600, 3214, 1414, 572, 222, 83, 48, 17, 4, 6, 2, 0, 1]
(0, (0, 0, 0), (1, 1)): [321072, 66008, 30643, 14275, 6452, 2772, 1183, 431, 195, 68, 43, 19, 3, 6, 0, 1, 1]
(0, (0, 0, 0), (1, 2)): [222988, 40038, 18362, 8342, 3696, 1553, 669, 238, 112, 41, 14, 8, 5, 1, 1]
(0, (0, 0, 0), (2, 0)): [102640, 25756, 13163, 6204, 3035, 1269, 551, 249, 83, 38, 21, 8, 2, 3, 1]
(0, (0, 0, 0), (2, 1)): [163442, 36969, 18108, 8421, 3981, 1710, 684, 303, 119, 46, 28, 12, 2, 4, 0, 0, 1]
(0, (0, 0, 0), (2, 2)): [175987, 34615, 16383, 7571, 3409, 1409, 609, 230, 110, 39, 17, 5, 5, 2, 1, 0, 1]
(0, (0, 0, 0), (3, 0)): [29658, 8442, 4967, 2485, 1243, 516, 235, 102, 35, 18, 12, 3, 0, 2, 1]
(0, (0, 0, 0), (3, 1)): [61926, 16427, 8861, 4291, 2117, 923, 366, 185, 73, 28, 12, 10, 1, 4, 1]
(0, (0, 0, 0), (3, 2)): [92248, 21205, 11239, 5255, 2505, 1053, 433, 190, 86, 34, 12, 10, 4, 2, 1, 0, 1]
(0, (0, 0, 1), (0, 0)): [7520, 23606, 6464, 3168, 1530, 669, 291, 115, 51, 28, 18, 4, 3, 3]
(0, (0, 0, 1), (0, 1)): [1007, 3141, 855, 403, 194, 93, 34, 13, 9, 4, 4, 1, 0, 1]
(0, (0, 0, 1), (0, 2)): [444, 1172, 295, 141, 63, 35, 13, 4, 6, 0, 1]
(0, (0, 0, 1), (1, 0)): [970, 3404, 989, 534, 271, 121, 50, 17, 7, 4, 6]
(0, (0, 0, 1), (1, 1)): [916, 2885, 785, 393, 207, 97, 32, 13, 4, 7, 2, 1, 0, 1]
(0, (0, 0, 1), (1, 2)): [717, 1854, 472, 227, 105, 58, 17, 7, 4, 3, 1]
(0, (0, 0, 1), (2, 0)): [355, 1241, 398, 242, 110, 49, 21, 10, 4, 1, 5]
(0, (0, 0, 1), (2, 1)): [488, 1632, 490, 278, 137, 61, 30, 10, 5, 4, 2, 1]
(0, (0, 0, 1), (2, 2)): [650, 1671, 457, 220, 114, 55, 18, 5, 3, 3, 1]
(0, (0, 0, 1), (3, 0)): [119, 418, 132, 99, 42, 19, 9, 3, 1, 0, 3]
(0, (0, 0, 1), (3, 1)): [199, 719, 222, 180, 79, 29, 18, 4, 2, 2, 0, 1]
(0, (0, 0, 1), (3, 2)): [364, 1014, 286, 190, 104, 38, 16, 2, 3, 2]
(0, (0, 1, 0), (0, 0)): [78738, 73844, 29132, 14475, 6879, 2990, 1303, 531, 228, 114, 40, 17, 7, 6, 3, 0, 1]
(0, (0, 1, 0), (0, 1)): [14132, 12517, 4979, 2386, 1124, 479, 228, 81, 35, 17, 5, 4, 1, 1, 1]
(0, (0, 1, 0), (0, 2)): [5780, 4360, 1730, 789, 379, 162, 84, 25, 13, 4, 0, 1, 1]
(0, (0, 1, 0), (1, 0)): [13548, 13047, 5456, 2946, 1369, 630, 264, 108, 49, 17, 10, 3, 2, 2, 1, 0, 1]
(0, (0, 1, 0), (1, 1)): [12239, 10845, 4450, 2268, 1062, 454, 200, 85, 27, 20, 8, 3, 0, 2, 1]
(0, (0, 1, 0), (1, 2)): [8583, 6671, 2761, 1319, 604, 257, 112, 57, 16, 7, 2, 3, 1, 0, 1]
(0, (0, 1, 0), (2, 0)): [4947, 4704, 2087, 1211, 548, 284, 108, 47, 22, 4, 2, 3, 2, 1, 0, 0, 1]
(0, (0, 1, 0), (2, 1)): [6655, 6077, 2591, 1364, 648, 306, 138, 48, 19, 15, 4, 1, 1, 1, 0, 0, 1]
(0, (0, 1, 0), (2, 2)): [7241, 5650, 2501, 1173, 555, 237, 111, 48, 17, 8, 3, 2, 1, 0, 1, 0, 1]
(0, (0, 1, 0), (3, 0)): [1726, 1392, 725, 500, 230, 123, 52, 24, 10, 1, 0, 1, 1]
(0, (0, 1, 0), (3, 1)): [2945, 2526, 1208, 792, 353, 174, 74, 30, 7, 4, 1, 1, 0, 1]
(0, (0, 1, 0), (3, 2)): [4262, 3282, 1601, 874, 407, 202, 104, 35, 8, 7, 2, 0, 0, 0, 1, 0, 1]
(0, (0, 1, 1), (0, 0)): [6202, 10998, 12967, 6055, 3202, 1553, 666, 289, 140, 62, 19, 13, 3, 4, 2, 0, 1, 1]
(0, (0, 1, 1), (0, 1)): [1094, 1870, 2087, 927, 500, 237, 110, 43, 16, 11, 3, 2, 1, 0, 0, 0, 1]
(0, (0, 1, 1), (0, 2)): [519, 709, 768, 342, 180, 92, 42, 22, 2, 4, 0, 1]
(0, (0, 1, 1), (1, 0)): [1019, 1948, 2354, 1169, 614, 327, 130, 52, 33, 8, 5, 5, 0, 1, 1]
(0, (0, 1, 1), (1, 1)): [885, 1638, 1900, 834, 455, 213, 92, 31, 17, 6, 5, 1, 1, 0, 0, 0, 1]
(0, (0, 1, 1), (1, 2)): [738, 1056, 1155, 498, 297, 142, 57, 22, 9, 2, 1, 1, 0, 0, 0, 0, 1]
(0, (0, 1, 1), (2, 0)): [426, 826, 889, 489, 286, 173, 61, 25, 21, 5, 2, 2, 0, 1, 1]
(0, (0, 1, 1), (2, 1)): [447, 891, 1040, 502, 231, 127, 53, 23, 10, 9, 4, 1, 1, 0, 1]
(0, (0, 1, 1), (2, 2)): [574, 917, 982, 444, 239, 118, 46, 19, 8, 7, 2, 1, 0, 0, 0, 0, 1]
(0, (0, 1, 1), (3, 0)): [228, 388, 385, 239, 165, 91, 33, 9, 14, 0, 1, 2, 0, 1]
(0, (0, 1, 1), (3, 1)): [184, 360, 419, 222, 146, 75, 28, 12, 11, 3, 1, 1, 0, 0, 1]
(0, (0, 1, 1), (3, 2)): [334, 499, 569, 301, 159, 97, 40, 17, 11, 4, 3, 0, 0, 0, 0, 0, 1]
(0, (1, 0, 0), (0, 0)): [441260, 146110, 95515, 47563, 22849, 10294, 4317, 1814, 775, 340, 159, 66, 25, 17, 4, 1, 1, 1]
(0, (1, 0, 0), (0, 1)): [72520, 21604, 14860, 7251, 3480, 1557, 649, 250, 125, 44, 23, 10, 1, 3]
(0, (1, 0, 0), (0, 2)): [27833, 7191, 5054, 2299, 1083, 481, 228, 81, 36, 15, 8, 2]
(0, (1, 0, 0), (1, 0)): [62714, 22057, 15541, 8175, 4019, 1828, 769, 319, 131, 65, 37, 11, 2, 6, 2, 0, 1]
(0, (1, 0, 0), (1, 1)): [55278, 17480, 12152, 6208, 2902, 1381, 551, 228, 99, 45, 21, 9, 1, 4, 1]
(0, (1, 0, 0), (1, 2)): [36644, 10052, 7069, 3451, 1587, 731, 315, 121, 57, 20, 4, 3, 0, 0, 1]
(0, (1, 0, 0), (2, 0)): [19527, 7510, 5542, 3079, 1588, 721, 296, 123, 43, 32, 19, 3, 2, 3, 0, 0, 1]
(0, (1, 0, 0), (2, 1)): [26685, 9200, 6521, 3496, 1679, 808, 320, 138, 59, 35, 19, 6, 0, 6, 0, 0, 1]
(0, (1, 0, 0), (2, 2)): [26482, 7921, 5629, 2761, 1334, 584, 275, 106, 52, 25, 11, 3, 0, 3]
(0, (1, 0, 0), (3, 0)): [5038, 2351, 1815, 1214, 637, 286, 119, 47, 20, 13, 7, 1, 1]
(0, (1, 0, 0), (3, 1)): [9592, 3904, 2850, 1798, 883, 437, 175, 77, 30, 16, 11, 2, 1, 2]
(0, (1, 0, 0), (3, 2)): [12486, 4672, 3247, 1831, 896, 404, 190, 80, 40, 17, 8, 3, 0, 1]
(0, (1, 0, 1), (0, 0)): [10359, 31934, 12878, 9278, 4874, 2272, 1071, 433, 217, 90, 49, 19, 9, 3, 2, 0, 0, 1]
(0, (1, 0, 1), (0, 1)): [1731, 4645, 1896, 1408, 706, 337, 158, 51, 27, 11, 6, 1, 4, 1]
(0, (1, 0, 1), (0, 2)): [801, 1661, 667, 484, 231, 112, 47, 14, 6, 1, 2, 1, 2, 1]
(0, (1, 0, 1), (1, 0)): [1448, 4796, 1965, 1466, 817, 404, 167, 79, 47, 20, 15, 2, 0, 1, 1]
(0, (1, 0, 1), (1, 1)): [1336, 3695, 1577, 1126, 596, 264, 122, 53, 34, 13, 8, 1]
(0, (1, 0, 1), (1, 2)): [1071, 2202, 946, 637, 334, 147, 64, 26, 13, 5, 2, 1, 2]
(0, (1, 0, 1), (2, 0)): [485, 1621, 670, 517, 301, 174, 65, 30, 17, 11, 5, 1]
(0, (1, 0, 1), (2, 1)): [639, 1894, 826, 610, 314, 171, 71, 29, 22, 12, 6]
(0, (1, 0, 1), (2, 2)): [801, 1700, 752, 525, 270, 136, 62, 28, 8, 8, 3]
(0, (1, 0, 1), (3, 0)): [157, 505, 234, 142, 116, 75, 26, 10, 7, 2, 1, 1]
(0, (1, 0, 1), (3, 1)): [254, 666, 352, 254, 176, 91, 32, 16, 14, 7, 3]
(0, (1, 0, 1), (3, 2)): [394, 857, 460, 298, 196, 100, 41, 19, 12, 11, 5]
(0, (1, 1, 0), (0, 0)): [63172, 39893, 29382, 21574, 11455, 5424, 2328, 1048, 451, 203, 94, 38, 12, 6, 1, 0, 1]
(0, (1, 1, 0), (0, 1)): [11560, 6395, 4359, 3364, 1850, 807, 381, 155, 62, 25, 15, 6, 0, 1, 1, 0, 1]
(0, (1, 1, 0), (0, 2)): [4810, 2240, 1485, 1137, 626, 284, 123, 63, 25, 12, 4]
(0, (1, 1, 0), (1, 0)): [9125, 5927, 4503, 3521, 1842, 932, 394, 162, 76, 31, 17, 6, 3, 3]
(0, (1, 1, 0), (1, 1)): [8538, 4920, 3571, 2826, 1431, 671, 298, 117, 36, 17, 15, 2, 2, 2, 1, 0, 1]
(0, (1, 1, 0), (1, 2)): [6226, 3022, 2071, 1715, 856, 368, 168, 72, 28, 17, 5, 1, 0, 1, 0, 0, 1]
(0, (1, 1, 0), (2, 0)): [2692, 1994, 1535, 1188, 709, 377, 163, 66, 38, 13, 6, 4, 0, 1]
(0, (1, 1, 0), (2, 1)): [3965, 2490, 1899, 1452, 806, 380, 176, 69, 33, 10, 10, 3, 2, 0, 1]
(0, (1, 1, 0), (2, 2)): [4371, 2348, 1690, 1338, 697, 318, 143, 64, 24, 15, 6, 1, 0, 0, 0, 0, 1]
(0, (1, 1, 0), (3, 0)): [617, 651, 540, 407, 278, 153, 61, 25, 14, 6, 2, 2, 0, 1]
(0, (1, 1, 0), (3, 1)): [1374, 1068, 859, 664, 440, 241, 105, 34, 20, 8, 5, 1, 2, 0, 1]
(0, (1, 1, 0), (3, 2)): [2034, 1330, 1046, 827, 488, 243, 103, 51, 18, 9, 6, 0, 0, 0, 0, 0, 1]
(0, (1, 1, 1), (0, 0)): [5983, 11949, 9556, 6888, 5687, 2866, 1320, 610, 299, 124, 62, 23, 6, 4, 1, 0, 1]
(0, (1, 1, 1), (0, 1)): [1196, 2144, 1676, 1104, 946, 490, 210, 98, 57, 20, 8, 5, 2, 1]
(0, (1, 1, 1), (0, 2)): [643, 847, 603, 385, 342, 166, 64, 31, 19, 6, 5, 2, 1]
(0, (1, 1, 1), (1, 0)): [813, 1892, 1539, 1083, 942, 509, 216, 83, 51, 24, 10, 3, 0, 1, 0, 0, 1]
(0, (1, 1, 1), (1, 1)): [799, 1662, 1333, 879, 757, 427, 183, 89, 43, 18, 6, 3, 1, 1, 0, 0, 1]
(0, (1, 1, 1), (1, 2)): [736, 1160, 865, 549, 480, 232, 103, 48, 23, 9, 4, 3, 0, 1, 0, 0, 1]
(0, (1, 1, 1), (2, 0)): [234, 565, 520, 386, 355, 190, 71, 28, 16, 12, 4, 2, 0, 1]
(0, (1, 1, 1), (2, 1)): [367, 772, 673, 466, 383, 238, 88, 47, 30, 12, 3, 0, 1]
(0, (1, 1, 1), (2, 2)): [482, 839, 673, 440, 374, 204, 86, 48, 24, 12, 2, 1, 1]
(0, (1, 1, 1), (3, 0)): [45, 154, 142, 138, 106, 71, 34, 14, 4, 5, 3, 1, 0, 1]
(0, (1, 1, 1), (3, 1)): [103, 284, 270, 201, 170, 107, 52, 17, 8, 6, 2, 1, 0, 1]
(0, (1, 1, 1), (3, 2)): [180, 413, 377, 271, 239, 128, 74, 26, 15, 7, 2, 1, 1, 1]
(1, (0, 0, 0), (0, 0)): [1729633, 194495, 79690, 31730, 12484, 4729, 1859, 653, 230, 97, 34, 23, 8, 3, 0, 1]
(1, (0, 0, 0), (0, 1)): [317621, 33453, 13597, 5360, 2146, 784, 317, 116, 31, 11, 4, 5, 1, 1]
(1, (0, 0, 0), (0, 2)): [123253, 11046, 4474, 1642, 662, 235, 81, 29, 3, 4, 1, 3]
(1, (0, 0, 0), (1, 0)): [275393, 35255, 14809, 6046, 2485, 949, 366, 112, 44, 20, 5, 3, 0, 0, 0, 1]
(1, (0, 0, 0), (1, 1)): [270356, 30626, 12499, 5034, 2067, 732, 325, 108, 37, 11, 5, 2, 1, 1]
(1, (0, 0, 0), (1, 2)): [185784, 17734, 7141, 2774, 1155, 399, 167, 45, 15, 7, 1, 2, 1]
(1, (0, 0, 0), (2, 0)): [91518, 13178, 5918, 2522, 1053, 419, 157, 49, 15, 12, 2, 2, 0, 0, 0, 1]
(1, (0, 0, 0), (2, 1)): [141922, 17971, 7726, 3134, 1348, 495, 173, 75, 16, 14, 5, 2]
(1, (0, 0, 0), (2, 2)): [150870, 15956, 6749, 2743, 1119, 395, 143, 54, 19, 8, 1, 1]
(1, (0, 0, 0), (3, 0)): [26958, 4377, 2421, 1078, 421, 186, 85, 18, 11, 5, 1, 1, 0, 0, 0, 1]
(1, (0, 0, 0), (3, 1)): [56419, 8526, 4222, 1815, 785, 297, 109, 40, 11, 5, 3]
(1, (0, 0, 0), (3, 2)): [82399, 10566, 5080, 2128, 923, 323, 114, 46, 12, 7, 3]
(1, (0, 0, 1), (0, 0)): [46048, 65994, 13241, 5827, 2366, 983, 379, 133, 70, 22, 14, 8, 3, 2]
(1, (0, 0, 1), (0, 1)): [7595, 9317, 1907, 784, 274, 134, 63, 16, 4, 1, 3, 1]
(1, (0, 0, 1), (0, 2)): [3335, 3061, 596, 236, 90, 41, 18, 2, 3, 0, 1, 1]
(1, (0, 0, 1), (1, 0)): [7987, 11813, 2496, 1254, 512, 215, 78, 26, 22, 5, 1, 1]
(1, (0, 0, 1), (1, 1)): [6983, 8910, 1833, 829, 311, 129, 55, 16, 7, 3, 1, 1]
(1, (0, 0, 1), (1, 2)): [5294, 4978, 1000, 437, 170, 70, 34, 5, 5, 1, 1, 2]
(1, (0, 0, 1), (2, 0)): [3292, 4813, 1113, 642, 263, 111, 46, 16, 12, 3, 1]
(1, (0, 0, 1), (2, 1)): [3966, 5304, 1140, 578, 220, 95, 31, 15, 7, 2, 1]
(1, (0, 0, 1), (2, 2)): [4600, 4571, 978, 464, 163, 65, 37, 8, 3, 1, 2, 2]
(1, (0, 0, 1), (3, 0)): [1537, 1940, 511, 354, 144, 63, 24, 8, 4, 1, 1]
(1, (0, 0, 1), (3, 1)): [1736, 2296, 580, 322, 132, 62, 19, 11, 4, 2]
(1, (0, 0, 1), (3, 2)): [2761, 2848, 692, 374, 138, 65, 33, 10, 3, 0, 1]
(1, (0, 1, 0), (0, 0)): [232681, 100537, 37431, 16344, 6660, 2647, 935, 414, 121, 62, 31, 10, 10, 2, 1]
(1, (0, 1, 0), (0, 1)): [39059, 15332, 5740, 2404, 984, 421, 142, 63, 16, 11, 6, 1, 1]
(1, (0, 1, 0), (0, 2)): [15401, 5344, 1925, 744, 294, 138, 43, 17, 6, 4, 1, 1, 1]
(1, (0, 1, 0), (1, 0)): [41768, 17594, 7098, 3543, 1437, 570, 215, 90, 34, 14, 6, 0, 0, 1]
(1, (0, 1, 0), (1, 1)): [35347, 14025, 5471, 2459, 1019, 397, 150, 53, 19, 6, 5, 0, 0, 1]
(1, (0, 1, 0), (1, 2)): [23928, 8450, 3106, 1309, 502, 210, 76, 36, 12, 7, 1, 1]
(1, (0, 1, 0), (2, 0)): [17445, 7113, 3089, 1806, 755, 299, 109, 55, 17, 9, 5]
(1, (0, 1, 0), (2, 1)): [20483, 8174, 3453, 1678, 733, 274, 105, 40, 13, 6, 3, 0, 0, 1]
(1, (0, 1, 0), (2, 2)): [20912, 7401, 2935, 1285, 523, 222, 75, 28, 10, 6, 2]
(1, (0, 1, 0), (3, 0)): [7792, 2898, 1360, 992, 430, 168, 64, 29, 10, 5, 2]
(1, (0, 1, 0), (3, 1)): [9546, 3583, 1747, 1053, 464, 158, 73, 36, 14, 5, 2, 0, 0, 1]
(1, (0, 1, 0), (3, 2)): [12874, 4527, 2069, 1086, 480, 167, 67, 26, 6, 7, 2, 0, 0, 1]
(1, (0, 1, 1), (0, 0)): [36089, 30466, 26083, 10680, 5598, 2200, 899, 349, 158, 50, 15, 7, 3, 2, 0, 1]
(1, (0, 1, 1), (0, 1)): [5380, 4122, 3471, 1420, 649, 227, 118, 46, 13, 1, 3]
(1, (0, 1, 1), (0, 2)): [2531, 1337, 1222, 495, 238, 70, 40, 18, 2, 0, 3]
(1, (0, 1, 1), (1, 0)): [6821, 6219, 4706, 2100, 1299, 524, 213, 77, 33, 15, 1, 1, 1]
(1, (0, 1, 1), (1, 1)): [4617, 3758, 3078, 1266, 629, 219, 100, 37, 15, 6, 0, 1]
(1, (0, 1, 1), (1, 2)): [3761, 2161, 1913, 745, 385, 123, 59, 27, 5, 3, 2, 1]
(1, (0, 1, 1), (2, 0)): [3800, 3302, 2397, 1187, 856, 361, 150, 52, 24, 9, 1]
(1, (0, 1, 1), (2, 1)): [2517, 2120, 1732, 788, 389, 156, 74, 18, 9, 3]
(1, (0, 1, 1), (2, 2)): [3134, 1885, 1662, 686, 346, 107, 55, 17, 5, 1, 1, 1]
(1, (0, 1, 1), (3, 0)): [2736, 2192, 1461, 817, 704, 291, 115, 45, 20, 7, 1]
(1, (0, 1, 1), (3, 1)): [1094, 931, 762, 363, 216, 111, 40, 15, 8, 3]
(1, (0, 1, 1), (3, 2)): [1775, 1196, 940, 466, 274, 98, 41, 17, 7, 2, 0, 1]
(1, (1, 0, 0), (0, 0)): [642797, 113007, 75169, 32090, 13169, 5220, 2092, 745, 289, 127, 48, 31, 7, 3, 0, 2]
(1, (1, 0, 0), (0, 1)): [106074, 16730, 11452, 4876, 1966, 781, 325, 112, 32, 16, 9, 4, 1]
(1, (1, 0, 0), (0, 2)): [40315, 5483, 3697, 1499, 602, 264, 111, 31, 8, 4, 4]
(1, (1, 0, 0), (1, 0)): [98427, 18570, 13193, 5938, 2502, 1000, 418, 147, 45, 24, 8, 4, 2, 0, 0, 1]
(1, (1, 0, 0), (1, 1)): [85314, 14396, 10052, 4388, 1776, 689, 292, 103, 36, 16, 6, 6, 1, 0, 0, 1]
(1, (1, 0, 0), (1, 2)): [55974, 8169, 5658, 2376, 930, 352, 154, 54, 18, 5, 5, 1]
(1, (1, 0, 0), (2, 0)): [32075, 6599, 4872, 2449, 1051, 416, 182, 60, 22, 8, 3, 0, 1]
(1, (1, 0, 0), (2, 1)): [42755, 7892, 5597, 2710, 1089, 441, 182, 58, 22, 9, 5, 4, 1, 0, 0, 1]
(1, (1, 0, 0), (2, 2)): [42256, 6724, 4589, 2108, 832, 334, 143, 51, 13, 5, 3, 1, 1]
(1, (1, 0, 0), (3, 0)): [9053, 2180, 1548, 967, 447, 169, 83, 22, 7, 4, 1, 0, 1]
(1, (1, 0, 0), (3, 1)): [16435, 3674, 2542, 1462, 607, 235, 116, 27, 15, 5, 3, 1, 0, 0, 0, 1]
(1, (1, 0, 0), (3, 2)): [21165, 4269, 2780, 1506, 598, 243, 114, 30, 16, 6, 4, 2, 1, 0, 0, 1]
(1, (1, 0, 1), (0, 0)): [52587, 59648, 19025, 13115, 5671, 2346, 936, 357, 126, 74, 21, 9, 2, 1]
(1, (1, 0, 1), (0, 1)): [9242, 8393, 2674, 1881, 812, 339, 123, 33, 21, 8, 3, 1, 2]
(1, (1, 0, 1), (0, 2)): [4065, 2754, 891, 654, 280, 105, 46, 18, 8, 3, 2, 0, 1]
(1, (1, 0, 1), (1, 0)): [8085, 9094, 3076, 2229, 1037, 429, 171, 71, 24, 17, 0, 2]
(1, (1, 0, 1), (1, 1)): [7170, 6913, 2322, 1609, 663, 298, 108, 26, 13, 6, 0, 2, 1]
(1, (1, 0, 1), (1, 2)): [5288, 3902, 1359, 939, 382, 160, 55, 26, 8, 3, 2]
(1, (1, 0, 1), (2, 0)): [2789, 3011, 1098, 833, 433, 181, 73, 35, 8, 8, 0, 1]
(1, (1, 0, 1), (2, 1)): [3582, 3511, 1193, 882, 421, 170, 69, 21, 12, 6, 0, 3]
(1, (1, 0, 1), (2, 2)): [3916, 2966, 1117, 758, 354, 126, 57, 19, 10, 3, 1]
(1, (1, 0, 1), (3, 0)): [933, 998, 389, 287, 175, 83, 27, 9, 1, 4]
(1, (1, 0, 1), (3, 1)): [1332, 1357, 557, 395, 214, 103, 30, 14, 2, 3, 0, 2]
(1, (1, 0, 1), (3, 2)): [1928, 1670, 703, 470, 267, 103, 37, 12, 7, 2, 0, 2]
(1, (1, 1, 0), (0, 0)): [181889, 54860, 36426, 26842, 11293, 4701, 1848, 736, 280, 118, 44, 25, 10, 5, 1]
(1, (1, 1, 0), (0, 1)): [32766, 8602, 5462, 4219, 1793, 731, 264, 116, 46, 16, 8, 4, 1]
(1, (1, 1, 0), (0, 2)): [13301, 3056, 1847, 1442, 602, 237, 69, 36, 12, 1, 2]
(1, (1, 1, 0), (1, 0)): [27999, 9028, 6075, 4726, 2046, 854, 397, 133, 37, 24, 11, 4, 2, 1]
(1, (1, 1, 0), (1, 1)): [25811, 7302, 4884, 3723, 1591, 636, 263, 111, 37, 23, 9, 4, 1]
(1, (1, 1, 0), (1, 2)): [18323, 4463, 2787, 2138, 915, 314, 114, 58, 19, 5, 6, 2, 1]
(1, (1, 1, 0), (2, 0)): [8948, 3356, 2150, 1687, 850, 379, 179, 54, 16, 11, 6, 2, 2, 1]
(1, (1, 1, 0), (2, 1)): [12769, 4032, 2753, 2115, 980, 433, 190, 58, 24, 11, 7, 2, 1]
(1, (1, 1, 0), (2, 2)): [13813, 3687, 2365, 1814, 861, 328, 130, 53, 20, 7, 3, 2, 1]
(1, (1, 1, 0), (3, 0)): [2298, 1221, 780, 514, 339, 150, 72, 29, 4, 6, 1, 2, 1]
(1, (1, 1, 0), (3, 1)): [4656, 1985, 1330, 980, 539, 246, 101, 35, 12, 8, 4, 2, 1]
(1, (1, 1, 0), (3, 2)): [6797, 2331, 1587, 1154, 639, 234, 96, 36, 16, 8, 2, 1, 1]
(1, (1, 1, 1), (0, 0)): [37322, 29880, 18662, 12053, 9307, 3947, 1623, 603, 249, 89, 29, 21, 9, 4, 1, 1]
(1, (1, 1, 1), (0, 1)): [7240, 4920, 3000, 1927, 1522, 608, 255, 93, 45, 11, 3, 1, 0, 1]
(1, (1, 1, 1), (0, 2)): [3475, 1718, 1075, 704, 516, 182, 86, 25, 9, 6, 2, 0, 0, 1]
(1, (1, 1, 1), (1, 0)): [5318, 4879, 2963, 1889, 1643, 716, 334, 113, 41, 15, 5, 6, 2]
(1, (1, 1, 1), (1, 1)): [5250, 4022, 2493, 1600, 1277, 529, 250, 91, 38, 8, 3, 3]
(1, (1, 1, 1), (1, 2)): [4284, 2363, 1560, 997, 755, 312, 136, 47, 21, 7, 1, 3, 0, 1]
(1, (1, 1, 1), (2, 0)): [1398, 1647, 1025, 643, 602, 289, 133, 48, 15, 7, 2, 3, 1]
(1, (1, 1, 1), (2, 1)): [2262, 2146, 1288, 829, 675, 313, 145, 50, 19, 6, 3, 2]
(1, (1, 1, 1), (2, 2)): [2891, 1949, 1249, 809, 634, 269, 126, 43, 18, 10, 1, 3, 0, 1]
(1, (1, 1, 1), (3, 0)): [234, 508, 356, 222, 186, 99, 48, 20, 5, 3, 0, 1, 1]
(1, (1, 1, 1), (3, 1)): [588, 913, 589, 372, 314, 161, 63, 28, 12, 2, 2, 1, 1]
(1, (1, 1, 1), (3, 2)): [1110, 1147, 736, 484, 384, 193, 87, 33, 12, 4, 2, 1, 0, 1]
(2, (0, 0, 0), (0, 0)): [1510498, 72102, 24092, 7692, 2580, 815, 282, 97, 19, 8, 4, 0, 1]
(2, (0, 0, 0), (0, 1)): [274942, 11517, 3873, 1234, 456, 126, 47, 16, 3]
(2, (0, 0, 0), (0, 2)): [105729, 3125, 1086, 334, 130, 31, 3, 7]
(2, (0, 0, 0), (1, 0)): [249460, 14670, 5080, 1578, 547, 155, 62, 17, 7, 0, 0, 0, 1]
(2, (0, 0, 0), (1, 1)): [239911, 11486, 3970, 1232, 457, 135, 57, 12, 5]
(2, (0, 0, 0), (1, 2)): [161522, 5517, 1936, 621, 219, 65, 23, 8, 1]
(2, (0, 0, 0), (2, 0)): [87175, 5824, 2380, 711, 247, 67, 25, 7, 3, 0, 0, 0, 1]
(2, (0, 0, 0), (2, 1)): [131401, 7391, 2846, 826, 300, 83, 35, 10, 5]
(2, (0, 0, 0), (2, 2)): [136772, 5649, 2157, 647, 229, 69, 26, 7, 1]
(2, (0, 0, 0), (3, 0)): [27257, 1966, 1091, 332, 111, 35, 11, 4, 0, 0, 0, 0, 1]
(2, (0, 0, 0), (3, 1)): [55164, 3732, 1805, 569, 176, 50, 16, 7, 3]
(2, (0, 0, 0), (3, 2)): [79338, 4234, 1987, 596, 206, 65, 22, 7, 2]
(2, (0, 0, 1), (0, 0)): [140710, 40538, 8785, 3017, 1078, 372, 101, 34, 9, 6, 0, 2]
(2, (0, 0, 1), (0, 1)): [24219, 5683, 1267, 431, 141, 54, 13, 4, 1, 3]
(2, (0, 0, 1), (0, 2)): [9688, 1715, 376, 129, 42, 15, 4, 0, 0, 1]
(2, (0, 0, 1), (1, 0)): [27060, 7359, 1887, 723, 279, 85, 27, 10, 3, 1, 0, 1]
(2, (0, 0, 1), (1, 1)): [22635, 5538, 1271, 483, 168, 58, 12, 5, 1, 2]
(2, (0, 0, 1), (1, 2)): [15494, 2907, 619, 218, 89, 32, 7, 2, 0, 2]
(2, (0, 0, 1), (2, 0)): [11806, 3110, 919, 406, 160, 47, 16, 6, 2, 1, 0, 1]
(2, (0, 0, 1), (2, 1)): [13683, 3487, 933, 377, 136, 35, 11, 6, 0, 2]
(2, (0, 0, 1), (2, 2)): [14185, 2864, 719, 265, 100, 35, 6, 3]
(2, (0, 0, 1), (3, 0)): [5627, 1268, 454, 258, 92, 31, 11, 1, 2, 0, 0, 1]
(2, (0, 0, 1), (3, 1)): [6449, 1645, 526, 274, 89, 25, 10, 3, 0, 1]
(2, (0, 0, 1), (3, 2)): [9034, 1967, 582, 275, 100, 25, 9, 3, 0, 1]
(2, (0, 1, 0), (0, 0)): [372105, 76586, 21741, 7774, 2646, 856, 267, 78, 19, 13, 7, 0, 1]
(2, (0, 1, 0), (0, 1)): [62845, 10971, 3098, 1007, 378, 103, 35, 9, 5, 3, 1]
(2, (0, 1, 0), (0, 2)): [25086, 3270, 923, 282, 101, 22, 9, 2, 2, 1]
(2, (0, 1, 0), (1, 0)): [70948, 13994, 4723, 1977, 644, 206, 77, 24, 1, 2, 0, 0, 1]
(2, (0, 1, 0), (1, 1)): [58195, 10582, 3158, 1122, 408, 112, 49, 13, 3, 2, 1]
(2, (0, 1, 0), (1, 2)): [39672, 5572, 1531, 556, 188, 41, 25, 7, 0, 1]
(2, (0, 1, 0), (2, 0)): [31836, 5960, 2288, 1179, 395, 126, 37, 14, 1, 2, 0, 0, 1]
(2, (0, 1, 0), (2, 1)): [34628, 6550, 2203, 842, 310, 87, 27, 6, 2, 2, 1, 0, 1]
(2, (0, 1, 0), (2, 2)): [35632, 5391, 1609, 636, 222, 54, 30, 8, 0, 2]
(2, (0, 1, 0), (3, 0)): [16171, 2570, 1147, 793, 252, 82, 27, 13, 1, 2]
(2, (0, 1, 0), (3, 1)): [16109, 3063, 1214, 611, 219, 63, 20, 6, 2, 1, 1, 0, 1]
(2, (0, 1, 0), (3, 2)): [22406, 3579, 1285, 671, 220, 56, 35, 8, 0, 1, 0, 0, 1]
(2, (0, 1, 1), (0, 0)): [85801, 7157, 17810, 5211, 2079, 678, 232, 69, 24, 7, 5, 1, 0, 1]
(2, (0, 1, 1), (0, 1)): [14752, 941, 2523, 745, 255, 89, 23, 9, 1, 2]
(2, (0, 1, 1), (0, 2)): [6310, 316, 777, 233, 89, 26, 7, 2, 0, 2]
(2, (0, 1, 1), (1, 0)): [17010, 1628, 3270, 1177, 553, 193, 65, 17, 5, 0, 3]
(2, (0, 1, 1), (1, 1)): [13336, 927, 2398, 751, 277, 105, 25, 10, 4, 0, 1]
(2, (0, 1, 1), (1, 2)): [9987, 538, 1353, 398, 153, 50, 9, 3, 1, 2, 1]
(2, (0, 1, 1), (2, 0)): [8208, 921, 1494, 620, 367, 119, 43, 12, 1, 0, 2]
(2, (0, 1, 1), (2, 1)): [7861, 620, 1483, 497, 238, 75, 21, 6, 3, 0, 1]
(2, (0, 1, 1), (2, 2)): [8890, 579, 1264, 428, 167, 64, 10, 4, 3, 1]
(2, (0, 1, 1), (3, 0)): [4785, 632, 758, 365, 250, 92, 27, 11, 0, 0, 1]
(2, (0, 1, 1), (3, 1)): [3713, 346, 691, 265, 158, 50, 18, 7, 1, 0, 1]
(2, (0, 1, 1), (3, 2)): [5647, 461, 883, 323, 159, 67, 11, 7, 4, 1]
(2, (1, 0, 0), (0, 0)): [777568, 56301, 38426, 12244, 4081, 1285, 501, 144, 37, 15, 6, 1, 1]
(2, (1, 0, 0), (0, 1)): [127666, 7892, 5440, 1755, 597, 199, 81, 32, 10, 1, 0, 1]
(2, (1, 0, 0), (0, 2)): [48301, 2160, 1434, 498, 161, 42, 24, 9, 4]
(2, (1, 0, 0), (1, 0)): [121821, 10163, 7282, 2504, 876, 246, 109, 27, 8, 2, 0, 0, 1]
(2, (1, 0, 0), (1, 1)): [105940, 7210, 5073, 1701, 578, 178, 73, 23, 7, 1]
(2, (1, 0, 0), (1, 2)): [69208, 3505, 2317, 845, 267, 72, 30, 10, 4]
(2, (1, 0, 0), (2, 0)): [40998, 3960, 2752, 1128, 399, 118, 49, 17, 6, 2, 0, 0, 1]
(2, (1, 0, 0), (2, 1)): [55199, 4369, 3110, 1142, 391, 118, 52, 13, 5, 0, 0, 0, 1]
(2, (1, 0, 0), (2, 2)): [54162, 3382, 2173, 825, 277, 81, 39, 9, 4]
(2, (1, 0, 0), (3, 0)): [12136, 1479, 883, 513, 177, 54, 20, 9, 3, 2]
(2, (1, 0, 0), (3, 1)): [22292, 2292, 1512, 734, 224, 69, 28, 8, 3, 1, 0, 0, 1]
(2, (1, 0, 0), (3, 2)): [28723, 2504, 1548, 727, 231, 80, 29, 13, 1, 1, 0, 0, 1]
(2, (1, 0, 1), (0, 0)): [138102, 31956, 12644, 8188, 2710, 894, 301, 87, 32, 11, 2, 4, 2]
(2, (1, 0, 1), (0, 1)): [24462, 4692, 1754, 1190, 411, 139, 51, 7, 4, 2, 1, 1, 1]
(2, (1, 0, 1), (0, 2)): [9896, 1396, 517, 321, 120, 34, 11, 2, 1, 1]
(2, (1, 0, 1), (1, 0)): [23369, 5181, 2412, 1677, 614, 178, 60, 16, 3, 2, 0, 1]
(2, (1, 0, 1), (1, 1)): [20476, 4067, 1729, 1145, 439, 136, 49, 10, 3, 2, 1, 2, 1]
(2, (1, 0, 1), (1, 2)): [14090, 2120, 885, 536, 213, 70, 26, 4, 3, 1, 0, 1]
(2, (1, 0, 1), (2, 0)): [8422, 1824, 996, 671, 270, 83, 27, 9, 3]
(2, (1, 0, 1), (2, 1)): [11028, 2219, 1083, 685, 317, 95, 28, 9, 0, 1, 0, 1]
(2, (1, 0, 1), (2, 2)): [11042, 1701, 833, 505, 200, 77, 27, 5, 3, 0, 0, 1]
(2, (1, 0, 1), (3, 0)): [2849, 561, 409, 255, 113, 36, 16, 3, 3]
(2, (1, 0, 1), (3, 1)): [4757, 898, 566, 350, 200, 44, 24, 4, 3, 1]
(2, (1, 0, 1), (3, 2)): [6189, 909, 638, 366, 195, 63, 18, 5, 5]
(2, (1, 1, 0), (0, 0)): [309971, 46632, 23494, 16680, 5475, 1746, 597, 198, 64, 28, 9, 3, 2, 1]
(2, (1, 1, 0), (0, 1)): [54700, 6899, 3347, 2474, 760, 238, 89, 33, 5, 4, 2, 1, 1]
(2, (1, 1, 0), (0, 2)): [22592, 2043, 995, 695, 233, 64, 23, 12, 2, 1]
(2, (1, 1, 0), (1, 0)): [49145, 7506, 4232, 3184, 1174, 345, 128, 38, 17, 5, 1, 1]
(2, (1, 1, 0), (1, 1)): [45568, 6142, 3194, 2371, 736, 245, 79, 31, 9, 5, 2, 2, 1]
(2, (1, 1, 0), (1, 2)): [32560, 3203, 1678, 1129, 356, 123, 30, 17, 6, 1, 1, 1]
(2, (1, 1, 0), (2, 0)): [16865, 2631, 1717, 1235, 595, 165, 63, 17, 8, 3]
(2, (1, 1, 0), (2, 1)): [23970, 3363, 1991, 1466, 575, 153, 64, 22, 6, 4, 0, 0, 1]
(2, (1, 1, 0), (2, 2)): [25925, 2780, 1629, 1098, 415, 117, 42, 17, 10, 1, 1, 1]
(2, (1, 1, 0), (3, 0)): [5382, 816, 696, 419, 290, 90, 27, 7, 5, 2]
(2, (1, 1, 0), (3, 1)): [10162, 1443, 1118, 735, 402, 110, 40, 9, 4, 2, 0, 0, 1]
(2, (1, 1, 0), (3, 2)): [14411, 1715, 1325, 823, 419, 100, 39, 13, 7, 1, 1]
(2, (1, 1, 1), (0, 0)): [91833, 13345, 15241, 7627, 5842, 1817, 605, 205, 72, 16, 9, 4, 1, 1]
(2, (1, 1, 1), (0, 1)): [18159, 1912, 2363, 1198, 929, 289, 97, 29, 16, 3, 3, 0, 1]
(2, (1, 1, 1), (0, 2)): [8005, 610, 695, 366, 251, 80, 29, 6, 4, 1, 2]
(2, (1, 1, 1), (1, 0)): [13891, 3088, 2624, 1457, 1179, 381, 124, 45, 14, 4, 1, 2]
(2, (1, 1, 1), (1, 1)): [14299, 2012, 2161, 1168, 895, 284, 90, 28, 13, 3, 1, 0, 1]
(2, (1, 1, 1), (1, 2)): [11098, 1058, 1133, 571, 437, 152, 46, 13, 4, 2, 2]
(2, (1, 1, 1), (2, 0)): [3879, 1772, 914, 579, 469, 159, 53, 20, 5, 3, 0, 2]
(2, (1, 1, 1), (2, 1)): [6472, 1656, 1220, 758, 577, 205, 59, 14, 8, 2, 0, 0, 1]
(2, (1, 1, 1), (2, 2)): [7872, 1233, 1021, 595, 438, 166, 47, 11, 5, 4, 2]
(2, (1, 1, 1), (3, 0)): [652, 1079, 256, 246, 145, 74, 30, 13, 2, 3, 0, 1]
(2, (1, 1, 1), (3, 1)): [1855, 1378, 480, 413, 304, 116, 41, 10, 4, 3, 0, 1]
(2, (1, 1, 1), (3, 2)): [3358, 1396, 625, 526, 332, 145, 46, 11, 4, 3, 2]
