(0, (0, 0, 0)): [2442424, 500681, 230504, 105740, 47518, 20339, 8472, 3430, 1389, 607, 269, 127, 43, 23, 6, 1, 1, 1]
(0, (0, 0, 1)): [8508, 26630, 7312, 3585, 1736, 750, 329, 132, 55, 34, 18, 4, 4, 3]
(0, (0, 1, 0)): [91002, 84693, 33680, 16783, 7950, 3473, 1495, 617, 257, 137, 47, 20, 9, 6, 3, 0, 1]
(0, (0, 1, 1)): [7188, 12641, 14927, 6999, 3691, 1778, 765, 338, 168, 69, 25, 16, 4, 4, 2, 0, 1, 1]
(0, (1, 0, 0)): [506407, 165570, 109495, 54694, 26279, 11733, 4909, 2104, 881, 385, 186, 76, 26, 17, 4, 1, 1, 1]
(0, (1, 0, 1)): [11788, 35928, 14498, 10531, 5492, 2564, 1212, 492, 238, 102, 52, 20, 11, 3, 2, 0, 0, 1]
(0, (1, 1, 0)): [73213, 45757, 33542, 24855, 13248, 6187, 2655, 1226, 513, 231, 106, 47, 13, 6, 1, 0, 1]
(0, (1, 1, 1)): [7015, 13739, 10977, 7928, 6581, 3269, 1528, 721, 342, 140, 70, 28, 7, 4, 1, 0, 1]
(1, (0, 0, 0)): [2002371, 225447, 92021, 36618, 14346, 5466, 2130, 754, 270, 108, 40, 23, 8, 3, 0, 1]
(1, (0, 0, 1)): [52686, 75363, 15170, 6689, 2723, 1119, 434, 158, 72, 26, 15, 9, 4, 2]
(1, (0, 1, 0)): [266501, 114232, 42853, 18672, 7572, 3024, 1083, 463, 135, 72, 36, 10, 10, 2, 1]
(1, (0, 1, 1)): [41343, 35017, 29885, 12271, 6345, 2539, 1022, 412, 170, 58, 23, 10, 3, 2, 0, 1]
(1, (1, 0, 0)): [739818, 128681, 86675, 37046, 15099, 6012, 2378, 862, 338, 142, 54, 32, 7, 3, 0, 2]
(1, (1, 0, 1)): [60022, 67472, 21597, 14950, 6475, 2692, 1067, 416, 147, 81, 23, 10, 2, 1]
(1, (1, 1, 0)): [208741, 62371, 41414, 30803, 12956, 5409, 2108, 838, 327, 133, 52, 26, 10, 5, 1]
(1, (1, 1, 1)): [42774, 34165, 21211, 13717, 10741, 4603, 1867, 701, 288, 106, 38, 22, 9, 4, 1, 1]
(2, (0, 0, 0)): [1751324, 84037, 27773, 8888, 2981, 921, 315, 106, 21, 9, 5, 0, 1]
(2, (0, 0, 1)): [162395, 46532, 10066, 3472, 1219, 424, 124, 43, 9, 7, 1, 2]
(2, (0, 1, 0)): [429084, 87353, 24993, 8951, 3019, 963, 305, 89, 23, 14, 7, 0, 1]
(2, (0, 1, 1)): [100042, 8272, 20480, 6069, 2404, 798, 263, 82, 26, 7, 5, 1, 0, 1]
(2, (1, 0, 0)): [895332, 64339, 44309, 14136, 4673, 1467, 555, 164, 40, 16, 7, 1, 1]
(2, (1, 0, 1)): [158446, 36347, 14361, 9388, 3114, 1003, 345, 104, 34, 12, 2, 4, 2]
(2, (1, 1, 0)): [353456, 52603, 26602, 19144, 6223, 1968, 674, 228, 67, 31, 10, 3, 2, 1]
(2, (1, 1, 1)): [105379, 15309, 17330, 8648, 6717, 2084, 709, 240, 80, 19, 10, 4, 1, 1]
