(0, (0, 0, 0), (0, 0)): [283260, 58019, 27291, 12558, 5697, 2517, 1083, 449, 179, 82, 39, 15, 8, 3, 2]
(0, (0, 0, 0), (0, 1)): [886, 157, 65, 26, 12, 2, 1, 1, 0, 1]
(0, (0, 0, 0), (0, 2)): [368, 66, 22, 8, 3, 0, 1, 1]
(0, (0, 0, 0), (1, 0)): [777, 159, 70, 25, 15, 13, 3, 1, 0, 1]
(0, (0, 0, 0), (1, 1)): [639, 117, 48, 17, 11, 2, 0, 1]
(0, (0, 0, 0), (1, 2)): [428, 64, 22, 10, 3, 0, 0, 1]
(0, (0, 0, 0), (2, 0)): [319, 72, 39, 16, 8, 10, 1, 0, 0, 1]
(0, (0, 0, 0), (2, 1)): [366, 71, 25, 11, 5, 3]
(0, (0, 0, 0), (2, 2)): [359, 60, 12, 7, 5, 2]
(0, (0, 0, 0), (3, 0)): [151, 38, 27, 12, 7, 9, 1]
(0, (0, 0, 0), (3, 1)): [159, 36, 21, 7, 2, 0, 1]
(0, (0, 0, 0), (3, 2)): [200, 39, 22, 8, 6, 1, 1]
(0, (0, 0, 1), (0, 0)): [1405, 4554, 1310, 621, 305, 123, 65, 36, 9, 5, 1, 1, 3]
(0, (0, 1, 0), (0, 0)): [9095, 9635, 3695, 1712, 886, 407, 162, 75, 33, 17, 7, 2]
(0, (0, 1, 0), (0, 1)): [20, 27, 3, 2, 0, 1]
(0, (0, 1, 1), (0, 0)): [823, 1514, 2007, 935, 483, 241, 94, 45, 20, 8, 3, 1, 0, 1, 1]
(0, (0, 1, 1), (1, 0)): [2, 2, 6, 3, 1, 1, 2]
(0, (1, 0, 0), (0, 0)): [63527, 22795, 13994, 7024, 3323, 1523, 664, 282, 108, 55, 30, 9, 5, 3, 2]
(0, (1, 0, 0), (0, 1)): [167, 31, 32, 8, 8, 3, 3, 1]
(0, (1, 0, 0), (0, 2)): [60, 8, 13, 2, 1, 2, 1, 1]
(0, (1, 0, 0), (1, 0)): [141, 54, 33, 10, 4, 3, 0, 0, 1]
(0, (1, 0, 0), (1, 1)): [104, 28, 21, 7, 6, 1]
(0, (1, 0, 0), (1, 2)): [52, 9, 16, 1, 3, 2]
(0, (1, 0, 0), (2, 0)): [50, 26, 12, 6, 2, 1, 0, 0, 1]
(0, (1, 0, 0), (2, 1)): [55, 20, 9, 5, 2, 0, 0, 0, 1]
(0, (1, 0, 0), (2, 2)): [49, 8, 11, 2, 1, 1, 0, 0, 1]
(0, (1, 0, 0), (3, 0)): [23, 14, 5, 3, 1, 1]
(0, (1, 0, 0), (3, 2)): [18, 6, 5, 1, 0, 1]
(0, (1, 0, 1), (0, 0)): [1525, 4627, 2115, 1406, 801, 370, 193, 78, 36, 19, 6, 5, 2, 0, 1]
(0, (1, 0, 1), (0, 1)): [4, 6, 0, 4, 1, 0, 3]
(0, (1, 0, 1), (0, 2)): [2, 5, 0, 2, 0, 0, 2]
(0, (1, 0, 1), (1, 0)): [5, 14, 5, 0, 2]
(0, (1, 0, 1), (1, 1)): [3, 5, 2, 0, 2, 0, 1]
(0, (1, 0, 1), (2, 1)): [1, 5, 1, 0, 1]
(0, (1, 0, 1), (2, 2)): [1, 4, 1, 0, 1]
(0, (1, 0, 1), (3, 2)): [1, 3, 1]
(0, (1, 1, 0), (0, 0)): [8246, 5594, 4634, 3094, 1679, 800, 362, 173, 64, 33, 23, 4, 1, 1]
(0, (1, 1, 0), (0, 1)): [29, 12, 9, 5, 1, 2]
(0, (1, 1, 0), (1, 0)): [13, 8, 10, 13, 4, 3, 2, 1]
(0, (1, 1, 0), (1, 1)): [14, 8, 3, 5, 1, 2]
(0, (1, 1, 0), (1, 2)): [11, 4, 3, 3]
(0, (1, 1, 0), (2, 1)): [6, 4, 3, 1, 4, 3, 1]
(0, (1, 1, 1), (0, 0)): [848, 1538, 1355, 1111, 901, 441, 213, 101, 46, 24, 12, 3, 0, 1, 1]
(0, (1, 1, 1), (0, 1)): [0, 2, 5, 2, 3, 0, 0, 0, 1]
(0, (1, 1, 1), (1, 1)): [1, 2, 2, 1, 4, 1]
(0, (1, 1, 1), (2, 1)): [0, 2, 1, 1, 1, 1]
(1, (0, 0, 0), (0, 0)): [223478, 24342, 10138, 3994, 1619, 664, 265, 95, 39, 13, 4, 4, 1]
(1, (0, 0, 0), (0, 1)): [687, 68, 26, 7, 4]
(1, (0, 0, 0), (0, 2)): [289, 17, 10, 4, 1]
(1, (0, 0, 0), (1, 0)): [611, 67, 30, 6, 3, 3, 0, 1]
(1, (0, 0, 0), (1, 1)): [513, 52, 23, 6, 2, 1]
(1, (0, 0, 0), (1, 2)): [319, 29, 13, 5, 1, 1]
(1, (0, 0, 0), (2, 0)): [221, 28, 16, 3, 2, 1]
(1, (0, 0, 0), (2, 1)): [258, 30, 20, 5, 2]
(1, (0, 0, 0), (2, 2)): [249, 22, 14, 6, 1, 1]
(1, (0, 0, 0), (3, 0)): [96, 8, 5, 0, 1, 1]
(1, (0, 0, 0), (3, 1)): [112, 20, 11, 0, 1]
(1, (0, 0, 0), (3, 2)): [143, 19, 16, 3, 0, 1]
(1, (0, 0, 1), (0, 0)): [7672, 12099, 2404, 996, 434, 166, 64, 35, 11, 2, 4, 2, 1]
(1, (0, 0, 1), (0, 1)): [20, 31, 3, 0, 1]
(1, (0, 0, 1), (1, 0)): [17, 29, 7, 2, 2]
(1, (0, 0, 1), (1, 1)): [18, 20, 5, 1, 2]
(1, (0, 0, 1), (2, 1)): [5, 11, 0, 0, 1]
(1, (0, 0, 1), (2, 2)): [9, 12, 1]
(1, (0, 1, 0), (0, 0)): [33453, 16744, 5641, 2326, 946, 402, 156, 60, 16, 10, 2, 3, 2]
(1, (0, 1, 0), (0, 1)): [88, 38, 9, 4, 0, 1, 1]
(1, (0, 1, 0), (0, 2)): [33, 15, 1, 0, 0, 1, 1]
(1, (0, 1, 0), (1, 0)): [99, 52, 12, 9, 6, 2]
(1, (0, 1, 0), (1, 1)): [80, 34, 8, 7, 2, 1]
(1, (0, 1, 0), (1, 2)): [53, 21, 6, 1, 1]
(1, (0, 1, 0), (2, 0)): [41, 18, 6, 4, 4, 1]
(1, (0, 1, 0), (2, 1)): [40, 17, 1, 6, 0, 2]
(1, (0, 1, 0), (2, 2)): [37, 16, 6, 5, 1, 1]
(1, (0, 1, 0), (3, 1)): [23, 6, 1, 2, 2, 1]
(1, (0, 1, 1), (0, 0)): [5684, 5011, 5189, 1965, 870, 369, 148, 55, 24, 9, 5, 3, 0, 1]
(1, (0, 1, 1), (0, 1)): [19, 6, 16, 3, 0, 0, 0, 1]
(1, (0, 1, 1), (0, 2)): [10, 2, 5, 1]
(1, (0, 1, 1), (1, 0)): [24, 6, 8, 5, 5, 1, 1]
(1, (0, 1, 1), (1, 1)): [11, 2, 12, 4]
(1, (0, 1, 1), (2, 0)): [16, 6, 2, 1, 3, 1, 1]
(1, (0, 1, 1), (3, 0)): [11, 4, 1, 0, 3, 1, 1]
(1, (1, 0, 0), (0, 0)): [92322, 17684, 10617, 4661, 1852, 799, 295, 104, 50, 22, 6, 8, 2, 2]
(1, (1, 0, 0), (0, 1)): [264, 39, 30, 9, 4, 3, 1]
(1, (1, 0, 0), (0, 2)): [109, 20, 13, 4]
(1, (1, 0, 0), (1, 0)): [230, 47, 36, 11, 3, 3, 0, 1]
(1, (1, 0, 0), (1, 1)): [185, 27, 19, 6, 3, 3, 0, 1]
(1, (1, 0, 0), (1, 2)): [134, 16, 12, 2, 2]
(1, (1, 0, 0), (2, 0)): [87, 18, 19, 6, 2, 1]
(1, (1, 0, 0), (2, 1)): [85, 14, 16, 4, 1, 3, 0, 1]
(1, (1, 0, 0), (2, 2)): [86, 13, 12, 3, 2, 1]
(1, (1, 0, 0), (3, 0)): [35, 11, 7, 3, 2]
(1, (1, 0, 0), (3, 1)): [38, 6, 5, 4, 0, 1, 0, 1]
(1, (1, 0, 0), (3, 2)): [48, 6, 8, 4, 0, 1]
(1, (1, 0, 1), (0, 0)): [7433, 9623, 3405, 2114, 900, 389, 147, 56, 19, 16, 6, 2]
(1, (1, 0, 1), (0, 1)): [18, 16, 7, 5, 2, 1]
(1, (1, 0, 1), (1, 0)): [17, 26, 3, 7, 2, 2]
(1, (1, 0, 1), (1, 1)): [8, 15, 3, 5, 1]
(1, (1, 0, 1), (1, 2)): [10, 6, 5, 5, 1]
(1, (1, 0, 1), (2, 2)): [2, 6, 2, 2]
(1, (1, 1, 0), (0, 0)): [23420, 7534, 5450, 3652, 1567, 711, 257, 98, 42, 20, 5, 5, 1, 3]
(1, (1, 1, 0), (0, 1)): [63, 14, 11, 8, 5, 1]
(1, (1, 1, 0), (0, 2)): [24, 8, 3, 4, 3]
(1, (1, 1, 0), (1, 0)): [58, 13, 15, 12, 7, 1]
(1, (1, 1, 0), (1, 1)): [57, 9, 7, 4, 1]
(1, (1, 1, 0), (1, 2)): [32, 4, 3, 3, 3]
(1, (1, 1, 0), (2, 0)): [18, 4, 6, 5, 6]
(1, (1, 1, 0), (2, 1)): [24, 8, 4, 4, 1]
(1, (1, 1, 0), (2, 2)): [26, 3, 2, 2, 2]
(1, (1, 1, 0), (3, 1)): [6, 5, 4]
(1, (1, 1, 0), (3, 2)): [10, 5, 2, 1, 2]
(1, (1, 1, 1), (0, 0)): [4496, 3757, 2406, 1783, 1210, 555, 219, 91, 36, 14, 6, 3, 1, 1]
(1, (1, 1, 1), (1, 0)): [12, 8, 13, 6, 9, 2, 2, 1]
(1, (1, 1, 1), (1, 1)): [13, 5, 5, 5, 3, 0, 1]
(1, (1, 1, 1), (1, 2)): [5, 3, 0, 4, 1, 1, 1]
(1, (1, 1, 1), (2, 1)): [6, 4, 4, 2, 3, 0, 1]
(1, (1, 1, 1), (2, 2)): [3, 2, 2, 1, 1, 1, 2]
(2, (0, 0, 0), (0, 0)): [191737, 8212, 2756, 864, 308, 112, 44, 16, 2, 1, 1]
(2, (0, 0, 0), (0, 1)): [615, 26, 6, 3]
(2, (0, 0, 0), (0, 2)): [235, 9, 2, 2]
(2, (0, 0, 0), (1, 0)): [613, 38, 14, 5, 2]
(2, (0, 0, 0), (1, 1)): [513, 25, 12, 2]
(2, (0, 0, 0), (1, 2)): [305, 10, 8, 2]
(2, (0, 0, 0), (2, 0)): [242, 13, 4, 3, 1]
(2, (0, 0, 0), (2, 1)): [315, 17, 4, 2]
(2, (0, 0, 0), (2, 2)): [271, 12, 8, 4]
(2, (0, 0, 0), (3, 0)): [99, 5, 4, 2, 1]
(2, (0, 0, 0), (3, 1)): [140, 7, 1]
(2, (0, 0, 0), (3, 2)): [185, 11, 6, 2]
(2, (0, 0, 1), (0, 0)): [23765, 7983, 1432, 454, 161, 67, 21, 6]
(2, (0, 0, 1), (0, 1)): [54, 23, 3]
(2, (0, 0, 1), (0, 2)): [27, 10, 3]
(2, (0, 0, 1), (1, 0)): [59, 25, 4, 0, 0, 1]
(2, (0, 0, 1), (1, 1)): [40, 16, 1]
(2, (0, 0, 1), (1, 2)): [30, 13, 2]
(2, (0, 0, 1), (2, 0)): [31, 8, 3, 0, 0, 1]
(2, (0, 0, 1), (2, 1)): [24, 9, 1]
(2, (0, 0, 1), (2, 2)): [23, 10, 2]
(2, (0, 0, 1), (3, 2)): [20, 5, 2]
(2, (0, 1, 0), (0, 0)): [54694, 12811, 3093, 1050, 340, 123, 39, 10, 2, 1]
(2, (0, 1, 0), (0, 1)): [131, 23, 4, 1, 2]
(2, (0, 1, 0), (0, 2)): [55, 4, 1, 0, 1]
(2, (0, 1, 0), (1, 0)): [175, 34, 12, 2, 1, 1]
(2, (0, 1, 0), (1, 1)): [118, 26, 4, 0, 1]
(2, (0, 1, 0), (1, 2)): [70, 10, 1, 0, 2]
(2, (0, 1, 0), (2, 0)): [84, 16, 8, 2, 1, 1]
(2, (0, 1, 0), (2, 2)): [76, 7, 1, 0, 1]
(2, (0, 1, 0), (3, 0)): [46, 11, 5, 1, 1]
(2, (0, 1, 0), (3, 1)): [43, 11, 2, 0, 1, 1]
(2, (0, 1, 0), (3, 2)): [56, 10, 2, 0, 1, 1]
(2, (0, 1, 1), (0, 0)): [14075, 1267, 3421, 907, 307, 111, 36, 11, 8, 1, 1]
(2, (0, 1, 1), (0, 1)): [39, 3, 9, 1, 1]
(2, (0, 1, 1), (0, 2)): [18, 0, 3, 1, 1]
(2, (0, 1, 1), (1, 0)): [49, 2, 19, 4, 1, 1]
(2, (0, 1, 1), (1, 1)): [29, 2, 11, 1]
(2, (0, 1, 1), (2, 1)): [12, 0, 4]
(2, (1, 0, 0), (0, 0)): [113406, 8912, 4798, 1590, 536, 170, 73, 24, 6, 1, 1]
(2, (1, 0, 0), (0, 1)): [284, 8, 10, 3, 1]
(2, (1, 0, 0), (0, 2)): [96, 3, 3]
(2, (1, 0, 0), (1, 0)): [288, 13, 12, 4, 1, 1]
(2, (1, 0, 0), (1, 1)): [217, 7, 7, 4, 1]
(2, (1, 0, 0), (1, 2)): [117, 4, 4, 3]
(2, (1, 0, 0), (2, 0)): [110, 6, 3, 3]
(2, (1, 0, 0), (2, 1)): [107, 4, 2, 0, 1]
(2, (1, 0, 0), (2, 2)): [89, 5, 3, 1]
(2, (1, 0, 0), (3, 0)): [37, 3, 1, 3]
(2, (1, 0, 0), (3, 1)): [47, 1, 2]
(2, (1, 0, 0), (3, 2)): [45, 1, 1, 1]
(2, (1, 0, 1), (0, 0)): [19896, 5425, 2379, 1179, 377, 144, 44, 20, 6, 0, 0, 1]
(2, (1, 0, 1), (0, 1)): [36, 7, 4, 4, 0, 1]
(2, (1, 0, 1), (0, 2)): [16, 2, 2, 2]
(2, (1, 0, 1), (1, 0)): [42, 5, 6, 5, 0, 1]
(2, (1, 0, 1), (1, 1)): [21, 4, 0, 2]
(2, (1, 0, 1), (1, 2)): [11, 2, 0, 2]
(2, (1, 0, 1), (2, 0)): [21, 3, 4, 3]
(2, (1, 0, 1), (2, 1)): [8, 0, 1, 2]
(2, (1, 0, 1), (3, 0)): [14, 1, 2, 1]
(2, (1, 1, 0), (0, 0)): [37428, 5922, 3295, 1956, 635, 225, 65, 16, 7, 4, 2, 0, 0, 1]
(2, (1, 1, 0), (0, 1)): [111, 10, 6, 3, 1]
(2, (1, 1, 0), (0, 2)): [49, 5, 2, 1]
(2, (1, 1, 0), (1, 0)): [85, 9, 9, 9, 2, 2, 0, 1]
(2, (1, 1, 0), (1, 1)): [54, 6, 3, 3, 1]
(2, (1, 1, 0), (1, 2)): [39, 5, 0, 2]
(2, (1, 1, 0), (2, 0)): [45, 4, 4, 4, 1, 1, 0, 1]
(2, (1, 1, 0), (2, 1)): [39, 4, 3, 1, 1]
(2, (1, 1, 0), (2, 2)): [32, 4, 1, 2, 1]
(2, (1, 1, 0), (3, 0)): [20, 2, 3, 1, 1, 1]
(2, (1, 1, 1), (0, 0)): [11139, 1715, 1931, 1060, 691, 232, 78, 29, 15, 2, 2, 0, 0, 1]
(2, (1, 1, 1), (0, 1)): [36, 3, 9, 2, 2, 1]
(2, (1, 1, 1), (1, 0)): [28, 9, 4, 10, 0, 1]
(2, (1, 1, 1), (1, 1)): [19, 1, 8, 3]
(2, (1, 1, 1), (1, 2)): [15, 2, 3, 1, 0, 1]
