(0, (0, 0, 0)): [12313, 2433, 1064, 484, 208, 105, 31, 12, 8, 5, 2]
(0, (0, 0, 1)): [40, 154, 42, 14, 10, 2, 3, 1, 2]
(0, (0, 1, 0)): [380, 410, 132, 61, 37, 12, 7, 4, 2, 0, 2]
(0, (0, 1, 1)): [42, 79, 71, 26, 10, 14, 3]
(0, (1, 0, 0)): [2626, 944, 552, 280, 125, 67, 19, 7, 3, 5]
(0, (1, 0, 1)): [43, 210, 58, 53, 20, 10, 5, 2, 1]
(0, (1, 1, 0)): [379, 237, 203, 120, 72, 21, 15, 7, 3, 4]
(0, (1, 1, 1)): [36, 79, 53, 45, 23, 9, 2, 1, 1]
(1, (0, 0, 0)): [9878, 1035, 389, 149, 54, 29, 6, 2, 0, 1]
(1, (0, 0, 1)): [221, 393, 66, 27, 20, 4, 2, 2, 2]
(1, (0, 1, 0)): [1389, 612, 198, 83, 45, 17, 7, 1, 0, 1, 1]
(1, (0, 1, 1)): [232, 202, 164, 65, 31, 16, 6, 2, 0, 1]
(1, (1, 0, 0)): [3766, 724, 368, 200, 59, 33, 4, 4, 2, 1]
(1, (1, 0, 1)): [238, 373, 112, 77, 38, 14, 2, 2, 1]
(1, (1, 1, 0)): [1105, 358, 248, 169, 73, 28, 16, 7, 3, 1]
(1, (1, 1, 1)): [247, 206, 123, 78, 52, 26, 17, 4, 2, 1]
(2, (0, 0, 0)): [8415, 365, 137, 24, 15, 5, 1]
(2, (0, 0, 1)): [686, 218, 52, 13, 4, 1]
(2, (0, 1, 0)): [2089, 475, 103, 31, 12, 5]
(2, (0, 1, 1)): [453, 46, 106, 26, 9, 1, 1]
(2, (1, 0, 0)): [4681, 377, 213, 59, 20, 5, 1, 1]
(2, (1, 0, 1)): [609, 148, 72, 32, 13, 2, 1]
(2, (1, 1, 0)): [2017, 330, 164, 99, 36, 11, 2, 1]
(2, (1, 1, 1)): [574, 98, 90, 43, 29, 6, 2, 1]
