(0, (0, 0, 0), (0, 0)): [1424729, 285760, 131192, 59380, 26380, 11243, 4602, 1925, 768, 353, 139, 66, 30, 11, 4, 1, 0, 1]
(0, (0, 0, 0), (0, 1)): [57449, 10539, 4722, 2073, 855, 365, 132, 58, 22, 14, 2, 0, 2, 1, 0, 1]
(0, (0, 0, 0), (0, 2)): [21413, 3461, 1531, 643, 268, 115, 43, 19, 11, 3, 1, 0, 1]
(0, (0, 0, 0), (1, 0)): [53348, 11445, 5395, 2411, 1134, 456, 193, 85, 36, 13, 7, 0, 0, 1, 1]
(0, (0, 0, 0), (1, 1)): [49201, 9530, 4402, 1982, 874, 346, 135, 61, 24, 10, 5, 0, 1, 1, 0, 1]
(0, (0, 0, 0), (1, 2)): [32689, 5580, 2547, 1062, 490, 221, 71, 32, 15, 7, 1, 0, 2]
(0, (0, 0, 0), (2, 0)): [17609, 4185, 2087, 959, 461, 182, 77, 41, 14, 5, 3, 0, 0, 0, 1]
(0, (0, 0, 0), (2, 1)): [26022, 5497, 2650, 1226, 552, 210, 91, 52, 18, 4, 3, 0, 0, 1]
(0, (0, 0, 0), (2, 2)): [25838, 4736, 2317, 996, 440, 183, 61, 30, 18, 7, 1, 0, 2]
(0, (0, 0, 0), (3, 0)): [5415, 1506, 837, 412, 191, 85, 35, 14, 6, 2, 2, 0, 0, 0, 1]
(0, (0, 0, 0), (3, 1)): [10133, 2619, 1352, 667, 305, 118, 49, 30, 10, 2, 1, 0, 0, 0, 1]
(0, (0, 0, 0), (3, 2)): [13761, 3000, 1697, 700, 332, 141, 48, 29, 12, 6, 1, 0, 2, 0, 1]
(0, (0, 0, 1), (0, 0)): [5745, 17312, 4697, 2237, 1076, 451, 201, 92, 35, 21, 8, 3, 2, 2]
(0, (0, 0, 1), (0, 1)): [197, 538, 175, 61, 30, 9, 3, 2, 0, 1, 0, 0, 0, 1]
(0, (0, 0, 1), (0, 2)): [83, 214, 54, 21, 12, 3, 0, 1]
(0, (0, 0, 1), (1, 0)): [195, 632, 157, 87, 41, 18, 7, 6, 1, 1, 1]
(0, (0, 0, 1), (1, 1)): [183, 481, 144, 59, 35, 11, 3, 2, 0, 1, 1, 0, 0, 1]
(0, (0, 0, 1), (1, 2)): [131, 333, 86, 37, 19, 5, 1, 3, 0, 1]
(0, (0, 0, 1), (2, 0)): [77, 252, 66, 40, 13, 9, 2, 4, 1, 1]
(0, (0, 0, 1), (2, 1)): [108, 267, 95, 40, 25, 7, 2, 1, 0, 1, 1]
(0, (0, 0, 1), (2, 2)): [122, 292, 87, 32, 21, 4, 0, 0, 0, 1]
(0, (0, 0, 1), (3, 0)): [21, 96, 21, 16, 3, 5, 2, 1, 1]
(0, (0, 0, 1), (3, 1)): [50, 118, 37, 24, 13, 5, 0, 1]
(0, (0, 0, 1), (3, 2)): [69, 173, 45, 27, 17, 4, 0, 1, 0, 1]
(0, (0, 1, 0), (0, 0)): [50834, 47108, 18441, 8844, 4240, 1834, 780, 342, 138, 75, 23, 6, 3, 3, 2]
(0, (0, 1, 0), (0, 1)): [1969, 1832, 671, 282, 133, 60, 29, 14, 5, 1]
(0, (0, 1, 0), (0, 2)): [779, 613, 229, 80, 44, 20, 16, 3, 3]
(0, (0, 1, 0), (1, 0)): [2042, 1899, 799, 347, 171, 84, 30, 17, 5, 2, 0, 0, 0, 1, 1]
(0, (0, 1, 0), (1, 1)): [1722, 1581, 613, 270, 120, 51, 17, 14, 1, 2]
(0, (0, 1, 0), (1, 2)): [1193, 948, 354, 160, 68, 27, 12, 9, 1, 1]
(0, (0, 1, 0), (2, 0)): [773, 683, 301, 135, 61, 45, 14, 8, 3, 1, 0, 0, 0, 1]
(0, (0, 1, 0), (2, 1)): [929, 884, 350, 146, 75, 39, 12, 8, 1, 2, 0, 0, 0, 1]
(0, (0, 1, 0), (2, 2)): [1013, 749, 329, 136, 62, 21, 13, 6, 2, 1]
(0, (0, 1, 0), (3, 0)): [278, 199, 111, 60, 29, 17, 9, 6, 3]
(0, (0, 1, 0), (3, 1)): [406, 357, 162, 87, 46, 22, 7, 6, 0, 0, 0, 0, 0, 1]
(0, (0, 1, 0), (3, 2)): [601, 458, 223, 96, 51, 17, 14, 3, 1, 1]
(0, (0, 1, 1), (0, 0)): [4210, 7178, 8522, 3953, 2102, 980, 422, 192, 93, 40, 10, 6, 2, 2, 1, 0, 0, 1]
(0, (0, 1, 1), (0, 1)): [180, 257, 308, 125, 67, 33, 14, 5, 1, 1, 1]
(0, (0, 1, 1), (0, 2)): [92, 97, 118, 43, 25, 10, 7, 2, 1]
(0, (0, 1, 1), (1, 0)): [163, 312, 393, 183, 105, 40, 21, 8, 6, 0, 0, 1]
(0, (0, 1, 1), (1, 1)): [133, 235, 275, 120, 63, 25, 11, 6, 1, 1, 1]
(0, (0, 1, 1), (1, 2)): [117, 133, 147, 64, 43, 18, 8, 3, 2]
(0, (0, 1, 1), (2, 0)): [82, 145, 168, 91, 56, 24, 10, 5, 4, 0, 0, 1]
(0, (0, 1, 1), (2, 1)): [75, 146, 173, 81, 35, 14, 7, 7, 3, 1]
(0, (0, 1, 1), (2, 2)): [95, 130, 127, 57, 26, 13, 8, 5, 2]
(0, (0, 1, 1), (3, 0)): [47, 65, 74, 50, 41, 18, 3, 2, 0, 0, 0, 1]
(0, (0, 1, 1), (3, 1)): [38, 52, 64, 39, 29, 4, 2, 1, 2]
(0, (0, 1, 1), (3, 2)): [51, 66, 82, 41, 23, 11, 4, 5, 3]
(0, (1, 0, 0), (0, 0)): [302581, 101170, 64032, 31499, 14988, 6707, 2783, 1203, 504, 233, 96, 41, 21, 5, 3, 1, 0, 1]
(0, (1, 0, 0), (0, 1)): [11196, 3400, 2176, 981, 492, 222, 80, 46, 18, 2]
(0, (1, 0, 0), (0, 2)): [4114, 1061, 713, 293, 156, 56, 29, 7, 8]
(0, (1, 0, 0), (1, 0)): [10211, 3603, 2423, 1163, 575, 236, 114, 47, 19, 16, 6, 0, 0, 1, 1]
(0, (1, 0, 0), (1, 1)): [8428, 2749, 1781, 824, 404, 173, 72, 38, 11, 7, 2]
(0, (1, 0, 0), (1, 2)): [5383, 1492, 957, 442, 219, 80, 45, 15, 7, 4]
(0, (1, 0, 0), (2, 0)): [3180, 1175, 833, 462, 228, 105, 43, 21, 8, 7, 4, 0, 0, 1]
(0, (1, 0, 0), (2, 1)): [4035, 1402, 967, 481, 240, 105, 38, 22, 7, 7, 3, 0, 0, 1]
(0, (1, 0, 0), (2, 2)): [3766, 1103, 765, 339, 182, 69, 40, 19, 6, 7, 1]
(0, (1, 0, 0), (3, 0)): [841, 372, 280, 187, 106, 34, 16, 10, 4, 2, 1]
(0, (1, 0, 0), (3, 1)): [1469, 577, 406, 262, 143, 48, 18, 9, 6, 2, 2, 0, 0, 1]
(0, (1, 0, 0), (3, 2)): [1848, 624, 444, 230, 145, 50, 20, 14, 5, 3]
(0, (1, 0, 1), (0, 0)): [7258, 22186, 8940, 6195, 3235, 1483, 702, 292, 143, 60, 29, 14, 5, 1, 2, 0, 0, 1]
(0, (1, 0, 1), (0, 1)): [271, 778, 314, 196, 103, 48, 22, 7, 6, 1, 1, 0, 1]
(0, (1, 0, 1), (0, 2)): [129, 272, 101, 75, 24, 18, 8, 2, 2]
(0, (1, 0, 1), (1, 0)): [235, 826, 313, 230, 114, 57, 12, 10, 8, 3, 1, 0, 0, 0, 1]
(0, (1, 0, 1), (1, 1)): [202, 609, 244, 159, 90, 35, 11, 7, 5, 0, 2]
(0, (1, 0, 1), (1, 2)): [174, 353, 135, 88, 43, 17, 9, 3, 3]
(0, (1, 0, 1), (2, 0)): [78, 297, 115, 75, 48, 32, 5, 5, 2, 2]
(0, (1, 0, 1), (2, 1)): [83, 330, 136, 75, 47, 23, 5, 4, 6, 0, 1]
(0, (1, 0, 1), (2, 2)): [118, 268, 100, 62, 34, 12, 8, 5, 1, 0, 1]
(0, (1, 0, 1), (3, 0)): [28, 95, 41, 25, 21, 15, 1, 4, 0, 1]
(0, (1, 0, 1), (3, 1)): [25, 114, 47, 36, 35, 13, 2, 2, 2, 1]
(0, (1, 0, 1), (3, 2)): [47, 118, 64, 35, 32, 12, 4, 4, 3, 1, 1]
(0, (1, 1, 0), (0, 0)): [41704, 26537, 19777, 14124, 7510, 3542, 1506, 715, 293, 137, 60, 24, 9, 3]
(0, (1, 1, 0), (0, 1)): [1698, 908, 663, 447, 269, 106, 44, 25, 6, 3, 1]
(0, (1, 1, 0), (0, 2)): [686, 313, 224, 143, 92, 37, 18, 10, 2, 1]
(0, (1, 1, 0), (1, 0)): [1330, 859, 642, 473, 259, 130, 57, 31, 10, 6, 1, 0, 0, 2]
(0, (1, 1, 0), (1, 1)): [1155, 667, 487, 360, 192, 90, 41, 23, 5, 5, 1, 0, 0, 1]
(0, (1, 1, 0), (1, 2)): [820, 413, 281, 218, 116, 43, 20, 16, 2, 4, 0, 0, 0, 1]
(0, (1, 1, 0), (2, 0)): [394, 264, 225, 175, 93, 48, 22, 8, 6, 2, 0, 0, 0, 1]
(0, (1, 1, 0), (2, 1)): [525, 350, 250, 204, 105, 52, 25, 11, 5, 3]
(0, (1, 1, 0), (2, 2)): [557, 321, 216, 155, 88, 45, 17, 14, 3, 4]
(0, (1, 1, 0), (3, 0)): [90, 81, 80, 53, 38, 21, 9, 3, 3, 1, 0, 0, 0, 1]
(0, (1, 1, 0), (3, 1)): [183, 133, 108, 92, 51, 31, 16, 3, 2, 1]
(0, (1, 1, 0), (3, 2)): [262, 158, 123, 111, 62, 30, 11, 9, 2]
(0, (1, 1, 1), (0, 0)): [3999, 7625, 6237, 4639, 3681, 1850, 855, 416, 185, 79, 38, 14, 4, 2, 1]
(0, (1, 1, 1), (0, 1)): [171, 262, 245, 133, 119, 65, 23, 14, 6, 3, 1, 1, 1, 1]
(0, (1, 1, 1), (0, 2)): [77, 113, 86, 37, 42, 26, 8, 3, 4, 0, 0, 1, 1]
(0, (1, 1, 1), (1, 0)): [141, 261, 236, 186, 151, 74, 28, 16, 6, 2, 1]
(0, (1, 1, 1), (1, 1)): [131, 202, 201, 123, 108, 49, 20, 15, 2, 4, 1, 0, 0, 1]
(0, (1, 1, 1), (1, 2)): [107, 144, 121, 63, 56, 33, 7, 7, 4, 1, 0, 1, 0, 1]
(0, (1, 1, 1), (2, 0)): [43, 83, 72, 72, 57, 32, 9, 7, 4, 0, 1]
(0, (1, 1, 1), (2, 1)): [63, 89, 94, 75, 53, 25, 11, 7, 4, 1]
(0, (1, 1, 1), (2, 2)): [69, 107, 89, 61, 48, 26, 9, 6, 1, 2, 0, 1]
(0, (1, 1, 1), (3, 0)): [10, 29, 22, 25, 18, 13, 3, 3, 1, 0, 1]
(0, (1, 1, 1), (3, 1)): [18, 45, 39, 38, 19, 11, 5, 1, 1, 0, 1]
(0, (1, 1, 1), (3, 2)): [26, 48, 51, 41, 34, 16, 7, 2, 2, 0, 0, 1]
(1, (0, 0, 0), (0, 0)): [1158069, 126470, 51714, 20397, 7864, 2965, 1145, 423, 155, 64, 26, 15, 7, 3, 0, 1]
(1, (0, 0, 0), (0, 1)): [47374, 4586, 1839, 732, 262, 89, 28, 16, 2, 0, 0, 0, 0, 1]
(1, (0, 0, 0), (0, 2)): [17726, 1434, 557, 242, 73, 25, 5, 2]
(1, (0, 0, 0), (1, 0)): [45452, 5504, 2256, 890, 349, 116, 45, 16, 4, 2, 1, 0, 0, 0, 0, 1]
(1, (0, 0, 0), (1, 1)): [41433, 4367, 1765, 676, 267, 91, 34, 17, 3, 1, 0, 0, 0, 1]
(1, (0, 0, 0), (1, 2)): [27289, 2357, 943, 396, 152, 58, 15, 6, 1]
(1, (0, 0, 0), (2, 0)): [15372, 2154, 940, 354, 142, 50, 19, 7, 0, 1, 1, 0, 0, 0, 0, 1]
(1, (0, 0, 0), (2, 1)): [22294, 2681, 1104, 408, 160, 55, 20, 9, 0, 2, 1]
(1, (0, 0, 0), (2, 2)): [21934, 2149, 894, 362, 138, 66, 18, 6, 1, 0, 1]
(1, (0, 0, 0), (3, 0)): [4739, 757, 432, 141, 69, 24, 10, 1, 0, 0, 0, 0, 0, 0, 0, 1]
(1, (0, 0, 0), (3, 1)): [9088, 1341, 671, 239, 117, 28, 12, 5, 0, 1]
(1, (0, 0, 0), (3, 2)): [12044, 1477, 699, 284, 125, 40, 15, 4, 0, 0, 1]
(1, (0, 0, 1), (0, 0)): [31344, 44812, 8871, 3769, 1560, 634, 239, 95, 42, 14, 9, 5, 3, 1]
(1, (0, 0, 1), (0, 1)): [1231, 1418, 292, 98, 39, 19, 9, 1]
(1, (0, 0, 1), (0, 2)): [534, 457, 91, 25, 13, 3, 3]
(1, (0, 0, 1), (1, 0)): [1288, 1952, 395, 191, 79, 31, 12, 4, 1, 1]
(1, (0, 0, 1), (1, 1)): [1126, 1396, 276, 113, 41, 16, 4, 3]
(1, (0, 0, 1), (1, 2)): [839, 773, 123, 46, 22, 6, 2]
(1, (0, 0, 1), (2, 0)): [532, 787, 174, 85, 45, 16, 10, 1, 1, 1]
(1, (0, 0, 1), (2, 1)): [602, 809, 161, 78, 31, 15, 8, 2]
(1, (0, 0, 1), (2, 2)): [684, 663, 118, 58, 19, 8, 2]
(1, (0, 0, 1), (3, 0)): [253, 336, 89, 47, 24, 8, 5, 1, 1]
(1, (0, 0, 1), (3, 1)): [269, 372, 80, 36, 18, 6, 5, 2]
(1, (0, 0, 1), (3, 2)): [409, 387, 86, 46, 23, 6, 4]
(1, (0, 1, 0), (0, 0)): [155749, 68844, 24842, 10665, 4295, 1683, 572, 270, 78, 40, 20, 9, 9, 2, 1]
(1, (0, 1, 0), (0, 1)): [5888, 2305, 824, 333, 123, 48, 13, 5, 2, 2]
(1, (0, 1, 0), (0, 2)): [2270, 799, 268, 113, 36, 12, 4, 1]
(1, (0, 1, 0), (1, 0)): [6796, 2954, 1069, 560, 216, 87, 25, 14, 6, 1, 1, 0, 0, 1]
(1, (0, 1, 0), (1, 1)): [5396, 2101, 745, 347, 132, 57, 13, 8, 4, 1, 0, 0, 0, 1]
(1, (0, 1, 0), (1, 2)): [3542, 1253, 467, 178, 54, 23, 8, 4, 1, 1]
(1, (0, 1, 0), (2, 0)): [2956, 1280, 505, 296, 114, 44, 18, 9, 3, 0, 1]
(1, (0, 1, 0), (2, 1)): [2989, 1257, 425, 231, 107, 37, 11, 8, 2, 0, 1, 0, 0, 1]
(1, (0, 1, 0), (2, 2)): [2921, 1112, 384, 158, 63, 26, 6, 3, 2]
(1, (0, 1, 0), (3, 0)): [1458, 561, 235, 194, 67, 26, 10, 5, 3]
(1, (0, 1, 0), (3, 1)): [1443, 534, 216, 144, 68, 25, 8, 6, 3, 0, 0, 0, 0, 1]
(1, (0, 1, 0), (3, 2)): [1730, 655, 254, 137, 71, 14, 8, 5, 1, 0, 0, 0, 0, 1]
(1, (0, 1, 1), (0, 0)): [24810, 20289, 18025, 7169, 3759, 1469, 584, 231, 113, 35, 10, 6, 2, 2, 0, 1]
(1, (0, 1, 1), (0, 1)): [798, 575, 510, 192, 83, 37, 17, 4]
(1, (0, 1, 1), (0, 2)): [379, 193, 182, 68, 27, 11, 5]
(1, (0, 1, 1), (1, 0)): [1223, 1083, 798, 311, 233, 68, 35, 13, 7, 2]
(1, (0, 1, 1), (1, 1)): [695, 538, 470, 165, 91, 21, 15, 7, 1, 1]
(1, (0, 1, 1), (1, 2)): [536, 302, 297, 98, 47, 14, 8, 1, 1]
(1, (0, 1, 1), (2, 0)): [761, 652, 450, 201, 168, 58, 27, 9, 6, 1]
(1, (0, 1, 1), (2, 1)): [389, 328, 255, 91, 57, 18, 13, 2, 0, 1]
(1, (0, 1, 1), (2, 2)): [427, 271, 257, 86, 45, 10, 3, 2, 1]
(1, (0, 1, 1), (3, 0)): [585, 482, 310, 159, 138, 49, 22, 9, 6, 1]
(1, (0, 1, 1), (3, 1)): [176, 155, 101, 45, 31, 11, 9]
(1, (0, 1, 1), (3, 2)): [251, 177, 125, 55, 33, 10, 2, 1, 1]
(1, (1, 0, 0), (0, 0)): [438318, 77759, 49911, 21110, 8520, 3359, 1332, 471, 202, 87, 31, 21, 5, 3, 0, 2]
(1, (1, 0, 0), (0, 1)): [16249, 2476, 1626, 700, 254, 94, 45, 12, 3, 4]
(1, (1, 0, 0), (0, 2)): [5884, 783, 551, 222, 73, 29, 18, 4, 1, 3]
(1, (1, 0, 0), (1, 0)): [15973, 3125, 2068, 870, 356, 133, 47, 24, 5, 3, 1, 0, 1, 0, 0, 1]
(1, (1, 0, 0), (1, 1)): [13160, 2154, 1451, 630, 216, 91, 36, 14, 3, 1, 1, 0, 0, 0, 0, 1]
(1, (1, 0, 0), (1, 2)): [8172, 1161, 846, 303, 104, 43, 21, 9, 0, 1, 1]
(1, (1, 0, 0), (2, 0)): [5164, 1130, 739, 362, 144, 60, 20, 6, 4, 3, 0, 0, 1]
(1, (1, 0, 0), (2, 1)): [6682, 1220, 813, 398, 137, 56, 27, 6, 4, 0, 0, 0, 0, 0, 0, 1]
(1, (1, 0, 0), (2, 2)): [6088, 964, 689, 289, 91, 38, 18, 7, 1, 1, 1]
(1, (1, 0, 0), (3, 0)): [1489, 366, 232, 144, 63, 28, 5, 2, 1, 3, 0, 0, 1]
(1, (1, 0, 0), (3, 1)): [2511, 590, 359, 199, 81, 36, 9, 5, 1, 2, 0, 0, 0, 0, 0, 1]
(1, (1, 0, 0), (3, 2)): [3004, 602, 395, 207, 65, 30, 12, 3, 2, 2, 1, 0, 0, 0, 0, 1]
(1, (1, 0, 1), (0, 0)): [35384, 41214, 13140, 8796, 3763, 1535, 621, 234, 79, 54, 14, 6, 0, 1]
(1, (1, 0, 1), (0, 1)): [1460, 1275, 422, 283, 127, 47, 20, 3, 5, 4]
(1, (1, 0, 1), (0, 2)): [637, 389, 142, 98, 32, 15, 8, 2, 2, 2]
(1, (1, 0, 1), (1, 0)): [1277, 1524, 516, 318, 162, 48, 22, 5, 2, 4]
(1, (1, 0, 1), (1, 1)): [1114, 1035, 358, 227, 105, 27, 18, 2, 2, 2]
(1, (1, 0, 1), (1, 2)): [842, 557, 202, 137, 48, 19, 9, 3, 2, 2]
(1, (1, 0, 1), (2, 0)): [455, 516, 174, 115, 63, 26, 7, 2, 2, 2]
(1, (1, 0, 1), (2, 1)): [521, 517, 189, 126, 67, 18, 8, 1, 3, 1]
(1, (1, 0, 1), (2, 2)): [551, 415, 169, 92, 51, 12, 9, 2, 4, 1]
(1, (1, 0, 1), (3, 0)): [160, 177, 58, 39, 30, 12, 4, 0, 0, 1]
(1, (1, 0, 1), (3, 1)): [188, 212, 80, 55, 37, 13, 1, 0, 0, 1]
(1, (1, 0, 1), (3, 2)): [262, 221, 95, 66, 39, 14, 7, 1, 2, 1]
(1, (1, 1, 0), (0, 0)): [120881, 37285, 24744, 17660, 7367, 3046, 1188, 488, 195, 77, 24, 15, 9, 5, 1]
(1, (1, 1, 0), (0, 1)): [4826, 1290, 776, 605, 228, 103, 38, 20, 5, 1]
(1, (1, 1, 0), (0, 2)): [1954, 459, 257, 212, 73, 31, 15, 6, 2]
(1, (1, 1, 0), (1, 0)): [4290, 1376, 947, 702, 301, 118, 57, 23, 5, 3, 0, 0, 2, 1]
(1, (1, 1, 0), (1, 1)): [3658, 1071, 701, 519, 208, 91, 34, 18, 2, 3]
(1, (1, 1, 0), (1, 2)): [2649, 625, 403, 310, 114, 43, 22, 11, 1]
(1, (1, 1, 0), (2, 0)): [1414, 495, 326, 256, 120, 55, 25, 9, 4, 1, 0, 0, 2, 1]
(1, (1, 1, 0), (2, 1)): [1776, 607, 392, 283, 112, 64, 24, 8, 4, 1, 0, 0, 1]
(1, (1, 1, 0), (2, 2)): [1895, 492, 301, 226, 100, 49, 16, 3, 1]
(1, (1, 1, 0), (3, 0)): [362, 187, 105, 75, 63, 25, 9, 5, 2, 1, 0, 0, 1]
(1, (1, 1, 0), (3, 1)): [683, 290, 189, 128, 64, 26, 15, 7, 3, 2, 0, 0, 1]
(1, (1, 1, 0), (3, 2)): [926, 323, 193, 114, 68, 34, 17, 6, 1, 2, 0, 0, 1]
(1, (1, 1, 1), (0, 0)): [24682, 19595, 12492, 8087, 5943, 2512, 1025, 376, 168, 62, 19, 15, 8, 3, 1, 1]
(1, (1, 1, 1), (0, 1)): [1055, 689, 457, 267, 217, 81, 37, 13, 10, 1]
(1, (1, 1, 1), (0, 2)): [516, 240, 164, 96, 74, 22, 17, 3, 1, 1]
(1, (1, 1, 1), (1, 0)): [840, 741, 454, 286, 215, 95, 53, 16, 6, 2, 0, 1, 1]
(1, (1, 1, 1), (1, 1)): [745, 561, 367, 236, 173, 73, 32, 11, 5]
(1, (1, 1, 1), (1, 2)): [581, 310, 242, 134, 96, 45, 22, 6, 2]
(1, (1, 1, 1), (2, 0)): [227, 241, 171, 103, 79, 42, 19, 8, 1, 1, 0, 1, 1]
(1, (1, 1, 1), (2, 1)): [333, 326, 197, 130, 86, 39, 24, 5, 2, 1, 0, 1]
(1, (1, 1, 1), (2, 2)): [400, 262, 197, 123, 82, 34, 16, 2, 1]
(1, (1, 1, 1), (3, 0)): [47, 77, 54, 44, 25, 20, 6, 4, 1, 0, 0, 0, 1]
(1, (1, 1, 1), (3, 1)): [83, 142, 83, 64, 47, 22, 10, 5, 0, 0, 0, 0, 1]
(1, (1, 1, 1), (3, 2)): [154, 151, 102, 73, 47, 24, 8, 3, 1]
(2, (0, 0, 0), (0, 0)): [1005762, 45728, 15376, 4887, 1610, 518, 175, 57, 10, 6, 4, 0, 1]
(2, (0, 0, 0), (0, 1)): [40855, 1586, 519, 143, 57, 10, 7, 2, 1]
(2, (0, 0, 0), (0, 2)): [14945, 417, 120, 48, 16, 1, 1, 2]
(2, (0, 0, 0), (1, 0)): [41089, 2196, 758, 231, 83, 18, 7, 3, 0, 0, 0, 0, 1]
(2, (0, 0, 0), (1, 1)): [36692, 1628, 564, 143, 59, 9, 9]
(2, (0, 0, 0), (1, 2)): [23510, 746, 248, 79, 28, 5, 3, 1]
(2, (0, 0, 0), (2, 0)): [14828, 885, 367, 106, 42, 11, 3, 2, 0, 0, 0, 0, 1]
(2, (0, 0, 0), (2, 1)): [20686, 1075, 407, 106, 37, 5, 6, 1]
(2, (0, 0, 0), (2, 2)): [19668, 767, 287, 84, 31, 6, 1]
(2, (0, 0, 0), (3, 0)): [4876, 321, 186, 49, 22, 6, 2, 1, 0, 0, 0, 0, 1]
(2, (0, 0, 0), (3, 1)): [9040, 558, 270, 74, 26, 6, 2, 1]
(2, (0, 0, 0), (3, 2)): [11620, 578, 282, 70, 24, 6, 0, 1]
(2, (0, 0, 1), (0, 0)): [92158, 27931, 5658, 1896, 684, 238, 62, 22, 4, 2, 0, 1]
(2, (0, 0, 1), (0, 1)): [3541, 933, 191, 54, 21, 8, 2, 1]
(2, (0, 0, 1), (0, 2)): [1375, 274, 52, 13, 6, 2]
(2, (0, 0, 1), (1, 0)): [4294, 1201, 272, 104, 35, 16, 2, 2]
(2, (0, 0, 1), (1, 1)): [3388, 859, 180, 50, 19, 14, 3, 2]
(2, (0, 0, 1), (1, 2)): [2290, 442, 86, 24, 10, 7, 2, 1]
(2, (0, 0, 1), (2, 0)): [1874, 518, 127, 72, 19, 6, 0, 1]
(2, (0, 0, 1), (2, 1)): [1997, 537, 132, 48, 18, 9, 1, 2]
(2, (0, 0, 1), (2, 2)): [1988, 384, 97, 26, 7, 11, 2, 1]
(2, (0, 0, 1), (3, 0)): [938, 206, 66, 48, 6, 3]
(2, (0, 0, 1), (3, 1)): [966, 287, 60, 34, 13, 4, 1, 1]
(2, (0, 0, 1), (3, 2)): [1264, 270, 65, 33, 6, 9, 1]
(2, (0, 1, 0), (0, 0)): [245985, 52039, 14086, 4945, 1632, 554, 159, 46, 13, 8, 5, 0, 1]
(2, (0, 1, 0), (0, 1)): [9137, 1621, 423, 126, 32, 7, 5, 1, 1]
(2, (0, 1, 0), (0, 2)): [3501, 481, 117, 31, 6, 1, 1]
(2, (0, 1, 0), (1, 0)): [11434, 2149, 752, 301, 87, 30, 9, 3, 0, 0, 0, 0, 1]
(2, (0, 1, 0), (1, 1)): [8682, 1531, 475, 154, 44, 11, 9, 2, 1]
(2, (0, 1, 0), (1, 2)): [5623, 798, 190, 79, 11, 3, 3, 1]
(2, (0, 1, 0), (2, 0)): [5334, 946, 372, 184, 55, 18, 4, 2, 0, 0, 0, 0, 1]
(2, (0, 1, 0), (2, 1)): [5155, 971, 319, 105, 30, 10, 5, 1, 1, 0, 0, 0, 1]
(2, (0, 1, 0), (2, 2)): [4926, 757, 222, 85, 18, 6, 2, 2]
(2, (0, 1, 0), (3, 0)): [2901, 424, 213, 137, 41, 12, 3, 2]
(2, (0, 1, 0), (3, 1)): [2458, 452, 193, 75, 27, 5, 4, 0, 1, 0, 0, 0, 1]
(2, (0, 1, 0), (3, 2)): [3113, 480, 193, 87, 18, 6, 2, 0, 0, 0, 0, 0, 1]
(2, (0, 1, 1), (0, 0)): [55773, 4783, 12158, 3295, 1299, 418, 148, 45, 18, 4, 3, 1, 0, 1]
(2, (0, 1, 1), (0, 1)): [2040, 143, 332, 69, 21, 12, 3, 3]
(2, (0, 1, 1), (0, 2)): [879, 57, 106, 21, 11, 3, 1]
(2, (0, 1, 1), (1, 0)): [2599, 276, 513, 175, 77, 28, 9, 0, 0, 0, 1]
(2, (0, 1, 1), (1, 1)): [1789, 137, 323, 88, 18, 16, 2, 2]
(2, (0, 1, 1), (1, 2)): [1295, 78, 181, 43, 16, 4, 2, 1]
(2, (0, 1, 1), (2, 0)): [1365, 155, 231, 101, 61, 19, 6, 0, 0, 0, 1]
(2, (0, 1, 1), (2, 1)): [1048, 92, 206, 54, 15, 11, 2]
(2, (0, 1, 1), (2, 2)): [1136, 84, 164, 41, 15, 11, 1, 1]
(2, (0, 1, 1), (3, 0)): [877, 115, 132, 63, 50, 15, 5, 0, 0, 0, 1]
(2, (0, 1, 1), (3, 1)): [514, 47, 105, 32, 8, 3, 3]
(2, (0, 1, 1), (3, 2)): [721, 72, 128, 33, 17, 9, 2, 1]
(2, (1, 0, 0), (0, 0)): [531505, 38476, 25161, 7957, 2569, 815, 316, 87, 18, 11, 5, 0, 1]
(2, (1, 0, 0), (0, 1)): [19429, 1104, 779, 222, 72, 20, 10, 3, 1]
(2, (1, 0, 0), (0, 2)): [6997, 310, 197, 56, 21, 5, 2]
(2, (1, 0, 0), (1, 0)): [19937, 1695, 1108, 401, 110, 27, 16, 5, 0, 0, 0, 0, 1]
(2, (1, 0, 0), (1, 1)): [16158, 1018, 709, 225, 62, 17, 7, 2, 1]
(2, (1, 0, 0), (1, 2)): [10023, 482, 313, 106, 27, 8, 1]
(2, (1, 0, 0), (2, 0)): [6803, 670, 411, 187, 52, 12, 11, 3, 0, 0, 0, 0, 1]
(2, (1, 0, 0), (2, 1)): [8399, 636, 423, 154, 54, 14, 6, 3, 0, 0, 0, 0, 1]
(2, (1, 0, 0), (2, 2)): [7691, 451, 308, 107, 33, 10, 3, 1]
(2, (1, 0, 0), (3, 0)): [2100, 266, 141, 101, 17, 4, 6, 1]
(2, (1, 0, 0), (3, 1)): [3468, 353, 207, 118, 25, 7, 4, 1, 0, 0, 0, 0, 1]
(2, (1, 0, 0), (3, 2)): [4052, 345, 201, 99, 26, 11, 4, 2, 0, 0, 0, 0, 1]
(2, (1, 0, 1), (0, 0)): [91214, 21871, 8573, 5211, 1691, 566, 187, 63, 23, 7, 0, 3, 1]
(2, (1, 0, 1), (0, 1)): [3740, 726, 273, 177, 44, 13, 3, 1, 0, 0, 0, 1]
(2, (1, 0, 1), (0, 2)): [1505, 224, 82, 49, 14, 3]
(2, (1, 0, 1), (1, 0)): [3542, 806, 383, 220, 79, 24, 6, 2]
(2, (1, 0, 1), (1, 1)): [2978, 590, 253, 153, 55, 17, 5, 1, 0, 0, 0, 1]
(2, (1, 0, 1), (1, 2)): [1995, 312, 125, 78, 26, 9, 1, 1, 0, 0, 0, 1]
(2, (1, 0, 1), (2, 0)): [1260, 283, 156, 84, 30, 10, 3, 2]
(2, (1, 0, 1), (2, 1)): [1613, 319, 159, 83, 30, 11]
(2, (1, 0, 1), (2, 2)): [1491, 254, 120, 59, 21, 11, 1, 1, 0, 0, 0, 1]
(2, (1, 0, 1), (3, 0)): [420, 88, 65, 31, 17, 2, 3]
(2, (1, 0, 1), (3, 1)): [693, 123, 78, 39, 19, 2, 2]
(2, (1, 0, 1), (3, 2)): [801, 139, 85, 34, 21, 7, 2, 1]
(2, (1, 1, 0), (0, 0)): [208837, 32087, 15925, 10857, 3519, 1124, 371, 120, 42, 19, 6, 1, 2, 1]
(2, (1, 1, 0), (0, 1)): [8146, 1101, 479, 337, 93, 22, 10, 7, 0, 0, 0, 0, 1]
(2, (1, 1, 0), (0, 2)): [3314, 327, 137, 93, 30, 4, 2, 4]
(2, (1, 1, 0), (1, 0)): [7936, 1215, 662, 465, 147, 40, 17, 3, 2, 1]
(2, (1, 1, 0), (1, 1)): [6766, 897, 434, 319, 81, 22, 12, 4, 1, 1, 0, 0, 1]
(2, (1, 1, 0), (1, 2)): [4687, 489, 235, 155, 41, 12, 4, 6]
(2, (1, 1, 0), (2, 0)): [2686, 457, 270, 188, 77, 24, 6, 1]
(2, (1, 1, 0), (2, 1)): [3566, 507, 284, 197, 56, 16, 11, 1, 1, 1, 0, 0, 1]
(2, (1, 1, 0), (2, 2)): [3589, 406, 219, 161, 45, 11, 9, 3, 1]
(2, (1, 1, 0), (3, 0)): [872, 154, 104, 64, 40, 11, 2]
(2, (1, 1, 0), (3, 1)): [1511, 219, 158, 100, 41, 12, 6, 1, 0, 0, 0, 0, 1]
(2, (1, 1, 0), (3, 2)): [1958, 235, 177, 104, 53, 8, 6, 2, 1]
(2, (1, 1, 1), (0, 0)): [59986, 8685, 10125, 4949, 3619, 1143, 375, 127, 44, 8, 6, 1, 1, 1]
(2, (1, 1, 1), (0, 1)): [2627, 262, 359, 167, 130, 26, 9, 3, 1, 0, 0, 0, 1]
(2, (1, 1, 1), (0, 2)): [1204, 83, 99, 53, 29, 7, 3, 1, 1]
(2, (1, 1, 1), (1, 0)): [2041, 499, 378, 208, 143, 52, 13, 2, 2, 0, 1]
(2, (1, 1, 1), (1, 1)): [1983, 272, 321, 159, 118, 25, 4, 1, 0, 0, 1, 0, 1]
(2, (1, 1, 1), (1, 2)): [1540, 131, 156, 75, 55, 11, 2, 2, 0, 0, 1]
(2, (1, 1, 1), (2, 0)): [544, 312, 121, 82, 62, 28, 7, 1, 1]
(2, (1, 1, 1), (2, 1)): [852, 244, 170, 95, 67, 22, 7, 0, 0, 0, 0, 0, 1]
(2, (1, 1, 1), (2, 2)): [1018, 147, 132, 82, 55, 11, 4, 1, 0, 0, 1]
(2, (1, 1, 1), (3, 0)): [103, 203, 34, 41, 26, 14, 1, 0, 1]
(2, (1, 1, 1), (3, 1)): [261, 233, 62, 57, 42, 16, 5]
(2, (1, 1, 1), (3, 2)): [417, 183, 76, 73, 44, 11, 5, 0, 0, 0, 1]
