(0, (0, 0, 0), (0, 0)): [372422, 77240, 36734, 17114, 7793, 3431, 1479, 613, 257, 132, 50, 22, 13, 3, 2]
(0, (0, 0, 0), (0, 1)): [1046, 196, 86, 29, 15, 2, 1, 4, 0, 1]
(0, (0, 0, 0), (0, 2)): [430, 79, 29, 10, 4, 0, 1, 2]
(0, (0, 0, 0), (1, 0)): [926, 193, 82, 32, 20, 15, 5, 1, 0, 1]
(0, (0, 0, 0), (1, 1)): [766, 143, 58, 20, 13, 2, 0, 3]
(0, (0, 0, 0), (1, 2)): [501, 88, 26, 11, 4, 0, 0, 2]
(0, (0, 0, 0), (2, 0)): [372, 90, 45, 19, 12, 11, 3, 0, 0, 1]
(0, (0, 0, 0), (2, 1)): [444, 89, 35, 13, 9, 4, 1, 1]
(0, (0, 0, 0), (2, 2)): [418, 78, 16, 7, 7, 2, 0, 1]
(0, (0, 0, 0), (3, 0)): [165, 44, 29, 15, 7, 9, 2]
(0, (0, 0, 0), (3, 1)): [189, 43, 27, 8, 4, 1, 3]
(0, (0, 0, 0), (3, 2)): [244, 48, 28, 9, 7, 1, 1]
(0, (0, 0, 1), (0, 0)): [1746, 5889, 1661, 798, 407, 168, 79, 42, 20, 7, 2, 1, 3]
(0, (0, 1, 0), (0, 0)): [12120, 12803, 4974, 2329, 1215, 557, 232, 102, 49, 31, 7, 3, 1]
(0, (0, 1, 0), (0, 1)): [33, 29, 7, 3, 2, 1]
(0, (0, 1, 1), (0, 0)): [1086, 2013, 2668, 1226, 637, 308, 136, 60, 31, 10, 5, 1, 0, 1, 1]
(0, (1, 0, 0), (0, 0)): [83109, 29753, 18651, 9472, 4529, 2065, 898, 389, 162, 86, 37, 14, 8, 3, 2]
(0, (1, 0, 0), (0, 1)): [211, 47, 37, 12, 12, 4, 3, 1]
(0, (1, 0, 0), (0, 2)): [74, 14, 13, 5, 3, 2, 1, 1]
(0, (1, 0, 0), (1, 0)): [173, 68, 41, 12, 6, 4, 2, 3, 1]
(0, (1, 0, 0), (1, 1)): [130, 42, 29, 9, 8, 1]
(0, (1, 0, 0), (2, 0)): [68, 31, 15, 7, 3, 1, 2, 3, 1]
(0, (1, 0, 0), (2, 1)): [71, 26, 14, 5, 3, 0, 1, 0, 1]
(0, (1, 0, 0), (2, 2)): [64, 17, 15, 3, 2, 1, 0, 0, 1]
(0, (1, 0, 0), (3, 1)): [28, 11, 4, 1, 1, 1]
(0, (1, 0, 0), (3, 2)): [27, 11, 7, 1, 1, 1]
(0, (1, 0, 1), (0, 0)): [1987, 6354, 2837, 1914, 1057, 499, 261, 104, 48, 24, 8, 8, 2, 0, 1]
(0, (1, 1, 0), (0, 0)): [10930, 7449, 6168, 4234, 2295, 1059, 485, 238, 96, 45, 25, 7, 4, 1]
(0, (1, 1, 0), (0, 1)): [34, 18, 12, 7, 1, 4]
(0, (1, 1, 1), (0, 0)): [1115, 2079, 1816, 1503, 1183, 591, 288, 134, 60, 30, 15, 4, 0, 1, 1]
(0, (1, 1, 1), (1, 0)): [1, 5, 7, 2, 4, 2, 1, 1]
(0, (1, 1, 1), (2, 0)): [0, 2, 5, 1, 2, 0, 0, 1]
(1, (0, 0, 0), (0, 0)): [294669, 32673, 13784, 5526, 2227, 888, 370, 138, 54, 20, 8, 5, 2]
(1, (0, 0, 0), (0, 1)): [834, 80, 30, 8, 4, 0, 0, 1]
(1, (0, 0, 0), (0, 2)): [353, 19, 11, 4, 1, 0, 0, 1]
(1, (0, 0, 0), (1, 0)): [709, 85, 37, 8, 3, 3, 0, 1]
(1, (0, 0, 0), (1, 1)): [614, 67, 26, 8, 2, 1]
(1, (0, 0, 0), (1, 2)): [391, 36, 14, 6, 1, 1]
(1, (0, 0, 0), (2, 0)): [249, 36, 18, 3, 2, 1]
(1, (0, 0, 0), (2, 1)): [313, 38, 23, 6, 2]
(1, (0, 0, 0), (2, 2)): [310, 29, 17, 8, 1, 1]
(1, (0, 0, 0), (3, 0)): [103, 11, 6, 0, 1, 1]
(1, (0, 0, 0), (3, 1)): [127, 26, 11, 0, 1]
(1, (0, 0, 0), (3, 2)): [178, 26, 17, 3, 0, 1]
(1, (0, 0, 1), (0, 0)): [9567, 15261, 3034, 1288, 549, 220, 94, 45, 17, 8, 5, 3, 2]
(1, (0, 0, 1), (0, 1)): [25, 36, 6, 1, 1]
(1, (0, 0, 1), (1, 1)): [23, 23, 6, 2, 2]
(1, (0, 1, 0), (0, 0)): [43107, 21644, 7425, 3111, 1305, 549, 197, 88, 26, 20, 3, 4, 3]
(1, (0, 1, 1), (0, 0)): [7383, 6558, 6636, 2576, 1215, 493, 195, 82, 43, 13, 6, 3, 1, 1]
(1, (1, 0, 0), (0, 0)): [121984, 23432, 14266, 6323, 2546, 1079, 421, 153, 70, 33, 11, 9, 2, 2]
(1, (1, 0, 0), (0, 1)): [320, 48, 40, 12, 4, 3, 2]
(1, (1, 0, 0), (0, 2)): [127, 22, 18, 5]
(1, (1, 0, 0), (1, 0)): [272, 62, 40, 12, 3, 4, 0, 1]
(1, (1, 0, 0), (1, 2)): [157, 18, 13, 2, 2, 0, 1]
(1, (1, 0, 0), (2, 0)): [95, 23, 21, 7, 2, 1]
(1, (1, 0, 0), (2, 2)): [96, 14, 14, 3, 2, 1]
(1, (1, 0, 0), (3, 0)): [40, 12, 8, 3, 2]
(1, (1, 0, 0), (3, 1)): [44, 13, 6, 4, 0, 1, 0, 1]
(1, (1, 0, 0), (3, 2)): [56, 11, 8, 4, 0, 1]
(1, (1, 0, 1), (0, 0)): [9871, 12816, 4461, 2846, 1207, 541, 205, 75, 28, 24, 7, 2]
(1, (1, 0, 1), (0, 1)): [25, 23, 8, 7, 3, 1]
(1, (1, 0, 1), (1, 0)): [24, 36, 4, 8, 3, 3, 0, 1]
(1, (1, 0, 1), (1, 1)): [12, 20, 5, 5, 3]
(1, (1, 1, 0), (0, 0)): [31574, 10217, 7491, 4997, 2184, 971, 375, 145, 57, 27, 6, 6, 1, 3]
(1, (1, 1, 0), (0, 1)): [77, 20, 18, 9, 6, 2, 1]
(1, (1, 1, 1), (0, 0)): [6238, 5234, 3386, 2458, 1677, 754, 306, 122, 53, 21, 7, 3, 1, 1]
(2, (0, 0, 0), (0, 0)): [252571, 11042, 3858, 1197, 430, 160, 58, 24, 4, 1, 2]
(2, (0, 0, 0), (0, 1)): [741, 29, 8, 3, 1]
(2, (0, 0, 0), (0, 2)): [276, 10, 2, 2]
(2, (0, 0, 0), (1, 0)): [717, 44, 16, 6, 2]
(2, (0, 0, 0), (1, 1)): [612, 28, 13, 3, 1]
(2, (0, 0, 0), (1, 2)): [369, 10, 8, 2]
(2, (0, 0, 0), (2, 0)): [277, 16, 6, 3, 1]
(2, (0, 0, 0), (2, 1)): [360, 19, 6, 3, 1]
(2, (0, 0, 0), (2, 2)): [322, 12, 9, 4]
(2, (0, 0, 0), (3, 0)): [105, 7, 5, 2, 1]
(2, (0, 0, 0), (3, 1)): [156, 9, 2, 0, 1]
(2, (0, 0, 0), (3, 2)): [214, 13, 8, 2]
(2, (0, 0, 1), (0, 0)): [29760, 9919, 1835, 609, 217, 88, 33, 9, 0, 1]
(2, (0, 0, 1), (1, 0)): [71, 29, 5, 0, 0, 1]
(2, (0, 1, 0), (0, 0)): [70729, 16754, 4098, 1402, 456, 165, 53, 15, 4, 1]
(2, (0, 1, 0), (0, 1)): [159, 29, 6, 2, 2]
(2, (0, 1, 1), (0, 0)): [17896, 1585, 4355, 1166, 425, 156, 53, 16, 10, 3, 1]
(2, (0, 1, 1), (0, 1)): [48, 3, 11, 1, 2]
(2, (0, 1, 1), (0, 2)): [22, 0, 4, 1, 2]
(2, (1, 0, 0), (0, 0)): [149934, 11825, 6650, 2211, 750, 239, 104, 32, 10, 2, 2]
(2, (1, 0, 0), (0, 1)): [349, 14, 12, 4, 1]
(2, (1, 0, 0), (0, 2)): [122, 5, 3]
(2, (1, 0, 0), (1, 0)): [346, 15, 16, 6, 2, 1]
(2, (1, 0, 0), (1, 1)): [265, 10, 9, 6, 1]
(2, (1, 0, 0), (1, 2)): [147, 5, 5, 3]
(2, (1, 0, 0), (2, 0)): [126, 8, 4, 4, 1]
(2, (1, 0, 0), (2, 1)): [131, 8, 2, 0, 1]
(2, (1, 0, 1), (0, 0)): [26336, 7107, 3109, 1620, 516, 205, 68, 27, 9, 1, 0, 1]
(2, (1, 0, 1), (1, 0)): [51, 7, 6, 6, 0, 1]
(2, (1, 0, 1), (1, 1)): [30, 8, 0, 2]
(2, (1, 1, 0), (0, 0)): [52015, 8341, 4633, 2750, 899, 320, 106, 32, 15, 5, 3, 0, 0, 1]
(2, (1, 1, 0), (0, 1)): [139, 17, 10, 3, 2]
(2, (1, 1, 0), (0, 2)): [63, 7, 5, 1]
(2, (1, 1, 0), (1, 2)): [50, 10, 2, 2, 1]
(2, (1, 1, 1), (0, 0)): [15503, 2354, 2732, 1469, 1000, 350, 117, 40, 19, 3, 3, 0, 0, 1]
(2, (1, 1, 1), (0, 1)): [48, 3, 11, 4, 2, 1]
(2, (1, 1, 1), (0, 2)): [29, 2, 1, 0, 0, 1]
