(0, (0, 0, 0)): [22396, 4794, 2249, 1049, 475, 218, 84, 28, 15, 5, 3, 2, 0, 1]
(0, (0, 0, 1)): [52, 240, 66, 35, 17, 8, 3, 2]
(0, (0, 1, 0)): [916, 885, 348, 190, 96, 40, 20, 5, 3, 1, 1]
(0, (0, 1, 1)): [64, 105, 137, 70, 32, 25, 5, 3, 2]
(0, (1, 0, 0)): [4289, 1470, 1012, 560, 252, 120, 43, 15, 10, 1, 2, 1, 0, 1]
(0, (1, 0, 1)): [89, 338, 131, 107, 50, 24, 10, 2, 1, 0, 1]
(0, (1, 1, 0)): [643, 391, 299, 266, 117, 62, 23, 10, 10, 1, 2, 0, 1, 1]
(0, (1, 1, 1)): [51, 121, 102, 75, 55, 27, 11, 5, 6, 0, 0, 0, 1]
(1, (0, 0, 0)): [17397, 2231, 922, 355, 158, 60, 24, 6, 4, 3, 1, 1]
(1, (0, 0, 1)): [475, 753, 159, 65, 37, 11, 3, 1, 0, 1]
(1, (0, 1, 0)): [2445, 1080, 437, 184, 88, 29, 8, 4, 2, 0, 1]
(1, (0, 1, 1)): [352, 327, 259, 127, 58, 30, 14, 3, 1]
(1, (1, 0, 0)): [6298, 1219, 797, 362, 152, 51, 26, 5, 6, 2, 1, 1]
(1, (1, 0, 1)): [552, 620, 199, 140, 61, 21, 10, 6]
(1, (1, 1, 0)): [1916, 567, 353, 284, 127, 47, 18, 3, 6, 2, 3, 1]
(1, (1, 1, 1)): [398, 315, 174, 119, 103, 51, 15, 4, 4, 1, 1]
(2, (0, 0, 0)): [15509, 868, 271, 89, 37, 15, 6, 2]
(2, (0, 0, 1)): [1508, 453, 96, 47, 12, 6, 3, 1]
(2, (0, 1, 0)): [3971, 831, 250, 99, 45, 9, 4, 2, 1, 1]
(2, (0, 1, 1)): [936, 82, 211, 72, 29, 15, 4]
(2, (1, 0, 0)): [7626, 611, 435, 150, 48, 17, 10, 2, 1]
(2, (1, 0, 1)): [1558, 353, 156, 118, 37, 11, 9, 1]
(2, (1, 1, 0)): [3121, 475, 237, 176, 63, 22, 6, 5, 2, 1]
(2, (1, 1, 1)): [990, 127, 172, 75, 67, 29, 7, 1, 1]
