(0, (0, 0, 0)): [28918, 5758, 2567, 1097, 514, 217, 92, 34, 12, 4, 1, 1]
(0, (0, 0, 1)): [113, 308, 92, 44, 31, 7, 5, 0, 0, 0, 0, 1]
(0, (0, 1, 0)): [1124, 1025, 419, 182, 95, 37, 11, 7, 4]
(0, (0, 1, 1)): [83, 152, 158, 61, 44, 21, 10, 4, 1]
(0, (1, 0, 0)): [5848, 1989, 1194, 574, 277, 133, 53, 20, 8, 2, 1]
(0, (1, 0, 1)): [170, 449, 195, 116, 63, 25, 7, 4, 1, 0, 1]
(0, (1, 1, 0)): [840, 506, 373, 234, 131, 75, 32, 13, 6, 2]
(0, (1, 1, 1)): [83, 137, 125, 78, 63, 35, 15, 7, 3]
(1, (0, 0, 0)): [23904, 2624, 1038, 403, 168, 56, 29, 7, 3, 2]
(1, (0, 0, 1)): [633, 913, 175, 78, 33, 11, 3, 0, 0, 0, 0, 1]
(1, (0, 1, 0)): [3146, 1303, 487, 218, 82, 33, 12, 6, 2, 1]
(1, (0, 1, 1)): [463, 389, 307, 129, 67, 30, 11, 2, 2, 1]
(1, (1, 0, 0)): [8696, 1531, 918, 407, 171, 68, 30, 6, 4, 1, 1]
(1, (1, 0, 1)): [749, 826, 249, 151, 84, 31, 13, 4, 1]
(1, (1, 1, 0)): [2502, 696, 424, 328, 138, 57, 23, 8, 3, 2, 1]
(1, (1, 1, 1)): [487, 345, 220, 157, 113, 44, 23, 6, 6, 2]
(2, (0, 0, 0)): [20978, 953, 344, 96, 41, 9, 3]
(2, (0, 0, 1)): [1851, 501, 127, 43, 11, 5, 0, 2]
(2, (0, 1, 0)): [5031, 1019, 273, 92, 38, 12, 3]
(2, (0, 1, 1)): [1043, 89, 217, 54, 30, 9, 2, 0, 1]
(2, (1, 0, 0)): [10514, 756, 516, 153, 66, 12, 7]
(2, (1, 0, 1)): [1906, 435, 150, 117, 39, 12, 1]
(2, (1, 1, 0)): [4192, 618, 293, 199, 82, 15, 10, 1]
(2, (1, 1, 1)): [1098, 153, 157, 81, 72, 20, 8]
