(0, (0, 0, 0), (0, 0)): [1937054, 396042, 182247, 83361, 37417, 16069, 6638, 2695, 1091, 473, 207, 103, 36, 21, 5, 1, 1, 1]
(0, (0, 0, 0), (0, 1)): [269058, 52880, 24017, 11318, 5008, 2220, 874, 325, 131, 57, 32, 15, 5, 4, 1, 1]
(0, (0, 0, 0), (0, 2)): [102393, 17848, 7945, 3648, 1587, 705, 268, 100, 39, 19, 8, 3, 3, 0, 1]
(0, (0, 0, 0), (1, 0)): [234071, 53349, 25321, 11784, 5561, 2346, 1047, 412, 168, 54, 31, 14, 2, 5, 1, 0, 1]
(0, (0, 0, 0), (1, 1)): [227614, 47047, 21839, 10229, 4582, 2000, 847, 324, 142, 43, 28, 13, 3, 6, 0, 1, 1]
(0, (0, 0, 0), (1, 2)): [155403, 28198, 12807, 5904, 2595, 1117, 461, 174, 82, 27, 11, 6, 5, 1, 1]
(0, (0, 0, 0), (2, 0)): [75468, 19041, 9664, 4580, 2256, 932, 412, 179, 60, 24, 14, 7, 1, 2, 1]
(0, (0, 0, 0), (2, 1)): [117670, 26575, 13023, 6084, 2873, 1246, 499, 226, 79, 30, 19, 9, 1, 3, 0, 0, 1]
(0, (0, 0, 0), (2, 2)): [123425, 24384, 11518, 5384, 2426, 1016, 424, 169, 79, 25, 11, 3, 4, 2, 1, 0, 1]
(0, (0, 0, 0), (3, 0)): [22031, 6388, 3712, 1867, 933, 385, 172, 73, 27, 8, 7, 2, 0, 2, 1]
(0, (0, 0, 0), (3, 1)): [44866, 11982, 6424, 3141, 1534, 679, 266, 133, 51, 16, 6, 7, 1, 3, 1]
(0, (0, 0, 0), (3, 2)): [65243, 15064, 7977, 3743, 1796, 769, 307, 132, 56, 22, 8, 8, 4, 2, 1, 0, 1]
(0, (0, 0, 1), (0, 0)): [7275, 22418, 6175, 2969, 1447, 624, 273, 112, 45, 28, 14, 3, 4, 3]
(0, (0, 0, 1), (0, 1)): [730, 2275, 638, 276, 146, 60, 30, 11, 5, 3, 3, 0, 0, 1]
(0, (0, 0, 1), (0, 2)): [328, 860, 210, 96, 43, 24, 10, 4, 3]
(0, (0, 0, 1), (1, 0)): [725, 2511, 741, 408, 195, 91, 35, 13, 5, 4, 5]
(0, (0, 0, 1), (1, 1)): [671, 2084, 603, 271, 160, 68, 26, 11, 2, 6, 3, 0, 0, 1]
(0, (0, 0, 1), (1, 2)): [518, 1350, 349, 162, 78, 44, 12, 7, 2, 3, 2]
(0, (0, 0, 1), (2, 0)): [264, 942, 299, 190, 75, 39, 14, 7, 3, 1, 3]
(0, (0, 0, 1), (2, 1)): [361, 1190, 377, 201, 107, 46, 22, 8, 4, 3, 2]
(0, (0, 0, 1), (2, 2)): [465, 1209, 339, 161, 92, 39, 13, 4, 1, 2, 2]
(0, (0, 0, 1), (3, 0)): [80, 317, 100, 77, 30, 15, 7, 2, 1, 0, 1]
(0, (0, 0, 1), (3, 1)): [142, 546, 169, 120, 60, 22, 11, 4, 2, 2]
(0, (0, 0, 1), (3, 2)): [267, 745, 216, 140, 81, 28, 7, 2, 3, 1, 1]
(0, (0, 1, 0), (0, 0)): [70907, 66748, 26213, 12940, 6201, 2664, 1136, 480, 197, 107, 35, 16, 6, 6, 3, 0, 1]
(0, (0, 1, 0), (0, 1)): [9859, 8881, 3524, 1643, 811, 331, 157, 61, 24, 14, 1, 3, 1, 1, 1]
(0, (0, 1, 0), (0, 2)): [4018, 3052, 1208, 534, 265, 109, 60, 17, 9, 3, 0, 1, 1]
(0, (0, 1, 0), (1, 0)): [9662, 9353, 3935, 2151, 993, 458, 174, 83, 31, 10, 7, 3, 2, 2, 1, 0, 1]
(0, (0, 1, 0), (1, 1)): [8631, 7770, 3170, 1598, 749, 320, 137, 63, 15, 14, 4, 2, 0, 2, 1]
(0, (0, 1, 0), (1, 2)): [6011, 4729, 1945, 942, 430, 173, 79, 42, 10, 6, 2, 2, 1, 0, 1]
(0, (0, 1, 0), (2, 0)): [3513, 3351, 1487, 886, 388, 210, 73, 38, 15, 3, 1, 3, 2, 1, 0, 0, 1]
(0, (0, 1, 0), (2, 1)): [4719, 4379, 1879, 961, 457, 232, 90, 35, 11, 9, 1, 1, 1, 1, 0, 0, 1]
(0, (0, 1, 0), (2, 2)): [5166, 4016, 1779, 818, 389, 173, 75, 32, 10, 5, 2, 2, 1, 0, 1, 0, 1]
(0, (0, 1, 0), (3, 0)): [1228, 1014, 493, 367, 164, 88, 37, 20, 8, 1, 0, 1, 1]
(0, (0, 1, 0), (3, 1)): [2057, 1810, 859, 565, 260, 134, 46, 21, 2, 2, 0, 1, 0, 1]
(0, (0, 1, 0), (3, 2)): [3005, 2343, 1145, 608, 286, 142, 67, 24, 5, 4, 2, 0, 0, 0, 1, 0, 1]
(0, (0, 1, 1), (0, 0)): [5683, 9993, 11863, 5536, 2909, 1406, 596, 251, 136, 56, 16, 11, 3, 4, 2, 0, 1, 1]
(0, (0, 1, 1), (0, 1)): [773, 1286, 1472, 649, 349, 162, 86, 22, 15, 8, 3, 2, 1, 0, 0, 0, 1]
(0, (0, 1, 1), (0, 2)): [356, 477, 535, 248, 120, 59, 34, 11, 2, 3, 0, 1]
(0, (0, 1, 1), (1, 0)): [730, 1434, 1727, 865, 451, 235, 91, 33, 28, 6, 3, 3, 0, 1, 1]
(0, (0, 1, 1), (1, 1)): [656, 1157, 1356, 609, 332, 151, 62, 20, 17, 4, 4, 0, 1, 0, 0, 0, 1]
(0, (0, 1, 1), (1, 2)): [538, 721, 808, 362, 208, 100, 41, 12, 8, 2, 1, 1, 0, 0, 0, 0, 1]
(0, (0, 1, 1), (2, 0)): [287, 631, 658, 374, 224, 126, 41, 14, 17, 5, 1, 1, 0, 1, 1]
(0, (0, 1, 1), (2, 1)): [327, 655, 770, 374, 180, 86, 33, 15, 11, 7, 2, 0, 1, 0, 1]
(0, (0, 1, 1), (2, 2)): [424, 649, 683, 323, 167, 87, 32, 13, 8, 6, 2, 1, 0, 0, 0, 0, 1]
(0, (0, 1, 1), (3, 0)): [149, 296, 277, 183, 131, 71, 22, 7, 11, 1, 1, 1, 0, 1]
(0, (0, 1, 1), (3, 1)): [135, 255, 309, 168, 118, 52, 19, 7, 11, 2, 0, 0, 0, 0, 1]
(0, (0, 1, 1), (3, 2)): [247, 341, 405, 224, 112, 71, 27, 10, 12, 2, 2, 0, 0, 0, 0, 0, 1]
(0, (1, 0, 0), (0, 0)): [407834, 136069, 87828, 43684, 20966, 9434, 3910, 1664, 698, 299, 145, 59, 23, 16, 3, 1, 1, 1]
(0, (1, 0, 0), (0, 1)): [51300, 15573, 10506, 5187, 2518, 1133, 462, 181, 90, 29, 12, 5, 1, 3]
(0, (1, 0, 0), (0, 2)): [19314, 5089, 3504, 1665, 788, 334, 166, 57, 28, 8, 5, 2]
(0, (1, 0, 0), (1, 0)): [45688, 16253, 11420, 5980, 2967, 1355, 555, 244, 92, 43, 29, 8, 1, 5, 1, 0, 1]
(0, (1, 0, 0), (1, 1)): [39604, 12740, 8771, 4475, 2104, 1010, 394, 159, 68, 31, 12, 3, 1, 3]
(0, (1, 0, 0), (1, 2)): [25705, 7179, 5026, 2489, 1169, 514, 222, 86, 44, 14, 3, 2]
(0, (1, 0, 0), (2, 0)): [14181, 5544, 4044, 2284, 1168, 542, 224, 100, 31, 20, 15, 2, 1, 3, 0, 0, 1]
(0, (1, 0, 0), (2, 1)): [19264, 6776, 4742, 2546, 1198, 583, 235, 96, 41, 20, 11, 3, 0, 5, 0, 0, 1]
(0, (1, 0, 0), (2, 2)): [18695, 5721, 4014, 1984, 971, 404, 194, 81, 40, 17, 8, 2, 0, 2]
(0, (1, 0, 0), (3, 0)): [3643, 1732, 1324, 893, 474, 212, 91, 39, 13, 9, 5, 1]
(0, (1, 0, 0), (3, 1)): [6831, 2846, 2066, 1320, 637, 325, 128, 52, 20, 10, 8, 1, 0, 2]
(0, (1, 0, 0), (3, 2)): [8737, 3336, 2294, 1330, 654, 280, 134, 62, 29, 12, 6, 1, 0, 1]
(0, (1, 0, 1), (0, 0)): [9618, 29580, 12037, 8535, 4512, 2093, 985, 395, 193, 80, 40, 19, 8, 3, 2, 0, 0, 1]
(0, (1, 0, 1), (0, 1)): [1222, 3396, 1393, 1018, 526, 255, 117, 32, 20, 8, 2, 1, 3, 1]
(0, (1, 0, 1), (0, 2)): [569, 1196, 480, 340, 173, 87, 37, 8, 5, 1, 0, 1, 1, 1]
(0, (1, 0, 1), (1, 0)): [1074, 3562, 1484, 1113, 619, 302, 115, 60, 31, 14, 10, 1, 0, 1, 1]
(0, (1, 0, 1), (1, 1)): [968, 2731, 1162, 845, 449, 202, 84, 41, 25, 9, 5]
(0, (1, 0, 1), (1, 2)): [769, 1590, 668, 466, 253, 103, 48, 18, 10, 3, 1, 1, 1]
(0, (1, 0, 1), (2, 0)): [359, 1203, 511, 389, 228, 125, 46, 19, 7, 7, 5, 1]
(0, (1, 0, 1), (2, 1)): [465, 1415, 609, 457, 234, 132, 46, 19, 16, 7, 5]
(0, (1, 0, 1), (2, 2)): [591, 1233, 531, 395, 202, 102, 46, 21, 4, 4, 3]
(0, (1, 0, 1), (3, 0)): [120, 361, 184, 110, 87, 55, 18, 7, 1, 2, 1, 1]
(0, (1, 0, 1), (3, 1)): [177, 479, 263, 193, 135, 72, 19, 7, 9, 5, 2]
(0, (1, 0, 1), (3, 2)): [286, 606, 335, 225, 142, 83, 27, 12, 8, 8, 4]
(0, (1, 1, 0), (0, 0)): [57585, 36663, 27195, 19786, 10549, 4964, 2092, 976, 408, 177, 87, 34, 11, 5, 0, 0, 1]
(0, (1, 1, 0), (0, 1)): [8164, 4546, 3081, 2399, 1368, 584, 268, 115, 44, 15, 12, 4, 0, 1, 0, 0, 1]
(0, (1, 1, 0), (0, 2)): [3300, 1568, 1035, 804, 453, 200, 83, 43, 19, 8, 3]
(0, (1, 1, 0), (1, 0)): [6459, 4313, 3289, 2580, 1341, 698, 274, 122, 48, 20, 11, 4, 2, 2]
(0, (1, 1, 0), (1, 1)): [6008, 3504, 2556, 2025, 1054, 503, 206, 87, 25, 11, 9, 2, 2, 2, 0, 0, 1]
(0, (1, 1, 0), (1, 2)): [4291, 2113, 1465, 1230, 617, 268, 108, 50, 18, 11, 3, 1, 0, 1, 0, 0, 1]
(0, (1, 1, 0), (2, 0)): [1916, 1449, 1134, 877, 516, 275, 118, 53, 26, 10, 6, 3, 0, 1]
(0, (1, 1, 0), (2, 1)): [2786, 1789, 1393, 1060, 585, 281, 123, 52, 27, 8, 9, 3, 2]
(0, (1, 1, 0), (2, 2)): [3024, 1627, 1193, 961, 501, 244, 94, 45, 17, 10, 3, 1, 0, 0, 0, 0, 1]
(0, (1, 1, 0), (3, 0)): [449, 467, 401, 300, 199, 112, 47, 21, 10, 5, 2, 1, 0, 1]
(0, (1, 1, 0), (3, 1)): [986, 768, 626, 488, 309, 176, 77, 25, 17, 7, 5, 1, 2]
(0, (1, 1, 0), (3, 2)): [1423, 903, 738, 606, 339, 179, 72, 37, 13, 4, 3, 0, 0, 0, 0, 0, 1]
(0, (1, 1, 1), (0, 0)): [5452, 10743, 8716, 6384, 5203, 2595, 1185, 561, 269, 111, 60, 20, 6, 4, 1, 0, 1]
(0, (1, 1, 1), (0, 1)): [842, 1453, 1176, 794, 684, 345, 142, 70, 40, 17, 6, 3, 2, 1]
(0, (1, 1, 1), (0, 2)): [444, 574, 422, 275, 240, 124, 42, 23, 14, 6, 3, 1, 1]
(0, (1, 1, 1), (1, 0)): [562, 1352, 1126, 814, 680, 363, 153, 55, 38, 13, 9, 2, 0, 1, 0, 0, 1]
(0, (1, 1, 1), (1, 1)): [556, 1174, 962, 664, 545, 300, 129, 61, 30, 14, 6, 1, 1, 1, 0, 0, 1]
(0, (1, 1, 1), (1, 2)): [510, 805, 614, 402, 352, 170, 71, 32, 19, 6, 4, 1, 0, 1, 0, 0, 1]
(0, (1, 1, 1), (2, 0)): [156, 400, 372, 287, 260, 135, 49, 22, 10, 5, 3, 2, 0, 1]
(0, (1, 1, 1), (2, 1)): [258, 535, 469, 343, 276, 163, 62, 35, 19, 8, 3, 0, 1]
(0, (1, 1, 1), (2, 2)): [323, 583, 479, 332, 260, 141, 59, 33, 16, 8, 2, 1, 1]
(0, (1, 1, 1), (3, 0)): [32, 117, 99, 105, 78, 53, 22, 11, 2, 2, 2, 1, 0, 1]
(0, (1, 1, 1), (3, 1)): [81, 202, 197, 143, 119, 69, 37, 11, 5, 3, 2, 1, 0, 1]
(0, (1, 1, 1), (3, 2)): [129, 286, 273, 191, 162, 85, 52, 16, 11, 5, 2, 1, 1, 1]
(1, (0, 0, 0), (0, 0)): [1580458, 176459, 72308, 28724, 11212, 4287, 1668, 600, 211, 88, 33, 21, 7, 3, 0, 1]
(1, (0, 0, 0), (0, 1)): [221744, 23442, 9460, 3773, 1504, 559, 205, 91, 21, 7, 3, 3, 0, 1]
(1, (0, 0, 0), (0, 2)): [84631, 7614, 3059, 1149, 459, 162, 54, 26, 3, 2, 0, 2]
(1, (0, 0, 0), (1, 0)): [200871, 25716, 10877, 4400, 1754, 685, 274, 83, 30, 13, 4, 3, 0, 0, 0, 1]
(1, (0, 0, 0), (1, 1)): [192619, 21778, 8933, 3576, 1443, 531, 222, 80, 25, 9, 4, 1, 0, 1]
(1, (0, 0, 0), (1, 2)): [129783, 12406, 4952, 1969, 818, 299, 115, 34, 10, 5, 0, 1]
(1, (0, 0, 0), (2, 0)): [67209, 9712, 4407, 1829, 733, 301, 124, 39, 12, 6, 2, 2, 0, 0, 0, 1]
(1, (0, 0, 0), (2, 1)): [102447, 12934, 5638, 2237, 940, 361, 125, 62, 13, 9, 5, 1]
(1, (0, 0, 0), (2, 2)): [105921, 11211, 4773, 1955, 779, 301, 102, 43, 14, 7, 1]
(1, (0, 0, 0), (3, 0)): [20023, 3270, 1810, 778, 296, 132, 66, 14, 8, 3, 1, 1, 0, 0, 0, 1]
(1, (0, 0, 0), (3, 1)): [40964, 6222, 3081, 1299, 539, 210, 81, 30, 6, 3, 3]
(1, (0, 0, 0), (3, 2)): [58292, 7519, 3584, 1529, 629, 237, 79, 36, 10, 7, 3]
(1, (0, 0, 1), (0, 0)): [42837, 61632, 12330, 5339, 2182, 911, 341, 128, 59, 23, 13, 8, 4, 2]
(1, (0, 0, 1), (0, 1)): [5423, 6686, 1389, 552, 195, 93, 45, 11, 2, 0, 2, 1]
(1, (0, 0, 1), (0, 2)): [2378, 2198, 425, 160, 66, 27, 16, 2, 2, 0, 0, 1]
(1, (0, 0, 1), (1, 0)): [5815, 8731, 1846, 905, 374, 170, 49, 21, 13, 4, 1, 1]
(1, (0, 0, 1), (1, 1)): [5029, 6500, 1348, 582, 229, 97, 34, 10, 4, 2, 1, 1]
(1, (0, 0, 1), (1, 2)): [3743, 3585, 708, 304, 128, 51, 22, 4, 4, 0, 0, 2]
(1, (0, 0, 1), (2, 0)): [2388, 3563, 827, 464, 189, 86, 31, 14, 8, 2, 1]
(1, (0, 0, 1), (2, 1)): [2874, 3927, 850, 410, 161, 72, 22, 10, 5, 2, 1]
(1, (0, 0, 1), (2, 2)): [3271, 3303, 695, 322, 121, 52, 24, 6, 3, 0, 1, 2]
(1, (0, 0, 1), (3, 0)): [1116, 1430, 376, 252, 107, 49, 14, 7, 1, 0, 1]
(1, (0, 0, 1), (3, 1)): [1275, 1677, 432, 232, 93, 42, 15, 7, 2, 1]
(1, (0, 0, 1), (3, 2)): [1998, 2054, 494, 267, 111, 48, 23, 8, 3, 0, 1]
(1, (0, 1, 0), (0, 0)): [214437, 93488, 34442, 14932, 6044, 2429, 846, 381, 110, 54, 29, 9, 10, 2, 1]
(1, (0, 1, 0), (0, 1)): [27750, 10953, 4070, 1685, 673, 314, 104, 47, 13, 7, 5, 0, 1]
(1, (0, 1, 0), (0, 2)): [10815, 3840, 1351, 524, 192, 107, 34, 15, 3, 3, 0, 0, 1]
(1, (0, 1, 0), (1, 0)): [30644, 12952, 5221, 2572, 1065, 419, 156, 69, 23, 9, 4, 0, 0, 1]
(1, (0, 1, 0), (1, 1)): [25488, 10152, 3891, 1774, 741, 300, 106, 36, 14, 3, 4, 0, 0, 1]
(1, (0, 1, 0), (1, 2)): [16948, 6066, 2182, 914, 333, 155, 56, 26, 7, 5]
(1, (0, 1, 0), (2, 0)): [12894, 5247, 2310, 1311, 554, 214, 84, 44, 13, 6, 4]
(1, (0, 1, 0), (2, 1)): [14861, 5943, 2506, 1219, 539, 198, 75, 33, 9, 4, 3, 0, 0, 1]
(1, (0, 1, 0), (2, 2)): [14833, 5322, 2069, 904, 373, 157, 54, 22, 8, 5, 1]
(1, (0, 1, 0), (3, 0)): [5865, 2172, 1026, 725, 325, 124, 49, 21, 9, 3, 2]
(1, (0, 1, 0), (3, 1)): [7027, 2624, 1251, 751, 353, 117, 51, 26, 11, 2, 2, 0, 0, 1]
(1, (0, 1, 0), (3, 2)): [9201, 3242, 1455, 770, 350, 123, 49, 21, 5, 6, 2, 0, 0, 1]
(1, (0, 1, 1), (0, 0)): [33474, 28168, 24418, 9926, 5173, 2031, 797, 328, 145, 48, 13, 7, 2, 2, 0, 1]
(1, (0, 1, 1), (0, 1)): [3799, 2929, 2470, 1030, 467, 166, 81, 37, 10, 1, 1]
(1, (0, 1, 1), (0, 2)): [1773, 958, 864, 366, 178, 52, 27, 15, 2, 0, 1]
(1, (0, 1, 1), (1, 0)): [4989, 4585, 3422, 1523, 978, 373, 143, 62, 23, 11, 1]
(1, (0, 1, 1), (1, 1)): [3274, 2711, 2221, 923, 449, 159, 64, 31, 12, 5]
(1, (0, 1, 1), (1, 2)): [2659, 1560, 1370, 550, 282, 89, 38, 23, 5, 3, 1]
(1, (0, 1, 1), (2, 0)): [2850, 2457, 1769, 865, 662, 262, 107, 43, 16, 6, 1]
(1, (0, 1, 1), (2, 1)): [1793, 1549, 1244, 574, 286, 114, 47, 16, 6, 3]
(1, (0, 1, 1), (2, 2)): [2197, 1347, 1176, 509, 262, 75, 31, 14, 5, 1]
(1, (0, 1, 1), (3, 0)): [2070, 1646, 1106, 597, 546, 208, 85, 36, 13, 5, 1]
(1, (0, 1, 1), (3, 1)): [777, 699, 542, 262, 154, 79, 30, 13, 3, 3]
(1, (0, 1, 1), (3, 2)): [1247, 875, 653, 336, 199, 68, 25, 15, 4, 2]
(1, (1, 0, 0), (0, 0)): [592039, 104998, 68756, 29358, 11988, 4768, 1904, 672, 267, 114, 42, 29, 5, 3, 0, 2]
(1, (1, 0, 0), (0, 1)): [74815, 11974, 8069, 3482, 1402, 560, 230, 80, 20, 12, 6, 3]
(1, (1, 0, 0), (0, 2)): [27940, 3860, 2561, 1042, 422, 185, 80, 19, 4, 4, 2]
(1, (1, 0, 0), (1, 0)): [71715, 13755, 9685, 4352, 1818, 731, 301, 109, 33, 16, 5, 2, 1, 0, 0, 1]
(1, (1, 0, 0), (1, 1)): [60988, 10453, 7223, 3187, 1281, 495, 199, 74, 23, 9, 6, 5, 0, 0, 0, 1]
(1, (1, 0, 0), (1, 2)): [39351, 5854, 3966, 1682, 666, 259, 109, 39, 10, 5, 4, 1]
(1, (1, 0, 0), (2, 0)): [23405, 4887, 3538, 1789, 751, 309, 134, 42, 17, 6, 1, 0, 1]
(1, (1, 0, 0), (2, 1)): [30725, 5770, 4068, 1979, 771, 329, 132, 42, 17, 4, 4, 3, 0, 0, 0, 1]
(1, (1, 0, 0), (2, 2)): [29686, 4810, 3258, 1492, 597, 248, 101, 36, 9, 4, 3, 1]
(1, (1, 0, 0), (3, 0)): [6577, 1630, 1097, 711, 322, 124, 57, 13, 5, 4, 0, 0, 1]
(1, (1, 0, 0), (3, 1)): [11807, 2707, 1822, 1058, 429, 169, 77, 18, 9, 4, 2, 1, 0, 0, 0, 1]
(1, (1, 0, 0), (3, 2)): [14947, 3096, 1952, 1051, 420, 187, 79, 21, 12, 4, 4, 2, 0, 0, 0, 1]
(1, (1, 0, 1), (0, 0)): [48215, 55422, 17783, 12069, 5256, 2156, 850, 332, 114, 67, 20, 7, 1, 1]
(1, (1, 0, 1), (0, 1)): [6651, 6044, 1945, 1338, 593, 251, 89, 23, 18, 6, 3, 0, 1]
(1, (1, 0, 1), (0, 2)): [2870, 1944, 665, 456, 206, 84, 35, 12, 7, 2, 2]
(1, (1, 0, 1), (1, 0)): [5915, 6763, 2275, 1650, 777, 308, 118, 60, 16, 12, 0, 1]
(1, (1, 0, 1), (1, 1)): [5229, 5060, 1661, 1163, 492, 218, 72, 20, 9, 4, 0, 1, 1]
(1, (1, 0, 1), (1, 2)): [3790, 2797, 985, 669, 271, 123, 32, 20, 7, 2, 2]
(1, (1, 0, 1), (2, 0)): [2035, 2238, 810, 607, 335, 125, 48, 30, 6, 6]
(1, (1, 0, 1), (2, 1)): [2576, 2576, 869, 644, 317, 112, 51, 18, 8, 3, 0, 1]
(1, (1, 0, 1), (2, 2)): [2750, 2132, 808, 537, 258, 90, 38, 16, 7, 1, 1]
(1, (1, 0, 1), (3, 0)): [691, 758, 285, 213, 140, 58, 17, 8, 1, 3]
(1, (1, 0, 1), (3, 1)): [973, 1029, 403, 284, 167, 68, 21, 11, 2, 2, 0, 1]
(1, (1, 0, 1), (3, 2)): [1373, 1217, 502, 336, 199, 75, 29, 11, 6, 1, 0, 1]
(1, (1, 1, 0), (0, 0)): [165971, 50586, 33643, 24543, 10308, 4297, 1666, 660, 258, 108, 43, 22, 9, 5, 1]
(1, (1, 1, 0), (0, 1)): [23196, 6161, 3874, 2995, 1289, 527, 188, 73, 25, 12, 7, 3]
(1, (1, 1, 0), (0, 2)): [9304, 2185, 1287, 1017, 419, 175, 50, 21, 6, 1, 2]
(1, (1, 1, 0), (1, 0)): [20131, 6640, 4451, 3472, 1497, 627, 276, 92, 28, 19, 9, 3, 2, 1]
(1, (1, 1, 0), (1, 1)): [18326, 5275, 3518, 2646, 1173, 458, 176, 71, 20, 20, 7, 3]
(1, (1, 1, 0), (1, 2)): [12971, 3183, 1989, 1542, 662, 214, 77, 40, 8, 4, 6, 2]
(1, (1, 1, 0), (2, 0)): [6438, 2402, 1568, 1239, 617, 288, 125, 40, 14, 6, 5, 1, 2, 1]
(1, (1, 1, 0), (2, 1)): [9054, 2906, 1989, 1498, 703, 329, 136, 36, 16, 8, 6, 1, 1]
(1, (1, 1, 0), (2, 2)): [9774, 2641, 1681, 1285, 624, 237, 96, 35, 10, 5, 3, 2]
(1, (1, 1, 0), (3, 0)): [1656, 891, 566, 365, 250, 118, 46, 21, 4, 3, 1, 1, 1]
(1, (1, 1, 0), (3, 1)): [3369, 1397, 967, 688, 395, 182, 68, 21, 9, 5, 4, 1, 1]
(1, (1, 1, 0), (3, 2)): [4778, 1643, 1137, 793, 461, 173, 69, 26, 6, 5, 2, 1, 1]
(1, (1, 1, 1), (0, 0)): [33896, 27133, 17050, 11071, 8419, 3560, 1456, 549, 224, 82, 28, 18, 9, 4, 1, 1]
(1, (1, 1, 1), (0, 1)): [5053, 3441, 2112, 1355, 1077, 425, 186, 67, 30, 8, 3, 1, 0, 1]
(1, (1, 1, 1), (0, 2)): [2373, 1184, 751, 482, 361, 128, 57, 19, 4, 4, 2, 0, 0, 1]
(1, (1, 1, 1), (1, 0)): [3830, 3484, 2137, 1378, 1165, 505, 227, 78, 28, 11, 3, 3, 2]
(1, (1, 1, 1), (1, 1)): [3757, 2851, 1782, 1159, 914, 372, 177, 66, 30, 7, 2, 2]
(1, (1, 1, 1), (1, 2)): [2991, 1657, 1096, 699, 534, 217, 97, 35, 13, 4, 1, 2, 0, 1]
(1, (1, 1, 1), (2, 0)): [987, 1164, 740, 470, 425, 209, 90, 38, 7, 4, 2, 1, 1]
(1, (1, 1, 1), (2, 1)): [1606, 1524, 898, 583, 473, 229, 101, 37, 13, 4, 2, 1]
(1, (1, 1, 1), (2, 2)): [2013, 1345, 874, 580, 455, 189, 94, 30, 11, 6, 1, 2, 0, 1]
(1, (1, 1, 1), (3, 0)): [169, 358, 245, 172, 133, 70, 33, 16, 3, 2, 0, 0, 1]
(1, (1, 1, 1), (3, 1)): [405, 640, 414, 258, 220, 116, 37, 21, 7, 2, 1, 0, 1]
(1, (1, 1, 1), (3, 2)): [789, 787, 521, 342, 270, 130, 57, 24, 6, 3, 2, 1, 0, 1]
(2, (0, 0, 0), (0, 0)): [1378517, 64900, 21738, 6908, 2316, 742, 248, 87, 15, 7, 5, 0, 1]
(2, (0, 0, 0), (0, 1)): [192453, 8121, 2714, 867, 312, 86, 32, 11, 3]
(2, (0, 0, 0), (0, 2)): [72861, 2176, 762, 245, 91, 20, 2, 5]
(2, (0, 0, 0), (1, 0)): [182004, 10623, 3745, 1140, 413, 117, 41, 14, 2, 0, 0, 0, 1]
(2, (0, 0, 0), (1, 1)): [170745, 8215, 2870, 859, 320, 95, 37, 8, 3]
(2, (0, 0, 0), (1, 2)): [112848, 3866, 1389, 457, 153, 47, 16, 6, 1]
(2, (0, 0, 0), (2, 0)): [64391, 4228, 1752, 510, 190, 52, 18, 7, 1, 0, 0, 0, 1]
(2, (0, 0, 0), (2, 1)): [94837, 5338, 2067, 566, 203, 55, 22, 7, 2]
(2, (0, 0, 0), (2, 2)): [96219, 4028, 1552, 454, 160, 51, 15, 6, 1]
(2, (0, 0, 0), (3, 0)): [20336, 1431, 807, 237, 90, 30, 8, 4, 0, 0, 0, 0, 1]
(2, (0, 0, 0), (3, 1)): [39996, 2679, 1307, 394, 126, 35, 10, 6, 1]
(2, (0, 0, 0), (3, 2)): [56228, 3032, 1431, 415, 145, 49, 12, 6, 2]
(2, (0, 0, 1), (0, 0)): [129331, 38185, 8055, 2733, 969, 337, 97, 33, 8, 5, 0, 2]
(2, (0, 0, 1), (0, 1)): [17175, 4154, 919, 296, 102, 41, 13, 4, 1, 2]
(2, (0, 0, 1), (0, 2)): [6812, 1253, 268, 85, 28, 11, 4, 0, 0, 1]
(2, (0, 0, 1), (1, 0)): [19743, 5486, 1406, 522, 194, 65, 19, 8, 2, 1, 0, 1]
(2, (0, 0, 1), (1, 1)): [16312, 4047, 926, 335, 120, 42, 9, 5, 1, 1]
(2, (0, 0, 1), (1, 2)): [11087, 2107, 457, 143, 63, 24, 6, 2, 0, 1]
(2, (0, 0, 1), (2, 0)): [8594, 2338, 700, 301, 113, 38, 12, 4, 1, 1, 0, 1]
(2, (0, 0, 1), (2, 1)): [9864, 2574, 694, 286, 103, 27, 9, 5, 0, 2]
(2, (0, 0, 1), (2, 2)): [10156, 2083, 534, 184, 76, 25, 5, 2]
(2, (0, 0, 1), (3, 0)): [4101, 966, 345, 180, 58, 23, 8, 1, 1, 0, 0, 1]
(2, (0, 0, 1), (3, 1)): [4647, 1250, 373, 199, 61, 20, 8, 3, 0, 1]
(2, (0, 0, 1), (3, 2)): [6501, 1432, 421, 191, 69, 19, 7, 2, 0, 1]
(2, (0, 1, 0), (0, 0)): [341657, 71010, 19800, 7005, 2385, 784, 239, 74, 17, 11, 7, 0, 1]
(2, (0, 1, 0), (0, 1)): [44318, 7731, 2158, 680, 268, 72, 24, 6, 3, 2, 1]
(2, (0, 1, 0), (0, 2)): [17468, 2316, 643, 186, 75, 13, 8, 1, 0, 1]
(2, (0, 1, 0), (1, 0)): [51773, 10204, 3459, 1427, 473, 158, 54, 21, 0, 1, 0, 0, 1]
(2, (0, 1, 0), (1, 1)): [41605, 7507, 2269, 789, 290, 88, 35, 12, 3, 1, 1]
(2, (0, 1, 0), (1, 2)): [27827, 3924, 1053, 372, 137, 31, 16, 6, 0, 1]
(2, (0, 1, 0), (2, 0)): [23403, 4391, 1700, 856, 294, 91, 24, 11, 0, 1, 0, 0, 1]
(2, (0, 1, 0), (2, 1)): [24943, 4724, 1625, 608, 227, 65, 21, 5, 2, 1, 1, 0, 1]
(2, (0, 1, 0), (2, 2)): [25065, 3781, 1105, 433, 163, 37, 21, 7, 0, 2]
(2, (0, 1, 0), (3, 0)): [11962, 1924, 859, 581, 187, 57, 18, 11, 0, 1]
(2, (0, 1, 0), (3, 1)): [11634, 2235, 904, 436, 159, 50, 15, 5, 2, 0, 1, 0, 1]
(2, (0, 1, 0), (3, 2)): [15856, 2504, 919, 468, 166, 46, 25, 7, 0, 1, 0, 0, 1]
(2, (0, 1, 1), (0, 0)): [78442, 6642, 16582, 4765, 1878, 622, 198, 68, 22, 6, 4, 1, 0, 1]
(2, (0, 1, 1), (0, 1)): [10343, 654, 1782, 507, 170, 65, 13, 8, 1, 1]
(2, (0, 1, 1), (0, 2)): [4297, 226, 544, 158, 63, 18, 4, 1, 0, 1]
(2, (0, 1, 1), (1, 0)): [12285, 1188, 2375, 881, 401, 144, 40, 15, 3, 0, 2]
(2, (0, 1, 1), (1, 1)): [9512, 666, 1696, 533, 191, 79, 17, 10, 3]
(2, (0, 1, 1), (1, 2)): [6982, 381, 939, 277, 110, 31, 6, 3, 0, 1]
(2, (0, 1, 1), (2, 0)): [5977, 674, 1088, 475, 263, 89, 24, 10, 1, 0, 2]
(2, (0, 1, 1), (2, 1)): [5570, 447, 1046, 354, 154, 62, 11, 6, 3, 0, 1]
(2, (0, 1, 1), (2, 2)): [6169, 422, 877, 285, 115, 48, 7, 4, 2]
(2, (0, 1, 1), (3, 0)): [3532, 467, 563, 284, 183, 66, 20, 9, 0, 0, 1]
(2, (0, 1, 1), (3, 1)): [2679, 242, 491, 195, 104, 38, 10, 7, 1, 0, 1]
(2, (0, 1, 1), (3, 2)): [3944, 334, 610, 226, 110, 53, 8, 7, 3]
(2, (1, 0, 0), (0, 0)): [717092, 51978, 34957, 11097, 3679, 1166, 447, 131, 31, 13, 7, 1, 1]
(2, (1, 0, 0), (0, 1)): [90071, 5526, 3902, 1247, 431, 144, 59, 22, 8, 0, 0, 1]
(2, (1, 0, 0), (0, 2)): [33505, 1481, 1008, 339, 121, 30, 19, 4, 4]
(2, (1, 0, 0), (1, 0)): [89036, 7413, 5311, 1817, 639, 178, 75, 20, 4, 1, 0, 0, 1]
(2, (1, 0, 0), (1, 1)): [75998, 5114, 3647, 1216, 410, 126, 49, 17, 4]
(2, (1, 0, 0), (1, 2)): [48603, 2405, 1626, 590, 198, 52, 23, 6, 4]
(2, (1, 0, 0), (2, 0)): [30149, 2911, 2003, 848, 289, 81, 36, 13, 3, 1, 0, 0, 1]
(2, (1, 0, 0), (2, 1)): [39892, 3154, 2239, 819, 278, 87, 36, 10, 1, 0, 0, 0, 1]
(2, (1, 0, 0), (2, 2)): [38206, 2361, 1554, 565, 211, 58, 29, 5, 3]
(2, (1, 0, 0), (3, 0)): [8954, 1084, 664, 401, 128, 36, 14, 6, 2, 1]
(2, (1, 0, 0), (3, 1)): [16146, 1655, 1086, 557, 153, 54, 19, 5, 1, 1, 0, 0, 1]
(2, (1, 0, 0), (3, 2)): [20318, 1742, 1124, 513, 165, 57, 20, 7, 1, 1, 0, 0, 1]
(2, (1, 0, 1), (0, 0)): [126204, 29728, 11728, 7418, 2463, 805, 275, 85, 30, 9, 2, 4, 1]
(2, (1, 0, 1), (0, 1)): [17444, 3391, 1261, 843, 306, 99, 30, 6, 4, 1, 1, 1]
(2, (1, 0, 1), (0, 2)): [7004, 1019, 365, 232, 90, 22, 7, 1, 1]
(2, (1, 0, 1), (1, 0)): [17059, 3789, 1739, 1232, 457, 125, 51, 14, 1, 1, 0, 1]
(2, (1, 0, 1), (1, 1)): [14704, 2930, 1238, 798, 325, 98, 37, 9, 3, 1, 1, 2]
(2, (1, 0, 1), (1, 2)): [9963, 1515, 618, 387, 153, 45, 20, 3, 3, 0, 0, 1]
(2, (1, 0, 1), (2, 0)): [6136, 1346, 729, 498, 198, 53, 21, 8, 1]
(2, (1, 0, 1), (2, 1)): [7990, 1600, 783, 479, 237, 71, 19, 8, 0, 1, 0, 1]
(2, (1, 0, 1), (2, 2)): [7763, 1229, 586, 348, 145, 53, 20, 3, 3, 0, 0, 1]
(2, (1, 0, 1), (3, 0)): [2069, 425, 294, 194, 78, 18, 13, 3, 1]
(2, (1, 0, 1), (3, 1)): [3457, 654, 391, 254, 144, 28, 16, 4, 1, 1]
(2, (1, 0, 1), (3, 2)): [4354, 661, 456, 242, 140, 43, 13, 4, 3]
(2, (1, 1, 0), (0, 0)): [283569, 42948, 21675, 15094, 4933, 1580, 537, 184, 55, 26, 10, 2, 2, 1]
(2, (1, 1, 0), (0, 1)): [38736, 4942, 2365, 1731, 528, 164, 59, 28, 3, 3, 2, 1, 1]
(2, (1, 1, 0), (0, 2)): [15809, 1463, 700, 506, 155, 47, 16, 9, 2, 1]
(2, (1, 1, 0), (1, 0)): [35842, 5477, 3106, 2312, 864, 252, 98, 24, 9, 4, 1]
(2, (1, 1, 0), (1, 1)): [32618, 4405, 2274, 1671, 515, 168, 57, 24, 6, 3, 2, 1, 1]
(2, (1, 1, 0), (1, 2)): [23002, 2307, 1184, 806, 247, 85, 24, 16, 4, 1, 1]
(2, (1, 1, 0), (2, 0)): [12367, 1949, 1280, 913, 446, 123, 50, 10, 2, 3]
(2, (1, 1, 0), (2, 1)): [17224, 2396, 1450, 1053, 410, 111, 45, 13, 4, 2, 0, 0, 1]
(2, (1, 1, 0), (2, 2)): [18248, 1961, 1151, 778, 289, 80, 36, 16, 7, 1, 1]
(2, (1, 1, 0), (3, 0)): [4001, 621, 529, 308, 223, 68, 25, 4, 0, 2]
(2, (1, 1, 0), (3, 1)): [7326, 1061, 823, 526, 300, 77, 32, 3, 0, 0, 0, 0, 1]
(2, (1, 1, 0), (3, 2)): [10164, 1177, 931, 571, 314, 70, 31, 11, 4, 0, 1]
(2, (1, 1, 1), (0, 0)): [83285, 12111, 13832, 6915, 5214, 1625, 557, 191, 59, 14, 10, 3, 1, 1]
(2, (1, 1, 1), (0, 1)): [12767, 1338, 1660, 853, 654, 188, 71, 21, 7, 0, 3, 0, 1]
(2, (1, 1, 1), (0, 2)): [5549, 413, 474, 255, 169, 56, 22, 6, 1, 0, 2]
(2, (1, 1, 1), (1, 0)): [9976, 2195, 1881, 1059, 835, 274, 89, 33, 9, 4, 1, 2]
(2, (1, 1, 1), (1, 1)): [10101, 1429, 1552, 837, 641, 187, 65, 20, 7, 1, 1, 0, 1]
(2, (1, 1, 1), (1, 2)): [7762, 727, 790, 392, 311, 101, 29, 10, 3, 1, 2]
(2, (1, 1, 1), (2, 0)): [2789, 1264, 645, 420, 340, 115, 36, 12, 4, 3, 0, 2]
(2, (1, 1, 1), (2, 1)): [4567, 1169, 857, 540, 399, 141, 46, 8, 4, 0, 0, 0, 1]
(2, (1, 1, 1), (2, 2)): [5514, 864, 707, 428, 305, 113, 33, 8, 3, 1, 2]
(2, (1, 1, 1), (3, 0)): [468, 782, 177, 186, 105, 55, 18, 9, 2, 3, 0, 1]
(2, (1, 1, 1), (3, 1)): [1332, 961, 330, 308, 208, 76, 28, 7, 2, 3, 0, 1]
(2, (1, 1, 1), (3, 2)): [2317, 979, 424, 386, 242, 92, 35, 8, 2, 1, 2]
