(0, (0, 0, 0), (0, 0)): [845, 136, 55, 28, 9, 7, 4, 1]
(0, (0, 0, 0), (0, 1)): [194, 29, 9, 7, 2, 0, 1, 1]
(0, (0, 0, 0), (0, 2)): [79, 16, 2, 3, 0, 0, 1, 1]
(0, (0, 0, 0), (1, 0)): [131, 24, 11, 1, 0, 2, 2]
(0, (0, 0, 0), (1, 1)): [126, 15, 12, 5, 1]
(0, (0, 0, 0), (1, 2)): [95, 12, 5, 3, 0, 0, 0, 1]
(0, (0, 0, 0), (2, 0)): [40, 11, 3, 0, 0, 2, 1]
(0, (0, 0, 0), (2, 1)): [64, 12, 4, 2, 0, 1]
(0, (0, 0, 0), (2, 2)): [69, 13, 1, 1, 0, 1]
(0, (0, 0, 0), (3, 0)): [10, 5, 2, 0, 0, 1, 1]
(0, (0, 0, 0), (3, 1)): [14, 5, 3, 0, 0, 0, 1]
(0, (0, 0, 0), (3, 2)): [26, 9, 3, 0, 0, 1, 1]
(0, (0, 0, 1), (0, 0)): [2, 12, 6, 1]
(0, (0, 0, 1), (0, 1)): [1, 0, 0, 1]
(0, (0, 0, 1), (1, 0)): [0, 2]
(0, (0, 0, 1), (1, 1)): [0, 1]
(0, (0, 1, 0), (0, 0)): [37, 23, 7, 4, 3]
(0, (0, 1, 0), (1, 0)): [7, 4, 1, 1]
(0, (0, 1, 0), (1, 1)): [7, 4, 1]
(0, (0, 1, 0), (2, 0)): [1, 3, 0, 1]
(0, (0, 1, 0), (2, 1)): [2, 1, 0, 1]
(0, (0, 1, 0), (2, 2)): [4, 1, 0, 1]
(0, (0, 1, 1), (0, 0)): [3, 2, 2, 1, 0, 1, 1]
(0, (0, 1, 1), (0, 1)): [1]
(0, (0, 1, 1), (0, 2)): [1]
(0, (0, 1, 1), (1, 0)): [1, 1, 0, 0, 0, 0, 1]
(0, (1, 0, 0), (0, 0)): [161, 54, 22, 15, 3, 3, 3]
(0, (1, 0, 0), (0, 1)): [34, 5, 1, 2, 0, 1, 1]
(0, (1, 0, 0), (0, 2)): [12, 2, 0, 1, 0, 1, 1]
(0, (1, 0, 0), (1, 0)): [19, 10, 5, 1, 0, 1]
(0, (1, 0, 0), (1, 1)): [18, 5, 3, 0, 0, 1]
(0, (1, 0, 0), (1, 2)): [10, 2, 1, 0, 0, 2]
(0, (1, 0, 1), (0, 0)): [4, 7, 7, 4, 3, 1, 1]
(0, (1, 0, 1), (0, 1)): [2, 0, 0, 1, 0, 0, 1]
(0, (1, 0, 1), (0, 2)): [1, 0, 0, 0, 0, 0, 1]
(0, (1, 0, 1), (1, 0)): [1, 5, 1, 0, 1]
(0, (1, 1, 0), (0, 0)): [26, 12, 5, 10, 1, 1, 2]
(0, (1, 1, 0), (1, 0)): [1, 1, 0, 1, 0, 1, 1]
(0, (1, 1, 0), (1, 1)): [1, 1, 1, 1]
(0, (1, 1, 0), (1, 2)): [2, 1, 1, 1]
(1, (0, 0, 0), (0, 0)): [680, 58, 24, 10, 5, 4, 1, 1]
(1, (0, 0, 0), (0, 1)): [151, 11, 5, 3, 1]
(1, (0, 0, 0), (0, 2)): [64, 3, 1, 2]
(1, (0, 0, 0), (1, 0)): [95, 11, 5, 2, 0, 1, 0, 1]
(1, (0, 0, 0), (1, 1)): [101, 8, 4, 1, 0, 1]
(1, (0, 0, 0), (1, 2)): [65, 6, 2, 2, 0, 1]
(1, (0, 0, 0), (2, 0)): [28, 5, 2, 2]
(1, (0, 0, 0), (2, 1)): [40, 3, 4, 2]
(1, (0, 0, 0), (2, 2)): [43, 1, 2, 2, 0, 1]
(1, (0, 0, 0), (3, 0)): [10, 1]
(1, (0, 0, 0), (3, 1)): [9, 2, 1]
(1, (0, 0, 0), (3, 2)): [22, 1, 3, 1, 0, 1]
(1, (0, 0, 1), (0, 0)): [31, 34, 5, 3, 2]
(1, (0, 0, 1), (0, 1)): [7, 7]
(1, (0, 0, 1), (0, 2)): [3, 2]
(1, (0, 0, 1), (1, 0)): [4, 9, 1, 1, 1]
(1, (0, 0, 1), (1, 1)): [5, 7, 0, 1, 1]
(1, (0, 0, 1), (1, 2)): [2, 3, 0, 1]
(1, (0, 0, 1), (2, 2)): [3, 5]
(1, (0, 1, 0), (0, 0)): [102, 53, 9, 7, 2, 2]
(1, (0, 1, 0), (0, 1)): [18, 11, 3, 1, 0, 1]
(1, (0, 1, 0), (0, 2)): [7, 2, 0, 0, 0, 1]
(1, (0, 1, 0), (1, 0)): [18, 12, 1, 2, 1, 1]
(1, (0, 1, 0), (1, 1)): [19, 11, 0, 2, 1, 1]
(1, (0, 1, 0), (1, 2)): [13, 5, 0, 0, 1]
(1, (0, 1, 0), (2, 1)): [5, 5, 0, 2, 0, 1]
(1, (0, 1, 0), (2, 2)): [9, 6, 0, 2, 1, 1]
(1, (0, 1, 0), (3, 2)): [3, 0, 0, 0, 0, 1]
(1, (0, 1, 1), (0, 0)): [18, 13, 20, 9, 0, 2, 0, 1]
(1, (0, 1, 1), (0, 1)): [4, 0, 5, 0, 0, 0, 0, 1]
(1, (0, 1, 1), (1, 0)): [2, 1, 2, 2]
(1, (0, 1, 1), (1, 1)): [3, 0, 5, 1]
(1, (0, 1, 1), (1, 2)): [2, 0, 3, 1]
(1, (0, 1, 1), (2, 2)): [1, 0, 1, 1]
(1, (1, 0, 0), (0, 0)): [237, 40, 19, 11, 2, 5, 1, 1]
(1, (1, 0, 0), (0, 1)): [57, 4, 2, 4, 0, 1, 1]
(1, (1, 0, 0), (0, 2)): [24, 2, 0, 2]
(1, (1, 0, 0), (1, 0)): [35, 13, 7, 2, 0, 2]
(1, (1, 0, 0), (1, 1)): [29, 4, 2, 2, 0, 1]
(1, (1, 0, 0), (1, 2)): [27, 2, 1, 1]
(1, (1, 0, 0), (2, 0)): [10, 4, 2]
(1, (1, 0, 0), (2, 1)): [10, 4, 1, 1, 0, 1]
(1, (1, 0, 0), (2, 2)): [13, 2, 2, 2, 0, 1]
(1, (1, 0, 0), (3, 0)): [2, 2]
(1, (1, 0, 1), (0, 0)): [12, 14, 4, 5, 4, 1, 1]
(1, (1, 0, 1), (0, 1)): [4, 2, 0, 2, 1]
(1, (1, 0, 1), (0, 2)): [2, 0, 0, 1]
(1, (1, 0, 1), (1, 0)): [5, 3, 0, 0, 1, 1]
(1, (1, 0, 1), (1, 1)): [1, 3, 0, 1, 1]
(1, (1, 0, 1), (1, 2)): [2, 1, 0, 0, 1]
(1, (1, 0, 1), (2, 0)): [3, 1, 0, 0, 1]
(1, (1, 0, 1), (2, 1)): [1, 0, 0, 1]
(1, (1, 0, 1), (2, 2)): [0, 1]
(1, (1, 1, 0), (0, 0)): [52, 18, 9, 11, 1, 1]
(1, (1, 1, 0), (0, 1)): [12, 1, 4, 3]
(1, (1, 1, 0), (0, 2)): [4, 1, 0, 2]
(1, (1, 1, 0), (1, 0)): [9, 5, 0, 1]
(1, (1, 1, 0), (1, 1)): [13, 3, 2, 1]
(1, (1, 1, 0), (1, 2)): [11, 0, 1, 1]
(1, (1, 1, 0), (2, 0)): [1, 1]
(1, (1, 1, 0), (2, 1)): [3, 3, 1, 1]
(1, (1, 1, 0), (2, 2)): [5, 1, 1, 1]
(1, (1, 1, 0), (3, 1)): [1, 1]
(1, (1, 1, 0), (3, 2)): [1, 2, 1, 1]
(1, (1, 1, 1), (0, 0)): [8, 7, 6, 6, 1, 2]
(1, (1, 1, 1), (1, 0)): [2, 2, 2, 1]
(1, (1, 1, 1), (2, 0)): [0, 0, 1]
(2, (0, 0, 0), (0, 0)): [584, 13, 9, 2, 3]
(2, (0, 0, 0), (0, 1)): [120, 3, 1]
(2, (0, 0, 0), (0, 2)): [51]
(2, (0, 0, 0), (1, 0)): [102, 3, 4, 0, 1]
(2, (0, 0, 0), (1, 1)): [95, 4, 1]
(2, (0, 0, 0), (1, 2)): [59, 0, 1]
(2, (0, 0, 0), (2, 0)): [36, 0, 3]
(2, (0, 0, 0), (2, 1)): [52, 4]
(2, (0, 0, 0), (2, 2)): [48, 2, 1]
(2, (0, 0, 0), (3, 0)): [11, 0, 3]
(2, (0, 0, 0), (3, 1)): [23, 1, 1]
(2, (0, 0, 0), (3, 2)): [32, 1]
(2, (0, 0, 1), (0, 0)): [85, 31, 3, 0, 2]
(2, (0, 0, 1), (0, 1)): [11, 5, 1]
(2, (0, 0, 1), (1, 0)): [14, 5]
(2, (0, 0, 1), (1, 1)): [10]
(2, (0, 0, 1), (1, 2)): [8, 4, 1]
(2, (0, 0, 1), (2, 1)): [4]
(2, (0, 0, 1), (2, 2)): [3, 1, 1]
(2, (0, 0, 1), (3, 1)): [5]
(2, (0, 1, 0), (0, 0)): [170, 33, 11, 5, 1, 1]
(2, (0, 1, 0), (0, 1)): [28, 3, 2, 1, 1]
(2, (0, 1, 0), (0, 2)): [12, 1]
(2, (0, 1, 0), (1, 0)): [34, 9, 4, 0, 0, 1]
(2, (0, 1, 0), (1, 1)): [29, 5, 2, 0, 1]
(2, (0, 1, 0), (1, 2)): [14, 2, 0, 0, 1]
(2, (0, 1, 0), (2, 0)): [13, 5, 2, 0, 0, 1]
(2, (0, 1, 0), (2, 1)): [15, 4, 1, 0, 0, 1]
(2, (0, 1, 0), (3, 1)): [12, 5, 0, 0, 0, 1]
(2, (0, 1, 0), (3, 2)): [3, 3, 0, 0, 0, 1]
(2, (0, 1, 1), (0, 0)): [49, 5, 18, 1]
(2, (0, 1, 1), (0, 1)): [7, 0, 2]
(2, (0, 1, 1), (1, 0)): [11, 0, 7, 1]
(2, (0, 1, 1), (1, 1)): [8, 0, 4, 1]
(2, (0, 1, 1), (1, 2)): [3, 0, 1, 1]
(2, (0, 1, 1), (2, 0)): [4, 0, 3]
(2, (0, 1, 1), (3, 0)): [3, 0, 3]
(2, (0, 1, 1), (3, 1)): [2, 0, 2]
(2, (0, 1, 1), (3, 2)): [3, 0, 1]
(2, (1, 0, 0), (0, 0)): [308, 14, 14, 5, 2]
(2, (1, 0, 0), (0, 1)): [57, 0, 3]
(2, (1, 0, 0), (0, 2)): [13]
(2, (1, 0, 0), (1, 0)): [54, 2, 4, 1, 1]
(2, (1, 0, 0), (1, 1)): [35, 1, 2, 0, 1]
(2, (1, 0, 0), (1, 2)): [16]
(2, (1, 0, 0), (2, 0)): [22, 1, 2, 1]
(2, (1, 0, 0), (2, 1)): [11, 1, 0, 0, 1]
(2, (1, 0, 0), (3, 1)): [8, 1]
(2, (1, 0, 1), (0, 0)): [45, 10, 9, 2, 0, 1]
(2, (1, 0, 1), (1, 0)): [11, 1, 4]
(2, (1, 0, 1), (2, 0)): [3, 0, 3]
(2, (1, 1, 0), (0, 0)): [77, 15, 8, 5, 2]
(2, (1, 1, 0), (0, 1)): [15, 2, 1]
(2, (1, 1, 0), (1, 0)): [12, 1, 1, 1]
(2, (1, 1, 0), (1, 1)): [6]
(2, (1, 1, 0), (2, 1)): [3]
