(0, (0, 0, 0)): [2414152, 494938, 227740, 104385, 46921, 20076, 8357, 3383, 1370, 599, 265, 125, 43, 23, 6, 1, 1, 1]
(0, (0, 0, 1)): [8455, 26423, 7243, 3552, 1720, 745, 328, 128, 55, 34, 18, 4, 4, 3]
(0, (0, 1, 0)): [89965, 83818, 33278, 16571, 7848, 3431, 1480, 609, 252, 134, 47, 19, 9, 6, 3, 0, 1]
(0, (0, 1, 1)): [7113, 12499, 14738, 6912, 3641, 1760, 752, 329, 163, 69, 23, 16, 4, 4, 2, 0, 1, 1]
(0, (1, 0, 0)): [500983, 164088, 108251, 54005, 25968, 11582, 4840, 2078, 866, 379, 184, 75, 26, 17, 4, 1, 1, 1]
(0, (1, 0, 1)): [11673, 35615, 14367, 10416, 5444, 2542, 1196, 489, 236, 100, 52, 20, 11, 3, 2, 0, 0, 1]
(0, (1, 1, 0)): [72326, 45252, 33188, 24523, 13101, 6103, 2614, 1210, 506, 226, 105, 45, 13, 6, 1, 0, 1]
(0, (1, 1, 1)): [6926, 13592, 10830, 7825, 6497, 3218, 1499, 708, 336, 138, 70, 27, 7, 4, 1, 0, 1]
(1, (0, 0, 0)): [1978535, 222647, 90893, 36167, 14169, 5402, 2100, 740, 269, 108, 38, 23, 8, 3, 0, 1]
(1, (0, 0, 1)): [52260, 74738, 15023, 6635, 2696, 1111, 432, 156, 72, 25, 15, 9, 4, 2]
(1, (0, 1, 0)): [263882, 113219, 42393, 18457, 7488, 2998, 1070, 457, 135, 72, 36, 10, 10, 2, 1]
(1, (0, 1, 1)): [40915, 34630, 29588, 12130, 6276, 2511, 1012, 407, 167, 57, 23, 10, 3, 2, 0, 1]
(1, (1, 0, 0)): [731481, 127405, 85646, 36580, 14889, 5936, 2347, 849, 334, 142, 52, 32, 7, 3, 0, 2]
(1, (1, 0, 1)): [59407, 66865, 21406, 14813, 6407, 2666, 1053, 410, 146, 81, 23, 10, 2, 1]
(1, (1, 1, 0)): [206419, 61742, 41003, 30437, 12805, 5347, 2079, 826, 324, 133, 50, 26, 10, 5, 1]
(1, (1, 1, 1)): [42306, 33803, 20976, 13587, 10603, 4526, 1833, 686, 285, 106, 37, 22, 9, 4, 1, 1]
(2, (0, 0, 0)): [1730066, 82932, 27411, 8779, 2945, 916, 312, 105, 21, 9, 5, 0, 1]
(2, (0, 0, 1)): [160756, 46104, 9947, 3428, 1211, 422, 121, 42, 9, 7, 1, 2]
(2, (0, 1, 0)): [424494, 86523, 24706, 8845, 2986, 954, 302, 87, 22, 14, 7, 0, 1]
(2, (0, 1, 1)): [98870, 8182, 20250, 5997, 2364, 790, 261, 82, 26, 7, 5, 1, 0, 1]
(2, (1, 0, 0)): [885169, 63688, 43731, 13968, 4603, 1447, 550, 162, 40, 16, 7, 1, 1]
(2, (1, 0, 1)): [156722, 36031, 14229, 9265, 3075, 995, 341, 103, 34, 12, 2, 4, 2]
(2, (1, 1, 0)): [349723, 52099, 26340, 18921, 6142, 1944, 665, 223, 67, 31, 10, 3, 2, 1]
(2, (1, 1, 1)): [104156, 15122, 17125, 8552, 6608, 2054, 696, 239, 80, 19, 10, 4, 1, 1]
