(0, (0, 0, 0)): [29121, 5715, 2567, 1233, 510, 208, 96, 26, 12, 2, 4]
(0, (0, 0, 1)): [81, 252, 75, 38, 18, 4, 2, 1, 1, 0, 1]
(0, (0, 1, 0)): [1065, 1055, 417, 212, 75, 51, 9, 3, 1, 1]
(0, (0, 1, 1)): [79, 159, 185, 79, 41, 18, 4, 0, 1, 1]
(0, (1, 0, 0)): [5913, 1930, 1260, 636, 282, 120, 58, 17, 5, 2, 3]
(0, (1, 0, 1)): [134, 466, 186, 133, 63, 38, 12, 1, 2, 0, 1]
(0, (1, 1, 0)): [846, 532, 384, 288, 144, 67, 29, 9, 3, 0, 1]
(0, (1, 1, 1)): [79, 153, 138, 82, 76, 32, 14, 2, 2, 1, 1]
(1, (0, 0, 0)): [23992, 2535, 1023, 443, 162, 43, 28, 7, 4]
(1, (0, 0, 1)): [647, 932, 211, 67, 24, 15, 5, 0, 1, 0, 1]
(1, (0, 1, 0)): [3251, 1320, 471, 242, 75, 30, 12, 7, 3, 0, 2]
(1, (0, 1, 1)): [462, 415, 329, 126, 69, 26, 12, 4, 1]
(1, (1, 0, 0)): [8572, 1477, 973, 429, 160, 56, 34, 8, 1, 1]
(1, (1, 0, 1)): [714, 753, 261, 168, 67, 33, 8, 3, 0, 1, 1]
(1, (1, 1, 0)): [2379, 701, 441, 355, 125, 51, 19, 11, 2, 1]
(1, (1, 1, 1)): [460, 393, 219, 131, 93, 40, 12, 5, 1]
(2, (0, 0, 0)): [21054, 947, 294, 105, 38, 10, 6, 2]
(2, (0, 0, 1)): [2085, 573, 151, 42, 13, 3, 2, 0, 1]
(2, (0, 1, 0)): [5274, 1047, 301, 121, 41, 11, 5, 3, 0, 0, 1]
(2, (0, 1, 1)): [1226, 82, 228, 58, 30, 8, 4, 1]
(2, (1, 0, 0)): [10298, 748, 496, 171, 61, 18, 7, 2]
(2, (1, 0, 1)): [1922, 417, 168, 104, 34, 9, 3, 2, 0, 1]
(2, (1, 1, 0)): [4049, 574, 295, 232, 73, 25, 10, 5, 1, 0, 1]
(2, (1, 1, 1)): [1185, 155, 195, 85, 69, 20, 10, 3, 1]
