(0, (0, 0, 0)): [35390, 6781, 3009, 1361, 589, 239, 115, 27, 23, 7, 3, 0, 1]
(0, (0, 0, 1)): [65, 265, 80, 36, 27, 9, 3]
(0, (0, 1, 0)): [1384, 1227, 477, 228, 115, 46, 15, 5, 6]
(0, (0, 1, 1)): [97, 173, 202, 82, 45, 21, 10, 7, 1, 1]
(0, (1, 0, 0)): [6519, 2025, 1385, 676, 304, 130, 61, 17, 14, 6, 3]
(0, (1, 0, 1)): [141, 399, 165, 117, 74, 20, 13, 5, 5, 1, 1]
(0, (1, 1, 0)): [977, 552, 389, 297, 149, 77, 30, 9, 8, 3]
(0, (1, 1, 1)): [103, 183, 142, 100, 87, 33, 16, 4, 4]
(1, (0, 0, 0)): [27572, 3128, 1214, 499, 191, 58, 37, 8, 5, 1, 0, 0, 1]
(1, (0, 0, 1)): [674, 957, 200, 91, 28, 11, 8, 2]
(1, (0, 1, 0)): [3695, 1494, 550, 244, 88, 34, 19, 4, 3, 1]
(1, (0, 1, 1)): [561, 419, 348, 146, 65, 35, 17, 2, 2, 2]
(1, (1, 0, 0)): [9723, 1663, 1102, 471, 172, 66, 32, 9, 5, 1, 2, 0, 1]
(1, (1, 0, 1)): [781, 888, 251, 200, 77, 35, 9, 3, 3, 0, 0, 1]
(1, (1, 1, 0)): [2876, 777, 513, 397, 148, 65, 25, 8, 6, 2, 2, 0, 1]
(1, (1, 1, 1)): [637, 424, 260, 158, 131, 58, 27, 8, 6, 1]
(2, (0, 0, 0)): [24116, 1171, 365, 127, 47, 6, 7, 1]
(2, (0, 0, 1)): [2295, 534, 116, 42, 15, 3, 1]
(2, (0, 1, 0)): [6026, 1120, 319, 137, 32, 9, 8, 0, 0, 1]
(2, (0, 1, 1)): [1429, 109, 242, 73, 38, 5, 6, 0, 1, 1]
(2, (1, 0, 0)): [11526, 818, 577, 189, 55, 15, 10, 2]
(2, (1, 0, 1)): [2115, 430, 192, 131, 31, 14, 3, 0, 1, 1]
(2, (1, 1, 0)): [4532, 619, 311, 254, 71, 22, 10, 2, 1, 1]
(2, (1, 1, 1)): [1404, 196, 224, 106, 85, 29, 11, 4, 3, 2]
