(0, (0, 0, 0)): [509, 71, 33, 17, 7, 4, 2]
(0, (0, 0, 1)): [1, 6, 5]
(0, (0, 1, 0)): [22, 8, 4, 1, 2]
(0, (0, 1, 1)): [1, 1, 2, 1]
(0, (1, 0, 0)): [100, 30, 13, 10, 2, 2, 1]
(0, (1, 0, 1)): [1, 3, 7, 3, 2, 1]
(0, (1, 1, 0)): [15, 10, 3, 7, 1, 1, 1]
(0, (1, 1, 1)): [2, 2, 0, 3, 1, 2, 1]
(1, (0, 0, 0)): [403, 33, 13, 6, 4, 2, 1]
(1, (0, 0, 1)): [17, 17, 4, 1]
(1, (0, 1, 0)): [65, 26, 4, 4, 1]
(1, (0, 1, 1)): [11, 12, 10, 7, 0, 2]
(1, (1, 0, 0)): [139, 25, 8, 6, 2, 2, 1]
(1, (1, 0, 1)): [3, 6, 3, 3, 2]
(1, (1, 1, 0)): [33, 11, 5, 7, 1, 1]
(1, (1, 1, 1)): [4, 5, 5, 5, 1, 2]
(2, (0, 0, 0)): [347, 8, 5, 2, 2]
(2, (0, 0, 1)): [56, 19, 1, 0, 2]
(2, (0, 1, 0)): [106, 21, 7, 3]
(2, (0, 1, 1)): [33, 5, 7]
(2, (1, 0, 0)): [178, 9, 8, 4, 1]
(2, (1, 0, 1)): [29, 7, 4, 1]
(2, (1, 1, 0)): [45, 11, 7, 3, 1]
(2, (1, 1, 1)): [15, 4, 4, 2, 1]
