(0, (0, 0, 0), (0, 0)): [240980, 49756, 23519, 10807, 4883, 2166, 949, 393, 155, 71, 31, 12, 7, 3, 2]
(0, (0, 0, 0), (0, 1)): [198, 49, 24, 11, 6, 2, 0, 0, 0, 1]
(0, (0, 0, 0), (0, 2)): [95, 20, 11, 4, 1]
(0, (0, 0, 0), (1, 0)): [209, 69, 30, 13, 7, 9, 1, 1, 0, 1]
(0, (0, 0, 0), (2, 0)): [125, 37, 23, 10, 5, 7, 0, 0, 0, 1]
(0, (0, 0, 0), (3, 0)): [96, 25, 19, 9, 5, 7]
(0, (0, 0, 1), (0, 0)): [1170, 3907, 1136, 530, 263, 101, 57, 31, 9, 5, 1, 1, 3]
(0, (0, 1, 0), (0, 0)): [7747, 8259, 3225, 1451, 756, 353, 141, 71, 30, 16, 5, 2]
(0, (0, 1, 1), (0, 0)): [690, 1295, 1733, 821, 419, 210, 83, 40, 17, 7, 3, 1, 0, 1, 1]
(0, (1, 0, 0), (0, 0)): [54063, 19533, 12008, 6058, 2837, 1290, 588, 244, 90, 45, 25, 8, 5, 3, 2]
(0, (1, 0, 1), (0, 0)): [1287, 4005, 1821, 1223, 698, 315, 176, 65, 33, 17, 6, 5, 2, 0, 1]
(0, (1, 1, 0), (0, 0)): [7027, 4793, 3929, 2644, 1429, 701, 317, 153, 51, 27, 19, 3, 1, 1]
(0, (1, 1, 1), (0, 0)): [721, 1332, 1146, 937, 777, 383, 177, 86, 36, 18, 9, 2, 0, 1, 1]
(1, (0, 0, 0), (0, 0)): [190083, 20914, 8705, 3441, 1388, 584, 225, 84, 37, 13, 3, 2]
(1, (0, 0, 0), (1, 0)): [167, 18, 11, 3, 3, 1]
(1, (0, 0, 0), (2, 0)): [91, 12, 6, 0, 2, 1]
(1, (0, 0, 0), (3, 0)): [58, 5, 1, 0, 1, 1]
(1, (0, 0, 0), (3, 1)): [39, 6, 2, 0, 1]
(1, (0, 0, 0), (3, 2)): [37, 7, 5, 2]
(1, (0, 0, 1), (0, 0)): [6487, 10293, 2077, 826, 371, 145, 54, 31, 10, 2, 3, 2, 1]
(1, (0, 1, 0), (0, 0)): [28226, 14264, 4877, 1977, 805, 337, 142, 53, 13, 8, 2, 3, 2]
(1, (0, 1, 1), (0, 0)): [4837, 4281, 4437, 1704, 761, 321, 133, 50, 21, 8, 5, 3, 0, 1]
(1, (0, 1, 1), (1, 0)): [7, 3, 2, 2, 3, 1]
(1, (0, 1, 1), (2, 0)): [6, 3, 1, 1, 2, 1]
(1, (0, 1, 1), (3, 0)): [5, 3, 1, 0, 2, 1]
(1, (1, 0, 0), (0, 0)): [78782, 15174, 9098, 4019, 1581, 689, 252, 91, 47, 20, 5, 6, 1, 2]
(1, (1, 0, 1), (0, 0)): [6406, 8277, 2948, 1794, 760, 346, 132, 52, 16, 15, 5, 2]
(1, (1, 1, 0), (0, 0)): [19952, 6473, 4655, 3168, 1350, 610, 225, 86, 39, 17, 4, 3, 0, 3]
(1, (1, 1, 1), (0, 0)): [3809, 3209, 2047, 1523, 1045, 481, 188, 75, 26, 10, 3, 1, 0, 1]
(2, (0, 0, 0), (0, 0)): [163033, 7085, 2377, 761, 267, 99, 39, 14, 2, 1, 1]
(2, (0, 0, 1), (0, 0)): [20427, 6805, 1265, 390, 134, 61, 19, 5]
(2, (0, 1, 0), (0, 0)): [46347, 10972, 2672, 888, 291, 107, 33, 9, 2, 1]
(2, (0, 1, 1), (0, 0)): [12110, 1080, 2931, 786, 269, 96, 35, 8, 8, 1, 1]
(2, (1, 0, 0), (0, 0)): [96662, 7715, 4130, 1376, 456, 142, 66, 20, 6, 1, 1]
(2, (1, 0, 1), (0, 0)): [17102, 4699, 2055, 1030, 322, 127, 41, 18, 6, 0, 0, 1]
(2, (1, 1, 0), (0, 0)): [31936, 5074, 2810, 1653, 554, 186, 56, 14, 7, 4, 2, 0, 0, 1]
(2, (1, 1, 0), (0, 1)): [37, 4, 2, 3, 1]
(2, (1, 1, 0), (0, 2)): [18, 3, 2, 1]
(2, (1, 1, 1), (0, 0)): [9504, 1469, 1668, 889, 587, 195, 69, 25, 14, 2, 2, 0, 0, 1]
