(0, (0, 0, 0)): [1591428, 321462, 147598, 67071, 29879, 12709, 5258, 2155, 865, 380, 153, 80, 30, 14, 4, 1, 1, 1]
(0, (0, 0, 1)): [6216, 18940, 5178, 2473, 1206, 506, 223, 100, 38, 21, 9, 3, 2, 2]
(0, (0, 1, 0)): [57333, 53658, 21019, 10204, 4837, 2106, 885, 374, 156, 84, 27, 8, 3, 4, 2, 0, 1]
(0, (0, 1, 1)): [4679, 8100, 9604, 4461, 2352, 1129, 477, 216, 107, 42, 10, 8, 2, 2, 2, 0, 1, 1]
(0, (1, 0, 0)): [336623, 112772, 71793, 35435, 16894, 7559, 3165, 1337, 559, 247, 107, 49, 21, 8, 3, 1, 1, 1]
(0, (1, 0, 1)): [8005, 24840, 9997, 7015, 3659, 1693, 796, 317, 159, 61, 33, 14, 5, 2, 2, 0, 0, 1]
(0, (1, 1, 0)): [46716, 29783, 22215, 16003, 8456, 3990, 1695, 791, 325, 148, 67, 28, 10, 4, 0, 0, 1]
(0, (1, 1, 1)): [4432, 8609, 7055, 5191, 4149, 2070, 959, 458, 208, 87, 44, 15, 5, 3, 1, 0, 1]
(1, (0, 0, 0)): [1296013, 142531, 58301, 23095, 8933, 3340, 1316, 478, 173, 72, 27, 19, 7, 3, 0, 1]
(1, (0, 0, 1)): [35027, 50353, 9983, 4247, 1755, 735, 261, 104, 50, 18, 12, 6, 3, 2]
(1, (0, 1, 0)): [174814, 76929, 27975, 12049, 4874, 1904, 660, 309, 92, 45, 25, 9, 9, 2, 1]
(1, (0, 1, 1)): [27534, 22817, 20007, 8018, 4201, 1639, 656, 262, 121, 37, 10, 6, 2, 2, 0, 1]
(1, (1, 0, 0)): [488218, 86825, 56010, 23735, 9591, 3758, 1516, 532, 220, 96, 33, 26, 5, 3, 0, 2]
(1, (1, 0, 1)): [39618, 45962, 14641, 9850, 4217, 1729, 683, 265, 86, 58, 15, 7, 0, 1]
(1, (1, 1, 0)): [135390, 41634, 27633, 19815, 8290, 3420, 1343, 535, 214, 85, 31, 19, 9, 5, 1]
(1, (1, 1, 1)): [27544, 22068, 14000, 9004, 6709, 2842, 1156, 418, 183, 69, 23, 17, 9, 4, 1, 1]
(2, (0, 0, 0)): [1127417, 51801, 17351, 5535, 1852, 589, 203, 66, 11, 7, 4, 0, 1]
(2, (0, 0, 1)): [104268, 31239, 6457, 2167, 769, 269, 75, 25, 5, 2, 0, 1]
(2, (0, 1, 0)): [276607, 58132, 15921, 5618, 1861, 622, 184, 57, 15, 10, 6, 0, 1]
(2, (0, 1, 1)): [63115, 5389, 13578, 3739, 1484, 483, 171, 50, 21, 5, 4, 1, 0, 1]
(2, (1, 0, 0)): [591533, 42938, 28254, 8982, 2928, 928, 371, 101, 20, 13, 5, 1, 1]
(2, (1, 0, 1)): [102966, 24493, 9651, 5915, 1918, 647, 219, 70, 25, 8, 0, 3, 1]
(2, (1, 1, 0)): [232986, 35686, 17763, 12255, 4003, 1270, 430, 142, 47, 22, 7, 2, 2, 1]
(2, (1, 1, 1)): [67413, 9779, 11343, 5599, 4119, 1296, 433, 140, 49, 8, 8, 3, 1, 1]
