(0, (0, 0, 0), (0, 0)): [849121, 170498, 79946, 36572, 16474, 7211, 2960, 1244, 509, 236, 98, 49, 25, 7, 3, 1, 0, 1]
(0, (0, 0, 0), (0, 1)): [18429, 3338, 1593, 699, 315, 132, 46, 27, 6, 5, 1, 0, 2, 1, 0, 1]
(0, (0, 0, 0), (0, 2)): [6751, 1064, 493, 227, 102, 29, 17, 12, 2, 1, 0, 0, 1]
(0, (0, 0, 0), (1, 0)): [16900, 3593, 1829, 805, 409, 174, 81, 29, 11, 5, 2]
(0, (0, 0, 0), (1, 1)): [15557, 2966, 1482, 667, 314, 129, 44, 23, 6, 3, 2, 0, 1, 1, 0, 1]
(0, (0, 0, 0), (1, 2)): [10056, 1691, 787, 345, 178, 67, 21, 12, 5, 2, 0, 0, 2]
(0, (0, 0, 0), (2, 0)): [5575, 1322, 712, 347, 167, 83, 39, 13, 4, 2, 1]
(0, (0, 0, 0), (2, 1)): [8318, 1732, 930, 441, 204, 88, 36, 20, 3, 1, 1, 0, 0, 1]
(0, (0, 0, 0), (2, 2)): [7991, 1462, 725, 333, 165, 73, 20, 12, 3, 3, 1, 0, 2]
(0, (0, 0, 0), (3, 0)): [1816, 455, 298, 159, 71, 43, 19, 5, 3, 0, 1]
(0, (0, 0, 0), (3, 1)): [3311, 807, 517, 262, 106, 53, 22, 12, 4]
(0, (0, 0, 0), (3, 2)): [4540, 952, 603, 277, 129, 54, 15, 9, 5, 2, 0, 0, 2]
(0, (0, 0, 1), (0, 0)): [3620, 11115, 3047, 1452, 727, 325, 139, 72, 29, 18, 4, 1, 3, 1]
(0, (0, 0, 1), (1, 0)): [69, 176, 46, 28, 18, 9, 1, 2, 1]
(0, (0, 0, 1), (2, 0)): [30, 82, 20, 15, 5, 6, 1, 1, 1]
(0, (0, 0, 1), (2, 1)): [36, 79, 26, 15, 11, 5]
(0, (0, 0, 1), (3, 1)): [14, 34, 11, 7, 7, 4, 0, 1]
(0, (0, 0, 1), (3, 2)): [21, 41, 11, 5, 8, 4, 0, 1]
(0, (0, 1, 0), (0, 0)): [27782, 26648, 10486, 4951, 2464, 1088, 435, 195, 84, 50, 15, 5, 3, 1, 1]
(0, (0, 1, 0), (0, 1)): [574, 470, 175, 87, 31, 21, 7, 5, 1]
(0, (0, 1, 0), (0, 2)): [219, 141, 60, 25, 5, 9, 2, 0, 1]
(0, (0, 1, 0), (1, 0)): [544, 464, 200, 107, 52, 27, 9, 2, 1]
(0, (0, 1, 0), (1, 1)): [471, 390, 161, 80, 32, 15, 7, 5]
(0, (0, 1, 0), (1, 2)): [310, 237, 91, 48, 18, 10, 3, 2, 1]
(0, (0, 1, 0), (2, 0)): [187, 163, 66, 42, 21, 17, 3, 0, 1]
(0, (0, 1, 0), (2, 2)): [241, 175, 79, 43, 13, 7, 5, 1, 1]
(0, (0, 1, 0), (3, 0)): [71, 59, 31, 24, 14, 5, 1, 0, 1]
(0, (0, 1, 0), (3, 1)): [93, 83, 45, 26, 15, 9, 2, 1]
(0, (0, 1, 1), (0, 0)): [2486, 4237, 5295, 2429, 1323, 605, 264, 126, 56, 26, 8, 6, 1, 2, 1, 0, 0, 1]
(0, (0, 1, 1), (1, 0)): [54, 97, 118, 61, 41, 16, 8, 5, 4, 0, 0, 1]
(0, (0, 1, 1), (2, 0)): [33, 56, 60, 33, 23, 11, 4, 4, 3, 0, 0, 1]
(0, (1, 0, 0), (0, 0)): [185394, 61888, 39660, 19609, 9426, 4313, 1819, 791, 334, 150, 67, 32, 15, 4, 2, 1, 0, 1]
(0, (1, 0, 0), (0, 1)): [3872, 1033, 759, 353, 193, 83, 31, 14, 6]
(0, (1, 0, 0), (0, 2)): [1478, 304, 246, 98, 54, 20, 13, 2, 5]
(0, (1, 0, 0), (1, 0)): [3334, 1085, 809, 381, 193, 76, 42, 18, 7, 6, 2]
(0, (1, 0, 0), (1, 1)): [2856, 843, 637, 290, 153, 56, 23, 14, 5, 4]
(0, (1, 0, 0), (1, 2)): [1828, 448, 354, 143, 77, 26, 16, 7, 3, 2]
(0, (1, 0, 0), (2, 0)): [1047, 369, 259, 147, 77, 31, 13, 9, 3, 2, 2]
(0, (1, 0, 0), (2, 1)): [1388, 431, 323, 172, 89, 37, 14, 6, 4, 3]
(0, (1, 0, 0), (2, 2)): [1281, 345, 267, 122, 67, 22, 14, 7, 3, 3]
(0, (1, 0, 0), (3, 0)): [303, 131, 100, 65, 39, 10, 3, 5, 0, 1, 1]
(0, (1, 0, 0), (3, 1)): [525, 187, 141, 86, 56, 16, 4, 2, 3, 1, 1]
(0, (1, 0, 0), (3, 2)): [655, 211, 158, 82, 60, 17, 6, 5, 2, 3]
(0, (1, 0, 1), (0, 0)): [4235, 13435, 5492, 3765, 2036, 940, 460, 191, 86, 39, 17, 12, 5, 1, 1, 0, 0, 1]
(0, (1, 0, 1), (0, 1)): [82, 227, 92, 63, 30, 13, 11, 2, 1, 0, 0, 0, 1]
(0, (1, 1, 0), (0, 0)): [25246, 16258, 12641, 8892, 4811, 2285, 992, 490, 195, 83, 41, 18, 6, 1]
(0, (1, 1, 0), (0, 1)): [557, 304, 212, 158, 86, 38, 12, 10, 2, 0, 1]
(0, (1, 1, 0), (0, 2)): [217, 107, 70, 50, 33, 12, 6, 6]
(0, (1, 1, 0), (1, 0)): [436, 271, 223, 161, 83, 48, 18, 11, 1, 3]
(0, (1, 1, 0), (1, 1)): [373, 208, 164, 117, 53, 31, 12, 8, 2, 1, 1]
(0, (1, 1, 0), (1, 2)): [257, 116, 90, 65, 35, 14, 4, 9, 1, 1]
(0, (1, 1, 0), (2, 0)): [121, 88, 70, 61, 33, 20, 5, 5, 1, 1]
(0, (1, 1, 0), (2, 1)): [177, 112, 76, 67, 33, 19, 9, 5, 1, 1]
(0, (1, 1, 0), (2, 2)): [175, 97, 69, 49, 23, 14, 3, 7, 1, 2]
(0, (1, 1, 0), (3, 2)): [99, 53, 43, 36, 15, 10, 2, 4, 1]
(0, (1, 1, 1), (0, 0)): [2577, 4712, 3940, 3052, 2433, 1193, 571, 296, 123, 53, 30, 12, 2, 1, 1]
(0, (1, 1, 1), (1, 0)): [48, 98, 98, 67, 63, 30, 9, 10, 2, 0, 1]
(0, (1, 1, 1), (1, 1)): [52, 73, 80, 54, 31, 20, 9, 7, 1, 1, 1]
(0, (1, 1, 1), (1, 2)): [45, 49, 39, 20, 15, 10, 3, 2, 4, 0, 0, 1]
(1, (0, 0, 0), (0, 0)): [681336, 74450, 30879, 12351, 4892, 1883, 715, 273, 109, 43, 20, 11, 6, 2, 0, 1]
(1, (0, 0, 0), (0, 1)): [14904, 1497, 640, 243, 94, 23, 11, 8, 1, 0, 0, 0, 0, 1]
(1, (0, 0, 0), (0, 2)): [5485, 439, 183, 68, 26, 6, 1, 2]
(1, (0, 0, 0), (1, 0)): [14197, 1751, 769, 276, 129, 49, 19, 7, 0, 1, 0, 0, 0, 0, 0, 1]
(1, (0, 0, 0), (1, 1)): [12831, 1405, 582, 210, 95, 37, 16, 5, 1, 1, 0, 0, 0, 1]
(1, (0, 0, 0), (1, 2)): [8117, 707, 283, 121, 55, 23, 7, 2]
(1, (0, 0, 0), (2, 0)): [4878, 667, 344, 115, 52, 20, 7, 4, 0, 0, 0, 0, 0, 0, 0, 1]
(1, (0, 0, 0), (2, 1)): [7090, 871, 381, 138, 61, 20, 9, 5, 0, 1]
(1, (0, 0, 0), (2, 2)): [6737, 652, 293, 114, 49, 28, 10, 3]
(1, (0, 0, 0), (3, 0)): [1554, 234, 162, 50, 26, 8, 4, 0, 0, 0, 0, 0, 0, 0, 0, 1]
(1, (0, 0, 0), (3, 1)): [2943, 456, 243, 83, 46, 7, 2, 3]
(1, (0, 0, 0), (3, 2)): [3827, 470, 251, 85, 45, 18, 9, 3]
(1, (0, 0, 1), (0, 0)): [18988, 28059, 5565, 2335, 991, 423, 160, 67, 31, 11, 6, 4, 4, 1]
(1, (0, 0, 1), (0, 1)): [370, 399, 86, 27, 15, 7, 5]
(1, (0, 0, 1), (0, 2)): [156, 129, 26, 6, 2, 1, 3]
(1, (0, 0, 1), (1, 0)): [371, 527, 103, 53, 26, 12, 5, 2, 1]
(1, (0, 0, 1), (1, 1)): [325, 381, 72, 31, 19, 6, 2, 2]
(1, (0, 0, 1), (1, 2)): [243, 207, 31, 14, 11, 2, 2]
(1, (0, 0, 1), (2, 0)): [160, 213, 43, 26, 12, 7, 5, 0, 1]
(1, (0, 0, 1), (2, 2)): [164, 172, 30, 13, 6, 2, 1]
(1, (0, 0, 1), (3, 0)): [68, 87, 24, 17, 8, 3, 2, 0, 1]
(1, (0, 0, 1), (3, 1)): [85, 112, 14, 12, 5, 3, 3, 2]
(1, (0, 0, 1), (3, 2)): [100, 105, 21, 11, 5, 2, 3]
(1, (0, 1, 0), (0, 0)): [91402, 42426, 15143, 6417, 2608, 1046, 353, 173, 45, 28, 15, 7, 6, 1, 1]
(1, (0, 1, 0), (0, 1)): [1665, 656, 249, 103, 31, 13, 7, 3, 1]
(1, (0, 1, 0), (0, 2)): [643, 231, 73, 21, 9, 6, 3]
(1, (0, 1, 0), (1, 0)): [1979, 891, 315, 189, 86, 26, 11, 4, 0, 0, 1, 0, 0, 1]
(1, (0, 1, 0), (1, 1)): [1474, 565, 229, 108, 39, 13, 7, 4, 1, 0, 0, 0, 0, 1]
(1, (0, 1, 0), (1, 2)): [951, 335, 127, 42, 16, 6, 5, 2]
(1, (0, 1, 0), (2, 0)): [850, 386, 141, 100, 44, 15, 7, 3, 0, 0, 1]
(1, (0, 1, 0), (2, 1)): [792, 331, 120, 72, 30, 11, 6, 3, 0, 0, 1, 0, 0, 1]
(1, (0, 1, 0), (2, 2)): [743, 299, 111, 41, 22, 5, 3, 1]
(1, (0, 1, 0), (3, 0)): [449, 189, 59, 72, 32, 8, 4, 2]
(1, (0, 1, 0), (3, 1)): [386, 150, 55, 43, 21, 7, 3, 1, 0, 0, 0, 0, 0, 1]
(1, (0, 1, 0), (3, 2)): [424, 161, 73, 41, 23, 1, 4, 1, 0, 0, 0, 0, 0, 1]
(1, (0, 1, 1), (0, 0)): [15448, 12723, 12057, 4767, 2438, 968, 384, 158, 77, 19, 8, 5, 1, 2, 0, 1]
(1, (0, 1, 1), (0, 1)): [238, 168, 150, 51, 24, 14, 5, 2]
(1, (0, 1, 1), (0, 2)): [118, 52, 49, 16, 7, 3, 1]
(1, (0, 1, 1), (1, 0)): [429, 318, 233, 115, 81, 28, 12, 8, 3, 1]
(1, (0, 1, 1), (1, 1)): [201, 146, 138, 50, 24, 6, 5, 2]
(1, (0, 1, 1), (1, 2)): [152, 78, 77, 33, 9, 4, 1]
(1, (0, 1, 1), (2, 0)): [283, 209, 131, 76, 63, 26, 10, 7, 3, 1]
(1, (0, 1, 1), (2, 1)): [119, 99, 71, 30, 13, 8, 6, 1]
(1, (0, 1, 1), (2, 2)): [116, 78, 69, 28, 15, 2, 1, 1]
(1, (0, 1, 1), (3, 0)): [232, 162, 106, 58, 56, 22, 7, 7, 3, 1]
(1, (0, 1, 1), (3, 2)): [71, 55, 38, 13, 9, 3, 1]
(1, (1, 0, 0), (0, 0)): [268835, 48358, 30779, 13295, 5426, 2192, 848, 307, 141, 61, 22, 16, 4, 2, 0, 2]
(1, (1, 0, 0), (0, 1)): [5610, 776, 589, 240, 98, 33, 15, 3, 1, 2]
(1, (1, 0, 0), (0, 2)): [2015, 248, 207, 67, 28, 10, 6, 1, 0, 2]
(1, (1, 0, 0), (1, 0)): [5248, 929, 667, 312, 132, 47, 23, 9, 1, 2, 0, 0, 1, 0, 0, 1]
(1, (1, 0, 0), (1, 1)): [4476, 652, 497, 200, 83, 31, 12, 6, 1, 0, 0, 0, 0, 0, 0, 1]
(1, (1, 0, 0), (1, 2)): [2787, 339, 284, 91, 46, 16, 5, 4, 0, 1]
(1, (1, 0, 0), (2, 0)): [1697, 333, 253, 146, 56, 23, 10, 0, 1, 2, 0, 0, 1]
(1, (1, 0, 0), (2, 1)): [2265, 386, 309, 140, 55, 18, 9, 2, 2, 0, 0, 0, 0, 0, 0, 1]
(1, (1, 0, 0), (2, 2)): [2065, 286, 252, 97, 41, 12, 5, 3, 1, 1]
(1, (1, 0, 0), (3, 0)): [514, 113, 80, 62, 25, 10, 4, 0, 0, 2, 0, 0, 1]
(1, (1, 0, 0), (3, 1)): [863, 203, 140, 84, 30, 12, 6, 1, 0, 1, 0, 0, 0, 0, 0, 1]
(1, (1, 0, 0), (3, 2)): [1077, 208, 146, 77, 28, 13, 5, 1, 1, 1, 0, 0, 0, 0, 0, 1]
(1, (1, 0, 1), (0, 0)): [21004, 25849, 8414, 5508, 2400, 1006, 376, 152, 55, 42, 12, 3, 0, 1]
(1, (1, 0, 1), (0, 1)): [438, 393, 119, 95, 46, 16, 9, 1, 3, 2]
(1, (1, 0, 1), (0, 2)): [197, 118, 42, 30, 8, 6, 4, 0, 0, 1]
(1, (1, 0, 1), (1, 0)): [422, 490, 147, 108, 58, 16, 4, 1, 0, 2]
(1, (1, 0, 1), (1, 1)): [334, 326, 97, 81, 44, 6, 6, 1, 2]
(1, (1, 0, 1), (1, 2)): [260, 168, 57, 47, 18, 5, 5, 1, 0, 1]
(1, (1, 0, 1), (2, 0)): [165, 170, 51, 31, 23, 9, 1, 0, 0, 1]
(1, (1, 0, 1), (2, 1)): [155, 171, 52, 43, 26, 6, 4, 0, 2]
(1, (1, 0, 1), (2, 2)): [165, 131, 49, 26, 17, 3, 5, 0, 1]
(1, (1, 0, 1), (3, 0)): [64, 71, 17, 12, 10, 5, 0, 0, 0, 1]
(1, (1, 0, 1), (3, 1)): [68, 80, 17, 22, 18, 6]
(1, (1, 0, 1), (3, 2)): [84, 75, 29, 20, 18, 6, 3, 0, 1]
(1, (1, 1, 0), (0, 0)): [72677, 22824, 15781, 10978, 4732, 2026, 782, 312, 129, 55, 19, 11, 6, 4, 1]
(1, (1, 1, 0), (0, 1)): [1532, 403, 258, 200, 83, 32, 18, 5, 1]
(1, (1, 1, 0), (0, 2)): [608, 161, 84, 69, 24, 8, 4]
(1, (1, 1, 0), (1, 0)): [1388, 470, 332, 256, 112, 40, 17, 7, 1, 2, 0, 0, 2, 1]
(1, (1, 1, 0), (1, 1)): [1166, 324, 234, 169, 77, 30, 17, 6, 0, 2]
(1, (1, 1, 0), (1, 2)): [841, 203, 131, 101, 40, 14, 8, 1]
(1, (1, 1, 0), (2, 0)): [475, 165, 115, 101, 42, 15, 3, 2, 1, 0, 0, 0, 2, 1]
(1, (1, 1, 0), (2, 1)): [575, 196, 138, 103, 39, 18, 8, 3, 0, 1, 0, 0, 1]
(1, (1, 1, 0), (2, 2)): [603, 155, 91, 74, 38, 12, 4, 1]
(1, (1, 1, 0), (3, 0)): [132, 61, 37, 32, 25, 10, 1, 2, 1, 0, 0, 0, 1]
(1, (1, 1, 0), (3, 1)): [243, 95, 69, 54, 27, 10, 7, 3, 0, 1, 0, 0, 1]
(1, (1, 1, 0), (3, 2)): [326, 95, 69, 45, 30, 13, 7, 4, 0, 1, 0, 0, 1]
(1, (1, 1, 1), (0, 0)): [15083, 11989, 7722, 5212, 3794, 1618, 665, 249, 106, 40, 15, 12, 6, 2, 1, 1]
(1, (1, 1, 1), (0, 1)): [376, 234, 154, 98, 81, 29, 14, 5, 3]
(1, (1, 1, 1), (0, 2)): [192, 82, 55, 31, 30, 8, 7]
(1, (1, 1, 1), (1, 0)): [321, 238, 164, 109, 87, 38, 17, 6, 2, 2, 0, 1, 1]
(1, (1, 1, 1), (1, 1)): [268, 167, 124, 88, 73, 29, 7, 5, 1]
(1, (1, 1, 1), (1, 2)): [215, 85, 78, 50, 36, 22, 8, 1]
(1, (1, 1, 1), (2, 0)): [96, 98, 67, 43, 27, 18, 10, 3, 1, 1, 0, 1, 1]
(1, (1, 1, 1), (2, 1)): [135, 116, 74, 53, 44, 13, 8, 4, 1, 1, 0, 1]
(1, (1, 1, 1), (2, 2)): [144, 80, 63, 58, 36, 15, 7, 2]
(1, (1, 1, 1), (3, 2)): [74, 51, 34, 37, 22, 13, 3, 2]
(2, (0, 0, 0), (0, 0)): [588223, 26447, 9040, 2880, 1000, 328, 120, 38, 9, 3, 4, 0, 1]
(2, (0, 0, 0), (0, 1)): [12926, 536, 195, 46, 29, 6, 5, 1]
(2, (0, 0, 0), (0, 2)): [4595, 141, 41, 14, 6, 1, 1, 1]
(2, (0, 0, 0), (1, 0)): [12886, 733, 246, 72, 33, 10, 3, 0, 0, 0, 0, 0, 1]
(2, (0, 0, 0), (1, 1)): [11440, 565, 206, 40, 29, 5, 6]
(2, (0, 0, 0), (1, 2)): [7113, 253, 92, 21, 12, 3, 3]
(2, (0, 0, 0), (2, 0)): [4625, 269, 113, 44, 16, 6, 1, 0, 0, 0, 0, 0, 1]
(2, (0, 0, 0), (2, 1)): [6588, 338, 125, 41, 10, 4, 3]
(2, (0, 0, 0), (2, 2)): [5940, 263, 97, 27, 11, 4, 1]
(2, (0, 0, 0), (3, 0)): [1568, 108, 65, 23, 12, 3, 1, 0, 0, 0, 0, 0, 1]
(2, (0, 0, 0), (3, 1)): [2973, 163, 83, 29, 11, 5, 2]
(2, (0, 0, 0), (3, 2)): [3751, 199, 96, 25, 7, 4]
(2, (0, 0, 1), (0, 0)): [55896, 17900, 3415, 1173, 419, 157, 45, 13, 2, 2, 0, 1]
(2, (0, 0, 1), (0, 1)): [1031, 296, 64, 22, 9, 3, 1]
(2, (0, 0, 1), (0, 2)): [400, 78, 24, 4, 1, 1]
(2, (0, 0, 1), (1, 0)): [1198, 358, 79, 30, 9, 3, 0, 1]
(2, (0, 0, 1), (1, 1)): [978, 242, 54, 19, 8, 1, 1]
(2, (0, 0, 1), (1, 2)): [643, 123, 27, 9, 2, 1, 1]
(2, (0, 0, 1), (2, 0)): [494, 152, 37, 20, 6, 3, 0, 1]
(2, (0, 0, 1), (2, 1)): [563, 133, 42, 15, 9, 1, 0, 1]
(2, (0, 0, 1), (2, 2)): [524, 101, 34, 6, 3, 2, 1]
(2, (0, 0, 1), (3, 0)): [250, 65, 20, 13, 2, 2]
(2, (0, 0, 1), (3, 1)): [280, 68, 19, 13, 6]
(2, (0, 0, 1), (3, 2)): [323, 68, 24, 8, 2, 1]
(2, (0, 1, 0), (0, 0)): [147083, 32652, 8497, 3016, 972, 334, 100, 25, 6, 2, 2, 0, 1]
(2, (0, 1, 0), (0, 1)): [2664, 480, 129, 48, 14, 1, 1]
(2, (0, 1, 0), (0, 2)): [1002, 134, 33, 11, 4]
(2, (0, 1, 0), (1, 0)): [3505, 604, 257, 100, 25, 15, 5, 1, 0, 0, 0, 0, 1]
(2, (0, 1, 0), (1, 1)): [2474, 431, 153, 49, 13, 4, 3, 1]
(2, (0, 1, 0), (1, 2)): [1532, 217, 59, 31, 4]
(2, (0, 1, 0), (2, 0)): [1644, 260, 128, 69, 18, 10, 3, 0, 0, 0, 0, 0, 1]
(2, (0, 1, 0), (2, 1)): [1509, 279, 95, 34, 10, 7, 3, 1, 0, 0, 0, 0, 1]
(2, (0, 1, 0), (2, 2)): [1365, 202, 60, 34, 5, 3, 0, 1]
(2, (0, 1, 0), (3, 0)): [915, 119, 74, 48, 13, 4, 2]
(2, (0, 1, 0), (3, 1)): [705, 128, 60, 22, 11, 4, 3, 0, 0, 0, 0, 0, 1]
(2, (0, 1, 0), (3, 2)): [877, 141, 56, 28, 6, 4, 1, 0, 0, 0, 0, 0, 1]
(2, (0, 1, 1), (0, 0)): [34872, 3077, 8011, 2129, 843, 274, 103, 37, 11, 4, 3, 1, 0, 1]
(2, (0, 1, 1), (1, 0)): [807, 86, 168, 58, 25, 6, 4, 0, 0, 0, 1]
(2, (0, 1, 1), (1, 1)): [529, 41, 98, 25, 6, 3, 1, 2]
(2, (0, 1, 1), (2, 0)): [414, 51, 84, 36, 19, 5, 1, 0, 0, 0, 1]
(2, (0, 1, 1), (2, 1)): [286, 28, 72, 17, 5, 4]
(2, (0, 1, 1), (2, 2)): [292, 27, 53, 14, 2, 4, 1, 1]
(2, (0, 1, 1), (3, 0)): [292, 38, 47, 22, 17, 4, 1, 0, 0, 0, 1]
(2, (0, 1, 1), (3, 2)): [200, 23, 43, 10, 4, 4, 0, 1]
(2, (1, 0, 0), (0, 0)): [328363, 24231, 15295, 4848, 1608, 498, 210, 59, 16, 8, 5, 0, 1]
(2, (1, 0, 0), (0, 1)): [6402, 340, 279, 70, 32, 7, 6, 1]
(2, (1, 0, 0), (0, 2)): [2298, 94, 74, 15, 11, 1, 1]
(2, (1, 0, 0), (1, 0)): [6559, 532, 390, 147, 42, 11, 6, 1, 0, 0, 0, 0, 1]
(2, (1, 0, 0), (1, 1)): [5262, 327, 267, 83, 25, 3, 4]
(2, (1, 0, 0), (1, 2)): [3273, 157, 114, 43, 12, 2]
(2, (1, 0, 0), (2, 0)): [2211, 208, 138, 72, 18, 5, 3, 0, 0, 0, 0, 0, 1]
(2, (1, 0, 0), (2, 1)): [2683, 173, 147, 52, 21, 6, 2, 0, 0, 0, 0, 0, 1]
(2, (1, 0, 0), (2, 2)): [2480, 145, 112, 38, 14, 5, 1]
(2, (1, 0, 0), (3, 0)): [717, 96, 41, 42, 5, 1, 2]
(2, (1, 0, 0), (3, 1)): [1142, 119, 71, 41, 9, 3, 2, 0, 0, 0, 0, 0, 1]
(2, (1, 0, 0), (3, 2)): [1374, 117, 75, 34, 9, 7, 1, 0, 0, 0, 0, 0, 1]
(2, (1, 0, 1), (0, 0)): [53796, 13695, 5561, 3216, 1037, 351, 130, 42, 17, 4, 0, 2, 1]
(2, (1, 0, 1), (0, 1)): [1085, 227, 96, 61, 21, 2, 2, 1, 0, 0, 0, 1]
(2, (1, 0, 1), (0, 2)): [425, 66, 28, 14, 9]
(2, (1, 0, 1), (1, 0)): [1003, 230, 111, 75, 29, 10, 3]
(2, (1, 0, 1), (1, 1)): [828, 178, 69, 57, 17, 4, 4, 1, 0, 0, 0, 1]
(2, (1, 0, 1), (1, 2)): [553, 82, 32, 22, 10, 2, 1, 1, 0, 0, 0, 1]
(2, (1, 0, 1), (2, 0)): [354, 79, 58, 27, 10, 4, 1]
(2, (1, 0, 1), (2, 1)): [452, 107, 36, 32, 14, 3]
(2, (1, 0, 1), (2, 2)): [394, 64, 24, 18, 10, 3, 1, 1, 0, 0, 0, 1]
(2, (1, 0, 1), (3, 1)): [209, 41, 26, 17, 6, 1, 1]
(2, (1, 0, 1), (3, 2)): [236, 46, 26, 10, 8, 3, 1, 1]
(2, (1, 1, 0), (0, 0)): [125991, 19808, 10140, 6594, 2126, 715, 222, 78, 28, 12, 6, 1, 2, 1]
(2, (1, 1, 0), (0, 1)): [2627, 358, 166, 112, 34, 7, 4, 2, 0, 0, 0, 0, 1]
(2, (1, 1, 0), (0, 2)): [1039, 112, 47, 26, 8, 1, 1]
(2, (1, 1, 0), (1, 0)): [2521, 379, 215, 176, 52, 19, 6, 2, 1, 1]
(2, (1, 1, 0), (1, 1)): [2098, 287, 143, 114, 28, 7, 2, 2, 1, 1, 0, 0, 1]
(2, (1, 1, 0), (1, 2)): [1439, 166, 77, 47, 12, 3, 2, 1]
(2, (1, 1, 0), (2, 0)): [887, 146, 96, 75, 27, 12, 3, 1]
(2, (1, 1, 0), (2, 1)): [1135, 144, 96, 75, 22, 11, 2, 1, 1, 1, 0, 0, 1]
(2, (1, 1, 0), (2, 2)): [1074, 134, 65, 61, 13, 4, 3, 1, 1]
(2, (1, 1, 0), (3, 0)): [315, 56, 41, 30, 13, 5, 1]
(2, (1, 1, 0), (3, 1)): [485, 74, 59, 40, 11, 8, 2, 1, 0, 0, 0, 0, 1]
(2, (1, 1, 0), (3, 2)): [601, 79, 53, 42, 13, 3, 2, 1, 1]
(2, (1, 1, 1), (0, 0)): [36695, 5471, 6180, 3155, 2218, 731, 239, 87, 34, 6, 5, 0, 1, 1]
(2, (1, 1, 1), (0, 1)): [889, 81, 126, 61, 42, 7, 5, 2, 1, 0, 0, 0, 1]
(2, (1, 1, 1), (0, 2)): [404, 21, 29, 16, 12, 2, 1, 0, 1]
(2, (1, 1, 1), (1, 0)): [698, 200, 128, 84, 52, 22, 6, 1, 1, 0, 1]
(2, (1, 1, 1), (1, 1)): [665, 95, 113, 58, 37, 5, 3, 0, 0, 0, 1, 0, 1]
(2, (1, 1, 1), (1, 2)): [501, 42, 46, 25, 15, 4, 2, 0, 0, 0, 1]
(2, (1, 1, 1), (2, 0)): [189, 135, 35, 37, 26, 15, 4, 1]
(2, (1, 1, 1), (2, 1)): [291, 89, 63, 31, 31, 7, 4, 0, 0, 0, 0, 0, 1]
(2, (1, 1, 1), (2, 2)): [334, 54, 45, 29, 17, 5, 2, 0, 0, 0, 1]
(2, (1, 1, 1), (3, 2)): [153, 78, 29, 31, 17, 7, 4, 0, 0, 0, 1]
