(0, (0, 0, 0), (0, 0)): [158703, 32377, 14855, 6783, 3091, 1355, 584, 237, 82, 44, 16, 5, 4, 3, 2]
(0, (0, 0, 0), (0, 1)): [150, 35, 19, 8, 6, 1, 0, 0, 0, 1]
(0, (0, 0, 0), (0, 2)): [71, 14, 9, 2, 1]
(0, (0, 0, 0), (1, 0)): [171, 55, 25, 12, 6, 5, 1, 1, 0, 1]
(0, (0, 0, 0), (1, 1)): [102, 32, 9, 4, 5, 0, 0, 1]
(0, (0, 0, 1), (0, 0)): [762, 2570, 743, 350, 175, 61, 39, 23, 3, 2, 0, 0, 1]
(0, (0, 1, 0), (0, 0)): [4961, 5236, 1984, 912, 458, 225, 84, 38, 20, 10, 2]
(0, (0, 1, 1), (0, 0)): [422, 862, 1091, 494, 272, 125, 57, 23, 8, 4, 1, 1, 0, 1, 1]
(0, (1, 0, 0), (0, 0)): [35799, 12947, 7711, 3841, 1816, 827, 375, 144, 51, 26, 13, 4, 4, 3, 2]
(0, (1, 0, 0), (0, 1)): [28, 7, 13, 2, 1, 1, 1, 1]
(0, (1, 0, 0), (0, 2)): [11, 3, 8, 0, 1, 1, 0, 1]
(0, (1, 0, 1), (0, 0)): [841, 2545, 1163, 825, 437, 211, 102, 38, 19, 10, 3, 3, 1, 0, 1]
(0, (1, 1, 0), (0, 0)): [4564, 3091, 2536, 1700, 927, 440, 210, 88, 30, 18, 13, 1, 1, 1]
(0, (1, 1, 1), (0, 0)): [499, 865, 743, 645, 508, 259, 114, 52, 22, 13, 7, 1, 0, 1, 1]
(1, (0, 0, 0), (0, 0)): [124830, 13502, 5432, 2157, 873, 355, 130, 54, 12, 9, 2, 1]
(1, (0, 0, 0), (0, 1)): [113, 17, 8, 1]
(1, (0, 0, 0), (0, 2)): [74, 7, 5]
(1, (0, 0, 0), (1, 2)): [47, 7, 1, 1]
(1, (0, 0, 1), (0, 0)): [4319, 6805, 1346, 540, 235, 94, 33, 18, 7, 0, 0, 2]
(1, (0, 1, 0), (0, 0)): [18869, 9471, 3151, 1274, 507, 212, 86, 33, 6, 4, 0, 2, 2]
(1, (0, 1, 1), (0, 0)): [3173, 2784, 2919, 1111, 497, 197, 79, 26, 12, 2, 3, 1, 0, 1]
(1, (1, 0, 0), (0, 0)): [51866, 9928, 5773, 2521, 978, 430, 144, 62, 18, 10, 5, 3, 1, 2]
(1, (1, 0, 0), (0, 1)): [65, 15, 13, 3, 1, 2]
(1, (1, 0, 0), (0, 2)): [31, 6, 7, 2]
(1, (1, 0, 1), (0, 0)): [4209, 5312, 1900, 1122, 479, 219, 74, 35, 9, 9, 4, 1]
(1, (1, 0, 1), (1, 0)): [4, 5, 1, 5, 1, 1]
(1, (1, 0, 1), (2, 0)): [1, 2, 0, 2, 1, 1]
(1, (1, 0, 1), (2, 1)): [0, 4, 0, 1]
(1, (1, 0, 1), (3, 1)): [0, 0, 0, 1, 1]
(1, (1, 0, 1), (3, 2)): [0, 2, 1, 2, 1]
(1, (1, 1, 0), (0, 0)): [12990, 4223, 2944, 1981, 836, 379, 130, 56, 20, 10, 3, 3, 0, 3]
(1, (1, 1, 1), (0, 0)): [2468, 2058, 1330, 982, 652, 294, 108, 47, 13, 5, 3, 0, 0, 1]
(2, (0, 0, 0), (0, 0)): [106637, 4495, 1448, 469, 167, 60, 20, 8, 1, 1]
(2, (0, 0, 1), (0, 0)): [13870, 4631, 819, 256, 86, 40, 14, 1]
(2, (0, 1, 0), (0, 0)): [30598, 7073, 1729, 560, 189, 72, 21, 6, 1, 1]
(2, (0, 1, 1), (0, 0)): [8243, 708, 1947, 525, 174, 56, 19, 6, 3, 1, 1]
(2, (1, 0, 0), (0, 0)): [63102, 5024, 2522, 837, 282, 89, 35, 12, 3]
(2, (1, 0, 0), (0, 1)): [46, 0, 2, 1]
(2, (1, 0, 0), (0, 2)): [21, 0, 1]
(2, (1, 0, 0), (1, 0)): [51, 6, 4, 3]
(2, (1, 0, 0), (2, 0)): [25, 2, 1, 2]
(2, (1, 0, 1), (0, 0)): [11164, 3105, 1338, 637, 206, 76, 29, 9, 4, 0, 0, 1]
(2, (1, 0, 1), (0, 1)): [13, 2, 3, 3]
(2, (1, 0, 1), (0, 2)): [8, 1, 2, 1]
(2, (1, 1, 0), (0, 0)): [20430, 3277, 1778, 1028, 341, 117, 33, 9, 5, 1, 1, 0, 0, 1]
(2, (1, 1, 1), (0, 0)): [6027, 930, 1045, 580, 364, 113, 37, 12, 7, 0, 1, 0, 0, 1]
