(0, (0, 0, 0)): [15076, 3216, 1568, 713, 337, 147, 71, 31, 21, 4, 0, 1]
(0, (0, 0, 1)): [65, 230, 65, 29, 19, 10, 5, 4, 2]
(0, (0, 1, 0)): [493, 565, 219, 98, 54, 29, 20, 5, 4]
(0, (0, 1, 1)): [59, 86, 117, 56, 27, 8, 8, 4]
(0, (1, 0, 0)): [3336, 1198, 773, 376, 202, 86, 42, 24, 12, 3]
(0, (1, 0, 1)): [83, 285, 118, 80, 40, 33, 18, 6, 2]
(0, (1, 1, 0)): [436, 321, 256, 176, 103, 52, 22, 12, 4, 1]
(0, (1, 1, 1)): [40, 95, 88, 65, 50, 22, 12, 6, 4, 1]
(1, (0, 0, 0)): [11936, 1405, 591, 251, 96, 38, 13, 5, 6, 1, 0, 1]
(1, (0, 0, 1)): [366, 559, 129, 49, 26, 9, 1, 3]
(1, (0, 1, 0)): [1589, 858, 302, 127, 61, 29, 10, 5, 0, 0, 1, 1]
(1, (0, 1, 1)): [316, 275, 256, 98, 42, 22, 10, 2, 5, 1]
(1, (1, 0, 0)): [4948, 1022, 601, 285, 113, 39, 16, 4, 8, 2]
(1, (1, 0, 1)): [411, 583, 179, 125, 50, 21, 8, 5, 1, 1]
(1, (1, 1, 0)): [1308, 440, 338, 220, 99, 37, 17, 7, 2]
(1, (1, 1, 1)): [275, 254, 135, 96, 63, 28, 16, 3, 1, 1]
(2, (0, 0, 0)): [10216, 491, 170, 54, 24, 9, 2]
(2, (0, 0, 1)): [1082, 346, 75, 23, 11, 8, 0, 1]
(2, (0, 1, 0)): [2835, 727, 142, 68, 25, 6, 1]
(2, (0, 1, 1)): [633, 57, 188, 44, 14, 8, 3, 0, 2]
(2, (1, 0, 0)): [6188, 519, 323, 97, 44, 12, 7]
(2, (1, 0, 1)): [1124, 307, 131, 76, 24, 10, 1, 1, 1]
(2, (1, 1, 0)): [2311, 354, 205, 135, 51, 13, 4, 0, 1]
(2, (1, 1, 1)): [684, 95, 126, 63, 45, 12, 3, 1, 2]
