(0, (0, 0, 0)): [541058, 110465, 52357, 24291, 11115, 4924, 2051, 899, 374, 189, 77, 37, 20, 5, 3, 1, 0, 1]
(0, (0, 0, 1)): [2260, 7547, 2138, 1015, 513, 217, 102, 61, 26, 12, 4, 1, 2, 1]
(0, (0, 1, 0)): [17584, 17646, 6900, 3300, 1663, 776, 319, 148, 64, 38, 13, 5, 2, 0, 1]
(0, (0, 1, 1)): [1552, 2854, 3646, 1637, 906, 423, 188, 88, 44, 17, 6, 5, 0, 1, 1, 0, 0, 1]
(0, (1, 0, 0)): [119968, 41458, 26356, 13200, 6468, 2972, 1281, 566, 246, 124, 53, 22, 13, 3, 2, 1, 0, 1]
(0, (1, 0, 1)): [2693, 9170, 3763, 2618, 1408, 673, 332, 148, 70, 30, 12, 9, 4, 0, 1, 0, 0, 1]
(0, (1, 1, 0)): [16321, 10905, 8744, 6063, 3342, 1584, 712, 351, 145, 68, 34, 13, 6, 1]
(0, (1, 1, 1)): [1664, 3160, 2685, 2139, 1686, 835, 395, 205, 92, 36, 25, 10, 1, 1, 1]
(1, (0, 0, 0)): [430491, 47513, 19915, 8081, 3220, 1268, 484, 201, 75, 34, 13, 10, 5, 2, 0, 1]
(1, (0, 0, 1)): [12263, 19162, 3795, 1606, 685, 291, 120, 57, 28, 8, 6, 4, 2, 1]
(1, (0, 1, 0)): [59205, 28767, 10061, 4283, 1783, 728, 267, 130, 34, 26, 9, 5, 5, 1, 1]
(1, (0, 1, 1)): [10128, 8770, 8423, 3331, 1705, 686, 279, 114, 66, 15, 7, 3, 1, 1, 0, 1]
(1, (1, 0, 0)): [175218, 32653, 20288, 8929, 3600, 1510, 588, 222, 103, 50, 20, 14, 3, 2, 0, 2]
(1, (1, 0, 1)): [13615, 17679, 5825, 3764, 1589, 714, 266, 108, 47, 36, 12, 3, 0, 1]
(1, (1, 1, 0)): [47592, 15285, 10825, 7335, 3230, 1418, 570, 226, 85, 45, 15, 9, 5, 4, 1]
(1, (1, 1, 1)): [9863, 8101, 5297, 3610, 2592, 1140, 478, 178, 85, 33, 13, 10, 5, 2, 1, 1]
(2, (0, 0, 0)): [369126, 16388, 5722, 1831, 663, 234, 78, 30, 7, 2, 1, 0, 1]
(2, (0, 0, 1)): [37277, 12210, 2341, 797, 295, 118, 35, 10, 1, 2, 0, 1]
(2, (0, 1, 0)): [95790, 22208, 5603, 1963, 656, 234, 71, 16, 5, 1, 1, 0, 1]
(2, (0, 1, 1)): [23329, 2066, 5517, 1480, 573, 188, 74, 28, 11, 4, 2]
(2, (1, 0, 0)): [214485, 16495, 9840, 3209, 1104, 343, 135, 42, 12, 5, 2, 0, 1]
(2, (1, 0, 1)): [35380, 9282, 3901, 2192, 677, 250, 89, 29, 12, 2, 0, 2]
(2, (1, 1, 0)): [82528, 13302, 6943, 4280, 1445, 491, 141, 49, 21, 8, 4, 0, 2, 1]
(2, (1, 1, 1)): [24205, 3644, 4188, 2188, 1498, 513, 157, 56, 27, 5, 4, 0, 1, 1]
