(0, (0, 0, 0), (0, 0)): [1362684, 272933, 125690, 56931, 25291, 10794, 4440, 1838, 739, 335, 135, 66, 31, 10, 3, 1, 0, 1]
(0, (0, 0, 0), (0, 1)): [21256, 3853, 1853, 818, 359, 144, 57, 27, 6, 5, 2, 0, 2, 1, 0, 1]
(0, (0, 0, 0), (0, 2)): [7865, 1242, 599, 258, 110, 33, 23, 10, 2, 1, 0, 0, 1]
(0, (0, 0, 0), (1, 0)): [20068, 4303, 2156, 960, 467, 191, 89, 31, 14, 5, 3]
(0, (0, 0, 0), (1, 1)): [18157, 3461, 1717, 783, 367, 144, 52, 24, 7, 3, 4, 0, 1, 1, 0, 1]
(0, (0, 0, 0), (1, 2)): [11882, 1987, 932, 408, 207, 78, 28, 11, 5, 2, 0, 0, 2]
(0, (0, 0, 0), (2, 0)): [6773, 1621, 844, 411, 195, 86, 43, 14, 6, 2, 1]
(0, (0, 0, 0), (2, 1)): [9727, 2036, 1074, 510, 237, 93, 43, 20, 5, 1, 1, 0, 0, 1]
(0, (0, 0, 0), (2, 2)): [9418, 1711, 869, 401, 192, 80, 24, 11, 5, 3, 1, 0, 2]
(0, (0, 0, 0), (3, 0)): [2245, 593, 354, 188, 84, 45, 18, 6, 3, 0, 1]
(0, (0, 0, 0), (3, 1)): [3996, 1002, 584, 302, 125, 59, 23, 14, 4]
(0, (0, 0, 0), (3, 2)): [5436, 1132, 685, 326, 152, 63, 19, 10, 5, 2, 0, 0, 2]
(0, (0, 0, 1), (0, 0)): [5638, 16799, 4568, 2161, 1062, 446, 200, 86, 35, 19, 7, 3, 3, 2]
(0, (0, 0, 1), (0, 1)): [90, 221, 71, 23, 15, 7, 2, 1, 0, 1, 0, 0, 0, 1]
(0, (0, 0, 1), (0, 2)): [36, 89, 20, 7, 6, 1]
(0, (0, 0, 1), (1, 0)): [80, 213, 61, 35, 22, 11, 3, 2, 1, 0, 1]
(0, (0, 0, 1), (1, 1)): [75, 161, 56, 20, 16, 9, 1, 1, 0, 1, 1, 0, 0, 1]
(0, (0, 0, 1), (1, 2)): [54, 120, 31, 12, 9, 2, 1, 1, 0, 1, 1]
(0, (0, 0, 1), (2, 0)): [31, 95, 26, 18, 7, 6, 1, 1, 1]
(0, (0, 0, 1), (2, 1)): [43, 97, 35, 14, 10, 5]
(0, (0, 0, 1), (2, 2)): [53, 92, 31, 8, 8, 2, 0, 0, 0, 0, 1]
(0, (0, 0, 1), (3, 0)): [8, 42, 10, 9, 3, 3, 1, 1, 1]
(0, (0, 0, 1), (3, 1)): [19, 42, 15, 11, 7, 4, 0, 1]
(0, (0, 1, 0), (0, 0)): [48286, 44668, 17526, 8438, 4048, 1739, 742, 315, 130, 73, 24, 6, 3, 2, 1]
(0, (0, 1, 0), (0, 1)): [704, 569, 234, 102, 43, 23, 8, 6, 2]
(0, (0, 1, 0), (0, 2)): [278, 178, 83, 29, 11, 11, 3, 1, 1]
(0, (0, 1, 0), (1, 0)): [686, 603, 238, 134, 63, 32, 12, 3, 1]
(0, (0, 1, 0), (1, 1)): [588, 487, 199, 96, 41, 14, 7, 6]
(0, (0, 1, 0), (1, 2)): [392, 299, 115, 55, 23, 12, 3, 3, 1]
(0, (0, 1, 0), (2, 0)): [244, 224, 84, 47, 23, 21, 5, 0, 1]
(0, (0, 1, 0), (2, 1)): [299, 265, 112, 52, 20, 18, 5, 4]
(0, (0, 1, 0), (2, 2)): [312, 229, 99, 45, 18, 9, 6, 1, 1]
(0, (0, 1, 0), (3, 0)): [94, 77, 36, 28, 15, 7, 3, 0, 1]
(0, (0, 1, 0), (3, 1)): [127, 113, 58, 30, 19, 10, 1, 2]
(0, (0, 1, 0), (3, 2)): [188, 140, 72, 35, 18, 6, 5]
(0, (0, 1, 1), (0, 0)): [4021, 6823, 8116, 3795, 2009, 947, 397, 184, 92, 39, 9, 6, 2, 2, 1, 0, 0, 1]
(0, (0, 1, 1), (0, 1)): [55, 78, 111, 47, 26, 9, 6, 3]
(0, (0, 1, 1), (0, 2)): [30, 29, 39, 18, 14, 4, 3, 2]
(0, (0, 1, 1), (1, 0)): [69, 119, 149, 78, 46, 19, 5, 5, 4, 1, 0, 1]
(0, (0, 1, 1), (1, 1)): [40, 73, 96, 45, 27, 6, 4, 2, 1]
(0, (0, 1, 1), (1, 2)): [33, 38, 55, 25, 19, 6, 4, 2, 1]
(0, (0, 1, 1), (2, 0)): [44, 65, 73, 40, 24, 15, 3, 4, 3, 1, 0, 1]
(0, (0, 1, 1), (2, 1)): [31, 54, 67, 33, 16, 6, 2, 4, 2]
(0, (0, 1, 1), (2, 2)): [35, 41, 53, 19, 11, 5, 3, 2, 2]
(0, (0, 1, 1), (3, 1)): [15, 26, 29, 15, 11, 1, 0, 1, 1]
(0, (0, 1, 1), (3, 2)): [20, 24, 40, 16, 10, 4, 3, 3, 2]
(0, (1, 0, 0), (0, 0)): [290992, 97126, 61494, 30336, 14356, 6421, 2669, 1140, 481, 219, 93, 41, 21, 4, 2, 1, 0, 1]
(0, (1, 0, 0), (0, 1)): [4462, 1225, 890, 414, 215, 92, 33, 15, 6]
(0, (1, 0, 0), (0, 2)): [1708, 367, 297, 116, 61, 24, 14, 2, 5]
(0, (1, 0, 0), (1, 0)): [3936, 1313, 953, 459, 226, 89, 46, 15, 7, 6, 3]
(0, (1, 0, 0), (1, 1)): [3315, 984, 731, 347, 170, 67, 26, 15, 5, 4, 1]
(0, (1, 0, 0), (1, 2)): [2131, 536, 422, 183, 87, 34, 19, 8, 3, 2]
(0, (1, 0, 0), (2, 0)): [1248, 441, 318, 183, 96, 41, 14, 6, 3, 2, 2]
(0, (1, 0, 0), (2, 1)): [1618, 499, 378, 199, 102, 43, 16, 6, 4, 3]
(0, (1, 0, 0), (2, 2)): [1496, 397, 306, 144, 78, 28, 16, 8, 3, 3]
(0, (1, 0, 0), (3, 0)): [367, 159, 117, 81, 49, 14, 4, 4, 0, 1, 1]
(0, (1, 0, 0), (3, 1)): [621, 225, 168, 107, 66, 19, 5, 2, 3, 1, 1]
(0, (1, 0, 0), (3, 2)): [746, 249, 183, 100, 73, 21, 7, 6, 2, 3]
(0, (1, 0, 1), (0, 0)): [6995, 21167, 8571, 5927, 3103, 1401, 686, 279, 132, 55, 27, 14, 5, 1, 1, 0, 0, 1]
(0, (1, 0, 1), (0, 1)): [96, 264, 109, 74, 34, 18, 12, 2, 1, 0, 0, 0, 1]
(0, (1, 0, 1), (0, 2)): [37, 99, 30, 27, 12, 9, 4, 0, 1]
(0, (1, 0, 1), (1, 0)): [94, 306, 119, 91, 44, 18, 2, 3, 4, 1, 1]
(0, (1, 0, 1), (1, 1)): [82, 213, 80, 55, 32, 14, 6, 1, 2, 0, 1]
(0, (1, 0, 1), (1, 2)): [63, 117, 41, 31, 13, 11, 3, 1, 2]
(0, (1, 0, 1), (2, 0)): [37, 112, 51, 33, 17, 9, 0, 3, 1, 1]
(0, (1, 0, 1), (2, 1)): [29, 132, 55, 34, 22, 7, 1, 0, 2, 0, 1]
(0, (1, 0, 1), (2, 2)): [52, 109, 40, 25, 15, 6, 2, 1, 1, 0, 1]
(0, (1, 0, 1), (3, 0)): [19, 40, 19, 16, 7, 6, 0, 3]
(0, (1, 0, 1), (3, 1)): [15, 48, 20, 16, 12, 5]
(0, (1, 0, 1), (3, 2)): [22, 50, 30, 14, 13, 5, 1, 0, 1, 0, 1]
(0, (1, 1, 0), (0, 0)): [39966, 25528, 19101, 13580, 7212, 3408, 1441, 681, 282, 131, 58, 24, 9, 1]
(0, (1, 1, 0), (0, 1)): [645, 353, 239, 188, 108, 41, 19, 11, 3, 0, 1]
(0, (1, 1, 0), (0, 2)): [258, 123, 79, 63, 39, 15, 8, 6, 1]
(0, (1, 1, 0), (1, 0)): [522, 320, 261, 191, 101, 50, 19, 12, 1, 3]
(0, (1, 1, 0), (1, 1)): [426, 242, 191, 144, 66, 34, 18, 9, 2, 1, 1]
(0, (1, 1, 0), (1, 2)): [303, 136, 103, 86, 44, 19, 8, 10, 1, 1]
(0, (1, 1, 0), (2, 0)): [155, 106, 85, 67, 39, 20, 6, 4, 1, 1]
(0, (1, 1, 0), (2, 1)): [206, 128, 87, 82, 44, 19, 10, 5, 1, 1]
(0, (1, 1, 0), (2, 2)): [206, 111, 78, 62, 33, 17, 5, 7, 1, 2]
(0, (1, 1, 0), (3, 0)): [40, 35, 32, 23, 15, 7, 3, 1, 1]
(0, (1, 1, 0), (3, 1)): [81, 52, 41, 39, 19, 11, 8, 2, 2]
(0, (1, 1, 0), (3, 2)): [111, 65, 44, 44, 21, 10, 4, 4, 1]
(0, (1, 1, 1), (0, 0)): [3854, 7346, 5992, 4475, 3550, 1776, 814, 405, 176, 75, 38, 14, 3, 1, 1]
(0, (1, 1, 1), (0, 1)): [77, 100, 92, 60, 39, 28, 9, 6, 4, 3, 1, 1]
(0, (1, 1, 1), (0, 2)): [36, 44, 28, 18, 19, 7, 2, 1, 3, 1, 0, 1]
(0, (1, 1, 1), (1, 0)): [54, 119, 116, 78, 70, 34, 8, 10, 2, 0, 1]
(0, (1, 1, 1), (1, 1)): [56, 85, 94, 61, 35, 25, 9, 7, 1, 1, 1]
(0, (1, 1, 1), (1, 2)): [47, 61, 50, 25, 17, 16, 4, 2, 4, 0, 0, 1]
(0, (1, 1, 1), (2, 1)): [30, 42, 42, 35, 27, 14, 3, 4, 1]
(0, (1, 1, 1), (2, 2)): [31, 44, 38, 29, 16, 12, 3, 4, 1, 0, 0, 1]
(1, (0, 0, 0), (0, 0)): [1105433, 120579, 49439, 19433, 7529, 2862, 1117, 406, 156, 64, 25, 15, 7, 3, 0, 1]
(1, (0, 0, 0), (0, 1)): [17302, 1732, 750, 282, 97, 26, 13, 8, 1, 0, 0, 0, 0, 1]
(1, (0, 0, 0), (0, 2)): [6399, 527, 217, 79, 27, 7, 2, 1]
(1, (0, 0, 0), (1, 0)): [16848, 2072, 899, 344, 149, 50, 26, 8, 0, 1, 0, 0, 0, 0, 0, 1]
(1, (0, 0, 0), (1, 1)): [14933, 1628, 674, 250, 104, 39, 21, 7, 1, 1, 0, 0, 0, 1]
(1, (0, 0, 0), (1, 2)): [9543, 840, 323, 137, 60, 24, 11, 2]
(1, (0, 0, 0), (2, 0)): [5931, 818, 397, 144, 62, 21, 10, 5, 0, 0, 0, 0, 0, 0, 0, 1]
(1, (0, 0, 0), (2, 1)): [8325, 1011, 442, 160, 69, 21, 11, 6, 0, 1]
(1, (0, 0, 0), (2, 2)): [7883, 776, 334, 130, 58, 28, 13, 4]
(1, (0, 0, 0), (3, 0)): [1924, 300, 187, 67, 31, 9, 6, 1, 0, 0, 0, 0, 0, 0, 0, 1]
(1, (0, 0, 0), (3, 1)): [3524, 544, 279, 101, 50, 8, 6, 3]
(1, (0, 0, 0), (3, 2)): [4533, 567, 283, 100, 48, 17, 11, 3]
(1, (0, 0, 1), (0, 0)): [30165, 43029, 8519, 3600, 1504, 604, 233, 94, 42, 14, 8, 5, 4, 1]
(1, (0, 0, 1), (0, 1)): [437, 460, 106, 34, 15, 7, 5]
(1, (0, 0, 1), (0, 2)): [186, 158, 36, 7, 3, 1, 3]
(1, (0, 0, 1), (1, 0)): [477, 641, 131, 70, 30, 12, 5, 3, 1]
(1, (0, 0, 1), (1, 1)): [400, 446, 88, 38, 18, 6, 2, 2]
(1, (0, 0, 1), (1, 2)): [296, 244, 38, 13, 11, 2, 2]
(1, (0, 0, 1), (2, 0)): [205, 267, 58, 36, 15, 7, 5, 1, 1]
(1, (0, 0, 1), (2, 1)): [198, 271, 53, 24, 10, 7, 5, 2]
(1, (0, 0, 1), (2, 2)): [222, 199, 38, 16, 8, 2, 1]
(1, (0, 0, 1), (3, 0)): [97, 110, 32, 25, 9, 3, 2, 1, 1]
(1, (0, 0, 1), (3, 1)): [109, 138, 25, 17, 4, 3, 3, 2]
(1, (0, 0, 1), (3, 2)): [141, 127, 34, 14, 6, 2, 3]
(1, (0, 1, 0), (0, 0)): [149056, 66142, 23892, 10225, 4110, 1597, 559, 260, 73, 37, 20, 9, 9, 2, 1]
(1, (0, 1, 0), (0, 1)): [2067, 793, 299, 124, 38, 14, 6, 2, 1]
(1, (0, 1, 0), (0, 2)): [808, 281, 91, 31, 9, 5, 2]
(1, (0, 1, 0), (1, 0)): [2423, 1081, 391, 218, 97, 29, 12, 4, 0, 0, 1, 0, 0, 1]
(1, (0, 1, 0), (1, 1)): [1800, 679, 278, 125, 47, 15, 7, 3, 1, 0, 0, 0, 0, 1]
(1, (0, 1, 0), (1, 2)): [1158, 415, 165, 58, 18, 6, 5, 2]
(1, (0, 1, 0), (2, 0)): [1082, 500, 178, 117, 50, 16, 8, 3, 0, 0, 1]
(1, (0, 1, 0), (2, 1)): [992, 421, 144, 87, 37, 12, 6, 2, 0, 0, 1, 0, 0, 1]
(1, (0, 1, 0), (2, 2)): [931, 371, 143, 52, 23, 5, 3, 1]
(1, (0, 1, 0), (3, 0)): [595, 234, 75, 79, 34, 9, 5, 2]
(1, (0, 1, 0), (3, 1)): [522, 189, 69, 56, 22, 8, 3, 1, 0, 0, 0, 0, 0, 1]
(1, (0, 1, 0), (3, 2)): [553, 204, 93, 55, 25, 0, 4, 1, 0, 0, 0, 0, 0, 1]
(1, (0, 1, 1), (0, 0)): [23863, 19402, 17392, 6973, 3603, 1425, 553, 225, 107, 36, 11, 7, 2, 2, 0, 1]
(1, (0, 1, 1), (0, 1)): [279, 190, 156, 77, 29, 16, 7, 2]
(1, (0, 1, 1), (0, 2)): [141, 63, 52, 27, 8, 4, 3]
(1, (0, 1, 1), (1, 0)): [486, 387, 279, 142, 96, 34, 14, 8, 3, 1]
(1, (0, 1, 1), (1, 1)): [227, 167, 148, 60, 31, 8, 5, 4]
(1, (0, 1, 1), (1, 2)): [179, 94, 83, 41, 15, 6, 3]
(1, (0, 1, 1), (2, 0)): [323, 255, 164, 98, 76, 31, 12, 6, 3, 1]
(1, (0, 1, 1), (2, 2)): [131, 93, 77, 38, 19, 3, 2, 2]
(1, (0, 1, 1), (3, 0)): [266, 201, 125, 74, 65, 27, 8, 6, 3, 1]
(1, (0, 1, 1), (3, 2)): [79, 61, 41, 23, 13, 4, 1, 1]
(1, (1, 0, 0), (0, 0)): [420719, 74608, 47863, 20217, 8179, 3231, 1286, 447, 200, 84, 29, 22, 5, 3, 0, 2]
(1, (1, 0, 0), (0, 1)): [6401, 896, 681, 293, 102, 36, 18, 3, 1, 2]
(1, (1, 0, 0), (0, 2)): [2347, 283, 244, 90, 29, 10, 8, 1, 0, 2]
(1, (1, 0, 0), (1, 0)): [6196, 1130, 808, 355, 151, 48, 28, 10, 1, 2, 0, 0, 1, 0, 0, 1]
(1, (1, 0, 0), (1, 1)): [5128, 750, 580, 244, 92, 32, 18, 7, 1, 0, 0, 0, 0, 0, 0, 1]
(1, (1, 0, 0), (1, 2)): [3191, 397, 333, 127, 48, 16, 8, 5, 0, 1]
(1, (1, 0, 0), (2, 0)): [2043, 415, 310, 158, 61, 24, 11, 0, 1, 2, 0, 0, 1]
(1, (1, 0, 0), (2, 1)): [2648, 442, 357, 153, 64, 17, 14, 2, 2, 0, 0, 0, 0, 0, 0, 1]
(1, (1, 0, 0), (2, 2)): [2415, 341, 295, 113, 43, 11, 8, 3, 1, 1]
(1, (1, 0, 0), (3, 0)): [616, 149, 103, 68, 27, 11, 5, 0, 0, 2, 0, 0, 1]
(1, (1, 0, 0), (3, 1)): [1013, 240, 167, 94, 33, 13, 8, 1, 0, 1, 0, 0, 0, 0, 0, 1]
(1, (1, 0, 0), (3, 2)): [1220, 236, 183, 91, 31, 13, 7, 1, 1, 1, 0, 0, 0, 0, 0, 1]
(1, (1, 0, 1), (0, 0)): [33787, 39617, 12670, 8442, 3597, 1489, 602, 226, 77, 51, 13, 6, 0, 1]
(1, (1, 0, 1), (0, 1)): [525, 470, 140, 114, 46, 17, 9, 2, 3, 2]
(1, (1, 0, 1), (0, 2)): [225, 152, 53, 39, 8, 6, 4, 1, 0, 1]
(1, (1, 0, 1), (1, 0)): [511, 567, 185, 131, 71, 20, 9, 1, 0, 2]
(1, (1, 0, 1), (1, 1)): [411, 386, 120, 96, 50, 7, 9, 1, 2]
(1, (1, 0, 1), (1, 2)): [299, 212, 71, 56, 17, 6, 6, 1, 0, 1]
(1, (1, 0, 1), (2, 0)): [194, 196, 62, 42, 25, 12, 2, 1, 0, 1]
(1, (1, 0, 1), (2, 1)): [193, 199, 67, 49, 30, 7, 5, 0, 2]
(1, (1, 0, 1), (2, 2)): [200, 165, 59, 31, 18, 4, 6, 0, 1]
(1, (1, 0, 1), (3, 2)): [94, 88, 36, 22, 18, 7, 4, 0, 1]
(1, (1, 1, 0), (0, 0)): [115708, 35790, 23859, 16916, 7082, 2916, 1147, 460, 194, 76, 25, 15, 9, 5, 1]
(1, (1, 1, 0), (0, 1)): [1843, 484, 296, 233, 88, 33, 20, 5, 2]
(1, (1, 1, 0), (0, 2)): [744, 185, 97, 85, 25, 8, 6, 0, 1]
(1, (1, 1, 0), (1, 0)): [1650, 572, 388, 299, 117, 43, 26, 10, 1, 3, 0, 0, 2, 1]
(1, (1, 1, 0), (1, 1)): [1354, 394, 275, 191, 83, 32, 18, 8, 0, 2]
(1, (1, 1, 0), (1, 2)): [989, 242, 154, 122, 42, 15, 9, 2]
(1, (1, 1, 0), (2, 0)): [584, 206, 128, 122, 46, 16, 9, 2, 1, 1, 0, 0, 2, 1]
(1, (1, 1, 0), (2, 1)): [688, 238, 164, 119, 46, 19, 11, 3, 0, 1, 0, 0, 1]
(1, (1, 1, 0), (2, 2)): [712, 191, 116, 90, 41, 14, 6, 1]
(1, (1, 1, 0), (3, 0)): [166, 82, 37, 40, 25, 11, 5, 2, 1, 1, 0, 0, 1]
(1, (1, 1, 0), (3, 1)): [301, 120, 71, 68, 29, 12, 9, 3, 0, 2, 0, 0, 1]
(1, (1, 1, 0), (3, 2)): [382, 122, 79, 56, 31, 16, 9, 4, 0, 2, 0, 0, 1]
(1, (1, 1, 1), (0, 0)): [23651, 18770, 11981, 7809, 5675, 2413, 971, 361, 158, 60, 19, 15, 8, 3, 1, 1]
(1, (1, 1, 1), (0, 1)): [431, 271, 171, 116, 85, 31, 18, 4, 3]
(1, (1, 1, 1), (0, 2)): [219, 97, 62, 37, 34, 8, 10]
(1, (1, 1, 1), (1, 0)): [378, 285, 201, 131, 96, 44, 17, 8, 2, 2, 0, 1, 1]
(1, (1, 1, 1), (1, 1)): [314, 199, 142, 103, 78, 30, 7, 5, 1]
(1, (1, 1, 1), (1, 2)): [241, 111, 92, 58, 39, 21, 7, 1]
(1, (1, 1, 1), (2, 0)): [115, 111, 81, 53, 31, 21, 11, 4, 1, 1, 0, 1, 1]
(1, (1, 1, 1), (2, 1)): [156, 128, 85, 65, 47, 15, 10, 4, 1, 1, 0, 1]
(1, (1, 1, 1), (2, 2)): [168, 96, 72, 67, 37, 16, 7, 1]
(1, (1, 1, 1), (3, 1)): [42, 67, 38, 29, 23, 10, 5, 3, 0, 0, 0, 0, 1]
(1, (1, 1, 1), (3, 2)): [84, 61, 40, 40, 24, 13, 3, 2]
(2, (0, 0, 0), (0, 0)): [959382, 43478, 14668, 4675, 1535, 505, 173, 54, 9, 6, 5, 0, 1]
(2, (0, 0, 0), (0, 1)): [14904, 625, 216, 57, 27, 6, 6, 1]
(2, (0, 0, 0), (0, 2)): [5414, 167, 44, 17, 6, 1, 1, 1]
(2, (0, 0, 0), (1, 0)): [15320, 873, 291, 88, 37, 11, 4, 0, 0, 0, 0, 0, 1]
(2, (0, 0, 0), (1, 1)): [13299, 665, 224, 49, 28, 6, 6]
(2, (0, 0, 0), (1, 2)): [8410, 298, 96, 27, 13, 4, 3]
(2, (0, 0, 0), (2, 0)): [5680, 331, 140, 52, 19, 6, 2, 0, 0, 0, 0, 0, 1]
(2, (0, 0, 0), (2, 1)): [7705, 407, 146, 46, 11, 4, 4]
(2, (0, 0, 0), (2, 2)): [7077, 301, 110, 30, 11, 5, 1]
(2, (0, 0, 0), (3, 0)): [1964, 131, 77, 27, 13, 3, 1, 0, 0, 0, 0, 0, 1]
(2, (0, 0, 0), (3, 1)): [3592, 208, 107, 34, 14, 5, 3]
(2, (0, 0, 0), (3, 2)): [4443, 231, 112, 28, 9, 5]
(2, (0, 0, 1), (0, 0)): [88106, 26911, 5404, 1829, 649, 220, 63, 19, 4, 2, 0, 1]
(2, (0, 0, 1), (0, 1)): [1233, 326, 69, 23, 12, 3, 1]
(2, (0, 0, 1), (0, 2)): [481, 82, 21, 4, 3, 1]
(2, (0, 0, 1), (1, 0)): [1491, 415, 102, 42, 10, 5, 0, 1]
(2, (0, 0, 1), (1, 1)): [1195, 287, 67, 20, 9, 2, 1]
(2, (0, 0, 1), (1, 2)): [776, 139, 31, 10, 4, 1, 1]
(2, (0, 0, 1), (2, 0)): [622, 186, 49, 29, 6, 4, 0, 1]
(2, (0, 0, 1), (2, 1)): [677, 163, 49, 17, 9, 2, 0, 1]
(2, (0, 0, 1), (2, 2)): [633, 117, 40, 7, 4, 2, 1]
(2, (0, 0, 1), (3, 0)): [334, 87, 26, 18, 2, 3]
(2, (0, 0, 1), (3, 1)): [360, 87, 21, 16, 6, 2]
(2, (0, 0, 1), (3, 2)): [412, 85, 29, 10, 2, 1]
(2, (0, 1, 0), (0, 0)): [235493, 50119, 13466, 4719, 1553, 532, 150, 45, 11, 8, 5, 0, 1]
(2, (0, 1, 0), (0, 1)): [3156, 571, 150, 52, 16, 1, 1]
(2, (0, 1, 0), (0, 2)): [1190, 167, 43, 10, 5]
(2, (0, 1, 0), (1, 0)): [4225, 729, 301, 119, 28, 16, 5, 1, 0, 0, 0, 0, 1]
(2, (0, 1, 0), (1, 1)): [2939, 504, 175, 58, 14, 6, 3, 1]
(2, (0, 1, 0), (1, 2)): [1856, 263, 64, 33, 3]
(2, (0, 1, 0), (2, 0)): [2024, 326, 150, 80, 20, 9, 3, 0, 0, 0, 0, 0, 1]
(2, (0, 1, 0), (2, 1)): [1797, 326, 113, 35, 10, 8, 3, 1, 0, 0, 0, 0, 1]
(2, (0, 1, 0), (2, 2)): [1639, 248, 65, 35, 5, 4, 0, 1]
(2, (0, 1, 0), (3, 0)): [1154, 154, 90, 60, 16, 4, 2]
(2, (0, 1, 0), (3, 1)): [879, 166, 79, 24, 11, 3, 3, 0, 0, 0, 0, 0, 1]
(2, (0, 1, 0), (3, 2)): [1079, 174, 68, 30, 7, 4, 1, 0, 0, 0, 0, 0, 1]
(2, (0, 1, 1), (0, 0)): [53487, 4596, 11776, 3177, 1250, 396, 142, 47, 18, 4, 3, 1, 0, 1]
(2, (0, 1, 1), (0, 1)): [681, 51, 111, 28, 7, 3, 1, 3]
(2, (0, 1, 1), (0, 2)): [293, 22, 36, 8, 4, 1, 1]
(2, (0, 1, 1), (1, 0)): [959, 99, 196, 67, 29, 8, 4, 0, 0, 0, 1]
(2, (0, 1, 1), (1, 1)): [615, 43, 109, 30, 7, 4, 1, 2]
(2, (0, 1, 1), (1, 2)): [419, 26, 55, 12, 5, 1, 2, 1]
(2, (0, 1, 1), (2, 0)): [498, 60, 97, 40, 23, 6, 1, 0, 0, 0, 1]
(2, (0, 1, 1), (2, 1)): [352, 29, 82, 19, 7, 5]
(2, (0, 1, 1), (2, 2)): [363, 28, 58, 16, 3, 4, 1, 1]
(2, (0, 1, 1), (3, 0)): [346, 48, 59, 27, 20, 5, 1, 0, 0, 0, 1]
(2, (0, 1, 1), (3, 1)): [182, 17, 36, 11, 4, 2]
(2, (0, 1, 1), (3, 2)): [231, 24, 49, 14, 4, 4, 0, 1]
(2, (1, 0, 0), (0, 0)): [510257, 36937, 24090, 7622, 2448, 776, 307, 85, 17, 11, 6, 0, 1]
(2, (1, 0, 0), (0, 1)): [7330, 395, 329, 90, 33, 8, 7, 1]
(2, (1, 0, 0), (0, 2)): [2656, 105, 90, 19, 10, 1, 2]
(2, (1, 0, 0), (1, 0)): [7655, 629, 451, 178, 42, 12, 7, 2, 0, 0, 0, 0, 1]
(2, (1, 0, 0), (1, 1)): [6062, 376, 306, 101, 29, 3, 4, 1]
(2, (1, 0, 0), (1, 2)): [3785, 174, 136, 48, 13, 2, 1]
(2, (1, 0, 0), (2, 0)): [2627, 249, 158, 83, 17, 6, 4, 0, 0, 0, 0, 0, 1]
(2, (1, 0, 0), (2, 1)): [3165, 201, 165, 64, 22, 6, 2, 1, 0, 0, 0, 0, 1]
(2, (1, 0, 0), (2, 2)): [2909, 161, 128, 44, 15, 5, 1, 1]
(2, (1, 0, 0), (3, 0)): [857, 116, 51, 47, 4, 2, 3]
(2, (1, 0, 0), (3, 1)): [1374, 140, 80, 52, 10, 4, 2, 0, 0, 0, 0, 0, 1]
(2, (1, 0, 0), (3, 2)): [1643, 140, 87, 42, 10, 8, 1, 1, 0, 0, 0, 0, 1]
(2, (1, 0, 1), (0, 0)): [86756, 21009, 8255, 4979, 1613, 544, 188, 61, 22, 7, 0, 3, 1]
(2, (1, 0, 1), (0, 1)): [1301, 260, 111, 73, 21, 3, 2, 1, 0, 0, 0, 1]
(2, (1, 0, 1), (0, 2)): [527, 81, 31, 15, 9]
(2, (1, 0, 1), (1, 0)): [1227, 284, 136, 88, 32, 12, 4]
(2, (1, 0, 1), (1, 1)): [983, 198, 83, 68, 17, 8, 4, 1, 0, 0, 0, 1]
(2, (1, 0, 1), (1, 2)): [685, 105, 41, 30, 10, 4, 1, 1, 0, 0, 0, 1]
(2, (1, 0, 1), (2, 0)): [453, 106, 68, 34, 12, 4, 2]
(2, (1, 0, 1), (2, 1)): [539, 123, 48, 36, 14, 4]
(2, (1, 0, 1), (2, 2)): [486, 79, 32, 20, 9, 4, 1, 1, 0, 0, 0, 1]
(2, (1, 0, 1), (3, 0)): [162, 31, 31, 16, 8, 1, 2]
(2, (1, 0, 1), (3, 1)): [248, 51, 32, 18, 7, 1, 2]
(2, (1, 0, 1), (3, 2)): [285, 55, 32, 10, 8, 3, 2, 1]
(2, (1, 1, 0), (0, 0)): [199761, 30732, 15328, 10394, 3353, 1088, 361, 120, 41, 19, 7, 1, 2, 1]
(2, (1, 1, 0), (0, 1)): [3114, 424, 181, 142, 38, 7, 5, 3, 0, 0, 0, 0, 1]
(2, (1, 1, 0), (0, 2)): [1240, 132, 53, 38, 10, 1, 2, 1]
(2, (1, 1, 0), (1, 0)): [3050, 470, 273, 204, 57, 20, 8, 2, 1, 1]
(2, (1, 1, 0), (1, 1)): [2539, 343, 165, 136, 29, 7, 4, 2, 1, 1, 0, 0, 1]
(2, (1, 1, 0), (1, 2)): [1759, 198, 86, 56, 13, 3, 2, 2]
(2, (1, 1, 0), (2, 0)): [1073, 179, 121, 81, 30, 13, 3, 1]
(2, (1, 1, 0), (2, 1)): [1344, 174, 120, 86, 23, 11, 4, 1, 1, 1, 0, 0, 1]
(2, (1, 1, 0), (2, 2)): [1317, 155, 76, 72, 16, 4, 4, 2, 1]
(2, (1, 1, 0), (3, 0)): [379, 72, 49, 30, 13, 6, 1]
(2, (1, 1, 0), (3, 1)): [593, 90, 72, 42, 11, 9, 2, 1, 0, 0, 0, 0, 1]
(2, (1, 1, 0), (3, 2)): [737, 96, 62, 49, 17, 4, 3, 2, 1]
(2, (1, 1, 1), (0, 0)): [57443, 8363, 9717, 4732, 3450, 1102, 370, 132, 44, 9, 7, 1, 1, 1]
(2, (1, 1, 1), (0, 1)): [1046, 98, 143, 71, 47, 9, 5, 3, 1, 0, 0, 0, 1]
(2, (1, 1, 1), (0, 2)): [481, 25, 36, 25, 14, 2, 1, 1, 1]
(2, (1, 1, 1), (1, 0)): [836, 237, 159, 91, 59, 23, 6, 1, 2, 0, 1]
(2, (1, 1, 1), (1, 1)): [786, 113, 124, 63, 43, 7, 3, 0, 0, 0, 1, 0, 1]
(2, (1, 1, 1), (1, 2)): [596, 48, 52, 31, 18, 4, 2, 1, 0, 0, 1]
(2, (1, 1, 1), (2, 0)): [226, 156, 48, 40, 27, 16, 4, 1, 1]
(2, (1, 1, 1), (2, 1)): [339, 104, 74, 36, 33, 9, 4, 0, 0, 0, 0, 0, 1]
(2, (1, 1, 1), (2, 2)): [395, 59, 50, 34, 18, 5, 2, 0, 0, 0, 1]
(2, (1, 1, 1), (3, 0)): [48, 105, 17, 24, 9, 8, 1, 0, 1]
(2, (1, 1, 1), (3, 1)): [109, 106, 30, 26, 24, 6, 4]
(2, (1, 1, 1), (3, 2)): [181, 84, 33, 38, 20, 7, 4, 0, 0, 0, 1]
