(0, (0, 0, 0)): [31904, 6607, 3236, 1538, 743, 311, 159, 59, 21, 5, 3, 4, 0, 1, 0, 0, 1]
(0, (0, 0, 1)): [66, 291, 80, 40, 25, 12, 5, 2]
(0, (0, 1, 0)): [1155, 1160, 478, 277, 131, 52, 23, 6, 3, 1, 1, 0, 0, 1, 0, 0, 1]
(0, (0, 1, 1)): [99, 174, 205, 100, 66, 29, 15, 8, 1, 0, 0, 0, 0, 0, 1, 0, 1]
(0, (1, 0, 0)): [6069, 2059, 1525, 760, 386, 182, 93, 37, 14, 1, 2, 2, 0, 1, 0, 0, 1]
(0, (1, 0, 1)): [153, 495, 193, 153, 91, 45, 19, 7, 4, 0, 0, 0, 0, 1]
(0, (1, 1, 0)): [936, 583, 470, 393, 169, 109, 39, 22, 6, 1, 2, 1, 0, 0, 0, 0, 1]
(0, (1, 1, 1)): [98, 183, 173, 112, 91, 50, 21, 13, 4, 2, 2, 0, 0, 1, 0, 0, 1]
(1, (0, 0, 0)): [24813, 2998, 1328, 539, 238, 79, 39, 14, 2, 2, 0, 2]
(1, (0, 0, 1)): [618, 918, 180, 93, 44, 16, 5, 1, 1, 1, 0, 0, 0, 1]
(1, (0, 1, 0)): [3431, 1421, 615, 272, 128, 42, 20, 8, 2, 2, 2]
(1, (0, 1, 1)): [559, 456, 358, 155, 93, 43, 14, 9, 3, 1]
(1, (1, 0, 0)): [9057, 1622, 1214, 519, 225, 89, 49, 19, 4, 2, 0, 3]
(1, (1, 0, 1)): [753, 867, 267, 187, 87, 42, 13, 8, 3, 2]
(1, (1, 1, 0)): [2761, 754, 560, 443, 204, 86, 48, 10, 2, 3, 3, 2]
(1, (1, 1, 1)): [577, 457, 306, 186, 163, 77, 44, 12, 3, 4, 1, 0, 1, 1]
(2, (0, 0, 0)): [21950, 1168, 426, 132, 56, 12, 5]
(2, (0, 0, 1)): [2159, 590, 162, 48, 14, 3, 2, 1]
(2, (0, 1, 0)): [5465, 1093, 381, 133, 38, 8, 5, 2]
(2, (0, 1, 1)): [1432, 115, 276, 87, 39, 15, 4, 0, 1]
(2, (1, 0, 0)): [10930, 830, 663, 201, 82, 19, 12, 2, 1, 0, 0, 1]
(2, (1, 0, 1)): [2157, 490, 208, 116, 53, 21, 6, 1]
(2, (1, 1, 0)): [4461, 642, 357, 281, 104, 29, 10, 2, 1, 0, 0, 1]
(2, (1, 1, 1)): [1453, 221, 238, 131, 115, 33, 10, 4, 1, 0, 1, 1]
