(0, (0, 0, 0)): [14079, 3030, 1453, 726, 333, 146, 59, 22, 9, 8, 2, 0, 1]
(0, (0, 0, 1)): [65, 207, 43, 23, 18, 7, 2, 0, 4]
(0, (0, 1, 0)): [444, 479, 210, 79, 52, 26, 10, 4, 2]
(0, (0, 1, 1)): [43, 77, 107, 40, 26, 9, 3, 1, 3, 1]
(0, (1, 0, 0)): [3165, 1095, 736, 392, 208, 83, 36, 20, 7, 7, 2, 0, 1]
(0, (1, 0, 1)): [69, 272, 105, 69, 39, 19, 10, 3, 2, 0, 0, 1]
(0, (1, 1, 0)): [437, 285, 253, 209, 116, 40, 19, 13, 5, 2, 1, 0, 1]
(0, (1, 1, 1)): [52, 89, 79, 66, 52, 30, 9, 4, 2, 0, 1]
(1, (0, 0, 0)): [11195, 1307, 534, 258, 91, 41, 16, 4, 0, 1]
(1, (0, 0, 1)): [291, 490, 88, 41, 18, 5, 4]
(1, (0, 1, 0)): [1453, 745, 258, 111, 66, 17, 6, 4, 0, 1]
(1, (0, 1, 1)): [252, 222, 232, 100, 56, 19, 4, 2, 4, 1]
(1, (1, 0, 0)): [4668, 898, 559, 279, 101, 49, 17, 6, 1, 1, 1]
(1, (1, 0, 1)): [363, 463, 145, 99, 45, 23, 7, 3, 0, 1, 1]
(1, (1, 1, 0)): [1397, 434, 326, 222, 98, 30, 17, 7, 1]
(1, (1, 1, 1)): [275, 229, 179, 108, 84, 32, 11, 3, 1, 0, 1]
(2, (0, 0, 0)): [9655, 450, 154, 57, 15, 7, 4, 1]
(2, (0, 0, 1)): [897, 257, 60, 19, 6, 2, 2]
(2, (0, 1, 0)): [2450, 620, 146, 61, 17, 7, 3, 1]
(2, (0, 1, 1)): [577, 51, 140, 43, 21, 5, 4, 0, 1]
(2, (1, 0, 0)): [5595, 464, 268, 102, 35, 6, 5, 1, 1]
(2, (1, 0, 1)): [926, 258, 109, 56, 19, 6, 3, 1, 1]
(2, (1, 1, 0)): [2464, 414, 209, 137, 52, 12, 9, 3, 1]
(2, (1, 1, 1)): [730, 115, 144, 62, 57, 17, 8, 0, 1]
