(0, (0, 0, 0)): [589837, 120313, 57018, 26371, 12051, 5316, 2231, 949, 397, 196, 78, 40, 20, 6, 3, 1, 0, 1]
(0, (0, 0, 1)): [2450, 8059, 2277, 1065, 533, 236, 106, 62, 27, 13, 4, 1, 2, 1]
(0, (0, 1, 0)): [19128, 18949, 7468, 3562, 1775, 830, 340, 154, 67, 38, 13, 5, 2, 0, 1]
(0, (0, 1, 1)): [1712, 3051, 3898, 1763, 964, 458, 201, 92, 45, 17, 6, 5, 0, 2, 1, 0, 0, 1]
(0, (1, 0, 0)): [130411, 44663, 28525, 14296, 7009, 3209, 1393, 602, 260, 128, 54, 25, 13, 4, 2, 1, 0, 1]
(0, (1, 0, 1)): [2918, 9827, 4039, 2802, 1502, 711, 352, 152, 71, 31, 13, 9, 4, 0, 1, 0, 0, 1]
(0, (1, 1, 0)): [17882, 11842, 9383, 6549, 3607, 1715, 772, 373, 157, 70, 35, 14, 6, 1]
(0, (1, 1, 1)): [1829, 3421, 2910, 2288, 1809, 896, 431, 217, 97, 38, 26, 10, 1, 1, 1]
(1, (0, 0, 0)): [470362, 52134, 21820, 8809, 3508, 1362, 525, 207, 79, 35, 13, 10, 5, 2, 0, 1]
(1, (0, 0, 1)): [13183, 20369, 4046, 1718, 724, 314, 123, 59, 29, 8, 6, 4, 2, 1]
(1, (0, 1, 0)): [63947, 30753, 10829, 4605, 1915, 783, 281, 136, 34, 26, 11, 7, 5, 1, 1]
(1, (0, 1, 1)): [10932, 9377, 8937, 3552, 1826, 739, 304, 122, 69, 15, 7, 3, 1, 2, 0, 1]
(1, (1, 0, 0)): [190265, 35142, 22046, 9680, 3940, 1634, 635, 232, 109, 52, 20, 14, 3, 2, 0, 2]
(1, (1, 0, 1)): [14732, 19021, 6229, 4047, 1726, 763, 276, 118, 48, 36, 12, 3, 0, 1]
(1, (1, 1, 0)): [52009, 16591, 11679, 8000, 3509, 1535, 605, 241, 93, 49, 17, 9, 5, 4, 1]
(1, (1, 1, 1)): [10799, 8844, 5746, 3895, 2831, 1242, 519, 188, 89, 33, 14, 10, 5, 2, 1, 1]
(2, (0, 0, 0)): [403805, 18147, 6321, 2012, 717, 250, 88, 32, 7, 2, 1, 0, 1]
(2, (0, 0, 1)): [39869, 12997, 2497, 849, 310, 124, 38, 10, 1, 2, 0, 1]
(2, (0, 1, 0)): [103305, 23787, 6035, 2117, 703, 249, 80, 17, 5, 1, 1, 0, 1]
(2, (0, 1, 1)): [24969, 2202, 5900, 1574, 609, 205, 77, 29, 11, 4, 2, 1, 0, 1]
(2, (1, 0, 0)): [232870, 17738, 10812, 3489, 1192, 369, 149, 45, 12, 6, 2, 0, 1]
(2, (1, 0, 1)): [38135, 9935, 4130, 2356, 738, 265, 97, 31, 12, 3, 0, 2, 1]
(2, (1, 1, 0)): [90348, 14494, 7484, 4722, 1564, 532, 159, 53, 23, 9, 4, 0, 2, 1]
(2, (1, 1, 1)): [26411, 3983, 4554, 2373, 1614, 558, 171, 62, 29, 5, 4, 0, 1, 1]
