(0, (0, 0, 0), (0, 0)): [33763, 6812, 2933, 1387, 641, 233, 102, 40, 20, 8, 7, 2]
(0, (0, 0, 0), (0, 1)): [18180, 3336, 1393, 676, 333, 108, 50, 15, 11, 5, 4]
(0, (0, 0, 0), (0, 2)): [7541, 1258, 485, 253, 119, 32, 15, 1, 4]
(0, (0, 0, 0), (1, 0)): [12331, 2696, 1212, 553, 247, 96, 41, 20, 9, 3, 3, 2]
(0, (0, 0, 0), (1, 1)): [13949, 2682, 1182, 540, 245, 100, 35, 24, 8, 6, 5, 1]
(0, (0, 0, 0), (1, 2)): [10548, 1883, 746, 364, 154, 52, 22, 9, 6, 2, 2]
(0, (0, 0, 0), (2, 0)): [3748, 944, 437, 196, 95, 31, 22, 4, 4, 2, 2]
(0, (0, 0, 0), (2, 1)): [6607, 1386, 660, 303, 131, 51, 27, 11, 6, 1, 3, 1]
(0, (0, 0, 0), (2, 2)): [7954, 1519, 688, 305, 120, 50, 19, 7, 7, 2, 2]
(0, (0, 0, 0), (3, 0)): [1012, 264, 146, 76, 40, 9, 7, 1, 1, 1]
(0, (0, 0, 0), (3, 1)): [2465, 576, 300, 156, 73, 33, 17, 5, 4, 1]
(0, (0, 0, 0), (3, 2)): [4155, 853, 444, 185, 86, 40, 13, 6, 2, 1, 1]
(0, (0, 0, 1), (0, 0)): [96, 265, 92, 41, 24, 9, 2, 2]
(0, (0, 0, 1), (0, 1)): [47, 128, 42, 18, 9, 4, 0, 1]
(0, (0, 0, 1), (0, 2)): [19, 57, 19, 7, 3, 3]
(0, (0, 0, 1), (1, 0)): [42, 103, 40, 21, 10, 5, 2, 1]
(0, (0, 0, 1), (1, 1)): [40, 103, 28, 15, 11, 4, 2]
(0, (0, 0, 1), (1, 2)): [35, 76, 20, 12, 4, 4, 1]
(0, (0, 0, 1), (2, 0)): [20, 38, 17, 10, 3, 2]
(0, (0, 0, 1), (2, 1)): [27, 60, 18, 9, 9, 3, 1]
(0, (0, 0, 1), (2, 2)): [27, 73, 18, 10, 10, 4, 1]
(0, (0, 0, 1), (3, 0)): [6, 8, 2, 3, 1]
(0, (0, 0, 1), (3, 1)): [12, 18, 5, 5, 4, 1, 1]
(0, (0, 0, 1), (3, 2)): [16, 39, 8, 11, 4, 4, 1]
(0, (0, 1, 0), (0, 0)): [1259, 1190, 464, 229, 109, 38, 21, 11, 3, 0, 2, 1]
(0, (0, 1, 0), (0, 1)): [601, 528, 199, 91, 44, 14, 10, 5, 0, 0, 2]
(0, (0, 1, 0), (0, 2)): [270, 198, 74, 31, 19, 6, 4, 3]
(0, (0, 1, 0), (1, 0)): [511, 458, 202, 105, 49, 21, 10, 5, 2, 0, 0, 1]
(0, (0, 1, 0), (1, 1)): [472, 406, 167, 85, 40, 16, 7, 2, 1, 0, 2, 1]
(0, (0, 1, 0), (1, 2)): [379, 293, 103, 60, 24, 13, 3, 3, 0, 0, 1]
(0, (0, 1, 0), (2, 0)): [175, 159, 74, 41, 19, 6, 4, 5, 1]
(0, (0, 1, 0), (2, 1)): [249, 205, 98, 48, 28, 10, 7, 0, 2, 0, 1, 1]
(0, (0, 1, 0), (2, 2)): [286, 262, 93, 48, 24, 10, 6, 1, 2, 0, 1]
(0, (0, 1, 0), (3, 0)): [56, 49, 20, 16, 7, 0, 0, 4]
(0, (0, 1, 0), (3, 1)): [110, 78, 37, 24, 17, 1, 1, 2, 0, 0, 1, 1]
(0, (0, 1, 0), (3, 2)): [176, 136, 56, 30, 19, 5, 2, 0, 0, 0, 0, 1]
(0, (0, 1, 1), (0, 0)): [99, 146, 169, 105, 50, 18, 9, 9, 3, 2]
(0, (0, 1, 1), (0, 1)): [50, 65, 72, 41, 18, 7, 1, 3, 1]
(0, (0, 1, 1), (0, 2)): [26, 28, 34, 20, 8, 3]
(0, (0, 1, 1), (1, 0)): [41, 60, 61, 50, 24, 7, 7, 4, 0, 1]
(0, (0, 1, 1), (1, 1)): [34, 56, 46, 33, 16, 7, 7, 2]
(0, (0, 1, 1), (1, 2)): [39, 39, 42, 22, 13, 4, 3, 1]
(0, (0, 1, 1), (2, 0)): [18, 27, 23, 21, 10, 2, 1, 3, 0, 1]
(0, (0, 1, 1), (2, 1)): [15, 37, 20, 18, 8, 5, 3, 4]
(0, (0, 1, 1), (2, 2)): [25, 39, 28, 18, 7, 2, 3, 3]
(0, (0, 1, 1), (3, 0)): [9, 11, 13, 8, 6, 0, 1]
(0, (0, 1, 1), (3, 1)): [7, 10, 12, 11, 2, 3, 1, 1]
(0, (0, 1, 1), (3, 2)): [13, 21, 12, 12, 4, 1, 1, 2]
(0, (1, 0, 0), (0, 0)): [6454, 1867, 1304, 711, 360, 123, 57, 27, 14, 5, 5, 1]
(0, (1, 0, 0), (0, 1)): [3199, 832, 572, 298, 166, 50, 28, 12, 6, 3, 4, 1]
(0, (1, 0, 0), (0, 2)): [1364, 323, 210, 101, 55, 16, 5, 6, 3, 0, 2, 1]
(0, (1, 0, 0), (1, 0)): [2353, 766, 558, 299, 139, 52, 20, 10, 6, 2, 1]
(0, (1, 0, 0), (1, 1)): [2251, 629, 463, 246, 125, 49, 20, 11, 2, 2, 1]
(0, (1, 0, 0), (1, 2)): [1695, 399, 264, 138, 77, 20, 12, 9, 2, 0, 2, 1]
(0, (1, 0, 0), (2, 0)): [713, 247, 192, 116, 46, 12, 11, 0, 4, 1, 1]
(0, (1, 0, 0), (2, 1)): [1070, 310, 240, 136, 64, 22, 7, 4, 4, 2]
(0, (1, 0, 0), (2, 2)): [1253, 300, 224, 114, 42, 14, 7, 5, 1, 1, 1, 1]
(0, (1, 0, 0), (3, 0)): [172, 72, 63, 39, 18, 5, 7, 0, 1, 1, 1]
(0, (1, 0, 0), (3, 1)): [366, 124, 119, 65, 31, 14, 4, 0, 4, 2, 1]
(0, (1, 0, 0), (3, 2)): [576, 182, 143, 68, 34, 9, 4, 3, 0, 1, 2, 1]
(0, (1, 0, 1), (0, 0)): [140, 426, 147, 131, 64, 27, 9, 9, 1]
(0, (1, 0, 1), (0, 1)): [72, 189, 58, 53, 30, 12, 1, 6, 1]
(0, (1, 0, 1), (0, 2)): [34, 80, 14, 24, 13, 3, 0, 4, 1]
(0, (1, 0, 1), (1, 0)): [49, 157, 56, 59, 22, 10, 6, 2]
(0, (1, 0, 1), (1, 1)): [44, 132, 55, 42, 19, 9, 4, 2]
(0, (1, 0, 1), (1, 2)): [39, 94, 29, 32, 19, 4, 1, 3, 1]
(0, (1, 0, 1), (2, 0)): [15, 43, 18, 25, 7, 2, 2]
(0, (1, 0, 1), (2, 1)): [14, 66, 26, 27, 8, 7, 2, 1]
(0, (1, 0, 1), (2, 2)): [29, 66, 22, 29, 12, 3, 2, 4, 1]
(0, (1, 0, 1), (3, 0)): [3, 9, 4, 8, 3, 0, 1]
(0, (1, 0, 1), (3, 1)): [5, 25, 11, 12, 3, 3, 2]
(0, (1, 0, 1), (3, 2)): [16, 37, 11, 14, 6, 6, 3, 1]
(0, (1, 1, 0), (0, 0)): [989, 575, 391, 322, 174, 62, 33, 19, 8, 4, 5, 1]
(0, (1, 1, 0), (0, 1)): [488, 261, 167, 144, 71, 28, 16, 5, 4, 1, 1]
(0, (1, 1, 0), (0, 2)): [211, 100, 78, 59, 29, 11, 3, 3, 1, 0, 1]
(0, (1, 1, 0), (1, 0)): [363, 221, 156, 122, 64, 24, 12, 10, 4, 2, 3, 1]
(0, (1, 1, 0), (1, 1)): [365, 185, 119, 99, 51, 18, 11, 5, 2, 1, 3]
(0, (1, 1, 0), (1, 2)): [293, 118, 92, 75, 39, 13, 5, 7, 2]
(0, (1, 1, 0), (2, 0)): [104, 65, 49, 44, 28, 9, 1, 5, 2, 0, 0, 1]
(0, (1, 1, 0), (2, 1)): [158, 90, 65, 53, 29, 11, 5, 3, 1, 0, 2, 1]
(0, (1, 1, 0), (2, 2)): [206, 99, 79, 50, 27, 12, 3, 5, 0, 0, 1]
(0, (1, 1, 0), (3, 0)): [22, 22, 19, 13, 14, 2, 1]
(0, (1, 1, 0), (3, 1)): [47, 40, 28, 23, 19, 4, 3, 2, 0, 0, 0, 1]
(0, (1, 1, 0), (3, 2)): [81, 49, 51, 32, 27, 9, 3, 3]
(0, (1, 1, 1), (0, 0)): [83, 193, 153, 115, 94, 32, 22, 11, 2, 0, 1, 1]
(0, (1, 1, 1), (0, 1)): [51, 76, 71, 55, 44, 15, 7, 7, 0, 0, 1]
(0, (1, 1, 1), (0, 2)): [28, 29, 23, 26, 16, 5, 3, 4, 0, 0, 1]
(0, (1, 1, 1), (1, 0)): [25, 81, 60, 49, 36, 12, 10, 3]
(0, (1, 1, 1), (1, 1)): [34, 71, 48, 41, 38, 14, 8, 3]
(0, (1, 1, 1), (1, 2)): [31, 42, 35, 26, 25, 8, 1, 3, 0, 0, 1]
(0, (1, 1, 1), (2, 0)): [6, 25, 20, 19, 9, 3, 2, 2]
(0, (1, 1, 1), (2, 1)): [11, 31, 25, 23, 14, 7, 5, 1]
(0, (1, 1, 1), (2, 2)): [17, 37, 24, 19, 23, 6, 2, 2, 0, 0, 1]
(0, (1, 1, 1), (3, 0)): [0, 4, 6, 6, 3, 1, 0, 1]
(0, (1, 1, 1), (3, 1)): [0, 7, 7, 8, 4, 2, 2]
(0, (1, 1, 1), (3, 2)): [9, 13, 10, 15, 10, 3, 3, 1]
(1, (0, 0, 0), (0, 0)): [28270, 3225, 1210, 480, 169, 68, 24, 10, 5, 4, 1]
(1, (0, 0, 0), (0, 1)): [14995, 1485, 579, 257, 82, 30, 8, 2, 2, 2]
(1, (0, 0, 0), (0, 2)): [6273, 502, 215, 85, 30, 9, 2, 1]
(1, (0, 0, 0), (1, 0)): [10454, 1359, 504, 177, 72, 32, 10, 6, 3, 2, 1]
(1, (0, 0, 0), (1, 1)): [11618, 1288, 474, 177, 63, 25, 12, 2, 1, 2, 1]
(1, (0, 0, 0), (1, 2)): [8664, 820, 307, 119, 45, 16, 6, 2]
(1, (0, 0, 0), (2, 0)): [3311, 489, 207, 79, 25, 10, 2, 4, 3, 1]
(1, (0, 0, 0), (2, 1)): [5696, 687, 294, 106, 40, 16, 4, 1, 0, 2, 1]
(1, (0, 0, 0), (2, 2)): [6879, 728, 287, 88, 41, 16, 5]
(1, (0, 0, 0), (3, 0)): [953, 146, 78, 33, 11, 4, 2, 3, 2, 1]
(1, (0, 0, 0), (3, 1)): [2059, 282, 149, 67, 15, 10, 1, 4, 1, 1]
(1, (0, 0, 0), (3, 2)): [3612, 435, 214, 72, 32, 12, 2, 0, 0, 1]
(1, (0, 0, 1), (0, 0)): [658, 913, 177, 92, 42, 14, 5, 3, 0, 0, 1]
(1, (0, 0, 1), (0, 1)): [320, 358, 65, 41, 21, 6, 3, 1]
(1, (0, 0, 1), (0, 2)): [153, 143, 17, 14, 6, 3, 2]
(1, (0, 0, 1), (1, 0)): [284, 425, 87, 41, 15, 7, 2, 2, 0, 0, 1]
(1, (0, 0, 1), (1, 1)): [257, 314, 72, 30, 11, 5, 2, 2]
(1, (0, 0, 1), (1, 2)): [217, 201, 41, 18, 10, 4, 2, 1]
(1, (0, 0, 1), (2, 0)): [118, 177, 36, 25, 8, 4, 1, 1]
(1, (0, 0, 1), (2, 1)): [141, 187, 36, 23, 4, 3, 2, 2]
(1, (0, 0, 1), (2, 2)): [202, 181, 39, 23, 7, 3, 0, 1]
(1, (0, 0, 1), (3, 0)): [63, 66, 17, 15, 6, 4, 1]
(1, (0, 0, 1), (3, 1)): [64, 79, 20, 16, 2, 2, 2]
(1, (0, 0, 1), (3, 2)): [114, 109, 30, 13, 5, 1, 1]
(1, (0, 1, 0), (0, 0)): [3399, 1350, 547, 198, 81, 42, 19, 6, 4]
(1, (0, 1, 0), (0, 1)): [1674, 576, 232, 85, 27, 17, 8, 5]
(1, (0, 1, 0), (0, 2)): [754, 229, 85, 21, 8, 7, 2, 3]
(1, (0, 1, 0), (1, 0)): [1408, 606, 255, 95, 47, 20, 9, 1, 4]
(1, (0, 1, 0), (1, 1)): [1366, 483, 205, 87, 36, 11, 11, 2]
(1, (0, 1, 0), (1, 2)): [1083, 323, 127, 45, 18, 8, 2, 1]
(1, (0, 1, 0), (2, 0)): [519, 223, 116, 40, 21, 10, 3, 1, 3]
(1, (0, 1, 0), (2, 1)): [716, 269, 118, 48, 24, 9, 7, 1, 1]
(1, (0, 1, 0), (2, 2)): [895, 257, 115, 41, 20, 9, 5]
(1, (0, 1, 0), (3, 0)): [211, 86, 42, 19, 11, 5, 1, 0, 1]
(1, (0, 1, 0), (3, 1)): [313, 111, 53, 29, 14, 2, 4, 1, 2]
(1, (0, 1, 0), (3, 2)): [508, 156, 79, 26, 13, 7, 5, 1, 2]
(1, (0, 1, 1), (0, 0)): [488, 378, 318, 126, 64, 34, 10, 7, 0, 1, 1]
(1, (0, 1, 1), (0, 1)): [221, 151, 132, 47, 24, 10, 4, 4, 0, 0, 1]
(1, (0, 1, 1), (0, 2)): [109, 37, 54, 25, 6, 2, 3, 1]
(1, (0, 1, 1), (1, 0)): [225, 187, 143, 61, 35, 18, 6, 3, 0, 1]
(1, (0, 1, 1), (1, 1)): [196, 133, 117, 37, 22, 13, 3, 4]
(1, (0, 1, 1), (1, 2)): [165, 72, 72, 24, 14, 7, 2]
(1, (0, 1, 1), (2, 0)): [103, 90, 54, 25, 15, 12, 3, 2]
(1, (0, 1, 1), (2, 1)): [86, 79, 63, 18, 13, 7, 3, 2]
(1, (0, 1, 1), (2, 2)): [126, 65, 51, 20, 10, 4, 3]
(1, (0, 1, 1), (3, 0)): [69, 52, 25, 16, 9, 10, 2, 2]
(1, (0, 1, 1), (3, 1)): [21, 39, 24, 11, 9, 10, 2, 1]
(1, (0, 1, 1), (3, 2)): [65, 51, 23, 11, 10, 5, 2]
(1, (1, 0, 0), (0, 0)): [9577, 1515, 1075, 484, 177, 72, 33, 9, 4, 6]
(1, (1, 0, 0), (0, 1)): [4675, 672, 443, 219, 68, 31, 11, 6, 0, 2]
(1, (1, 0, 0), (0, 2)): [1933, 246, 144, 70, 28, 11, 2, 1, 0, 1]
(1, (1, 0, 0), (1, 0)): [3658, 619, 454, 202, 78, 28, 17, 3, 1, 2]
(1, (1, 0, 0), (1, 1)): [3448, 519, 365, 188, 68, 19, 14, 5, 0, 2]
(1, (1, 0, 0), (1, 2)): [2506, 318, 199, 110, 42, 17, 9, 1, 0, 2]
(1, (1, 0, 0), (2, 0)): [1165, 202, 178, 69, 23, 14, 5, 1, 1]
(1, (1, 0, 0), (2, 1)): [1637, 279, 195, 107, 35, 8, 7, 5, 1]
(1, (1, 0, 0), (2, 2)): [1849, 247, 167, 92, 42, 13, 6, 1, 0, 1]
(1, (1, 0, 0), (3, 0)): [308, 60, 57, 21, 6, 5, 1, 1]
(1, (1, 0, 0), (3, 1)): [589, 102, 90, 60, 16, 6, 5, 3]
(1, (1, 0, 0), (3, 2)): [867, 133, 108, 65, 21, 5, 7, 3, 0, 1]
(1, (1, 0, 1), (0, 0)): [804, 826, 231, 156, 70, 40, 17, 8, 3]
(1, (1, 0, 1), (0, 1)): [378, 357, 91, 70, 29, 14, 10, 3, 1]
(1, (1, 0, 1), (0, 2)): [161, 117, 33, 31, 11, 5, 8, 1]
(1, (1, 0, 1), (1, 0)): [308, 341, 96, 60, 25, 18, 4, 5, 1]
(1, (1, 0, 1), (1, 1)): [290, 281, 66, 46, 19, 13, 2, 3, 2]
(1, (1, 0, 1), (1, 2)): [211, 167, 42, 31, 12, 8, 6, 1]
(1, (1, 0, 1), (2, 0)): [107, 107, 38, 19, 10, 6, 2, 3]
(1, (1, 0, 1), (2, 1)): [158, 127, 35, 20, 14, 4, 0, 1, 1]
(1, (1, 0, 1), (2, 2)): [180, 132, 34, 22, 11, 6, 2, 1, 1]
(1, (1, 0, 1), (3, 0)): [30, 40, 14, 5, 2, 4, 2, 2]
(1, (1, 0, 1), (3, 1)): [56, 52, 15, 9, 4, 1, 0, 1]
(1, (1, 0, 1), (3, 2)): [81, 64, 19, 10, 5, 3, 0, 1, 1]
(1, (1, 1, 0), (0, 0)): [2744, 709, 480, 384, 163, 59, 28, 9, 4, 3, 1]
(1, (1, 1, 0), (0, 1)): [1331, 301, 223, 158, 62, 24, 13, 4, 4, 2, 1]
(1, (1, 1, 0), (0, 2)): [572, 115, 79, 65, 21, 9, 5, 2, 1, 1, 1]
(1, (1, 1, 0), (1, 0)): [1076, 311, 204, 166, 74, 29, 11, 5, 0, 1]
(1, (1, 1, 0), (1, 1)): [1015, 261, 182, 145, 52, 22, 5, 4, 3]
(1, (1, 1, 0), (1, 2)): [738, 162, 116, 84, 28, 12, 5, 3, 2, 0, 1]
(1, (1, 1, 0), (2, 0)): [334, 109, 73, 47, 31, 11, 7, 1, 0, 1]
(1, (1, 1, 0), (2, 1)): [493, 130, 107, 68, 33, 13, 7, 2, 2, 1]
(1, (1, 1, 0), (2, 2)): [547, 127, 104, 65, 31, 15, 5, 2, 3]
(1, (1, 1, 0), (3, 0)): [89, 40, 27, 18, 15, 4, 2, 1]
(1, (1, 1, 0), (3, 1)): [194, 77, 49, 39, 15, 5, 5, 1, 0, 1]
(1, (1, 1, 0), (3, 2)): [314, 94, 68, 46, 19, 7, 3, 2, 2, 1]
(1, (1, 1, 1), (0, 0)): [524, 421, 238, 147, 134, 59, 27, 14, 4, 3, 1]
(1, (1, 1, 1), (0, 1)): [271, 186, 105, 57, 56, 22, 13, 5, 0, 1]
(1, (1, 1, 1), (0, 2)): [141, 56, 43, 24, 18, 12, 3, 2, 0, 1]
(1, (1, 1, 1), (1, 0)): [188, 153, 97, 62, 58, 27, 11, 6, 2, 1, 1]
(1, (1, 1, 1), (1, 1)): [197, 138, 80, 51, 41, 19, 14, 5, 0, 1]
(1, (1, 1, 1), (1, 2)): [175, 85, 65, 34, 24, 10, 9, 2, 0, 1]
(1, (1, 1, 1), (2, 0)): [43, 58, 36, 19, 22, 9, 5, 3, 1, 0, 1]
(1, (1, 1, 1), (2, 1)): [83, 73, 41, 23, 30, 9, 4, 2]
(1, (1, 1, 1), (2, 2)): [113, 68, 45, 27, 23, 7, 6, 2]
(1, (1, 1, 1), (3, 0)): [7, 17, 9, 7, 4, 3, 2, 1, 1]
(1, (1, 1, 1), (3, 1)): [25, 36, 19, 13, 13, 5, 2, 1, 1]
(1, (1, 1, 1), (3, 2)): [45, 35, 25, 21, 14, 7, 3, 1, 1]
(2, (0, 0, 0), (0, 0)): [25130, 1277, 380, 134, 39, 9, 2]
(2, (0, 0, 0), (0, 1)): [12839, 541, 173, 55, 17, 2]
(2, (0, 0, 0), (0, 2)): [5299, 160, 56, 16, 7]
(2, (0, 0, 0), (1, 0)): [9849, 564, 158, 59, 20, 7, 2]
(2, (0, 0, 0), (1, 1)): [10418, 468, 142, 51, 16, 7, 1]
(2, (0, 0, 0), (1, 2)): [7667, 262, 80, 27, 11, 2]
(2, (0, 0, 0), (2, 0)): [3276, 229, 79, 25, 10, 1]
(2, (0, 0, 0), (2, 1)): [5286, 274, 97, 36, 10, 3, 1]
(2, (0, 0, 0), (2, 2)): [6266, 255, 87, 34, 6, 1, 1]
(2, (0, 0, 0), (3, 0)): [968, 60, 31, 10, 7]
(2, (0, 0, 0), (3, 1)): [2084, 132, 63, 22, 7, 2]
(2, (0, 0, 0), (3, 2)): [3544, 185, 78, 32, 7, 3, 1]
(2, (0, 0, 1), (0, 0)): [2172, 594, 126, 42, 14, 6, 1, 1]
(2, (0, 0, 1), (0, 1)): [956, 268, 53, 13, 3, 2, 0, 1]
(2, (0, 0, 1), (0, 2)): [405, 105, 18, 3, 1, 1]
(2, (0, 0, 1), (1, 0)): [1011, 252, 63, 27, 10, 4, 1]
(2, (0, 0, 1), (1, 1)): [872, 214, 39, 18, 5]
(2, (0, 0, 1), (1, 2)): [631, 143, 29, 8, 4]
(2, (0, 0, 1), (2, 0)): [426, 94, 31, 16, 6, 3]
(2, (0, 0, 1), (2, 1)): [505, 133, 26, 15, 4]
(2, (0, 0, 1), (2, 2)): [589, 133, 16, 8, 2]
(2, (0, 0, 1), (3, 0)): [208, 27, 13, 8, 3, 3]
(2, (0, 0, 1), (3, 1)): [237, 57, 20, 10, 2]
(2, (0, 0, 1), (3, 2)): [359, 93, 15, 6, 1]
(2, (0, 1, 0), (0, 0)): [5744, 1053, 305, 129, 30, 6, 0, 1]
(2, (0, 1, 0), (0, 1)): [2694, 430, 116, 47, 9, 5]
(2, (0, 1, 0), (0, 2)): [1154, 135, 45, 14, 1, 1]
(2, (0, 1, 0), (1, 0)): [2608, 481, 151, 75, 19, 1, 0, 1]
(2, (0, 1, 0), (1, 1)): [2311, 377, 115, 55, 13, 4]
(2, (0, 1, 0), (1, 2)): [1759, 223, 78, 28, 3, 2]
(2, (0, 1, 0), (2, 0)): [1142, 203, 72, 43, 10, 0, 0, 1]
(2, (0, 1, 0), (2, 1)): [1262, 227, 60, 44, 5, 3, 0, 1]
(2, (0, 1, 0), (2, 2)): [1471, 183, 66, 32, 4, 2, 0, 1]
(2, (0, 1, 0), (3, 0)): [555, 78, 35, 25, 6]
(2, (0, 1, 0), (3, 1)): [595, 114, 31, 25, 4, 2]
(2, (0, 1, 0), (3, 2)): [901, 124, 46, 29, 5, 1]
(2, (0, 1, 1), (0, 0)): [1374, 103, 240, 90, 20, 14, 3, 2]
(2, (0, 1, 1), (0, 1)): [663, 45, 105, 32, 8, 6, 2]
(2, (0, 1, 1), (0, 2)): [301, 13, 36, 12, 2, 2, 1]
(2, (0, 1, 1), (1, 0)): [591, 46, 118, 50, 10, 8, 1, 2]
(2, (0, 1, 1), (1, 1)): [553, 41, 100, 35, 7, 6, 1]
(2, (0, 1, 1), (1, 2)): [463, 22, 66, 17, 4, 2, 1]
(2, (0, 1, 1), (2, 0)): [253, 21, 48, 24, 8, 5, 0, 1]
(2, (0, 1, 1), (2, 1)): [283, 22, 49, 21, 5, 5, 1]
(2, (0, 1, 1), (2, 2)): [386, 23, 62, 21, 3, 2, 1]
(2, (0, 1, 1), (3, 0)): [138, 15, 30, 8, 5, 4, 0, 1]
(2, (0, 1, 1), (3, 1)): [122, 12, 19, 10, 3, 4, 1]
(2, (0, 1, 1), (3, 2)): [239, 21, 31, 18, 2, 3, 1]
(2, (1, 0, 0), (0, 0)): [11538, 822, 594, 201, 59, 19, 4, 2]
(2, (1, 0, 0), (0, 1)): [5677, 360, 233, 86, 20, 8, 2]
(2, (1, 0, 0), (0, 2)): [2351, 115, 71, 20, 6, 3]
(2, (1, 0, 0), (1, 0)): [4430, 368, 257, 92, 27, 9, 2, 1]
(2, (1, 0, 0), (1, 1)): [4229, 300, 201, 80, 23, 6, 2, 1]
(2, (1, 0, 0), (1, 2)): [3066, 172, 84, 35, 10, 4, 1]
(2, (1, 0, 0), (2, 0)): [1441, 137, 86, 37, 7, 4, 1]
(2, (1, 0, 0), (2, 1)): [2020, 169, 127, 44, 13, 6, 0, 1]
(2, (1, 0, 0), (2, 2)): [2223, 144, 87, 32, 10, 5]
(2, (1, 0, 0), (3, 0)): [431, 51, 25, 21, 2, 1, 1]
(2, (1, 0, 0), (3, 1)): [784, 88, 52, 31, 8, 3]
(2, (1, 0, 0), (3, 2)): [1145, 108, 64, 29, 8, 5]
(2, (1, 0, 1), (0, 0)): [2191, 429, 155, 119, 37, 11, 4, 1]
(2, (1, 0, 1), (0, 1)): [1058, 167, 63, 48, 15, 5, 4, 1]
(2, (1, 0, 1), (0, 2)): [446, 57, 19, 15, 7, 2]
(2, (1, 0, 1), (1, 0)): [902, 195, 72, 48, 17, 4]
(2, (1, 0, 1), (1, 1)): [833, 146, 64, 37, 10, 5, 2, 1]
(2, (1, 0, 1), (1, 2)): [636, 77, 39, 19, 7, 1, 2]
(2, (1, 0, 1), (2, 0)): [322, 68, 29, 16, 5, 2]
(2, (1, 0, 1), (2, 1)): [408, 75, 35, 22, 6, 2]
(2, (1, 0, 1), (2, 2)): [495, 59, 34, 14, 6, 1, 2]
(2, (1, 0, 1), (3, 0)): [92, 22, 14, 5, 2, 2]
(2, (1, 0, 1), (3, 1)): [157, 38, 16, 13, 3, 2]
(2, (1, 0, 1), (3, 2)): [244, 35, 28, 8, 5, 1]
(2, (1, 1, 0), (0, 0)): [4448, 588, 302, 265, 79, 20, 6, 3]
(2, (1, 1, 0), (0, 1)): [2224, 258, 136, 97, 32, 5, 3]
(2, (1, 1, 0), (0, 2)): [960, 81, 40, 32, 6, 2, 2]
(2, (1, 1, 0), (1, 0)): [1744, 252, 131, 138, 41, 11, 2, 2]
(2, (1, 1, 0), (1, 1)): [1766, 197, 112, 80, 30, 6, 1, 1]
(2, (1, 1, 0), (1, 2)): [1380, 121, 59, 46, 14, 4, 1]
(2, (1, 1, 0), (2, 0)): [583, 92, 45, 62, 22, 6, 1, 1]
(2, (1, 1, 0), (2, 1)): [829, 108, 56, 63, 25, 8, 2, 1]
(2, (1, 1, 0), (2, 2)): [1014, 100, 53, 42, 17, 4, 2, 1]
(2, (1, 1, 0), (3, 0)): [170, 29, 20, 16, 7, 1]
(2, (1, 1, 0), (3, 1)): [339, 51, 34, 34, 17, 4, 1]
(2, (1, 1, 0), (3, 2)): [525, 54, 42, 33, 20, 3, 3, 1]
(2, (1, 1, 1), (0, 0)): [1280, 176, 210, 99, 83, 31, 12, 5, 2]
(2, (1, 1, 1), (0, 1)): [656, 67, 84, 43, 37, 16, 5, 2, 2]
(2, (1, 1, 1), (0, 2)): [297, 29, 26, 15, 11, 4, 2]
(2, (1, 1, 1), (1, 0)): [452, 102, 92, 41, 36, 13, 6, 2]
(2, (1, 1, 1), (1, 1)): [488, 59, 79, 38, 36, 13, 6, 4, 1]
(2, (1, 1, 1), (1, 2)): [425, 44, 39, 27, 20, 10, 3, 2]
(2, (1, 1, 1), (2, 0)): [127, 53, 30, 19, 14, 5, 3]
(2, (1, 1, 1), (2, 1)): [218, 46, 44, 26, 16, 7, 4, 2, 1]
(2, (1, 1, 1), (2, 2)): [311, 46, 35, 24, 20, 11, 4, 2]
(2, (1, 1, 1), (3, 0)): [12, 30, 8, 6, 4, 1]
(2, (1, 1, 1), (3, 1)): [46, 40, 21, 15, 11, 2, 1, 1, 1]
(2, (1, 1, 1), (3, 2)): [100, 48, 29, 19, 14, 3, 3, 3]
