(0, (0, 0, 0)): [735872, 149301, 70537, 32370, 14771, 6486, 2680, 1127, 471, 222, 94, 47, 23, 6, 3, 1, 0, 1]
(0, (0, 0, 1)): [3144, 9920, 2766, 1301, 649, 298, 128, 71, 28, 17, 4, 1, 3, 1]
(0, (0, 1, 0)): [23806, 23396, 9156, 4364, 2182, 981, 398, 171, 77, 46, 15, 5, 3, 0, 1]
(0, (0, 1, 1)): [2143, 3755, 4759, 2150, 1183, 551, 237, 116, 54, 23, 7, 6, 0, 2, 1, 0, 0, 1]
(0, (1, 0, 0)): [162453, 54982, 35291, 17532, 8507, 3903, 1651, 720, 311, 141, 64, 30, 14, 4, 2, 1, 0, 1]
(0, (1, 0, 1)): [3622, 11917, 4904, 3366, 1813, 856, 415, 173, 80, 35, 16, 10, 4, 0, 1, 0, 0, 1]
(0, (1, 1, 0)): [22269, 14515, 11430, 7988, 4379, 2056, 908, 452, 183, 78, 39, 17, 6, 1]
(0, (1, 1, 1)): [2298, 4232, 3556, 2769, 2209, 1081, 518, 273, 114, 49, 29, 11, 1, 1, 1]
(1, (0, 0, 0)): [587860, 64805, 27074, 10782, 4376, 1675, 645, 244, 98, 41, 19, 11, 5, 2, 0, 1]
(1, (0, 0, 1)): [16642, 25202, 4982, 2091, 894, 390, 152, 66, 31, 11, 6, 4, 3, 1]
(1, (0, 1, 0)): [79931, 37787, 13438, 5703, 2349, 939, 327, 152, 41, 28, 14, 7, 5, 1, 1]
(1, (0, 1, 1)): [13572, 11478, 10965, 4331, 2206, 886, 350, 148, 73, 19, 8, 4, 1, 2, 0, 1]
(1, (1, 0, 0)): [235880, 43057, 27200, 11823, 4854, 1983, 765, 276, 132, 58, 21, 15, 4, 2, 0, 2]
(1, (1, 0, 1)): [18272, 23064, 7554, 4915, 2133, 907, 339, 137, 55, 41, 12, 3, 0, 1]
(1, (1, 1, 0)): [64074, 20247, 14194, 9781, 4284, 1852, 715, 287, 118, 53, 19, 10, 6, 4, 1]
(1, (1, 1, 1)): [13273, 10720, 6950, 4709, 3450, 1496, 610, 237, 100, 38, 15, 11, 6, 2, 1, 1]
(2, (0, 0, 0)): [506295, 22836, 7909, 2479, 902, 300, 112, 36, 8, 3, 3, 0, 1]
(2, (0, 0, 1)): [49680, 16147, 3058, 1053, 376, 145, 44, 12, 2, 2, 0, 1]
(2, (0, 1, 0)): [129214, 29165, 7488, 2634, 865, 294, 94, 19, 6, 2, 2, 0, 1]
(2, (0, 1, 1)): [30956, 2771, 7239, 1920, 743, 250, 91, 33, 11, 4, 3, 1, 0, 1]
(2, (1, 0, 0)): [288464, 21663, 13442, 4259, 1449, 450, 186, 55, 14, 8, 4, 0, 1]
(2, (1, 0, 1)): [47118, 12196, 4994, 2841, 919, 318, 118, 35, 15, 3, 0, 2, 1]
(2, (1, 1, 0)): [110753, 17607, 9093, 5777, 1903, 645, 195, 68, 26, 12, 5, 1, 2, 1]
(2, (1, 1, 1)): [32377, 4897, 5487, 2842, 1964, 667, 212, 79, 32, 6, 5, 0, 1, 1]
