(0, (0, 0, 0)): [487754, 91513, 41510, 18479, 7972, 3292, 1317, 550, 195, 84, 32, 15, 6, 2]
(0, (0, 0, 1)): [2138, 5129, 1296, 663, 291, 122, 43, 15, 6, 6, 1, 0, 0, 1]
(0, (0, 1, 0)): [17811, 14533, 5675, 2710, 1267, 500, 215, 89, 32, 17, 4, 0, 1, 1]
(0, (0, 1, 1)): [1612, 2212, 2534, 1233, 628, 281, 117, 63, 23, 14, 3, 1, 1]
(0, (1, 0, 0)): [102419, 31075, 20023, 9598, 4443, 1947, 792, 343, 132, 55, 20, 10, 5]
(0, (1, 0, 1)): [2772, 6761, 2727, 1859, 977, 414, 202, 75, 32, 15, 8, 2, 1, 1]
(0, (1, 1, 0)): [14095, 8125, 5896, 4269, 2142, 1044, 415, 192, 72, 31, 8, 8, 2]
(0, (1, 1, 1)): [1591, 2220, 1938, 1359, 1057, 541, 247, 117, 46, 22, 5, 3, 2]
(1, (0, 0, 0)): [398631, 41284, 16712, 6508, 2453, 898, 348, 126, 47, 17, 9, 3, 1]
(1, (0, 0, 1)): [10342, 12707, 2452, 1049, 423, 171, 62, 14, 6, 2, 0, 0, 1]
(1, (0, 1, 0)): [51849, 20414, 7620, 3194, 1281, 458, 147, 75, 21, 5, 7, 0, 2]
(1, (0, 1, 1)): [8400, 5757, 5010, 1966, 1054, 405, 152, 69, 19, 9, 0, 2]
(1, (1, 0, 0)): [146053, 23487, 15699, 6433, 2604, 965, 384, 139, 59, 17, 7, 3, 1]
(1, (1, 0, 1)): [12395, 12337, 3874, 2604, 1116, 415, 177, 68, 15, 6, 0, 2]
(1, (1, 1, 0)): [40560, 11463, 7375, 5451, 2179, 858, 333, 140, 59, 12, 6, 3, 3]
(1, (1, 1, 1)): [8881, 5706, 3874, 2423, 1700, 719, 275, 111, 32, 11, 3, 3, 1]
(2, (0, 0, 0)): [346903, 15427, 5033, 1638, 500, 152, 55, 10, 1, 2, 3]
(2, (0, 0, 1)): [28091, 7939, 1628, 570, 200, 60, 11, 4, 2]
(2, (0, 1, 0)): [79429, 15416, 4400, 1557, 518, 157, 42, 15, 2, 5, 4]
(2, (0, 1, 1)): [17336, 1357, 3453, 954, 383, 111, 39, 10, 6, 0, 1]
(2, (1, 0, 0)): [175017, 11459, 8089, 2553, 762, 247, 99, 22, 3, 4, 3]
(2, (1, 0, 1)): [30361, 6614, 2375, 1566, 516, 160, 59, 17, 8, 4]
(2, (1, 1, 0)): [69502, 9862, 4810, 3530, 1118, 354, 118, 41, 11, 8, 2, 1]
(2, (1, 1, 1)): [20111, 2493, 3167, 1491, 1134, 330, 117, 42, 10, 1, 1]
