(0, (0, 0, 0)): [1904106, 389164, 179058, 81866, 36713, 15754, 6503, 2643, 1080, 464, 200, 100, 36, 19, 5, 1, 1, 1]
(0, (0, 0, 1)): [7187, 22155, 6104, 2929, 1422, 610, 266, 112, 43, 27, 13, 3, 4, 3]
(0, (0, 1, 0)): [69601, 65510, 25748, 12675, 6067, 2622, 1113, 470, 197, 106, 34, 13, 6, 6, 3, 0, 1]
(0, (0, 1, 1)): [5589, 9815, 11655, 5436, 2856, 1382, 582, 248, 133, 54, 15, 11, 3, 4, 2, 0, 1, 1]
(0, (1, 0, 0)): [401287, 134053, 86381, 42964, 20582, 9263, 3837, 1631, 692, 294, 141, 59, 23, 14, 3, 1, 1, 1]
(0, (1, 0, 1)): [9464, 29176, 11869, 8410, 4435, 2061, 971, 387, 191, 77, 40, 18, 8, 2, 2, 0, 0, 1]
(0, (1, 1, 0)): [56516, 36027, 26792, 19446, 10360, 4875, 2054, 955, 406, 176, 84, 34, 11, 5, 0, 0, 1]
(0, (1, 1, 1)): [5353, 10557, 8583, 6283, 5104, 2543, 1169, 551, 267, 109, 58, 20, 6, 4, 1, 0, 1]
(1, (0, 0, 0)): [1553157, 173334, 70970, 28180, 10994, 4186, 1639, 590, 209, 84, 32, 21, 7, 3, 0, 1]
(1, (0, 0, 1)): [42154, 60667, 12123, 5243, 2145, 900, 334, 123, 59, 23, 13, 7, 4, 2]
(1, (0, 1, 0)): [210928, 91994, 33852, 14688, 5957, 2391, 823, 374, 109, 54, 28, 9, 9, 2, 1]
(1, (0, 1, 1)): [32961, 27730, 24077, 9766, 5078, 2002, 788, 321, 143, 46, 12, 7, 2, 2, 0, 1]
(1, (1, 0, 0)): [582548, 103417, 67564, 28831, 11760, 4670, 1876, 659, 262, 109, 42, 29, 5, 3, 0, 2]
(1, (1, 0, 1)): [47377, 54533, 17519, 11873, 5161, 2122, 834, 324, 111, 66, 19, 7, 0, 1]
(1, (1, 1, 0)): [163026, 49741, 33090, 24107, 10130, 4216, 1637, 649, 255, 105, 43, 21, 9, 5, 1]
(1, (1, 1, 1)): [33278, 26656, 16776, 10894, 8251, 3508, 1432, 535, 222, 80, 27, 18, 9, 4, 1, 1]
(2, (0, 0, 0)): [1354306, 63699, 21313, 6775, 2264, 722, 246, 85, 14, 7, 5, 0, 1]
(2, (0, 0, 1)): [127140, 37631, 7902, 2678, 952, 332, 95, 32, 8, 5, 0, 2]
(2, (0, 1, 0)): [335797, 69858, 19441, 6872, 2328, 767, 230, 73, 17, 11, 7, 0, 1]
(2, (0, 1, 1)): [77126, 6544, 16346, 4659, 1843, 610, 196, 67, 22, 6, 4, 1, 0, 1]
(2, (1, 0, 0)): [705622, 51178, 34338, 10891, 3597, 1136, 445, 128, 30, 13, 7, 1, 1]
(2, (1, 0, 1)): [123994, 29268, 11535, 7275, 2411, 787, 269, 85, 30, 9, 2, 4, 1]
(2, (1, 1, 0)): [278781, 42273, 21336, 14818, 4841, 1546, 531, 182, 54, 26, 10, 2, 2, 1]
(2, (1, 1, 1)): [81737, 11915, 13593, 6784, 5108, 1593, 552, 187, 58, 14, 10, 3, 1, 1]
