(0, (0, 0, 0)): [30026, 6312, 2902, 1284, 641, 256, 106, 36, 17, 5, 1, 2, 1]
(0, (0, 0, 1)): [96, 296, 77, 43, 14, 9, 3]
(0, (0, 1, 0)): [1159, 1142, 436, 243, 114, 57, 34, 8, 2, 1]
(0, (0, 1, 1)): [85, 160, 196, 93, 40, 19, 9, 2, 1, 1]
(0, (1, 0, 0)): [5725, 1995, 1357, 657, 351, 138, 51, 19, 12, 3, 1, 2]
(0, (1, 0, 1)): [157, 444, 183, 130, 67, 30, 12, 5, 0, 0, 1, 1]
(0, (1, 1, 0)): [829, 528, 382, 279, 163, 72, 29, 11, 7, 2]
(0, (1, 1, 1)): [74, 130, 112, 64, 64, 30, 14, 4, 2, 0, 0, 1]
(1, (0, 0, 0)): [23467, 2907, 1208, 459, 192, 71, 29, 8, 3, 2, 0, 0, 1]
(1, (0, 0, 1)): [617, 950, 184, 88, 42, 14, 4, 2, 0, 1]
(1, (0, 1, 0)): [3285, 1416, 536, 274, 101, 38, 19, 4, 2, 1]
(1, (0, 1, 1)): [482, 422, 358, 161, 74, 34, 11, 4, 2, 3, 1]
(1, (1, 0, 0)): [8379, 1528, 1065, 442, 209, 78, 29, 9, 5, 2, 0, 1, 1]
(1, (1, 0, 1)): [751, 762, 269, 209, 85, 36, 15, 4, 0, 1, 1, 1]
(1, (1, 1, 0)): [2325, 737, 467, 357, 161, 59, 20, 8, 2, 4, 0, 0, 1]
(1, (1, 1, 1)): [508, 400, 256, 141, 119, 51, 15, 8, 3, 3, 0, 0, 1]
(2, (0, 0, 0)): [20975, 1070, 371, 113, 50, 7, 3, 2]
(2, (0, 0, 1)): [2029, 592, 143, 46, 14, 5, 2, 0, 1]
(2, (0, 1, 0)): [5262, 1043, 327, 103, 37, 14, 4, 1, 1]
(2, (0, 1, 1)): [1209, 91, 268, 66, 29, 10, 2]
(2, (1, 0, 0)): [10178, 759, 574, 178, 72, 22, 4, 3]
(2, (1, 0, 1)): [1994, 430, 177, 106, 55, 11, 4, 1, 1]
(2, (1, 1, 0)): [3971, 609, 286, 236, 72, 23, 6, 4, 1, 1]
(2, (1, 1, 1)): [1226, 177, 207, 81, 88, 24, 8, 6, 2, 1]
