(0, (0, 0, 0)): [15846, 3218, 1576, 739, 327, 141, 59, 26, 15, 5, 6, 0, 2, 0, 0, 0, 0, 1]
(0, (0, 0, 1)): [46, 177, 52, 17, 11, 12, 5, 0, 0, 0, 1]
(0, (0, 1, 0)): [513, 443, 196, 103, 43, 21, 7, 6, 3, 1, 2]
(0, (0, 1, 1)): [42, 76, 85, 37, 24, 9, 5, 2, 2, 1, 0, 1, 0, 0, 0, 0, 0, 1]
(0, (1, 0, 0)): [3455, 1116, 742, 365, 173, 85, 35, 18, 10, 5, 4, 0, 1, 0, 0, 1, 0, 1]
(0, (1, 0, 1)): [67, 232, 92, 61, 39, 16, 6, 6, 2, 1, 0, 0, 1, 0, 0, 0, 0, 1]
(0, (1, 1, 0)): [501, 352, 240, 178, 93, 56, 21, 13, 6, 5, 4]
(0, (1, 1, 1)): [48, 103, 78, 68, 45, 26, 14, 7, 5, 1, 3, 1]
(1, (0, 0, 0)): [12845, 1469, 668, 279, 106, 36, 12, 5, 2, 0, 1, 0, 1]
(1, (0, 0, 1)): [283, 415, 76, 35, 17, 11, 4, 2, 1]
(1, (0, 1, 0)): [1561, 672, 249, 127, 45, 16, 4, 5, 3]
(1, (0, 1, 1)): [278, 209, 193, 76, 37, 15, 9, 4, 3, 0, 1, 0, 0, 0, 0, 1]
(1, (1, 0, 0)): [5037, 862, 625, 290, 107, 44, 16, 6, 5, 1, 2, 0, 1, 0, 0, 1]
(1, (1, 0, 1)): [351, 473, 171, 98, 38, 17, 8, 4, 2, 3, 1, 0, 0, 1]
(1, (1, 1, 0)): [1460, 466, 302, 232, 93, 49, 14, 9, 6, 1, 2, 0, 1]
(1, (1, 1, 1)): [308, 237, 155, 113, 69, 26, 11, 7, 5, 1, 2, 1, 1, 0, 0, 1]
(2, (0, 0, 0)): [11169, 562, 206, 71, 28, 6, 1]
(2, (0, 0, 1)): [840, 264, 52, 22, 8, 3, 1]
(2, (0, 1, 0)): [2500, 530, 177, 65, 16, 4, 2]
(2, (0, 1, 1)): [539, 61, 115, 26, 15, 4, 3, 1]
(2, (1, 0, 0)): [6139, 469, 325, 102, 48, 8, 2]
(2, (1, 0, 1)): [868, 240, 82, 58, 24, 3, 3]
(2, (1, 1, 0)): [2610, 407, 202, 141, 53, 16, 5, 2, 1]
(2, (1, 1, 1)): [775, 105, 117, 51, 47, 16, 4, 1]
