(0, (0, 0, 0)): [26668, 4547, 2024, 830, 387, 126, 60, 24, 11, 4, 2, 1]
(0, (0, 0, 1)): [100, 260, 60, 37, 9, 3, 0, 0, 1]
(0, (0, 1, 0)): [978, 786, 261, 107, 54, 24, 14, 0, 2, 1, 2]
(0, (0, 1, 1)): [90, 106, 136, 68, 25, 14, 3, 3, 3]
(0, (1, 0, 0)): [5457, 1557, 1006, 450, 245, 81, 36, 17, 9, 2, 0, 1]
(0, (1, 0, 1)): [165, 338, 153, 86, 50, 17, 10, 1, 4, 2]
(0, (1, 1, 0)): [748, 416, 336, 210, 105, 44, 17, 13, 6, 0, 2, 1]
(0, (1, 1, 1)): [83, 112, 104, 72, 41, 24, 10, 4, 4, 1, 2, 1]
(1, (0, 0, 0)): [21838, 2009, 824, 293, 108, 28, 15, 7]
(1, (0, 0, 1)): [544, 637, 121, 52, 18, 7, 1]
(1, (0, 1, 0)): [2788, 1043, 357, 151, 65, 17, 7, 2, 1]
(1, (0, 1, 1)): [448, 294, 259, 101, 49, 16, 6, 6, 1]
(1, (1, 0, 0)): [7939, 1162, 758, 286, 117, 34, 13, 8, 1]
(1, (1, 0, 1)): [680, 592, 200, 119, 44, 19, 7, 1]
(1, (1, 1, 0)): [2204, 599, 357, 263, 107, 30, 13, 12, 4]
(1, (1, 1, 1)): [438, 298, 213, 111, 67, 23, 10, 8, 1]
(2, (0, 0, 0)): [18653, 739, 259, 63, 23, 3, 4, 1]
(2, (0, 0, 1)): [1453, 388, 83, 23, 10, 2]
(2, (0, 1, 0)): [4207, 772, 193, 63, 23, 9, 3, 1]
(2, (0, 1, 1)): [893, 74, 177, 54, 17, 5, 1]
(2, (1, 0, 0)): [9355, 541, 381, 97, 36, 6, 6, 1]
(2, (1, 0, 1)): [1551, 295, 106, 74, 20, 5, 2]
(2, (1, 1, 0)): [3674, 467, 237, 151, 49, 12, 7, 3, 1]
(2, (1, 1, 1)): [1085, 116, 142, 63, 47, 12, 5, 3, 1]
