(0, (0, 0, 0), (0, 0)): [680611, 129802, 58749, 26113, 11223, 4700, 1877, 784, 286, 117, 47, 23, 7, 3]
(0, (0, 0, 0), (0, 1)): [11080, 1869, 859, 401, 152, 60, 26, 13, 2]
(0, (0, 0, 0), (0, 2)): [4312, 619, 284, 129, 48, 19, 11, 2, 2]
(0, (0, 0, 0), (1, 0)): [10534, 2122, 996, 450, 200, 94, 34, 15, 10, 3, 1]
(0, (0, 0, 0), (1, 1)): [9433, 1688, 767, 359, 161, 58, 23, 11, 2, 1, 1]
(0, (0, 0, 0), (1, 2)): [6504, 992, 442, 211, 101, 42, 12, 3, 2, 1]
(0, (0, 0, 0), (2, 0)): [3560, 789, 411, 202, 73, 46, 14, 8, 5, 1]
(0, (0, 0, 0), (2, 1)): [4975, 990, 507, 222, 100, 37, 14, 10, 4, 1]
(0, (0, 0, 0), (2, 2)): [5044, 850, 436, 195, 92, 42, 9, 2, 4, 2]
(0, (0, 0, 0), (3, 0)): [1173, 301, 158, 92, 28, 22, 7, 5, 2]
(0, (0, 0, 0), (3, 1)): [2042, 508, 266, 137, 49, 27, 8, 10, 2]
(0, (0, 0, 0), (3, 2)): [2797, 573, 316, 146, 68, 32, 6, 4, 3, 1]
(0, (0, 0, 1), (0, 0)): [2927, 7430, 1947, 942, 441, 175, 74, 21, 7, 7, 2, 1, 0, 1]
(0, (0, 0, 1), (0, 1)): [54, 122, 33, 13, 7, 3, 0, 1, 0, 1]
(0, (0, 0, 1), (1, 0)): [44, 110, 33, 17, 11, 4, 1, 1]
(0, (0, 0, 1), (1, 1)): [44, 93, 31, 10, 8, 3, 0, 1, 0, 1]
(0, (0, 0, 1), (1, 2)): [34, 71, 15, 7, 5, 1, 0, 1, 0, 1]
(0, (0, 0, 1), (2, 1)): [20, 58, 19, 7, 3, 2]
(0, (0, 0, 1), (2, 2)): [31, 59, 17, 4, 5]
(0, (0, 1, 0), (0, 0)): [25990, 21696, 8514, 4103, 1895, 770, 324, 146, 53, 28, 9, 1, 1, 1]
(0, (0, 1, 0), (0, 1)): [374, 309, 108, 48, 22, 8, 4, 4, 2]
(0, (0, 1, 0), (0, 2)): [156, 99, 44, 14, 8, 4, 2, 1, 1]
(0, (0, 1, 0), (1, 0)): [378, 290, 129, 61, 23, 11, 6, 2]
(0, (0, 1, 0), (1, 1)): [309, 268, 98, 50, 16, 5, 2, 3]
(0, (0, 1, 0), (2, 0)): [147, 107, 42, 19, 9, 6, 3]
(0, (0, 1, 0), (2, 1)): [174, 145, 51, 26, 9, 4, 1, 1]
(0, (0, 1, 0), (2, 2)): [180, 129, 49, 23, 10, 2, 2, 0, 1]
(0, (0, 1, 0), (3, 0)): [56, 29, 19, 10, 5, 3, 2]
(0, (0, 1, 0), (3, 1)): [70, 60, 27, 15, 6, 3]
(0, (0, 1, 0), (3, 2)): [113, 81, 32, 18, 9, 2, 2]
(0, (0, 1, 1), (0, 0)): [2179, 3185, 3610, 1724, 899, 416, 171, 81, 34, 21, 3, 1, 1]
(0, (0, 1, 1), (1, 0)): [39, 58, 75, 38, 20, 10, 1, 2, 2]
(0, (0, 1, 1), (2, 0)): [25, 28, 36, 17, 12, 8, 1, 1, 1]
(0, (0, 1, 1), (2, 1)): [16, 27, 36, 14, 6, 2, 0, 2, 1]
(0, (0, 1, 1), (2, 2)): [18, 25, 25, 4, 4, 2, 1, 0, 2]
(0, (1, 0, 0), (0, 0)): [142193, 44355, 28237, 13639, 6275, 2778, 1104, 483, 190, 78, 31, 14, 6]
(0, (1, 0, 0), (0, 1)): [2417, 629, 404, 190, 91, 40, 17, 7, 4]
(0, (1, 0, 0), (0, 2)): [971, 201, 138, 57, 22, 12, 7, 1, 4]
(0, (1, 0, 0), (1, 0)): [2007, 631, 480, 218, 90, 46, 15, 8, 6, 2]
(0, (1, 0, 0), (1, 1)): [1684, 481, 370, 161, 78, 31, 8, 8, 3, 2]
(0, (1, 0, 0), (1, 2)): [1169, 288, 216, 95, 36, 10, 7, 7, 2, 2]
(0, (1, 0, 0), (2, 0)): [639, 209, 158, 87, 33, 21, 7, 1, 3]
(0, (1, 0, 0), (2, 1)): [785, 235, 188, 85, 36, 23, 8, 1, 3]
(0, (1, 0, 0), (2, 2)): [786, 203, 149, 71, 30, 16, 9, 5, 2, 1]
(0, (1, 0, 0), (3, 0)): [177, 82, 60, 38, 16, 6, 3]
(0, (1, 0, 0), (3, 1)): [295, 109, 89, 55, 21, 9, 2, 0, 2]
(0, (1, 0, 0), (3, 2)): [369, 126, 100, 54, 27, 10, 4, 5, 2, 1]
(0, (1, 0, 1), (0, 0)): [3818, 9745, 3912, 2689, 1358, 600, 282, 109, 55, 20, 12, 3, 1, 1]
(0, (1, 0, 1), (1, 0)): [61, 136, 48, 43, 19, 7, 1, 2, 2]
(0, (1, 0, 1), (1, 1)): [47, 98, 37, 22, 17, 5, 2]
(0, (1, 0, 1), (1, 2)): [40, 62, 21, 15, 5, 5, 2]
(0, (1, 0, 1), (2, 1)): [13, 55, 24, 14, 12, 3, 1, 0, 1]
(0, (1, 0, 1), (2, 2)): [28, 46, 16, 12, 8, 3, 2]
(0, (1, 0, 1), (3, 2)): [13, 19, 12, 6, 4, 3, 1]
(0, (1, 1, 0), (0, 0)): [19824, 11531, 8328, 5998, 3065, 1475, 579, 277, 110, 50, 18, 10, 3]
(0, (1, 1, 0), (0, 1)): [309, 161, 124, 84, 44, 17, 9, 5, 3]
(0, (1, 1, 0), (0, 2)): [133, 57, 40, 27, 12, 8, 5, 2, 1]
(0, (1, 1, 0), (1, 0)): [273, 143, 115, 87, 38, 21, 10, 5]
(0, (1, 1, 0), (1, 1)): [209, 112, 97, 68, 26, 14, 11, 6, 2]
(0, (1, 1, 0), (1, 2)): [162, 63, 50, 40, 18, 9, 3, 7, 1]
(0, (1, 1, 0), (2, 0)): [91, 50, 31, 28, 14, 7, 2]
(0, (1, 1, 0), (2, 2)): [119, 46, 28, 30, 16, 9, 2, 4, 1]
(0, (1, 1, 0), (3, 0)): [20, 16, 11, 9, 6, 3, 1]
(0, (1, 1, 1), (0, 0)): [2208, 3113, 2675, 1909, 1496, 771, 336, 166, 66, 30, 9, 3, 2]
(0, (1, 1, 1), (0, 1)): [45, 48, 46, 25, 20, 17, 5, 3, 2]
(1, (0, 0, 0), (0, 0)): [557715, 58442, 23623, 9159, 3407, 1278, 506, 171, 63, 24, 11, 5, 1, 1]
(1, (0, 0, 0), (0, 1)): [9049, 840, 353, 137, 34, 13, 8, 3]
(1, (0, 0, 0), (0, 2)): [3517, 258, 106, 35, 13, 4, 2]
(1, (0, 0, 0), (1, 0)): [8766, 1040, 422, 174, 67, 26, 9, 4]
(1, (0, 0, 0), (1, 1)): [7788, 786, 314, 124, 43, 22, 8, 4]
(1, (0, 0, 0), (1, 2)): [5167, 408, 154, 67, 32, 16, 6]
(1, (0, 0, 0), (2, 0)): [3073, 420, 182, 76, 26, 8, 4, 2]
(1, (0, 0, 0), (2, 1)): [4309, 489, 206, 78, 24, 7, 4, 4]
(1, (0, 0, 0), (2, 2)): [4245, 388, 177, 62, 30, 16, 6, 1]
(1, (0, 0, 0), (3, 0)): [987, 153, 85, 35, 14, 5, 2, 1]
(1, (0, 0, 0), (3, 1)): [1815, 263, 125, 49, 20, 3, 2, 3]
(1, (0, 0, 0), (3, 2)): [2401, 277, 134, 42, 21, 7, 6, 1]
(1, (0, 0, 1), (0, 0)): [14815, 18991, 3682, 1577, 633, 249, 89, 27, 10, 4, 3, 1, 1]
(1, (0, 0, 1), (0, 1)): [233, 226, 54, 20, 7, 4, 2]
(1, (0, 0, 1), (1, 0)): [251, 325, 63, 33, 14, 4, 1, 2]
(1, (0, 0, 1), (1, 1)): [223, 220, 46, 23, 13, 2, 0, 1]
(1, (0, 0, 1), (1, 2)): [167, 131, 19, 6, 7, 1, 1]
(1, (0, 0, 1), (2, 1)): [98, 139, 25, 13, 7, 3, 1, 1]
(1, (0, 0, 1), (2, 2)): [122, 99, 22, 7, 5, 1, 1]
(1, (0, 0, 1), (3, 1)): [53, 72, 12, 6, 2, 2, 1, 1]
(1, (0, 1, 0), (0, 0)): [74811, 29488, 11058, 4694, 1855, 695, 225, 109, 30, 9, 8, 1, 2]
(1, (0, 1, 0), (0, 1)): [1168, 417, 156, 61, 15, 8, 1, 1]
(1, (0, 1, 0), (0, 2)): [476, 151, 48, 12, 4, 4, 1]
(1, (0, 1, 0), (1, 0)): [1268, 527, 187, 97, 37, 10, 8, 1]
(1, (0, 1, 0), (1, 1)): [970, 343, 153, 60, 19, 6, 2, 1]
(1, (0, 1, 0), (1, 2)): [677, 227, 99, 25, 6, 3, 2, 1]
(1, (0, 1, 0), (2, 0)): [579, 255, 82, 41, 19, 5, 6, 1]
(1, (0, 1, 0), (2, 1)): [497, 227, 72, 36, 14, 4, 2]
(1, (0, 1, 0), (2, 2)): [506, 200, 83, 13, 11, 3, 2]
(1, (0, 1, 0), (3, 0)): [351, 95, 31, 26, 13, 4, 5, 1]
(1, (0, 1, 0), (3, 1)): [285, 100, 26, 26, 8, 4, 2]
(1, (0, 1, 0), (3, 2)): [318, 117, 45, 18, 9, 0, 4]
(1, (0, 1, 1), (0, 0)): [11659, 8382, 7133, 2855, 1506, 592, 217, 89, 33, 13, 2, 3, 1]
(1, (0, 1, 1), (0, 1)): [154, 87, 78, 47, 13, 9, 2, 1]
(1, (0, 1, 1), (0, 2)): [82, 36, 24, 15, 3, 4, 2]
(1, (0, 1, 1), (1, 0)): [259, 195, 145, 64, 38, 19, 8, 4, 1]
(1, (1, 0, 0), (0, 0)): [202748, 33442, 22087, 9048, 3613, 1357, 564, 189, 76, 25, 9, 5, 1, 1]
(1, (1, 0, 0), (0, 1)): [3391, 433, 312, 143, 46, 18, 5, 2, 1]
(1, (1, 0, 0), (0, 2)): [1311, 141, 115, 45, 12, 5, 1, 1]
(1, (1, 0, 0), (1, 0)): [3173, 539, 372, 165, 72, 21, 14, 4, 0, 1]
(1, (1, 0, 0), (1, 1)): [2633, 349, 263, 123, 40, 16, 9, 4, 1]
(1, (1, 0, 0), (1, 2)): [1746, 189, 164, 71, 19, 7, 1, 4]
(1, (1, 0, 0), (2, 0)): [1058, 195, 153, 67, 27, 9, 4, 0, 0, 1]
(1, (1, 0, 0), (2, 1)): [1345, 214, 163, 66, 32, 5, 9, 1, 1]
(1, (1, 0, 0), (2, 2)): [1286, 157, 155, 46, 14, 3, 4, 3, 1]
(1, (1, 0, 0), (3, 0)): [310, 63, 54, 31, 10, 5, 1, 0, 0, 1]
(1, (1, 0, 0), (3, 1)): [514, 118, 81, 42, 17, 7, 2, 0, 0, 1]
(1, (1, 0, 0), (3, 2)): [654, 108, 99, 42, 12, 4, 2, 1, 1, 1]
(1, (1, 0, 1), (0, 0)): [17187, 17601, 5443, 3753, 1588, 602, 273, 97, 25, 12, 0, 2]
(1, (1, 0, 1), (0, 1)): [271, 245, 63, 57, 21, 7, 4, 2]
(1, (1, 0, 1), (0, 2)): [118, 80, 31, 21, 3, 1, 3, 1]
(1, (1, 0, 1), (1, 0)): [289, 259, 95, 71, 35, 7, 5, 1]
(1, (1, 0, 1), (1, 1)): [212, 200, 55, 48, 21, 4, 4, 1]
(1, (1, 0, 1), (1, 2)): [161, 110, 30, 25, 6, 3, 4, 1]
(1, (1, 0, 1), (2, 1)): [97, 100, 36, 26, 16, 2, 2]
(1, (1, 0, 1), (2, 2)): [116, 85, 27, 17, 11, 1, 4]
(1, (1, 1, 0), (0, 0)): [56847, 16058, 10428, 7605, 3054, 1205, 472, 189, 86, 21, 7, 4, 3, 1]
(1, (1, 1, 0), (0, 1)): [988, 248, 130, 112, 42, 17, 8, 2, 2]
(1, (1, 1, 0), (0, 2)): [419, 100, 40, 41, 11, 5, 4, 0, 1]
(1, (1, 1, 0), (1, 0)): [849, 271, 188, 136, 49, 22, 18, 7, 0, 2]
(1, (1, 1, 0), (1, 1)): [691, 195, 134, 89, 37, 18, 8, 5, 0, 1]
(1, (1, 1, 0), (1, 2)): [524, 123, 76, 56, 18, 9, 4, 1]
(1, (1, 1, 0), (2, 0)): [310, 96, 57, 57, 17, 7, 7, 1, 0, 1]
(1, (1, 1, 0), (2, 1)): [360, 116, 85, 52, 21, 9, 7, 2]
(1, (1, 1, 0), (2, 2)): [382, 96, 53, 46, 15, 8, 3]
(1, (1, 1, 0), (3, 0)): [80, 43, 13, 19, 8, 5, 3, 1, 0, 1]
(1, (1, 1, 0), (3, 1)): [158, 56, 36, 32, 12, 8, 5, 1, 0, 1]
(1, (1, 1, 1), (0, 0)): [12163, 7996, 5370, 3385, 2416, 1010, 400, 154, 58, 21, 5, 4, 2, 1]
(2, (0, 0, 0), (0, 0)): [486105, 21701, 7151, 2289, 687, 224, 73, 17, 2, 3, 3]
(2, (0, 0, 0), (0, 1)): [7673, 297, 103, 26, 12, 2, 3, 1]
(2, (0, 0, 0), (0, 2)): [2950, 87, 21, 8, 4, 0, 1, 1]
(2, (0, 0, 0), (1, 0)): [7849, 431, 141, 39, 17, 3]
(2, (0, 0, 0), (1, 1)): [6766, 321, 105, 23, 12, 2, 1]
(2, (0, 0, 0), (1, 2)): [4487, 143, 47, 14, 6, 1, 2]
(2, (0, 0, 0), (2, 0)): [2966, 168, 68, 22, 8, 1]
(2, (0, 0, 0), (2, 1)): [3940, 211, 65, 20, 2, 1]
(2, (0, 0, 0), (2, 2)): [3828, 144, 56, 13, 2, 1, 1]
(2, (0, 0, 0), (3, 0)): [1016, 62, 38, 12, 7, 1]
(2, (0, 0, 0), (3, 1)): [1866, 104, 50, 16, 7, 2]
(2, (0, 0, 0), (3, 2)): [2361, 109, 53, 10, 5, 2]
(2, (0, 0, 1), (0, 0)): [41068, 11573, 2432, 816, 286, 85, 19, 9, 2]
(2, (0, 0, 1), (0, 1)): [647, 163, 32, 10, 4]
(2, (0, 0, 1), (0, 2)): [255, 40, 11, 3, 2]
(2, (0, 0, 1), (1, 0)): [813, 219, 46, 25, 4, 3]
(2, (0, 0, 1), (1, 1)): [647, 154, 31, 12, 1, 1]
(2, (0, 0, 1), (1, 2)): [431, 73, 15, 5, 1]
(2, (0, 0, 1), (2, 0)): [339, 95, 23, 15, 2, 2]
(2, (0, 0, 1), (2, 1)): [359, 80, 25, 11, 2, 2]
(2, (0, 0, 1), (2, 2)): [355, 62, 22, 4, 0, 1]
(2, (0, 0, 1), (3, 1)): [186, 45, 7, 10, 1, 2]
(2, (0, 0, 1), (3, 2)): [220, 37, 15, 7]
(2, (0, 1, 0), (0, 0)): [114246, 22295, 6364, 2193, 734, 250, 64, 22, 4, 6, 4]
(2, (0, 1, 0), (0, 1)): [1698, 311, 72, 26, 8]
(2, (0, 1, 0), (0, 2)): [664, 103, 20, 4, 2]
(2, (0, 1, 0), (1, 0)): [2185, 372, 143, 53, 13, 8, 2]
(2, (0, 1, 0), (1, 1)): [1582, 257, 80, 29, 7, 1, 1]
(2, (0, 1, 0), (1, 2)): [1070, 145, 26, 14, 1]
(2, (0, 1, 0), (2, 0)): [1047, 171, 76, 33, 10, 7, 1]
(2, (0, 1, 0), (2, 1)): [915, 183, 58, 18, 4, 4, 1]
(2, (0, 1, 0), (2, 2)): [892, 146, 27, 15, 1, 2]
(2, (0, 1, 0), (3, 0)): [621, 78, 45, 27, 9, 4, 1]
(2, (0, 1, 0), (3, 1)): [436, 89, 43, 10, 4, 2, 1]
(2, (0, 1, 0), (3, 2)): [568, 106, 36, 14, 3, 2]
(2, (0, 1, 1), (0, 0)): [24508, 1898, 4893, 1341, 537, 154, 55, 14, 7, 0, 1]
(2, (0, 1, 1), (0, 1)): [352, 26, 54, 12, 3, 1]
(2, (0, 1, 1), (1, 1)): [333, 18, 62, 18, 2, 3]
(2, (0, 1, 1), (2, 1)): [196, 10, 48, 9, 4, 4]
(2, (0, 1, 1), (2, 2)): [215, 11, 32, 9, 3, 3]
(2, (1, 0, 0), (0, 0)): [243078, 16347, 11388, 3559, 1055, 346, 134, 33, 4, 4, 3]
(2, (1, 0, 0), (0, 1)): [3845, 205, 154, 39, 13, 3, 4]
(2, (1, 0, 0), (0, 2)): [1459, 55, 43, 6, 4]
(2, (1, 0, 0), (1, 0)): [3931, 294, 209, 79, 13, 5, 3, 2]
(2, (1, 0, 0), (1, 1)): [3154, 181, 131, 46, 11, 1, 3, 1]
(2, (1, 0, 0), (1, 2)): [2067, 86, 58, 17, 5]
(2, (1, 0, 0), (2, 0)): [1320, 113, 62, 33, 3, 3, 2]
(2, (1, 0, 0), (2, 1)): [1598, 86, 62, 31, 6, 3, 1, 1]
(2, (1, 0, 0), (2, 2)): [1602, 77, 57, 18, 5, 1, 0, 1]
(2, (1, 0, 0), (3, 0)): [428, 56, 23, 22, 0, 1, 1]
(2, (1, 0, 0), (3, 1)): [711, 75, 29, 24, 2, 3]
(2, (1, 0, 0), (3, 2)): [899, 69, 39, 20, 3, 3, 0, 1]
(2, (1, 0, 1), (0, 0)): [42729, 9371, 3454, 2235, 728, 238, 81, 23, 9, 4]
(2, (1, 0, 1), (0, 1)): [664, 128, 53, 31, 3, 2, 2]
(2, (1, 0, 1), (0, 2)): [266, 43, 14, 5, 1]
(2, (1, 0, 1), (1, 0)): [630, 131, 59, 45, 10, 3, 2]
(2, (1, 0, 1), (1, 1)): [507, 96, 39, 35, 2, 5, 2]
(2, (1, 0, 1), (1, 2)): [355, 55, 24, 17, 3, 2, 1]
(2, (1, 0, 1), (2, 0)): [241, 47, 28, 14, 8, 0, 2]
(2, (1, 0, 1), (2, 1)): [272, 55, 22, 17, 4, 2]
(2, (1, 0, 1), (2, 2)): [244, 38, 17, 12, 2, 1, 1]
(2, (1, 0, 1), (3, 0)): [87, 10, 13, 3, 4, 0, 2]
(2, (1, 0, 1), (3, 1)): [131, 25, 18, 4, 1, 1, 2]
(2, (1, 1, 0), (0, 0)): [96838, 13815, 6771, 4890, 1547, 487, 168, 54, 15, 8, 2, 1]
(2, (1, 1, 0), (0, 1)): [1650, 201, 87, 68, 14, 2, 2, 3]
(2, (1, 1, 0), (0, 2)): [725, 61, 27, 19, 3, 1, 1, 1]
(2, (1, 1, 0), (1, 0)): [1561, 238, 128, 96, 26, 7, 4]
(2, (1, 1, 0), (1, 1)): [1311, 171, 76, 68, 10, 2, 3, 1]
(2, (1, 1, 0), (1, 2)): [978, 103, 32, 28, 7, 1, 0, 2]
(2, (1, 1, 0), (2, 0)): [532, 92, 55, 34, 14, 5, 2]
(2, (1, 1, 0), (2, 1)): [664, 88, 63, 46, 5, 4, 4]
(2, (1, 1, 0), (2, 2)): [718, 75, 34, 39, 4, 1, 2, 2]
(2, (1, 1, 0), (3, 0)): [189, 29, 24, 10, 5, 3]
(2, (1, 1, 0), (3, 1)): [293, 43, 39, 16, 5, 3, 1]
(2, (1, 1, 0), (3, 2)): [366, 45, 31, 19, 6, 1, 2, 2]
(2, (1, 1, 1), (0, 0)): [27663, 3413, 4471, 2071, 1554, 475, 169, 51, 12, 2, 1]
(2, (1, 1, 1), (0, 1)): [549, 44, 74, 30, 15, 5, 1, 1]
(2, (1, 1, 1), (0, 2)): [263, 15, 16, 15, 6, 1, 0, 1]
(2, (1, 1, 1), (1, 0)): [398, 97, 82, 32, 28, 10, 2, 0, 1]
(2, (1, 1, 1), (1, 1)): [386, 52, 62, 24, 16, 4, 1]
(2, (1, 1, 1), (1, 2)): [318, 23, 28, 16, 4, 2, 0, 1]
(2, (1, 1, 1), (2, 0)): [112, 56, 25, 15, 14, 8, 1, 0, 1]
(2, (1, 1, 1), (2, 1)): [156, 50, 41, 13, 14, 6, 1]
(2, (1, 1, 1), (2, 2)): [195, 29, 25, 18, 7, 3]
(2, (1, 1, 1), (3, 0)): [26, 31, 7, 10, 6, 3, 1, 0, 1]
(2, (1, 1, 1), (3, 1)): [49, 47, 17, 9, 12, 2, 2]
