(0, (0, 0, 0)): [182295, 36765, 16963, 7680, 3484, 1518, 655, 259, 94, 47, 22, 5, 5, 3, 2]
(0, (0, 0, 1)): [917, 2948, 860, 386, 199, 71, 44, 24, 3, 2, 0, 0, 2]
(0, (0, 1, 0)): [5670, 6012, 2298, 1033, 522, 244, 94, 39, 23, 12, 4]
(0, (0, 1, 1)): [488, 958, 1239, 561, 303, 142, 61, 24, 10, 4, 1, 1, 0, 1, 1]
(0, (1, 0, 0)): [41174, 14769, 8817, 4376, 2036, 919, 414, 162, 56, 28, 17, 4, 4, 3, 2]
(0, (1, 0, 1)): [959, 2854, 1319, 904, 492, 224, 112, 41, 20, 10, 3, 3, 1, 0, 1]
(0, (1, 1, 0)): [5288, 3558, 2918, 1922, 1051, 494, 231, 101, 34, 20, 15, 1, 1, 1]
(0, (1, 1, 1)): [567, 995, 845, 721, 578, 287, 123, 59, 23, 14, 8, 1, 0, 1, 1]
(1, (0, 0, 0)): [143339, 15294, 6159, 2415, 990, 406, 150, 57, 16, 10, 3, 1]
(1, (0, 0, 1)): [5030, 7854, 1543, 608, 267, 106, 39, 22, 7, 1, 0, 2, 1]
(1, (0, 1, 0)): [21819, 10873, 3658, 1476, 570, 241, 99, 39, 7, 4, 1, 2, 2]
(1, (0, 1, 1)): [3642, 3196, 3364, 1265, 561, 226, 87, 31, 13, 5, 4, 2, 0, 1]
(1, (1, 0, 0)): [59291, 11271, 6545, 2833, 1107, 485, 167, 63, 23, 12, 5, 4, 1, 2]
(1, (1, 0, 1)): [4723, 5997, 2189, 1261, 539, 244, 85, 38, 11, 11, 4, 1]
(1, (1, 1, 0)): [14887, 4786, 3354, 2266, 951, 424, 151, 60, 27, 11, 4, 3, 0, 3]
(1, (1, 1, 1)): [2827, 2367, 1510, 1117, 740, 336, 125, 54, 18, 6, 3, 0, 0, 1]
(2, (0, 0, 0)): [122620, 5102, 1643, 530, 186, 65, 23, 9, 1, 1, 1]
(2, (0, 0, 1)): [15832, 5322, 925, 291, 95, 42, 16, 1]
(2, (0, 1, 0)): [35516, 8162, 1994, 640, 203, 79, 22, 8, 1, 1]
(2, (0, 1, 1)): [9417, 832, 2222, 582, 195, 63, 21, 6, 3, 1, 1]
(2, (1, 0, 0)): [72171, 5710, 2859, 945, 310, 99, 41, 14, 3, 0, 1]
(2, (1, 0, 1)): [12471, 3494, 1511, 700, 226, 85, 31, 9, 4, 0, 0, 1]
(2, (1, 1, 0)): [23407, 3712, 2041, 1157, 376, 129, 38, 13, 5, 1, 2, 0, 0, 1]
(2, (1, 1, 1)): [6937, 1085, 1174, 642, 405, 126, 45, 16, 8, 1, 2, 0, 0, 1]
