(0, (0, 0, 0), (0, 0)): [448903, 92015, 43495, 20270, 9276, 4077, 1704, 737, 310, 161, 58, 25, 15, 4, 2]
(0, (0, 0, 0), (0, 1)): [2052, 406, 197, 80, 45, 11, 3, 3, 1, 1]
(0, (0, 0, 0), (0, 2)): [708, 138, 65, 27, 14, 0, 2, 2]
(0, (0, 0, 0), (1, 0)): [1975, 427, 253, 107, 61, 22, 11, 5, 1, 2]
(0, (0, 0, 0), (1, 1)): [1732, 340, 190, 82, 48, 13, 4, 4, 1]
(0, (0, 0, 0), (1, 2)): [1012, 173, 95, 36, 21, 3, 4, 2]
(0, (0, 0, 0), (2, 0)): [714, 176, 104, 45, 29, 12, 6, 2, 1, 1]
(0, (0, 0, 0), (2, 1)): [965, 207, 120, 53, 32, 12, 5, 2, 1]
(0, (0, 0, 0), (2, 2)): [855, 157, 86, 38, 26, 8, 2, 2]
(0, (0, 0, 0), (3, 0)): [298, 81, 49, 25, 15, 9, 2, 0, 1]
(0, (0, 0, 0), (3, 1)): [418, 104, 68, 34, 16, 6, 2, 1, 2]
(0, (0, 0, 0), (3, 2)): [550, 113, 73, 31, 19, 4, 2, 2, 1]
(0, (0, 0, 1), (0, 0)): [1904, 6533, 1837, 880, 451, 178, 88, 52, 22, 10, 2, 1, 2]
(0, (0, 0, 1), (0, 1)): [8, 17, 9, 3, 2, 0, 1]
(0, (0, 0, 1), (0, 2)): [4, 7, 1, 0, 1]
(0, (0, 0, 1), (1, 0)): [13, 31, 10, 6, 2, 0, 0, 1]
(0, (0, 0, 1), (1, 1)): [7, 15, 8, 5, 2, 0, 1]
(0, (0, 0, 1), (1, 2)): [6, 5, 3, 3, 2, 0, 1]
(0, (0, 0, 1), (2, 0)): [7, 15, 6, 2, 0, 0, 0, 1]
(0, (0, 0, 1), (2, 1)): [7, 12, 5, 1, 1]
(0, (0, 0, 1), (2, 2)): [6, 4, 3, 2, 1]
(0, (0, 0, 1), (3, 0)): [2, 7, 3, 2, 0, 0, 0, 1]
(0, (0, 0, 1), (3, 1)): [3, 3, 2, 1, 1, 0, 0, 1]
(0, (0, 0, 1), (3, 2)): [3, 4, 1, 1, 1, 0, 0, 1]
(0, (0, 1, 0), (0, 0)): [14585, 15018, 5803, 2777, 1410, 658, 273, 130, 54, 32, 10, 4, 2]
(0, (0, 1, 0), (0, 1)): [60, 42, 23, 7, 4, 3, 1, 1]
(0, (0, 1, 0), (0, 2)): [22, 10, 7, 1, 1, 3]
(0, (0, 1, 0), (1, 0)): [65, 74, 23, 15, 5, 3, 1]
(0, (0, 1, 0), (1, 1)): [50, 43, 12, 12, 4, 2, 1, 1]
(0, (0, 1, 0), (1, 2)): [39, 25, 6, 4, 3, 2, 1]
(0, (0, 1, 0), (2, 0)): [25, 34, 13, 7, 2, 1]
(0, (0, 1, 0), (2, 1)): [21, 22, 13, 7, 2, 2, 0, 1]
(0, (0, 1, 0), (2, 2)): [25, 14, 11, 5, 1, 1]
(0, (0, 1, 0), (3, 0)): [15, 16, 5, 5, 1]
(0, (0, 1, 0), (3, 1)): [13, 12, 5, 6, 2, 2, 0, 1]
(0, (0, 1, 0), (3, 2)): [13, 10, 7, 7, 3, 1]
(0, (0, 1, 1), (0, 0)): [1303, 2397, 3114, 1406, 767, 363, 161, 70, 38, 13, 5, 3, 0, 1, 1]
(0, (0, 1, 1), (0, 1)): [3, 6, 12, 3, 6, 0, 1]
(0, (0, 1, 1), (0, 2)): [2, 2, 5, 1, 5, 0, 1]
(0, (0, 1, 1), (1, 0)): [7, 8, 20, 14, 4, 2, 0, 1]
(0, (0, 1, 1), (1, 1)): [2, 7, 7, 5, 2, 1]
(0, (0, 1, 1), (1, 2)): [0, 4, 4, 4, 6, 1]
(0, (0, 1, 1), (2, 0)): [5, 4, 14, 9, 2, 1, 0, 1]
(0, (0, 1, 1), (2, 1)): [1, 3, 6, 3]
(0, (0, 1, 1), (2, 2)): [1, 0, 6, 2, 2, 1]
(0, (0, 1, 1), (3, 0)): [4, 1, 10, 8, 2, 1, 0, 1]
(0, (0, 1, 1), (3, 1)): [2, 3, 1, 3, 1]
(0, (0, 1, 1), (3, 2)): [1, 1, 4, 2, 1, 1]
(0, (1, 0, 0), (0, 0)): [99502, 34907, 22053, 11094, 5419, 2449, 1068, 458, 199, 107, 40, 16, 10, 3, 2]
(0, (1, 0, 0), (0, 1)): [425, 116, 108, 40, 21, 9, 4, 3]
(0, (1, 0, 0), (0, 2)): [163, 31, 36, 8, 5, 3, 0, 1]
(0, (1, 0, 0), (1, 0)): [390, 154, 92, 60, 29, 5, 7, 0, 0, 2]
(0, (1, 0, 0), (1, 1)): [314, 116, 76, 51, 17, 5, 4, 2, 0, 1]
(0, (1, 0, 0), (1, 2)): [181, 51, 52, 17, 4, 4, 1, 1]
(0, (1, 0, 0), (2, 0)): [124, 48, 27, 19, 18, 3, 2, 0, 0, 1]
(0, (1, 0, 0), (2, 1)): [150, 54, 31, 29, 15, 3, 2, 1, 0, 1]
(0, (1, 0, 0), (2, 2)): [131, 42, 28, 22, 6, 3, 1, 1]
(0, (1, 0, 0), (3, 0)): [50, 19, 12, 11, 11, 1, 0, 0, 0, 1]
(0, (1, 0, 0), (3, 1)): [64, 20, 13, 9, 13, 1, 1, 0, 0, 1]
(0, (1, 0, 0), (3, 2)): [73, 17, 16, 11, 9, 4, 1]
(0, (1, 0, 1), (0, 0)): [2269, 7737, 3245, 2250, 1204, 570, 293, 121, 57, 27, 10, 7, 3, 0, 1]
(0, (1, 0, 1), (0, 1)): [8, 29, 16, 7, 5, 2, 2, 1]
(0, (1, 0, 1), (0, 2)): [3, 13, 6, 2, 2, 1, 1]
(0, (1, 0, 1), (1, 0)): [10, 36, 14, 8, 4, 3, 0, 1, 1]
(0, (1, 0, 1), (1, 1)): [6, 23, 11, 7, 3, 2, 1, 1, 1]
(0, (1, 0, 1), (1, 2)): [2, 12, 7, 3, 3, 0, 0, 1]
(0, (1, 0, 1), (2, 0)): [4, 18, 7, 2, 3, 1, 0, 1]
(0, (1, 0, 1), (2, 1)): [6, 17, 6, 4, 3, 1, 0, 0, 1]
(0, (1, 0, 1), (2, 2)): [6, 12, 7, 2, 2, 1, 0, 1]
(0, (1, 0, 1), (3, 0)): [2, 9, 4, 1, 0, 1, 0, 1]
(0, (1, 0, 1), (3, 1)): [1, 6, 4, 0, 2]
(0, (1, 0, 1), (3, 2)): [3, 6, 3, 1, 1]
(0, (1, 1, 0), (0, 0)): [13291, 8959, 7328, 5023, 2757, 1286, 591, 282, 119, 58, 27, 9, 4, 1]
(0, (1, 1, 0), (0, 1)): [67, 40, 27, 23, 14, 3, 3, 1]
(0, (1, 1, 0), (0, 2)): [19, 11, 10, 8, 11, 1, 1, 1]
(0, (1, 1, 0), (1, 0)): [58, 37, 41, 30, 17, 7, 2, 0, 0, 1]
(0, (1, 1, 0), (1, 1)): [50, 24, 23, 20, 8, 5, 1, 0, 0, 1]
(0, (1, 1, 0), (1, 2)): [33, 11, 13, 10, 8, 1, 0, 1, 0, 1]
(0, (1, 1, 0), (2, 0)): [14, 15, 17, 9, 8, 3, 1]
(0, (1, 1, 0), (2, 1)): [18, 16, 14, 8, 8, 5, 1]
(0, (1, 1, 0), (2, 2)): [21, 12, 10, 8, 4, 3, 1, 0, 0, 1]
(0, (1, 1, 0), (3, 0)): [6, 8, 9, 4, 3, 1]
(0, (1, 1, 0), (3, 1)): [12, 11, 6, 5, 4, 3]
(0, (1, 1, 0), (3, 2)): [22, 8, 8, 7, 3]
(0, (1, 1, 1), (0, 0)): [1340, 2563, 2222, 1776, 1385, 683, 324, 160, 75, 31, 19, 6, 0, 1, 1]
(0, (1, 1, 1), (0, 1)): [15, 12, 15, 10, 4, 0, 0, 0, 0, 1]
(0, (1, 1, 1), (0, 2)): [7, 4, 4, 2, 1]
(0, (1, 1, 1), (1, 0)): [7, 16, 24, 12, 10, 5, 2, 3]
(0, (1, 1, 1), (1, 1)): [10, 13, 16, 11, 7, 2, 1, 2]
(0, (1, 1, 1), (1, 2)): [10, 8, 6, 5, 2, 0, 1]
(0, (1, 1, 1), (2, 0)): [1, 6, 6, 6, 5, 2]
(0, (1, 1, 1), (2, 1)): [3, 8, 10, 4, 3, 2, 0, 1]
(0, (1, 1, 1), (2, 2)): [5, 11, 7, 4, 2, 2, 1, 1]
(0, (1, 1, 1), (3, 1)): [1, 1, 5, 6, 3]
(0, (1, 1, 1), (3, 2)): [2, 2, 7, 6, 3, 1, 1]
(1, (0, 0, 0), (0, 0)): [356361, 39322, 16378, 6681, 2649, 1050, 405, 166, 65, 25, 9, 6, 2, 1]
(1, (0, 0, 0), (0, 1)): [1623, 159, 70, 15, 14, 2, 0, 0, 1]
(1, (0, 0, 0), (0, 2)): [587, 42, 25, 7, 2]
(1, (0, 0, 0), (1, 0)): [1648, 204, 91, 27, 18, 5, 2]
(1, (0, 0, 0), (1, 1)): [1352, 167, 61, 17, 13, 5, 1, 0, 1]
(1, (0, 0, 0), (1, 2)): [812, 69, 28, 6, 5, 1]
(1, (0, 0, 0), (2, 0)): [635, 86, 42, 10, 10, 2]
(1, (0, 0, 0), (2, 1)): [808, 115, 49, 12, 13, 2, 1]
(1, (0, 0, 0), (2, 2)): [676, 78, 34, 7, 7, 1, 1]
(1, (0, 0, 0), (3, 0)): [217, 32, 15, 6, 4, 1]
(1, (0, 0, 0), (3, 1)): [367, 74, 23, 11, 6, 1]
(1, (0, 0, 0), (3, 2)): [431, 72, 33, 11, 7, 1]
(1, (0, 0, 1), (0, 0)): [10475, 16723, 3283, 1399, 603, 246, 101, 52, 25, 7, 6, 4, 2, 1]
(1, (0, 0, 1), (0, 1)): [35, 45, 11, 4]
(1, (0, 0, 1), (0, 2)): [11, 18, 7]
(1, (0, 0, 1), (1, 0)): [49, 74, 16, 6, 5, 1, 1, 0, 1]
(1, (0, 0, 1), (1, 1)): [40, 47, 8, 5, 1]
(1, (0, 0, 1), (1, 2)): [22, 24, 7, 1]
(1, (0, 0, 1), (2, 0)): [19, 27, 9, 3, 3, 1, 1, 0, 1]
(1, (0, 0, 1), (2, 1)): [21, 25, 3, 3, 1]
(1, (0, 0, 1), (2, 2)): [17, 10, 2, 0, 1]
(1, (0, 0, 1), (3, 0)): [10, 13, 7, 2, 3, 0, 1, 0, 1]
(1, (0, 0, 1), (3, 1)): [13, 19, 1, 4]
(1, (0, 0, 1), (3, 2)): [12, 10, 1, 1, 1]
(1, (0, 1, 0), (0, 0)): [50054, 24832, 8566, 3571, 1526, 616, 233, 112, 27, 24, 6, 5, 4]
(1, (0, 1, 0), (0, 1)): [197, 93, 31, 15, 3, 2, 1]
(1, (0, 1, 0), (0, 2)): [68, 33, 6, 1, 0, 1]
(1, (0, 1, 0), (1, 0)): [233, 147, 38, 26, 17, 5, 2, 1]
(1, (0, 1, 0), (1, 1)): [167, 90, 28, 18, 8, 3, 2]
(1, (0, 1, 0), (1, 2)): [100, 45, 14, 5, 2, 1]
(1, (0, 1, 0), (2, 0)): [113, 59, 20, 19, 9, 2, 1, 1]
(1, (0, 1, 0), (2, 1)): [93, 52, 15, 13, 7, 3, 3]
(1, (0, 1, 0), (2, 2)): [82, 37, 10, 5, 3, 1]
(1, (0, 1, 0), (3, 0)): [66, 32, 9, 14, 7, 0, 0, 1]
(1, (0, 1, 0), (3, 1)): [55, 20, 9, 11, 3, 2, 1]
(1, (0, 1, 0), (3, 2)): [50, 17, 8, 10, 4]
(1, (0, 1, 1), (0, 0)): [8569, 7513, 7325, 2888, 1443, 584, 232, 97, 52, 13, 6, 3, 1, 1]
(1, (0, 1, 1), (0, 1)): [27, 30, 18, 10, 7]
(1, (0, 1, 1), (0, 2)): [12, 7, 3, 4, 2]
(1, (0, 1, 1), (1, 0)): [56, 37, 38, 14, 19, 5, 1, 0, 1]
(1, (0, 1, 1), (1, 1)): [21, 21, 12, 7, 6]
(1, (0, 1, 1), (1, 2)): [17, 8, 5, 4]
(1, (0, 1, 1), (2, 0)): [43, 28, 26, 9, 14, 5, 1, 0, 1]
(1, (0, 1, 1), (2, 1)): [13, 15, 11, 5, 2]
(1, (0, 1, 1), (2, 2)): [15, 9, 8, 4]
(1, (0, 1, 1), (3, 0)): [36, 22, 21, 5, 14, 5, 1, 0, 1]
(1, (0, 1, 1), (3, 1)): [5, 8, 4, 1, 2]
(1, (0, 1, 1), (3, 2)): [6, 6, 5, 1]
(1, (1, 0, 0), (0, 0)): [145940, 27592, 16875, 7527, 2967, 1260, 477, 184, 85, 37, 14, 10, 2, 2]
(1, (1, 0, 0), (0, 1)): [631, 108, 72, 27, 14, 5, 4]
(1, (1, 0, 0), (0, 2)): [213, 33, 24, 9, 2, 0, 2]
(1, (1, 0, 0), (1, 0)): [631, 131, 89, 39, 13, 3, 1, 2, 1]
(1, (1, 0, 0), (1, 1)): [501, 103, 64, 18, 12, 5, 2, 1]
(1, (1, 0, 0), (1, 2)): [275, 39, 33, 6, 4, 2, 2]
(1, (1, 0, 0), (2, 0)): [216, 51, 35, 19, 7, 3, 0, 0, 1]
(1, (1, 0, 0), (2, 1)): [272, 57, 30, 15, 8, 3, 0, 1, 1]
(1, (1, 0, 0), (2, 2)): [223, 42, 28, 8, 5, 1]
(1, (1, 0, 0), (3, 0)): [76, 22, 16, 8, 4, 1]
(1, (1, 0, 0), (3, 1)): [115, 26, 16, 14, 3, 3, 0, 1]
(1, (1, 0, 0), (3, 2)): [115, 24, 19, 11, 3, 2]
(1, (1, 0, 1), (0, 0)): [11458, 15090, 5017, 3226, 1355, 617, 231, 89, 36, 25, 9, 2]
(1, (1, 0, 1), (0, 1)): [54, 46, 15, 12, 5, 3, 1, 0, 2]
(1, (1, 0, 1), (0, 2)): [27, 18, 3, 7, 0, 2, 1]
(1, (1, 0, 1), (1, 0)): [54, 78, 21, 15, 11, 5]
(1, (1, 0, 1), (1, 1)): [37, 36, 11, 8, 10, 0, 0, 0, 1]
(1, (1, 0, 1), (1, 2)): [26, 21, 7, 10, 3, 1, 1]
(1, (1, 0, 1), (2, 0)): [18, 30, 7, 5, 4, 3]
(1, (1, 0, 1), (2, 1)): [18, 23, 2, 1, 5, 1, 0, 0, 1]
(1, (1, 0, 1), (2, 2)): [13, 19, 6, 3, 2, 2, 0, 0, 1]
(1, (1, 0, 1), (3, 0)): [10, 13, 3, 3, 2, 2]
(1, (1, 0, 1), (3, 1)): [8, 11, 2, 3, 4, 1]
(1, (1, 0, 1), (3, 2)): [10, 9, 5, 3, 4, 2, 0, 0, 1]
(1, (1, 1, 0), (0, 0)): [38975, 12633, 9074, 6048, 2633, 1166, 462, 185, 69, 33, 9, 6, 2, 3]
(1, (1, 1, 0), (0, 1)): [158, 42, 39, 20, 13, 3, 2, 1]
(1, (1, 1, 0), (0, 2)): [54, 16, 15, 4, 3]
(1, (1, 1, 0), (1, 0)): [168, 67, 45, 44, 15, 5, 1, 1]
(1, (1, 1, 0), (1, 1)): [116, 41, 30, 21, 12, 0, 2, 1]
(1, (1, 1, 0), (1, 2)): [78, 16, 18, 9, 6, 0, 1]
(1, (1, 1, 0), (2, 0)): [70, 29, 16, 21, 9, 4]
(1, (1, 1, 0), (2, 1)): [71, 35, 20, 18, 8, 0, 1, 1]
(1, (1, 1, 0), (2, 2)): [60, 20, 16, 9, 5]
(1, (1, 1, 0), (3, 0)): [21, 6, 4, 6, 5, 3]
(1, (1, 1, 0), (3, 1)): [32, 16, 7, 8, 6, 0, 1, 1]
(1, (1, 1, 0), (3, 2)): [32, 15, 8, 6, 6, 0, 0, 1]
(1, (1, 1, 1), (0, 0)): [7943, 6663, 4361, 2994, 2090, 942, 388, 145, 67, 24, 10, 6, 2, 1]
(1, (1, 1, 1), (0, 1)): [51, 39, 21, 13, 12, 4, 2]
(1, (1, 1, 1), (0, 2)): [24, 16, 9, 4, 5, 1, 1]
(1, (1, 1, 1), (1, 0)): [54, 42, 39, 15, 18, 4, 3, 2, 1]
(1, (1, 1, 1), (1, 1)): [38, 26, 17, 10, 11, 3]
(1, (1, 1, 1), (1, 2)): [28, 10, 12, 8, 8, 3, 1]
(1, (1, 1, 1), (2, 0)): [17, 15, 19, 9, 8, 3, 2, 2]
(1, (1, 1, 1), (2, 1)): [23, 20, 11, 6, 8, 0, 1, 1]
(1, (1, 1, 1), (2, 2)): [29, 13, 10, 6, 9, 1, 2]
(1, (1, 1, 1), (3, 0)): [5, 6, 9, 5, 4, 3, 1]
(1, (1, 1, 1), (3, 1)): [10, 7, 4, 2, 3, 1, 1, 1]
(1, (1, 1, 1), (3, 2)): [18, 7, 6, 6, 3, 1, 1]
(2, (0, 0, 0), (0, 0)): [304817, 13381, 4669, 1482, 546, 204, 68, 26, 6, 2, 1]
(2, (0, 0, 0), (0, 1)): [1443, 59, 23, 5, 3, 2]
(2, (0, 0, 0), (0, 2)): [490, 18, 6, 2]
(2, (0, 0, 0), (1, 0)): [1537, 95, 31, 9, 5, 1, 2]
(2, (0, 0, 0), (1, 1)): [1307, 54, 26, 3, 5, 3, 1]
(2, (0, 0, 0), (1, 2)): [746, 25, 18, 2, 2, 1, 1]
(2, (0, 0, 0), (2, 0)): [595, 44, 14, 5, 2, 0, 1]
(2, (0, 0, 0), (2, 1)): [777, 40, 14, 3, 3, 2]
(2, (0, 0, 0), (2, 2)): [634, 23, 13, 3, 2, 2]
(2, (0, 0, 0), (3, 0)): [239, 18, 8, 3, 1, 0, 1]
(2, (0, 0, 0), (3, 1)): [369, 21, 9, 3, 2, 1]
(2, (0, 0, 0), (3, 2)): [400, 22, 14, 2, 1, 2]
(2, (0, 0, 1), (0, 0)): [32466, 10715, 2011, 679, 243, 102, 33, 9, 1, 2, 0, 1]
(2, (0, 0, 1), (0, 1)): [117, 41, 6, 1, 2, 1, 1]
(2, (0, 0, 1), (0, 2)): [43, 9, 1]
(2, (0, 0, 1), (1, 0)): [158, 54, 13, 3, 0, 2]
(2, (0, 0, 1), (1, 1)): [111, 37, 9, 2, 2, 1, 1]
(2, (0, 0, 1), (1, 2)): [56, 13, 3, 0, 1, 0, 1]
(2, (0, 0, 1), (2, 0)): [82, 22, 7, 2, 0, 2]
(2, (0, 0, 1), (2, 1)): [72, 19, 5, 2]
(2, (0, 0, 1), (2, 2)): [62, 10, 3, 1, 1, 0, 1]
(2, (0, 0, 1), (3, 0)): [48, 12, 5, 2, 0, 2]
(2, (0, 0, 1), (3, 1)): [34, 8, 3, 1]
(2, (0, 0, 1), (3, 2)): [39, 10, 2, 1]
(2, (0, 1, 0), (0, 0)): [81129, 19109, 4696, 1641, 558, 205, 58, 15, 5, 1]
(2, (0, 1, 0), (0, 1)): [299, 71, 9, 0, 5, 1, 1]
(2, (0, 1, 0), (0, 2)): [85, 12, 5, 0, 3]
(2, (0, 1, 0), (1, 0)): [448, 84, 36, 14, 2, 2]
(2, (0, 1, 0), (1, 1)): [282, 60, 12, 2, 2, 3, 1]
(2, (0, 1, 0), (1, 2)): [146, 28, 8, 2, 2]
(2, (0, 1, 0), (2, 0)): [246, 46, 21, 12, 2]
(2, (0, 1, 0), (2, 1)): [188, 31, 6, 3, 1, 1]
(2, (0, 1, 0), (2, 2)): [147, 22, 4, 2, 2]
(2, (0, 1, 0), (3, 0)): [153, 27, 16, 7, 1]
(2, (0, 1, 0), (3, 1)): [105, 25, 7, 3, 2]
(2, (0, 1, 0), (3, 2)): [112, 19, 3, 2, 2]
(2, (0, 1, 1), (0, 0)): [20049, 1748, 4810, 1294, 484, 163, 63, 23, 10, 3, 1]
(2, (0, 1, 1), (0, 1)): [69, 5, 15, 3, 0, 0, 0, 1]
(2, (0, 1, 1), (0, 2)): [28, 2, 5, 2]
(2, (0, 1, 1), (1, 0)): [114, 12, 21, 5, 7, 1, 1]
(2, (0, 1, 1), (1, 1)): [56, 2, 14, 2, 2, 0, 0, 1]
(2, (0, 1, 1), (1, 2)): [37, 1, 8, 2]
(2, (0, 1, 1), (2, 0)): [70, 10, 9, 4, 5, 1, 1]
(2, (0, 1, 1), (2, 1)): [31, 3, 8, 3, 1]
(2, (0, 1, 1), (2, 2)): [30, 0, 8, 1]
(2, (0, 1, 1), (3, 0)): [53, 7, 5, 2, 5, 1, 1]
(2, (0, 1, 1), (3, 1)): [21, 2, 3, 2]
(2, (0, 1, 1), (3, 2)): [23, 1, 6, 2]
(2, (1, 0, 0), (0, 0)): [179080, 13919, 8087, 2670, 918, 286, 116, 38, 11, 3, 2]
(2, (1, 0, 0), (0, 1)): [714, 47, 29, 10, 3, 2, 1]
(2, (1, 0, 0), (0, 2)): [246, 11, 10, 2, 2, 1, 1]
(2, (1, 0, 0), (1, 0)): [782, 57, 41, 19, 7, 2, 3]
(2, (1, 0, 0), (1, 1)): [558, 47, 27, 11, 3]
(2, (1, 0, 0), (1, 2)): [325, 17, 13, 7, 2, 1]
(2, (1, 0, 0), (2, 0)): [289, 24, 20, 11, 4, 0, 2]
(2, (1, 0, 0), (2, 1)): [308, 28, 20, 6, 3]
(2, (1, 0, 0), (2, 2)): [253, 12, 13, 3, 2, 1]
(2, (1, 0, 0), (3, 0)): [98, 11, 5, 5, 2, 0, 2]
(2, (1, 0, 0), (3, 1)): [136, 14, 13, 3, 3, 0, 2]
(2, (1, 0, 0), (3, 2)): [143, 13, 8, 2, 1, 1]
(2, (1, 0, 1), (0, 0)): [30220, 8007, 3390, 1865, 580, 224, 73, 29, 11, 2, 0, 1]
(2, (1, 0, 1), (0, 1)): [135, 31, 8, 12, 4]
(2, (1, 0, 1), (0, 2)): [54, 6, 3, 5, 1]
(2, (1, 0, 1), (1, 0)): [147, 28, 9, 15, 7, 1]
(2, (1, 0, 1), (1, 1)): [111, 23, 6, 11, 4]
(2, (1, 0, 1), (1, 2)): [66, 9, 2, 5, 1]
(2, (1, 0, 1), (2, 0)): [49, 7, 4, 8, 2]
(2, (1, 0, 1), (2, 1)): [68, 12, 3, 7, 3]
(2, (1, 0, 1), (2, 2)): [46, 5, 2, 2, 2]
(2, (1, 0, 1), (3, 0)): [26, 1, 2, 5, 1]
(2, (1, 0, 1), (3, 1)): [30, 6, 1, 5, 2]
(2, (1, 0, 1), (3, 2)): [37, 4, 0, 0, 3]
(2, (1, 1, 0), (0, 0)): [67135, 10831, 5774, 3474, 1166, 398, 117, 41, 17, 6, 3, 0, 0, 1]
(2, (1, 1, 0), (0, 1)): [336, 49, 20, 17, 3, 2]
(2, (1, 1, 0), (0, 2)): [119, 17, 8, 4, 1]
(2, (1, 1, 0), (1, 0)): [338, 46, 39, 28, 5, 4, 2, 1]
(2, (1, 1, 0), (1, 1)): [268, 33, 19, 18, 2, 3]
(2, (1, 1, 0), (1, 2)): [156, 19, 11, 8, 0, 1]
(2, (1, 1, 0), (2, 0)): [135, 22, 15, 12, 3, 2, 1, 1]
(2, (1, 1, 0), (2, 1)): [158, 20, 9, 13, 2, 2]
(2, (1, 1, 0), (2, 2)): [122, 20, 9, 10, 1, 1]
(2, (1, 1, 0), (3, 0)): [61, 8, 7, 3, 2, 2, 1]
(2, (1, 1, 0), (3, 1)): [77, 7, 5, 7, 1, 3, 1]
(2, (1, 1, 0), (3, 2)): [91, 11, 8, 9, 1, 0, 1]
(2, (1, 1, 1), (0, 0)): [19707, 2966, 3485, 1811, 1208, 416, 130, 48, 23, 4, 3, 0, 0, 1]
(2, (1, 1, 1), (0, 1)): [123, 10, 14, 11, 9, 1, 1, 0, 1]
(2, (1, 1, 1), (0, 2)): [60, 2, 2, 3, 3, 1, 0, 0, 1]
(2, (1, 1, 1), (1, 0)): [103, 34, 21, 18, 6, 3, 1]
(2, (1, 1, 1), (1, 1)): [89, 11, 13, 11, 6, 1, 1]
(2, (1, 1, 1), (1, 2)): [61, 5, 4, 8, 4, 1]
(2, (1, 1, 1), (2, 0)): [32, 30, 10, 9, 3, 1, 1]
(2, (1, 1, 1), (2, 1)): [35, 11, 6, 7, 4, 1, 1]
(2, (1, 1, 1), (2, 2)): [48, 9, 3, 7, 2, 0, 1]
(2, (1, 1, 1), (3, 0)): [11, 25, 4, 6, 1, 1]
(2, (1, 1, 1), (3, 1)): [18, 15, 3, 6, 2]
(2, (1, 1, 1), (3, 2)): [27, 13, 2, 9, 2, 0, 1]
