(0, (0, 0, 0), (0, 0)): [278154, 58245, 27716, 12878, 5881, 2620, 1153, 492, 197, 101, 36, 21, 10, 3, 2]
(0, (0, 0, 0), (0, 1)): [206, 52, 29, 12, 8, 2, 0, 0, 0, 1]
(0, (0, 0, 0), (0, 2)): [98, 21, 13, 5, 2]
(0, (0, 0, 0), (1, 0)): [225, 73, 32, 14, 7, 9, 2, 1, 0, 1]
(0, (0, 0, 0), (1, 1)): [136, 44, 13, 5, 6, 1, 0, 1]
(0, (0, 0, 0), (1, 2)): [80, 22, 8, 5, 3]
(0, (0, 0, 0), (2, 0)): [131, 39, 24, 10, 5, 7, 1, 0, 0, 1]
(0, (0, 0, 0), (3, 0)): [99, 26, 20, 9, 5, 7]
(0, (0, 0, 1), (0, 0)): [1244, 4389, 1266, 623, 299, 118, 64, 36, 11, 7, 2, 1, 2]
(0, (0, 0, 1), (1, 0)): [0, 7, 2, 1]
(0, (0, 0, 1), (1, 1)): [0, 3, 2]
(0, (0, 1, 0), (0, 0)): [9040, 9594, 3749, 1772, 927, 439, 183, 88, 40, 23, 5, 3]
(0, (0, 1, 0), (1, 0)): [16, 13, 0, 2]
(0, (0, 1, 0), (1, 1)): [8, 2]
(0, (0, 1, 0), (1, 2)): [3, 2]
(0, (0, 1, 0), (2, 0)): [8, 10, 0, 2]
(0, (0, 1, 0), (2, 2)): [1, 3]
(0, (0, 1, 1), (0, 0)): [797, 1559, 2032, 937, 495, 242, 109, 53, 22, 9, 5, 1, 0, 1, 1]
(0, (1, 0, 0), (0, 0)): [61935, 22489, 13995, 7101, 3417, 1592, 703, 302, 123, 66, 27, 13, 7, 3, 2]
(0, (1, 0, 0), (0, 1)): [38, 13, 15, 3, 2, 2, 1, 1]
(0, (1, 0, 0), (1, 1)): [28, 11, 7, 5]
(0, (1, 0, 0), (2, 1)): [20, 6, 5, 2, 1, 0, 1]
(0, (1, 0, 0), (3, 1)): [13, 5, 2, 0, 1]
(0, (1, 0, 0), (3, 2)): [9, 0, 2]
(0, (1, 0, 1), (0, 0)): [1512, 4853, 2159, 1491, 841, 401, 211, 84, 39, 22, 7, 6, 2, 0, 1]
(0, (1, 0, 1), (1, 0)): [4, 6, 1, 0, 1]
(0, (1, 0, 1), (2, 0)): [2, 5, 1]
(0, (1, 0, 1), (3, 0)): [2, 3, 1]
(0, (1, 1, 0), (0, 0)): [8123, 5566, 4591, 3149, 1690, 819, 381, 174, 72, 35, 20, 7, 2, 1]
(0, (1, 1, 1), (0, 0)): [823, 1558, 1357, 1114, 881, 435, 229, 102, 49, 24, 11, 3, 0, 1, 1]
(1, (0, 0, 0), (0, 0)): [220041, 24665, 10440, 4163, 1662, 666, 281, 114, 42, 15, 5, 5, 2]
(1, (0, 0, 0), (0, 1)): [158, 22, 10, 2]
(1, (0, 0, 0), (0, 2)): [90, 7, 6]
(1, (0, 0, 0), (1, 0)): [177, 19, 11, 3, 3, 1]
(1, (0, 0, 0), (1, 1)): [105, 14, 8, 4, 1]
(1, (0, 0, 0), (1, 2)): [69, 8, 4, 1]
(1, (0, 0, 0), (2, 0)): [95, 12, 6, 0, 2, 1]
(1, (0, 0, 0), (2, 1)): [60, 9, 6, 2, 1]
(1, (0, 0, 0), (2, 2)): [58, 8, 7, 3]
(1, (0, 0, 0), (3, 0)): [59, 5, 1, 0, 1, 1]
(1, (0, 0, 0), (3, 1)): [41, 7, 2, 0, 1]
(1, (0, 0, 1), (0, 0)): [7062, 11409, 2315, 986, 421, 171, 70, 36, 15, 5, 5, 3, 1]
(1, (0, 0, 1), (0, 1)): [4, 5, 3]
(1, (0, 0, 1), (0, 2)): [1, 3, 1]
(1, (0, 0, 1), (1, 2)): [2, 4, 3]
(1, (0, 1, 0), (0, 0)): [31947, 16271, 5541, 2307, 975, 420, 153, 69, 19, 15, 2, 4, 3]
(1, (0, 1, 0), (0, 1)): [27, 12, 4, 3]
(1, (0, 1, 0), (1, 0)): [33, 20, 7, 4, 3, 1]
(1, (0, 1, 0), (1, 1)): [26, 14, 5, 5]
(1, (0, 1, 1), (0, 0)): [5529, 4919, 5024, 1938, 916, 372, 165, 65, 34, 9, 5, 2, 0, 1]
(1, (1, 0, 0), (0, 0)): [91512, 17674, 10792, 4800, 1925, 818, 323, 126, 56, 28, 8, 8, 2, 2]
(1, (1, 0, 0), (0, 1)): [80, 16, 15, 5, 1, 2, 1]
(1, (1, 0, 0), (1, 0)): [78, 24, 17, 6, 2, 1, 0, 1]
(1, (1, 0, 0), (1, 1)): [60, 14, 10, 2, 0, 2, 1, 1]
(1, (1, 0, 1), (0, 0)): [7590, 9877, 3412, 2191, 902, 427, 162, 63, 24, 19, 6, 2]
(1, (1, 0, 1), (1, 0)): [6, 9, 3, 5, 2, 2]
(1, (1, 0, 1), (1, 1)): [4, 3, 4, 3, 1]
(1, (1, 0, 1), (2, 1)): [1, 4, 0, 1]
(1, (1, 0, 1), (2, 2)): [1, 3, 3, 1]
(1, (1, 1, 0), (0, 0)): [23414, 7651, 5553, 3722, 1660, 744, 290, 111, 39, 22, 3, 6, 1, 3]
(1, (1, 1, 0), (1, 0)): [25, 2, 8, 6, 5, 1]
(1, (1, 1, 0), (2, 0)): [15, 2, 4, 3, 5, 1]
(1, (1, 1, 0), (2, 1)): [10, 2, 0, 0, 1, 0, 1]
(1, (1, 1, 0), (2, 2)): [10, 2, 0, 1, 2]
(1, (1, 1, 0), (3, 0)): [8, 1, 3, 2, 3, 1]
(1, (1, 1, 0), (3, 1)): [4, 1, 1, 0, 0, 0, 1]
(1, (1, 1, 0), (3, 2)): [5, 3, 0, 0, 2]
(1, (1, 1, 1), (0, 0)): [4584, 3855, 2505, 1816, 1247, 572, 235, 90, 42, 17, 5, 3, 1, 1]
(2, (0, 0, 0), (0, 0)): [188166, 8314, 2927, 901, 323, 125, 43, 18, 3, 1]
(2, (0, 0, 0), (0, 1)): [155, 15, 3, 1]
(2, (0, 0, 0), (0, 2)): [78, 8, 1, 1]
(2, (0, 0, 0), (1, 0)): [219, 17, 6, 4, 1]
(2, (0, 0, 0), (1, 1)): [138, 9, 6]
(2, (0, 0, 0), (1, 2)): [83, 6, 5, 1]
(2, (0, 0, 0), (2, 1)): [104, 5, 2]
(2, (0, 0, 0), (2, 2)): [85, 4, 5, 1]
(2, (0, 0, 0), (3, 2)): [64, 5, 5]
(2, (0, 0, 1), (0, 0)): [22717, 7544, 1439, 467, 170, 78, 24, 8, 0, 1]
(2, (0, 1, 0), (0, 0)): [52291, 12479, 3079, 1056, 347, 127, 40, 11, 4, 1]
(2, (0, 1, 0), (0, 1)): [33, 5, 1, 0, 1]
(2, (0, 1, 0), (0, 2)): [15, 0, 1, 0, 1]
(2, (0, 1, 0), (1, 2)): [13, 2, 1, 0, 1]
(2, (0, 1, 0), (2, 2)): [17, 1, 1, 0, 1]
(2, (0, 1, 0), (3, 2)): [22, 2, 1, 0, 1]
(2, (0, 1, 1), (0, 0)): [13543, 1190, 3327, 908, 323, 125, 40, 14, 8, 2, 1]
(2, (1, 0, 0), (0, 0)): [112665, 8948, 5050, 1665, 576, 190, 81, 26, 7, 2]
(2, (1, 0, 0), (0, 1)): [63, 2, 3, 2]
(2, (1, 0, 0), (0, 2)): [31, 0, 2]
(2, (1, 0, 0), (1, 0)): [73, 6, 5, 3, 0, 1]
(2, (1, 0, 0), (1, 1)): [47, 4, 4, 3]
(2, (1, 0, 0), (1, 2)): [27, 1, 4, 2]
(2, (1, 0, 1), (0, 0)): [20422, 5462, 2417, 1262, 403, 168, 55, 23, 7, 1, 0, 1]
(2, (1, 1, 0), (0, 0)): [38237, 6143, 3407, 2041, 689, 251, 72, 19, 10, 4, 1, 0, 0, 1]
(2, (1, 1, 0), (0, 1)): [39, 4, 2, 3, 1]
(2, (1, 1, 0), (0, 2)): [20, 3, 2, 1]
(2, (1, 1, 0), (1, 0)): [33, 4, 6, 6, 2, 2, 0, 1]
(2, (1, 1, 0), (2, 0)): [23, 3, 2, 4, 1, 1, 0, 1]
(2, (1, 1, 0), (3, 0)): [14, 2, 1, 1, 1, 1]
(2, (1, 1, 1), (0, 0)): [11380, 1718, 2053, 1094, 750, 267, 83, 31, 15, 1, 1, 0, 0, 1]
