(0, (0, 0, 0)): [15853, 2983, 1323, 610, 260, 131, 58, 24, 4, 5, 2, 3, 1, 0, 0, 1]
(0, (0, 0, 1)): [60, 155, 58, 21, 13, 6, 1]
(0, (0, 1, 0)): [504, 430, 169, 83, 47, 20, 6, 2, 1, 2]
(0, (0, 1, 1)): [32, 68, 92, 36, 27, 16, 5, 3, 1, 0, 0, 1]
(0, (1, 0, 0)): [3423, 1011, 647, 318, 155, 85, 40, 15, 4, 0, 1, 2]
(0, (1, 0, 1)): [72, 238, 80, 62, 39, 20, 7, 2, 1, 0, 0, 1]
(0, (1, 1, 0)): [488, 288, 211, 167, 85, 45, 23, 11, 1]
(0, (1, 1, 1)): [54, 82, 68, 53, 51, 25, 14, 9, 1, 1, 1, 1]
(1, (0, 0, 0)): [12813, 1344, 530, 208, 74, 26, 10, 7, 1, 5, 1, 1, 1, 1, 0, 1]
(1, (0, 0, 1)): [308, 391, 83, 35, 12, 10, 2, 1, 0, 1]
(1, (0, 1, 0)): [1516, 616, 235, 106, 31, 16, 4, 2, 0, 1, 0, 0, 1, 1]
(1, (0, 1, 1)): [232, 205, 174, 66, 38, 23, 4, 4]
(1, (1, 0, 0)): [4890, 869, 520, 194, 92, 32, 16, 6, 3, 4, 2, 2, 0, 0, 0, 1]
(1, (1, 0, 1)): [353, 412, 107, 87, 36, 16, 5, 3, 1, 2, 1]
(1, (1, 1, 0)): [1400, 434, 248, 191, 85, 30, 14, 6, 4, 5, 2, 1, 2, 1]
(1, (1, 1, 1)): [306, 242, 149, 90, 76, 25, 13, 4, 3, 4]
(2, (0, 0, 0)): [11120, 456, 154, 49, 10, 4, 1, 1]
(2, (0, 0, 1)): [789, 229, 57, 21, 5, 4, 0, 1]
(2, (0, 1, 0)): [2481, 478, 144, 50, 18, 6, 3, 1, 0, 0, 0, 0, 1]
(2, (0, 1, 1)): [539, 51, 115, 31, 16, 9, 1, 2]
(2, (1, 0, 0)): [5980, 386, 272, 68, 24, 12, 3, 1]
(2, (1, 0, 1)): [812, 189, 76, 39, 11, 3, 3, 0, 0, 0, 0, 1]
(2, (1, 1, 0)): [2481, 387, 167, 108, 38, 26, 5, 3, 2, 1, 1, 0, 1]
(2, (1, 1, 1)): [695, 104, 97, 57, 55, 24, 4, 2, 2]
