(0, (0, 0, 0)): [34687, 6918, 3143, 1490, 687, 304, 117, 50, 34, 10, 8, 2, 1]
(0, (0, 0, 1)): [71, 288, 59, 38, 21, 11, 2, 0, 1, 1]
(0, (0, 1, 0)): [1332, 1260, 490, 272, 112, 64, 25, 10, 7, 2, 1]
(0, (0, 1, 1)): [99, 159, 214, 99, 49, 23, 8, 3, 2, 0, 0, 1]
(0, (1, 0, 0)): [6439, 1980, 1429, 741, 375, 160, 62, 30, 18, 3, 3, 1]
(0, (1, 0, 1)): [125, 469, 181, 148, 79, 35, 14, 8, 6, 1, 1]
(0, (1, 1, 0)): [1029, 622, 448, 370, 196, 83, 35, 17, 10, 1, 0, 1]
(0, (1, 1, 1)): [96, 213, 137, 110, 91, 48, 24, 10, 6, 0, 1]
(1, (0, 0, 0)): [27017, 3209, 1294, 503, 203, 89, 29, 11, 8, 1, 1]
(1, (0, 0, 1)): [695, 941, 180, 91, 22, 18, 12, 2, 1]
(1, (0, 1, 0)): [3634, 1421, 583, 243, 99, 55, 13, 10, 4, 1, 1]
(1, (0, 1, 1)): [553, 491, 353, 147, 84, 33, 9, 9, 5]
(1, (1, 0, 0)): [9476, 1599, 1122, 504, 207, 93, 36, 15, 7, 1, 2]
(1, (1, 0, 1)): [808, 834, 248, 209, 88, 38, 17, 11, 3, 1]
(1, (1, 1, 0)): [2944, 857, 567, 435, 174, 86, 35, 12, 6, 3, 3]
(1, (1, 1, 1)): [647, 506, 271, 184, 165, 68, 29, 5, 1, 1]
(2, (0, 0, 0)): [23874, 1246, 379, 117, 43, 11, 2, 1, 1]
(2, (0, 0, 1)): [2282, 546, 139, 51, 18, 7, 3, 0, 1]
(2, (0, 1, 0)): [5786, 1053, 343, 127, 45, 10, 2, 3, 1]
(2, (0, 1, 1)): [1413, 113, 258, 100, 48, 14, 2, 3, 0, 1]
(2, (1, 0, 0)): [11341, 772, 588, 184, 70, 22, 7, 2, 2]
(2, (1, 0, 1)): [2136, 435, 171, 140, 53, 21, 8, 0, 2]
(2, (1, 1, 0)): [4770, 665, 346, 270, 87, 32, 13, 7, 1, 1, 1]
(2, (1, 1, 1)): [1534, 218, 221, 125, 106, 30, 13, 5, 1]
