(0, (0, 0, 0)): [14895, 3199, 1584, 694, 367, 137, 80, 26, 9, 12, 1, 3, 1]
(0, (0, 0, 1)): [37, 212, 49, 31, 19, 7, 3, 2, 0, 0, 1]
(0, (0, 1, 0)): [500, 470, 207, 107, 81, 21, 17, 4, 3, 3]
(0, (0, 1, 1)): [34, 82, 102, 52, 27, 9, 7, 4, 3, 0, 1]
(0, (1, 0, 0)): [3306, 1135, 767, 380, 198, 87, 43, 10, 7, 10, 0, 3]
(0, (1, 0, 1)): [85, 270, 113, 69, 54, 19, 18, 3, 2, 3, 0, 1]
(0, (1, 1, 0)): [471, 297, 245, 184, 99, 38, 19, 4, 2, 4, 0, 1]
(0, (1, 1, 1)): [42, 98, 75, 61, 40, 19, 18, 5, 3, 4, 0, 1]
(1, (0, 0, 0)): [11814, 1425, 637, 220, 94, 33, 23, 11, 1, 0, 1, 0, 1]
(1, (0, 0, 1)): [296, 504, 102, 51, 19, 9, 4, 4, 1, 3, 1, 1, 1]
(1, (0, 1, 0)): [1573, 856, 305, 129, 57, 25, 6, 6, 1, 1]
(1, (0, 1, 1)): [284, 256, 230, 96, 56, 21, 11, 7, 3, 1, 1]
(1, (1, 0, 0)): [5046, 967, 633, 252, 122, 51, 26, 5, 5, 3, 1]
(1, (1, 0, 1)): [432, 591, 200, 120, 43, 26, 11, 5, 2, 1]
(1, (1, 1, 0)): [1324, 435, 318, 212, 121, 44, 22, 7, 2, 1]
(1, (1, 1, 1)): [259, 235, 147, 98, 73, 32, 17, 5, 3, 1]
(2, (0, 0, 0)): [9972, 452, 192, 56, 17, 7, 1, 2, 1]
(2, (0, 0, 1)): [1056, 341, 65, 21, 9, 4, 1, 1]
(2, (0, 1, 0)): [2663, 634, 186, 60, 27, 8, 2, 1, 1]
(2, (0, 1, 1)): [654, 67, 164, 56, 21, 11, 3, 1]
(2, (1, 0, 0)): [6135, 499, 330, 104, 31, 14, 7, 2, 1]
(2, (1, 0, 1)): [1168, 303, 131, 82, 29, 17, 6, 1]
(2, (1, 1, 0)): [2319, 382, 246, 121, 48, 15, 6, 1, 1]
(2, (1, 1, 1)): [684, 96, 121, 56, 49, 15, 7, 1, 1]
