(0, (0, 0, 0)): [115, 24, 6, 3, 0, 1, 1]
(0, (0, 0, 1)): [0, 4, 1]
(0, (0, 1, 0)): [6, 4, 1, 1, 1]
(0, (0, 1, 1)): [0, 0, 0, 0, 0, 0, 1]
(0, (1, 0, 0)): [30, 7, 1, 2, 0, 0, 1]
(0, (1, 0, 1)): [1, 1, 0, 1]
(0, (1, 1, 0)): [5, 1, 1, 1, 0, 0, 1]
(0, (1, 1, 1)): [0, 0, 0, 1]
(1, (0, 0, 0)): [88, 10, 3, 1, 0, 1]
(1, (0, 0, 1)): [6, 6, 0, 0, 1]
(1, (0, 1, 0)): [15, 6, 1, 1, 0, 1]
(1, (0, 1, 1)): [1, 1, 3]
(1, (1, 0, 0)): [32, 8, 3, 1, 0, 1]
(1, (1, 0, 1)): [3, 1, 0, 1]
(1, (1, 1, 0)): [10, 5, 2, 1]
(1, (1, 1, 1)): [1, 1, 0, 1]
(2, (0, 0, 0)): [76, 1]
(2, (0, 0, 1)): [11, 5]
(2, (0, 1, 0)): [22, 1, 1, 2, 1, 1]
(2, (0, 1, 1)): [8, 0, 4]
(2, (1, 0, 0)): [42, 1, 1]
(2, (1, 0, 1)): [10, 2, 2, 1, 0, 1]
(2, (1, 1, 0)): [8, 2, 1]
(2, (1, 1, 1)): [3]
