(0, (0, 0, 0)): [16696, 3281, 1600, 649, 308, 143, 52, 21, 8, 3, 3, 2]
(0, (0, 0, 1)): [53, 157, 45, 17, 3, 6, 2, 0, 0, 1]
(0, (0, 1, 0)): [571, 458, 220, 86, 47, 22, 14, 3, 2, 1]
(0, (0, 1, 1)): [52, 71, 83, 40, 28, 6, 4, 2, 1, 2, 1]
(0, (1, 0, 0)): [3570, 1057, 792, 331, 171, 77, 27, 12, 7, 1, 1, 1]
(0, (1, 0, 1)): [79, 259, 93, 69, 33, 20, 11, 6, 3, 1]
(0, (1, 1, 0)): [523, 294, 221, 142, 91, 45, 12, 7, 3, 0, 0, 1]
(0, (1, 1, 1)): [71, 89, 78, 44, 36, 19, 9, 8, 1, 2]
(1, (0, 0, 0)): [13588, 1542, 618, 227, 96, 40, 12, 7, 1, 1, 2]
(1, (0, 0, 1)): [289, 399, 96, 26, 11, 10, 5]
(1, (0, 1, 0)): [1717, 681, 277, 116, 45, 19, 5, 0, 1]
(1, (0, 1, 1)): [268, 200, 174, 57, 34, 20, 5, 4]
(1, (1, 0, 0)): [5061, 833, 602, 227, 105, 38, 13, 9, 0, 1, 1]
(1, (1, 0, 1)): [447, 415, 115, 89, 41, 9, 10, 2]
(1, (1, 1, 0)): [1412, 399, 296, 186, 85, 40, 8, 6, 2, 1]
(1, (1, 1, 1)): [313, 208, 138, 73, 65, 29, 8, 7, 0, 1]
(2, (0, 0, 0)): [11860, 570, 208, 60, 31, 5, 3, 1, 0, 0, 1]
(2, (0, 0, 1)): [911, 260, 52, 20, 9, 4]
(2, (0, 1, 0)): [2631, 541, 162, 58, 14, 5, 0, 0, 0, 0, 1]
(2, (0, 1, 1)): [601, 57, 132, 34, 14, 4, 2]
(2, (1, 0, 0)): [6189, 433, 339, 96, 44, 6, 5, 1, 0, 1, 1]
(2, (1, 0, 1)): [1078, 221, 79, 52, 17, 7, 1, 0, 1]
(2, (1, 1, 0)): [2511, 401, 185, 126, 51, 10, 4, 3, 0, 1]
(2, (1, 1, 1)): [705, 84, 110, 51, 55, 11, 4, 1]
