(0, (0, 0, 0)): [26820, 5216, 2459, 1111, 493, 191, 84, 37, 12, 2, 0, 2]
(0, (0, 0, 1)): [131, 304, 68, 40, 19, 5, 4]
(0, (0, 1, 0)): [1074, 809, 329, 175, 85, 36, 19, 5, 1]
(0, (0, 1, 1)): [92, 126, 136, 80, 39, 16, 10, 6, 2]
(0, (1, 0, 0)): [5730, 1692, 1196, 600, 262, 110, 45, 23, 5, 1, 0, 1]
(0, (1, 0, 1)): [162, 379, 133, 109, 60, 27, 15, 7, 2, 1, 1]
(0, (1, 1, 0)): [833, 440, 355, 271, 129, 66, 26, 13, 3, 1, 0, 1]
(0, (1, 1, 1)): [79, 150, 115, 80, 63, 37, 19, 6, 2, 1]
(1, (0, 0, 0)): [21840, 2408, 989, 372, 155, 51, 25, 9, 5, 1, 0, 1]
(1, (0, 0, 1)): [604, 764, 141, 65, 19, 13, 5, 2]
(1, (0, 1, 0)): [2806, 1107, 446, 201, 83, 24, 7, 3, 1]
(1, (0, 1, 1)): [467, 322, 275, 131, 50, 24, 11, 1, 1]
(1, (1, 0, 0)): [8194, 1339, 977, 371, 153, 47, 30, 6, 5, 1, 0, 1]
(1, (1, 0, 1)): [721, 687, 223, 158, 53, 21, 10, 5, 1, 0, 0, 1]
(1, (1, 1, 0)): [2448, 644, 447, 340, 141, 48, 22, 10, 3, 0, 1]
(1, (1, 1, 1)): [530, 365, 242, 159, 101, 45, 13, 7, 2]
(2, (0, 0, 0)): [19093, 930, 273, 99, 29, 9]
(2, (0, 0, 1)): [1505, 472, 92, 47, 13, 1, 1]
(2, (0, 1, 0)): [4237, 868, 279, 80, 35, 9, 3]
(2, (0, 1, 1)): [926, 81, 164, 51, 17, 8, 2, 1]
(2, (1, 0, 0)): [9665, 632, 442, 162, 43, 21, 2, 1]
(2, (1, 0, 1)): [1792, 389, 125, 89, 26, 10, 3]
(2, (1, 1, 0)): [4117, 562, 298, 202, 62, 25, 6, 1, 1]
(2, (1, 1, 1)): [1269, 153, 185, 94, 74, 24, 5, 1, 1]
