(0, (0, 0, 0), (0, 0)): [380452, 78978, 37503, 17464, 7965, 3554, 1492, 640, 266, 138, 51, 24, 14, 4, 2]
(0, (0, 0, 0), (0, 1)): [262, 57, 37, 13, 8, 2, 0, 0, 0, 1]
(0, (0, 0, 0), (0, 2)): [124, 22, 15, 6, 2]
(0, (0, 0, 0), (1, 0)): [277, 80, 36, 14, 8, 10, 2, 1, 0, 1]
(0, (0, 0, 0), (1, 1)): [165, 47, 19, 5, 7, 1, 0, 1]
(0, (0, 0, 0), (1, 2)): [111, 23, 10, 6, 3]
(0, (0, 0, 0), (2, 0)): [152, 43, 26, 10, 5, 7, 1, 0, 0, 1]
(0, (0, 0, 0), (2, 1)): [96, 31, 12, 1, 3, 1, 1]
(0, (0, 0, 0), (2, 2)): [91, 17, 6, 2, 3, 1]
(0, (0, 0, 0), (3, 0)): [109, 28, 21, 9, 5, 7]
(0, (0, 0, 0), (3, 1)): [73, 22, 10, 1, 0, 0, 1]
(0, (0, 0, 0), (3, 2)): [81, 18, 10, 2, 2]
(0, (0, 0, 1), (0, 0)): [1624, 5766, 1606, 782, 396, 162, 77, 45, 20, 8, 2, 1, 2]
(0, (0, 1, 0), (0, 0)): [12370, 12961, 5071, 2411, 1225, 584, 238, 112, 49, 29, 7, 4, 2]
(0, (0, 1, 0), (0, 1)): [3, 10, 1, 0, 0, 1]
(0, (0, 1, 0), (1, 0)): [17, 13, 2, 2, 0, 1]
(0, (0, 1, 0), (1, 1)): [9, 3, 0, 0, 0, 1]
(0, (0, 1, 1), (0, 0)): [1104, 2070, 2709, 1235, 665, 325, 139, 63, 32, 12, 5, 3, 0, 1, 1]
(0, (1, 0, 0), (0, 0)): [84399, 30037, 18960, 9577, 4646, 2131, 921, 397, 168, 92, 36, 15, 9, 3, 2]
(0, (1, 0, 0), (0, 1)): [49, 14, 18, 4, 2, 2, 1, 1]
(0, (1, 0, 0), (0, 2)): [19, 7, 8, 1, 2, 1, 0, 1]
(0, (1, 0, 0), (1, 0)): [57, 29, 19, 5, 2, 0, 1]
(0, (1, 0, 0), (1, 1)): [35, 13, 10, 5]
(0, (1, 0, 0), (1, 2)): [15, 3, 6, 2]
(0, (1, 0, 0), (2, 1)): [25, 6, 5, 2, 1, 0, 1]
(0, (1, 0, 0), (3, 1)): [17, 5, 2, 0, 1]
(0, (1, 0, 0), (3, 2)): [13, 0, 2]
(0, (1, 0, 1), (0, 0)): [1989, 6646, 2853, 1970, 1065, 507, 271, 109, 53, 25, 9, 7, 3, 0, 1]
(0, (1, 0, 1), (0, 1)): [0, 5, 0, 1, 0, 1, 2]
(0, (1, 0, 1), (1, 0)): [4, 6, 2, 0, 1]
(0, (1, 0, 1), (1, 1)): [1, 1, 1, 0, 0, 1, 1]
(0, (1, 1, 0), (0, 0)): [11219, 7636, 6268, 4314, 2344, 1108, 500, 243, 99, 48, 25, 8, 4, 1]
(0, (1, 1, 0), (1, 0)): [6, 6, 10, 8, 4, 1, 1]
(0, (1, 1, 0), (1, 1)): [5, 5, 1, 3, 1, 2]
(0, (1, 1, 1), (0, 0)): [1121, 2160, 1891, 1515, 1199, 611, 283, 135, 63, 29, 18, 5, 0, 1, 1]
(1, (0, 0, 0), (0, 0)): [301882, 33680, 14145, 5710, 2276, 909, 359, 149, 59, 20, 9, 6, 2, 1]
(1, (0, 0, 0), (0, 1)): [204, 26, 11, 2, 1]
(1, (0, 0, 0), (0, 2)): [111, 8, 6, 0, 1]
(1, (0, 0, 0), (1, 0)): [226, 21, 12, 4, 3, 1]
(1, (0, 0, 0), (1, 1)): [144, 16, 9, 5, 1]
(1, (0, 0, 0), (1, 2)): [88, 8, 5, 1, 1]
(1, (0, 0, 0), (2, 1)): [81, 10, 6, 2, 1]
(1, (0, 0, 0), (2, 2)): [74, 9, 8, 3]
(1, (0, 0, 0), (3, 1)): [45, 7, 2, 0, 1]
(1, (0, 0, 0), (3, 2)): [46, 9, 5, 2]
(1, (0, 0, 1), (0, 0)): [9147, 14732, 2944, 1233, 529, 219, 89, 46, 19, 6, 6, 4, 2, 1]
(1, (0, 0, 1), (0, 1)): [4, 7, 3, 1]
(1, (0, 0, 1), (0, 2)): [1, 4, 1]
(1, (0, 0, 1), (1, 0)): [4, 12, 6, 0, 1]
(1, (0, 0, 1), (1, 2)): [2, 5, 3]
(1, (0, 0, 1), (2, 0)): [3, 8, 5, 0, 1]
(1, (0, 0, 1), (3, 0)): [3, 7, 4, 0, 1]
(1, (0, 0, 1), (3, 1)): [1, 4]
(1, (0, 0, 1), (3, 2)): [2, 2]
(1, (0, 1, 0), (0, 0)): [42737, 21518, 7390, 3076, 1306, 542, 200, 94, 25, 21, 5, 5, 3]
(1, (0, 1, 0), (0, 1)): [30, 13, 4, 3]
(1, (0, 1, 0), (0, 2)): [15, 5, 1]
(1, (0, 1, 0), (1, 0)): [37, 20, 8, 5, 3, 1]
(1, (0, 1, 0), (1, 1)): [27, 14, 6, 5]
(1, (0, 1, 0), (2, 0)): [18, 10, 3, 3, 3, 1]
(1, (0, 1, 0), (3, 0)): [14, 6, 2, 2, 3]
(1, (0, 1, 0), (3, 1)): [11, 4, 0, 3, 1, 1]
(1, (0, 1, 1), (0, 0)): [7360, 6509, 6472, 2536, 1247, 499, 203, 86, 47, 11, 6, 3, 1, 1]
(1, (0, 1, 1), (1, 0)): [9, 3, 3, 2, 5, 3]
(1, (0, 1, 1), (2, 0)): [8, 3, 2, 1, 3, 3]
(1, (0, 1, 1), (3, 0)): [6, 3, 2, 0, 3, 3]
(1, (1, 0, 0), (0, 0)): [124528, 23747, 14625, 6466, 2579, 1101, 422, 164, 73, 32, 14, 10, 2, 2]
(1, (1, 0, 0), (0, 1)): [94, 16, 17, 6, 1, 2, 1]
(1, (1, 0, 0), (0, 2)): [43, 7, 10, 3]
(1, (1, 0, 0), (1, 0)): [92, 28, 18, 6, 2, 1, 0, 1]
(1, (1, 0, 0), (1, 1)): [67, 15, 10, 2, 0, 2, 1, 1]
(1, (1, 0, 0), (1, 2)): [42, 5, 7, 0, 0, 0, 1]
(1, (1, 0, 0), (2, 0)): [40, 16, 12, 5, 2, 1]
(1, (1, 0, 0), (2, 2)): [36, 5, 7]
(1, (1, 0, 0), (3, 0)): [21, 10, 4, 3, 2]
(1, (1, 0, 1), (0, 0)): [9984, 13059, 4430, 2863, 1184, 548, 209, 76, 28, 24, 9, 2]
(1, (1, 0, 1), (1, 0)): [8, 13, 3, 5, 2, 2]
(1, (1, 0, 1), (2, 0)): [1, 5, 1, 2, 1, 1]
(1, (1, 0, 1), (3, 0)): [1, 4, 0, 0, 1, 1]
(1, (1, 0, 1), (3, 1)): [0, 1, 0, 1, 1]
(1, (1, 0, 1), (3, 2)): [0, 3, 2, 2, 1]
(1, (1, 1, 0), (0, 0)): [32718, 10604, 7732, 5125, 2260, 997, 391, 154, 58, 27, 8, 6, 1, 3]
(1, (1, 1, 0), (0, 1)): [14, 4, 5, 2, 1, 1, 1]
(1, (1, 1, 0), (0, 2)): [6, 3, 1, 0, 1]
(1, (1, 1, 0), (1, 0)): [28, 4, 9, 6, 5, 1]
(1, (1, 1, 0), (1, 2)): [6, 1, 1, 1, 1]
(1, (1, 1, 0), (2, 0)): [18, 3, 4, 3, 5, 1]
(1, (1, 1, 0), (2, 1)): [13, 2, 0, 0, 1, 0, 1]
(1, (1, 1, 0), (2, 2)): [12, 2, 0, 1, 2]
(1, (1, 1, 1), (0, 0)): [6548, 5498, 3624, 2527, 1744, 790, 326, 121, 53, 22, 10, 5, 1, 1]
(1, (1, 1, 1), (0, 1)): [11, 9, 6, 3, 0, 1]
(1, (1, 1, 1), (1, 0)): [6, 5, 9, 2, 5, 2, 2, 1]
(1, (1, 1, 1), (2, 0)): [2, 3, 6, 2, 3, 2, 1, 1]
(1, (1, 1, 1), (2, 1)): [3, 2, 5, 1, 2, 0, 1]
(1, (1, 1, 1), (2, 2)): [1, 2, 3, 1, 0, 0, 1]
(2, (0, 0, 0), (0, 0)): [258289, 11420, 3995, 1254, 456, 173, 58, 25, 6, 1, 1]
(2, (0, 0, 0), (0, 1)): [204, 17, 4, 1]
(2, (0, 0, 0), (0, 2)): [93, 9, 1, 1]
(2, (0, 0, 0), (1, 0)): [257, 19, 8, 5, 2]
(2, (0, 0, 0), (1, 1)): [168, 9, 6, 0, 1]
(2, (0, 0, 0), (1, 2)): [106, 7, 5, 1, 1]
(2, (0, 0, 0), (2, 0)): [122, 10, 3, 4, 1]
(2, (0, 0, 0), (2, 1)): [117, 7, 3, 1]
(2, (0, 0, 0), (2, 2)): [102, 5, 5, 2, 1]
(2, (0, 0, 0), (3, 1)): [63, 5, 2]
(2, (0, 0, 0), (3, 2)): [75, 6, 6, 0, 1]
(2, (0, 0, 1), (0, 0)): [28741, 9461, 1788, 605, 213, 91, 31, 8, 1, 2, 0, 1]
(2, (0, 0, 1), (0, 1)): [16, 6]
(2, (0, 0, 1), (0, 2)): [10, 4]
(2, (0, 0, 1), (1, 0)): [24, 8, 3, 0, 0, 1]
(2, (0, 0, 1), (1, 2)): [7, 2]
(2, (0, 1, 0), (0, 0)): [69794, 16651, 4106, 1406, 476, 173, 53, 14, 5, 1]
(2, (0, 1, 0), (0, 1)): [37, 7, 1, 0, 1]
(2, (0, 1, 0), (1, 1)): [29, 7, 2]
(2, (0, 1, 0), (2, 1)): [28, 3, 1, 1]
(2, (0, 1, 0), (3, 1)): [20, 5, 0, 0, 1]
(2, (0, 1, 1), (0, 0)): [17516, 1512, 4255, 1145, 428, 154, 55, 19, 10, 3, 1]
(2, (1, 0, 0), (0, 0)): [152805, 12023, 6898, 2282, 797, 250, 99, 36, 11, 2, 2]
(2, (1, 0, 0), (0, 1)): [83, 2, 4, 2]
(2, (1, 0, 0), (0, 2)): [36, 0, 2]
(2, (1, 0, 0), (1, 0)): [96, 7, 5, 4, 1, 1]
(2, (1, 0, 0), (1, 1)): [61, 5, 5, 3]
(2, (1, 0, 0), (1, 2)): [36, 1, 4, 2]
(2, (1, 0, 0), (2, 0)): [42, 2, 1, 3]
(2, (1, 0, 0), (2, 1)): [34, 3, 2]
(2, (1, 0, 0), (2, 2)): [26, 2, 3, 1]
(2, (1, 0, 0), (3, 2)): [19, 0, 0, 1]
(2, (1, 0, 1), (0, 0)): [26497, 7067, 3041, 1651, 506, 205, 67, 28, 11, 2, 0, 1]
(2, (1, 1, 0), (0, 0)): [55403, 8980, 4824, 2893, 980, 344, 102, 36, 16, 5, 3, 0, 0, 1]
(2, (1, 1, 0), (0, 1)): [43, 6, 5, 3, 2]
(2, (1, 1, 0), (1, 0)): [38, 6, 6, 6, 2, 2, 0, 1]
(2, (1, 1, 0), (1, 1)): [20, 4, 3, 2, 1]
(2, (1, 1, 1), (0, 0)): [16273, 2449, 2912, 1539, 1034, 362, 113, 44, 20, 3, 3, 0, 0, 1]
(2, (1, 1, 1), (0, 1)): [19, 1, 3, 2, 1, 1]
