(0, (0, 0, 0), (0, 0)): [557235, 113630, 53935, 25013, 11436, 5058, 2127, 919, 385, 190, 78, 38, 20, 5, 3, 1, 0, 1]
(0, (0, 0, 0), (0, 1)): [8083, 1557, 793, 327, 171, 69, 24, 12, 3, 5, 1, 0, 2, 1, 0, 1]
(0, (0, 0, 0), (0, 2)): [2746, 481, 250, 100, 54, 11, 8, 8, 0, 1, 0, 0, 1]
(0, (0, 0, 0), (1, 0)): [7618, 1723, 944, 417, 213, 87, 45, 15, 4, 2, 2]
(0, (0, 0, 0), (1, 1)): [6958, 1404, 777, 338, 173, 73, 25, 11, 5, 2, 2, 0, 1, 1, 0, 1]
(0, (0, 0, 0), (1, 2)): [4206, 759, 404, 150, 90, 28, 13, 7, 3, 1, 0, 0, 2]
(0, (0, 0, 0), (2, 0)): [2587, 652, 363, 176, 93, 39, 22, 6, 1, 1, 1]
(0, (0, 0, 0), (2, 1)): [3823, 834, 466, 236, 110, 51, 23, 10, 1, 0, 1, 0, 0, 1]
(0, (0, 0, 0), (2, 2)): [3448, 669, 359, 154, 87, 32, 12, 8, 1, 1, 1, 0, 2]
(0, (0, 0, 0), (3, 0)): [886, 235, 163, 80, 43, 22, 9, 1, 1, 0, 1]
(0, (0, 0, 0), (3, 1)): [1588, 395, 264, 137, 58, 28, 14, 4, 2]
(0, (0, 0, 0), (3, 2)): [2146, 444, 303, 141, 68, 27, 11, 6, 2, 1, 0, 0, 2]
(0, (0, 0, 1), (0, 0)): [2326, 7718, 2192, 1028, 519, 224, 102, 61, 26, 12, 4, 1, 2, 1]
(0, (0, 0, 1), (0, 1)): [30, 76, 33, 8, 7, 3, 2, 0, 0, 0, 0, 0, 0, 1]
(0, (0, 0, 1), (0, 2)): [13, 29, 10, 2, 3]
(0, (0, 0, 1), (1, 0)): [37, 78, 23, 17, 9, 6, 1, 1, 1]
(0, (0, 0, 1), (1, 1)): [24, 54, 22, 10, 7, 4, 1, 0, 0, 0, 0, 0, 0, 1]
(0, (0, 0, 1), (1, 2)): [18, 38, 14, 5, 4, 0, 1]
(0, (0, 0, 1), (2, 0)): [21, 34, 13, 8, 3, 4, 1, 1, 1]
(0, (0, 0, 1), (2, 1)): [22, 30, 15, 7, 6, 3]
(0, (0, 0, 1), (2, 2)): [20, 23, 11, 4, 3, 1]
(0, (0, 0, 1), (3, 0)): [4, 18, 6, 5, 0, 2, 1, 1, 1]
(0, (0, 0, 1), (3, 1)): [7, 12, 6, 5, 3, 3, 0, 1]
(0, (0, 0, 1), (3, 2)): [13, 15, 4, 4, 2, 3, 0, 1]
(0, (0, 1, 0), (0, 0)): [18089, 18065, 7095, 3377, 1704, 795, 328, 149, 65, 38, 13, 5, 2, 0, 1]
(0, (0, 1, 0), (0, 1)): [246, 206, 92, 41, 13, 12, 4, 2]
(0, (0, 1, 0), (0, 2)): [90, 62, 29, 11, 1, 6, 1]
(0, (0, 1, 0), (1, 0)): [247, 239, 89, 50, 30, 15, 6, 0, 1]
(0, (0, 1, 0), (1, 1)): [215, 172, 74, 40, 17, 8, 5, 2]
(0, (0, 1, 0), (1, 2)): [136, 105, 38, 23, 8, 8, 2]
(0, (0, 1, 0), (2, 0)): [84, 89, 36, 21, 13, 10, 2, 0, 1]
(0, (0, 1, 0), (2, 1)): [100, 88, 39, 24, 7, 11, 4, 2]
(0, (0, 1, 0), (2, 2)): [98, 74, 38, 17, 4, 6, 4, 1]
(0, (0, 1, 0), (3, 0)): [37, 36, 17, 14, 9, 2, 1, 0, 1]
(0, (0, 1, 0), (3, 1)): [45, 46, 22, 15, 11, 4, 1, 1]
(0, (0, 1, 0), (3, 2)): [59, 49, 31, 14, 8, 4, 3]
(0, (0, 1, 1), (0, 0)): [1609, 2915, 3729, 1674, 930, 434, 193, 91, 45, 17, 6, 5, 0, 1, 1, 0, 0, 1]
(0, (0, 1, 1), (0, 1)): [19, 27, 48, 21, 12, 3, 3, 1]
(0, (0, 1, 1), (0, 2)): [8, 8, 21, 7, 7, 1, 1, 1]
(0, (0, 1, 1), (1, 0)): [29, 43, 66, 30, 22, 7, 4, 3, 2, 0, 0, 1]
(0, (0, 1, 1), (1, 1)): [14, 26, 33, 17, 12, 2, 3]
(0, (0, 1, 1), (1, 2)): [8, 8, 18, 11, 8, 2, 2, 1]
(0, (0, 1, 1), (2, 0)): [21, 27, 35, 19, 10, 5, 2, 3, 2, 0, 0, 1]
(0, (0, 1, 1), (2, 1)): [14, 20, 28, 14, 8, 2, 2, 2, 1]
(0, (0, 1, 1), (2, 2)): [15, 10, 20, 10, 5, 2, 1, 2]
(0, (0, 1, 1), (3, 0)): [12, 16, 18, 15, 8, 4, 0, 1, 0, 0, 0, 1]
(0, (0, 1, 1), (3, 1)): [6, 12, 11, 8, 6, 0, 0, 0, 1]
(0, (0, 1, 1), (3, 2)): [10, 6, 18, 8, 5, 2, 1, 2]
(0, (1, 0, 0), (0, 0)): [123488, 42515, 27086, 13610, 6643, 3044, 1326, 581, 253, 124, 54, 23, 13, 3, 2, 1, 0, 1]
(0, (1, 0, 0), (0, 1)): [1679, 472, 385, 173, 94, 42, 14, 8, 2]
(0, (1, 0, 0), (0, 2)): [606, 128, 127, 45, 29, 9, 6, 1, 1]
(0, (1, 0, 0), (1, 0)): [1560, 541, 384, 195, 111, 31, 26, 6, 1, 4, 2]
(0, (1, 0, 0), (1, 1)): [1333, 411, 282, 153, 70, 26, 15, 7, 2, 2]
(0, (1, 0, 0), (1, 2)): [794, 197, 161, 67, 36, 16, 9, 1, 1]
(0, (1, 0, 0), (2, 0)): [482, 185, 131, 74, 50, 17, 6, 4, 0, 2, 2]
(0, (1, 0, 0), (2, 1)): [676, 204, 148, 94, 52, 17, 6, 4, 1, 3]
(0, (1, 0, 0), (2, 2)): [576, 155, 124, 60, 36, 9, 6, 3, 1, 2]
(0, (1, 0, 0), (3, 0)): [150, 64, 53, 33, 25, 6, 1, 4, 0, 1, 1]
(0, (1, 0, 0), (3, 1)): [270, 90, 64, 44, 34, 9, 3, 2, 1, 1, 1]
(0, (1, 0, 0), (3, 2)): [316, 101, 68, 39, 35, 9, 3, 1, 0, 2]
(0, (1, 0, 1), (0, 0)): [2768, 9381, 3859, 2688, 1440, 683, 343, 150, 71, 31, 13, 9, 4, 0, 1, 0, 0, 1]
(0, (1, 0, 1), (0, 1)): [33, 109, 50, 32, 12, 7, 6, 1, 1, 0, 0, 0, 1]
(0, (1, 0, 1), (0, 2)): [14, 43, 11, 11, 5, 4, 3, 0, 1]
(0, (1, 0, 1), (1, 0)): [32, 127, 56, 40, 17, 9, 1, 1, 2, 1, 1]
(0, (1, 0, 1), (1, 1)): [27, 89, 34, 30, 10, 6, 3, 1, 2, 0, 1]
(0, (1, 0, 1), (1, 2)): [16, 44, 14, 13, 7, 4, 1, 1, 2]
(0, (1, 0, 1), (2, 0)): [12, 51, 27, 15, 7, 4, 0, 1, 0, 1]
(0, (1, 0, 1), (2, 1)): [14, 63, 24, 19, 6, 3, 0, 0, 1, 0, 1]
(0, (1, 0, 1), (2, 2)): [18, 47, 17, 10, 4, 3, 0, 1, 1, 0, 1]
(0, (1, 0, 1), (3, 0)): [6, 15, 13, 9, 4, 3, 0, 1]
(0, (1, 0, 1), (3, 1)): [5, 18, 10, 7, 7, 3]
(0, (1, 0, 1), (3, 2)): [6, 23, 15, 7, 6, 1, 0, 0, 1, 0, 1]
(0, (1, 1, 0), (0, 0)): [16868, 11228, 8966, 6240, 3423, 1627, 740, 360, 150, 68, 35, 14, 6, 1]
(0, (1, 1, 0), (0, 1)): [271, 147, 95, 82, 50, 17, 7, 6, 0, 0, 1]
(0, (1, 1, 0), (0, 2)): [91, 48, 35, 25, 21, 4, 3, 4]
(0, (1, 1, 0), (1, 0)): [219, 148, 123, 85, 54, 28, 8, 6, 1, 3]
(0, (1, 1, 0), (1, 1)): [185, 103, 81, 61, 33, 16, 3, 3, 0, 1, 1]
(0, (1, 1, 0), (1, 2)): [113, 58, 48, 36, 18, 7, 3, 3, 0, 1]
(0, (1, 1, 0), (2, 0)): [53, 47, 44, 32, 22, 13, 4, 4, 1, 1]
(0, (1, 1, 0), (2, 1)): [87, 54, 48, 29, 23, 10, 2, 4, 0, 1]
(0, (1, 1, 0), (2, 2)): [74, 50, 44, 27, 13, 8, 1, 3, 0, 2]
(0, (1, 1, 0), (3, 0)): [15, 17, 19, 12, 9, 4, 2, 1, 1]
(0, (1, 1, 0), (3, 1)): [32, 23, 26, 17, 11, 6, 3, 1, 1]
(0, (1, 1, 0), (3, 2)): [48, 29, 30, 17, 10, 4, 1, 2, 1]
(0, (1, 1, 1), (0, 0)): [1726, 3249, 2771, 2193, 1721, 853, 413, 211, 95, 36, 26, 10, 1, 1, 1]
(0, (1, 1, 1), (0, 1)): [35, 41, 43, 31, 17, 7, 2, 2, 2, 2, 1, 1]
(0, (1, 1, 1), (0, 2)): [18, 17, 11, 9, 10, 1, 0, 1, 1, 0, 0, 1]
(0, (1, 1, 1), (1, 0)): [25, 56, 62, 37, 37, 18, 5, 5, 1, 0, 1]
(0, (1, 1, 1), (1, 1)): [22, 36, 47, 28, 14, 8, 3, 4, 1, 1, 1]
(0, (1, 1, 1), (1, 2)): [21, 21, 21, 11, 6, 3, 2, 1, 2, 0, 0, 1]
(0, (1, 1, 1), (2, 0)): [8, 25, 15, 18, 20, 4, 1, 1, 1, 0, 1]
(0, (1, 1, 1), (2, 1)): [12, 21, 22, 14, 16, 5, 0, 3, 1]
(0, (1, 1, 1), (2, 2)): [12, 23, 16, 12, 9, 3, 2, 3, 1, 0, 0, 1]
(0, (1, 1, 1), (3, 0)): [1, 6, 7, 8, 6, 1, 0, 0, 0, 0, 1]
(0, (1, 1, 1), (3, 1)): [3, 9, 7, 13, 7, 0, 0, 0, 0, 0, 1]
(0, (1, 1, 1), (3, 2)): [5, 6, 9, 11, 6, 1, 1, 0, 1, 0, 0, 1]
(1, (0, 0, 0), (0, 0)): [443661, 48983, 20562, 8318, 3321, 1306, 503, 203, 77, 34, 13, 10, 5, 2, 0, 1]
(1, (0, 0, 0), (0, 1)): [6468, 684, 308, 113, 52, 10, 5, 4, 1, 0, 0, 0, 0, 1]
(1, (0, 0, 0), (0, 2)): [2221, 193, 89, 32, 11, 2, 0, 1]
(1, (0, 0, 0), (1, 0)): [6435, 827, 391, 139, 69, 24, 13, 3, 0, 1, 0, 0, 0, 0, 0, 1]
(1, (0, 0, 0), (1, 1)): [5673, 667, 290, 100, 51, 15, 10, 2, 1, 1, 0, 0, 0, 1]
(1, (0, 0, 0), (1, 2)): [3394, 336, 138, 54, 22, 7, 4, 2]
(1, (0, 0, 0), (2, 0)): [2260, 321, 181, 54, 30, 13, 5, 2, 0, 0, 0, 0, 0, 0, 0, 1]
(1, (0, 0, 0), (2, 1)): [3167, 410, 195, 62, 41, 12, 5, 1, 0, 1]
(1, (0, 0, 0), (2, 2)): [2861, 309, 132, 48, 21, 9, 6, 2]
(1, (0, 0, 0), (3, 0)): [773, 118, 88, 28, 12, 4, 3, 0, 0, 0, 0, 0, 0, 0, 0, 1]
(1, (0, 0, 0), (3, 1)): [1388, 224, 127, 44, 27, 5, 1]
(1, (0, 0, 0), (3, 2)): [1701, 228, 123, 44, 22, 8, 4, 2]
(1, (0, 0, 1), (0, 0)): [12556, 19517, 3875, 1645, 701, 298, 121, 58, 28, 8, 6, 4, 2, 1]
(1, (0, 0, 1), (0, 1)): [150, 183, 39, 13, 7, 2, 3]
(1, (0, 0, 1), (0, 2)): [60, 58, 13, 4, 2, 0, 1]
(1, (0, 0, 1), (1, 0)): [180, 246, 55, 24, 13, 8, 4, 1, 1]
(1, (0, 0, 1), (1, 1)): [135, 180, 33, 11, 5, 3, 2, 1]
(1, (0, 0, 1), (1, 2)): [98, 89, 15, 6, 4, 1, 1]
(1, (0, 0, 1), (2, 0)): [85, 104, 29, 15, 7, 6, 4, 0, 1]
(1, (0, 0, 1), (2, 1)): [72, 101, 19, 7, 2, 3, 4, 1]
(1, (0, 0, 1), (2, 2)): [71, 76, 10, 7, 2, 1]
(1, (0, 0, 1), (3, 0)): [38, 48, 17, 11, 6, 3, 2, 0, 1]
(1, (0, 0, 1), (3, 1)): [47, 54, 7, 8, 2, 1, 2, 1]
(1, (0, 0, 1), (3, 2)): [48, 52, 9, 7, 2, 1, 1]
(1, (0, 1, 0), (0, 0)): [60707, 29419, 10319, 4404, 1830, 749, 273, 131, 34, 26, 9, 5, 5, 1, 1]
(1, (0, 1, 0), (0, 1)): [688, 305, 114, 48, 17, 5, 4, 1, 1]
(1, (0, 1, 0), (0, 2)): [251, 108, 35, 12, 5, 1, 1]
(1, (0, 1, 0), (1, 0)): [915, 426, 150, 102, 48, 17, 3, 2, 0, 0, 1, 0, 0, 1]
(1, (0, 1, 0), (1, 1)): [631, 270, 99, 54, 23, 7, 4, 1, 1, 0, 0, 0, 0, 1]
(1, (0, 1, 0), (1, 2)): [376, 155, 53, 23, 9, 3, 3]
(1, (0, 1, 0), (2, 0)): [408, 173, 70, 64, 24, 11, 2, 2, 0, 0, 1]
(1, (0, 1, 0), (2, 1)): [361, 152, 51, 43, 21, 7, 4, 2, 0, 0, 1, 0, 0, 1]
(1, (0, 1, 0), (2, 2)): [312, 140, 44, 28, 12, 1, 1]
(1, (0, 1, 0), (3, 0)): [199, 90, 32, 45, 17, 5, 0, 1]
(1, (0, 1, 0), (3, 1)): [175, 66, 31, 26, 13, 4, 1, 1, 0, 0, 0, 0, 0, 1]
(1, (0, 1, 0), (3, 2)): [172, 75, 35, 30, 16, 0, 0, 0, 0, 0, 0, 0, 0, 1]
(1, (0, 1, 1), (0, 0)): [10383, 8975, 8596, 3404, 1751, 703, 292, 118, 66, 15, 7, 3, 1, 1, 0, 1]
(1, (0, 1, 1), (0, 1)): [105, 91, 63, 21, 14, 7, 5, 1]
(1, (0, 1, 1), (0, 2)): [51, 22, 20, 6, 5, 0, 1]
(1, (0, 1, 1), (1, 0)): [197, 153, 113, 56, 48, 13, 5, 4, 2, 1]
(1, (0, 1, 1), (1, 1)): [91, 78, 55, 25, 13, 5, 5, 2]
(1, (0, 1, 1), (1, 2)): [64, 37, 29, 16, 4, 1, 1]
(1, (0, 1, 1), (2, 0)): [135, 101, 64, 35, 39, 11, 4, 3, 2, 1]
(1, (0, 1, 1), (2, 1)): [59, 50, 31, 14, 6, 7, 5, 1]
(1, (0, 1, 1), (2, 2)): [49, 39, 27, 13, 7, 0, 0, 1]
(1, (0, 1, 1), (3, 0)): [111, 87, 51, 27, 36, 8, 3, 3, 2, 1]
(1, (0, 1, 1), (3, 1)): [29, 25, 12, 6, 2, 5, 5]
(1, (0, 1, 1), (3, 2)): [30, 33, 16, 3, 3, 2, 1]
(1, (1, 0, 0), (0, 0)): [180338, 33471, 20893, 9177, 3718, 1556, 607, 225, 106, 50, 20, 14, 3, 2, 0, 2]
(1, (1, 0, 0), (0, 1)): [2419, 364, 290, 114, 47, 14, 10, 1, 0, 2]
(1, (1, 0, 0), (0, 2)): [825, 106, 104, 35, 15, 4, 5, 0, 0, 2]
(1, (1, 0, 0), (1, 0)): [2443, 466, 347, 150, 65, 23, 11, 6, 1, 1, 0, 0, 1, 0, 0, 1]
(1, (1, 0, 0), (1, 1)): [2023, 324, 252, 86, 40, 12, 7, 3, 0, 0, 0, 0, 0, 0, 0, 1]
(1, (1, 0, 0), (1, 2)): [1146, 155, 134, 37, 21, 7, 5, 1, 0, 1]
(1, (1, 0, 0), (2, 0)): [794, 185, 129, 72, 29, 14, 6, 0, 1, 1, 0, 0, 1]
(1, (1, 0, 0), (2, 1)): [1054, 191, 152, 68, 26, 9, 3, 1, 1, 0, 0, 0, 0, 0, 0, 1]
(1, (1, 0, 0), (2, 2)): [898, 139, 113, 50, 22, 7, 2, 0, 0, 1]
(1, (1, 0, 0), (3, 0)): [255, 75, 43, 30, 15, 6, 3, 0, 0, 1, 0, 0, 1]
(1, (1, 0, 0), (3, 1)): [417, 108, 67, 41, 14, 5, 4, 1, 0, 0, 0, 0, 0, 0, 0, 1]
(1, (1, 0, 0), (3, 2)): [473, 95, 65, 38, 15, 8, 3, 0, 0, 0, 0, 0, 0, 0, 0, 1]
(1, (1, 0, 1), (0, 0)): [13941, 18110, 5954, 3848, 1626, 731, 268, 110, 47, 36, 12, 3, 0, 1]
(1, (1, 0, 1), (0, 1)): [201, 173, 60, 45, 21, 9, 5, 0, 3, 2]
(1, (1, 0, 1), (0, 2)): [86, 52, 16, 16, 4, 5, 1, 0, 0, 1]
(1, (1, 0, 1), (1, 0)): [194, 246, 68, 45, 28, 13, 3, 0, 0, 2]
(1, (1, 0, 1), (1, 1)): [162, 148, 50, 37, 23, 2, 4, 0, 2]
(1, (1, 0, 1), (1, 2)): [112, 76, 32, 24, 9, 3, 2, 0, 0, 1]
(1, (1, 0, 1), (2, 0)): [73, 84, 19, 14, 11, 8, 1, 0, 0, 1]
(1, (1, 0, 1), (2, 1)): [80, 80, 20, 17, 12, 4, 3, 0, 2]
(1, (1, 0, 1), (2, 2)): [72, 60, 24, 10, 6, 3, 2, 0, 1]
(1, (1, 0, 1), (3, 0)): [27, 38, 7, 5, 6, 4, 0, 0, 0, 1]
(1, (1, 0, 1), (3, 1)): [29, 39, 6, 9, 9, 5]
(1, (1, 0, 1), (3, 2)): [34, 30, 15, 8, 9, 6, 2, 0, 1]
(1, (1, 1, 0), (0, 0)): [49097, 15736, 11135, 7569, 3334, 1462, 579, 231, 89, 46, 15, 9, 5, 4, 1]
(1, (1, 1, 0), (0, 1)): [663, 174, 132, 96, 36, 14, 11, 2]
(1, (1, 1, 0), (0, 2)): [245, 64, 44, 33, 12, 3, 1]
(1, (1, 1, 0), (1, 0)): [659, 222, 163, 126, 58, 18, 7, 3, 1, 1, 0, 0, 2, 1]
(1, (1, 1, 0), (1, 1)): [530, 150, 115, 79, 37, 11, 10, 3, 0, 1]
(1, (1, 1, 0), (1, 2)): [365, 87, 61, 55, 19, 5, 4, 1]
(1, (1, 1, 0), (2, 0)): [226, 84, 59, 48, 24, 9, 1, 1, 1, 0, 0, 0, 2, 1]
(1, (1, 1, 0), (2, 1)): [267, 93, 61, 47, 17, 8, 4, 1, 0, 1, 0, 0, 1]
(1, (1, 1, 0), (2, 2)): [258, 69, 42, 30, 20, 4, 3, 1]
(1, (1, 1, 0), (3, 0)): [68, 32, 23, 17, 15, 6, 1, 1, 1, 0, 0, 0, 1]
(1, (1, 1, 0), (3, 1)): [115, 47, 33, 24, 14, 3, 4, 2, 0, 1, 0, 0, 1]
(1, (1, 1, 0), (3, 2)): [140, 47, 31, 18, 19, 4, 5, 3, 0, 1, 0, 0, 1]
(1, (1, 1, 1), (0, 0)): [10193, 8367, 5441, 3704, 2683, 1177, 494, 179, 85, 33, 13, 10, 5, 2, 1, 1]
(1, (1, 1, 1), (0, 1)): [173, 117, 79, 44, 48, 12, 5, 3, 2]
(1, (1, 1, 1), (0, 2)): [81, 45, 28, 13, 18, 2, 3]
(1, (1, 1, 1), (1, 0)): [158, 125, 87, 53, 45, 21, 12, 2, 2, 2, 0, 1, 1]
(1, (1, 1, 1), (1, 1)): [127, 76, 60, 36, 42, 12, 2, 2, 1]
(1, (1, 1, 1), (1, 2)): [93, 39, 39, 21, 23, 7, 3]
(1, (1, 1, 1), (2, 0)): [52, 53, 39, 23, 16, 12, 7, 2, 1, 1, 0, 1, 1]
(1, (1, 1, 1), (2, 1)): [63, 52, 40, 24, 29, 5, 4, 2, 1, 1, 0, 1]
(1, (1, 1, 1), (2, 2)): [67, 35, 36, 21, 25, 4, 3, 1]
(1, (1, 1, 1), (3, 0)): [14, 21, 12, 12, 4, 8, 3, 0, 1, 0, 0, 0, 1]
(1, (1, 1, 1), (3, 1)): [27, 25, 9, 14, 11, 6, 3, 1, 0, 0, 0, 0, 1]
(1, (1, 1, 1), (3, 2)): [46, 22, 18, 19, 16, 6, 2, 1]
(2, (0, 0, 0), (0, 0)): [380474, 16954, 5924, 1895, 684, 240, 83, 32, 7, 2, 1, 0, 1]
(2, (0, 0, 0), (0, 1)): [5740, 255, 87, 26, 15, 4, 2]
(2, (0, 0, 0), (0, 2)): [1874, 60, 16, 8, 2, 1]
(2, (0, 0, 0), (1, 0)): [5919, 350, 123, 38, 16, 8, 3, 0, 0, 0, 0, 0, 1]
(2, (0, 0, 0), (1, 1)): [5203, 257, 96, 20, 15, 4, 4]
(2, (0, 0, 0), (1, 2)): [3040, 117, 38, 12, 7, 3, 1]
(2, (0, 0, 0), (2, 0)): [2175, 141, 56, 24, 9, 5, 1, 0, 0, 0, 0, 0, 1]
(2, (0, 0, 0), (2, 1)): [3046, 154, 65, 22, 7, 3, 2]
(2, (0, 0, 0), (2, 2)): [2555, 121, 39, 15, 9, 4]
(2, (0, 0, 0), (3, 0)): [776, 58, 32, 11, 6, 2, 1, 0, 0, 0, 0, 0, 1]
(2, (0, 0, 0), (3, 1)): [1389, 77, 45, 15, 5, 3, 2]
(2, (0, 0, 0), (3, 2)): [1667, 87, 47, 14, 4, 3]
(2, (0, 0, 1), (0, 0)): [38112, 12470, 2383, 815, 300, 121, 37, 10, 1, 2, 0, 1]
(2, (0, 0, 1), (0, 1)): [450, 141, 27, 12, 6, 3, 1]
(2, (0, 0, 1), (0, 2)): [166, 35, 9, 1, 1, 1]
(2, (0, 0, 1), (1, 0)): [539, 151, 51, 14, 6, 2, 0, 1]
(2, (0, 0, 1), (1, 1)): [422, 113, 29, 8, 6, 1, 1]
(2, (0, 0, 1), (1, 2)): [259, 53, 14, 5, 2, 1, 1]
(2, (0, 0, 1), (2, 0)): [241, 68, 23, 11, 4, 2, 0, 1]
(2, (0, 0, 1), (2, 1)): [251, 69, 23, 6, 7, 0, 0, 1]
(2, (0, 0, 1), (2, 2)): [219, 42, 17, 3, 3, 1, 1]
(2, (0, 0, 1), (3, 0)): [128, 27, 12, 7, 1, 2]
(2, (0, 0, 1), (3, 1)): [147, 36, 12, 5, 5]
(2, (0, 0, 1), (3, 2)): [154, 40, 12, 3, 2, 1]
(2, (0, 1, 0), (0, 0)): [98300, 22717, 5742, 2018, 671, 238, 76, 16, 5, 1, 1, 0, 1]
(2, (0, 1, 0), (0, 1)): [1153, 210, 59, 21, 7, 1, 1]
(2, (0, 1, 0), (0, 2)): [417, 54, 14, 4, 3]
(2, (0, 1, 0), (1, 0)): [1627, 279, 133, 53, 14, 5, 3, 0, 0, 0, 0, 0, 1]
(2, (0, 1, 0), (1, 1)): [1085, 197, 76, 24, 6, 3, 2]
(2, (0, 1, 0), (1, 2)): [609, 93, 28, 15, 2]
(2, (0, 1, 0), (2, 0)): [769, 117, 64, 37, 10, 1, 2, 0, 0, 0, 0, 0, 1]
(2, (0, 1, 0), (2, 1)): [711, 115, 48, 16, 6, 1, 2, 0, 0, 0, 0, 0, 1]
(2, (0, 1, 0), (2, 2)): [572, 82, 30, 18, 4]
(2, (0, 1, 0), (3, 0)): [421, 55, 38, 24, 6, 0, 1]
(2, (0, 1, 0), (3, 1)): [365, 60, 32, 12, 7, 0, 2, 0, 0, 0, 0, 0, 1]
(2, (0, 1, 0), (3, 2)): [404, 56, 28, 13, 4, 0, 1, 0, 0, 0, 0, 0, 1]
(2, (0, 1, 1), (0, 0)): [23882, 2112, 5642, 1516, 583, 193, 76, 28, 11, 4, 2]
(2, (0, 1, 1), (0, 1)): [261, 21, 43, 13, 2, 2, 1, 2]
(2, (0, 1, 1), (0, 2)): [104, 5, 14, 4, 0, 1, 1]
(2, (0, 1, 1), (1, 0)): [377, 45, 72, 25, 16, 3, 3, 0, 0, 0, 1]
(2, (0, 1, 1), (1, 1)): [227, 20, 40, 9, 5, 1, 1, 1]
(2, (0, 1, 1), (1, 2)): [153, 7, 22, 5, 1, 1, 2]
(2, (0, 1, 1), (2, 0)): [199, 32, 34, 16, 13, 3, 1, 0, 0, 0, 1]
(2, (0, 1, 1), (2, 1)): [119, 17, 28, 7, 3, 1]
(2, (0, 1, 1), (2, 2)): [115, 12, 20, 5, 0, 1, 1]
(2, (0, 1, 1), (3, 0)): [146, 22, 19, 9, 12, 3, 1, 0, 0, 0, 1]
(2, (0, 1, 1), (3, 1)): [68, 8, 15, 4, 1, 1]
(2, (0, 1, 1), (3, 2)): [82, 13, 16, 5, 1, 2]
(2, (1, 0, 0), (0, 0)): [220636, 16921, 10170, 3306, 1136, 354, 141, 44, 12, 5, 2, 0, 1]
(2, (1, 0, 0), (0, 1)): [2785, 148, 138, 36, 14, 5, 2, 1]
(2, (1, 0, 0), (0, 2)): [939, 41, 35, 8, 5, 1, 1]
(2, (1, 0, 0), (1, 0)): [3055, 274, 193, 78, 27, 6, 4, 0, 0, 0, 0, 0, 1]
(2, (1, 0, 0), (1, 1)): [2336, 164, 142, 43, 12, 2, 1]
(2, (1, 0, 0), (1, 2)): [1366, 71, 61, 25, 5, 2]
(2, (1, 0, 0), (2, 0)): [1089, 116, 75, 38, 14, 3, 2, 0, 0, 0, 0, 0, 1]
(2, (1, 0, 0), (2, 1)): [1263, 101, 83, 25, 14, 3, 1, 0, 0, 0, 0, 0, 1]
(2, (1, 0, 0), (2, 2)): [1052, 69, 56, 21, 8, 4, 1]
(2, (1, 0, 0), (3, 0)): [362, 51, 22, 22, 4, 1, 2]
(2, (1, 0, 0), (3, 1)): [550, 59, 44, 23, 7, 1, 2, 0, 0, 0, 0, 0, 1]
(2, (1, 0, 0), (3, 2)): [613, 58, 38, 19, 5, 5, 1, 0, 0, 0, 0, 0, 1]
(2, (1, 0, 1), (0, 0)): [36235, 9483, 3974, 2252, 701, 257, 93, 29, 12, 2, 0, 2]
(2, (1, 0, 1), (0, 1)): [519, 97, 49, 33, 15, 1, 0, 0, 0, 0, 0, 1]
(2, (1, 0, 1), (0, 2)): [206, 24, 17, 9, 6]
(2, (1, 0, 1), (1, 0)): [494, 120, 63, 40, 20, 8, 2]
(2, (1, 0, 1), (1, 1)): [404, 89, 37, 29, 15, 2, 2, 0, 0, 0, 0, 1]
(2, (1, 0, 1), (1, 2)): [266, 40, 14, 11, 6, 1, 0, 0, 0, 0, 0, 1]
(2, (1, 0, 1), (2, 0)): [180, 40, 30, 18, 3, 4]
(2, (1, 0, 1), (2, 1)): [221, 53, 18, 16, 10, 2]
(2, (1, 0, 1), (2, 2)): [191, 34, 10, 6, 7, 2, 0, 0, 0, 0, 0, 1]
(2, (1, 0, 1), (3, 0)): [71, 15, 15, 11, 2, 1]
(2, (1, 0, 1), (3, 1)): [102, 23, 12, 12, 5]
(2, (1, 0, 1), (3, 2)): [117, 24, 8, 2, 6, 2]
(2, (1, 1, 0), (0, 0)): [85284, 13734, 7149, 4446, 1493, 504, 149, 52, 21, 8, 4, 0, 2, 1]
(2, (1, 1, 0), (0, 1)): [1153, 173, 85, 57, 20, 5, 3, 0, 0, 0, 0, 0, 1]
(2, (1, 1, 0), (0, 2)): [391, 56, 22, 12, 7, 0, 1]
(2, (1, 1, 0), (1, 0)): [1219, 180, 115, 91, 28, 11, 3, 2, 1, 1]
(2, (1, 1, 0), (1, 1)): [985, 133, 75, 55, 14, 5, 1, 1, 1, 1, 0, 0, 1]
(2, (1, 1, 0), (1, 2)): [606, 68, 46, 21, 4, 2, 2]
(2, (1, 1, 0), (2, 0)): [443, 74, 55, 42, 16, 6, 1, 1]
(2, (1, 1, 0), (2, 1)): [560, 76, 46, 35, 14, 6, 0, 1, 1, 1, 0, 0, 1]
(2, (1, 1, 0), (2, 2)): [473, 62, 35, 28, 9, 3, 2, 0, 1]
(2, (1, 1, 0), (3, 0)): [162, 34, 22, 20, 8, 3, 1]
(2, (1, 1, 0), (3, 1)): [240, 37, 27, 24, 4, 5, 1, 1, 0, 0, 0, 0, 1]
(2, (1, 1, 0), (3, 2)): [287, 40, 25, 24, 8, 2, 1, 0, 1]
(2, (1, 1, 1), (0, 0)): [24946, 3765, 4305, 2266, 1544, 525, 163, 58, 27, 5, 4, 0, 1, 1]
(2, (1, 1, 1), (0, 1)): [417, 42, 58, 36, 27, 4, 4, 2, 1, 0, 0, 0, 1]
(2, (1, 1, 1), (0, 2)): [181, 8, 16, 6, 6, 1, 1, 0, 1]
(2, (1, 1, 1), (1, 0)): [365, 112, 63, 48, 25, 11, 4, 0, 1, 0, 1]
(2, (1, 1, 1), (1, 1)): [326, 48, 52, 32, 24, 3, 2, 0, 0, 0, 1, 0, 1]
(2, (1, 1, 1), (1, 2)): [230, 18, 23, 13, 10, 2, 2, 0, 0, 0, 1]
(2, (1, 1, 1), (2, 0)): [107, 81, 21, 22, 12, 7, 3]
(2, (1, 1, 1), (2, 1)): [154, 45, 27, 18, 16, 3, 3, 0, 0, 0, 0, 0, 1]
(2, (1, 1, 1), (2, 2)): [161, 26, 21, 13, 8, 2, 2, 0, 0, 0, 1]
(2, (1, 1, 1), (3, 0)): [24, 61, 9, 13, 4, 4]
(2, (1, 1, 1), (3, 1)): [55, 50, 11, 15, 11, 3, 2]
(2, (1, 1, 1), (3, 2)): [87, 40, 14, 17, 11, 5, 2, 0, 0, 0, 1]
