(0, (0, 0, 0), (0, 0)): [19241, 3953, 1896, 852, 390, 170, 69, 24, 12, 5, 0, 1, 1]
(0, (0, 0, 0), (0, 1)): [940, 187, 82, 44, 12, 8, 3]
(0, (0, 0, 0), (0, 2)): [358, 59, 25, 10, 5, 1]
(0, (0, 0, 0), (1, 0)): [835, 184, 106, 42, 22, 7, 2, 2, 0, 1]
(0, (0, 0, 0), (1, 1)): [788, 155, 88, 40, 17, 6, 3]
(0, (0, 0, 0), (1, 2)): [554, 94, 44, 21, 11, 4]
(0, (0, 0, 0), (2, 0)): [274, 60, 37, 20, 6, 3, 0, 2, 0, 1]
(0, (0, 0, 0), (2, 1)): [390, 85, 52, 19, 11, 4, 1, 1, 0, 1]
(0, (0, 0, 0), (2, 2)): [433, 87, 41, 19, 9, 6, 0, 1, 0, 1]
(0, (0, 0, 0), (3, 0)): [86, 21, 18, 11, 3, 1, 0, 1]
(0, (0, 0, 0), (3, 1)): [156, 40, 34, 13, 6, 1, 0, 1]
(0, (0, 0, 0), (3, 2)): [210, 50, 35, 14, 4, 2]
(0, (0, 0, 1), (0, 0)): [65, 193, 60, 34, 21, 8, 4, 0, 0, 2]
(0, (0, 0, 1), (0, 1)): [3, 12, 2, 0, 3, 1, 0, 0, 0, 1]
(0, (0, 0, 1), (0, 2)): [2, 2, 2, 0, 2, 1]
(0, (0, 0, 1), (1, 0)): [3, 11, 3, 1, 0, 2]
(0, (0, 0, 1), (1, 1)): [1, 12, 2, 0, 1, 1, 0, 0, 0, 1]
(0, (0, 0, 1), (1, 2)): [1, 6, 2, 0, 0, 0, 0, 0, 0, 1]
(0, (0, 0, 1), (2, 0)): [2, 4, 0, 0, 0, 1]
(0, (0, 0, 1), (2, 1)): [3, 7, 1, 0, 1, 1]
(0, (0, 0, 1), (2, 2)): [2, 6, 1]
(0, (0, 0, 1), (3, 0)): [0, 2, 0, 0, 0, 1]
(0, (0, 0, 1), (3, 1)): [1, 3, 0, 0, 1]
(0, (0, 0, 1), (3, 2)): [1, 4, 0, 0, 1]
(0, (0, 1, 0), (0, 0)): [628, 536, 226, 111, 46, 17, 7, 3, 2, 0, 0, 0, 1]
(0, (0, 1, 0), (0, 1)): [29, 26, 12, 5, 0, 1, 1]
(0, (0, 1, 0), (0, 2)): [11, 8, 4]
(0, (0, 1, 0), (1, 0)): [25, 26, 10, 3, 2, 1]
(0, (0, 1, 0), (1, 1)): [23, 20, 12, 3, 0, 1, 1]
(0, (0, 1, 0), (1, 2)): [15, 15, 12, 2, 0, 0, 1]
(0, (0, 1, 0), (2, 0)): [9, 8, 1, 0, 1, 1]
(0, (0, 1, 0), (2, 1)): [11, 8, 1, 1, 0, 1]
(0, (0, 1, 0), (2, 2)): [11, 12, 7, 1, 0, 0, 1]
(0, (0, 1, 0), (3, 0)): [3, 2, 1, 0, 1, 1]
(0, (0, 1, 0), (3, 1)): [4, 6, 2, 0, 0, 2]
(0, (0, 1, 0), (3, 2)): [5, 7, 3, 1, 0, 0, 1]
(0, (0, 1, 1), (0, 0)): [46, 99, 135, 45, 33, 11, 3, 6, 1, 1]
(0, (0, 1, 1), (0, 1)): [6, 6, 8]
(0, (0, 1, 1), (0, 2)): [3, 3, 2]
(0, (0, 1, 1), (1, 0)): [1, 6, 8, 5, 2, 2, 0, 1]
(0, (0, 1, 1), (1, 1)): [4, 3, 8, 1, 0, 1]
(0, (0, 1, 1), (1, 2)): [2, 1, 6]
(0, (0, 1, 1), (2, 0)): [0, 4, 3, 2, 2, 1, 0, 1]
(0, (0, 1, 1), (2, 1)): [1, 2, 2, 1, 0, 1, 0, 1]
(0, (0, 1, 1), (2, 2)): [1, 1, 6]
(0, (0, 1, 1), (3, 0)): [0, 3, 2, 1, 1, 1]
(0, (0, 1, 1), (3, 1)): [0, 1, 1, 1, 0, 0, 0, 1]
(0, (0, 1, 1), (3, 2)): [0, 1, 2, 1, 0, 0, 0, 1]
(0, (1, 0, 0), (0, 0)): [4127, 1301, 900, 452, 211, 102, 35, 16, 7, 1, 0, 1]
(0, (1, 0, 0), (0, 1)): [243, 55, 45, 22, 6, 5, 1, 1, 1]
(0, (1, 0, 0), (0, 2)): [92, 12, 13, 6, 1, 1, 0, 0, 1]
(0, (1, 0, 0), (1, 0)): [152, 49, 45, 22, 10, 4, 1]
(0, (1, 0, 0), (1, 1)): [158, 42, 39, 10, 9, 5, 0, 1]
(0, (1, 0, 0), (1, 2)): [120, 21, 27, 7, 5, 1, 0, 1]
(0, (1, 0, 0), (2, 0)): [41, 22, 12, 12, 4, 2, 1]
(0, (1, 0, 0), (2, 1)): [72, 25, 13, 9, 2, 5]
(0, (1, 0, 0), (2, 2)): [85, 18, 17, 8, 2, 0, 0, 1]
(0, (1, 0, 0), (3, 0)): [10, 4, 5, 5, 3, 1, 1]
(0, (1, 0, 0), (3, 1)): [24, 7, 9, 4, 3, 3, 1]
(0, (1, 0, 0), (3, 2)): [48, 5, 9, 7, 2, 0, 1, 1]
(0, (1, 0, 1), (0, 0)): [96, 299, 108, 96, 45, 25, 8, 2, 2]
(0, (1, 0, 1), (0, 1)): [8, 15, 4, 2, 2, 1]
(0, (1, 0, 1), (0, 2)): [1, 5, 2, 1, 1, 1]
(0, (1, 0, 1), (1, 0)): [5, 18, 4, 3, 2]
(0, (1, 0, 1), (1, 1)): [6, 11, 3, 1, 2]
(0, (1, 0, 1), (1, 2)): [5, 6, 3, 2, 1, 1]
(0, (1, 0, 1), (2, 0)): [1, 5, 2, 1, 1]
(0, (1, 0, 1), (2, 1)): [1, 8, 2, 1, 1]
(0, (1, 0, 1), (2, 2)): [4, 4, 1, 0, 1, 1]
(0, (1, 0, 1), (3, 0)): [1, 2, 0, 0, 1]
(0, (1, 0, 1), (3, 1)): [0, 3]
(0, (1, 0, 1), (3, 2)): [2, 1, 0, 0, 1]
(0, (1, 1, 0), (0, 0)): [544, 369, 278, 204, 102, 43, 24, 12, 3]
(0, (1, 1, 0), (0, 1)): [21, 12, 14, 6, 5]
(0, (1, 1, 0), (0, 2)): [9, 1, 2, 4, 2]
(0, (1, 1, 0), (1, 0)): [21, 10, 12, 8, 1, 2, 1]
(0, (1, 1, 0), (1, 1)): [15, 9, 11, 4, 0, 0, 1]
(0, (1, 1, 0), (1, 2)): [10, 4, 4, 4, 2]
(0, (1, 1, 0), (2, 0)): [9, 6, 5, 4, 1, 2]
(0, (1, 1, 0), (2, 1)): [7, 8, 2, 3, 0, 0, 1]
(0, (1, 1, 0), (2, 2)): [10, 3, 2, 3]
(0, (1, 1, 0), (3, 0)): [1, 1, 1, 2, 1, 2]
(0, (1, 1, 0), (3, 1)): [2, 2, 0, 0, 1, 0, 1]
(0, (1, 1, 0), (3, 2)): [5, 3, 1, 1]
(0, (1, 1, 1), (0, 0)): [50, 109, 91, 55, 53, 24, 13, 10, 2, 1]
(0, (1, 1, 1), (0, 1)): [3, 6, 4, 1, 1, 2]
(0, (1, 1, 1), (0, 2)): [2, 2, 2, 1]
(0, (1, 1, 1), (1, 0)): [3, 4, 4, 4, 3, 0, 1, 1]
(0, (1, 1, 1), (1, 1)): [4, 2, 3, 2, 2, 2]
(0, (1, 1, 1), (1, 2)): [2, 4, 3, 0, 1]
(0, (1, 1, 1), (2, 0)): [0, 2, 2, 2, 2, 0, 1]
(0, (1, 1, 1), (2, 1)): [3, 1, 0, 2, 0, 1]
(0, (1, 1, 1), (2, 2)): [2, 1, 1, 0, 1, 1]
(0, (1, 1, 1), (3, 0)): [0, 1, 2, 1, 1, 0, 1]
(0, (1, 1, 1), (3, 1)): [0, 1, 1, 0, 0, 0, 1]
(0, (1, 1, 1), (3, 2)): [1, 0, 0, 0, 1, 1, 1]
(1, (0, 0, 0), (0, 0)): [15698, 1804, 759, 276, 122, 49, 21, 6, 6, 3, 1, 1]
(1, (0, 0, 0), (0, 1)): [779, 84, 33, 15, 7, 3, 2, 1]
(1, (0, 0, 0), (0, 2)): [285, 25, 13, 4, 1, 2]
(1, (0, 0, 0), (1, 0)): [707, 100, 46, 16, 7, 3]
(1, (0, 0, 0), (1, 1)): [688, 85, 36, 15, 7, 1, 1, 1]
(1, (0, 0, 0), (1, 2)): [445, 47, 19, 11, 5, 3]
(1, (0, 0, 0), (2, 0)): [243, 40, 16, 4, 2, 1]
(1, (0, 0, 0), (2, 1)): [385, 58, 21, 7, 2, 0, 1, 1]
(1, (0, 0, 0), (2, 2)): [375, 44, 22, 8, 6, 2, 1]
(1, (0, 0, 0), (3, 0)): [76, 12, 4, 1, 2, 1]
(1, (0, 0, 0), (3, 1)): [151, 24, 9, 3, 0, 1, 0, 1]
(1, (0, 0, 0), (3, 2)): [199, 28, 18, 7, 2, 1, 1]
(1, (0, 0, 1), (0, 0)): [352, 504, 130, 41, 16, 9, 2, 1]
(1, (0, 0, 1), (0, 1)): [13, 20, 9, 1, 1, 1]
(1, (0, 0, 1), (0, 2)): [5, 8, 3]
(1, (0, 0, 1), (1, 0)): [15, 28, 5, 0, 0, 1]
(1, (0, 0, 1), (1, 1)): [11, 20, 5, 0, 1]
(1, (0, 0, 1), (1, 2)): [4, 15, 2, 0, 1]
(1, (0, 0, 1), (2, 0)): [7, 12, 2]
(1, (0, 0, 1), (2, 1)): [9, 11, 1]
(1, (0, 0, 1), (2, 2)): [8, 11, 3]
(1, (0, 0, 1), (3, 0)): [4, 5, 2]
(1, (0, 0, 1), (3, 1)): [3, 4]
(1, (0, 0, 1), (3, 2)): [4, 7, 1]
(1, (0, 1, 0), (0, 0)): [1911, 799, 324, 142, 73, 16, 5, 2, 1]
(1, (0, 1, 0), (0, 1)): [84, 36, 12, 5, 2]
(1, (0, 1, 0), (0, 2)): [34, 16, 5, 1, 1]
(1, (0, 1, 0), (1, 0)): [89, 48, 18, 16, 1, 0, 1]
(1, (0, 1, 0), (1, 1)): [73, 28, 10, 9, 2]
(1, (0, 1, 0), (1, 2)): [57, 15, 9, 2, 1]
(1, (0, 1, 0), (2, 0)): [44, 21, 6, 8, 0, 0, 1]
(1, (0, 1, 0), (2, 1)): [36, 18, 5, 4, 1]
(1, (0, 1, 0), (2, 2)): [40, 16, 7, 1]
(1, (0, 1, 0), (3, 0)): [29, 13, 4, 7, 0, 0, 1]
(1, (0, 1, 0), (3, 1)): [22, 10, 2, 2, 1]
(1, (0, 1, 0), (3, 2)): [19, 11, 5, 2, 1]
(1, (0, 1, 1), (0, 0)): [318, 257, 239, 88, 61, 19, 9, 3]
(1, (0, 1, 1), (0, 1)): [17, 8, 10, 6]
(1, (0, 1, 1), (0, 2)): [7, 3, 3, 1]
(1, (0, 1, 1), (1, 0)): [21, 20, 12, 5, 1, 3]
(1, (0, 1, 1), (1, 1)): [14, 10, 11, 5]
(1, (0, 1, 1), (1, 2)): [16, 5, 7, 3]
(1, (0, 1, 1), (2, 0)): [13, 13, 5, 4, 1, 3]
(1, (0, 1, 1), (2, 1)): [2, 8, 4, 3, 0, 1]
(1, (0, 1, 1), (2, 2)): [5, 8, 3, 1, 0, 1]
(1, (0, 1, 1), (3, 0)): [10, 9, 4, 3, 1, 2]
(1, (0, 1, 1), (3, 1)): [2, 0, 3, 2]
(1, (0, 1, 1), (3, 2)): [3, 3, 3, 1]
(1, (1, 0, 0), (0, 0)): [6084, 1027, 664, 293, 123, 61, 15, 5, 6, 2]
(1, (1, 0, 0), (0, 1)): [330, 41, 28, 11, 5, 2, 0, 1, 1]
(1, (1, 0, 0), (0, 2)): [112, 16, 5, 2, 1, 0, 0, 1]
(1, (1, 0, 0), (1, 0)): [269, 39, 37, 12, 4, 4, 1]
(1, (1, 0, 0), (1, 1)): [253, 31, 28, 9, 4, 3, 0, 0, 1]
(1, (1, 0, 0), (1, 2)): [154, 20, 13, 1, 1, 1, 0, 1]
(1, (1, 0, 0), (2, 0)): [85, 9, 12, 7, 3, 1]
(1, (1, 0, 0), (2, 1)): [122, 14, 20, 6, 4, 1, 0, 0, 1]
(1, (1, 0, 0), (2, 2)): [123, 13, 15, 3, 1, 0, 0, 1, 1]
(1, (1, 0, 0), (3, 0)): [21, 4, 1, 5, 1, 1]
(1, (1, 0, 0), (3, 1)): [39, 9, 6, 3, 3]
(1, (1, 0, 0), (3, 2)): [67, 10, 9, 4, 2, 0, 0, 0, 1]
(1, (1, 0, 1), (0, 0)): [487, 490, 172, 124, 60, 21, 5, 6, 0, 1]
(1, (1, 0, 1), (0, 1)): [17, 21, 4, 5, 1]
(1, (1, 0, 1), (0, 2)): [7, 8, 3, 2]
(1, (1, 0, 1), (1, 0)): [20, 27, 5, 6, 2]
(1, (1, 0, 1), (1, 1)): [15, 19, 3, 5, 2]
(1, (1, 0, 1), (1, 2)): [13, 8, 2, 2]
(1, (1, 0, 1), (2, 0)): [6, 11, 0, 2, 1]
(1, (1, 0, 1), (2, 1)): [4, 13, 3, 4, 2]
(1, (1, 0, 1), (2, 2)): [7, 10, 2, 4, 2]
(1, (1, 0, 1), (3, 0)): [3, 2, 0, 1]
(1, (1, 0, 1), (3, 1)): [2, 6, 1]
(1, (1, 0, 1), (3, 2)): [4, 5, 1, 3]
(1, (1, 1, 0), (0, 0)): [1574, 526, 311, 268, 111, 51, 20, 4, 6]
(1, (1, 1, 0), (0, 1)): [91, 24, 10, 14, 3, 2, 0, 0, 1]
(1, (1, 1, 0), (0, 2)): [32, 10, 2, 4, 2]
(1, (1, 1, 0), (1, 0)): [72, 26, 17, 13, 5, 2, 5]
(1, (1, 1, 0), (1, 1)): [67, 19, 10, 14, 5, 2, 2]
(1, (1, 1, 0), (1, 2)): [49, 16, 5, 7, 4]
(1, (1, 1, 0), (2, 0)): [26, 9, 7, 5, 0, 0, 1]
(1, (1, 1, 0), (2, 1)): [40, 8, 11, 7, 2, 2, 2]
(1, (1, 1, 0), (2, 2)): [35, 12, 5, 8, 2, 0, 1]
(1, (1, 1, 0), (3, 0)): [6, 5, 1, 1]
(1, (1, 1, 0), (3, 1)): [17, 5, 3, 2, 1, 1, 1]
(1, (1, 1, 0), (3, 2)): [18, 6, 5, 1, 2, 1, 1]
(1, (1, 1, 1), (0, 0)): [299, 246, 169, 88, 94, 34, 14, 5, 2]
(1, (1, 1, 1), (0, 1)): [12, 16, 10, 3, 1, 3, 1]
(1, (1, 1, 1), (0, 2)): [5, 5, 2, 1, 0, 0, 1]
(1, (1, 1, 1), (1, 0)): [10, 3, 6, 6, 4, 2, 1]
(1, (1, 1, 1), (1, 1)): [11, 10, 8, 2, 4, 3]
(1, (1, 1, 1), (1, 2)): [7, 7, 6, 0, 1, 1]
(1, (1, 1, 1), (2, 0)): [2, 1, 2, 2, 0, 1, 1]
(1, (1, 1, 1), (2, 1)): [3, 4, 2, 0, 1, 3, 1]
(1, (1, 1, 1), (2, 2)): [3, 5, 4]
(1, (1, 1, 1), (3, 0)): [0, 1, 1, 2]
(1, (1, 1, 1), (3, 1)): [0, 0, 2, 1, 1, 2, 1]
(1, (1, 1, 1), (3, 2)): [0, 4, 1, 1, 0, 1, 1]
(2, (0, 0, 0), (0, 0)): [13770, 688, 266, 74, 23, 8, 8, 0, 0, 1]
(2, (0, 0, 0), (0, 1)): [644, 30, 12, 1, 3, 1]
(2, (0, 0, 0), (0, 2)): [239, 10, 0, 1, 1]
(2, (0, 0, 0), (1, 0)): [646, 46, 13, 5, 3]
(2, (0, 0, 0), (1, 1)): [586, 36, 18, 1, 3]
(2, (0, 0, 0), (1, 2)): [376, 21, 5, 1, 2]
(2, (0, 0, 0), (2, 0)): [238, 14, 1, 4, 1]
(2, (0, 0, 0), (2, 1)): [344, 16, 5, 3]
(2, (0, 0, 0), (2, 2)): [324, 18, 6, 3]
(2, (0, 0, 0), (3, 0)): [81, 5, 1, 1]
(2, (0, 0, 0), (3, 1)): [167, 3, 3, 1]
(2, (0, 0, 0), (3, 2)): [206, 11, 3, 3]
(2, (0, 0, 1), (0, 0)): [1168, 349, 77, 26, 8, 3, 1]
(2, (0, 0, 1), (0, 1)): [42, 22, 6, 2]
(2, (0, 0, 1), (0, 2)): [17, 5, 3]
(2, (0, 0, 1), (1, 0)): [62, 22, 3, 2]
(2, (0, 0, 1), (1, 1)): [46, 21, 2, 2]
(2, (0, 0, 1), (1, 2)): [31, 9, 2]
(2, (0, 0, 1), (2, 0)): [25, 7, 1, 1]
(2, (0, 0, 1), (2, 1)): [29, 7, 3, 1]
(2, (0, 0, 1), (2, 2)): [32, 10, 2]
(2, (0, 0, 1), (3, 0)): [7, 4, 0, 1]
(2, (0, 0, 1), (3, 1)): [11, 3, 1, 2]
(2, (0, 0, 1), (3, 2)): [17, 3, 3]
(2, (0, 1, 0), (0, 0)): [3102, 623, 184, 60, 25, 5, 4, 0, 0, 1]
(2, (0, 1, 0), (0, 1)): [147, 25, 7, 4, 1]
(2, (0, 1, 0), (0, 2)): [60, 11, 1, 2]
(2, (0, 1, 0), (1, 0)): [178, 35, 15, 4, 1, 2]
(2, (0, 1, 0), (1, 1)): [132, 17, 12, 3, 1]
(2, (0, 1, 0), (1, 2)): [90, 16, 5, 3]
(2, (0, 1, 0), (2, 0)): [75, 19, 5, 3, 1, 2]
(2, (0, 1, 0), (2, 1)): [78, 14, 4, 2, 1, 1]
(2, (0, 1, 0), (2, 2)): [89, 13, 2]
(2, (0, 1, 0), (3, 0)): [42, 9, 4, 2, 1, 1]
(2, (0, 1, 0), (3, 1)): [27, 4, 4, 2, 0, 1]
(2, (0, 1, 0), (3, 2)): [49, 7, 1, 1]
(2, (0, 1, 1), (0, 0)): [690, 76, 159, 44, 18, 5, 3]
(2, (0, 1, 1), (0, 1)): [34, 3, 6]
(2, (0, 1, 1), (0, 2)): [14]
(2, (0, 1, 1), (1, 0)): [45, 7, 10, 5, 0, 1]
(2, (0, 1, 1), (1, 1)): [36, 4, 7]
(2, (0, 1, 1), (1, 2)): [22, 1, 2]
(2, (0, 1, 1), (2, 0)): [18, 4, 5, 4, 0, 1]
(2, (0, 1, 1), (2, 1)): [22, 2, 4, 1, 0, 1]
(2, (0, 1, 1), (2, 2)): [19, 1, 3, 0, 0, 1]
(2, (0, 1, 1), (3, 0)): [13, 4, 3, 1]
(2, (0, 1, 1), (3, 1)): [12, 1, 1, 1]
(2, (0, 1, 1), (3, 2)): [13, 0, 3, 1, 0, 1]
(2, (1, 0, 0), (0, 0)): [7354, 518, 397, 100, 28, 18, 8, 0, 1, 1]
(2, (1, 0, 0), (0, 1)): [371, 23, 15, 3, 2, 1]
(2, (1, 0, 0), (0, 2)): [140, 8, 4, 1, 1]
(2, (1, 0, 0), (1, 0)): [326, 30, 26, 7, 2, 2]
(2, (1, 0, 0), (1, 1)): [288, 19, 18, 1, 1, 1]
(2, (1, 0, 0), (1, 2)): [201, 12, 5, 0, 1]
(2, (1, 0, 0), (2, 0)): [113, 10, 4, 4]
(2, (1, 0, 0), (2, 1)): [127, 10, 11, 2, 0, 1]
(2, (1, 0, 0), (2, 2)): [159, 15, 6, 0, 1]
(2, (1, 0, 0), (3, 0)): [41, 3, 1, 2]
(2, (1, 0, 0), (3, 1)): [58, 4, 4, 3, 0, 1]
(2, (1, 0, 0), (3, 2)): [81, 9, 4, 1]
(2, (1, 0, 1), (0, 0)): [1267, 259, 95, 62, 25, 12, 2, 3, 1]
(2, (1, 0, 1), (0, 1)): [46, 9, 3, 3]
(2, (1, 0, 1), (0, 2)): [18, 3, 0, 1]
(2, (1, 0, 1), (1, 0)): [60, 14, 6, 1]
(2, (1, 0, 1), (1, 1)): [42, 7, 6, 2]
(2, (1, 0, 1), (1, 2)): [26, 4, 4, 1]
(2, (1, 0, 1), (2, 0)): [23, 5, 3, 1]
(2, (1, 0, 1), (2, 1)): [24, 4, 3, 1]
(2, (1, 0, 1), (2, 2)): [20, 4, 4, 1]
(2, (1, 0, 1), (3, 0)): [7, 2, 2]
(2, (1, 0, 1), (3, 1)): [15, 2, 3]
(2, (1, 0, 1), (3, 2)): [17, 2, 4]
(2, (1, 1, 0), (0, 0)): [2829, 460, 187, 151, 51, 19, 7, 0, 2, 2]
(2, (1, 1, 0), (0, 1)): [134, 22, 8, 9]
(2, (1, 1, 0), (0, 2)): [61, 7, 3, 1]
(2, (1, 1, 0), (1, 0)): [144, 23, 8, 8, 2, 3]
(2, (1, 1, 0), (1, 1)): [109, 13, 7, 4, 2, 1]
(2, (1, 1, 0), (1, 2)): [79, 9, 2, 1]
(2, (1, 1, 0), (2, 0)): [50, 11, 3, 5, 0, 2]
(2, (1, 1, 0), (2, 1)): [60, 7, 6, 5, 1, 1]
(2, (1, 1, 0), (2, 2)): [69, 5, 1, 2]
(2, (1, 1, 0), (3, 0)): [20, 6, 1, 1, 0, 2]
(2, (1, 1, 0), (3, 1)): [31, 4, 4, 2, 1, 1]
(2, (1, 1, 0), (3, 2)): [37, 4, 3, 1]
(2, (1, 1, 1), (0, 0)): [817, 136, 131, 44, 60, 19, 6, 4, 1]
(2, (1, 1, 1), (0, 1)): [54, 8, 8, 1, 2, 1]
(2, (1, 1, 1), (0, 2)): [23, 3, 1, 0, 1, 1]
(2, (1, 1, 1), (1, 0)): [33, 14, 9, 2, 1, 4]
(2, (1, 1, 1), (1, 1)): [42, 8, 9, 1, 1, 2]
(2, (1, 1, 1), (1, 2)): [32, 6, 3, 0, 1, 2]
(2, (1, 1, 1), (2, 0)): [7, 9, 2, 1, 0, 2]
(2, (1, 1, 1), (2, 1)): [13, 10, 9, 1, 0, 1]
(2, (1, 1, 1), (2, 2)): [19, 6, 3, 1, 1, 1]
(2, (1, 1, 1), (3, 0)): [0, 2, 0, 1, 0, 1]
(2, (1, 1, 1), (3, 1)): [3, 9, 2, 1]
(2, (1, 1, 1), (3, 2)): [6, 7, 2, 1]
