(0, (0, 0, 0)): [34534, 7024, 3281, 1578, 745, 316, 157, 45, 21, 8, 4, 3, 1]
(0, (0, 0, 1)): [90, 271, 69, 36, 22, 9, 5, 4, 0, 1, 2]
(0, (0, 1, 0)): [1299, 1229, 533, 268, 125, 56, 24, 8, 4, 2, 1, 0, 1]
(0, (0, 1, 1)): [74, 179, 223, 94, 58, 18, 22, 5, 4, 3, 1]
(0, (1, 0, 0)): [6480, 2046, 1475, 760, 381, 180, 95, 28, 11, 6, 3, 2]
(0, (1, 0, 1)): [166, 410, 186, 134, 71, 44, 19, 8, 3, 3, 2, 0, 1]
(0, (1, 1, 0)): [1029, 625, 415, 330, 186, 88, 47, 12, 7, 2, 1, 1]
(0, (1, 1, 1)): [118, 219, 160, 115, 95, 51, 22, 3, 9, 5, 2]
(1, (0, 0, 0)): [26845, 3216, 1350, 564, 239, 74, 35, 10, 4, 0, 0, 1]
(1, (0, 0, 1)): [716, 947, 221, 97, 38, 18, 8, 1, 1, 1]
(1, (0, 1, 0)): [3595, 1414, 599, 260, 139, 51, 10, 9, 0, 1]
(1, (0, 1, 1)): [540, 461, 404, 169, 101, 43, 17, 7, 1, 2]
(1, (1, 0, 0)): [9605, 1583, 1200, 512, 240, 93, 43, 10, 5, 0, 0, 1]
(1, (1, 0, 1)): [806, 789, 289, 199, 109, 37, 16, 7, 6, 1, 1]
(1, (1, 1, 0)): [2824, 783, 520, 448, 197, 91, 34, 13, 3, 2, 1, 1]
(1, (1, 1, 1)): [648, 475, 304, 203, 167, 77, 27, 14, 4, 1]
(2, (0, 0, 0)): [23688, 1283, 426, 168, 41, 12, 5, 2]
(2, (0, 0, 1)): [2276, 586, 145, 38, 26, 6, 1, 2, 0, 1]
(2, (0, 1, 0)): [5927, 1111, 355, 126, 63, 16, 4, 2]
(2, (0, 1, 1)): [1346, 120, 248, 107, 39, 7, 5, 2]
(2, (1, 0, 0)): [11567, 850, 632, 223, 70, 20, 11, 3, 1]
(2, (1, 0, 1)): [2209, 451, 183, 140, 66, 12, 8, 4, 1]
(2, (1, 1, 0)): [4930, 714, 375, 279, 102, 31, 13, 5]
(2, (1, 1, 1)): [1572, 227, 254, 125, 129, 33, 17, 5]
