(0, (0, 0, 0), (0, 0)): [546695, 111364, 52631, 24358, 11181, 4896, 2039, 890, 372, 184, 75, 33, 18, 4, 3]
(0, (0, 0, 0), (0, 1)): [5269, 1032, 478, 196, 97, 32, 13, 10, 3, 2, 1]
(0, (0, 0, 0), (0, 2)): [1818, 333, 154, 66, 29, 6, 5, 7, 0, 1]
(0, (0, 0, 0), (1, 0)): [4991, 1081, 593, 255, 134, 54, 32, 10, 3, 2, 1]
(0, (0, 0, 0), (1, 1)): [4431, 864, 458, 198, 98, 32, 12, 8, 5, 0, 2]
(0, (0, 0, 0), (1, 2)): [2691, 475, 233, 89, 44, 10, 8, 6, 3]
(0, (0, 0, 0), (2, 0)): [1735, 443, 229, 109, 66, 29, 17, 5, 1, 1]
(0, (0, 0, 0), (2, 1)): [2469, 530, 276, 142, 68, 29, 12, 6, 1, 0, 1]
(0, (0, 0, 0), (2, 2)): [2224, 426, 196, 97, 53, 17, 6, 5, 1, 0, 1]
(0, (0, 0, 0), (3, 0)): [613, 172, 108, 55, 32, 20, 9, 1, 1]
(0, (0, 0, 0), (3, 1)): [1019, 249, 159, 81, 37, 15, 10, 3, 2]
(0, (0, 0, 0), (3, 2)): [1379, 277, 178, 82, 40, 16, 5, 3, 2]
(0, (0, 0, 1), (0, 0)): [2434, 7919, 2222, 1061, 532, 220, 106, 63, 23, 13, 3, 1, 3]
(0, (0, 0, 1), (0, 1)): [19, 44, 24, 4, 4, 1, 2]
(0, (0, 0, 1), (0, 2)): [7, 16, 6, 0, 2]
(0, (0, 0, 1), (1, 0)): [26, 56, 19, 12, 5, 2, 1, 1]
(0, (0, 0, 1), (1, 1)): [17, 37, 19, 5, 4, 1, 2]
(0, (0, 0, 1), (1, 2)): [13, 24, 11, 3, 3, 0, 1]
(0, (0, 0, 1), (2, 0)): [15, 24, 9, 6, 2, 1, 1, 1]
(0, (0, 0, 1), (2, 1)): [14, 18, 11, 2, 3]
(0, (0, 0, 1), (2, 2)): [15, 14, 10, 2, 2]
(0, (0, 0, 1), (3, 0)): [2, 13, 5, 5, 0, 0, 1, 1]
(0, (0, 0, 1), (3, 1)): [3, 5, 5, 2, 1, 0, 0, 1]
(0, (0, 0, 1), (3, 2)): [8, 8, 3, 1, 1, 0, 0, 1]
(0, (0, 1, 0), (0, 0)): [17716, 18090, 6966, 3321, 1686, 778, 325, 142, 62, 37, 13, 5, 2, 0, 1]
(0, (0, 1, 0), (0, 1)): [159, 129, 54, 21, 9, 8, 2, 1]
(0, (0, 1, 0), (0, 2)): [52, 32, 18, 6, 1, 4, 1]
(0, (0, 1, 0), (1, 0)): [167, 154, 52, 37, 17, 10, 7, 0, 1]
(0, (0, 1, 0), (1, 1)): [139, 114, 43, 26, 7, 7, 3, 1]
(0, (0, 1, 0), (1, 2)): [86, 60, 24, 11, 4, 5, 2]
(0, (0, 1, 0), (2, 0)): [56, 65, 21, 16, 9, 6, 3, 0, 1]
(0, (0, 1, 0), (2, 1)): [59, 53, 28, 21, 3, 9, 3, 1]
(0, (0, 1, 0), (2, 2)): [56, 35, 26, 13, 2, 4, 3]
(0, (0, 1, 0), (3, 0)): [28, 28, 10, 9, 6, 0, 1, 0, 1]
(0, (0, 1, 0), (3, 1)): [31, 29, 14, 12, 6, 3, 1, 1]
(0, (0, 1, 0), (3, 2)): [34, 28, 18, 11, 5, 2, 3]
(0, (0, 1, 1), (0, 0)): [1593, 2888, 3709, 1667, 910, 425, 184, 88, 44, 16, 5, 3, 0, 1, 1]
(0, (0, 1, 1), (0, 1)): [9, 17, 28, 10, 10, 2, 2, 1, 1]
(0, (0, 1, 1), (0, 2)): [4, 5, 12, 6, 7, 1, 1, 1]
(0, (0, 1, 1), (1, 0)): [24, 23, 35, 23, 10, 4, 4, 2, 1]
(0, (0, 1, 1), (1, 1)): [10, 15, 17, 10, 7, 3, 1, 0, 1]
(0, (0, 1, 1), (1, 2)): [5, 6, 11, 7, 8, 2, 0, 1]
(0, (0, 1, 1), (2, 0)): [15, 15, 21, 13, 6, 2, 2, 2, 1]
(0, (0, 1, 1), (2, 1)): [8, 12, 10, 7, 4, 2, 1, 1, 1]
(0, (0, 1, 1), (2, 2)): [9, 6, 9, 4, 4, 1, 0, 1]
(0, (0, 1, 1), (3, 0)): [8, 7, 13, 11, 4, 2, 1, 1]
(0, (0, 1, 1), (3, 1)): [5, 8, 4, 6, 2, 1, 0, 0, 1]
(0, (0, 1, 1), (3, 2)): [6, 5, 6, 5, 1, 1, 0, 1, 1]
(0, (1, 0, 0), (0, 0)): [121791, 42389, 26710, 13364, 6523, 2949, 1261, 561, 241, 120, 52, 20, 12, 3, 2]
(0, (1, 0, 0), (0, 1)): [1121, 315, 236, 110, 69, 25, 12, 6, 2]
(0, (1, 0, 0), (0, 2)): [401, 82, 81, 25, 16, 8, 4, 1, 1]
(0, (1, 0, 0), (1, 0)): [990, 353, 239, 118, 67, 25, 19, 6, 2, 2, 1]
(0, (1, 0, 0), (1, 1)): [852, 263, 181, 99, 49, 13, 9, 5, 2, 1]
(0, (1, 0, 0), (1, 2)): [500, 123, 109, 32, 20, 12, 5, 1, 1]
(0, (1, 0, 0), (2, 0)): [308, 128, 77, 43, 35, 15, 5, 5, 1, 1, 1]
(0, (1, 0, 0), (2, 1)): [412, 133, 84, 59, 38, 11, 5, 4, 2, 1]
(0, (1, 0, 0), (2, 2)): [364, 102, 78, 32, 20, 8, 3, 3, 2]
(0, (1, 0, 0), (3, 0)): [102, 49, 35, 22, 17, 5, 0, 3, 0, 1]
(0, (1, 0, 0), (3, 1)): [149, 54, 37, 27, 22, 8, 2, 1, 1, 1]
(0, (1, 0, 0), (3, 2)): [190, 66, 43, 20, 19, 10, 2, 1]
(0, (1, 0, 1), (0, 0)): [2774, 9171, 3835, 2631, 1417, 667, 338, 141, 66, 29, 12, 9, 3, 0, 1]
(0, (1, 0, 1), (0, 1)): [23, 64, 30, 19, 13, 3, 6, 1, 1]
(0, (1, 0, 1), (0, 2)): [12, 26, 8, 7, 4, 1, 4, 0, 1]
(0, (1, 0, 1), (1, 0)): [23, 84, 30, 20, 9, 8, 0, 2, 1]
(0, (1, 0, 1), (1, 1)): [15, 57, 20, 14, 8, 6, 2, 1, 1]
(0, (1, 0, 1), (1, 2)): [10, 27, 9, 9, 6, 1, 1, 1, 1]
(0, (1, 0, 1), (2, 0)): [9, 36, 15, 8, 5, 4, 0, 1]
(0, (1, 0, 1), (2, 1)): [10, 38, 11, 6, 5, 4, 0, 0, 1]
(0, (1, 0, 1), (2, 2)): [12, 27, 10, 4, 4, 2, 0, 1, 1]
(0, (1, 0, 1), (3, 0)): [2, 13, 8, 5, 2, 3, 0, 1]
(0, (1, 0, 1), (3, 1)): [3, 13, 6, 1, 4, 3]
(0, (1, 0, 1), (3, 2)): [5, 11, 6, 2, 3, 1, 0, 0, 1]
(0, (1, 1, 0), (0, 0)): [16423, 10964, 8947, 6098, 3380, 1564, 696, 353, 146, 66, 33, 12, 6, 1]
(0, (1, 1, 0), (0, 1)): [178, 88, 65, 48, 29, 14, 5, 4, 0, 0, 1]
(0, (1, 1, 0), (0, 2)): [57, 26, 24, 17, 15, 5, 2, 3]
(0, (1, 1, 0), (1, 0)): [133, 100, 84, 61, 35, 18, 7, 3, 1, 1]
(0, (1, 1, 0), (1, 1)): [121, 62, 54, 42, 14, 11, 3, 1, 0, 1, 1]
(0, (1, 1, 0), (1, 2)): [74, 30, 33, 27, 11, 4, 2, 3, 0, 1]
(0, (1, 1, 0), (2, 0)): [33, 33, 34, 23, 16, 8, 2, 3, 1]
(0, (1, 1, 0), (2, 1)): [53, 35, 29, 19, 14, 7, 3, 1]
(0, (1, 1, 0), (2, 2)): [47, 31, 26, 16, 7, 4, 1, 1, 0, 1]
(0, (1, 1, 0), (3, 0)): [9, 14, 16, 9, 7, 4, 0, 2, 1]
(0, (1, 1, 0), (3, 1)): [22, 17, 16, 10, 6, 5, 2, 1, 1]
(0, (1, 1, 0), (3, 2)): [33, 17, 19, 11, 4, 2, 1, 1, 1]
(0, (1, 1, 1), (0, 0)): [1675, 3160, 2704, 2170, 1706, 831, 394, 205, 89, 38, 22, 8, 1, 1, 1]
(0, (1, 1, 1), (0, 1)): [20, 29, 34, 23, 17, 2, 2, 0, 2, 1, 1]
(0, (1, 1, 1), (0, 2)): [9, 12, 7, 6, 7, 0, 0, 0, 1]
(0, (1, 1, 1), (1, 0)): [13, 40, 45, 22, 22, 14, 4, 4, 1]
(0, (1, 1, 1), (1, 1)): [16, 27, 32, 23, 15, 6, 5, 2, 0, 0, 1]
(0, (1, 1, 1), (1, 2)): [15, 15, 16, 9, 8, 3, 2, 0, 1]
(0, (1, 1, 1), (2, 0)): [3, 14, 15, 12, 11, 2, 0, 1, 1]
(0, (1, 1, 1), (2, 1)): [6, 15, 17, 11, 9, 3, 0, 2, 1]
(0, (1, 1, 1), (2, 2)): [8, 17, 11, 10, 5, 3, 2, 1]
(0, (1, 1, 1), (3, 0)): [0, 2, 6, 6, 4]
(0, (1, 1, 1), (3, 1)): [1, 4, 7, 10, 4]
(0, (1, 1, 1), (3, 2)): [3, 3, 8, 8, 4, 1, 1]
(1, (0, 0, 0), (0, 0)): [433837, 47489, 19817, 7984, 3221, 1277, 494, 198, 78, 30, 12, 9, 2, 1]
(1, (0, 0, 0), (0, 1)): [4168, 420, 185, 55, 34, 5, 2, 4, 1]
(1, (0, 0, 0), (0, 2)): [1485, 110, 52, 18, 5, 1, 0, 2]
(1, (0, 0, 0), (1, 0)): [4114, 516, 239, 77, 34, 16, 7, 2]
(1, (0, 0, 0), (1, 1)): [3515, 407, 173, 51, 28, 10, 4, 1, 1]
(1, (0, 0, 0), (1, 2)): [2145, 203, 78, 27, 12, 4, 1, 1]
(1, (0, 0, 0), (2, 0)): [1462, 211, 113, 29, 17, 7, 3]
(1, (0, 0, 0), (2, 1)): [1973, 254, 126, 36, 24, 7, 3]
(1, (0, 0, 0), (2, 2)): [1736, 195, 80, 24, 11, 6, 3]
(1, (0, 0, 0), (3, 0)): [503, 79, 50, 14, 8, 3, 1]
(1, (0, 0, 0), (3, 1)): [877, 148, 74, 26, 17, 2]
(1, (0, 0, 0), (3, 2)): [1059, 144, 76, 27, 11, 5, 1]
(1, (0, 0, 1), (0, 0)): [13014, 20357, 3983, 1692, 718, 290, 130, 59, 27, 10, 6, 4, 3, 1]
(1, (0, 0, 1), (0, 1)): [96, 129, 26, 6, 3, 1, 2]
(1, (0, 0, 1), (0, 2)): [35, 46, 8]
(1, (0, 0, 1), (1, 0)): [132, 165, 37, 14, 9, 2, 3, 0, 1]
(1, (0, 0, 1), (1, 1)): [103, 117, 22, 8, 6, 1, 2]
(1, (0, 0, 1), (1, 2)): [64, 63, 11, 4, 2, 1]
(1, (0, 0, 1), (2, 0)): [56, 59, 19, 9, 5, 2, 3, 0, 1]
(1, (0, 0, 1), (2, 1)): [46, 54, 10, 5, 3, 0, 3]
(1, (0, 0, 1), (2, 2)): [44, 42, 8, 2, 2, 1]
(1, (0, 0, 1), (3, 0)): [24, 26, 11, 5, 4, 1, 2, 0, 1]
(1, (0, 0, 1), (3, 1)): [30, 32, 5, 6, 3, 0, 1]
(1, (0, 0, 1), (3, 2)): [29, 31, 6, 4, 2, 1]
(1, (0, 1, 0), (0, 0)): [61297, 30007, 10397, 4377, 1829, 736, 278, 131, 33, 25, 10, 5, 4, 0, 1]
(1, (0, 1, 0), (0, 1)): [466, 215, 81, 28, 8, 5, 4, 2, 1]
(1, (0, 1, 0), (0, 2)): [159, 76, 19, 4, 2, 2, 2]
(1, (0, 1, 0), (1, 0)): [611, 312, 93, 57, 35, 9, 4, 2, 0, 0, 1]
(1, (0, 1, 0), (1, 1)): [434, 197, 66, 34, 17, 5, 4, 2, 1]
(1, (0, 1, 0), (1, 2)): [249, 103, 35, 12, 6, 1, 2]
(1, (0, 1, 0), (2, 0)): [270, 118, 45, 37, 18, 5, 2, 2, 0, 0, 1]
(1, (0, 1, 0), (2, 1)): [231, 106, 30, 26, 12, 6, 4, 3, 0, 0, 1]
(1, (0, 1, 0), (2, 2)): [192, 87, 29, 16, 7, 2, 1]
(1, (0, 1, 0), (3, 0)): [148, 63, 18, 25, 14, 1, 0, 1]
(1, (0, 1, 0), (3, 1)): [130, 45, 21, 17, 10, 4, 1, 1]
(1, (0, 1, 0), (3, 2)): [120, 45, 20, 17, 9, 1]
(1, (0, 1, 1), (0, 0)): [10459, 9106, 8883, 3493, 1723, 700, 272, 112, 62, 17, 7, 4, 1, 1]
(1, (0, 1, 1), (0, 1)): [80, 60, 48, 20, 10, 4, 3, 1]
(1, (0, 1, 1), (0, 2)): [35, 15, 14, 6, 4]
(1, (0, 1, 1), (1, 0)): [138, 94, 72, 44, 34, 10, 4, 4, 1, 1]
(1, (0, 1, 1), (1, 1)): [61, 52, 34, 20, 7, 2, 4, 1]
(1, (0, 1, 1), (1, 2)): [43, 19, 19, 13, 2, 0, 1]
(1, (0, 1, 1), (2, 0)): [99, 65, 45, 26, 27, 10, 3, 3, 1, 1]
(1, (0, 1, 1), (2, 1)): [35, 36, 24, 9, 2, 4, 3, 1]
(1, (0, 1, 1), (2, 2)): [35, 22, 18, 11, 2, 0, 0, 1]
(1, (0, 1, 1), (3, 0)): [80, 52, 34, 20, 26, 8, 3, 3, 1, 1]
(1, (0, 1, 1), (3, 1)): [19, 18, 9, 2, 2, 2, 3]
(1, (0, 1, 1), (3, 2)): [20, 21, 16, 2, 1, 1, 1]
(1, (1, 0, 0), (0, 0)): [177224, 33208, 20353, 8961, 3610, 1525, 579, 215, 100, 46, 15, 13, 2, 2]
(1, (1, 0, 0), (0, 1)): [1599, 251, 177, 65, 28, 13, 10, 0, 0, 2]
(1, (1, 0, 0), (0, 2)): [547, 75, 61, 22, 9, 3, 5, 0, 0, 2]
(1, (1, 0, 0), (1, 0)): [1577, 305, 205, 98, 34, 14, 4, 4, 1]
(1, (1, 0, 0), (1, 1)): [1273, 211, 145, 44, 25, 9, 4, 3]
(1, (1, 0, 0), (1, 2)): [746, 95, 76, 20, 14, 4, 4, 1, 0, 1]
(1, (1, 0, 0), (2, 0)): [520, 110, 78, 48, 17, 9, 2, 0, 1]
(1, (1, 0, 0), (2, 1)): [641, 124, 76, 37, 13, 8, 1, 1, 1]
(1, (1, 0, 0), (2, 2)): [541, 92, 64, 26, 13, 6, 2, 0, 0, 1]
(1, (1, 0, 0), (3, 0)): [175, 44, 34, 21, 11, 4]
(1, (1, 0, 0), (3, 1)): [244, 68, 34, 28, 10, 4, 1, 1]
(1, (1, 0, 0), (3, 2)): [271, 62, 34, 25, 7, 7, 2]
(1, (1, 0, 1), (0, 0)): [13790, 17929, 6009, 3823, 1637, 716, 274, 107, 45, 32, 10, 3]
(1, (1, 0, 1), (0, 1)): [130, 116, 37, 25, 16, 5, 4, 0, 3, 1]
(1, (1, 0, 1), (0, 2)): [59, 34, 11, 14, 2, 3, 1]
(1, (1, 0, 1), (1, 0)): [133, 176, 40, 31, 21, 10, 2, 1, 0, 1]
(1, (1, 0, 1), (1, 1)): [94, 99, 25, 17, 21, 1, 3, 0, 2]
(1, (1, 0, 1), (1, 2)): [63, 50, 21, 17, 8, 2, 1]
(1, (1, 0, 1), (2, 0)): [48, 65, 15, 12, 8, 5]
(1, (1, 0, 1), (2, 1)): [46, 53, 9, 8, 10, 3, 3, 0, 2]
(1, (1, 0, 1), (2, 2)): [35, 38, 14, 5, 6, 2, 2, 0, 1]
(1, (1, 0, 1), (3, 0)): [18, 27, 6, 5, 4, 3]
(1, (1, 0, 1), (3, 1)): [18, 26, 5, 6, 8, 4]
(1, (1, 0, 1), (3, 2)): [23, 23, 10, 5, 9, 5, 2, 0, 1]
(1, (1, 1, 0), (0, 0)): [47532, 15255, 10922, 7344, 3217, 1410, 562, 219, 83, 39, 12, 8, 2, 3, 1]
(1, (1, 1, 0), (0, 1)): [451, 115, 101, 59, 25, 9, 6, 2]
(1, (1, 1, 0), (0, 2)): [160, 37, 32, 20, 10, 1]
(1, (1, 1, 0), (1, 0)): [417, 144, 99, 93, 41, 10, 3, 2]
(1, (1, 1, 0), (1, 1)): [345, 100, 79, 52, 22, 6, 6, 2]
(1, (1, 1, 0), (1, 2)): [237, 46, 39, 36, 13, 1, 1]
(1, (1, 1, 0), (2, 0)): [143, 54, 34, 36, 21, 5, 1, 1]
(1, (1, 1, 0), (2, 1)): [167, 65, 42, 36, 13, 3, 3, 1]
(1, (1, 1, 0), (2, 2)): [167, 38, 28, 21, 13]
(1, (1, 1, 0), (3, 0)): [43, 16, 13, 11, 13, 4, 1, 1]
(1, (1, 1, 0), (3, 1)): [70, 33, 20, 14, 12, 2, 4, 2]
(1, (1, 1, 0), (3, 2)): [87, 32, 19, 12, 13, 1, 3, 2]
(1, (1, 1, 1), (0, 0)): [9751, 8091, 5262, 3647, 2572, 1161, 474, 180, 78, 28, 12, 9, 4, 2, 1]
(1, (1, 1, 1), (0, 1)): [112, 82, 58, 30, 31, 9, 3, 2]
(1, (1, 1, 1), (0, 2)): [53, 32, 23, 8, 11, 3, 1]
(1, (1, 1, 1), (1, 0)): [105, 76, 67, 38, 35, 16, 10, 2, 1]
(1, (1, 1, 1), (1, 1)): [84, 52, 42, 26, 30, 8, 2, 1]
(1, (1, 1, 1), (1, 2)): [59, 27, 26, 16, 15, 7, 2, 1]
(1, (1, 1, 1), (2, 0)): [34, 32, 31, 18, 13, 9, 5, 2]
(1, (1, 1, 1), (2, 1)): [46, 33, 28, 16, 23, 3, 2, 1]
(1, (1, 1, 1), (2, 2)): [43, 20, 25, 11, 20, 4, 3, 1]
(1, (1, 1, 1), (3, 0)): [10, 15, 9, 10, 4, 7, 3]
(1, (1, 1, 1), (3, 1)): [20, 15, 6, 9, 7, 4, 2, 1]
(1, (1, 1, 1), (3, 2)): [31, 12, 9, 14, 10, 5, 2]
(2, (0, 0, 0), (0, 0)): [371866, 16258, 5633, 1779, 648, 235, 81, 31, 8, 2, 2]
(2, (0, 0, 0), (0, 1)): [3792, 146, 56, 11, 8, 2]
(2, (0, 0, 0), (0, 2)): [1235, 38, 11, 4]
(2, (0, 0, 0), (1, 0)): [3719, 231, 82, 29, 6, 5, 2]
(2, (0, 0, 0), (1, 1)): [3315, 148, 64, 12, 8, 3, 1]
(2, (0, 0, 0), (1, 2)): [1898, 65, 28, 6, 3, 1, 1]
(2, (0, 0, 0), (2, 0)): [1370, 96, 36, 17, 3, 3, 1]
(2, (0, 0, 0), (2, 1)): [1929, 95, 44, 14, 4, 3]
(2, (0, 0, 0), (2, 2)): [1607, 68, 27, 10, 3, 2]
(2, (0, 0, 0), (3, 0)): [491, 40, 22, 10, 1, 2, 1]
(2, (0, 0, 0), (3, 1)): [879, 53, 29, 10, 3, 3]
(2, (0, 0, 0), (3, 2)): [1016, 55, 32, 9, 0, 3]
(2, (0, 0, 1), (0, 0)): [39282, 13041, 2399, 820, 298, 114, 38, 10, 1, 2, 0, 1]
(2, (0, 0, 1), (0, 1)): [309, 107, 18, 4, 4, 2, 1]
(2, (0, 0, 1), (0, 2)): [122, 29, 8, 1, 1]
(2, (0, 0, 1), (1, 0)): [350, 123, 31, 9, 3, 2]
(2, (0, 0, 1), (1, 1)): [262, 88, 17, 3, 3, 1, 1]
(2, (0, 0, 1), (1, 2)): [168, 41, 9, 2, 2, 0, 1]
(2, (0, 0, 1), (2, 0)): [157, 49, 14, 7, 3, 2]
(2, (0, 0, 1), (2, 1)): [162, 52, 12, 3, 4]
(2, (0, 0, 1), (2, 2)): [144, 32, 9, 3, 3, 0, 1]
(2, (0, 0, 1), (3, 0)): [81, 23, 10, 5, 0, 2]
(2, (0, 0, 1), (3, 1)): [84, 22, 8, 4, 2]
(2, (0, 0, 1), (3, 2)): [97, 25, 8, 2, 2]
(2, (0, 1, 0), (0, 0)): [99398, 23105, 5699, 1997, 660, 235, 72, 17, 6, 1, 1]
(2, (0, 1, 0), (0, 1)): [774, 145, 33, 7, 8, 1, 1]
(2, (0, 1, 0), (0, 2)): [281, 30, 9, 1, 3]
(2, (0, 1, 0), (1, 0)): [1057, 195, 86, 28, 8, 5, 1]
(2, (0, 1, 0), (1, 1)): [693, 140, 40, 10, 6, 3, 1]
(2, (0, 1, 0), (1, 2)): [382, 60, 17, 7, 3]
(2, (0, 1, 0), (2, 0)): [518, 90, 46, 21, 5, 2, 1]
(2, (0, 1, 0), (2, 1)): [454, 86, 25, 7, 4, 2]
(2, (0, 1, 0), (2, 2)): [378, 47, 14, 7, 3]
(2, (0, 1, 0), (3, 0)): [296, 48, 29, 14, 4, 0, 1]
(2, (0, 1, 0), (3, 1)): [253, 51, 23, 8, 6, 1, 1]
(2, (0, 1, 0), (3, 2)): [271, 43, 15, 3, 3, 1, 1]
(2, (0, 1, 1), (0, 0)): [24341, 2168, 5801, 1548, 588, 193, 72, 27, 11, 4, 1]
(2, (0, 1, 1), (0, 1)): [192, 11, 35, 7, 3, 2, 1, 1]
(2, (0, 1, 1), (0, 2)): [76, 2, 12, 3, 2, 1, 1]
(2, (0, 1, 1), (1, 0)): [269, 25, 58, 22, 11, 1, 1]
(2, (0, 1, 1), (1, 1)): [164, 12, 36, 8, 3, 1, 0, 1]
(2, (0, 1, 1), (1, 2)): [113, 6, 19, 5, 2, 1, 1]
(2, (0, 1, 1), (2, 0)): [145, 18, 26, 16, 8, 1, 1]
(2, (0, 1, 1), (2, 1)): [86, 10, 21, 7, 2, 1]
(2, (0, 1, 1), (2, 2)): [82, 7, 18, 4, 0, 1]
(2, (0, 1, 1), (3, 0)): [101, 11, 18, 9, 7, 1, 1]
(2, (0, 1, 1), (3, 1)): [46, 4, 12, 3, 0, 1]
(2, (0, 1, 1), (3, 2)): [57, 7, 17, 4, 0, 2]
(2, (1, 0, 0), (0, 0)): [216995, 16738, 9750, 3183, 1073, 340, 137, 45, 13, 5, 3]
(2, (1, 0, 0), (0, 1)): [1811, 94, 79, 23, 6, 5, 1]
(2, (1, 0, 0), (0, 2)): [600, 27, 21, 6, 2, 1, 1]
(2, (1, 0, 0), (1, 0)): [1989, 151, 110, 47, 15, 3, 3]
(2, (1, 0, 0), (1, 1)): [1475, 92, 84, 24, 5, 2]
(2, (1, 0, 0), (1, 2)): [855, 35, 31, 16, 2, 2]
(2, (1, 0, 0), (2, 0)): [703, 69, 40, 25, 10, 0, 2]
(2, (1, 0, 0), (2, 1)): [785, 59, 51, 13, 6, 1]
(2, (1, 0, 0), (2, 2)): [647, 34, 32, 10, 3, 3]
(2, (1, 0, 0), (3, 0)): [220, 32, 10, 17, 4, 0, 2]
(2, (1, 0, 0), (3, 1)): [325, 33, 26, 12, 4, 0, 2]
(2, (1, 0, 0), (3, 2)): [381, 30, 20, 8, 2, 3]
(2, (1, 0, 1), (0, 0)): [36063, 9572, 4069, 2202, 681, 257, 88, 30, 12, 2, 0, 1]
(2, (1, 0, 1), (0, 1)): [322, 62, 29, 24, 9, 2]
(2, (1, 0, 1), (0, 2)): [120, 10, 7, 8, 2]
(2, (1, 0, 1), (1, 0)): [328, 67, 38, 26, 9, 4, 1]
(2, (1, 0, 1), (1, 1)): [264, 56, 22, 18, 8, 0, 1]
(2, (1, 0, 1), (1, 2)): [159, 18, 4, 7, 2]
(2, (1, 0, 1), (2, 0)): [107, 16, 20, 12, 1, 2]
(2, (1, 0, 1), (2, 1)): [139, 29, 12, 10, 6, 1]
(2, (1, 0, 1), (2, 2)): [107, 14, 5, 4, 3, 1]
(2, (1, 0, 1), (3, 0)): [45, 5, 10, 7, 1]
(2, (1, 0, 1), (3, 1)): [60, 11, 7, 7, 3]
(2, (1, 0, 1), (3, 2)): [69, 12, 5, 3, 4, 1]
(2, (1, 1, 0), (0, 0)): [81548, 13088, 6969, 4209, 1384, 471, 144, 51, 19, 7, 4, 0, 0, 1]
(2, (1, 1, 0), (0, 1)): [759, 113, 55, 33, 9, 3, 1]
(2, (1, 1, 0), (0, 2)): [279, 37, 16, 5, 1]
(2, (1, 1, 0), (1, 0)): [764, 106, 73, 64, 14, 5, 2, 2]
(2, (1, 1, 0), (1, 1)): [596, 76, 47, 34, 9, 4, 0, 1]
(2, (1, 1, 0), (1, 2)): [359, 46, 30, 14, 1, 2]
(2, (1, 1, 0), (2, 0)): [299, 42, 28, 30, 9, 3, 1, 1]
(2, (1, 1, 0), (2, 1)): [357, 34, 23, 21, 8, 3, 0, 1]
(2, (1, 1, 0), (2, 2)): [281, 37, 21, 18, 6, 2]
(2, (1, 1, 0), (3, 0)): [111, 20, 14, 16, 4, 2, 1]
(2, (1, 1, 0), (3, 1)): [158, 16, 16, 18, 1, 4, 1, 1]
(2, (1, 1, 0), (3, 2)): [182, 16, 15, 17, 6, 2, 1]
(2, (1, 1, 1), (0, 0)): [23993, 3657, 4160, 2200, 1466, 501, 163, 60, 26, 6, 4, 0, 0, 1]
(2, (1, 1, 1), (0, 1)): [259, 26, 40, 24, 19, 2, 2, 1, 1]
(2, (1, 1, 1), (0, 2)): [120, 3, 7, 4, 3, 1, 0, 0, 1]
(2, (1, 1, 1), (1, 0)): [227, 59, 46, 37, 13, 7, 4]
(2, (1, 1, 1), (1, 1)): [200, 30, 39, 21, 15, 2, 2]
(2, (1, 1, 1), (1, 2)): [139, 9, 14, 11, 5, 1, 1]
(2, (1, 1, 1), (2, 0)): [69, 46, 17, 19, 5, 4, 3]
(2, (1, 1, 1), (2, 1)): [87, 26, 22, 13, 9, 2, 3]
(2, (1, 1, 1), (2, 2)): [97, 13, 15, 13, 6, 1, 1]
(2, (1, 1, 1), (3, 0)): [18, 35, 6, 10, 1, 3]
(2, (1, 1, 1), (3, 1)): [34, 29, 8, 8, 5, 1, 2]
(2, (1, 1, 1), (3, 2)): [54, 20, 12, 14, 6, 2, 2]
