(0, (0, 0, 0)): [343242, 71092, 33664, 15635, 7141, 3130, 1356, 562, 237, 116, 46, 22, 12, 3, 2]
(0, (0, 0, 1)): [1618, 5456, 1553, 750, 378, 155, 76, 39, 14, 7, 2, 1, 3]
(0, (0, 1, 0)): [11107, 11799, 4542, 2146, 1129, 510, 212, 94, 44, 28, 7, 3, 1]
(0, (0, 1, 1)): [996, 1857, 2453, 1134, 588, 286, 125, 57, 28, 9, 5, 1, 0, 1, 1]
(0, (1, 0, 0)): [76654, 27552, 17105, 8672, 4123, 1887, 825, 350, 146, 75, 34, 14, 7, 3, 2]
(0, (1, 0, 1)): [1839, 5794, 2612, 1753, 985, 465, 238, 96, 43, 24, 8, 7, 2, 0, 1]
(0, (1, 1, 0)): [10053, 6878, 5664, 3847, 2074, 969, 449, 211, 85, 43, 23, 7, 3, 1]
(0, (1, 1, 1)): [1025, 1907, 1650, 1380, 1078, 531, 273, 126, 56, 30, 13, 4, 0, 1, 1]
(1, (0, 0, 0)): [271368, 29984, 12625, 5021, 2042, 808, 333, 129, 51, 17, 7, 5, 2]
(1, (0, 0, 1)): [8947, 14242, 2841, 1208, 517, 206, 86, 45, 16, 8, 5, 3, 2]
(1, (0, 1, 0)): [40069, 20114, 6872, 2871, 1188, 499, 180, 82, 23, 17, 3, 4, 3]
(1, (0, 1, 1)): [6871, 6103, 6177, 2383, 1103, 454, 182, 77, 38, 12, 6, 3, 1, 1]
(1, (1, 0, 0)): [112324, 21610, 13074, 5776, 2341, 981, 380, 137, 67, 30, 9, 9, 2, 2]
(1, (1, 0, 1)): [9122, 11859, 4155, 2616, 1109, 493, 186, 69, 27, 23, 6, 2]
(1, (1, 1, 0)): [28780, 9346, 6810, 4543, 1998, 887, 339, 126, 52, 25, 6, 6, 1, 3]
(1, (1, 1, 1)): [5670, 4767, 3057, 2241, 1513, 686, 275, 113, 51, 20, 6, 3, 1, 1]
(2, (0, 0, 0)): [232512, 10110, 3509, 1087, 390, 149, 52, 21, 3, 1, 2]
(2, (0, 0, 1)): [28004, 9386, 1718, 567, 203, 86, 29, 9, 0, 1]
(2, (0, 1, 0)): [65535, 15444, 3783, 1295, 421, 151, 48, 14, 4, 1]
(2, (0, 1, 1)): [16721, 1500, 4067, 1089, 389, 147, 47, 16, 8, 2, 1]
(2, (1, 0, 0)): [138158, 10892, 6059, 2006, 682, 227, 95, 29, 9, 2, 2]
(2, (1, 0, 1)): [24454, 6610, 2907, 1490, 483, 190, 60, 24, 8, 1, 0, 1]
(2, (1, 1, 0)): [46928, 7497, 4174, 2490, 806, 292, 89, 26, 14, 5, 3, 0, 0, 1]
(2, (1, 1, 1)): [14035, 2154, 2471, 1334, 895, 313, 101, 39, 17, 2, 3, 0, 0, 1]
