(0, (0, 0, 0), (0, 0)): [976600, 193983, 90222, 41122, 18376, 7941, 3289, 1376, 559, 257, 107, 53, 25, 8, 3, 1, 0, 1]
(0, (0, 0, 0), (0, 1)): [18024, 3269, 1576, 697, 306, 132, 46, 25, 6, 5, 1, 0, 2, 1, 0, 1]
(0, (0, 0, 0), (0, 2)): [6615, 1035, 499, 222, 99, 29, 16, 10, 2, 1, 0, 0, 1]
(0, (0, 0, 0), (1, 0)): [16717, 3574, 1836, 823, 399, 168, 80, 30, 11, 5, 3]
(0, (0, 0, 0), (1, 1)): [15315, 2921, 1475, 671, 311, 129, 45, 23, 6, 3, 3, 0, 1, 1, 0, 1]
(0, (0, 0, 0), (1, 2)): [9919, 1669, 794, 345, 179, 67, 21, 10, 5, 2, 0, 0, 2]
(0, (0, 0, 0), (2, 0)): [5538, 1322, 714, 354, 162, 78, 38, 13, 4, 2, 1]
(0, (0, 0, 0), (2, 1)): [8173, 1717, 928, 438, 201, 85, 38, 20, 3, 1, 1, 0, 0, 1]
(0, (0, 0, 0), (2, 2)): [7858, 1439, 735, 335, 164, 72, 21, 11, 3, 3, 1, 0, 2]
(0, (0, 0, 0), (3, 0)): [1822, 457, 293, 158, 69, 40, 17, 5, 3, 0, 1]
(0, (0, 0, 0), (3, 1)): [3308, 810, 503, 258, 104, 51, 21, 13, 4]
(0, (0, 0, 0), (3, 2)): [4511, 946, 593, 279, 128, 52, 15, 10, 5, 2, 0, 0, 2]
(0, (0, 0, 1), (0, 0)): [4097, 12248, 3311, 1593, 784, 330, 143, 72, 31, 17, 4, 1, 3, 1]
(0, (0, 0, 1), (0, 1)): [71, 188, 59, 20, 13, 6, 2, 1, 0, 1, 0, 0, 0, 1]
(0, (0, 0, 1), (0, 2)): [30, 76, 16, 6, 5, 1]
(0, (0, 0, 1), (1, 0)): [66, 174, 46, 28, 18, 9, 1, 2, 1]
(0, (0, 0, 1), (1, 1)): [58, 132, 46, 18, 15, 6, 1, 1, 0, 1, 0, 0, 0, 1]
(0, (0, 0, 1), (1, 2)): [43, 99, 25, 11, 8, 0, 1, 1, 0, 1]
(0, (0, 0, 1), (2, 0)): [29, 79, 21, 14, 5, 6, 1, 1, 1]
(0, (0, 0, 1), (3, 0)): [7, 33, 9, 6, 1, 3, 1, 1, 1]
(0, (0, 1, 0), (0, 0)): [32552, 30325, 11872, 5598, 2745, 1203, 501, 213, 93, 53, 17, 5, 3, 2, 1]
(0, (0, 1, 0), (0, 1)): [571, 467, 178, 86, 29, 21, 8, 5, 1]
(0, (0, 1, 0), (0, 2)): [226, 144, 62, 24, 5, 9, 3, 0, 1]
(0, (0, 1, 0), (1, 0)): [537, 476, 203, 106, 52, 27, 10, 2, 1]
(0, (0, 1, 0), (1, 1)): [460, 396, 161, 82, 32, 14, 7, 5]
(0, (0, 1, 0), (1, 2)): [311, 243, 89, 49, 17, 10, 3, 2, 1]
(0, (0, 1, 0), (2, 0)): [194, 167, 68, 40, 21, 17, 4, 0, 1]
(0, (0, 1, 0), (2, 1)): [237, 203, 88, 46, 14, 16, 5, 3]
(0, (0, 1, 0), (2, 2)): [245, 178, 80, 39, 13, 7, 6, 1, 1]
(0, (0, 1, 0), (3, 1)): [98, 88, 47, 27, 16, 8, 1, 1]
(0, (0, 1, 0), (3, 2)): [148, 111, 63, 30, 17, 6, 5]
(0, (0, 1, 1), (0, 0)): [2902, 4805, 5872, 2738, 1479, 676, 293, 140, 68, 28, 9, 6, 1, 2, 1, 0, 0, 1]
(0, (0, 1, 1), (0, 1)): [45, 61, 91, 38, 23, 7, 5, 3]
(0, (0, 1, 1), (1, 0)): [56, 96, 123, 63, 41, 16, 5, 5, 4, 0, 0, 1]
(0, (0, 1, 1), (1, 1)): [31, 58, 80, 36, 23, 4, 3, 2, 1]
(0, (0, 1, 1), (1, 2)): [27, 30, 44, 18, 16, 5, 3, 2, 1]
(0, (0, 1, 1), (2, 0)): [37, 54, 61, 34, 22, 12, 3, 4, 3, 0, 0, 1]
(0, (0, 1, 1), (2, 1)): [23, 39, 57, 27, 15, 3, 2, 4, 2]
(0, (0, 1, 1), (2, 2)): [31, 32, 42, 16, 9, 4, 2, 2, 2]
(0, (0, 1, 1), (3, 0)): [23, 33, 30, 23, 16, 11, 1, 1, 0, 0, 0, 1]
(0, (0, 1, 1), (3, 1)): [10, 20, 21, 12, 10, 0, 0, 1, 1]
(0, (0, 1, 1), (3, 2)): [16, 17, 31, 13, 8, 3, 2, 3, 2]
(0, (1, 0, 0), (0, 0)): [211162, 69685, 44557, 22016, 10516, 4750, 2016, 873, 363, 164, 73, 34, 15, 4, 2, 1, 0, 1]
(0, (1, 0, 0), (0, 1)): [3814, 1029, 761, 357, 186, 81, 29, 14, 6]
(0, (1, 0, 0), (0, 2)): [1471, 306, 249, 96, 53, 20, 12, 2, 5]
(0, (1, 0, 0), (1, 0)): [3324, 1072, 803, 390, 191, 72, 42, 15, 6, 6, 2]
(0, (1, 0, 0), (1, 1)): [2842, 834, 632, 301, 148, 55, 23, 14, 5, 4]
(0, (1, 0, 0), (1, 2)): [1848, 442, 353, 146, 74, 24, 16, 7, 3, 2]
(0, (1, 0, 0), (2, 0)): [1043, 360, 260, 147, 78, 33, 13, 6, 2, 2, 2]
(0, (1, 0, 0), (2, 1)): [1383, 422, 326, 178, 91, 38, 14, 6, 3, 3]
(0, (1, 0, 0), (2, 2)): [1286, 335, 263, 125, 66, 21, 14, 7, 2, 3]
(0, (1, 0, 0), (3, 0)): [302, 126, 101, 64, 40, 10, 3, 4, 0, 1, 1]
(0, (1, 0, 0), (3, 1)): [523, 185, 146, 90, 58, 16, 4, 2, 3, 1, 1]
(0, (1, 0, 0), (3, 2)): [657, 208, 161, 84, 60, 16, 6, 5, 2, 3]
(0, (1, 0, 1), (0, 0)): [4963, 15208, 6158, 4246, 2287, 1036, 515, 210, 98, 46, 20, 11, 5, 1, 1, 0, 0, 1]
(0, (1, 0, 1), (0, 1)): [79, 228, 96, 63, 29, 13, 11, 2, 1, 0, 0, 0, 1]
(0, (1, 0, 1), (0, 2)): [28, 86, 25, 24, 11, 7, 4, 0, 1]
(0, (1, 0, 1), (1, 0)): [74, 248, 94, 76, 37, 16, 2, 3, 4, 1, 1]
(0, (1, 0, 1), (1, 1)): [67, 180, 66, 50, 26, 11, 6, 1, 2, 0, 1]
(0, (1, 0, 1), (1, 2)): [52, 99, 32, 27, 12, 9, 3, 1, 2]
(0, (1, 0, 1), (2, 1)): [24, 113, 40, 31, 18, 6, 1, 0, 2, 0, 1]
(0, (1, 0, 1), (3, 1)): [12, 41, 15, 14, 11, 4]
(0, (1, 0, 1), (3, 2)): [16, 44, 24, 10, 10, 3, 1, 0, 1, 0, 1]
(0, (1, 1, 0), (0, 0)): [28828, 18364, 14063, 9982, 5302, 2538, 1100, 536, 210, 91, 44, 21, 6, 1]
(0, (1, 1, 0), (0, 1)): [557, 303, 209, 160, 89, 35, 13, 11, 2, 0, 1]
(0, (1, 1, 0), (0, 2)): [221, 110, 70, 49, 34, 12, 6, 6]
(0, (1, 1, 0), (1, 0)): [429, 272, 222, 159, 86, 46, 16, 10, 1, 3]
(0, (1, 1, 0), (1, 1)): [371, 203, 163, 118, 56, 29, 12, 9, 2, 1, 1]
(0, (1, 1, 0), (1, 2)): [258, 117, 90, 66, 36, 15, 4, 10, 1, 1]
(0, (1, 1, 0), (2, 0)): [119, 89, 70, 61, 33, 19, 5, 4, 1, 1]
(0, (1, 1, 0), (2, 2)): [170, 96, 70, 52, 24, 15, 3, 7, 1, 2]
(0, (1, 1, 0), (3, 2)): [97, 53, 42, 38, 16, 10, 2, 4, 1]
(0, (1, 1, 1), (0, 0)): [2868, 5361, 4436, 3350, 2657, 1334, 631, 321, 133, 57, 31, 12, 2, 1, 1]
(0, (1, 1, 1), (0, 1)): [70, 88, 82, 56, 33, 21, 7, 5, 4, 2, 1, 1]
(0, (1, 1, 1), (0, 2)): [33, 39, 26, 16, 17, 5, 2, 1, 3, 0, 0, 1]
(0, (1, 1, 1), (1, 0)): [49, 99, 101, 67, 62, 30, 8, 9, 2, 0, 1]
(0, (1, 1, 1), (1, 1)): [52, 73, 86, 55, 27, 20, 7, 7, 1, 1, 1]
(0, (1, 1, 1), (1, 2)): [44, 50, 45, 21, 12, 10, 3, 2, 4, 0, 0, 1]
(0, (1, 1, 1), (2, 1)): [28, 35, 37, 31, 25, 13, 3, 3, 1]
(0, (1, 1, 1), (2, 2)): [27, 33, 36, 24, 14, 9, 3, 3, 1, 0, 0, 1]
(0, (1, 1, 1), (3, 2)): [9, 12, 21, 19, 10, 6, 3, 0, 1, 0, 0, 1]
(1, (0, 0, 0), (0, 0)): [786831, 85200, 35112, 13955, 5469, 2084, 812, 310, 121, 48, 22, 13, 6, 2, 0, 1]
(1, (0, 0, 0), (0, 1)): [14596, 1472, 635, 239, 87, 23, 11, 8, 1, 0, 0, 0, 0, 1]
(1, (0, 0, 0), (0, 2)): [5382, 434, 183, 64, 22, 6, 1, 1]
(1, (0, 0, 0), (1, 0)): [14064, 1741, 769, 282, 129, 48, 21, 6, 0, 1, 0, 0, 0, 0, 0, 1]
(1, (0, 0, 0), (1, 1)): [12593, 1390, 574, 207, 93, 37, 17, 6, 1, 1, 0, 0, 0, 1]
(1, (0, 0, 0), (1, 2)): [8007, 702, 281, 118, 51, 23, 8, 2]
(1, (0, 0, 0), (2, 0)): [4887, 671, 344, 117, 52, 20, 8, 4, 0, 0, 0, 0, 0, 0, 0, 1]
(1, (0, 0, 0), (2, 1)): [7009, 863, 371, 132, 60, 20, 9, 6, 0, 1]
(1, (0, 0, 0), (2, 2)): [6653, 651, 290, 108, 47, 27, 11, 4]
(1, (0, 0, 0), (3, 0)): [1571, 242, 164, 54, 26, 8, 5, 0, 0, 0, 0, 0, 0, 0, 0, 1]
(1, (0, 0, 0), (3, 1)): [2957, 453, 239, 83, 46, 7, 3, 3]
(1, (0, 0, 0), (3, 2)): [3800, 465, 245, 84, 44, 17, 10, 3]
(1, (0, 0, 1), (0, 0)): [21329, 30671, 6045, 2547, 1080, 454, 167, 70, 33, 10, 5, 4, 4, 1]
(1, (0, 0, 1), (0, 1)): [368, 382, 86, 29, 14, 7, 5]
(1, (0, 0, 1), (0, 2)): [154, 120, 27, 7, 2, 1, 3]
(1, (0, 0, 1), (1, 0)): [364, 519, 107, 52, 25, 12, 5, 3, 1]
(1, (0, 0, 1), (1, 1)): [319, 373, 73, 32, 17, 6, 2, 2]
(1, (0, 0, 1), (2, 0)): [162, 214, 46, 25, 12, 7, 5, 1, 1]
(1, (0, 0, 1), (2, 1)): [155, 222, 37, 19, 8, 7, 5, 2]
(1, (0, 0, 1), (3, 1)): [87, 111, 15, 12, 4, 3, 3, 2]
(1, (0, 0, 1), (3, 2)): [105, 102, 22, 11, 5, 2, 3]
(1, (0, 1, 0), (0, 0)): [103899, 47192, 16947, 7144, 2912, 1141, 394, 191, 50, 29, 18, 7, 7, 2, 1]
(1, (0, 1, 0), (0, 1)): [1659, 648, 248, 106, 31, 12, 6, 2, 1]
(1, (0, 1, 0), (0, 2)): [658, 227, 75, 23, 9, 5, 2]
(1, (0, 1, 0), (1, 0)): [1973, 893, 322, 184, 81, 25, 12, 4, 0, 0, 1, 0, 0, 1]
(1, (0, 1, 0), (1, 1)): [1455, 565, 233, 106, 37, 12, 7, 3, 1, 0, 0, 0, 0, 1]
(1, (0, 1, 0), (1, 2)): [942, 333, 133, 43, 15, 6, 5, 2]
(1, (0, 1, 0), (2, 0)): [862, 393, 145, 99, 41, 15, 8, 3, 0, 0, 1]
(1, (0, 1, 0), (2, 1)): [792, 344, 122, 73, 30, 10, 6, 2, 0, 0, 1, 0, 0, 1]
(1, (0, 1, 0), (2, 2)): [750, 301, 111, 39, 21, 4, 3, 1]
(1, (0, 1, 0), (3, 0)): [462, 188, 61, 70, 29, 8, 5, 2]
(1, (0, 1, 0), (3, 1)): [392, 156, 57, 45, 19, 7, 3, 1, 0, 0, 0, 0, 0, 1]
(1, (0, 1, 0), (3, 2)): [422, 168, 74, 41, 23, 0, 4, 1, 0, 0, 0, 0, 0, 1]
(1, (0, 1, 1), (0, 0)): [17465, 14002, 13013, 5176, 2666, 1053, 425, 178, 80, 21, 8, 6, 1, 2, 0, 1]
(1, (0, 1, 1), (0, 1)): [227, 165, 138, 55, 24, 14, 6, 2]
(1, (0, 1, 1), (0, 2)): [114, 52, 45, 17, 7, 3, 2]
(1, (0, 1, 1), (1, 0)): [421, 323, 240, 113, 81, 29, 11, 7, 3, 1]
(1, (0, 1, 1), (1, 1)): [193, 143, 132, 50, 25, 6, 5, 3]
(1, (0, 1, 1), (1, 2)): [147, 77, 74, 32, 10, 4, 2]
(1, (0, 1, 1), (2, 0)): [281, 212, 136, 76, 63, 27, 9, 6, 3, 1]
(1, (0, 1, 1), (2, 1)): [118, 95, 70, 31, 14, 8, 6, 2]
(1, (0, 1, 1), (2, 2)): [109, 78, 67, 28, 17, 2, 1, 2]
(1, (0, 1, 1), (3, 0)): [231, 169, 108, 58, 55, 23, 6, 6, 3, 1]
(1, (0, 1, 1), (3, 1)): [58, 43, 32, 16, 5, 6, 5]
(1, (0, 1, 1), (3, 2)): [67, 55, 36, 14, 9, 3, 1, 1]
(1, (1, 0, 0), (0, 0)): [306237, 54082, 34634, 14866, 6014, 2389, 950, 345, 157, 65, 24, 19, 4, 2, 0, 2]
(1, (1, 0, 0), (0, 1)): [5518, 762, 587, 245, 95, 32, 14, 3, 1, 2]
(1, (1, 0, 0), (0, 2)): [2000, 235, 208, 70, 28, 10, 6, 1, 0, 2]
(1, (1, 0, 0), (1, 0)): [5232, 920, 667, 312, 133, 44, 24, 9, 1, 2, 0, 0, 1, 0, 0, 1]
(1, (1, 0, 0), (1, 1)): [4432, 649, 502, 203, 81, 29, 13, 6, 1, 0, 0, 0, 0, 0, 0, 1]
(1, (1, 0, 0), (1, 2)): [2745, 337, 291, 99, 44, 16, 5, 4, 0, 1]
(1, (1, 0, 0), (2, 0)): [1708, 334, 251, 146, 57, 23, 10, 0, 1, 2, 0, 0, 1]
(1, (1, 0, 0), (2, 1)): [2275, 376, 305, 139, 56, 17, 10, 2, 2, 0, 0, 0, 0, 0, 0, 1]
(1, (1, 0, 0), (2, 2)): [2083, 284, 256, 96, 39, 11, 5, 3, 1, 1]
(1, (1, 0, 0), (3, 0)): [511, 112, 81, 63, 25, 10, 4, 0, 0, 2, 0, 0, 1]
(1, (1, 0, 0), (3, 1)): [869, 201, 142, 85, 30, 12, 6, 1, 0, 1, 0, 0, 0, 0, 0, 1]
(1, (1, 0, 0), (3, 2)): [1073, 201, 155, 79, 29, 12, 5, 1, 1, 1, 0, 0, 0, 0, 0, 1]
(1, (1, 0, 1), (0, 0)): [24221, 28863, 9351, 6114, 2624, 1098, 427, 168, 58, 43, 12, 4, 0, 1]
(1, (1, 0, 1), (0, 1)): [439, 395, 115, 95, 42, 16, 9, 2, 3, 2]
(1, (1, 0, 1), (0, 2)): [196, 124, 39, 29, 7, 6, 4, 1, 0, 1]
(1, (1, 0, 1), (1, 0)): [418, 474, 158, 108, 59, 17, 5, 1, 0, 2]
(1, (1, 0, 1), (1, 1)): [339, 320, 101, 82, 43, 6, 7, 1, 2]
(1, (1, 0, 1), (1, 2)): [258, 169, 56, 46, 16, 5, 6, 1, 0, 1]
(1, (1, 0, 1), (2, 0)): [159, 165, 54, 33, 23, 10, 1, 1, 0, 1]
(1, (1, 0, 1), (2, 1)): [156, 171, 56, 43, 26, 6, 4, 0, 2]
(1, (1, 0, 1), (2, 2)): [166, 130, 48, 26, 16, 3, 5, 0, 1]
(1, (1, 0, 1), (3, 0)): [63, 69, 18, 12, 10, 5, 0, 0, 0, 1]
(1, (1, 0, 1), (3, 1)): [69, 80, 19, 21, 18, 6]
(1, (1, 1, 0), (0, 0)): [83298, 25877, 17570, 12366, 5258, 2205, 861, 355, 145, 58, 21, 12, 6, 4, 1]
(1, (1, 1, 0), (0, 1)): [1537, 400, 251, 198, 79, 30, 18, 5, 2]
(1, (1, 1, 0), (0, 2)): [615, 156, 82, 67, 24, 8, 4, 0, 1]
(1, (1, 1, 0), (1, 0)): [1391, 463, 331, 254, 108, 40, 19, 8, 1, 2, 0, 0, 2, 1]
(1, (1, 1, 0), (1, 1)): [1153, 322, 233, 168, 74, 29, 18, 7, 0, 2]
(1, (1, 1, 0), (1, 2)): [848, 206, 130, 101, 39, 14, 8, 1]
(1, (1, 1, 0), (2, 0)): [482, 169, 115, 100, 41, 16, 4, 2, 1, 0, 0, 0, 2, 1]
(1, (1, 1, 0), (2, 1)): [569, 194, 139, 98, 38, 17, 9, 3, 0, 1, 0, 0, 1]
(1, (1, 1, 0), (2, 2)): [615, 159, 93, 73, 37, 12, 4, 1]
(1, (1, 1, 0), (3, 2)): [326, 95, 68, 43, 30, 14, 8, 4, 0, 1, 0, 0, 1]
(1, (1, 1, 1), (0, 0)): [17296, 13589, 8771, 5787, 4193, 1797, 730, 280, 114, 41, 16, 14, 6, 2, 1, 1]
(1, (1, 1, 1), (0, 1)): [374, 232, 157, 97, 80, 29, 14, 4, 3]
(1, (1, 1, 1), (0, 2)): [192, 82, 56, 30, 32, 8, 7]
(1, (1, 1, 1), (1, 0)): [326, 244, 164, 107, 85, 38, 16, 6, 2, 2, 0, 1, 1]
(1, (1, 1, 1), (1, 1)): [271, 166, 126, 87, 71, 28, 6, 4, 1]
(1, (1, 1, 1), (1, 2)): [215, 87, 82, 50, 35, 20, 7]
(1, (1, 1, 1), (2, 1)): [137, 113, 76, 52, 43, 13, 8, 4, 1, 1, 0, 1]
(1, (1, 1, 1), (2, 2)): [147, 81, 65, 56, 34, 14, 6, 1]
(2, (0, 0, 0), (0, 0)): [679713, 30513, 10369, 3318, 1122, 364, 133, 40, 8, 3, 5, 0, 1]
(2, (0, 0, 0), (0, 1)): [12606, 537, 191, 45, 27, 6, 6, 1]
(2, (0, 0, 0), (0, 2)): [4513, 143, 40, 14, 6, 1, 1, 1]
(2, (0, 0, 0), (1, 0)): [12783, 734, 248, 72, 31, 10, 3, 0, 0, 0, 0, 0, 1]
(2, (0, 0, 0), (1, 1)): [11215, 566, 203, 39, 27, 5, 6]
(2, (0, 0, 0), (1, 2)): [7011, 257, 87, 23, 12, 3, 3]
(2, (0, 0, 0), (2, 0)): [4658, 276, 114, 44, 15, 6, 1, 0, 0, 0, 0, 0, 1]
(2, (0, 0, 0), (2, 1)): [6520, 341, 128, 38, 9, 4, 3]
(2, (0, 0, 0), (2, 2)): [5886, 263, 96, 25, 11, 4, 1]
(2, (0, 0, 0), (3, 0)): [1590, 108, 63, 23, 11, 3, 1, 0, 0, 0, 0, 0, 1]
(2, (0, 0, 0), (3, 1)): [2969, 165, 86, 29, 10, 5, 2]
(2, (0, 0, 0), (3, 2)): [3738, 198, 96, 24, 7, 4]
(2, (0, 0, 1), (0, 0)): [62139, 19471, 3802, 1302, 468, 165, 47, 12, 3, 2, 0, 1]
(2, (0, 0, 1), (0, 1)): [1011, 281, 62, 22, 9, 3, 1]
(2, (0, 0, 1), (0, 2)): [392, 70, 20, 4, 1, 1]
(2, (0, 0, 1), (1, 0)): [1193, 358, 81, 36, 9, 3, 0, 1]
(2, (0, 0, 1), (1, 1)): [965, 242, 57, 19, 8, 1, 1]
(2, (0, 0, 1), (1, 2)): [627, 114, 25, 9, 2, 1, 1]
(2, (0, 0, 1), (2, 0)): [493, 156, 37, 24, 6, 3, 0, 1]
(2, (0, 0, 1), (2, 1)): [557, 137, 42, 16, 9, 1, 0, 1]
(2, (0, 0, 1), (2, 2)): [518, 96, 32, 6, 3, 2, 1]
(2, (0, 0, 1), (3, 1)): [277, 72, 18, 14, 6]
(2, (0, 0, 1), (3, 2)): [315, 70, 23, 9, 2, 1]
(2, (0, 1, 0), (0, 0)): [165911, 36257, 9572, 3349, 1095, 372, 109, 30, 7, 4, 4, 0, 1]
(2, (0, 1, 0), (0, 1)): [2642, 469, 129, 49, 13, 1, 1]
(2, (0, 1, 0), (0, 2)): [1000, 136, 34, 10, 4]
(2, (0, 1, 0), (1, 0)): [3501, 599, 255, 104, 24, 14, 5, 1, 0, 0, 0, 0, 1]
(2, (0, 1, 0), (1, 1)): [2461, 412, 149, 53, 12, 4, 3, 1]
(2, (0, 1, 0), (1, 2)): [1538, 216, 58, 32, 3]
(2, (0, 1, 0), (2, 0)): [1653, 263, 130, 69, 17, 9, 3, 0, 0, 0, 0, 0, 1]
(2, (0, 1, 0), (2, 1)): [1500, 265, 93, 33, 9, 6, 3, 1, 0, 0, 0, 0, 1]
(2, (0, 1, 0), (2, 2)): [1345, 201, 58, 34, 5, 3, 0, 1]
(2, (0, 1, 0), (3, 0)): [932, 121, 78, 49, 13, 4, 2]
(2, (0, 1, 0), (3, 1)): [713, 123, 61, 21, 9, 3, 3, 0, 0, 0, 0, 0, 1]
(2, (0, 1, 0), (3, 2)): [868, 138, 53, 28, 5, 3, 1, 0, 0, 0, 0, 0, 1]
(2, (0, 1, 1), (0, 0)): [38842, 3382, 8690, 2343, 918, 299, 110, 38, 15, 4, 3, 1, 0, 1]
(2, (0, 1, 1), (0, 1)): [571, 46, 102, 23, 6, 3, 1, 3]
(2, (0, 1, 1), (0, 2)): [241, 19, 33, 8, 3, 1, 1]
(2, (0, 1, 1), (1, 0)): [802, 84, 158, 56, 25, 7, 4, 0, 0, 0, 1]
(2, (0, 1, 1), (1, 1)): [519, 37, 96, 24, 6, 3, 1, 2]
(2, (0, 1, 1), (1, 2)): [347, 22, 49, 9, 4, 1, 2, 1]
(2, (0, 1, 1), (2, 0)): [410, 51, 78, 35, 20, 6, 1, 0, 0, 0, 1]
(2, (0, 1, 1), (2, 1)): [288, 26, 72, 16, 5, 4]
(2, (0, 1, 1), (2, 2)): [298, 26, 52, 13, 2, 4, 1, 1]
(2, (0, 1, 1), (3, 0)): [285, 39, 43, 22, 18, 5, 1, 0, 0, 0, 1]
(2, (0, 1, 1), (3, 1)): [151, 13, 29, 10, 4, 1]
(2, (0, 1, 1), (3, 2)): [201, 23, 38, 10, 4, 4, 0, 1]
(2, (1, 0, 0), (0, 0)): [372788, 26952, 17310, 5529, 1788, 561, 235, 63, 16, 8, 6, 0, 1]
(2, (1, 0, 0), (0, 1)): [6273, 335, 283, 72, 30, 7, 6, 1]
(2, (1, 0, 0), (0, 2)): [2262, 89, 77, 15, 10, 1, 1]
(2, (1, 0, 0), (1, 0)): [6500, 536, 390, 147, 39, 11, 7, 1, 0, 0, 0, 0, 1]
(2, (1, 0, 0), (1, 1)): [5209, 328, 271, 80, 24, 3, 4]
(2, (1, 0, 0), (1, 2)): [3261, 158, 118, 42, 11, 2]
(2, (1, 0, 0), (2, 0)): [2180, 207, 139, 70, 17, 5, 4, 0, 0, 0, 0, 0, 1]
(2, (1, 0, 0), (2, 1)): [2647, 169, 148, 51, 20, 6, 2, 0, 0, 0, 0, 0, 1]
(2, (1, 0, 0), (2, 2)): [2462, 143, 116, 37, 13, 5, 1]
(2, (1, 0, 0), (3, 0)): [719, 95, 42, 42, 4, 1, 3]
(2, (1, 0, 0), (3, 1)): [1145, 115, 70, 41, 9, 3, 2, 0, 0, 0, 0, 0, 1]
(2, (1, 0, 0), (3, 2)): [1372, 115, 78, 33, 9, 7, 1, 0, 0, 0, 0, 0, 1]
(2, (1, 0, 1), (0, 0)): [61766, 15269, 6085, 3607, 1156, 397, 147, 44, 19, 6, 0, 2, 1]
(2, (1, 0, 1), (0, 1)): [1094, 225, 95, 63, 20, 1, 2, 1, 0, 0, 0, 1]
(2, (1, 0, 1), (0, 2)): [435, 68, 29, 13, 8]
(2, (1, 0, 1), (1, 0)): [1009, 232, 108, 78, 29, 11, 4]
(2, (1, 0, 1), (1, 1)): [836, 173, 70, 58, 17, 5, 4, 1, 0, 0, 0, 1]
(2, (1, 0, 1), (1, 2)): [572, 84, 33, 24, 9, 2, 1, 1, 0, 0, 0, 1]
(2, (1, 0, 1), (2, 0)): [355, 82, 55, 28, 10, 4, 2]
(2, (1, 0, 1), (2, 1)): [455, 107, 35, 31, 14, 4]
(2, (1, 0, 1), (2, 2)): [403, 66, 24, 17, 9, 3, 1, 1, 0, 0, 0, 1]
(2, (1, 0, 1), (3, 0)): [129, 24, 27, 14, 6, 1, 2]
(2, (1, 0, 1), (3, 1)): [207, 42, 24, 18, 6, 1, 2]
(2, (1, 0, 1), (3, 2)): [241, 48, 24, 9, 8, 3, 2, 1]
(2, (1, 1, 0), (0, 0)): [144538, 22465, 11355, 7519, 2408, 798, 255, 87, 34, 14, 7, 1, 2, 1]
(2, (1, 1, 0), (0, 1)): [2625, 354, 162, 116, 32, 7, 4, 2, 0, 0, 0, 0, 1]
(2, (1, 1, 0), (0, 2)): [1045, 109, 46, 28, 8, 1, 1]
(2, (1, 1, 0), (1, 0)): [2547, 378, 227, 175, 52, 19, 7, 2, 1, 1]
(2, (1, 1, 0), (1, 1)): [2122, 284, 146, 119, 26, 7, 3, 2, 1, 1, 0, 0, 1]
(2, (1, 1, 0), (1, 2)): [1468, 162, 77, 47, 11, 3, 2, 1]
(2, (1, 1, 0), (2, 0)): [895, 146, 100, 71, 26, 12, 3, 1]
(2, (1, 1, 0), (2, 1)): [1144, 145, 100, 77, 21, 11, 3, 1, 1, 1, 0, 0, 1]
(2, (1, 1, 0), (2, 2)): [1095, 132, 69, 63, 13, 4, 4, 1, 1]
(2, (1, 1, 0), (3, 0)): [316, 56, 42, 27, 12, 5, 1]
(2, (1, 1, 0), (3, 1)): [494, 75, 59, 38, 10, 8, 2, 1, 0, 0, 0, 0, 1]
(2, (1, 1, 0), (3, 2)): [615, 81, 54, 42, 13, 3, 3, 1, 1]
(2, (1, 1, 1), (0, 0)): [42102, 6192, 7030, 3517, 2498, 820, 272, 99, 38, 6, 6, 0, 1, 1]
(2, (1, 1, 1), (0, 1)): [894, 85, 124, 60, 44, 8, 5, 2, 1, 0, 0, 0, 1]
(2, (1, 1, 1), (0, 2)): [403, 20, 29, 17, 13, 2, 1, 0, 1]
(2, (1, 1, 1), (1, 0)): [704, 202, 131, 77, 52, 22, 6, 1, 1, 0, 1]
(2, (1, 1, 1), (1, 1)): [675, 100, 112, 56, 38, 6, 3, 0, 0, 0, 1, 0, 1]
(2, (1, 1, 1), (1, 2)): [503, 41, 44, 24, 15, 4, 2, 0, 0, 0, 1]
(2, (1, 1, 1), (2, 0)): [189, 135, 36, 33, 25, 15, 4, 1]
(2, (1, 1, 1), (2, 1)): [291, 91, 64, 29, 30, 8, 4, 0, 0, 0, 0, 0, 1]
(2, (1, 1, 1), (2, 2)): [336, 53, 42, 27, 16, 5, 2, 0, 0, 0, 1]
(2, (1, 1, 1), (3, 0)): [41, 91, 13, 20, 7, 8, 1]
(2, (1, 1, 1), (3, 1)): [93, 95, 24, 22, 21, 6, 4]
(2, (1, 1, 1), (3, 2)): [151, 77, 28, 29, 16, 7, 4, 0, 0, 0, 1]
