(0, (0, 0, 0)): [1195254, 238278, 109971, 50003, 22173, 9512, 3906, 1656, 654, 302, 124, 60, 26, 10, 3, 1, 0, 1]
(0, (0, 0, 1)): [4969, 14809, 4008, 1918, 925, 393, 170, 82, 34, 18, 6, 1, 2, 2]
(0, (0, 1, 0)): [41769, 38404, 15014, 7224, 3457, 1504, 632, 276, 110, 65, 21, 6, 3, 2, 1]
(0, (0, 1, 1)): [3552, 5976, 7126, 3333, 1769, 819, 350, 167, 78, 35, 9, 6, 1, 2, 1, 0, 0, 1]
(0, (1, 0, 0)): [256270, 85219, 53959, 26670, 12669, 5682, 2372, 1036, 428, 198, 84, 38, 18, 4, 2, 1, 0, 1]
(0, (1, 0, 1)): [6117, 18611, 7517, 5212, 2725, 1243, 610, 251, 119, 52, 23, 12, 5, 1, 1, 0, 0, 1]
(0, (1, 1, 0)): [35019, 22426, 16827, 12008, 6356, 3021, 1286, 619, 252, 115, 53, 24, 8, 1]
(0, (1, 1, 1)): [3442, 6489, 5318, 4006, 3153, 1589, 735, 365, 158, 66, 35, 13, 3, 1, 1]
(1, (0, 0, 0)): [967624, 105058, 43163, 17053, 6591, 2520, 973, 369, 138, 57, 24, 14, 6, 3, 0, 1]
(1, (0, 0, 1)): [26242, 37305, 7343, 3119, 1302, 532, 203, 85, 39, 11, 8, 4, 3, 1]
(1, (0, 1, 0)): [129787, 57811, 20792, 8841, 3599, 1405, 481, 231, 61, 34, 19, 7, 8, 2, 1]
(1, (0, 1, 1)): [21109, 17035, 15359, 6122, 3174, 1258, 495, 206, 99, 27, 8, 6, 1, 2, 0, 1]
(1, (1, 0, 0)): [370590, 65555, 42072, 17850, 7189, 2838, 1139, 409, 179, 74, 28, 19, 4, 3, 0, 2]
(1, (1, 0, 1)): [29689, 34968, 11164, 7427, 3134, 1295, 525, 204, 70, 46, 12, 5, 0, 1]
(1, (1, 1, 0)): [101761, 31535, 21106, 14915, 6290, 2605, 1027, 414, 170, 67, 23, 13, 8, 5, 1]
(1, (1, 1, 1)): [20966, 16538, 10640, 6918, 5027, 2146, 873, 326, 135, 51, 19, 15, 6, 3, 1, 1]
(2, (0, 0, 0)): [837841, 37758, 12711, 4073, 1350, 452, 154, 48, 9, 5, 4, 0, 1]
(2, (0, 0, 1)): [76332, 23408, 4666, 1583, 574, 198, 57, 17, 3, 2, 0, 1]
(2, (0, 1, 0)): [204741, 43862, 11730, 4115, 1367, 471, 136, 38, 8, 7, 5, 0, 1]
(2, (0, 1, 1)): [46811, 4016, 10303, 2792, 1093, 344, 128, 43, 17, 4, 3, 1, 0, 1]
(2, (1, 0, 0)): [449609, 32535, 21073, 6696, 2143, 687, 272, 74, 17, 10, 5, 0, 1]
(2, (1, 0, 1)): [76082, 18469, 7259, 4370, 1389, 480, 170, 54, 21, 7, 0, 2, 1]
(2, (1, 1, 0)): [176209, 27252, 13567, 9179, 2983, 979, 312, 103, 39, 17, 6, 1, 2, 1]
(2, (1, 1, 1)): [50842, 7365, 8607, 4256, 3049, 975, 322, 113, 40, 7, 5, 0, 1, 1]
