(0, (0, 0, 0)): [2270612, 464745, 213680, 97781, 43923, 18742, 7836, 3127, 1290, 558, 248, 118, 40, 22, 6, 1, 1, 1]
(0, (0, 0, 1)): [8124, 25310, 6939, 3396, 1636, 716, 308, 124, 52, 31, 18, 4, 4, 3]
(0, (0, 1, 0)): [84364, 79135, 31191, 15456, 7331, 3183, 1382, 568, 241, 121, 44, 18, 7, 6, 3, 0, 1]
(0, (0, 1, 1)): [6645, 11735, 13894, 6480, 3417, 1655, 705, 307, 149, 66, 20, 13, 3, 4, 2, 0, 1, 1]
(0, (1, 0, 0)): [473377, 156111, 102082, 50837, 24396, 10882, 4570, 1928, 821, 356, 171, 69, 25, 17, 4, 1, 1, 1]
(0, (1, 0, 1)): [11052, 33934, 13714, 9868, 5175, 2413, 1132, 462, 228, 96, 49, 20, 9, 3, 2, 0, 0, 1]
(0, (1, 1, 0)): [67943, 42716, 31499, 23051, 12266, 5746, 2470, 1133, 482, 213, 102, 40, 12, 6, 1, 0, 1]
(0, (1, 1, 1)): [6450, 12779, 10234, 7396, 6097, 3045, 1412, 664, 321, 130, 65, 25, 6, 4, 1, 0, 1]
(1, (0, 0, 0)): [1857469, 208080, 85035, 33784, 13279, 5030, 1969, 687, 248, 103, 36, 23, 8, 3, 0, 1]
(1, (0, 0, 1)): [49679, 71171, 14240, 6275, 2547, 1051, 406, 143, 70, 25, 15, 8, 4, 2]
(1, (0, 1, 0)): [250058, 107859, 40067, 17438, 7075, 2812, 993, 433, 131, 64, 32, 10, 10, 2, 1]
(1, (0, 1, 1)): [38696, 32738, 28118, 11480, 5928, 2358, 949, 373, 160, 54, 17, 9, 3, 2, 0, 1]
(1, (1, 0, 0)): [689196, 120884, 80336, 34281, 14021, 5542, 2211, 783, 306, 136, 48, 32, 7, 3, 0, 2]
(1, (1, 0, 1)): [56236, 63654, 20363, 13953, 6051, 2490, 990, 378, 134, 76, 21, 9, 2, 1]
(1, (1, 1, 0)): [194664, 58496, 38862, 28625, 12016, 4974, 1949, 778, 298, 125, 47, 25, 10, 5, 1]
(1, (1, 1, 1)): [39799, 31875, 19852, 12904, 9917, 4217, 1725, 651, 264, 95, 31, 22, 9, 4, 1, 1]
(2, (0, 0, 0)): [1622327, 77116, 25618, 8184, 2736, 859, 298, 99, 20, 8, 5, 0, 1]
(2, (0, 0, 1)): [151886, 43894, 9375, 3231, 1138, 397, 110, 36, 9, 6, 0, 2]
(2, (0, 1, 0)): [400698, 82225, 23209, 8328, 2810, 904, 280, 81, 21, 13, 7, 0, 1]
(2, (0, 1, 1)): [92710, 7716, 19169, 5608, 2213, 733, 241, 78, 24, 7, 5, 1, 0, 1]
(2, (1, 0, 0)): [833944, 60330, 40961, 13052, 4314, 1360, 525, 152, 38, 15, 7, 1, 1]
(2, (1, 0, 1)): [147924, 34238, 13535, 8697, 2875, 938, 317, 90, 32, 11, 2, 4, 2]
(2, (1, 1, 0)): [330455, 49502, 25004, 17746, 5773, 1834, 628, 211, 65, 28, 10, 3, 2, 1]
(2, (1, 1, 1)): [97970, 14228, 16169, 8115, 6179, 1924, 648, 220, 75, 17, 10, 4, 1, 1]
