(0, (0, 0, 0)): [1708995, 346019, 158846, 72232, 32234, 13708, 5658, 2310, 935, 410, 166, 88, 32, 17, 4, 1, 1, 1]
(0, (0, 0, 1)): [6723, 20417, 5606, 2661, 1301, 552, 241, 103, 39, 22, 9, 3, 4, 3]
(0, (0, 1, 0)): [61621, 57858, 22607, 11010, 5268, 2267, 955, 404, 171, 95, 31, 9, 4, 6, 2, 0, 1]
(0, (0, 1, 1)): [5025, 8754, 10386, 4829, 2524, 1213, 509, 229, 115, 47, 11, 10, 2, 2, 2, 0, 1, 1]
(0, (1, 0, 0)): [361989, 121393, 77260, 38209, 18192, 8139, 3387, 1433, 603, 266, 117, 54, 21, 11, 3, 1, 1, 1]
(0, (1, 0, 1)): [8595, 26424, 10722, 7504, 3930, 1818, 858, 333, 169, 63, 35, 16, 6, 2, 2, 0, 0, 1]
(0, (1, 1, 0)): [50327, 32126, 24032, 17246, 9155, 4280, 1808, 857, 350, 161, 74, 30, 10, 4, 0, 0, 1]
(0, (1, 1, 1)): [4761, 9292, 7625, 5608, 4488, 2230, 1020, 492, 223, 96, 51, 17, 5, 3, 1, 0, 1]
(1, (0, 0, 0)): [1390954, 153354, 62689, 24808, 9647, 3628, 1418, 512, 183, 74, 28, 20, 7, 3, 0, 1]
(1, (0, 0, 1)): [38053, 54756, 10815, 4654, 1915, 796, 292, 115, 52, 22, 12, 6, 4, 2]
(1, (0, 1, 0)): [189105, 83259, 30231, 13043, 5266, 2066, 710, 328, 99, 47, 26, 9, 9, 2, 1]
(1, (0, 1, 1)): [29764, 24763, 21773, 8712, 4499, 1772, 690, 285, 125, 41, 11, 7, 2, 2, 0, 1]
(1, (1, 0, 0)): [524319, 93411, 60228, 25579, 10353, 4077, 1631, 570, 234, 99, 34, 28, 5, 3, 0, 2]
(1, (1, 0, 1)): [42515, 49347, 15837, 10582, 4551, 1867, 738, 279, 93, 60, 15, 7, 0, 1]
(1, (1, 1, 0)): [145382, 44649, 29709, 21350, 8952, 3692, 1437, 578, 236, 91, 34, 20, 9, 5, 1]
(1, (1, 1, 1)): [29558, 23686, 15052, 9707, 7204, 3065, 1245, 465, 200, 71, 24, 18, 9, 4, 1, 1]
(2, (0, 0, 0)): [1210636, 55751, 18636, 5909, 1987, 636, 215, 70, 12, 7, 5, 0, 1]
(2, (0, 0, 1)): [113429, 34056, 6981, 2366, 832, 285, 85, 28, 7, 2, 0, 1]
(2, (0, 1, 0)): [299721, 62952, 17183, 6067, 2011, 665, 200, 62, 16, 10, 6, 0, 1]
(2, (0, 1, 1)): [68686, 5873, 14737, 4078, 1611, 521, 180, 58, 21, 5, 4, 1, 0, 1]
(2, (1, 0, 0)): [635487, 46092, 30352, 9613, 3130, 998, 390, 108, 21, 13, 7, 1, 1]
(2, (1, 0, 1)): [110715, 26448, 10433, 6368, 2083, 697, 231, 76, 26, 8, 1, 3, 1]
(2, (1, 1, 0)): [249172, 38054, 19088, 13121, 4254, 1362, 461, 152, 48, 22, 8, 2, 2, 1]
(2, (1, 1, 1)): [72449, 10564, 12130, 6015, 4421, 1396, 467, 157, 51, 9, 9, 3, 1, 1]
