(0, (0, 0, 0), (0, 0)): [22852, 3953, 1697, 782, 300, 141, 53, 22, 4, 3, 1, 1]
(0, (0, 0, 0), (0, 1)): [50, 5, 3, 1, 2]
(0, (0, 0, 0), (0, 2)): [21, 1, 1]
(0, (0, 0, 0), (1, 0)): [60, 7, 2, 4, 0, 1]
(0, (0, 0, 0), (1, 1)): [44, 3, 1, 4, 2, 1]
(0, (0, 0, 0), (1, 2)): [37, 1, 0, 1, 1, 1]
(0, (0, 0, 0), (2, 0)): [19, 4, 0, 1]
(0, (0, 0, 0), (2, 1)): [25, 4, 1, 3]
(0, (0, 0, 0), (2, 2)): [39, 3, 0, 2, 1, 1]
(0, (0, 0, 0), (3, 0)): [4, 2]
(0, (0, 0, 0), (3, 1)): [9, 3, 1, 1]
(0, (0, 0, 0), (3, 2)): [20, 3, 1, 1, 0, 1]
(0, (0, 0, 1), (0, 0)): [105, 215, 61, 30, 8, 6, 2]
(0, (0, 0, 1), (1, 0)): [0, 1]
(0, (0, 0, 1), (2, 0)): [0, 1]
(0, (0, 0, 1), (2, 1)): [0, 1]
(0, (0, 0, 1), (3, 1)): [0, 1]
(0, (0, 0, 1), (3, 2)): [0, 1]
(0, (0, 1, 0), (0, 0)): [745, 675, 254, 108, 56, 25, 11, 3, 2, 1]
(0, (0, 1, 0), (0, 1)): [1, 2, 2]
(0, (0, 1, 0), (0, 2)): [1, 0, 2]
(0, (0, 1, 0), (1, 0)): [3, 0, 0, 1, 1]
(0, (0, 1, 0), (1, 1)): [1, 1, 0, 0, 1]
(0, (0, 1, 0), (1, 2)): [2, 0, 1, 0, 1]
(0, (0, 1, 0), (2, 0)): [1, 0, 0, 1]
(0, (0, 1, 0), (2, 2)): [2]
(0, (0, 1, 0), (3, 0)): [0, 0, 0, 1]
(0, (0, 1, 0), (3, 1)): [0, 0, 0, 1]
(0, (0, 1, 1), (0, 0)): [61, 92, 103, 46, 31, 12, 8, 4, 0, 1]
(0, (0, 1, 1), (1, 0)): [0, 1]
(0, (0, 1, 1), (2, 0)): [0, 1]
(0, (1, 0, 0), (0, 0)): [4563, 1286, 790, 386, 157, 89, 30, 17, 3, 3, 1, 1]
(0, (1, 0, 0), (0, 1)): [8, 2, 2, 2, 1]
(0, (1, 0, 0), (0, 2)): [3, 1, 0, 2]
(0, (1, 0, 0), (1, 0)): [8, 3, 0, 3, 0, 1]
(0, (1, 0, 0), (1, 1)): [3, 2, 2, 2, 0, 1]
(0, (1, 0, 0), (1, 2)): [3, 2, 2, 2]
(0, (1, 0, 0), (2, 0)): [5, 1]
(0, (1, 0, 0), (2, 1)): [3, 1, 0, 0, 0, 1]
(0, (1, 0, 0), (2, 2)): [1, 1, 1, 1, 0, 1]
(0, (1, 0, 0), (3, 0)): [1]
(0, (1, 0, 0), (3, 1)): [1]
(0, (1, 0, 0), (3, 2)): [1, 0, 0, 0, 0, 1]
(0, (1, 0, 1), (0, 0)): [137, 274, 111, 91, 45, 19, 12, 3, 2, 0, 0, 1]
(0, (1, 0, 1), (0, 1)): [0, 0, 0, 0, 1]
(0, (1, 1, 0), (0, 0)): [621, 323, 233, 166, 88, 48, 14, 6, 3, 3, 1]
(0, (1, 1, 0), (0, 1)): [2, 0, 0, 0, 1]
(0, (1, 1, 0), (0, 2)): [1, 0, 0, 0, 1]
(0, (1, 1, 0), (1, 0)): [1, 1, 0, 2]
(0, (1, 1, 0), (1, 1)): [1]
(0, (1, 1, 0), (1, 2)): [1]
(0, (1, 1, 0), (2, 0)): [0, 1, 0, 2]
(0, (1, 1, 0), (2, 1)): [0, 1, 0, 2]
(0, (1, 1, 0), (2, 2)): [0, 1, 0, 1]
(0, (1, 1, 0), (3, 2)): [0, 1]
(0, (1, 1, 1), (0, 0)): [70, 82, 69, 49, 31, 21, 10, 5, 3, 1]
(0, (1, 1, 1), (1, 0)): [0, 0, 0, 1]
(0, (1, 1, 1), (1, 1)): [0, 0, 0, 1]
(0, (1, 1, 1), (1, 2)): [0, 0, 0, 1]
(1, (0, 0, 0), (0, 0)): [18812, 1770, 666, 306, 98, 39, 13, 4]
(1, (0, 0, 0), (0, 1)): [33, 4, 1, 1]
(1, (0, 0, 0), (0, 2)): [14, 1, 1]
(1, (0, 0, 0), (1, 0)): [52, 3, 1, 1]
(1, (0, 0, 0), (1, 1)): [26, 3]
(1, (0, 0, 0), (1, 2)): [27, 3]
(1, (0, 0, 0), (2, 0)): [24, 1]
(1, (0, 0, 0), (2, 1)): [23, 1]
(1, (0, 0, 0), (2, 2)): [26, 2]
(1, (0, 0, 0), (3, 0)): [6, 1]
(1, (0, 0, 0), (3, 1)): [10, 1]
(1, (0, 0, 0), (3, 2)): [11, 2]
(1, (0, 0, 1), (0, 0)): [453, 561, 119, 50, 15, 5, 2]
(1, (0, 0, 1), (0, 1)): [3, 1, 1]
(1, (0, 0, 1), (0, 2)): [1, 1, 1]
(1, (0, 0, 1), (1, 0)): [3, 2]
(1, (0, 0, 1), (1, 1)): [4, 1]
(1, (0, 0, 1), (1, 2)): [3, 2, 1]
(1, (0, 0, 1), (2, 0)): [1, 1]
(1, (0, 0, 1), (2, 2)): [1, 0, 1]
(1, (0, 0, 1), (3, 0)): [0, 1]
(1, (0, 0, 1), (3, 1)): [0, 1]
(1, (0, 0, 1), (3, 2)): [0, 1, 1]
(1, (0, 1, 0), (0, 0)): [2304, 910, 315, 134, 42, 29, 7, 3]
(1, (0, 1, 0), (0, 1)): [10, 1, 2, 0, 1]
(1, (0, 1, 0), (0, 2)): [2, 0, 0, 0, 1]
(1, (0, 1, 0), (1, 0)): [14, 3, 0, 0, 1]
(1, (0, 1, 0), (1, 1)): [8, 3, 1]
(1, (0, 1, 0), (1, 2)): [4, 2, 0, 0, 1]
(1, (0, 1, 0), (2, 0)): [8, 0, 0, 0, 1]
(1, (0, 1, 0), (2, 1)): [7]
(1, (0, 1, 0), (2, 2)): [4, 2]
(1, (0, 1, 0), (3, 0)): [6, 0, 0, 0, 1]
(1, (0, 1, 0), (3, 1)): [4, 0, 0, 0, 1]
(1, (0, 1, 0), (3, 2)): [4, 0, 0, 0, 1]
(1, (0, 1, 1), (0, 0)): [369, 231, 217, 87, 40, 21, 6, 1]
(1, (0, 1, 1), (0, 1)): [2, 0, 1]
(1, (0, 1, 1), (0, 2)): [1, 0, 1]
(1, (0, 1, 1), (1, 0)): [0, 3, 2]
(1, (0, 1, 1), (1, 1)): [1]
(1, (0, 1, 1), (1, 2)): [0, 0, 1]
(1, (0, 1, 1), (2, 0)): [0, 2, 2]
(1, (0, 1, 1), (2, 1)): [1, 0, 1]
(1, (0, 1, 1), (2, 2)): [1, 0, 1]
(1, (0, 1, 1), (3, 0)): [0, 2, 1]
(1, (0, 1, 1), (3, 2)): [0, 0, 1]
(1, (1, 0, 0), (0, 0)): [6462, 986, 639, 256, 97, 37, 11, 7, 1]
(1, (1, 0, 0), (0, 1)): [22, 0, 0, 3]
(1, (1, 0, 0), (0, 2)): [8, 0, 0, 1]
(1, (1, 0, 0), (1, 0)): [11, 3, 1, 0, 1]
(1, (1, 0, 0), (1, 1)): [12, 2, 0, 1, 1]
(1, (1, 0, 0), (1, 2)): [8, 0, 0, 1, 1]
(1, (1, 0, 0), (2, 0)): [5, 0, 1]
(1, (1, 0, 0), (2, 1)): [6, 0, 1]
(1, (1, 0, 0), (2, 2)): [6, 0, 1, 0, 1]
(1, (1, 0, 0), (3, 0)): [1]
(1, (1, 0, 0), (3, 1)): [2]
(1, (1, 0, 0), (3, 2)): [2]
(1, (1, 0, 1), (0, 0)): [608, 568, 180, 106, 57, 20, 7, 1]
(1, (1, 0, 1), (0, 1)): [0, 6, 2, 1]
(1, (1, 0, 1), (0, 2)): [0, 1, 2]
(1, (1, 0, 1), (1, 0)): [2, 2, 2]
(1, (1, 0, 1), (1, 1)): [0, 3, 1, 1]
(1, (1, 0, 1), (1, 2)): [0, 2, 2]
(1, (1, 0, 1), (2, 0)): [1, 2, 1]
(1, (1, 0, 1), (2, 1)): [0, 3, 1]
(1, (1, 0, 1), (2, 2)): [0, 1, 2]
(1, (1, 0, 1), (3, 0)): [0, 1]
(1, (1, 0, 1), (3, 1)): [0, 1]
(1, (1, 0, 1), (3, 2)): [0, 1, 1]
(1, (1, 1, 0), (0, 0)): [1764, 471, 289, 202, 82, 35, 10, 6, 1]
(1, (1, 1, 0), (0, 1)): [6, 2, 1]
(1, (1, 1, 0), (0, 2)): [2, 2]
(1, (1, 1, 0), (1, 0)): [6, 1, 3, 3, 2]
(1, (1, 1, 0), (1, 1)): [8, 0, 2, 0, 1]
(1, (1, 1, 0), (1, 2)): [6, 1, 1]
(1, (1, 1, 0), (2, 0)): [1, 0, 0, 2, 1]
(1, (1, 1, 0), (2, 1)): [1, 0, 1, 1]
(1, (1, 1, 0), (2, 2)): [4, 0, 1]
(1, (1, 1, 0), (3, 0)): [1, 0, 0, 1, 1]
(1, (1, 1, 0), (3, 1)): [2, 0, 0, 1, 1]
(1, (1, 1, 0), (3, 2)): [3, 0, 1, 1]
(1, (1, 1, 1), (0, 0)): [393, 199, 140, 101, 60, 20, 9, 3, 2]
(1, (1, 1, 1), (0, 1)): [0, 3, 1, 1, 1]
(1, (1, 1, 1), (0, 2)): [0, 1, 1]
(1, (1, 1, 1), (1, 0)): [1, 0, 1, 1]
(1, (1, 1, 1), (1, 1)): [1, 2, 1, 1, 1]
(1, (1, 1, 1), (1, 2)): [1, 2, 1, 1, 1]
(1, (1, 1, 1), (2, 0)): [0, 0, 0, 1]
(1, (1, 1, 1), (2, 1)): [0, 0, 0, 1]
(1, (1, 1, 1), (2, 2)): [1, 0, 1, 2]
(1, (1, 1, 1), (3, 2)): [0, 0, 1, 2]
(2, (0, 0, 0), (0, 0)): [16382, 667, 200, 88, 19, 3, 2]
(2, (0, 0, 0), (0, 1)): [34, 1]
(2, (0, 0, 0), (0, 2)): [12, 1]
(2, (0, 0, 0), (1, 0)): [32, 1, 1]
(2, (0, 0, 0), (1, 1)): [25, 1]
(2, (0, 0, 0), (1, 2)): [18, 2]
(2, (0, 0, 0), (2, 0)): [8, 0, 1]
(2, (0, 0, 0), (2, 1)): [13]
(2, (0, 0, 0), (2, 2)): [16]
(2, (0, 0, 0), (3, 0)): [0, 0, 1]
(2, (0, 0, 0), (3, 1)): [2]
(2, (0, 0, 0), (3, 2)): [8]
(2, (0, 0, 1), (0, 0)): [1247, 363, 88, 27, 9, 2]
(2, (0, 0, 1), (0, 1)): [4, 1]
(2, (0, 0, 1), (0, 2)): [1, 1]
(2, (0, 0, 1), (1, 0)): [7, 4]
(2, (0, 0, 1), (1, 1)): [4, 2]
(2, (0, 0, 1), (1, 2)): [2]
(2, (0, 0, 1), (2, 0)): [6, 1]
(2, (0, 0, 1), (2, 1)): [4, 3]
(2, (0, 0, 1), (2, 2)): [2, 1]
(2, (0, 0, 1), (3, 0)): [3]
(2, (0, 0, 1), (3, 1)): [1, 2]
(2, (0, 0, 1), (3, 2)): [0, 1]
(2, (0, 1, 0), (0, 0)): [3494, 691, 194, 73, 18, 13, 2, 1]
(2, (0, 1, 0), (0, 1)): [7, 3, 1]
(2, (0, 1, 0), (0, 2)): [4, 2, 1]
(2, (0, 1, 0), (1, 0)): [20, 1, 0, 1]
(2, (0, 1, 0), (1, 1)): [12, 0, 0, 1]
(2, (0, 1, 0), (1, 2)): [6, 1]
(2, (0, 1, 0), (2, 0)): [8]
(2, (0, 1, 0), (2, 1)): [6, 0, 0, 1]
(2, (0, 1, 0), (2, 2)): [5]
(2, (0, 1, 0), (3, 0)): [6]
(2, (0, 1, 0), (3, 1)): [3]
(2, (0, 1, 0), (3, 2)): [4]
(2, (0, 1, 1), (0, 0)): [790, 62, 154, 50, 17, 6, 3, 1]
(2, (0, 1, 1), (1, 0)): [3]
(2, (0, 1, 1), (1, 1)): [1]
(2, (0, 1, 1), (2, 0)): [2]
(2, (0, 1, 1), (2, 1)): [2]
(2, (0, 1, 1), (2, 2)): [1]
(2, (0, 1, 1), (3, 0)): [1]
(2, (0, 1, 1), (3, 2)): [1]
(2, (1, 0, 0), (0, 0)): [7883, 503, 323, 127, 31, 7, 4]
(2, (1, 0, 0), (0, 1)): [17, 1, 1]
(2, (1, 0, 0), (0, 2)): [6, 1, 1]
(2, (1, 0, 0), (1, 0)): [21, 0, 1, 1]
(2, (1, 0, 0), (1, 1)): [19, 0, 0, 1]
(2, (1, 0, 0), (1, 2)): [13, 1]
(2, (1, 0, 0), (2, 0)): [6]
(2, (1, 0, 0), (2, 1)): [7, 0, 0, 1]
(2, (1, 0, 0), (2, 2)): [7]
(2, (1, 0, 0), (3, 0)): [3]
(2, (1, 0, 0), (3, 1)): [4]
(2, (1, 0, 0), (3, 2)): [5]
(2, (1, 0, 1), (0, 0)): [1372, 295, 110, 66, 24, 6, 1]
(2, (1, 0, 1), (0, 1)): [5, 2, 1]
(2, (1, 0, 1), (0, 2)): [3, 1]
(2, (1, 0, 1), (1, 0)): [8, 2]
(2, (1, 0, 1), (1, 1)): [5, 3]
(2, (1, 0, 1), (1, 2)): [2, 2]
(2, (1, 0, 1), (2, 0)): [3]
(2, (1, 0, 1), (2, 1)): [5]
(2, (1, 0, 1), (2, 2)): [4, 2]
(2, (1, 0, 1), (3, 1)): [1]
(2, (1, 0, 1), (3, 2)): [3, 1]
(2, (1, 1, 0), (0, 0)): [2967, 397, 202, 168, 51, 15, 5, 1]
(2, (1, 1, 0), (0, 1)): [19, 0, 2]
(2, (1, 1, 0), (0, 2)): [9]
(2, (1, 1, 0), (1, 0)): [8, 1, 0, 1]
(2, (1, 1, 0), (1, 1)): [6, 0, 1]
(2, (1, 1, 0), (1, 2)): [9, 0, 1]
(2, (1, 1, 0), (2, 0)): [7, 1, 0, 1]
(2, (1, 1, 0), (2, 1)): [4, 1, 0, 1]
(2, (1, 1, 0), (2, 2)): [5, 1, 0, 1]
(2, (1, 1, 0), (3, 0)): [2]
(2, (1, 1, 0), (3, 1)): [2]
(2, (1, 1, 0), (3, 2)): [3, 0, 0, 1]
(2, (1, 1, 1), (0, 0)): [876, 100, 141, 67, 45, 10, 3]
(2, (1, 1, 1), (0, 1)): [4, 0, 1]
(2, (1, 1, 1), (0, 2)): [1]
(2, (1, 1, 1), (1, 0)): [5, 1, 0, 1]
(2, (1, 1, 1), (1, 1)): [6, 0, 1]
(2, (1, 1, 1), (1, 2)): [4]
(2, (1, 1, 1), (2, 0)): [1, 1]
(2, (1, 1, 1), (2, 1)): [2, 0, 1]
(2, (1, 1, 1), (2, 2)): [4, 0, 1]
(2, (1, 1, 1), (3, 2)): [1]
