(0, (0, 0, 0)): [1005609, 199726, 92705, 42363, 18929, 8140, 3375, 1420, 566, 266, 107, 53, 25, 8, 3, 1, 0, 1]
(0, (0, 0, 1)): [4183, 12456, 3368, 1628, 790, 338, 144, 73, 32, 17, 4, 1, 2, 1]
(0, (0, 1, 0)): [33912, 31282, 12237, 5838, 2850, 1251, 524, 223, 93, 55, 16, 5, 3, 2, 1]
(0, (0, 1, 1)): [3009, 4971, 6032, 2829, 1517, 691, 304, 150, 67, 28, 9, 6, 1, 2, 1, 0, 0, 1]
(0, (1, 0, 0)): [217074, 71635, 45688, 22633, 10843, 4870, 2077, 896, 374, 171, 73, 34, 16, 4, 2, 1, 0, 1]
(0, (1, 0, 1)): [5152, 15688, 6340, 4401, 2345, 1070, 526, 219, 100, 47, 21, 11, 5, 1, 1, 0, 0, 1]
(0, (1, 1, 0)): [29649, 18902, 14396, 10291, 5439, 2607, 1137, 539, 215, 95, 43, 21, 7, 1]
(0, (1, 1, 1)): [2938, 5496, 4568, 3459, 2738, 1375, 649, 321, 136, 58, 31, 12, 2, 1, 1]
(1, (0, 0, 0)): [811113, 87894, 36214, 14419, 5636, 2137, 826, 319, 120, 49, 22, 13, 6, 2, 0, 1]
(1, (0, 0, 1)): [21820, 31102, 6141, 2606, 1095, 464, 172, 69, 34, 10, 6, 4, 3, 1]
(1, (0, 1, 0)): [107025, 48318, 17340, 7333, 3004, 1164, 405, 196, 53, 31, 17, 7, 7, 2, 1]
(1, (0, 1, 1)): [17933, 14340, 13175, 5255, 2732, 1078, 436, 181, 85, 22, 7, 5, 1, 2, 0, 1]
(1, (1, 0, 0)): [314759, 55495, 35607, 15261, 6204, 2455, 968, 358, 158, 67, 26, 18, 4, 2, 0, 2]
(1, (1, 0, 1)): [25041, 29635, 9531, 6296, 2678, 1114, 433, 173, 59, 42, 12, 4, 0, 1]
(1, (1, 1, 0)): [86067, 26766, 18019, 12730, 5407, 2261, 882, 360, 142, 58, 21, 13, 7, 4, 1]
(1, (1, 1, 1)): [17932, 14021, 9083, 5964, 4315, 1846, 746, 280, 114, 43, 17, 14, 6, 2, 1, 1]
(2, (0, 0, 0)): [700679, 31547, 10683, 3440, 1158, 377, 135, 40, 8, 3, 4, 0, 1]
(2, (0, 0, 1)): [63521, 19745, 3884, 1342, 483, 174, 46, 13, 3, 2, 0, 1]
(2, (0, 1, 0)): [170136, 36994, 9801, 3482, 1143, 386, 113, 30, 7, 6, 5, 0, 1]
(2, (0, 1, 1)): [39699, 3428, 8845, 2401, 944, 301, 112, 37, 16, 4, 3, 1, 0, 1]
(2, (1, 0, 0)): [382549, 27582, 17854, 5696, 1858, 586, 238, 63, 16, 8, 5, 0, 1]
(2, (1, 0, 1)): [63916, 15636, 6186, 3712, 1187, 408, 147, 48, 19, 6, 0, 2, 1]
(2, (1, 1, 0)): [149436, 23231, 11680, 7800, 2521, 834, 263, 89, 35, 16, 6, 1, 2, 1]
(2, (1, 1, 1)): [43431, 6346, 7299, 3650, 2602, 841, 272, 98, 37, 6, 5, 0, 1, 1]
