(0, (0, 0, 0), (0, 0)): [1558577, 313404, 143700, 65111, 28888, 12283, 5046, 2071, 840, 373, 154, 71, 31, 13, 4, 1, 0, 1]
(0, (0, 0, 0), (0, 1)): [106495, 19925, 8926, 4010, 1667, 714, 284, 101, 46, 21, 9, 1, 2, 2, 0, 1]
(0, (0, 0, 0), (0, 2)): [39717, 6563, 2874, 1244, 537, 217, 93, 35, 18, 6, 2, 0, 1]
(0, (0, 0, 0), (1, 0)): [98330, 21559, 10070, 4628, 2147, 845, 373, 146, 63, 19, 10, 3, 0, 2, 1]
(0, (0, 0, 0), (1, 1)): [92151, 18233, 8427, 3817, 1634, 681, 291, 98, 44, 12, 12, 2, 1, 2, 0, 1]
(0, (0, 0, 0), (1, 2)): [61478, 10679, 4777, 2056, 940, 385, 154, 55, 28, 10, 3, 1, 2]
(0, (0, 0, 0), (2, 0)): [31984, 7796, 3801, 1823, 876, 322, 147, 69, 26, 10, 5, 2, 0, 1, 1]
(0, (0, 0, 0), (2, 1)): [48289, 10444, 5092, 2373, 1072, 418, 194, 88, 30, 7, 8, 2, 0, 1]
(0, (0, 0, 0), (2, 2)): [48805, 9182, 4325, 1961, 872, 342, 136, 50, 31, 10, 2, 1, 2]
(0, (0, 0, 0), (3, 0)): [9662, 2766, 1495, 769, 359, 139, 65, 22, 11, 5, 2, 0, 0, 1, 1]
(0, (0, 0, 0), (3, 1)): [18640, 4888, 2517, 1244, 577, 225, 107, 49, 19, 5, 3, 2, 0, 1, 1]
(0, (0, 0, 0), (3, 2)): [25955, 5782, 3049, 1380, 661, 270, 106, 42, 22, 9, 2, 2, 2, 0, 1]
(0, (0, 0, 1), (0, 0)): [6204, 18783, 5133, 2429, 1182, 488, 219, 97, 38, 21, 9, 3, 3, 2]
(0, (0, 0, 1), (0, 1)): [328, 971, 278, 116, 57, 20, 7, 5, 2, 1, 1, 0, 0, 1]
(0, (0, 0, 1), (0, 2)): [138, 377, 95, 42, 21, 7, 1, 1, 2]
(0, (0, 0, 1), (1, 0)): [344, 1143, 329, 167, 80, 34, 13, 8, 1, 1, 2]
(0, (0, 0, 1), (1, 1)): [307, 893, 255, 113, 57, 24, 9, 6, 0, 1, 2, 0, 0, 1]
(0, (0, 0, 1), (1, 2)): [234, 593, 154, 63, 30, 13, 2, 5, 2, 1, 1]
(0, (0, 0, 1), (2, 0)): [133, 454, 135, 80, 30, 15, 3, 4, 1, 1]
(0, (0, 0, 1), (2, 1)): [176, 519, 173, 85, 43, 15, 7, 3, 0, 1, 1]
(0, (0, 0, 1), (2, 2)): [206, 533, 153, 65, 38, 12, 2, 0, 1, 1, 1]
(0, (0, 0, 1), (3, 0)): [36, 150, 45, 34, 10, 7, 3, 1, 1]
(0, (0, 0, 1), (3, 1)): [73, 228, 75, 55, 21, 9, 3, 3]
(0, (0, 0, 1), (3, 2)): [116, 305, 87, 54, 31, 9, 0, 1, 1, 1, 1]
(0, (0, 1, 0), (0, 0)): [55832, 52187, 20407, 9820, 4662, 2021, 855, 360, 151, 83, 27, 7, 3, 3, 2]
(0, (0, 1, 0), (0, 1)): [3842, 3522, 1345, 598, 271, 129, 60, 22, 8, 5]
(0, (0, 1, 0), (0, 2)): [1534, 1181, 442, 180, 86, 44, 29, 6, 4, 1]
(0, (0, 1, 0), (1, 0)): [3837, 3759, 1554, 776, 338, 163, 51, 27, 10, 3, 2, 1, 0, 1, 1]
(0, (0, 1, 0), (1, 1)): [3382, 3098, 1253, 590, 249, 114, 43, 23, 2, 3]
(0, (0, 1, 0), (1, 2)): [2313, 1851, 732, 337, 143, 69, 29, 16, 1, 2]
(0, (0, 1, 0), (2, 0)): [1427, 1367, 568, 311, 124, 76, 18, 12, 6, 2, 1, 1, 0, 1]
(0, (0, 1, 0), (2, 1)): [1866, 1723, 734, 339, 143, 80, 27, 13, 2, 3, 1, 0, 0, 1]
(0, (0, 1, 0), (2, 2)): [1994, 1520, 689, 291, 124, 59, 30, 11, 3, 1, 1]
(0, (0, 1, 0), (3, 0)): [501, 395, 188, 137, 53, 35, 11, 8, 5, 0, 0, 1]
(0, (0, 1, 0), (3, 1)): [810, 691, 325, 202, 82, 45, 12, 10, 0, 1, 0, 1, 0, 1]
(0, (0, 1, 0), (3, 2)): [1153, 896, 446, 210, 96, 40, 25, 6, 2, 2, 1]
(0, (0, 1, 1), (0, 0)): [4582, 7862, 9341, 4338, 2274, 1096, 453, 203, 103, 42, 10, 8, 2, 2, 1, 0, 0, 1]
(0, (0, 1, 1), (0, 1)): [312, 456, 564, 245, 129, 66, 29, 10, 1, 2, 1, 1]
(0, (0, 1, 1), (0, 2)): [150, 164, 204, 89, 42, 22, 14, 4, 1, 1, 0, 1]
(0, (0, 1, 1), (1, 0)): [305, 621, 711, 347, 175, 89, 29, 13, 13, 2, 0, 2]
(0, (0, 1, 1), (1, 1)): [256, 462, 526, 240, 128, 54, 21, 10, 3, 1, 1]
(0, (0, 1, 1), (1, 2)): [203, 271, 300, 132, 79, 39, 17, 4, 2, 1, 0, 1]
(0, (0, 1, 1), (2, 0)): [138, 279, 291, 160, 88, 58, 13, 6, 7, 2, 0, 1]
(0, (0, 1, 1), (2, 1)): [133, 274, 321, 155, 67, 30, 11, 10, 6, 2]
(0, (0, 1, 1), (2, 2)): [164, 248, 258, 125, 57, 32, 13, 7, 4, 1, 0, 1]
(0, (0, 1, 1), (3, 0)): [77, 128, 125, 74, 59, 36, 6, 2, 2, 1, 0, 1]
(0, (0, 1, 1), (3, 1)): [55, 117, 128, 65, 49, 15, 6, 3, 3, 1]
(0, (0, 1, 1), (3, 2)): [89, 140, 159, 82, 45, 25, 8, 6, 6]
(0, (1, 0, 0), (0, 0)): [330478, 110689, 70042, 34547, 16367, 7306, 3034, 1289, 540, 246, 108, 44, 21, 7, 3, 1, 0, 1]
(0, (1, 0, 0), (0, 1)): [20696, 6363, 4039, 1903, 909, 402, 149, 74, 30, 5, 2, 1]
(0, (1, 0, 0), (0, 2)): [7517, 2043, 1331, 576, 289, 113, 57, 15, 11, 1, 1]
(0, (1, 0, 0), (1, 0)): [18971, 6901, 4568, 2309, 1125, 490, 214, 80, 34, 22, 12, 1, 0, 3, 1]
(0, (1, 0, 0), (1, 1)): [15938, 5191, 3355, 1655, 760, 363, 136, 61, 23, 10, 6]
(0, (1, 0, 0), (1, 2)): [10027, 2877, 1863, 889, 429, 178, 84, 32, 13, 6]
(0, (1, 0, 0), (2, 0)): [5868, 2316, 1584, 888, 450, 189, 87, 33, 12, 10, 7, 0, 0, 3]
(0, (1, 0, 0), (2, 1)): [7776, 2684, 1809, 959, 449, 211, 78, 33, 13, 9, 5, 0, 0, 3]
(0, (1, 0, 0), (2, 2)): [7195, 2222, 1478, 694, 346, 141, 70, 30, 13, 8, 2, 0, 0, 2]
(0, (1, 0, 0), (3, 0)): [1531, 725, 540, 353, 189, 76, 40, 16, 6, 4, 3]
(0, (1, 0, 0), (3, 1)): [2745, 1130, 785, 508, 253, 105, 36, 16, 8, 6, 4, 0, 0, 1]
(0, (1, 0, 0), (3, 2)): [3403, 1248, 854, 467, 241, 93, 40, 22, 10, 6, 2, 0, 0, 1]
(0, (1, 0, 1), (0, 0)): [7859, 24231, 9786, 6790, 3548, 1619, 770, 307, 153, 61, 32, 14, 5, 1, 2, 0, 0, 1]
(0, (1, 0, 1), (0, 1)): [487, 1455, 570, 386, 197, 91, 42, 10, 9, 2, 1, 0, 1]
(0, (1, 0, 1), (0, 2)): [217, 514, 204, 132, 58, 33, 13, 3, 4, 1]
(0, (1, 0, 1), (1, 0)): [439, 1564, 623, 441, 228, 114, 38, 16, 11, 3, 4, 0, 0, 0, 1]
(0, (1, 0, 1), (1, 1)): [384, 1134, 454, 318, 170, 63, 27, 12, 8, 0, 3]
(0, (1, 0, 1), (1, 2)): [305, 652, 269, 173, 98, 32, 15, 4, 4, 1]
(0, (1, 0, 1), (2, 0)): [159, 547, 219, 153, 93, 58, 17, 6, 2, 2, 1]
(0, (1, 0, 1), (2, 1)): [177, 599, 251, 168, 88, 50, 17, 6, 8, 0, 2]
(0, (1, 0, 1), (2, 2)): [230, 523, 206, 133, 74, 31, 16, 7, 3, 1, 2]
(0, (1, 0, 1), (3, 0)): [54, 169, 76, 45, 35, 23, 5, 4, 0, 1, 1]
(0, (1, 0, 1), (3, 1)): [59, 204, 87, 74, 60, 27, 4, 2, 2, 1]
(0, (1, 0, 1), (3, 2)): [104, 232, 123, 81, 63, 27, 7, 5, 5, 2, 2]
(0, (1, 1, 0), (0, 0)): [45667, 29129, 21684, 15497, 8224, 3857, 1639, 769, 319, 145, 66, 24, 10, 4]
(0, (1, 1, 0), (0, 1)): [3116, 1747, 1213, 864, 515, 209, 91, 43, 12, 8, 4]
(0, (1, 1, 0), (0, 2)): [1266, 602, 405, 274, 167, 69, 33, 16, 4, 3, 1]
(0, (1, 1, 0), (1, 0)): [2529, 1655, 1285, 956, 491, 232, 104, 46, 21, 6, 3, 0, 1, 2]
(0, (1, 1, 0), (1, 1)): [2237, 1293, 965, 739, 391, 178, 73, 31, 11, 5, 5, 0, 1, 1]
(0, (1, 1, 0), (1, 2)): [1595, 787, 559, 440, 226, 81, 40, 23, 3, 5, 2, 0, 0, 1]
(0, (1, 1, 0), (2, 0)): [746, 535, 449, 314, 177, 82, 45, 18, 11, 2, 0, 0, 0, 1]
(0, (1, 1, 0), (2, 1)): [1015, 669, 510, 383, 210, 100, 46, 17, 10, 3, 3, 0, 1]
(0, (1, 1, 0), (2, 2)): [1076, 590, 444, 337, 176, 77, 37, 19, 3, 4, 3]
(0, (1, 1, 0), (3, 0)): [187, 168, 174, 106, 68, 33, 15, 7, 6, 1, 0, 0, 0, 1]
(0, (1, 1, 0), (3, 1)): [371, 272, 232, 171, 107, 55, 27, 9, 8, 1, 1, 0, 1]
(0, (1, 1, 0), (3, 2)): [505, 302, 263, 225, 123, 49, 25, 15, 5, 0, 2]
(0, (1, 1, 1), (0, 0)): [4327, 8381, 6840, 5055, 4050, 2013, 923, 444, 202, 83, 41, 14, 5, 2, 1]
(0, (1, 1, 1), (0, 1)): [307, 530, 453, 286, 250, 115, 51, 25, 17, 5, 1, 1, 2, 1]
(0, (1, 1, 1), (0, 2)): [150, 225, 161, 95, 88, 45, 14, 7, 7, 1, 0, 1, 1]
(0, (1, 1, 1), (1, 0)): [225, 507, 440, 327, 265, 144, 56, 20, 9, 3, 3]
(0, (1, 1, 1), (1, 1)): [219, 425, 366, 244, 203, 98, 46, 21, 7, 6, 3, 0, 1, 1]
(0, (1, 1, 1), (1, 2)): [192, 306, 228, 146, 120, 54, 15, 12, 7, 1, 0, 1, 0, 1]
(0, (1, 1, 1), (2, 0)): [65, 155, 149, 117, 108, 62, 16, 9, 5, 0, 1]
(0, (1, 1, 1), (2, 1)): [104, 183, 182, 142, 100, 62, 25, 12, 7, 2, 1, 0, 1]
(0, (1, 1, 1), (2, 2)): [111, 221, 174, 117, 87, 52, 15, 10, 3, 2, 0, 1, 1]
(0, (1, 1, 1), (3, 0)): [14, 52, 45, 41, 35, 25, 8, 4, 2, 0, 1]
(0, (1, 1, 1), (3, 1)): [32, 81, 76, 65, 45, 27, 15, 2, 1, 0, 1]
(0, (1, 1, 1), (3, 2)): [46, 96, 97, 75, 60, 34, 16, 5, 3, 0, 0, 1, 1]
(1, (0, 0, 0), (0, 0)): [1267686, 138710, 56639, 22353, 8632, 3239, 1266, 459, 175, 70, 28, 16, 7, 3, 0, 1]
(1, (0, 0, 0), (0, 1)): [87819, 8785, 3490, 1381, 525, 172, 56, 31, 7, 0, 0, 1, 0, 1]
(1, (0, 0, 0), (0, 2)): [32823, 2757, 1064, 414, 159, 54, 14, 6]
(1, (0, 0, 0), (1, 0)): [84239, 10228, 4245, 1687, 659, 224, 99, 33, 11, 5, 2, 0, 0, 0, 0, 1]
(1, (0, 0, 0), (1, 1)): [77775, 8305, 3379, 1332, 513, 174, 75, 32, 10, 1, 0, 1, 0, 1]
(1, (0, 0, 0), (1, 2)): [51309, 4556, 1828, 721, 292, 108, 33, 10, 2]
(1, (0, 0, 0), (2, 0)): [28326, 3964, 1763, 688, 277, 95, 45, 15, 3, 3, 2, 0, 0, 0, 0, 1]
(1, (0, 0, 0), (2, 1)): [41646, 5069, 2189, 832, 322, 116, 39, 20, 3, 2, 1]
(1, (0, 0, 0), (2, 2)): [41648, 4138, 1743, 694, 282, 106, 37, 15, 4, 0, 1]
(1, (0, 0, 0), (3, 0)): [8540, 1352, 750, 285, 118, 42, 25, 6, 3, 2, 1, 0, 0, 0, 0, 1]
(1, (0, 0, 0), (3, 1)): [16772, 2522, 1226, 486, 199, 66, 28, 9, 1, 2]
(1, (0, 0, 0), (3, 2)): [22836, 2869, 1336, 543, 235, 69, 29, 8, 3, 1, 1]
(1, (0, 0, 1), (0, 0)): [34537, 49578, 9819, 4152, 1713, 711, 261, 101, 49, 18, 10, 5, 4, 1]
(1, (0, 0, 1), (0, 1)): [2274, 2721, 567, 199, 86, 35, 12, 3, 1, 0, 1]
(1, (0, 0, 1), (0, 2)): [975, 867, 183, 53, 31, 9, 4, 1, 1]
(1, (0, 0, 1), (1, 0)): [2468, 3775, 765, 360, 134, 72, 20, 6, 6, 2]
(1, (0, 0, 1), (1, 1)): [2130, 2751, 550, 219, 82, 43, 8, 3, 1, 1, 1]
(1, (0, 0, 1), (1, 2)): [1544, 1523, 284, 106, 44, 20, 2, 1, 1]
(1, (0, 0, 1), (2, 0)): [1024, 1528, 349, 175, 71, 34, 14, 2, 5, 1]
(1, (0, 0, 1), (2, 1)): [1214, 1627, 350, 155, 65, 31, 12, 2, 2, 0, 1]
(1, (0, 0, 1), (2, 2)): [1307, 1355, 258, 122, 45, 25, 3, 1, 1, 0, 1]
(1, (0, 0, 1), (3, 0)): [491, 637, 164, 95, 38, 17, 5, 2, 1]
(1, (0, 0, 1), (3, 1)): [518, 709, 177, 89, 31, 13, 8, 3, 1]
(1, (0, 0, 1), (3, 2)): [759, 832, 195, 98, 41, 17, 6, 1, 1, 0, 1]
(1, (0, 1, 0), (0, 0)): [171266, 75627, 27339, 11753, 4705, 1841, 633, 298, 90, 41, 24, 9, 9, 2, 1]
(1, (0, 1, 0), (0, 1)): [11109, 4446, 1520, 649, 241, 95, 31, 18, 6, 2, 2]
(1, (0, 1, 0), (0, 2)): [4240, 1533, 493, 201, 70, 27, 9, 5, 2]
(1, (0, 1, 0), (1, 0)): [12700, 5559, 2087, 1026, 417, 156, 53, 23, 12, 2, 2, 0, 0, 1]
(1, (0, 1, 0), (1, 1)): [10286, 4110, 1438, 704, 261, 102, 33, 15, 7, 1, 1, 0, 0, 1]
(1, (0, 1, 0), (1, 2)): [6725, 2419, 849, 355, 116, 42, 13, 12, 4, 1]
(1, (0, 1, 0), (2, 0)): [5463, 2342, 944, 527, 218, 85, 32, 16, 6, 1, 2]
(1, (0, 1, 0), (2, 1)): [5878, 2476, 876, 474, 201, 76, 30, 9, 3, 0, 1, 0, 0, 1]
(1, (0, 1, 0), (2, 2)): [5760, 2111, 758, 331, 129, 46, 12, 6, 6]
(1, (0, 1, 0), (3, 0)): [2585, 1020, 436, 323, 127, 46, 16, 11, 6, 1, 1]
(1, (0, 1, 0), (3, 1)): [2774, 1097, 442, 296, 140, 52, 22, 7, 5, 1, 1, 0, 0, 1]
(1, (0, 1, 0), (3, 2)): [3462, 1288, 532, 294, 141, 33, 14, 6, 3, 1, 1, 0, 0, 1]
(1, (0, 1, 1), (0, 0)): [27035, 22329, 19756, 7884, 4101, 1598, 639, 254, 116, 39, 11, 7, 2, 2, 0, 1]
(1, (0, 1, 1), (0, 1)): [1483, 1140, 962, 383, 167, 59, 38, 11, 2]
(1, (0, 1, 1), (0, 2)): [683, 366, 337, 129, 66, 16, 13, 4, 1]
(1, (0, 1, 1), (1, 0)): [2131, 1938, 1466, 602, 409, 137, 55, 21, 8, 3]
(1, (0, 1, 1), (1, 1)): [1302, 1045, 877, 352, 165, 50, 27, 14, 1, 1]
(1, (0, 1, 1), (1, 2)): [1014, 595, 557, 197, 102, 29, 15, 5, 1]
(1, (0, 1, 1), (2, 0)): [1274, 1106, 814, 356, 290, 106, 41, 12, 7, 2]
(1, (0, 1, 1), (2, 1)): [709, 613, 495, 210, 110, 36, 20, 7, 0, 2]
(1, (0, 1, 1), (2, 2)): [821, 521, 468, 182, 93, 23, 9, 5, 1]
(1, (0, 1, 1), (3, 0)): [957, 805, 528, 264, 238, 89, 35, 10, 7, 1]
(1, (0, 1, 1), (3, 1)): [311, 279, 230, 92, 62, 25, 13, 3, 0, 1]
(1, (0, 1, 1), (3, 2)): [465, 325, 259, 118, 63, 21, 7, 5, 1]
(1, (1, 0, 0), (0, 0)): [478578, 85104, 54576, 23088, 9306, 3646, 1460, 507, 220, 93, 33, 23, 5, 3, 0, 2]
(1, (1, 0, 0), (0, 1)): [29887, 4761, 3039, 1298, 478, 174, 88, 24, 5, 5, 2]
(1, (1, 0, 0), (0, 2)): [10771, 1480, 961, 396, 135, 57, 32, 10, 2, 3]
(1, (1, 0, 0), (1, 0)): [29820, 5871, 3855, 1655, 663, 245, 104, 39, 11, 5, 1, 0, 1, 0, 0, 1]
(1, (1, 0, 0), (1, 1)): [24486, 4183, 2756, 1183, 444, 152, 75, 20, 6, 2, 3, 0, 0, 0, 0, 1]
(1, (1, 0, 0), (1, 2)): [15331, 2257, 1531, 591, 217, 83, 35, 14, 2, 2, 2]
(1, (1, 0, 0), (2, 0)): [9626, 2086, 1406, 660, 270, 115, 43, 14, 6, 3, 0, 0, 1]
(1, (1, 0, 0), (2, 1)): [12348, 2344, 1576, 745, 260, 102, 55, 10, 6, 0, 1, 0, 0, 0, 0, 1]
(1, (1, 0, 0), (2, 2)): [11461, 1872, 1260, 557, 192, 78, 38, 9, 2, 1, 2]
(1, (1, 0, 0), (3, 0)): [2678, 714, 415, 255, 116, 48, 11, 4, 1, 3, 0, 0, 1]
(1, (1, 0, 0), (3, 1)): [4601, 1105, 680, 377, 143, 52, 21, 8, 2, 2, 1, 0, 0, 0, 0, 1]
(1, (1, 0, 0), (3, 2)): [5620, 1173, 729, 396, 138, 55, 27, 5, 3, 2, 3, 0, 0, 0, 0, 1]
(1, (1, 0, 1), (0, 0)): [38697, 45077, 14436, 9608, 4104, 1676, 675, 256, 85, 58, 15, 6, 0, 1]
(1, (1, 0, 1), (0, 1)): [2696, 2488, 807, 518, 225, 90, 39, 9, 5, 5]
(1, (1, 0, 1), (0, 2)): [1140, 778, 273, 164, 68, 28, 16, 6, 2, 2]
(1, (1, 0, 1), (1, 0)): [2431, 2877, 973, 646, 301, 98, 35, 12, 5, 5]
(1, (1, 0, 1), (1, 1)): [2115, 2010, 659, 482, 180, 62, 31, 5, 4, 3]
(1, (1, 0, 1), (1, 2)): [1524, 1128, 396, 258, 87, 39, 16, 9, 2, 2]
(1, (1, 0, 1), (2, 0)): [838, 983, 351, 229, 131, 47, 14, 7, 2, 2]
(1, (1, 0, 1), (2, 1)): [1026, 1015, 341, 267, 123, 33, 15, 4, 5, 1]
(1, (1, 0, 1), (2, 2)): [1061, 866, 315, 195, 94, 21, 15, 4, 5, 1]
(1, (1, 0, 1), (3, 0)): [279, 350, 135, 76, 62, 26, 7, 1, 0, 1]
(1, (1, 0, 1), (3, 1)): [374, 420, 169, 115, 62, 26, 4, 3, 0, 1]
(1, (1, 0, 1), (3, 2)): [535, 455, 188, 133, 71, 22, 10, 4, 3, 1]
(1, (1, 1, 0), (0, 0)): [132146, 40738, 27020, 19282, 8040, 3299, 1289, 521, 216, 82, 29, 16, 9, 5, 1]
(1, (1, 1, 0), (0, 1)): [9061, 2425, 1461, 1101, 452, 178, 69, 26, 10, 4, 1, 1]
(1, (1, 1, 0), (0, 2)): [3634, 833, 480, 365, 149, 55, 25, 7, 5]
(1, (1, 1, 0), (1, 0)): [7891, 2678, 1792, 1299, 547, 220, 98, 36, 11, 4, 2, 0, 2, 1]
(1, (1, 1, 0), (1, 1)): [6960, 2091, 1364, 983, 408, 155, 64, 26, 4, 6, 2]
(1, (1, 1, 0), (1, 2)): [4949, 1222, 766, 569, 233, 68, 32, 15, 1, 1, 1]
(1, (1, 1, 0), (2, 0)): [2538, 944, 610, 475, 217, 101, 42, 16, 7, 1, 1, 0, 2, 1]
(1, (1, 1, 0), (2, 1)): [3414, 1175, 760, 542, 225, 115, 48, 13, 8, 1, 2, 0, 1]
(1, (1, 1, 0), (2, 2)): [3634, 1012, 628, 457, 204, 79, 27, 6, 2, 1, 1]
(1, (1, 1, 0), (3, 0)): [644, 349, 211, 137, 93, 43, 16, 8, 3, 1, 0, 0, 1]
(1, (1, 1, 0), (3, 1)): [1280, 549, 360, 247, 131, 55, 27, 11, 6, 2, 1, 0, 1]
(1, (1, 1, 0), (3, 2)): [1733, 629, 405, 262, 151, 59, 26, 8, 4, 3, 0, 0, 1]
(1, (1, 1, 1), (0, 0)): [26847, 21555, 13617, 8807, 6498, 2741, 1103, 404, 182, 65, 20, 15, 8, 3, 1, 1]
(1, (1, 1, 1), (0, 1)): [1899, 1349, 860, 519, 390, 152, 57, 20, 12, 1]
(1, (1, 1, 1), (0, 2)): [887, 456, 298, 187, 125, 51, 23, 4, 3, 1]
(1, (1, 1, 1), (1, 0)): [1526, 1391, 839, 520, 422, 183, 86, 25, 13, 4, 1, 1, 1]
(1, (1, 1, 1), (1, 1)): [1413, 1127, 708, 417, 324, 130, 50, 21, 10, 0, 1]
(1, (1, 1, 1), (1, 2)): [1083, 649, 432, 256, 173, 82, 33, 9, 6]
(1, (1, 1, 1), (2, 0)): [396, 439, 289, 186, 155, 77, 36, 10, 2, 2, 0, 1, 1]
(1, (1, 1, 1), (2, 1)): [632, 594, 358, 231, 163, 77, 36, 9, 3, 1, 1, 1]
(1, (1, 1, 1), (2, 2)): [767, 508, 339, 212, 153, 68, 28, 7, 4]
(1, (1, 1, 1), (3, 0)): [68, 139, 89, 72, 51, 35, 10, 4, 1, 1, 0, 0, 1]
(1, (1, 1, 1), (3, 1)): [144, 252, 163, 107, 84, 41, 14, 5, 0, 1, 0, 0, 1]
(1, (1, 1, 1), (3, 2)): [300, 285, 181, 122, 94, 48, 16, 8, 1]
(2, (0, 0, 0), (0, 0)): [1101936, 50215, 16813, 5352, 1776, 564, 196, 66, 11, 7, 5, 0, 1]
(2, (0, 0, 0), (0, 1)): [75657, 3018, 988, 284, 114, 24, 12, 5, 1]
(2, (0, 0, 0), (0, 2)): [27989, 786, 246, 88, 36, 4, 1, 3]
(2, (0, 0, 0), (1, 0)): [76153, 4105, 1382, 439, 160, 37, 18, 7, 1, 0, 0, 0, 1]
(2, (0, 0, 0), (1, 1)): [68498, 3129, 1048, 282, 115, 27, 15, 2, 1]
(2, (0, 0, 0), (1, 2)): [44386, 1407, 478, 149, 59, 11, 5, 2]
(2, (0, 0, 0), (2, 0)): [27106, 1628, 670, 210, 79, 16, 9, 5, 0, 0, 0, 0, 1]
(2, (0, 0, 0), (2, 1)): [38388, 2051, 770, 215, 79, 15, 9, 4]
(2, (0, 0, 0), (2, 2)): [37529, 1481, 542, 157, 62, 10, 3, 3]
(2, (0, 0, 0), (3, 0)): [8666, 566, 318, 90, 37, 8, 5, 2, 0, 0, 0, 0, 1]
(2, (0, 0, 0), (3, 1)): [16390, 1024, 493, 150, 48, 13, 5, 2]
(2, (0, 0, 0), (3, 2)): [22048, 1129, 511, 143, 51, 10, 2, 2]
(2, (0, 0, 1), (0, 0)): [102061, 30775, 6271, 2105, 747, 262, 75, 24, 5, 2, 0, 1]
(2, (0, 0, 1), (0, 1)): [6816, 1725, 349, 117, 40, 13, 8, 2, 1]
(2, (0, 0, 1), (0, 2)): [2672, 517, 103, 30, 10, 3, 2]
(2, (0, 0, 1), (1, 0)): [8131, 2276, 553, 202, 66, 30, 5, 3]
(2, (0, 0, 1), (1, 1)): [6489, 1646, 345, 133, 46, 20, 6, 2, 1]
(2, (0, 0, 1), (1, 2)): [4405, 847, 170, 58, 23, 9, 4, 1]
(2, (0, 0, 1), (2, 0)): [3507, 959, 266, 119, 32, 17, 2, 2]
(2, (0, 0, 1), (2, 1)): [3837, 1058, 264, 112, 39, 14, 4, 2]
(2, (0, 0, 1), (2, 2)): [3932, 807, 196, 71, 25, 13, 3, 1]
(2, (0, 0, 1), (3, 0)): [1710, 381, 134, 73, 11, 10, 1, 1]
(2, (0, 0, 1), (3, 1)): [1855, 513, 136, 73, 26, 10, 5, 1]
(2, (0, 0, 1), (3, 2)): [2524, 557, 153, 76, 18, 11, 5]
(2, (0, 1, 0), (0, 0)): [271174, 57150, 15505, 5446, 1796, 602, 172, 55, 15, 9, 6, 0, 1]
(2, (0, 1, 0), (0, 1)): [17414, 3082, 785, 225, 92, 19, 9, 3, 2, 1, 1]
(2, (0, 1, 0), (0, 2)): [6746, 911, 225, 58, 24, 3, 3, 0, 0, 1]
(2, (0, 1, 0), (1, 0)): [21416, 4174, 1410, 586, 167, 54, 18, 8, 0, 0, 0, 0, 1]
(2, (0, 1, 0), (1, 1)): [16496, 3005, 866, 285, 105, 25, 13, 4, 2, 0, 1]
(2, (0, 1, 0), (1, 2)): [10847, 1562, 382, 141, 39, 11, 3, 2, 0, 1]
(2, (0, 1, 0), (2, 0)): [9914, 1821, 707, 370, 104, 32, 8, 6, 0, 0, 0, 0, 1]
(2, (0, 1, 0), (2, 1)): [9896, 1891, 619, 219, 74, 16, 9, 2, 2, 0, 1, 0, 1]
(2, (0, 1, 0), (2, 2)): [9657, 1515, 412, 165, 55, 13, 4, 4, 0, 1]
(2, (0, 1, 0), (3, 0)): [5221, 826, 374, 265, 77, 22, 7, 6]
(2, (0, 1, 0), (3, 1)): [4583, 867, 354, 167, 58, 13, 8, 1, 2, 0, 1, 0, 1]
(2, (0, 1, 0), (3, 2)): [6082, 969, 363, 179, 52, 14, 6, 2, 0, 0, 0, 0, 1]
(2, (0, 1, 1), (0, 0)): [61655, 5293, 13348, 3622, 1437, 466, 163, 51, 19, 5, 3, 1, 0, 1]
(2, (0, 1, 1), (0, 1)): [3980, 258, 676, 160, 58, 26, 5, 5]
(2, (0, 1, 1), (0, 2)): [1677, 103, 210, 56, 27, 6, 1, 1]
(2, (0, 1, 1), (1, 0)): [4942, 512, 971, 316, 147, 51, 19, 2, 1, 0, 1]
(2, (0, 1, 1), (1, 1)): [3609, 256, 649, 166, 50, 27, 6, 4, 1]
(2, (0, 1, 1), (1, 2)): [2626, 151, 350, 90, 40, 10, 3, 2]
(2, (0, 1, 1), (2, 0)): [2489, 283, 453, 185, 104, 37, 13, 1, 0, 0, 1]
(2, (0, 1, 1), (2, 1)): [2106, 168, 421, 108, 42, 20, 5, 1]
(2, (0, 1, 1), (2, 2)): [2305, 163, 313, 82, 33, 20, 4, 2]
(2, (0, 1, 1), (3, 0)): [1543, 206, 244, 118, 76, 28, 11, 1, 0, 0, 1]
(2, (0, 1, 1), (3, 1)): [1034, 85, 207, 69, 22, 7, 5]
(2, (0, 1, 1), (3, 2)): [1478, 122, 239, 68, 32, 17, 4, 2]
(2, (1, 0, 0), (0, 0)): [579923, 42087, 27434, 8707, 2809, 887, 350, 100, 19, 13, 6, 0, 1]
(2, (1, 0, 0), (0, 1)): [35861, 2181, 1404, 447, 157, 45, 23, 6, 1]
(2, (1, 0, 0), (0, 2)): [12884, 607, 344, 111, 46, 9, 8]
(2, (1, 0, 0), (1, 0)): [36857, 3114, 2051, 730, 214, 60, 29, 10, 1, 1, 0, 0, 1]
(2, (1, 0, 0), (1, 1)): [30383, 1980, 1328, 470, 139, 38, 17, 6, 1]
(2, (1, 0, 0), (1, 2)): [18879, 954, 588, 209, 63, 17, 6, 2]
(2, (1, 0, 0), (2, 0)): [12434, 1248, 774, 327, 95, 28, 16, 7, 1, 1, 0, 0, 1]
(2, (1, 0, 0), (2, 1)): [15873, 1209, 766, 305, 98, 25, 13, 5, 0, 0, 0, 0, 1]
(2, (1, 0, 0), (2, 2)): [14666, 906, 544, 206, 75, 19, 8, 3]
(2, (1, 0, 0), (3, 0)): [3704, 480, 270, 163, 42, 13, 8, 2, 0, 1]
(2, (1, 0, 0), (3, 1)): [6447, 649, 382, 219, 46, 18, 8, 2, 0, 1, 0, 0, 1]
(2, (1, 0, 0), (3, 2)): [7673, 675, 367, 197, 56, 23, 7, 4, 0, 1, 0, 0, 1]
(2, (1, 0, 1), (0, 0)): [100175, 23973, 9441, 5735, 1839, 623, 210, 68, 24, 8, 0, 3, 1]
(2, (1, 0, 1), (0, 1)): [6957, 1363, 528, 330, 91, 29, 7, 2, 1, 1, 0, 1]
(2, (1, 0, 1), (0, 2)): [2761, 411, 154, 89, 33, 7, 1, 0, 1]
(2, (1, 0, 1), (1, 0)): [6907, 1555, 727, 456, 147, 48, 18, 4]
(2, (1, 0, 1), (1, 1)): [5778, 1176, 500, 307, 107, 34, 12, 2, 0, 1, 0, 1]
(2, (1, 0, 1), (1, 2)): [3816, 625, 251, 149, 51, 14, 7, 1, 1, 0, 0, 1]
(2, (1, 0, 1), (2, 0)): [2479, 541, 299, 190, 57, 20, 7, 3]
(2, (1, 0, 1), (2, 1)): [3179, 631, 328, 166, 66, 25, 2, 1, 0, 1]
(2, (1, 0, 1), (2, 2)): [2945, 478, 242, 116, 44, 16, 4, 1, 1, 0, 0, 1]
(2, (1, 0, 1), (3, 0)): [839, 167, 117, 79, 29, 6, 6]
(2, (1, 0, 1), (3, 1)): [1344, 240, 143, 92, 48, 12, 4, 0, 0, 1]
(2, (1, 0, 1), (3, 2)): [1597, 255, 177, 86, 37, 15, 5, 1, 1]
(2, (1, 1, 0), (0, 0)): [227632, 34903, 17397, 11847, 3831, 1213, 414, 142, 45, 21, 8, 1, 2, 1]
(2, (1, 1, 0), (0, 1)): [15022, 2037, 912, 639, 183, 50, 20, 16, 2, 2, 0, 0, 1]
(2, (1, 1, 0), (0, 2)): [6107, 587, 257, 169, 53, 15, 4, 6, 2]
(2, (1, 1, 0), (1, 0)): [14620, 2256, 1238, 886, 305, 78, 42, 6, 3, 1, 1]
(2, (1, 1, 0), (1, 1)): [12706, 1758, 883, 615, 170, 42, 24, 10, 2, 3, 0, 0, 1]
(2, (1, 1, 0), (1, 2)): [8856, 909, 449, 296, 90, 24, 9, 8, 2]
(2, (1, 1, 0), (2, 0)): [4917, 793, 498, 349, 155, 48, 21, 2]
(2, (1, 1, 0), (2, 1)): [6703, 956, 578, 380, 123, 28, 22, 5, 1, 1, 0, 0, 1]
(2, (1, 1, 0), (2, 2)): [6909, 773, 424, 306, 104, 22, 17, 8, 3]
(2, (1, 1, 0), (3, 0)): [1567, 270, 199, 111, 82, 27, 7]
(2, (1, 1, 0), (3, 1)): [2784, 429, 327, 173, 82, 27, 14, 2, 0, 0, 0, 0, 1]
(2, (1, 1, 0), (3, 2)): [3784, 452, 339, 204, 106, 19, 14, 4, 2]
(2, (1, 1, 1), (0, 0)): [65599, 9518, 11028, 5405, 3944, 1247, 419, 140, 48, 9, 7, 1, 1, 1]
(2, (1, 1, 1), (0, 1)): [4830, 508, 655, 315, 229, 52, 19, 4, 2, 0, 0, 0, 1]
(2, (1, 1, 1), (0, 2)): [2101, 165, 194, 90, 64, 12, 6, 2, 1]
(2, (1, 1, 1), (1, 0)): [3826, 869, 718, 411, 284, 103, 33, 7, 3, 0, 1]
(2, (1, 1, 1), (1, 1)): [3763, 518, 577, 312, 220, 63, 16, 5, 1, 0, 1, 0, 1]
(2, (1, 1, 1), (1, 2)): [2890, 270, 292, 141, 111, 28, 7, 4, 0, 0, 1]
(2, (1, 1, 1), (2, 0)): [1070, 515, 242, 168, 113, 47, 15, 2, 2]
(2, (1, 1, 1), (2, 1)): [1704, 433, 324, 182, 133, 49, 18, 0, 0, 0, 0, 0, 1]
(2, (1, 1, 1), (2, 2)): [1978, 292, 255, 139, 103, 35, 13, 3, 0, 0, 1]
(2, (1, 1, 1), (3, 0)): [180, 331, 68, 85, 37, 26, 5, 0, 1]
(2, (1, 1, 1), (3, 1)): [490, 388, 120, 120, 74, 32, 10]
(2, (1, 1, 1), (3, 2)): [817, 335, 145, 132, 83, 30, 15, 1, 0, 0, 1]
