(0, (0, 0, 0)): [188506, 39115, 18346, 8521, 3874, 1729, 734, 317, 113, 60, 25, 10, 6, 3, 2]
(0, (0, 0, 1)): [896, 3076, 895, 441, 211, 80, 46, 27, 7, 4, 1, 1, 2]
(0, (0, 1, 0)): [6032, 6389, 2481, 1131, 588, 288, 103, 58, 22, 14, 4, 1]
(0, (0, 1, 1)): [514, 1035, 1378, 655, 346, 168, 65, 36, 13, 7, 2, 1, 0, 1, 1]
(0, (1, 0, 0)): [42388, 15404, 9394, 4800, 2265, 1029, 463, 190, 70, 37, 19, 8, 5, 3, 2]
(0, (1, 0, 1)): [1004, 3152, 1437, 997, 563, 248, 134, 49, 27, 14, 5, 5, 2, 0, 1]
(0, (1, 1, 0)): [5468, 3711, 3058, 2123, 1132, 550, 252, 118, 44, 23, 17, 3, 1, 1]
(0, (1, 1, 1)): [582, 1028, 877, 761, 624, 307, 144, 68, 30, 15, 9, 2, 0, 1, 1]
(1, (0, 0, 0)): [148666, 16445, 6809, 2700, 1091, 464, 173, 72, 22, 11, 2, 1]
(1, (0, 0, 1)): [5049, 8140, 1638, 654, 288, 122, 43, 22, 10, 1, 4, 2]
(1, (0, 1, 0)): [22125, 11224, 3773, 1526, 629, 261, 109, 43, 11, 7, 0, 2, 2]
(1, (0, 1, 1)): [3765, 3340, 3517, 1363, 612, 244, 101, 38, 16, 4, 4, 2, 0, 1]
(1, (1, 0, 0)): [61937, 11961, 7149, 3153, 1256, 555, 197, 80, 27, 16, 5, 5, 1, 2]
(1, (1, 0, 1)): [5093, 6474, 2289, 1416, 601, 273, 101, 43, 12, 12, 5, 2]
(1, (1, 1, 0)): [15569, 5110, 3605, 2466, 1059, 490, 176, 70, 26, 15, 3, 3, 0, 3]
(1, (1, 1, 1)): [2944, 2459, 1607, 1204, 835, 377, 140, 61, 20, 8, 3, 1, 0, 1]
(2, (0, 0, 0)): [127324, 5511, 1839, 604, 203, 80, 28, 12, 2, 1]
(2, (0, 0, 1)): [16351, 5463, 1009, 314, 108, 48, 16, 3]
(2, (0, 1, 0)): [36142, 8527, 2113, 683, 236, 92, 29, 7, 2, 1]
(2, (0, 1, 1)): [9689, 851, 2309, 636, 225, 71, 29, 7, 4, 1, 1]
(2, (1, 0, 0)): [75776, 6054, 3216, 1070, 354, 114, 48, 17, 5, 1]
(2, (1, 0, 1)): [13639, 3744, 1645, 816, 255, 102, 36, 17, 5, 0, 0, 1]
(2, (1, 1, 0)): [24648, 3970, 2165, 1278, 433, 152, 43, 9, 6, 4, 1, 0, 0, 1]
(2, (1, 1, 1)): [7341, 1132, 1271, 706, 462, 152, 51, 17, 9, 1, 1, 0, 0, 1]
