(0, (0, 0, 0), (0, 0)): [137485, 27252, 12393, 5647, 2524, 1093, 480, 185, 64, 35, 18, 1, 2, 3, 2]
(0, (0, 0, 0), (0, 1)): [145, 36, 18, 8, 6, 1, 0, 0, 0, 1]
(0, (0, 0, 0), (0, 2)): [67, 14, 9, 2, 1]
(0, (0, 0, 0), (1, 0)): [170, 53, 24, 11, 6, 4, 1, 1, 0, 1]
(0, (0, 0, 0), (1, 1)): [102, 31, 9, 4, 5, 0, 0, 1]
(0, (0, 0, 0), (1, 2)): [61, 15, 5, 3, 2]
(0, (0, 0, 0), (2, 0)): [108, 28, 19, 8, 4, 4, 0, 0, 0, 1]
(0, (0, 0, 0), (2, 1)): [63, 22, 6, 1, 2]
(0, (0, 0, 0), (2, 2)): [60, 12, 4, 1, 2]
(0, (0, 0, 0), (3, 0)): [81, 17, 16, 7, 4, 4]
(0, (0, 0, 0), (3, 1)): [51, 15, 6, 1]
(0, (0, 0, 0), (3, 2)): [54, 11, 8, 1, 1]
(0, (0, 0, 1), (0, 0)): [720, 2188, 657, 293, 147, 55, 32, 16, 3, 2]
(0, (0, 0, 1), (1, 0)): [0, 5, 1, 1]
(0, (0, 0, 1), (2, 0)): [0, 3, 1, 1]
(0, (0, 0, 1), (3, 0)): [0, 2, 0, 1]
(0, (0, 1, 0), (0, 0)): [4202, 4428, 1665, 744, 385, 181, 66, 18, 20, 8, 4]
(0, (0, 1, 0), (0, 1)): [2, 4, 0, 0, 0, 1]
(0, (0, 1, 0), (0, 2)): [0, 1, 0, 0, 0, 1]
(0, (0, 1, 0), (1, 0)): [13, 7, 0, 1]
(0, (0, 1, 0), (1, 1)): [5, 2]
(0, (0, 1, 0), (1, 2)): [2, 2]
(0, (0, 1, 0), (2, 0)): [7, 5, 0, 1]
(0, (0, 1, 0), (2, 2)): [0, 2]
(0, (0, 1, 0), (3, 0)): [6, 4, 0, 1]
(0, (0, 1, 0), (3, 1)): [3, 0, 0, 1]
(0, (0, 1, 0), (3, 2)): [0, 2, 0, 1]
(0, (0, 1, 1), (0, 0)): [361, 698, 902, 407, 224, 100, 41, 16, 9, 1, 0, 1, 0, 1, 1]
(0, (0, 1, 1), (0, 1)): [2, 2, 4, 0, 2]
(0, (0, 1, 1), (0, 2)): [2, 1, 2, 0, 2]
(0, (0, 1, 1), (1, 0)): [0, 1, 2, 1, 1, 1]
(0, (0, 1, 1), (1, 1)): [0, 2, 2, 0, 1]
(0, (0, 1, 1), (2, 0)): [0, 0, 2, 1, 0, 1]
(0, (0, 1, 1), (3, 0)): [0, 0, 2, 0, 0, 1]
(0, (1, 0, 0), (0, 0)): [31072, 11042, 6455, 3264, 1470, 666, 310, 118, 36, 22, 14, 1, 2, 3, 2]
(0, (1, 0, 0), (0, 1)): [26, 6, 10, 2, 1, 1, 1, 1]
(0, (1, 0, 0), (0, 2)): [9, 2, 7, 0, 1, 1, 0, 1]
(0, (1, 0, 0), (1, 0)): [34, 15, 12, 4, 1]
(0, (1, 0, 0), (1, 1)): [16, 6, 4, 3]
(0, (1, 0, 0), (1, 2)): [7, 2, 5]
(0, (1, 0, 0), (2, 0)): [19, 10, 5, 2, 1]
(0, (1, 0, 0), (2, 1)): [15, 4, 1, 2]
(0, (1, 0, 0), (2, 2)): [12, 1, 1, 1]
(0, (1, 0, 0), (3, 0)): [13, 5, 3, 2, 1]
(0, (1, 0, 0), (3, 1)): [10, 2, 1]
(0, (1, 0, 0), (3, 2)): [6, 0, 1]
(0, (1, 0, 1), (0, 0)): [719, 2057, 961, 631, 343, 151, 81, 28, 16, 9, 2, 2, 0, 0, 1]
(0, (1, 0, 1), (1, 0)): [3, 5, 1]
(0, (1, 0, 1), (2, 0)): [2, 4, 1]
(0, (1, 0, 1), (3, 0)): [2, 2, 1]
(0, (1, 1, 0), (0, 0)): [3952, 2646, 2188, 1448, 767, 368, 169, 70, 22, 15, 12, 0, 1, 1]
(0, (1, 1, 0), (0, 1)): [10, 3, 4, 2, 1]
(0, (1, 1, 0), (0, 2)): [4, 1, 4, 1, 1]
(0, (1, 1, 0), (1, 0)): [3, 4, 6, 7, 4, 1, 1]
(0, (1, 1, 0), (1, 1)): [3, 1, 0, 3, 1, 1]
(0, (1, 1, 0), (2, 0)): [3, 2, 5, 3, 3, 0, 1]
(0, (1, 1, 0), (2, 1)): [0, 1, 1, 1, 4, 1, 1]
(0, (1, 1, 0), (3, 0)): [3, 1, 4, 2]
(0, (1, 1, 0), (3, 1)): [2, 1, 3, 1, 3, 1]
(0, (1, 1, 0), (3, 2)): [3, 0, 3, 0, 2]
(0, (1, 1, 1), (0, 0)): [418, 732, 628, 543, 429, 204, 84, 48, 18, 13, 7, 0, 0, 1, 1]
(0, (1, 1, 1), (0, 1)): [0, 1, 3]
(0, (1, 1, 1), (1, 0)): [1, 0, 3, 0, 3, 1]
(0, (1, 1, 1), (1, 1)): [1, 1, 1, 0, 1, 1]
(0, (1, 1, 1), (1, 2)): [1, 1, 2]
(0, (1, 1, 1), (2, 0)): [0, 0, 2, 0, 2]
(0, (1, 1, 1), (2, 2)): [0, 1, 0, 0, 1, 1]
(1, (0, 0, 0), (0, 0)): [107974, 11287, 4484, 1743, 722, 289, 103, 45, 10, 8, 2]
(1, (0, 0, 0), (0, 1)): [107, 18, 8, 1]
(1, (0, 0, 0), (0, 2)): [68, 8, 5]
(1, (0, 0, 0), (1, 0)): [130, 16, 9, 3, 3]
(1, (0, 0, 0), (1, 1)): [71, 10, 5, 4, 1]
(1, (0, 0, 0), (1, 2)): [45, 8, 1, 1]
(1, (0, 0, 0), (2, 0)): [72, 10, 6, 0, 2]
(1, (0, 0, 0), (2, 1)): [44, 6, 5, 2, 1]
(1, (0, 0, 0), (2, 2)): [40, 6, 5, 3]
(1, (0, 0, 0), (3, 0)): [47, 4, 1, 0, 1]
(1, (0, 0, 0), (3, 1)): [33, 6, 1, 0, 1]
(1, (0, 0, 0), (3, 2)): [31, 7, 3, 2]
(1, (0, 0, 1), (0, 0)): [3895, 5924, 1185, 454, 204, 88, 29, 13, 5, 1, 0, 2]
(1, (0, 0, 1), (0, 1)): [3, 5]
(1, (0, 0, 1), (1, 0)): [2, 6, 5, 0, 1]
(1, (0, 0, 1), (1, 1)): [4, 3, 1]
(1, (0, 0, 1), (1, 2)): [2, 4, 1]
(1, (0, 0, 1), (2, 0)): [1, 4, 4, 0, 1]
(1, (0, 0, 1), (3, 0)): [1, 4, 3, 0, 1]
(1, (0, 0, 1), (3, 1)): [1, 2]
(1, (0, 1, 0), (0, 0)): [16623, 8199, 2733, 1078, 422, 176, 67, 31, 4, 4, 1, 1, 1]
(1, (0, 1, 0), (0, 1)): [22, 10, 2, 2]
(1, (0, 1, 0), (0, 2)): [12, 3, 1]
(1, (0, 1, 0), (1, 0)): [29, 17, 7, 4, 2, 1]
(1, (0, 1, 0), (1, 1)): [20, 12, 4, 4]
(1, (0, 1, 0), (1, 2)): [11, 5, 3]
(1, (0, 1, 0), (2, 0)): [14, 8, 3, 2, 2, 1]
(1, (0, 1, 0), (2, 1)): [14, 8, 0, 4, 0, 1]
(1, (0, 1, 0), (2, 2)): [9, 2, 3, 2]
(1, (0, 1, 0), (3, 0)): [12, 6, 2, 1, 2]
(1, (0, 1, 0), (3, 1)): [9, 3, 0, 2, 1, 1]
(1, (0, 1, 0), (3, 2)): [10, 1, 3, 4]
(1, (0, 1, 1), (0, 0)): [2737, 2388, 2510, 975, 416, 165, 65, 25, 7, 3, 1, 1, 0, 1]
(1, (0, 1, 1), (0, 1)): [3, 2, 2, 2]
(1, (0, 1, 1), (1, 0)): [3, 2, 2, 1, 2]
(1, (0, 1, 1), (1, 1)): [2, 1, 2, 1]
(1, (0, 1, 1), (1, 2)): [1]
(1, (0, 1, 1), (2, 0)): [2, 2, 1, 1, 1]
(1, (0, 1, 1), (2, 1)): [1, 1, 2, 1]
(1, (0, 1, 1), (3, 0)): [2, 2, 1, 0, 1]
(1, (0, 1, 1), (3, 1)): [1, 1, 2]
(1, (1, 0, 0), (0, 0)): [44454, 8373, 4714, 2089, 806, 354, 117, 50, 16, 9, 4, 0, 0, 2]
(1, (1, 0, 0), (0, 1)): [64, 15, 13, 3, 1, 2]
(1, (1, 0, 0), (0, 2)): [30, 6, 7, 2]
(1, (1, 0, 0), (1, 0)): [62, 20, 15, 5, 2, 1, 0, 1]
(1, (1, 0, 0), (1, 1)): [49, 11, 10, 1, 0, 2, 0, 1]
(1, (1, 0, 0), (1, 2)): [33, 3, 7]
(1, (1, 0, 0), (2, 0)): [26, 13, 9, 4, 2, 1]
(1, (1, 0, 0), (2, 1)): [36, 6, 7, 3, 0, 2, 0, 1]
(1, (1, 0, 0), (2, 2)): [31, 4, 7]
(1, (1, 0, 0), (3, 0)): [13, 8, 4, 2, 2]
(1, (1, 0, 0), (3, 1)): [15, 2, 4, 4, 0, 1, 0, 1]
(1, (1, 0, 0), (3, 2)): [22, 2, 6, 3]
(1, (1, 0, 1), (0, 0)): [3423, 4362, 1634, 931, 386, 186, 61, 29, 8, 8, 2]
(1, (1, 0, 1), (0, 1)): [7, 3, 3, 2, 0, 1]
(1, (1, 0, 1), (0, 2)): [7, 1, 1, 2, 0, 1]
(1, (1, 0, 1), (1, 0)): [4, 5, 1, 4, 1, 1]
(1, (1, 0, 1), (1, 1)): [2, 3, 2, 3]
(1, (1, 0, 1), (1, 2)): [2, 0, 2, 4]
(1, (1, 0, 1), (2, 0)): [1, 2, 0, 1, 1, 1]
(1, (1, 0, 1), (2, 1)): [0, 4]
(1, (1, 0, 1), (2, 2)): [0, 3, 1, 1]
(1, (1, 0, 1), (3, 0)): [1, 1, 0, 0, 1, 1]
(1, (1, 0, 1), (3, 2)): [0, 2, 1, 1, 1]
(1, (1, 1, 0), (0, 0)): [11086, 3583, 2497, 1682, 697, 297, 105, 42, 22, 7, 2, 0, 0, 3]
(1, (1, 1, 0), (0, 1)): [11, 3, 2, 2, 1, 1]
(1, (1, 1, 0), (0, 2)): [6, 2, 0, 0, 1]
(1, (1, 1, 0), (1, 0)): [16, 2, 6, 5, 4]
(1, (1, 1, 0), (1, 1)): [7, 1, 1, 2]
(1, (1, 1, 0), (1, 2)): [3, 0, 0, 1, 1]
(1, (1, 1, 0), (2, 0)): [10, 2, 3, 2, 4]
(1, (1, 1, 0), (2, 1)): [8, 2, 0, 0, 1]
(1, (1, 1, 0), (2, 2)): [7, 1, 0, 1, 2]
(1, (1, 1, 0), (3, 0)): [5, 1, 2, 1, 2]
(1, (1, 1, 0), (3, 2)): [3, 2, 0, 0, 2]
(1, (1, 1, 1), (0, 0)): [2048, 1756, 1103, 821, 538, 251, 94, 42, 16, 3, 0, 0, 0, 1]
(1, (1, 1, 1), (0, 1)): [8, 5, 4, 2]
(1, (1, 1, 1), (0, 2)): [6, 2, 2, 1]
(1, (1, 1, 1), (1, 0)): [2, 4, 7, 2, 4, 2, 1, 1]
(1, (1, 1, 1), (1, 1)): [2, 2, 3, 1, 1]
(1, (1, 1, 1), (1, 2)): [0, 1, 0, 2]
(1, (1, 1, 1), (2, 0)): [1, 2, 5, 2, 2, 2, 1, 1]
(1, (1, 1, 1), (2, 1)): [1, 2, 4, 0, 2, 0, 1]
(1, (1, 1, 1), (2, 2)): [1, 1, 2, 0, 0, 0, 1]
(1, (1, 1, 1), (3, 0)): [1, 2, 3, 2, 1, 2]
(1, (1, 1, 1), (3, 1)): [1, 0, 2, 2, 2, 1]
(1, (1, 1, 1), (3, 2)): [2, 0, 1, 2, 1, 1]
(2, (0, 0, 0), (0, 0)): [92427, 3740, 1212, 387, 139, 44, 15, 8, 1, 1, 1]
(2, (0, 0, 0), (0, 1)): [116, 12, 2, 1]
(2, (0, 0, 0), (0, 2)): [56, 5, 1, 1]
(2, (0, 0, 0), (1, 0)): [180, 14, 5, 4, 1]
(2, (0, 0, 0), (1, 1)): [113, 7, 4]
(2, (0, 0, 0), (1, 2)): [60, 4, 3, 1]
(2, (0, 0, 0), (2, 0)): [92, 7, 1, 3, 1]
(2, (0, 0, 0), (2, 1)): [95, 4, 2]
(2, (0, 0, 0), (2, 2)): [70, 4, 4, 1]
(2, (0, 0, 0), (3, 0)): [47, 2, 1, 2, 1]
(2, (0, 0, 0), (3, 1)): [53, 3]
(2, (0, 0, 0), (3, 2)): [57, 4, 4]
(2, (0, 0, 1), (0, 0)): [11947, 4065, 683, 206, 75, 29, 12]
(2, (0, 0, 1), (0, 1)): [11, 3]
(2, (0, 0, 1), (0, 2)): [6, 2]
(2, (0, 0, 1), (1, 0)): [18, 5, 3]
(2, (0, 0, 1), (1, 1)): [9, 4, 1]
(2, (0, 0, 1), (1, 2)): [6, 1]
(2, (0, 0, 1), (2, 0)): [10, 2, 2]
(2, (0, 0, 1), (2, 1)): [4, 4, 1]
(2, (0, 0, 1), (3, 0)): [9, 1, 2]
(2, (0, 0, 1), (3, 1)): [4, 0, 1]
(2, (0, 0, 1), (3, 2)): [5, 1]
(2, (0, 1, 0), (0, 0)): [27325, 6210, 1504, 464, 144, 54, 15, 5, 1, 1]
(2, (0, 1, 0), (0, 1)): [18, 2, 0, 0, 1]
(2, (0, 1, 0), (0, 2)): [9, 0, 0, 0, 1]
(2, (0, 1, 0), (1, 0)): [37, 10, 5, 2, 1]
(2, (0, 1, 0), (1, 1)): [18, 4, 1]
(2, (0, 1, 0), (1, 2)): [9, 1, 0, 0, 1]
(2, (0, 1, 0), (2, 0)): [24, 5, 4, 2, 1]
(2, (0, 1, 0), (2, 1)): [19, 1, 1]
(2, (0, 1, 0), (2, 2)): [11, 1, 1, 0, 1]
(2, (0, 1, 0), (3, 0)): [15, 5, 3, 1, 1]
(2, (0, 1, 0), (3, 1)): [15, 2, 0, 0, 1]
(2, (0, 1, 0), (3, 2)): [18, 1, 1, 0, 1]
(2, (0, 1, 1), (0, 0)): [7217, 651, 1695, 438, 144, 47, 15, 4, 3, 0, 1]
(2, (0, 1, 1), (0, 1)): [10, 2, 3, 1]
(2, (0, 1, 1), (0, 2)): [6, 0, 2, 1]
(2, (0, 1, 1), (1, 0)): [17, 1, 3, 1]
(2, (0, 1, 1), (1, 1)): [5, 1, 3]
(2, (0, 1, 1), (2, 0)): [13, 0, 0, 1]
(2, (0, 1, 1), (3, 0)): [12]
(2, (0, 1, 1), (3, 1)): [3]
(2, (0, 1, 1), (3, 2)): [4, 0, 1]
(2, (1, 0, 0), (0, 0)): [53953, 4191, 2048, 694, 220, 66, 29, 13, 3, 0, 1]
(2, (1, 0, 0), (0, 1)): [42, 0, 2, 1]
(2, (1, 0, 0), (0, 2)): [17, 0, 1]
(2, (1, 0, 0), (1, 0)): [51, 6, 3, 2]
(2, (1, 0, 0), (1, 1)): [36, 2, 4, 2]
(2, (1, 0, 0), (1, 2)): [19, 0, 4, 2]
(2, (1, 0, 0), (2, 0)): [25, 2, 0, 1]
(2, (1, 0, 0), (2, 1)): [23, 1, 1]
(2, (1, 0, 0), (2, 2)): [16, 1, 3, 1]
(2, (1, 0, 0), (3, 0)): [14, 2, 0, 1]
(2, (1, 0, 0), (3, 1)): [13, 0, 1]
(2, (1, 0, 0), (3, 2)): [10, 0, 0, 1]
(2, (1, 0, 1), (0, 0)): [9035, 2595, 1110, 509, 146, 57, 23, 7, 3, 0, 0, 1]
(2, (1, 0, 1), (0, 1)): [12, 2, 2, 3]
(2, (1, 0, 1), (0, 2)): [7, 1, 1, 1]
(2, (1, 0, 1), (1, 0)): [12, 1, 1, 4]
(2, (1, 0, 1), (2, 0)): [7, 1, 1, 2]
(2, (1, 0, 1), (3, 0)): [7, 1, 1, 1]
(2, (1, 1, 0), (0, 0)): [17238, 2738, 1466, 827, 269, 87, 25, 11, 3, 0, 2, 0, 0, 1]
(2, (1, 1, 0), (0, 1)): [30, 4, 1, 1, 1]
(2, (1, 1, 0), (0, 2)): [13, 3, 1, 1]
(2, (1, 1, 0), (1, 0)): [29, 4, 5, 5, 0, 2, 0, 1]
(2, (1, 1, 0), (1, 1)): [16, 2, 2, 2, 1]
(2, (1, 1, 0), (1, 2)): [13, 2, 0, 1]
(2, (1, 1, 0), (2, 0)): [21, 3, 2, 3, 0, 1, 0, 1]
(2, (1, 1, 0), (2, 1)): [13, 3, 2, 1, 1]
(2, (1, 1, 0), (2, 2)): [10, 2, 1, 1, 1]
(2, (1, 1, 0), (3, 0)): [13, 2, 1, 0, 0, 1]
(2, (1, 1, 0), (3, 1)): [7, 0, 1, 1]
(2, (1, 1, 0), (3, 2)): [9, 1, 2, 1, 1]
(2, (1, 1, 1), (0, 0)): [5051, 826, 864, 485, 293, 88, 30, 11, 5, 1, 2, 0, 0, 1]
(2, (1, 1, 1), (0, 1)): [9, 0, 3, 2, 1, 1]
(2, (1, 1, 1), (0, 2)): [7, 0, 1, 0, 0, 1]
(2, (1, 1, 1), (1, 0)): [10, 5, 2, 5, 0, 1]
(2, (1, 1, 1), (1, 1)): [4, 0, 3, 3]
(2, (1, 1, 1), (1, 2)): [3, 0, 2, 1, 0, 1]
(2, (1, 1, 1), (2, 0)): [7, 5, 1, 3, 0, 1]
(2, (1, 1, 1), (2, 2)): [4, 1, 1, 2]
(2, (1, 1, 1), (3, 0)): [4, 4, 0, 3, 0, 1]
(2, (1, 1, 1), (3, 1)): [4, 0, 0, 1]
(2, (1, 1, 1), (3, 2)): [3, 1, 0, 2]
