(0, (0, 0, 0), (0, 0)): [457361, 93767, 44173, 20504, 9334, 4142, 1705, 731, 303, 157, 62, 25, 16, 4, 2]
(0, (0, 0, 0), (1, 0)): [940, 196, 82, 32, 20, 16, 5, 1, 0, 1]
(0, (0, 0, 0), (2, 0)): [377, 92, 45, 19, 12, 11, 3, 0, 0, 1]
(0, (0, 0, 0), (3, 0)): [169, 46, 29, 15, 7, 9, 2]
(0, (0, 0, 1), (0, 0)): [2046, 6905, 1919, 915, 470, 193, 90, 50, 22, 9, 2, 1, 3]
(0, (0, 1, 0), (0, 0)): [14810, 15464, 5946, 2812, 1449, 655, 269, 124, 54, 33, 11, 4, 2]
(0, (0, 1, 1), (0, 0)): [1331, 2443, 3191, 1434, 771, 379, 157, 71, 36, 12, 5, 3, 0, 1, 1]
(0, (1, 0, 0), (0, 0)): [101697, 35999, 22495, 11323, 5447, 2492, 1045, 457, 191, 106, 43, 16, 10, 3, 2]
(0, (1, 0, 1), (0, 0)): [2360, 7774, 3332, 2264, 1227, 579, 299, 120, 55, 25, 9, 8, 3, 0, 1]
(0, (1, 1, 0), (0, 0)): [13508, 9110, 7504, 5109, 2783, 1285, 576, 285, 116, 56, 29, 8, 4, 1]
(0, (1, 1, 1), (0, 0)): [1366, 2572, 2232, 1815, 1421, 708, 324, 166, 73, 33, 20, 6, 0, 1, 1]
(1, (0, 0, 0), (0, 0)): [362513, 39804, 16556, 6662, 2661, 1077, 419, 165, 66, 24, 10, 6, 2, 1]
(1, (0, 0, 1), (0, 0)): [11226, 17858, 3507, 1469, 633, 255, 107, 54, 23, 8, 6, 4, 3, 1]
(1, (0, 1, 0), (0, 0)): [52144, 25943, 8867, 3696, 1542, 639, 231, 105, 27, 24, 7, 5, 4]
(1, (0, 1, 1), (0, 0)): [8888, 7847, 7748, 3045, 1444, 599, 225, 98, 50, 15, 7, 4, 1, 1]
(1, (1, 0, 0), (0, 0)): [148774, 28327, 17117, 7591, 3011, 1287, 482, 182, 84, 37, 14, 11, 2, 2]
(1, (1, 0, 1), (0, 0)): [11708, 15395, 5244, 3324, 1403, 628, 234, 86, 31, 26, 9, 2]
(1, (1, 1, 0), (0, 0)): [39153, 12619, 9141, 6071, 2650, 1155, 458, 176, 73, 33, 11, 6, 2, 3]
(1, (1, 1, 1), (0, 0)): [7856, 6594, 4284, 3022, 2052, 935, 384, 151, 65, 25, 11, 6, 2, 1]
(2, (0, 0, 0), (0, 0)): [310459, 13461, 4663, 1439, 528, 200, 66, 27, 6, 2, 2]
(2, (0, 0, 1), (0, 0)): [34504, 11471, 2093, 709, 245, 101, 35, 9, 1, 2, 0, 1]
(2, (0, 1, 0), (0, 0)): [84874, 19982, 4864, 1666, 553, 202, 60, 16, 6, 1]
(2, (0, 1, 1), (0, 0)): [21050, 1853, 5077, 1355, 502, 177, 60, 21, 10, 3, 1]
(2, (1, 0, 0), (0, 0)): [182603, 14248, 8065, 2649, 905, 289, 113, 42, 11, 3, 3]
(2, (1, 0, 1), (0, 0)): [30949, 8306, 3571, 1887, 586, 231, 74, 29, 11, 2, 0, 1]
(2, (1, 1, 0), (0, 0)): [66079, 10620, 5730, 3413, 1127, 396, 120, 42, 16, 6, 4, 0, 0, 1]
(2, (1, 1, 1), (0, 0)): [19465, 2953, 3409, 1802, 1194, 411, 133, 51, 22, 5, 4, 0, 0, 1]
