(0, (0, 0, 0)): [14870, 3062, 1588, 743, 316, 151, 60, 26, 11, 8, 2]
(0, (0, 0, 1)): [63, 225, 60, 24, 11, 6, 1, 3, 2]
(0, (0, 1, 0)): [560, 511, 216, 103, 34, 19, 10, 3, 3, 3]
(0, (0, 1, 1)): [47, 75, 107, 50, 22, 12, 8, 2]
(0, (1, 0, 0)): [3241, 1087, 802, 399, 195, 93, 36, 18, 9, 4, 1]
(0, (1, 0, 1)): [76, 289, 115, 90, 33, 15, 13, 5, 3]
(0, (1, 1, 0)): [438, 280, 249, 175, 104, 49, 17, 13, 6, 0, 1]
(0, (1, 1, 1)): [36, 81, 87, 57, 51, 30, 6, 4, 2, 0, 1]
(1, (0, 0, 0)): [11915, 1355, 614, 245, 94, 37, 18, 4, 3, 2, 1]
(1, (0, 0, 1)): [326, 514, 100, 40, 12, 9, 4, 0, 1]
(1, (0, 1, 0)): [1562, 770, 291, 129, 51, 31, 11, 1, 3, 2]
(1, (0, 1, 1)): [255, 230, 223, 90, 55, 20, 9, 3, 1]
(1, (1, 0, 0)): [4921, 910, 622, 265, 103, 48, 20, 9, 2, 2, 1]
(1, (1, 0, 1)): [376, 483, 151, 129, 52, 25, 10, 3, 1]
(1, (1, 1, 0)): [1382, 430, 351, 230, 86, 50, 16, 10, 4, 2]
(1, (1, 1, 1)): [289, 234, 148, 106, 77, 34, 17, 5, 1, 1]
(2, (0, 0, 0)): [10237, 465, 193, 52, 25, 4, 2, 2, 1]
(2, (0, 0, 1)): [841, 266, 57, 23, 8, 0, 2]
(2, (0, 1, 0)): [2686, 675, 168, 46, 18, 7, 2]
(2, (0, 1, 1)): [588, 33, 146, 34, 15, 3, 2, 0, 1, 1]
(2, (1, 0, 0)): [6093, 463, 317, 101, 33, 6, 4, 2]
(2, (1, 0, 1)): [926, 230, 89, 73, 13, 9, 5, 2]
(2, (1, 1, 0)): [2602, 429, 245, 123, 42, 15, 7, 3]
(2, (1, 1, 1)): [730, 86, 113, 72, 47, 17, 7, 1, 1, 1]
