(0, (0, 0, 0)): [16968, 3428, 1505, 709, 309, 137, 49, 19, 10, 3, 3, 1]
(0, (0, 0, 1)): [68, 184, 41, 24, 10, 5, 2, 2]
(0, (0, 1, 0)): [506, 515, 166, 84, 42, 22, 6, 3, 3, 2]
(0, (0, 1, 1)): [52, 92, 95, 39, 28, 10, 7, 2, 2]
(0, (1, 0, 0)): [3668, 1093, 744, 379, 172, 87, 34, 10, 9, 2, 1]
(0, (1, 0, 1)): [79, 226, 82, 63, 32, 12, 10, 3, 1, 2, 1]
(0, (1, 1, 0)): [527, 300, 199, 163, 84, 34, 21, 6, 3, 1]
(0, (1, 1, 1)): [58, 107, 77, 52, 46, 16, 14, 1, 4, 1]
(1, (0, 0, 0)): [13763, 1562, 611, 239, 109, 33, 12, 4, 1, 0, 2]
(1, (0, 0, 1)): [322, 460, 75, 29, 20, 13, 2, 1, 1]
(1, (0, 1, 0)): [1675, 686, 274, 113, 47, 25, 1, 2, 1, 1, 2]
(1, (0, 1, 1)): [297, 197, 184, 84, 50, 13, 7, 1, 2]
(1, (1, 0, 0)): [5181, 877, 595, 255, 112, 38, 14, 5, 3, 1]
(1, (1, 0, 1)): [400, 448, 128, 103, 56, 26, 11, 1, 1, 1]
(1, (1, 1, 0)): [1406, 430, 255, 205, 92, 35, 11, 8, 2]
(1, (1, 1, 1)): [319, 212, 142, 106, 82, 30, 11, 2]
(2, (0, 0, 0)): [12138, 622, 181, 62, 20, 4, 3, 1]
(2, (0, 0, 1)): [1027, 280, 53, 20, 7, 4, 0, 1]
(2, (0, 1, 0)): [2689, 529, 178, 74, 19, 6, 1]
(2, (0, 1, 1)): [631, 60, 127, 23, 12, 6, 2, 1]
(2, (1, 0, 0)): [6359, 427, 316, 100, 32, 10, 5, 1]
(2, (1, 0, 1)): [993, 267, 82, 60, 24, 8, 3]
(2, (1, 1, 0)): [2410, 340, 200, 139, 43, 15, 4, 1]
(2, (1, 1, 1)): [732, 119, 120, 69, 38, 14, 6, 2]
