(0, (0, 0, 0)): [263252, 54908, 26036, 12022, 5519, 2458, 1075, 452, 184, 92, 33, 17, 9, 3, 2]
(0, (0, 0, 1)): [1176, 4169, 1200, 593, 284, 113, 62, 36, 10, 5, 2, 1, 2]
(0, (0, 1, 0)): [8490, 9007, 3505, 1662, 863, 407, 167, 77, 34, 19, 5, 2]
(0, (0, 1, 1)): [758, 1451, 1904, 880, 467, 229, 99, 50, 20, 9, 5, 1, 0, 1, 1]
(0, (1, 0, 0)): [58650, 21184, 13201, 6639, 3213, 1498, 658, 276, 114, 61, 25, 11, 6, 3, 2]
(0, (1, 0, 1)): [1422, 4516, 2008, 1388, 787, 375, 198, 76, 38, 22, 6, 5, 2, 0, 1]
(0, (1, 1, 0)): [7625, 5203, 4314, 2941, 1587, 775, 355, 161, 66, 33, 20, 5, 1, 1]
(0, (1, 1, 1)): [766, 1456, 1268, 1029, 819, 411, 208, 92, 46, 24, 10, 3, 0, 1, 1]
(1, (0, 0, 0)): [208209, 23309, 9781, 3874, 1560, 624, 262, 106, 39, 14, 4, 4, 2]
(1, (0, 0, 1)): [6721, 10864, 2205, 941, 395, 160, 61, 34, 13, 4, 5, 3, 1]
(1, (0, 1, 0)): [30214, 15421, 5245, 2185, 919, 391, 146, 62, 18, 14, 1, 3, 3]
(1, (0, 1, 1)): [5226, 4623, 4743, 1819, 860, 351, 156, 62, 31, 7, 5, 2, 0, 1]
(1, (1, 0, 0)): [86530, 16663, 10162, 4474, 1807, 769, 300, 113, 51, 24, 7, 8, 2, 2]
(1, (1, 0, 1)): [7158, 9327, 3230, 2064, 843, 394, 151, 60, 22, 18, 6, 2]
(1, (1, 1, 0)): [22039, 7159, 5205, 3478, 1558, 692, 259, 102, 36, 20, 3, 6, 1, 3]
(1, (1, 1, 1)): [4242, 3586, 2323, 1678, 1167, 540, 220, 88, 36, 14, 5, 3, 1, 1]
(2, (0, 0, 0)): [178088, 7847, 2717, 842, 303, 115, 41, 17, 3, 1]
(2, (0, 0, 1)): [21598, 7189, 1367, 433, 159, 71, 22, 6, 0, 1]
(2, (0, 1, 0)): [49524, 11786, 2896, 987, 334, 124, 38, 10, 4, 1]
(2, (0, 1, 1)): [12856, 1138, 3156, 866, 297, 115, 38, 14, 8, 1, 1]
(2, (1, 0, 0)): [106400, 8467, 4720, 1554, 539, 177, 75, 23, 7, 1]
(2, (1, 0, 1)): [19288, 5165, 2268, 1183, 380, 158, 49, 22, 7, 1, 0, 1]
(2, (1, 1, 0)): [35838, 5753, 3168, 1893, 647, 230, 64, 14, 10, 4, 1, 0, 0, 1]
(2, (1, 1, 1)): [10640, 1614, 1898, 1025, 705, 242, 75, 30, 15, 1, 1, 0, 0, 1]
