(0, (0, 0, 0)): [21789, 4297, 2081, 920, 434, 176, 67, 33, 8, 5, 2, 2, 1]
(0, (0, 0, 1)): [106, 269, 57, 33, 19, 6, 4, 1]
(0, (0, 1, 0)): [746, 661, 256, 125, 64, 24, 6, 3, 0, 1]
(0, (0, 1, 1)): [64, 97, 130, 62, 29, 18, 9, 7, 1, 3, 0, 1]
(0, (1, 0, 0)): [4752, 1442, 1043, 484, 219, 103, 43, 28, 6, 4, 2, 2, 1]
(0, (1, 0, 1)): [118, 319, 134, 87, 46, 25, 8, 3, 1, 1, 2]
(0, (1, 1, 0)): [662, 341, 273, 222, 106, 51, 17, 18, 3, 2, 1, 2]
(0, (1, 1, 1)): [77, 97, 95, 72, 58, 29, 14, 13, 1, 2, 1]
(1, (0, 0, 0)): [17701, 1910, 828, 306, 151, 39, 16, 2, 2]
(1, (0, 0, 1)): [492, 596, 114, 55, 26, 12, 4]
(1, (0, 1, 0)): [2215, 915, 381, 146, 62, 12, 10, 2, 1]
(1, (0, 1, 1)): [359, 267, 262, 95, 49, 14, 4, 5, 0, 1]
(1, (1, 0, 0)): [6803, 1111, 799, 309, 152, 45, 20, 3, 3, 0, 0, 0, 1]
(1, (1, 0, 1)): [578, 619, 176, 135, 59, 25, 8, 2, 3, 1]
(1, (1, 1, 0)): [1846, 496, 370, 247, 122, 41, 16, 5, 3, 1, 0, 1, 1]
(1, (1, 1, 1)): [390, 249, 163, 111, 90, 37, 11, 7, 1, 1, 0, 1, 1]
(2, (0, 0, 0)): [15517, 761, 264, 73, 37, 10, 2]
(2, (0, 0, 1)): [1232, 381, 87, 37, 13, 2, 0, 0, 1]
(2, (0, 1, 0)): [3515, 684, 201, 66, 29, 7, 1]
(2, (0, 1, 1)): [777, 53, 165, 51, 21, 3, 1, 0, 0, 0, 1]
(2, (1, 0, 0)): [8270, 576, 424, 127, 46, 11, 5, 1]
(2, (1, 0, 1)): [1402, 315, 112, 87, 36, 5, 8, 0, 1]
(2, (1, 1, 0)): [3249, 489, 235, 152, 66, 21, 1, 2, 0, 0, 0, 1]
(2, (1, 1, 1)): [894, 110, 141, 67, 51, 14, 4, 1, 1]
