(0, (0, 0, 0)): [516596, 105125, 49582, 22991, 10550, 4601, 1910, 822, 348, 179, 71, 26, 17, 4, 2]
(0, (0, 0, 1)): [2293, 7582, 2132, 1015, 515, 207, 100, 55, 22, 12, 2, 1, 3]
(0, (0, 1, 0)): [16784, 17203, 6601, 3142, 1605, 732, 301, 136, 60, 36, 13, 4, 2]
(0, (0, 1, 1)): [1505, 2732, 3535, 1594, 856, 409, 176, 80, 42, 15, 5, 3, 0, 1, 1]
(0, (1, 0, 0)): [114886, 40149, 25231, 12638, 6158, 2767, 1182, 515, 223, 116, 49, 17, 11, 3, 2]
(0, (1, 0, 1)): [2614, 8675, 3674, 2497, 1362, 639, 323, 131, 62, 28, 10, 8, 3, 0, 1]
(0, (1, 1, 0)): [15393, 10316, 8467, 5757, 3168, 1452, 649, 326, 137, 64, 32, 9, 5, 1]
(0, (1, 1, 1)): [1565, 2960, 2551, 2054, 1601, 777, 365, 189, 85, 36, 22, 7, 0, 1, 1]
(1, (0, 0, 0)): [409682, 44737, 18607, 7527, 3016, 1198, 464, 187, 73, 29, 11, 6, 2, 1]
(1, (0, 0, 1)): [12433, 19506, 3799, 1619, 692, 279, 120, 57, 26, 10, 6, 4, 3, 1]
(1, (0, 1, 0)): [58296, 28671, 9878, 4122, 1732, 705, 266, 126, 31, 25, 8, 5, 4]
(1, (0, 1, 1)): [9968, 8690, 8496, 3326, 1626, 665, 254, 106, 56, 17, 7, 4, 1, 1]
(1, (1, 0, 0)): [167452, 31554, 19177, 8491, 3389, 1429, 539, 199, 95, 42, 14, 11, 2, 2]
(1, (1, 0, 1)): [13015, 17071, 5731, 3639, 1549, 681, 258, 100, 42, 30, 9, 2]
(1, (1, 1, 0)): [44707, 14391, 10322, 6873, 3001, 1314, 522, 206, 79, 35, 11, 6, 2, 3]
(1, (1, 1, 1)): [9115, 7614, 4940, 3424, 2382, 1069, 437, 170, 74, 27, 11, 6, 2, 1]
(2, (0, 0, 0)): [350796, 15228, 5283, 1664, 605, 224, 76, 30, 7, 2, 2]
(2, (0, 0, 1)): [37737, 12527, 2292, 781, 279, 109, 37, 10, 1, 2, 0, 1]
(2, (0, 1, 0)): [94544, 22067, 5402, 1885, 626, 227, 69, 17, 6, 1]
(2, (0, 1, 1)): [23244, 2069, 5558, 1478, 557, 186, 68, 26, 10, 3, 1]
(2, (1, 0, 0)): [205282, 15872, 9144, 3003, 1010, 321, 127, 44, 12, 3, 3]
(2, (1, 0, 1)): [34281, 9152, 3897, 2082, 649, 246, 82, 30, 11, 2, 0, 1]
(2, (1, 1, 0)): [76457, 12230, 6561, 3936, 1292, 448, 136, 48, 18, 6, 4, 0, 0, 1]
(2, (1, 1, 1)): [22513, 3421, 3921, 2061, 1353, 463, 152, 57, 24, 5, 4, 0, 0, 1]
