(0, (0, 0, 0)): [88, 15, 4, 2, 1, 0, 0, 1]
(0, (0, 0, 1)): [1, 1]
(0, (0, 1, 0)): [6, 5, 1, 1]
(0, (1, 0, 0)): [13, 4, 1, 0, 1]
(0, (1, 0, 1)): [1, 1, 0, 0, 1]
(0, (1, 1, 0)): [1, 1, 0, 1]
(1, (0, 0, 0)): [74, 7, 3, 1, 0, 0, 0, 1]
(1, (0, 0, 1)): [4, 5]
(1, (0, 1, 0)): [12, 8, 1]
(1, (0, 1, 1)): [1, 0, 2, 0, 0, 0, 0, 1]
(1, (1, 0, 0)): [26, 1, 1, 1, 0, 0, 0, 1]
(1, (1, 0, 1)): [0, 4, 0, 0, 1, 1, 1]
(1, (1, 1, 0)): [1, 0, 0, 2]
(2, (0, 0, 0)): [63, 1, 1]
(2, (0, 0, 1)): [8, 2, 1]
(2, (0, 1, 0)): [19, 4, 1]
(2, (0, 1, 1)): [1]
(2, (1, 0, 0)): [36, 1]
(2, (1, 0, 1)): [2]
(2, (1, 1, 0)): [8, 0, 0, 1]
