(0, (0, 0, 0)): [283260, 58019, 27291, 12558, 5697, 2517, 1083, 449, 179, 82, 39, 15, 8, 3, 2]
(0, (0, 0, 1)): [1405, 4554, 1310, 621, 305, 123, 65, 36, 9, 5, 1, 1, 3]
(0, (0, 1, 0)): [9095, 9635, 3695, 1712, 886, 407, 162, 75, 33, 17, 7, 2]
(0, (0, 1, 1)): [823, 1514, 2007, 935, 483, 241, 94, 45, 20, 8, 3, 1, 0, 1, 1]
(0, (1, 0, 0)): [63527, 22795, 13994, 7024, 3323, 1523, 664, 282, 108, 55, 30, 9, 5, 3, 2]
(0, (1, 0, 1)): [1525, 4627, 2115, 1406, 801, 370, 193, 78, 36, 19, 6, 5, 2, 0, 1]
(0, (1, 1, 0)): [8246, 5594, 4634, 3094, 1679, 800, 362, 173, 64, 33, 23, 4, 1, 1]
(0, (1, 1, 1)): [848, 1538, 1355, 1111, 901, 441, 213, 101, 46, 24, 12, 3, 0, 1, 1]
(1, (0, 0, 0)): [223478, 24342, 10138, 3994, 1619, 664, 265, 95, 39, 13, 4, 4, 1]
(1, (0, 0, 1)): [7672, 12099, 2404, 996, 434, 166, 64, 35, 11, 2, 4, 2, 1]
(1, (0, 1, 0)): [33453, 16744, 5641, 2326, 946, 402, 156, 60, 16, 10, 2, 3, 2]
(1, (0, 1, 1)): [5684, 5011, 5189, 1965, 870, 369, 148, 55, 24, 9, 5, 3, 0, 1]
(1, (1, 0, 0)): [92322, 17684, 10617, 4661, 1852, 799, 295, 104, 50, 22, 6, 8, 2, 2]
(1, (1, 0, 1)): [7433, 9623, 3405, 2114, 900, 389, 147, 56, 19, 16, 6, 2]
(1, (1, 1, 0)): [23420, 7534, 5450, 3652, 1567, 711, 257, 98, 42, 20, 5, 5, 1, 3]
(1, (1, 1, 1)): [4496, 3757, 2406, 1783, 1210, 555, 219, 91, 36, 14, 6, 3, 1, 1]
(2, (0, 0, 0)): [191737, 8212, 2756, 864, 308, 112, 44, 16, 2, 1, 1]
(2, (0, 0, 1)): [23765, 7983, 1432, 454, 161, 67, 21, 6]
(2, (0, 1, 0)): [54694, 12811, 3093, 1050, 340, 123, 39, 10, 2, 1]
(2, (0, 1, 1)): [14075, 1267, 3421, 907, 307, 111, 36, 11, 8, 1, 1]
(2, (1, 0, 0)): [113406, 8912, 4798, 1590, 536, 170, 73, 24, 6, 1, 1]
(2, (1, 0, 1)): [19896, 5425, 2379, 1179, 377, 144, 44, 20, 6, 0, 0, 1]
(2, (1, 1, 0)): [37428, 5922, 3295, 1956, 635, 225, 65, 16, 7, 4, 2, 0, 0, 1]
(2, (1, 1, 1)): [11139, 1715, 1931, 1060, 691, 232, 78, 29, 15, 2, 2, 0, 0, 1]
