(0, (0, 0, 0)): [571, 89, 39, 17, 8, 6, 3]
(0, (0, 1, 0)): [24, 13, 4, 2, 2]
(0, (0, 1, 1)): [1, 2, 2, 2, 0, 1]
(0, (1, 0, 0)): [112, 38, 16, 10, 2, 3, 2]
(0, (1, 0, 1)): [1, 5, 7, 2, 2, 1, 1]
(0, (1, 1, 0)): [19, 9, 3, 7, 1, 1, 1]
(1, (0, 0, 0)): [453, 39, 15, 6, 5, 3, 1]
(1, (0, 0, 1)): [22, 21, 4, 3, 1]
(1, (0, 1, 0)): [73, 36, 6, 5, 2, 1]
(1, (0, 1, 1)): [14, 12, 12, 6, 0, 2]
(1, (1, 0, 0)): [163, 28, 12, 5, 2, 4, 1]
(1, (1, 0, 1)): [5, 4, 4, 2, 4]
(1, (1, 1, 0)): [37, 12, 6, 8, 1, 1]
(1, (1, 1, 1)): [7, 6, 5, 5, 1, 2]
(2, (0, 0, 0)): [391, 10, 5, 2, 3]
(2, (0, 0, 1)): [56, 24, 2, 0, 2]
(2, (0, 1, 0)): [122, 25, 7, 3]
(2, (0, 1, 1)): [35, 4, 10]
(2, (1, 0, 0)): [205, 13, 9, 5, 2]
(2, (1, 0, 1)): [31, 8, 6, 1]
(2, (1, 1, 0)): [55, 13, 7, 4, 2]
(2, (1, 1, 1)): [19, 4, 6, 2, 2]
