(0, (0, 0, 0), (0, 0)): [713925, 144859, 68405, 31428, 14321, 6308, 2611, 1092, 463, 217, 92, 45, 22, 6, 3, 1, 0, 1]
(0, (0, 0, 0), (0, 1)): [14746, 2755, 1332, 583, 252, 115, 38, 24, 5, 5, 1, 0, 2, 1, 0, 1]
(0, (0, 0, 0), (0, 2)): [5268, 887, 414, 182, 81, 22, 13, 11, 1, 1, 0, 0, 1]
(0, (0, 0, 0), (1, 0)): [13603, 2960, 1531, 675, 355, 143, 67, 23, 8, 5, 2]
(0, (0, 0, 0), (1, 1)): [12532, 2451, 1252, 566, 264, 112, 38, 20, 6, 3, 2, 0, 1, 1, 0, 1]
(0, (0, 0, 0), (1, 2)): [7903, 1404, 655, 280, 141, 54, 16, 11, 4, 2, 0, 0, 2]
(0, (0, 0, 0), (2, 0)): [4502, 1093, 579, 288, 150, 68, 32, 11, 1, 2, 1]
(0, (0, 0, 0), (2, 1)): [6786, 1424, 776, 369, 177, 79, 33, 17, 2, 1, 1, 0, 0, 1]
(0, (0, 0, 0), (2, 2)): [6361, 1205, 610, 273, 136, 60, 17, 11, 1, 3, 1, 0, 2]
(0, (0, 0, 0), (3, 0)): [1500, 383, 256, 138, 66, 37, 14, 3, 1, 0, 1]
(0, (0, 0, 0), (3, 1)): [2739, 671, 440, 224, 97, 45, 18, 8, 3]
(0, (0, 0, 0), (3, 2)): [3691, 799, 509, 238, 110, 46, 14, 6, 3, 2, 0, 0, 2]
(0, (0, 0, 1), (0, 0)): [3040, 9649, 2709, 1268, 629, 292, 124, 70, 28, 17, 4, 1, 3, 1]
(0, (0, 0, 1), (0, 1)): [57, 132, 50, 16, 12, 5, 3, 1, 0, 1, 0, 0, 0, 1]
(0, (0, 0, 1), (0, 2)): [23, 52, 15, 5, 5, 1]
(0, (0, 0, 1), (1, 0)): [59, 142, 37, 27, 13, 9, 1, 2, 1]
(0, (0, 0, 1), (1, 1)): [50, 92, 35, 14, 13, 5, 2, 1, 0, 1, 0, 0, 0, 1]
(0, (0, 0, 1), (1, 2)): [33, 70, 22, 8, 6, 0, 1, 1, 0, 1]
(0, (0, 0, 1), (2, 0)): [28, 67, 17, 14, 3, 6, 1, 1, 1]
(0, (0, 0, 1), (2, 1)): [32, 58, 19, 14, 10, 4]
(0, (0, 0, 1), (2, 2)): [30, 48, 19, 7, 6, 1]
(0, (0, 0, 1), (3, 0)): [6, 29, 8, 6, 0, 3, 1, 1, 1]
(0, (0, 0, 1), (3, 1)): [13, 28, 8, 7, 6, 3, 0, 1]
(0, (0, 0, 1), (3, 2)): [18, 31, 7, 5, 5, 3, 0, 1]
(0, (0, 1, 0), (0, 0)): [23066, 22717, 8894, 4238, 2117, 956, 392, 168, 77, 45, 15, 5, 3, 0, 1]
(0, (0, 1, 0), (0, 1)): [450, 355, 143, 65, 24, 17, 6, 3]
(0, (0, 1, 0), (0, 2)): [168, 107, 49, 16, 3, 7, 1]
(0, (0, 1, 0), (1, 0)): [431, 386, 149, 89, 41, 22, 8, 1, 1]
(0, (0, 1, 0), (1, 1)): [378, 301, 122, 63, 24, 13, 7, 3]
(0, (0, 1, 0), (1, 2)): [240, 191, 75, 33, 13, 10, 3, 1]
(0, (0, 1, 0), (2, 0)): [142, 135, 50, 36, 17, 13, 3, 0, 1]
(0, (0, 1, 0), (2, 1)): [173, 153, 59, 41, 11, 14, 5, 2]
(0, (0, 1, 0), (2, 2)): [175, 138, 63, 33, 8, 6, 5, 1]
(0, (0, 1, 0), (3, 0)): [58, 51, 22, 21, 13, 4, 1, 0, 1]
(0, (0, 1, 0), (3, 1)): [70, 68, 31, 23, 14, 8, 2, 1]
(0, (0, 1, 0), (3, 2)): [102, 84, 46, 24, 10, 4, 5]
(0, (0, 1, 1), (0, 0)): [2078, 3654, 4628, 2086, 1155, 532, 228, 108, 53, 20, 7, 5, 0, 2, 1, 0, 0, 1]
(0, (0, 1, 1), (0, 1)): [36, 50, 78, 35, 17, 4, 4, 1, 1]
(0, (0, 1, 1), (0, 2)): [19, 19, 28, 13, 8, 2, 2, 1]
(0, (0, 1, 1), (1, 0)): [48, 79, 104, 48, 37, 12, 7, 5, 3, 0, 0, 1]
(0, (0, 1, 1), (1, 1)): [29, 47, 68, 33, 18, 4, 3, 1, 2]
(0, (0, 1, 1), (1, 2)): [20, 20, 37, 17, 12, 3, 2, 1, 1]
(0, (0, 1, 1), (2, 0)): [29, 45, 52, 23, 22, 7, 3, 4, 2, 0, 0, 1]
(0, (0, 1, 1), (2, 1)): [21, 34, 48, 21, 11, 4, 2, 3, 2]
(0, (0, 1, 1), (2, 2)): [24, 23, 36, 14, 8, 3, 1, 2, 1]
(0, (0, 1, 1), (3, 0)): [17, 28, 25, 18, 16, 6, 1, 1, 0, 0, 0, 1]
(0, (0, 1, 1), (3, 1)): [10, 19, 18, 11, 9, 1, 0, 1, 2]
(0, (0, 1, 1), (3, 2)): [13, 13, 27, 14, 7, 3, 1, 3, 2]
(0, (1, 0, 0), (0, 0)): [157718, 53485, 34221, 17037, 8281, 3798, 1607, 691, 305, 137, 62, 28, 13, 4, 2, 1, 0, 1]
(0, (1, 0, 0), (0, 1)): [3120, 823, 634, 291, 160, 73, 24, 11, 5]
(0, (1, 0, 0), (0, 2)): [1156, 233, 207, 79, 46, 19, 9, 1, 4]
(0, (1, 0, 0), (1, 0)): [2701, 885, 675, 319, 167, 62, 35, 12, 4, 5, 2]
(0, (1, 0, 0), (1, 1)): [2351, 682, 529, 240, 120, 44, 21, 10, 3, 3]
(0, (1, 0, 0), (1, 2)): [1464, 357, 303, 112, 63, 23, 13, 4, 3, 1]
(0, (1, 0, 0), (2, 0)): [845, 307, 216, 127, 70, 28, 10, 8, 2, 2, 2]
(0, (1, 0, 0), (2, 1)): [1149, 351, 266, 149, 73, 32, 10, 5, 3, 3]
(0, (1, 0, 0), (2, 2)): [1064, 286, 228, 102, 54, 18, 10, 5, 3, 2]
(0, (1, 0, 0), (3, 0)): [255, 110, 83, 53, 36, 10, 3, 5, 0, 1, 1]
(0, (1, 0, 0), (3, 1)): [425, 149, 121, 72, 49, 15, 4, 2, 2, 1, 1]
(0, (1, 0, 0), (3, 2)): [545, 182, 138, 72, 50, 15, 5, 3, 2, 2]
(0, (1, 0, 1), (0, 0)): [3511, 11596, 4766, 3274, 1766, 831, 407, 170, 79, 34, 14, 10, 4, 0, 1, 0, 0, 1]
(0, (1, 0, 1), (0, 1)): [69, 184, 73, 51, 24, 10, 10, 1, 1, 0, 0, 0, 1]
(0, (1, 0, 1), (0, 2)): [26, 72, 17, 18, 9, 7, 5, 0, 1]
(0, (1, 0, 1), (1, 0)): [61, 211, 83, 58, 31, 17, 2, 4, 4, 1, 1]
(0, (1, 0, 1), (1, 1)): [58, 154, 54, 44, 21, 10, 5, 1, 2, 0, 1]
(0, (1, 0, 1), (1, 2)): [45, 82, 27, 21, 11, 7, 3, 1, 2]
(0, (1, 0, 1), (2, 0)): [22, 74, 36, 20, 13, 9, 0, 3, 1, 1]
(0, (1, 0, 1), (2, 1)): [20, 99, 35, 25, 14, 9, 1, 0, 2, 0, 1]
(0, (1, 0, 1), (2, 2)): [36, 76, 27, 13, 9, 4, 2, 1, 1, 0, 1]
(0, (1, 0, 1), (3, 0)): [12, 21, 16, 12, 6, 5, 0, 3]
(0, (1, 0, 1), (3, 1)): [9, 37, 12, 12, 10, 6]
(0, (1, 0, 1), (3, 2)): [11, 39, 21, 9, 7, 3, 1, 0, 1, 0, 1]
(0, (1, 1, 0), (0, 0)): [21620, 14155, 11154, 7762, 4268, 2005, 890, 434, 180, 76, 38, 15, 6, 1]
(0, (1, 1, 0), (0, 1)): [460, 248, 164, 131, 69, 30, 10, 9, 1, 0, 1]
(0, (1, 1, 0), (0, 2)): [175, 87, 52, 40, 26, 10, 5, 6]
(0, (1, 1, 0), (1, 0)): [374, 225, 197, 138, 73, 43, 15, 9, 1, 3]
(0, (1, 1, 0), (1, 1)): [315, 176, 135, 95, 42, 24, 9, 6, 1, 1, 1]
(0, (1, 1, 0), (1, 2)): [217, 94, 77, 55, 25, 12, 3, 8, 1, 1]
(0, (1, 1, 0), (2, 0)): [103, 71, 67, 54, 30, 18, 4, 5, 1, 1]
(0, (1, 1, 0), (2, 1)): [149, 96, 68, 51, 31, 16, 7, 4, 0, 1]
(0, (1, 1, 0), (2, 2)): [145, 80, 63, 37, 16, 12, 1, 6, 1, 2]
(0, (1, 1, 0), (3, 0)): [26, 24, 27, 20, 12, 7, 2, 2, 1]
(0, (1, 1, 0), (3, 1)): [59, 34, 38, 31, 16, 9, 7, 1, 1]
(0, (1, 1, 0), (3, 2)): [87, 44, 40, 30, 12, 7, 1, 2, 1]
(0, (1, 1, 1), (0, 0)): [2231, 4124, 3459, 2695, 2149, 1051, 504, 260, 113, 47, 28, 11, 1, 1, 1]
(0, (1, 1, 1), (0, 1)): [64, 75, 71, 45, 32, 17, 7, 5, 4, 2, 1, 1]
(0, (1, 1, 1), (0, 2)): [32, 33, 21, 15, 14, 4, 2, 1, 2, 0, 0, 1]
(0, (1, 1, 1), (1, 0)): [40, 86, 87, 58, 56, 26, 9, 8, 2, 0, 1]
(0, (1, 1, 1), (1, 1)): [42, 62, 73, 42, 28, 16, 8, 7, 1, 1, 1]
(0, (1, 1, 1), (1, 2)): [39, 40, 38, 16, 14, 7, 3, 2, 3, 0, 0, 1]
(0, (1, 1, 1), (2, 0)): [12, 35, 23, 28, 28, 9, 2, 2, 1, 0, 1]
(0, (1, 1, 1), (2, 1)): [23, 32, 30, 25, 23, 10, 2, 4, 1]
(0, (1, 1, 1), (2, 2)): [23, 29, 29, 19, 13, 7, 3, 3, 1, 0, 0, 1]
(0, (1, 1, 1), (3, 0)): [2, 10, 12, 13, 10, 2, 1, 0, 0, 0, 1]
(0, (1, 1, 1), (3, 1)): [5, 17, 13, 20, 7, 3, 1, 0, 0, 0, 1]
(0, (1, 1, 1), (3, 2)): [8, 11, 17, 19, 8, 4, 3, 0, 1, 0, 0, 1]
(1, (0, 0, 0), (0, 0)): [569934, 62832, 26228, 10465, 4216, 1635, 628, 241, 96, 41, 19, 11, 5, 2, 0, 1]
(1, (0, 0, 0), (0, 1)): [11892, 1225, 525, 197, 86, 17, 9, 8, 1, 0, 0, 0, 0, 1]
(1, (0, 0, 0), (0, 2)): [4255, 351, 149, 55, 22, 4, 1, 2]
(1, (0, 0, 0), (1, 0)): [11433, 1458, 654, 229, 110, 42, 17, 7, 0, 1, 0, 0, 0, 0, 0, 1]
(1, (0, 0, 0), (1, 1)): [10363, 1179, 485, 177, 81, 30, 14, 5, 1, 1, 0, 0, 0, 1]
(1, (0, 0, 0), (1, 2)): [6382, 583, 235, 104, 45, 17, 5, 2]
(1, (0, 0, 0), (2, 0)): [3929, 553, 294, 93, 47, 18, 6, 4, 0, 0, 0, 0, 0, 0, 0, 1]
(1, (0, 0, 0), (2, 1)): [5734, 730, 329, 114, 56, 16, 8, 5, 0, 1]
(1, (0, 0, 0), (2, 2)): [5314, 538, 239, 98, 40, 20, 8, 3]
(1, (0, 0, 0), (3, 0)): [1265, 198, 133, 38, 24, 8, 4, 0, 0, 0, 0, 0, 0, 0, 0, 1]
(1, (0, 0, 0), (3, 1)): [2375, 391, 203, 69, 41, 7, 2, 3]
(1, (0, 0, 0), (3, 2)): [3081, 395, 212, 76, 37, 16, 7, 3]
(1, (0, 0, 1), (0, 0)): [16156, 24589, 4862, 2036, 867, 378, 148, 66, 31, 11, 6, 4, 3, 1]
(1, (0, 0, 1), (0, 1)): [293, 323, 73, 21, 12, 7, 4]
(1, (0, 0, 1), (0, 2)): [117, 105, 20, 6, 2, 1, 2]
(1, (0, 0, 1), (1, 0)): [297, 418, 79, 38, 19, 10, 4, 2, 1]
(1, (0, 0, 1), (1, 1)): [260, 304, 55, 20, 13, 6, 2, 2]
(1, (0, 0, 1), (1, 2)): [190, 159, 21, 11, 7, 2, 1]
(1, (0, 0, 1), (2, 0)): [124, 172, 36, 22, 10, 6, 4, 0, 1]
(1, (0, 0, 1), (2, 1)): [124, 175, 29, 13, 7, 6, 4, 2]
(1, (0, 0, 1), (2, 2)): [133, 138, 21, 10, 3, 2]
(1, (0, 0, 1), (3, 0)): [54, 74, 19, 15, 8, 3, 2, 0, 1]
(1, (0, 0, 1), (3, 1)): [70, 89, 11, 12, 4, 2, 2, 2]
(1, (0, 0, 1), (3, 2)): [84, 84, 16, 9, 3, 2, 1]
(1, (0, 1, 0), (0, 0)): [77724, 36836, 13048, 5557, 2287, 927, 317, 150, 40, 28, 14, 7, 5, 1, 1]
(1, (0, 1, 0), (0, 1)): [1276, 527, 197, 82, 26, 11, 6, 2, 1]
(1, (0, 1, 0), (0, 2)): [484, 191, 57, 17, 6, 5, 2]
(1, (0, 1, 0), (1, 0)): [1590, 721, 261, 162, 74, 25, 5, 3, 0, 0, 1, 0, 0, 1]
(1, (0, 1, 0), (1, 1)): [1148, 456, 185, 86, 33, 13, 5, 3, 1, 0, 0, 0, 0, 1]
(1, (0, 1, 0), (1, 2)): [728, 266, 102, 32, 11, 6, 3, 1]
(1, (0, 1, 0), (2, 0)): [691, 302, 117, 93, 40, 15, 3, 2, 0, 0, 1]
(1, (0, 1, 0), (2, 1)): [625, 261, 96, 60, 29, 11, 4, 3, 0, 0, 1, 0, 0, 1]
(1, (0, 1, 0), (2, 2)): [572, 237, 90, 35, 18, 5, 1, 1]
(1, (0, 1, 0), (3, 0)): [359, 151, 53, 69, 28, 8, 1, 1]
(1, (0, 1, 0), (3, 1)): [303, 118, 47, 41, 19, 7, 1, 1, 0, 0, 0, 0, 0, 1]
(1, (0, 1, 0), (3, 2)): [323, 130, 58, 39, 21, 1, 0, 1, 0, 0, 0, 0, 0, 1]
(1, (0, 1, 1), (0, 0)): [13216, 11202, 10700, 4236, 2156, 872, 346, 143, 73, 18, 8, 4, 1, 2, 0, 1]
(1, (0, 1, 1), (0, 1)): [193, 136, 113, 41, 23, 11, 5, 2]
(1, (0, 1, 1), (0, 2)): [94, 41, 41, 13, 7, 2, 1]
(1, (0, 1, 1), (1, 0)): [348, 248, 194, 102, 66, 25, 10, 7, 3, 1]
(1, (0, 1, 1), (1, 1)): [163, 119, 104, 44, 21, 6, 5, 2]
(1, (0, 1, 1), (1, 2)): [125, 58, 59, 28, 8, 3, 1]
(1, (0, 1, 1), (2, 0)): [231, 165, 107, 66, 52, 23, 9, 6, 3, 1]
(1, (0, 1, 1), (2, 1)): [97, 81, 52, 25, 10, 8, 5, 1]
(1, (0, 1, 1), (2, 2)): [91, 63, 48, 22, 12, 2, 0, 1]
(1, (0, 1, 1), (3, 0)): [189, 132, 87, 52, 47, 19, 7, 6, 3, 1]
(1, (0, 1, 1), (3, 1)): [48, 33, 23, 12, 3, 5, 5]
(1, (0, 1, 1), (3, 2)): [54, 44, 28, 9, 7, 3, 1]
(1, (1, 0, 0), (0, 0)): [229022, 41914, 26373, 11504, 4696, 1937, 744, 272, 129, 58, 21, 15, 3, 2, 0, 2]
(1, (1, 0, 0), (0, 1)): [4465, 619, 493, 192, 81, 30, 13, 3, 1, 2]
(1, (1, 0, 0), (0, 2)): [1550, 209, 167, 51, 26, 9, 5, 1, 0, 2]
(1, (1, 0, 0), (1, 0)): [4282, 742, 550, 259, 106, 39, 17, 8, 1, 2, 0, 0, 1, 0, 0, 1]
(1, (1, 0, 0), (1, 1)): [3639, 514, 413, 163, 67, 28, 9, 6, 1, 0, 0, 0, 0, 0, 0, 1]
(1, (1, 0, 0), (1, 2)): [2204, 276, 233, 70, 40, 12, 5, 4, 0, 1]
(1, (1, 0, 0), (2, 0)): [1393, 269, 206, 122, 50, 20, 8, 0, 1, 2, 0, 0, 1]
(1, (1, 0, 0), (2, 1)): [1859, 307, 257, 116, 47, 18, 6, 2, 2, 0, 0, 0, 0, 0, 0, 1]
(1, (1, 0, 0), (2, 2)): [1654, 226, 205, 83, 37, 11, 4, 3, 1, 1]
(1, (1, 0, 0), (3, 0)): [428, 98, 65, 49, 24, 8, 4, 0, 0, 2, 0, 0, 1]
(1, (1, 0, 0), (3, 1)): [707, 169, 113, 72, 27, 11, 5, 1, 0, 1, 0, 0, 0, 0, 0, 1]
(1, (1, 0, 0), (3, 2)): [860, 168, 115, 66, 27, 12, 5, 1, 1, 1, 0, 0, 0, 0, 0, 1]
(1, (1, 0, 1), (0, 0)): [17706, 22428, 7372, 4778, 2072, 882, 331, 135, 52, 40, 12, 3, 0, 1]
(1, (1, 0, 1), (0, 1)): [358, 306, 90, 77, 39, 13, 8, 1, 3, 2]
(1, (1, 0, 1), (0, 2)): [162, 96, 30, 26, 6, 5, 4, 0, 0, 1]
(1, (1, 0, 1), (1, 0)): [340, 406, 112, 87, 43, 15, 4, 1, 0, 2]
(1, (1, 0, 1), (1, 1)): [267, 254, 74, 68, 39, 5, 5, 1, 2]
(1, (1, 0, 1), (1, 2)): [205, 140, 44, 42, 16, 4, 4, 1, 0, 1]
(1, (1, 0, 1), (2, 0)): [132, 148, 35, 24, 20, 8, 1, 0, 0, 1]
(1, (1, 0, 1), (2, 1)): [128, 137, 41, 37, 22, 6, 4, 0, 2]
(1, (1, 0, 1), (2, 2)): [128, 106, 38, 21, 13, 3, 4, 0, 1]
(1, (1, 0, 1), (3, 0)): [50, 61, 12, 7, 9, 4, 0, 0, 0, 1]
(1, (1, 0, 1), (3, 1)): [58, 64, 14, 18, 17, 6]
(1, (1, 0, 1), (3, 2)): [65, 62, 22, 17, 14, 6, 3, 0, 1]
(1, (1, 1, 0), (0, 0)): [62235, 19728, 13817, 9525, 4156, 1810, 699, 281, 115, 52, 19, 9, 5, 4, 1]
(1, (1, 1, 0), (0, 1)): [1226, 317, 215, 161, 72, 28, 15, 4, 1]
(1, (1, 1, 0), (0, 2)): [479, 125, 72, 55, 24, 6, 2]
(1, (1, 1, 0), (1, 0)): [1108, 394, 268, 210, 93, 31, 12, 7, 1, 2, 0, 0, 2, 1]
(1, (1, 1, 0), (1, 1)): [944, 265, 191, 140, 63, 24, 13, 5, 0, 2]
(1, (1, 1, 0), (1, 2)): [671, 157, 108, 85, 37, 12, 6, 1]
(1, (1, 1, 0), (2, 0)): [375, 135, 93, 81, 33, 13, 2, 2, 1, 0, 0, 0, 2, 1]
(1, (1, 1, 0), (2, 1)): [467, 164, 111, 88, 32, 15, 6, 2, 0, 1, 0, 0, 1]
(1, (1, 1, 0), (2, 2)): [489, 130, 77, 62, 34, 8, 4, 1]
(1, (1, 1, 0), (3, 0)): [103, 47, 32, 25, 20, 8, 1, 2, 1, 0, 0, 0, 1]
(1, (1, 1, 0), (3, 1)): [191, 79, 58, 42, 20, 7, 5, 2, 0, 1, 0, 0, 1]
(1, (1, 1, 0), (3, 2)): [265, 82, 57, 38, 25, 7, 6, 3, 0, 1, 0, 0, 1]
(1, (1, 1, 1), (0, 0)): [12905, 10454, 6783, 4596, 3354, 1459, 599, 229, 99, 37, 15, 10, 5, 2, 1, 1]
(1, (1, 1, 1), (0, 1)): [300, 198, 129, 73, 69, 26, 12, 5, 3]
(1, (1, 1, 1), (0, 2)): [150, 70, 46, 21, 26, 7, 7]
(1, (1, 1, 1), (1, 0)): [261, 198, 139, 95, 71, 33, 15, 5, 2, 2, 0, 1, 1]
(1, (1, 1, 1), (1, 1)): [212, 136, 103, 72, 62, 26, 6, 4, 1]
(1, (1, 1, 1), (1, 2)): [173, 71, 61, 36, 30, 19, 7, 1]
(1, (1, 1, 1), (2, 0)): [76, 81, 60, 40, 24, 15, 8, 3, 1, 1, 0, 1, 1]
(1, (1, 1, 1), (2, 1)): [100, 90, 65, 45, 37, 12, 7, 4, 1, 1, 0, 1]
(1, (1, 1, 1), (2, 2)): [113, 62, 54, 44, 33, 12, 7, 2]
(1, (1, 1, 1), (3, 0)): [17, 30, 17, 18, 7, 9, 3, 0, 1, 0, 0, 0, 1]
(1, (1, 1, 1), (3, 1)): [32, 46, 21, 24, 14, 9, 4, 3, 0, 0, 0, 0, 1]
(1, (1, 1, 1), (3, 2)): [66, 41, 28, 30, 19, 11, 3, 2]
(2, (0, 0, 0), (0, 0)): [490554, 22054, 7642, 2402, 860, 290, 110, 36, 8, 3, 3, 0, 1]
(2, (0, 0, 0), (0, 1)): [10351, 440, 163, 40, 27, 5, 4, 1]
(2, (0, 0, 0), (0, 2)): [3525, 113, 30, 12, 5, 1, 0, 1]
(2, (0, 0, 0), (1, 0)): [10519, 602, 206, 60, 30, 8, 3, 0, 0, 0, 0, 0, 1]
(2, (0, 0, 0), (1, 1)): [9388, 455, 175, 35, 27, 4, 6]
(2, (0, 0, 0), (1, 2)): [5650, 208, 71, 19, 12, 3, 2]
(2, (0, 0, 0), (2, 0)): [3772, 221, 96, 36, 15, 5, 1, 0, 0, 0, 0, 0, 1]
(2, (0, 0, 0), (2, 1)): [5406, 267, 107, 36, 10, 3, 3]
(2, (0, 0, 0), (2, 2)): [4748, 213, 80, 26, 11, 4, 1]
(2, (0, 0, 0), (3, 0)): [1308, 88, 58, 18, 11, 2, 1, 0, 0, 0, 0, 0, 1]
(2, (0, 0, 0), (3, 1)): [2475, 128, 74, 22, 10, 3, 2]
(2, (0, 0, 0), (3, 2)): [3067, 162, 79, 23, 6, 3]
(2, (0, 0, 1), (0, 0)): [48436, 15758, 2967, 1015, 361, 143, 44, 12, 1, 2, 0, 1]
(2, (0, 0, 1), (0, 1)): [825, 240, 55, 19, 7, 3, 1]
(2, (0, 0, 1), (0, 2)): [315, 60, 21, 2, 1, 1]
(2, (0, 0, 1), (1, 0)): [961, 274, 69, 22, 7, 2, 0, 1]
(2, (0, 0, 1), (1, 1)): [777, 198, 47, 16, 7, 1, 1]
(2, (0, 0, 1), (1, 2)): [508, 99, 23, 9, 2, 1, 1]
(2, (0, 0, 1), (2, 0)): [395, 114, 33, 16, 5, 2, 0, 1]
(2, (0, 0, 1), (2, 1)): [450, 108, 37, 12, 7, 0, 0, 1]
(2, (0, 0, 1), (2, 2)): [422, 84, 26, 6, 3, 1, 1]
(2, (0, 0, 1), (3, 0)): [194, 47, 18, 10, 2, 2]
(2, (0, 0, 1), (3, 1)): [238, 53, 19, 10, 5]
(2, (0, 0, 1), (3, 2)): [266, 62, 21, 6, 2, 1]
(2, (0, 1, 0), (0, 0)): [125657, 28464, 7283, 2565, 835, 286, 93, 19, 6, 2, 2, 0, 1]
(2, (0, 1, 0), (0, 1)): [2113, 378, 107, 41, 13, 1, 1]
(2, (0, 1, 0), (0, 2)): [784, 104, 31, 10, 4]
(2, (0, 1, 0), (1, 0)): [2789, 491, 215, 75, 21, 11, 5, 1, 0, 0, 0, 0, 1]
(2, (0, 1, 0), (1, 1)): [1952, 348, 130, 41, 13, 4, 3, 1]
(2, (0, 1, 0), (1, 2)): [1184, 169, 51, 26, 4]
(2, (0, 1, 0), (2, 0)): [1315, 207, 101, 50, 15, 6, 3, 0, 0, 0, 0, 0, 1]
(2, (0, 1, 0), (2, 1)): [1219, 227, 80, 27, 9, 4, 3, 1, 0, 0, 0, 0, 1]
(2, (0, 1, 0), (2, 2)): [1092, 156, 51, 28, 5, 1, 0, 1]
(2, (0, 1, 0), (3, 0)): [714, 97, 56, 34, 11, 3, 2]
(2, (0, 1, 0), (3, 1)): [583, 107, 46, 19, 10, 3, 3, 0, 0, 0, 0, 0, 1]
(2, (0, 1, 0), (3, 2)): [719, 108, 42, 23, 6, 2, 1, 0, 0, 0, 0, 0, 1]
(2, (0, 1, 1), (0, 0)): [30173, 2715, 7072, 1866, 722, 246, 90, 33, 11, 4, 2, 1, 0, 1]
(2, (0, 1, 1), (0, 1)): [469, 38, 81, 19, 5, 3, 1, 3]
(2, (0, 1, 1), (0, 2)): [189, 11, 29, 6, 3, 1, 1]
(2, (0, 1, 1), (1, 0)): [657, 75, 132, 49, 22, 4, 3, 0, 0, 0, 1]
(2, (0, 1, 1), (1, 1)): [429, 35, 70, 18, 5, 2, 1, 2]
(2, (0, 1, 1), (1, 2)): [280, 16, 42, 9, 3, 1, 2, 1]
(2, (0, 1, 1), (2, 0)): [336, 45, 66, 32, 17, 4, 1, 0, 0, 0, 1]
(2, (0, 1, 1), (2, 1)): [226, 25, 51, 13, 3, 3]
(2, (0, 1, 1), (2, 2)): [232, 22, 44, 12, 0, 3, 1, 1]
(2, (0, 1, 1), (3, 0)): [240, 34, 38, 18, 16, 3, 1, 0, 0, 0, 1]
(2, (0, 1, 1), (3, 1)): [122, 13, 26, 7, 4, 1]
(2, (0, 1, 1), (3, 2)): [159, 19, 36, 7, 2, 4, 0, 1]
(2, (1, 0, 0), (0, 0)): [280108, 21074, 13009, 4128, 1398, 439, 180, 54, 14, 8, 4, 0, 1]
(2, (1, 0, 0), (0, 1)): [5156, 271, 225, 61, 30, 7, 4, 1]
(2, (1, 0, 0), (0, 2)): [1795, 80, 59, 13, 10, 1, 1]
(2, (1, 0, 0), (1, 0)): [5401, 441, 343, 122, 39, 8, 5, 1, 0, 0, 0, 0, 1]
(2, (1, 0, 0), (1, 1)): [4272, 262, 232, 72, 23, 3, 1]
(2, (1, 0, 0), (1, 2)): [2570, 124, 94, 38, 11, 2]
(2, (1, 0, 0), (2, 0)): [1873, 175, 121, 56, 18, 3, 3, 0, 0, 0, 0, 0, 1]
(2, (1, 0, 0), (2, 1)): [2232, 154, 130, 44, 21, 4, 1, 0, 0, 0, 0, 0, 1]
(2, (1, 0, 0), (2, 2)): [2009, 118, 93, 34, 14, 4, 1]
(2, (1, 0, 0), (3, 0)): [612, 79, 37, 30, 5, 1, 2]
(2, (1, 0, 0), (3, 1)): [960, 99, 65, 34, 9, 2, 2, 0, 0, 0, 0, 0, 1]
(2, (1, 0, 0), (3, 2)): [1122, 100, 61, 28, 9, 5, 1, 0, 0, 0, 0, 0, 1]
(2, (1, 0, 1), (0, 0)): [45706, 11871, 4881, 2751, 881, 313, 110, 35, 14, 3, 0, 2, 1]
(2, (1, 0, 1), (0, 1)): [877, 172, 74, 52, 18, 2, 1, 1, 0, 0, 0, 1]
(2, (1, 0, 1), (0, 2)): [336, 46, 22, 12, 8]
(2, (1, 0, 1), (1, 0)): [813, 186, 94, 61, 24, 9, 3]
(2, (1, 0, 1), (1, 1)): [669, 140, 57, 45, 15, 3, 3, 1, 0, 0, 0, 1]
(2, (1, 0, 1), (1, 2)): [436, 60, 29, 19, 7, 1, 1, 1, 0, 0, 0, 1]
(2, (1, 0, 1), (2, 0)): [285, 65, 46, 24, 7, 4, 1]
(2, (1, 0, 1), (2, 1)): [366, 85, 26, 24, 12, 3]
(2, (1, 0, 1), (2, 2)): [317, 51, 21, 12, 8, 2, 1, 1, 0, 0, 0, 1]
(2, (1, 0, 1), (3, 0)): [101, 19, 23, 12, 5, 1, 1]
(2, (1, 0, 1), (3, 1)): [171, 33, 20, 16, 6, 1, 1]
(2, (1, 0, 1), (3, 2)): [198, 40, 20, 7, 7, 2, 1, 1]
(2, (1, 1, 0), (0, 0)): [107470, 17099, 8849, 5617, 1835, 624, 193, 66, 26, 12, 5, 0, 2, 1]
(2, (1, 1, 0), (0, 1)): [2098, 293, 134, 93, 29, 6, 4, 1, 0, 0, 0, 0, 1]
(2, (1, 1, 0), (0, 2)): [800, 92, 39, 21, 8, 1, 1]
(2, (1, 1, 0), (1, 0)): [2088, 306, 178, 145, 44, 17, 6, 2, 1, 1]
(2, (1, 1, 0), (1, 1)): [1723, 225, 119, 88, 25, 6, 2, 2, 1, 1, 0, 0, 1]
(2, (1, 1, 0), (1, 2)): [1124, 127, 69, 36, 11, 3, 2, 1]
(2, (1, 1, 0), (2, 0)): [735, 121, 83, 66, 22, 11, 3, 1]
(2, (1, 1, 0), (2, 1)): [960, 117, 79, 61, 20, 9, 2, 1, 1, 1, 0, 0, 1]
(2, (1, 1, 0), (2, 2)): [865, 105, 56, 47, 12, 4, 3, 1, 1]
(2, (1, 1, 0), (3, 0)): [262, 51, 35, 25, 11, 5, 1]
(2, (1, 1, 0), (3, 1)): [415, 61, 48, 33, 9, 7, 2, 1, 0, 0, 0, 0, 1]
(2, (1, 1, 0), (3, 2)): [493, 65, 43, 33, 10, 3, 2, 1, 1]
(2, (1, 1, 1), (0, 0)): [31484, 4780, 5345, 2772, 1910, 652, 207, 78, 31, 6, 5, 0, 1, 1]
(2, (1, 1, 1), (0, 1)): [717, 69, 95, 48, 38, 6, 5, 2, 1, 0, 0, 0, 1]
(2, (1, 1, 1), (0, 2)): [314, 18, 21, 11, 10, 2, 1, 0, 1]
(2, (1, 1, 1), (1, 0)): [579, 170, 107, 73, 39, 20, 6, 1, 1, 0, 1]
(2, (1, 1, 1), (1, 1)): [550, 78, 91, 45, 32, 5, 3, 0, 0, 0, 1, 0, 1]
(2, (1, 1, 1), (1, 2)): [402, 34, 36, 15, 15, 4, 2, 0, 0, 0, 1]
(2, (1, 1, 1), (2, 0)): [159, 120, 29, 34, 18, 13, 4, 1]
(2, (1, 1, 1), (2, 1)): [244, 76, 51, 25, 24, 6, 4, 0, 0, 0, 0, 0, 1]
(2, (1, 1, 1), (2, 2)): [274, 45, 36, 17, 14, 5, 2, 0, 0, 0, 1]
(2, (1, 1, 1), (3, 0)): [32, 83, 10, 19, 3, 7, 1]
(2, (1, 1, 1), (3, 1)): [77, 84, 18, 20, 14, 4, 4]
(2, (1, 1, 1), (3, 2)): [129, 67, 23, 23, 15, 7, 4, 0, 0, 0, 1]
