(0, (0, 0, 0)): [1449261, 290348, 133378, 60303, 26759, 11408, 4673, 1943, 782, 356, 143, 66, 31, 11, 4, 1, 0, 1]
(0, (0, 0, 1)): [5899, 17696, 4813, 2274, 1104, 458, 206, 92, 35, 21, 8, 3, 3, 2]
(0, (0, 1, 0)): [51571, 47912, 18762, 8970, 4307, 1850, 791, 341, 141, 77, 24, 6, 3, 3, 2]
(0, (0, 1, 1)): [4275, 7276, 8664, 4019, 2128, 998, 425, 192, 95, 40, 10, 6, 2, 2, 1, 0, 0, 1]
(0, (1, 0, 0)): [308175, 103054, 65161, 32042, 15190, 6800, 2820, 1216, 509, 235, 99, 41, 21, 5, 3, 1, 0, 1]
(0, (1, 0, 1)): [7383, 22495, 9097, 6274, 3290, 1498, 714, 295, 144, 60, 29, 14, 5, 1, 2, 0, 0, 1]
(0, (1, 1, 0)): [42460, 27022, 20161, 14339, 7629, 3599, 1524, 727, 297, 139, 61, 24, 9, 3]
(0, (1, 1, 1)): [4069, 7763, 6340, 4714, 3747, 1877, 860, 423, 186, 80, 38, 14, 4, 2, 1]
(1, (0, 0, 0)): [1177302, 128363, 52488, 20667, 7974, 3017, 1165, 427, 161, 65, 27, 15, 7, 3, 0, 1]
(1, (0, 0, 1)): [32081, 45883, 9070, 3841, 1596, 643, 247, 97, 42, 15, 8, 5, 4, 1]
(1, (0, 1, 0)): [158822, 70292, 25356, 10878, 4362, 1711, 586, 273, 80, 40, 21, 9, 9, 2, 1]
(1, (0, 1, 1)): [25290, 20714, 18467, 7329, 3820, 1495, 591, 237, 113, 38, 11, 7, 2, 2, 0, 1]
(1, (1, 0, 0)): [445997, 79160, 50730, 21434, 8643, 3413, 1352, 474, 208, 88, 31, 22, 5, 3, 0, 2]
(1, (1, 0, 1)): [35921, 41929, 13445, 8938, 3824, 1564, 635, 236, 81, 56, 14, 6, 0, 1]
(1, (1, 1, 0)): [122862, 37873, 25182, 17939, 7487, 3088, 1208, 493, 203, 78, 25, 15, 9, 5, 1]
(1, (1, 1, 1)): [25047, 19911, 12671, 8223, 6024, 2549, 1040, 382, 173, 63, 19, 15, 8, 3, 1, 1]
(2, (0, 0, 0)): [1022347, 46368, 15588, 4954, 1624, 523, 178, 58, 10, 6, 5, 0, 1]
(2, (0, 0, 1)): [94171, 28634, 5762, 1933, 691, 240, 66, 22, 4, 2, 0, 1]
(2, (0, 1, 0)): [251071, 53158, 14356, 5023, 1643, 560, 159, 48, 13, 8, 5, 0, 1]
(2, (0, 1, 1)): [56984, 4904, 12442, 3351, 1321, 427, 150, 47, 18, 4, 3, 1, 0, 1]
(2, (1, 0, 0)): [540856, 39177, 25519, 8072, 2589, 823, 321, 90, 18, 11, 6, 0, 1]
(2, (1, 0, 1)): [92573, 22293, 8756, 5275, 1710, 574, 191, 63, 23, 7, 0, 3, 1]
(2, (1, 1, 0)): [211991, 32550, 16201, 10991, 3543, 1135, 378, 125, 42, 19, 7, 1, 2, 1]
(2, (1, 1, 1)): [60929, 8847, 10268, 5008, 3656, 1158, 384, 133, 45, 9, 7, 1, 1, 1]
