(0, (0, 0, 0), (0, 0)): [647680, 131568, 62366, 28647, 13036, 5765, 2402, 1008, 429, 203, 85, 42, 21, 6, 3, 1, 0, 1]
(0, (0, 0, 0), (0, 1)): [11862, 2222, 1112, 473, 220, 101, 33, 19, 5, 5, 1, 0, 2, 1, 0, 1]
(0, (0, 0, 0), (0, 2)): [4149, 697, 350, 152, 69, 19, 12, 8, 1, 1, 0, 0, 1]
(0, (0, 0, 0), (1, 0)): [11075, 2460, 1276, 576, 296, 119, 58, 21, 5, 3, 2]
(0, (0, 0, 0), (1, 1)): [10224, 2014, 1046, 464, 227, 100, 32, 18, 5, 2, 2, 0, 1, 1, 0, 1]
(0, (0, 0, 0), (1, 2)): [6287, 1124, 556, 224, 119, 47, 16, 8, 4, 1, 0, 0, 2]
(0, (0, 0, 0), (2, 0)): [3677, 924, 487, 243, 127, 53, 28, 9, 1, 1, 1]
(0, (0, 0, 0), (2, 1)): [5574, 1189, 651, 313, 152, 67, 30, 15, 1, 0, 1, 0, 0, 1]
(0, (0, 0, 0), (2, 2)): [5118, 962, 515, 216, 112, 47, 16, 9, 1, 1, 1, 0, 2]
(0, (0, 0, 0), (3, 0)): [1232, 324, 215, 115, 55, 29, 11, 2, 1, 0, 1]
(0, (0, 0, 0), (3, 1)): [2287, 570, 366, 192, 84, 40, 15, 7, 2]
(0, (0, 0, 0), (3, 2)): [3074, 654, 428, 197, 95, 37, 13, 6, 2, 1, 0, 0, 2]
(0, (0, 0, 1), (0, 0)): [2715, 8768, 2474, 1140, 569, 260, 113, 65, 28, 14, 4, 1, 3, 1]
(0, (0, 0, 1), (0, 1)): [46, 112, 43, 14, 7, 4, 2, 1, 0, 0, 0, 0, 0, 1]
(0, (0, 0, 1), (0, 2)): [19, 46, 12, 5, 3]
(0, (0, 0, 1), (1, 0)): [49, 114, 29, 23, 11, 7, 1, 2, 1]
(0, (0, 0, 1), (1, 1)): [40, 73, 29, 13, 8, 4, 1, 1, 0, 0, 0, 0, 0, 1]
(0, (0, 0, 1), (1, 2)): [28, 57, 17, 8, 4, 0, 1, 1]
(0, (0, 0, 1), (2, 0)): [24, 55, 15, 12, 3, 5, 1, 1, 1]
(0, (0, 0, 1), (2, 1)): [26, 48, 18, 11, 7, 3]
(0, (0, 0, 1), (2, 2)): [26, 39, 16, 7, 3, 1]
(0, (0, 0, 1), (3, 0)): [5, 22, 7, 6, 0, 2, 1, 1, 1]
(0, (0, 0, 1), (3, 1)): [11, 21, 7, 7, 4, 3, 0, 1]
(0, (0, 0, 1), (3, 2)): [17, 24, 5, 5, 2, 3, 0, 1]
(0, (0, 1, 0), (0, 0)): [20949, 20678, 8178, 3871, 1938, 878, 367, 157, 72, 41, 14, 5, 2, 0, 1]
(0, (0, 1, 0), (0, 1)): [362, 286, 119, 50, 19, 16, 5, 3]
(0, (0, 1, 0), (0, 2)): [136, 90, 38, 12, 3, 7, 1]
(0, (0, 1, 0), (1, 0)): [353, 319, 128, 77, 38, 20, 7, 0, 1]
(0, (0, 1, 0), (1, 1)): [300, 239, 102, 52, 22, 11, 6, 2]
(0, (0, 1, 0), (1, 2)): [194, 151, 58, 27, 11, 10, 2]
(0, (0, 1, 0), (2, 0)): [125, 114, 46, 32, 16, 12, 2, 0, 1]
(0, (0, 1, 0), (2, 1)): [143, 127, 53, 33, 11, 12, 4, 2]
(0, (0, 1, 0), (2, 2)): [150, 112, 53, 24, 8, 6, 4, 1]
(0, (0, 1, 0), (3, 0)): [51, 45, 20, 20, 12, 3, 1, 0, 1]
(0, (0, 1, 0), (3, 1)): [56, 58, 27, 20, 14, 5, 1, 1]
(0, (0, 1, 0), (3, 2)): [85, 66, 40, 18, 10, 4, 3]
(0, (0, 1, 1), (0, 0)): [1878, 3308, 4196, 1911, 1047, 492, 210, 95, 49, 19, 7, 5, 0, 2, 1, 0, 0, 1]
(0, (0, 1, 1), (0, 1)): [24, 37, 63, 31, 16, 4, 3, 1]
(0, (0, 1, 1), (0, 2)): [11, 14, 25, 11, 8, 2, 1, 1]
(0, (0, 1, 1), (1, 0)): [41, 61, 93, 39, 30, 9, 4, 4, 3, 0, 0, 1]
(0, (0, 1, 1), (1, 1)): [21, 39, 54, 27, 17, 2, 3, 1, 1]
(0, (0, 1, 1), (1, 2)): [15, 18, 30, 15, 11, 3, 2, 1, 1]
(0, (0, 1, 1), (2, 0)): [27, 34, 48, 20, 15, 6, 2, 3, 2, 0, 0, 1]
(0, (0, 1, 1), (2, 1)): [18, 28, 44, 19, 9, 2, 2, 2, 1]
(0, (0, 1, 1), (2, 2)): [22, 21, 30, 14, 7, 3, 1, 2, 1]
(0, (0, 1, 1), (3, 0)): [15, 19, 22, 16, 12, 5, 0, 1, 0, 0, 0, 1]
(0, (0, 1, 1), (3, 1)): [8, 14, 15, 8, 8, 0, 0, 0, 1]
(0, (0, 1, 1), (3, 2)): [13, 10, 24, 11, 6, 3, 1, 2, 1]
(0, (1, 0, 0), (0, 0)): [143086, 48722, 31184, 15525, 7546, 3460, 1489, 638, 279, 132, 58, 26, 13, 4, 2, 1, 0, 1]
(0, (1, 0, 0), (0, 1)): [2487, 674, 529, 245, 133, 61, 19, 9, 3]
(0, (1, 0, 0), (0, 2)): [913, 198, 177, 66, 42, 15, 8, 1, 2]
(0, (1, 0, 0), (1, 0)): [2223, 741, 553, 272, 144, 45, 32, 9, 3, 5, 2]
(0, (1, 0, 0), (1, 1)): [1935, 564, 427, 212, 95, 34, 20, 8, 3, 3]
(0, (1, 0, 0), (1, 2)): [1180, 298, 245, 99, 54, 19, 12, 2, 2, 1]
(0, (1, 0, 0), (2, 0)): [704, 256, 186, 103, 62, 23, 7, 5, 1, 2, 2]
(0, (1, 0, 0), (2, 1)): [953, 286, 222, 129, 62, 25, 10, 5, 2, 3]
(0, (1, 0, 0), (2, 2)): [862, 232, 183, 89, 47, 15, 9, 3, 2, 2]
(0, (1, 0, 0), (3, 0)): [217, 92, 72, 44, 32, 8, 1, 4, 0, 1, 1]
(0, (1, 0, 0), (3, 1)): [358, 127, 99, 59, 42, 11, 3, 2, 2, 1, 1]
(0, (1, 0, 0), (3, 2)): [445, 153, 111, 59, 44, 13, 4, 1, 2, 2]
(0, (1, 0, 1), (0, 0)): [3176, 10655, 4383, 3003, 1620, 758, 379, 162, 75, 32, 13, 9, 4, 0, 1, 0, 0, 1]
(0, (1, 0, 1), (0, 1)): [52, 153, 65, 42, 18, 9, 8, 1, 1, 0, 0, 0, 1]
(0, (1, 0, 1), (0, 2)): [21, 56, 14, 14, 7, 6, 4, 0, 1]
(0, (1, 0, 1), (1, 0)): [48, 173, 73, 54, 24, 14, 2, 3, 3, 1, 1]
(0, (1, 0, 1), (1, 1)): [45, 129, 46, 41, 14, 8, 5, 1, 2, 0, 1]
(0, (1, 0, 1), (1, 2)): [35, 62, 23, 17, 8, 6, 3, 1, 2]
(0, (1, 0, 1), (2, 0)): [19, 65, 33, 19, 11, 8, 0, 3, 0, 1]
(0, (1, 0, 1), (2, 1)): [17, 86, 31, 24, 10, 6, 1, 0, 1, 0, 1]
(0, (1, 0, 1), (2, 2)): [30, 64, 23, 12, 6, 3, 2, 1, 1, 0, 1]
(0, (1, 0, 1), (3, 0)): [10, 19, 15, 12, 5, 5, 0, 3]
(0, (1, 0, 1), (3, 1)): [7, 32, 11, 12, 9, 4]
(0, (1, 0, 1), (3, 2)): [8, 34, 17, 9, 6, 2, 1, 0, 1, 0, 1]
(0, (1, 1, 0), (0, 0)): [19669, 12910, 10174, 7062, 3893, 1858, 818, 397, 167, 73, 36, 15, 6, 1]
(0, (1, 1, 0), (0, 1)): [393, 209, 135, 115, 58, 23, 9, 8, 1, 0, 1]
(0, (1, 1, 0), (0, 2)): [153, 80, 45, 34, 23, 8, 4, 5]
(0, (1, 1, 0), (1, 0)): [310, 196, 170, 114, 69, 36, 11, 7, 1, 3]
(0, (1, 1, 0), (1, 1)): [265, 143, 111, 81, 39, 20, 6, 5, 1, 1, 1]
(0, (1, 1, 0), (1, 2)): [180, 80, 65, 48, 21, 10, 3, 6, 1, 1]
(0, (1, 1, 0), (2, 0)): [81, 61, 59, 45, 27, 14, 4, 4, 1, 1]
(0, (1, 1, 0), (2, 1)): [124, 78, 60, 45, 30, 13, 4, 4, 0, 1]
(0, (1, 1, 0), (2, 2)): [119, 68, 56, 33, 16, 10, 1, 4, 1, 2]
(0, (1, 1, 0), (3, 0)): [20, 22, 25, 15, 10, 5, 2, 1, 1]
(0, (1, 1, 0), (3, 1)): [48, 29, 35, 27, 15, 8, 4, 1, 1]
(0, (1, 1, 0), (3, 2)): [67, 36, 36, 26, 12, 6, 1, 2, 1]
(0, (1, 1, 1), (0, 0)): [2014, 3753, 3149, 2451, 1953, 968, 452, 236, 102, 42, 26, 10, 1, 1, 1]
(0, (1, 1, 1), (0, 1)): [50, 61, 60, 39, 24, 12, 3, 5, 3, 2, 1, 1]
(0, (1, 1, 1), (0, 2)): [25, 28, 17, 12, 13, 2, 1, 1, 2, 0, 0, 1]
(0, (1, 1, 1), (1, 0)): [35, 73, 76, 47, 49, 23, 7, 6, 1, 0, 1]
(0, (1, 1, 1), (1, 1)): [32, 52, 66, 35, 20, 12, 4, 7, 1, 1, 1]
(0, (1, 1, 1), (1, 2)): [31, 34, 32, 14, 8, 7, 3, 2, 3, 0, 0, 1]
(0, (1, 1, 1), (2, 0)): [11, 31, 19, 22, 25, 8, 1, 1, 1, 0, 1]
(0, (1, 1, 1), (2, 1)): [17, 26, 29, 18, 22, 7, 0, 3, 1]
(0, (1, 1, 1), (2, 2)): [18, 26, 27, 15, 11, 6, 2, 3, 1, 0, 0, 1]
(0, (1, 1, 1), (3, 0)): [2, 8, 9, 10, 8, 2, 0, 0, 0, 0, 1]
(0, (1, 1, 1), (3, 1)): [5, 15, 11, 17, 7, 2, 0, 0, 0, 0, 1]
(0, (1, 1, 1), (3, 2)): [6, 9, 16, 15, 7, 3, 1, 0, 1, 0, 0, 1]
(1, (0, 0, 0), (0, 0)): [516846, 57055, 23866, 9566, 3817, 1492, 568, 223, 88, 37, 16, 10, 5, 2, 0, 1]
(1, (0, 0, 0), (0, 1)): [9537, 996, 439, 159, 67, 14, 7, 6, 1, 0, 0, 0, 0, 1]
(1, (0, 0, 0), (0, 2)): [3374, 294, 122, 44, 16, 2, 1, 1]
(1, (0, 0, 0), (1, 0)): [9325, 1184, 537, 189, 97, 33, 17, 6, 0, 1, 0, 0, 0, 0, 0, 1]
(1, (0, 0, 0), (1, 1)): [8367, 947, 400, 143, 69, 24, 13, 4, 1, 1, 0, 0, 0, 1]
(1, (0, 0, 0), (1, 2)): [5102, 470, 194, 80, 33, 10, 5, 2]
(1, (0, 0, 0), (2, 0)): [3239, 454, 248, 78, 41, 17, 6, 4, 0, 0, 0, 0, 0, 0, 0, 1]
(1, (0, 0, 0), (2, 1)): [4663, 588, 264, 90, 50, 16, 7, 4, 0, 1]
(1, (0, 0, 0), (2, 2)): [4251, 429, 188, 73, 28, 15, 7, 3]
(1, (0, 0, 0), (3, 0)): [1047, 171, 117, 36, 20, 7, 4, 0, 0, 0, 0, 0, 0, 0, 0, 1]
(1, (0, 0, 0), (3, 1)): [1963, 323, 171, 61, 39, 6, 2, 2]
(1, (0, 0, 0), (3, 2)): [2495, 323, 173, 61, 32, 13, 6, 3]
(1, (0, 0, 1), (0, 0)): [14530, 22258, 4408, 1848, 785, 336, 136, 61, 30, 9, 5, 4, 3, 1]
(1, (0, 0, 1), (0, 1)): [239, 252, 55, 19, 9, 5, 4]
(1, (0, 0, 1), (0, 2)): [93, 78, 13, 6, 2, 0, 2]
(1, (0, 0, 1), (1, 0)): [245, 346, 69, 36, 16, 9, 4, 2, 1]
(1, (0, 0, 1), (1, 1)): [210, 249, 44, 19, 8, 6, 2, 2]
(1, (0, 0, 1), (1, 2)): [159, 123, 18, 10, 5, 1, 1]
(1, (0, 0, 1), (2, 0)): [109, 148, 34, 21, 9, 6, 4, 0, 1]
(1, (0, 0, 1), (2, 1)): [105, 150, 26, 13, 5, 6, 4, 2]
(1, (0, 0, 1), (2, 2)): [111, 112, 16, 10, 3, 1]
(1, (0, 0, 1), (3, 0)): [47, 63, 17, 14, 7, 3, 2, 0, 1]
(1, (0, 0, 1), (3, 1)): [62, 77, 10, 12, 3, 2, 2, 2]
(1, (0, 0, 1), (3, 2)): [72, 71, 14, 9, 3, 1, 1]
(1, (0, 1, 0), (0, 0)): [70308, 33557, 11884, 5055, 2072, 849, 303, 141, 37, 26, 12, 7, 5, 1, 1]
(1, (0, 1, 0), (0, 1)): [1013, 418, 157, 65, 24, 9, 5, 1, 1]
(1, (0, 1, 0), (0, 2)): [384, 146, 43, 15, 5, 3, 1]
(1, (0, 1, 0), (1, 0)): [1319, 591, 216, 133, 65, 22, 4, 3, 0, 0, 1, 0, 0, 1]
(1, (0, 1, 0), (1, 1)): [928, 376, 151, 70, 27, 11, 5, 2, 1, 0, 0, 0, 0, 1]
(1, (0, 1, 0), (1, 2)): [565, 214, 76, 27, 9, 6, 3, 1]
(1, (0, 1, 0), (2, 0)): [579, 248, 98, 78, 36, 14, 2, 2, 0, 0, 1]
(1, (0, 1, 0), (2, 1)): [522, 218, 78, 53, 26, 10, 4, 2, 0, 0, 1, 0, 0, 1]
(1, (0, 1, 0), (2, 2)): [458, 193, 68, 29, 16, 4, 1, 1]
(1, (0, 1, 0), (3, 0)): [296, 122, 43, 57, 25, 7, 0, 1]
(1, (0, 1, 0), (3, 1)): [258, 93, 39, 38, 16, 6, 1, 1, 0, 0, 0, 0, 0, 1]
(1, (0, 1, 0), (3, 2)): [256, 105, 48, 35, 19, 0, 0, 1, 0, 0, 0, 0, 0, 1]
(1, (0, 1, 1), (0, 0)): [11944, 10201, 9719, 3843, 1966, 800, 322, 138, 70, 18, 8, 4, 1, 2, 0, 1]
(1, (0, 1, 1), (0, 1)): [142, 116, 80, 29, 21, 11, 5, 1]
(1, (0, 1, 1), (0, 2)): [70, 32, 29, 9, 7, 2, 1]
(1, (0, 1, 1), (1, 0)): [278, 200, 161, 90, 58, 19, 8, 6, 3, 1]
(1, (0, 1, 1), (1, 1)): [122, 100, 78, 34, 18, 6, 5, 2]
(1, (0, 1, 1), (1, 2)): [85, 48, 41, 21, 7, 3, 1]
(1, (0, 1, 1), (2, 0)): [190, 133, 92, 60, 47, 17, 7, 5, 3, 1]
(1, (0, 1, 1), (2, 1)): [81, 65, 42, 22, 9, 7, 5, 1]
(1, (0, 1, 1), (2, 2)): [70, 51, 36, 18, 11, 1, 0, 1]
(1, (0, 1, 1), (3, 0)): [158, 111, 74, 47, 42, 14, 6, 5, 3, 1]
(1, (0, 1, 1), (3, 1)): [36, 31, 17, 10, 3, 5, 5]
(1, (0, 1, 1), (3, 2)): [41, 38, 20, 7, 7, 3, 1]
(1, (1, 0, 0), (0, 0)): [208148, 38189, 24100, 10512, 4268, 1761, 686, 254, 119, 54, 21, 15, 3, 2, 0, 2]
(1, (1, 0, 0), (0, 1)): [3550, 503, 413, 167, 69, 24, 12, 2, 0, 2]
(1, (1, 0, 0), (0, 2)): [1236, 161, 144, 45, 24, 8, 5, 0, 0, 2]
(1, (1, 0, 0), (1, 0)): [3512, 613, 461, 222, 96, 32, 16, 8, 1, 2, 0, 0, 1, 0, 0, 1]
(1, (1, 0, 0), (1, 1)): [2930, 425, 347, 138, 56, 21, 9, 6, 0, 0, 0, 0, 0, 0, 0, 1]
(1, (1, 0, 0), (1, 2)): [1757, 221, 198, 63, 34, 11, 5, 3, 0, 1]
(1, (1, 0, 0), (2, 0)): [1148, 228, 173, 105, 45, 19, 8, 0, 1, 2, 0, 0, 1]
(1, (1, 0, 0), (2, 1)): [1532, 252, 210, 99, 39, 16, 6, 2, 1, 0, 0, 0, 0, 0, 0, 1]
(1, (1, 0, 0), (2, 2)): [1339, 192, 167, 74, 32, 10, 4, 2, 0, 1]
(1, (1, 0, 0), (3, 0)): [356, 86, 57, 42, 22, 7, 4, 0, 0, 2, 0, 0, 1]
(1, (1, 0, 0), (3, 1)): [590, 136, 97, 63, 21, 11, 5, 1, 0, 1, 0, 0, 0, 0, 0, 1]
(1, (1, 0, 0), (3, 2)): [688, 134, 95, 57, 25, 11, 5, 1, 0, 1, 0, 0, 0, 0, 0, 1]
(1, (1, 0, 1), (0, 0)): [16091, 20582, 6777, 4368, 1858, 812, 307, 124, 51, 38, 12, 3, 0, 1]
(1, (1, 0, 1), (0, 1)): [306, 246, 79, 64, 30, 12, 8, 1, 3, 2]
(1, (1, 0, 1), (0, 2)): [135, 75, 23, 21, 5, 5, 4, 0, 0, 1]
(1, (1, 0, 1), (1, 0)): [279, 332, 97, 72, 36, 13, 4, 0, 0, 2]
(1, (1, 0, 1), (1, 1)): [226, 205, 64, 58, 31, 5, 5, 1, 2]
(1, (1, 0, 1), (1, 2)): [167, 112, 37, 37, 12, 4, 4, 1, 0, 1]
(1, (1, 0, 1), (2, 0)): [108, 119, 32, 20, 15, 8, 1, 0, 0, 1]
(1, (1, 0, 1), (2, 1)): [112, 115, 36, 29, 17, 6, 4, 0, 2]
(1, (1, 0, 1), (2, 2)): [104, 88, 32, 15, 9, 3, 4, 0, 1]
(1, (1, 0, 1), (3, 0)): [40, 52, 12, 6, 7, 4, 0, 0, 0, 1]
(1, (1, 0, 1), (3, 1)): [47, 53, 13, 17, 13, 6]
(1, (1, 0, 1), (3, 2)): [53, 52, 20, 13, 10, 6, 3, 0, 1]
(1, (1, 1, 0), (0, 0)): [56803, 18011, 12697, 8690, 3804, 1651, 647, 260, 105, 51, 18, 9, 5, 4, 1]
(1, (1, 1, 0), (0, 1)): [977, 260, 176, 132, 62, 22, 15, 4]
(1, (1, 1, 0), (0, 2)): [383, 99, 61, 44, 20, 6, 2]
(1, (1, 1, 0), (1, 0)): [928, 320, 220, 174, 77, 26, 7, 6, 1, 2, 0, 0, 2, 1]
(1, (1, 1, 0), (1, 1)): [757, 219, 155, 116, 53, 17, 11, 5, 0, 2]
(1, (1, 1, 0), (1, 2)): [542, 133, 89, 71, 29, 9, 6, 1]
(1, (1, 1, 0), (2, 0)): [323, 114, 78, 67, 29, 13, 1, 1, 1, 0, 0, 0, 2, 1]
(1, (1, 1, 0), (2, 1)): [380, 136, 87, 71, 28, 12, 4, 2, 0, 1, 0, 0, 1]
(1, (1, 1, 0), (2, 2)): [400, 108, 62, 47, 31, 8, 3, 1]
(1, (1, 1, 0), (3, 0)): [93, 37, 28, 22, 17, 8, 1, 1, 1, 0, 0, 0, 1]
(1, (1, 1, 0), (3, 1)): [159, 65, 45, 36, 19, 6, 4, 2, 0, 1, 0, 0, 1]
(1, (1, 1, 0), (3, 2)): [222, 68, 44, 32, 23, 6, 5, 3, 0, 1, 0, 0, 1]
(1, (1, 1, 1), (0, 0)): [11774, 9595, 6216, 4200, 3046, 1335, 553, 209, 95, 36, 14, 10, 5, 2, 1, 1]
(1, (1, 1, 1), (0, 1)): [250, 164, 107, 64, 61, 18, 10, 4, 3]
(1, (1, 1, 1), (0, 2)): [126, 60, 40, 18, 23, 5, 5]
(1, (1, 1, 1), (1, 0)): [220, 173, 121, 79, 59, 28, 13, 4, 2, 2, 0, 1, 1]
(1, (1, 1, 1), (1, 1)): [174, 105, 84, 62, 54, 18, 5, 3, 1]
(1, (1, 1, 1), (1, 2)): [142, 57, 53, 32, 26, 14, 5]
(1, (1, 1, 1), (2, 0)): [68, 73, 54, 34, 20, 14, 7, 2, 1, 1, 0, 1, 1]
(1, (1, 1, 1), (2, 1)): [86, 75, 59, 39, 33, 6, 6, 3, 1, 1, 0, 1]
(1, (1, 1, 1), (2, 2)): [97, 51, 48, 40, 28, 8, 5, 1]
(1, (1, 1, 1), (3, 0)): [16, 27, 16, 16, 6, 9, 3, 0, 1, 0, 0, 0, 1]
(1, (1, 1, 1), (3, 1)): [29, 38, 18, 21, 12, 7, 3, 2, 0, 0, 0, 0, 1]
(1, (1, 1, 1), (3, 2)): [61, 34, 26, 26, 17, 7, 2, 1]
(2, (0, 0, 0), (0, 0)): [444205, 19934, 6937, 2200, 786, 269, 96, 34, 7, 2, 3, 0, 1]
(2, (0, 0, 0), (0, 1)): [8355, 368, 133, 32, 21, 4, 4, 1]
(2, (0, 0, 0), (0, 2)): [2828, 94, 29, 9, 3, 1, 0, 1]
(2, (0, 0, 0), (1, 0)): [8581, 486, 170, 49, 24, 8, 3, 0, 0, 0, 0, 0, 1]
(2, (0, 0, 0), (1, 1)): [7614, 366, 138, 26, 22, 4, 6]
(2, (0, 0, 0), (1, 2)): [4545, 169, 57, 14, 9, 3, 2]
(2, (0, 0, 0), (2, 0)): [3095, 188, 83, 30, 12, 5, 1, 0, 0, 0, 0, 0, 1]
(2, (0, 0, 0), (2, 1)): [4411, 219, 90, 27, 9, 3, 3]
(2, (0, 0, 0), (2, 2)): [3827, 174, 60, 18, 11, 4, 1]
(2, (0, 0, 0), (3, 0)): [1082, 74, 49, 16, 9, 2, 1, 0, 0, 0, 0, 0, 1]
(2, (0, 0, 0), (3, 1)): [2021, 114, 67, 19, 9, 3, 2]
(2, (0, 0, 0), (3, 2)): [2476, 135, 65, 16, 6, 3]
(2, (0, 0, 1), (0, 0)): [43692, 14233, 2709, 924, 328, 133, 42, 10, 1, 2, 0, 1]
(2, (0, 0, 1), (0, 1)): [665, 186, 42, 15, 7, 3, 1]
(2, (0, 0, 1), (0, 2)): [248, 45, 12, 2, 1, 1]
(2, (0, 0, 1), (1, 0)): [771, 210, 61, 20, 6, 2, 0, 1]
(2, (0, 0, 1), (1, 1)): [622, 150, 43, 12, 7, 1, 1]
(2, (0, 0, 1), (1, 2)): [391, 71, 17, 7, 2, 1, 1]
(2, (0, 0, 1), (2, 0)): [321, 93, 28, 15, 4, 2, 0, 1]
(2, (0, 0, 1), (2, 1)): [364, 90, 32, 11, 7, 0, 0, 1]
(2, (0, 0, 1), (2, 2)): [330, 60, 20, 4, 3, 1, 1]
(2, (0, 0, 1), (3, 0)): [166, 38, 16, 9, 1, 2]
(2, (0, 0, 1), (3, 1)): [193, 46, 16, 8, 5]
(2, (0, 0, 1), (3, 2)): [211, 51, 15, 5, 2, 1]
(2, (0, 1, 0), (0, 0)): [113655, 25939, 6622, 2312, 753, 265, 81, 19, 5, 1, 2, 0, 1]
(2, (0, 1, 0), (0, 1)): [1679, 302, 81, 33, 11, 1, 1]
(2, (0, 1, 0), (0, 2)): [616, 85, 23, 7, 4]
(2, (0, 1, 0), (1, 0)): [2284, 386, 181, 67, 16, 8, 5, 1, 0, 0, 0, 0, 1]
(2, (0, 1, 0), (1, 1)): [1563, 277, 102, 36, 10, 4, 3, 1]
(2, (0, 1, 0), (1, 2)): [918, 133, 38, 21, 3]
(2, (0, 1, 0), (2, 0)): [1090, 157, 89, 45, 11, 3, 3, 0, 0, 0, 0, 0, 1]
(2, (0, 1, 0), (2, 1)): [1006, 168, 67, 23, 7, 2, 3, 1, 0, 0, 0, 0, 1]
(2, (0, 1, 0), (2, 2)): [844, 117, 42, 26, 5, 1, 0, 1]
(2, (0, 1, 0), (3, 0)): [591, 73, 50, 31, 8, 2, 2]
(2, (0, 1, 0), (3, 1)): [491, 85, 38, 15, 8, 1, 3, 0, 0, 0, 0, 0, 1]
(2, (0, 1, 0), (3, 2)): [573, 84, 36, 20, 5, 1, 1, 0, 0, 0, 0, 0, 1]
(2, (0, 1, 1), (0, 0)): [27358, 2431, 6435, 1700, 656, 223, 84, 31, 11, 4, 2, 1, 0, 1]
(2, (0, 1, 1), (0, 1)): [362, 31, 64, 19, 3, 3, 1, 3]
(2, (0, 1, 1), (0, 2)): [147, 10, 26, 6, 1, 1, 1]
(2, (0, 1, 1), (1, 0)): [517, 60, 97, 37, 21, 3, 3, 0, 0, 0, 1]
(2, (0, 1, 1), (1, 1)): [320, 26, 48, 17, 5, 2, 1, 2]
(2, (0, 1, 1), (1, 2)): [210, 14, 32, 8, 2, 1, 2, 1]
(2, (0, 1, 1), (2, 0)): [273, 38, 50, 23, 17, 3, 1, 0, 0, 0, 1]
(2, (0, 1, 1), (2, 1)): [173, 20, 38, 10, 3, 2]
(2, (0, 1, 1), (2, 2)): [173, 20, 33, 10, 0, 2, 1, 1]
(2, (0, 1, 1), (3, 0)): [190, 28, 28, 14, 16, 3, 1, 0, 0, 0, 1]
(2, (0, 1, 1), (3, 1)): [95, 10, 18, 5, 4, 1]
(2, (0, 1, 1), (3, 2)): [120, 18, 23, 5, 2, 3, 0, 1]
(2, (1, 0, 0), (0, 0)): [254618, 19274, 11838, 3794, 1288, 396, 162, 51, 12, 7, 4, 0, 1]
(2, (1, 0, 0), (0, 1)): [4087, 210, 190, 55, 24, 6, 4, 1]
(2, (1, 0, 0), (0, 2)): [1414, 58, 50, 12, 7, 1, 1]
(2, (1, 0, 0), (1, 0)): [4412, 371, 281, 97, 33, 6, 5, 1, 0, 0, 0, 0, 1]
(2, (1, 0, 0), (1, 1)): [3413, 213, 196, 60, 20, 2, 1]
(2, (1, 0, 0), (1, 2)): [2053, 100, 81, 35, 9, 2]
(2, (1, 0, 0), (2, 0)): [1549, 147, 106, 47, 17, 3, 3, 0, 0, 0, 0, 0, 1]
(2, (1, 0, 0), (2, 1)): [1808, 124, 112, 35, 20, 3, 1, 0, 0, 0, 0, 0, 1]
(2, (1, 0, 0), (2, 2)): [1585, 91, 81, 31, 12, 4, 1]
(2, (1, 0, 0), (3, 0)): [515, 69, 33, 26, 4, 1, 2]
(2, (1, 0, 0), (3, 1)): [793, 80, 57, 29, 9, 1, 2, 0, 0, 0, 0, 0, 1]
(2, (1, 0, 0), (3, 2)): [901, 79, 52, 25, 9, 5, 1, 0, 0, 0, 0, 0, 1]
(2, (1, 0, 1), (0, 0)): [41494, 10804, 4474, 2530, 797, 285, 103, 31, 13, 3, 0, 2, 1]
(2, (1, 0, 1), (0, 1)): [733, 139, 69, 46, 17, 1, 1, 1, 0, 0, 0, 1]
(2, (1, 0, 1), (0, 2)): [287, 36, 22, 10, 7]
(2, (1, 0, 1), (1, 0)): [669, 161, 75, 54, 24, 8, 3]
(2, (1, 0, 1), (1, 1)): [557, 120, 47, 40, 15, 2, 3, 1, 0, 0, 0, 1]
(2, (1, 0, 1), (1, 2)): [364, 49, 22, 16, 6, 1, 1, 1, 0, 0, 0, 1]
(2, (1, 0, 1), (2, 0)): [230, 55, 38, 20, 7, 4, 1]
(2, (1, 0, 1), (2, 1)): [313, 75, 22, 21, 12, 2]
(2, (1, 0, 1), (2, 2)): [269, 42, 16, 7, 7, 2, 1, 1, 0, 0, 0, 1]
(2, (1, 0, 1), (3, 0)): [81, 17, 18, 12, 5, 1, 1]
(2, (1, 0, 1), (3, 1)): [139, 30, 15, 16, 6, 0, 1]
(2, (1, 0, 1), (3, 2)): [165, 34, 13, 4, 7, 2, 1, 1]
(2, (1, 1, 0), (0, 0)): [98450, 15721, 8124, 5123, 1689, 569, 173, 63, 23, 10, 5, 0, 2, 1]
(2, (1, 1, 0), (0, 1)): [1704, 237, 113, 77, 26, 6, 4, 1, 0, 0, 0, 0, 1]
(2, (1, 1, 0), (0, 2)): [622, 75, 30, 17, 7, 1, 1]
(2, (1, 1, 0), (1, 0)): [1726, 252, 151, 121, 36, 14, 6, 2, 1, 1]
(2, (1, 1, 0), (1, 1)): [1441, 185, 100, 78, 20, 5, 2, 2, 1, 1, 0, 0, 1]
(2, (1, 1, 0), (1, 2)): [926, 101, 60, 31, 8, 3, 2, 1]
(2, (1, 1, 0), (2, 0)): [615, 96, 74, 52, 19, 9, 3, 1]
(2, (1, 1, 0), (2, 1)): [795, 98, 65, 51, 18, 8, 2, 1, 1, 1, 0, 0, 1]
(2, (1, 1, 0), (2, 2)): [703, 86, 47, 40, 11, 4, 3, 1, 1]
(2, (1, 1, 0), (3, 0)): [228, 43, 31, 20, 9, 3, 1]
(2, (1, 1, 0), (3, 1)): [346, 52, 38, 27, 7, 6, 2, 1, 0, 0, 0, 0, 1]
(2, (1, 1, 0), (3, 2)): [408, 54, 34, 29, 10, 3, 2, 1, 1]
(2, (1, 1, 1), (0, 0)): [28749, 4343, 4922, 2540, 1745, 595, 187, 70, 30, 6, 5, 0, 1, 1]
(2, (1, 1, 1), (0, 1)): [576, 54, 72, 42, 33, 5, 5, 2, 1, 0, 0, 0, 1]
(2, (1, 1, 1), (0, 2)): [247, 11, 19, 9, 9, 1, 1, 0, 1]
(2, (1, 1, 1), (1, 0)): [497, 143, 87, 58, 36, 15, 6, 1, 1, 0, 1]
(2, (1, 1, 1), (1, 1)): [460, 62, 70, 39, 29, 3, 3, 0, 0, 0, 1, 0, 1]
(2, (1, 1, 1), (1, 2)): [324, 22, 30, 12, 14, 2, 2, 0, 0, 0, 1]
(2, (1, 1, 1), (2, 0)): [136, 105, 24, 27, 17, 10, 4, 1]
(2, (1, 1, 1), (2, 1)): [207, 60, 35, 21, 23, 4, 4, 0, 0, 0, 0, 0, 1]
(2, (1, 1, 1), (2, 2)): [230, 34, 27, 13, 12, 3, 2, 0, 0, 0, 1]
(2, (1, 1, 1), (3, 0)): [30, 78, 10, 16, 3, 6, 1]
(2, (1, 1, 1), (3, 1)): [69, 71, 15, 18, 14, 4, 4]
(2, (1, 1, 1), (3, 2)): [109, 55, 18, 19, 14, 6, 4, 0, 0, 0, 1]
