(0, (0, 0, 0), (0, 0)): [749187, 151575, 71452, 32761, 14850, 6533, 2690, 1141, 475, 221, 89, 47, 23, 6, 3, 1, 0, 1]
(0, (0, 0, 0), (0, 1)): [17243, 3145, 1511, 666, 304, 130, 44, 23, 6, 5, 1, 0, 2, 1, 0, 1]
(0, (0, 0, 0), (0, 2)): [6293, 987, 471, 216, 98, 29, 16, 10, 2, 1, 0, 0, 1]
(0, (0, 0, 0), (1, 0)): [15873, 3412, 1759, 775, 390, 166, 76, 29, 11, 5, 2]
(0, (0, 0, 0), (1, 1)): [14635, 2824, 1425, 638, 308, 127, 42, 21, 6, 3, 2, 0, 1, 1, 0, 1]
(0, (0, 0, 0), (1, 2)): [9434, 1599, 763, 329, 177, 66, 21, 10, 5, 2, 0, 0, 2]
(0, (0, 0, 0), (2, 0)): [5242, 1248, 684, 334, 158, 78, 36, 13, 4, 2, 1]
(0, (0, 0, 0), (2, 1)): [7812, 1643, 896, 422, 199, 86, 34, 19, 3, 1, 1, 0, 0, 1]
(0, (0, 0, 0), (2, 2)): [7498, 1374, 709, 316, 160, 72, 20, 11, 3, 3, 1, 0, 2]
(0, (0, 0, 0), (3, 0)): [1732, 430, 284, 152, 68, 39, 17, 5, 3, 0, 1]
(0, (0, 0, 0), (3, 1)): [3152, 773, 489, 252, 103, 51, 20, 12, 4]
(0, (0, 0, 0), (3, 2)): [4288, 910, 575, 264, 124, 52, 14, 9, 5, 2, 0, 0, 2]
(0, (0, 0, 1), (0, 0)): [3073, 9737, 2670, 1280, 647, 291, 125, 69, 29, 17, 4, 1, 2, 1]
(0, (0, 0, 1), (0, 1)): [68, 178, 56, 18, 13, 6, 2, 1, 0, 1, 0, 0, 0, 1]
(0, (0, 0, 1), (0, 2)): [28, 70, 15, 6, 5, 1]
(0, (0, 0, 1), (1, 0)): [64, 167, 43, 25, 17, 9, 1, 2, 1]
(0, (0, 0, 1), (1, 2)): [40, 93, 23, 9, 8, 0, 1, 1, 0, 1]
(0, (0, 0, 1), (2, 2)): [39, 72, 21, 7, 7, 1]
(0, (0, 1, 0), (0, 0)): [24496, 23520, 9301, 4426, 2189, 986, 398, 186, 79, 44, 13, 5, 3, 0, 1]
(0, (0, 1, 0), (0, 1)): [538, 444, 165, 83, 28, 21, 7, 5, 1]
(0, (0, 1, 0), (0, 2)): [209, 138, 54, 22, 5, 9, 2, 0, 1]
(0, (0, 1, 0), (1, 0)): [506, 447, 194, 99, 50, 26, 8, 2, 1]
(0, (0, 1, 0), (1, 1)): [435, 375, 155, 78, 30, 14, 7, 5]
(0, (0, 1, 0), (1, 2)): [292, 229, 86, 45, 16, 10, 3, 2, 1]
(0, (0, 1, 0), (2, 0)): [182, 155, 65, 38, 21, 17, 2, 0, 1]
(0, (0, 1, 0), (2, 1)): [223, 196, 81, 45, 13, 16, 4, 3]
(0, (0, 1, 0), (2, 2)): [230, 171, 78, 38, 13, 7, 5, 1, 1]
(0, (0, 1, 0), (3, 0)): [68, 55, 30, 23, 14, 5, 1, 0, 1]
(0, (0, 1, 0), (3, 1)): [91, 82, 43, 24, 15, 8, 1, 1]
(0, (0, 1, 0), (3, 2)): [141, 103, 60, 29, 16, 6, 4]
(0, (0, 1, 1), (0, 0)): [2196, 3792, 4734, 2167, 1196, 545, 239, 115, 52, 25, 8, 6, 0, 2, 1, 0, 0, 1]
(0, (0, 1, 1), (0, 1)): [42, 57, 88, 36, 19, 7, 5, 3]
(0, (0, 1, 1), (0, 2)): [22, 22, 33, 13, 10, 4, 3, 2]
(0, (0, 1, 1), (1, 0)): [51, 90, 117, 57, 41, 15, 5, 5, 4, 0, 0, 1]
(0, (0, 1, 1), (1, 1)): [30, 54, 74, 33, 20, 4, 3, 2, 1]
(0, (0, 1, 1), (1, 2)): [25, 29, 41, 18, 14, 5, 3, 2, 1]
(0, (0, 1, 1), (2, 0)): [34, 52, 60, 32, 22, 11, 3, 4, 3, 0, 0, 1]
(0, (0, 1, 1), (2, 2)): [30, 32, 40, 16, 7, 4, 2, 2, 2]
(0, (1, 0, 0), (0, 0)): [163882, 54912, 35415, 17562, 8529, 3915, 1669, 722, 312, 142, 60, 30, 14, 4, 2, 1, 0, 1]
(0, (1, 0, 0), (0, 1)): [3641, 981, 722, 336, 181, 80, 29, 14, 6]
(0, (1, 0, 0), (0, 2)): [1398, 292, 237, 90, 52, 19, 12, 2, 5]
(0, (1, 0, 0), (1, 0)): [3161, 1031, 771, 367, 188, 68, 40, 15, 6, 6, 2]
(0, (1, 0, 0), (1, 1)): [2723, 805, 602, 279, 144, 54, 23, 14, 5, 4]
(0, (1, 0, 0), (1, 2)): [1744, 428, 336, 137, 73, 24, 16, 7, 3, 2]
(0, (1, 0, 0), (2, 0)): [982, 346, 251, 141, 76, 30, 11, 6, 2, 2, 2]
(0, (1, 0, 0), (2, 1)): [1316, 403, 311, 165, 86, 36, 13, 6, 3, 3]
(0, (1, 0, 0), (2, 2)): [1217, 322, 249, 118, 65, 20, 14, 7, 2, 3]
(0, (1, 0, 0), (3, 0)): [285, 124, 98, 64, 39, 9, 3, 4, 0, 1, 1]
(0, (1, 0, 0), (3, 1)): [502, 179, 138, 84, 55, 15, 4, 2, 3, 1, 1]
(0, (1, 0, 0), (3, 2)): [631, 197, 150, 81, 59, 15, 6, 5, 2, 3]
(0, (1, 0, 1), (0, 0)): [3687, 12114, 4896, 3402, 1811, 856, 419, 179, 80, 37, 17, 9, 4, 0, 1, 0, 0, 1]
(0, (1, 0, 1), (0, 1)): [77, 224, 91, 58, 26, 13, 10, 2, 1, 0, 0, 0, 1]
(0, (1, 0, 1), (0, 2)): [27, 85, 23, 21, 11, 7, 4, 0, 1]
(0, (1, 0, 1), (1, 1)): [67, 175, 62, 49, 22, 11, 6, 1, 2, 0, 1]
(0, (1, 0, 1), (1, 2)): [51, 96, 32, 27, 12, 9, 3, 1, 2]
(0, (1, 1, 0), (0, 0)): [22436, 14508, 11278, 7986, 4323, 2073, 918, 440, 179, 76, 37, 18, 6, 1]
(0, (1, 1, 0), (0, 1)): [532, 287, 204, 155, 85, 33, 12, 10, 2, 0, 1]
(0, (1, 1, 0), (0, 2)): [208, 102, 68, 49, 33, 10, 6, 6]
(0, (1, 1, 0), (1, 0)): [420, 261, 215, 152, 82, 46, 16, 10, 1, 3]
(0, (1, 1, 0), (1, 1)): [354, 198, 156, 112, 52, 29, 11, 8, 2, 1, 1]
(0, (1, 1, 0), (1, 2)): [246, 110, 87, 64, 35, 14, 4, 9, 1, 1]
(0, (1, 1, 0), (2, 0)): [118, 86, 69, 57, 32, 19, 5, 4, 1, 1]
(0, (1, 1, 0), (2, 1)): [169, 107, 73, 63, 32, 17, 8, 5, 1, 1]
(0, (1, 1, 0), (2, 2)): [170, 90, 69, 47, 23, 14, 3, 7, 1, 2]
(0, (1, 1, 0), (3, 1)): [64, 41, 38, 36, 17, 10, 6, 2, 2]
(0, (1, 1, 0), (3, 2)): [97, 50, 43, 36, 15, 9, 2, 4, 1]
(0, (1, 1, 1), (0, 0)): [2290, 4219, 3543, 2736, 2189, 1080, 521, 264, 113, 48, 28, 11, 1, 1, 1]
(0, (1, 1, 1), (0, 1)): [69, 86, 78, 53, 33, 20, 7, 5, 4, 2, 1, 1]
(0, (1, 1, 1), (1, 0)): [48, 93, 96, 63, 62, 29, 8, 9, 2, 0, 1]
(0, (1, 1, 1), (1, 1)): [51, 70, 79, 52, 27, 20, 7, 7, 1, 1, 1]
(0, (1, 1, 1), (1, 2)): [44, 48, 39, 19, 12, 10, 3, 2, 4, 0, 0, 1]
(0, (1, 1, 1), (2, 0)): [13, 37, 25, 27, 32, 10, 2, 3, 1, 0, 1]
(0, (1, 1, 1), (2, 1)): [28, 33, 34, 30, 25, 13, 3, 3, 1]
(0, (1, 1, 1), (2, 2)): [27, 32, 31, 23, 14, 9, 3, 3, 1, 0, 0, 1]
(0, (1, 1, 1), (3, 2)): [9, 11, 19, 19, 10, 6, 3, 0, 1, 0, 0, 1]
(1, (0, 0, 0), (0, 0)): [600986, 66304, 27680, 11074, 4400, 1687, 642, 249, 101, 40, 19, 11, 6, 2, 0, 1]
(1, (0, 0, 0), (0, 1)): [13951, 1411, 614, 232, 87, 23, 11, 6, 1, 0, 0, 0, 0, 1]
(1, (0, 0, 0), (0, 2)): [5113, 420, 175, 63, 23, 6, 1, 1]
(1, (0, 0, 0), (1, 0)): [13385, 1657, 735, 266, 128, 47, 19, 6, 0, 1, 0, 0, 0, 0, 0, 1]
(1, (0, 0, 0), (1, 1)): [12091, 1326, 558, 202, 92, 36, 16, 4, 1, 1, 0, 0, 0, 1]
(1, (0, 0, 0), (1, 2)): [7633, 668, 270, 114, 51, 22, 7, 2]
(1, (0, 0, 0), (2, 0)): [4629, 628, 331, 110, 52, 20, 7, 4, 0, 0, 0, 0, 0, 0, 0, 1]
(1, (0, 0, 0), (2, 1)): [6704, 828, 360, 127, 61, 20, 9, 5, 0, 1]
(1, (0, 0, 0), (2, 2)): [6349, 621, 279, 106, 47, 27, 10, 3]
(1, (0, 0, 0), (3, 0)): [1479, 224, 156, 51, 26, 8, 4, 0, 0, 0, 0, 0, 0, 0, 0, 1]
(1, (0, 0, 0), (3, 1)): [2806, 432, 232, 79, 46, 7, 2, 3]
(1, (0, 0, 0), (3, 2)): [3618, 442, 238, 81, 45, 17, 9, 3]
(1, (0, 0, 1), (0, 0)): [16317, 24461, 4870, 2050, 870, 384, 141, 62, 31, 8, 6, 4, 3, 1]
(1, (0, 0, 1), (0, 1)): [341, 367, 81, 27, 14, 7, 5]
(1, (0, 0, 1), (0, 2)): [141, 115, 25, 6, 2, 1, 3]
(1, (0, 0, 1), (1, 0)): [340, 498, 100, 51, 25, 12, 5, 2, 1]
(1, (0, 0, 1), (1, 1)): [300, 360, 68, 30, 17, 6, 2, 2]
(1, (0, 0, 1), (1, 2)): [227, 193, 28, 13, 11, 2, 2]
(1, (0, 0, 1), (2, 0)): [148, 204, 43, 24, 12, 7, 5, 0, 1]
(1, (0, 0, 1), (2, 1)): [147, 215, 34, 17, 8, 7, 5, 2]
(1, (0, 0, 1), (2, 2)): [152, 158, 27, 13, 6, 2, 1]
(1, (0, 0, 1), (3, 0)): [64, 82, 24, 16, 8, 3, 2, 0, 1]
(1, (0, 0, 1), (3, 1)): [81, 108, 12, 11, 4, 3, 3, 2]
(1, (0, 0, 1), (3, 2)): [93, 97, 19, 11, 5, 2, 3]
(1, (0, 1, 0), (0, 0)): [79916, 37288, 13399, 5664, 2348, 939, 319, 158, 42, 27, 14, 7, 6, 1, 1]
(1, (0, 1, 0), (0, 1)): [1552, 611, 235, 99, 30, 12, 5, 2, 1]
(1, (0, 1, 0), (0, 2)): [614, 212, 70, 21, 8, 5, 2]
(1, (0, 1, 0), (1, 0)): [1860, 830, 305, 180, 78, 25, 10, 4, 0, 0, 1, 0, 0, 1]
(1, (0, 1, 0), (1, 1)): [1376, 524, 223, 104, 37, 12, 6, 3, 1, 0, 0, 0, 0, 1]
(1, (0, 1, 0), (1, 2)): [890, 309, 122, 41, 14, 6, 5, 2]
(1, (0, 1, 0), (2, 0)): [803, 370, 136, 95, 39, 15, 7, 3, 0, 0, 1]
(1, (0, 1, 0), (2, 1)): [745, 317, 117, 70, 31, 10, 6, 2, 0, 0, 1, 0, 0, 1]
(1, (0, 1, 0), (2, 2)): [705, 280, 107, 38, 22, 4, 3, 1]
(1, (0, 1, 0), (3, 0)): [426, 179, 56, 68, 27, 8, 4, 2]
(1, (0, 1, 0), (3, 1)): [362, 141, 54, 42, 18, 7, 3, 1, 0, 0, 0, 0, 0, 1]
(1, (0, 1, 0), (3, 2)): [393, 158, 70, 39, 22, 0, 4, 1, 0, 0, 0, 0, 0, 1]
(1, (0, 1, 1), (0, 0)): [13571, 11256, 10634, 4197, 2210, 870, 356, 144, 76, 16, 7, 3, 1, 2, 0, 1]
(1, (0, 1, 1), (0, 1)): [215, 161, 133, 49, 24, 14, 5, 1]
(1, (0, 1, 1), (0, 2)): [108, 48, 42, 15, 7, 3, 1]
(1, (0, 1, 1), (1, 0)): [398, 304, 224, 109, 79, 26, 11, 7, 3, 1]
(1, (0, 1, 1), (1, 1)): [184, 140, 128, 47, 24, 6, 5, 2]
(1, (0, 1, 1), (1, 2)): [140, 74, 70, 30, 9, 4, 1]
(1, (0, 1, 1), (2, 0)): [264, 199, 127, 74, 62, 24, 9, 6, 3, 1]
(1, (0, 1, 1), (2, 1)): [112, 93, 65, 29, 13, 8, 6, 1]
(1, (0, 1, 1), (2, 2)): [106, 75, 64, 26, 15, 2, 1, 1]
(1, (0, 1, 1), (3, 0)): [217, 157, 104, 57, 55, 20, 6, 6, 3, 1]
(1, (0, 1, 1), (3, 1)): [55, 41, 30, 15, 5, 6, 5]
(1, (0, 1, 1), (3, 2)): [65, 52, 33, 13, 9, 3, 1]
(1, (1, 0, 0), (0, 0)): [238533, 42950, 27559, 11971, 4900, 1978, 774, 284, 131, 58, 21, 15, 4, 2, 0, 2]
(1, (1, 0, 0), (0, 1)): [5263, 731, 560, 229, 97, 30, 14, 3, 1, 2]
(1, (1, 0, 0), (0, 2)): [1897, 231, 195, 63, 28, 8, 6, 1, 0, 2]
(1, (1, 0, 0), (1, 0)): [4970, 880, 636, 297, 129, 43, 22, 9, 1, 2, 0, 0, 1, 0, 0, 1]
(1, (1, 0, 0), (1, 1)): [4237, 619, 481, 189, 80, 29, 12, 6, 1, 0, 0, 0, 0, 0, 0, 1]
(1, (1, 0, 0), (1, 2)): [2606, 323, 273, 87, 43, 15, 5, 4, 0, 1]
(1, (1, 0, 0), (2, 0)): [1601, 320, 240, 142, 55, 23, 10, 0, 1, 2, 0, 0, 1]
(1, (1, 0, 0), (2, 1)): [2175, 366, 297, 134, 55, 17, 9, 2, 2, 0, 0, 0, 0, 0, 0, 1]
(1, (1, 0, 0), (2, 2)): [1962, 275, 239, 91, 39, 10, 5, 3, 1, 1]
(1, (1, 0, 0), (3, 0)): [482, 109, 76, 62, 24, 10, 4, 0, 0, 2, 0, 0, 1]
(1, (1, 0, 0), (3, 1)): [830, 192, 137, 83, 29, 12, 6, 1, 0, 1, 0, 0, 0, 0, 0, 1]
(1, (1, 0, 0), (3, 2)): [1022, 197, 142, 73, 28, 11, 5, 1, 1, 1, 0, 0, 0, 0, 0, 1]
(1, (1, 0, 1), (0, 0)): [18582, 23047, 7466, 4963, 2133, 918, 343, 142, 53, 40, 12, 3, 0, 1]
(1, (1, 0, 1), (0, 1)): [422, 365, 114, 92, 42, 16, 9, 1, 3, 2]
(1, (1, 0, 1), (0, 2)): [185, 114, 37, 29, 7, 6, 4, 0, 0, 1]
(1, (1, 0, 1), (1, 0)): [395, 459, 140, 103, 57, 15, 4, 0, 0, 2]
(1, (1, 0, 1), (1, 1)): [323, 305, 95, 77, 42, 6, 6, 1, 2]
(1, (1, 0, 1), (1, 2)): [248, 157, 52, 46, 16, 5, 5, 1, 0, 1]
(1, (1, 0, 1), (2, 0)): [150, 157, 48, 30, 22, 9, 1, 0, 0, 1]
(1, (1, 0, 1), (2, 1)): [151, 162, 50, 40, 26, 6, 4, 0, 2]
(1, (1, 0, 1), (2, 2)): [160, 125, 46, 25, 16, 3, 5, 0, 1]
(1, (1, 0, 1), (3, 0)): [58, 66, 16, 12, 10, 5, 0, 0, 0, 1]
(1, (1, 0, 1), (3, 1)): [63, 75, 16, 20, 18, 6]
(1, (1, 0, 1), (3, 2)): [81, 69, 27, 18, 17, 6, 3, 0, 1]
(1, (1, 1, 0), (0, 0)): [64852, 20448, 14195, 9869, 4292, 1838, 720, 290, 117, 53, 17, 10, 6, 4, 1]
(1, (1, 1, 0), (0, 1)): [1440, 377, 243, 189, 76, 30, 18, 5, 1]
(1, (1, 1, 0), (0, 2)): [577, 150, 80, 63, 22, 8, 4]
(1, (1, 1, 0), (1, 0)): [1323, 446, 314, 238, 104, 38, 17, 7, 1, 2, 0, 0, 2, 1]
(1, (1, 1, 0), (1, 1)): [1089, 306, 220, 163, 72, 29, 17, 6, 0, 2]
(1, (1, 1, 0), (1, 2)): [789, 197, 124, 96, 37, 14, 8, 1]
(1, (1, 1, 0), (2, 0)): [463, 160, 112, 92, 40, 15, 3, 2, 1, 0, 0, 0, 2, 1]
(1, (1, 1, 0), (2, 1)): [549, 184, 133, 95, 38, 17, 8, 3, 0, 1, 0, 0, 1]
(1, (1, 1, 0), (2, 2)): [572, 151, 85, 70, 37, 12, 4, 1]
(1, (1, 1, 0), (3, 0)): [128, 59, 35, 30, 23, 10, 1, 2, 1, 0, 0, 0, 1]
(1, (1, 1, 0), (3, 1)): [234, 89, 65, 53, 26, 10, 7, 3, 0, 1, 0, 0, 1]
(1, (1, 1, 0), (3, 2)): [312, 92, 66, 42, 30, 13, 7, 4, 0, 1, 0, 0, 1]
(1, (1, 1, 1), (0, 0)): [13517, 10807, 6994, 4671, 3443, 1477, 611, 223, 97, 38, 14, 11, 6, 2, 1, 1]
(1, (1, 1, 1), (0, 1)): [359, 224, 151, 94, 78, 28, 14, 4, 3]
(1, (1, 1, 1), (0, 2)): [185, 79, 54, 30, 30, 7, 7]
(1, (1, 1, 1), (1, 0)): [308, 232, 156, 103, 82, 37, 16, 6, 2, 2, 0, 1, 1]
(1, (1, 1, 1), (1, 1)): [252, 157, 119, 82, 70, 28, 6, 4, 1]
(1, (1, 1, 1), (1, 2)): [203, 79, 77, 46, 35, 20, 7]
(1, (1, 1, 1), (2, 0)): [95, 96, 65, 41, 25, 18, 10, 3, 1, 1, 0, 1, 1]
(1, (1, 1, 1), (2, 1)): [131, 112, 73, 50, 41, 13, 8, 4, 1, 1, 0, 1]
(1, (1, 1, 1), (2, 2)): [140, 79, 61, 54, 34, 14, 6, 1]
(1, (1, 1, 1), (3, 1)): [36, 58, 25, 24, 18, 10, 5, 3, 0, 0, 0, 0, 1]
(2, (0, 0, 0), (0, 0)): [518316, 23588, 8148, 2579, 915, 306, 110, 36, 8, 3, 3, 0, 1]
(2, (0, 0, 0), (0, 1)): [12102, 516, 185, 43, 27, 6, 5, 1]
(2, (0, 0, 0), (0, 2)): [4315, 136, 40, 13, 6, 1, 1, 1]
(2, (0, 0, 0), (1, 0)): [12173, 697, 234, 69, 31, 10, 3, 0, 0, 0, 0, 0, 1]
(2, (0, 0, 0), (1, 1)): [10772, 540, 192, 37, 27, 5, 6]
(2, (0, 0, 0), (1, 2)): [6710, 244, 86, 20, 13, 3, 3]
(2, (0, 0, 0), (2, 0)): [4388, 260, 108, 43, 15, 6, 1, 0, 0, 0, 0, 0, 1]
(2, (0, 0, 0), (2, 1)): [6224, 324, 118, 39, 9, 4, 3]
(2, (0, 0, 0), (2, 2)): [5630, 253, 91, 25, 12, 4, 1]
(2, (0, 0, 0), (3, 0)): [1496, 103, 60, 22, 11, 3, 1, 0, 0, 0, 0, 0, 1]
(2, (0, 0, 0), (3, 1)): [2820, 157, 81, 29, 10, 5, 2]
(2, (0, 0, 0), (3, 2)): [3547, 190, 92, 23, 8, 4]
(2, (0, 0, 1), (0, 0)): [48839, 15577, 3018, 1042, 381, 149, 39, 12, 2, 2, 0, 1]
(2, (0, 0, 1), (0, 1)): [963, 268, 58, 22, 9, 3, 1]
(2, (0, 0, 1), (0, 2)): [371, 66, 19, 4, 1, 1]
(2, (0, 0, 1), (1, 0)): [1128, 328, 77, 30, 9, 3, 0, 1]
(2, (0, 0, 1), (1, 1)): [921, 223, 53, 19, 8, 1, 1]
(2, (0, 0, 1), (1, 2)): [599, 108, 23, 9, 2, 1, 1]
(2, (0, 0, 1), (2, 0)): [463, 143, 35, 20, 6, 3, 0, 1]
(2, (0, 0, 1), (2, 1)): [524, 123, 41, 15, 9, 1, 0, 1]
(2, (0, 0, 1), (2, 2)): [491, 89, 30, 6, 3, 2, 1]
(2, (0, 0, 1), (3, 0)): [238, 63, 19, 13, 2, 2]
(2, (0, 0, 1), (3, 1)): [260, 64, 18, 13, 6]
(2, (0, 0, 1), (3, 2)): [302, 63, 22, 8, 2, 1]
(2, (0, 1, 0), (0, 0)): [128669, 28756, 7542, 2655, 886, 301, 90, 21, 5, 2, 2, 0, 1]
(2, (0, 1, 0), (0, 1)): [2492, 448, 122, 46, 13, 1, 1]
(2, (0, 1, 0), (0, 2)): [936, 129, 31, 10, 4]
(2, (0, 1, 0), (1, 0)): [3285, 563, 247, 99, 24, 14, 5, 1, 0, 0, 0, 0, 1]
(2, (0, 1, 0), (1, 1)): [2323, 398, 147, 48, 12, 4, 3, 1]
(2, (0, 1, 0), (1, 2)): [1436, 206, 58, 30, 3]
(2, (0, 1, 0), (2, 0)): [1546, 244, 122, 69, 17, 9, 3, 0, 0, 0, 0, 0, 1]
(2, (0, 1, 0), (2, 1)): [1420, 256, 91, 33, 9, 6, 3, 1, 0, 0, 0, 0, 1]
(2, (0, 1, 0), (2, 2)): [1271, 192, 59, 33, 5, 3, 0, 1]
(2, (0, 1, 0), (3, 0)): [868, 110, 71, 48, 12, 4, 2]
(2, (0, 1, 0), (3, 1)): [662, 118, 59, 21, 9, 3, 3, 0, 0, 0, 0, 0, 1]
(2, (0, 1, 0), (3, 2)): [820, 131, 54, 28, 5, 3, 1, 0, 0, 0, 0, 0, 1]
(2, (0, 1, 1), (0, 0)): [30613, 2676, 7079, 1886, 755, 242, 97, 31, 11, 4, 3, 1, 0, 1]
(2, (0, 1, 1), (0, 1)): [540, 46, 96, 23, 5, 3, 1, 3]
(2, (0, 1, 1), (0, 2)): [226, 19, 31, 8, 2, 1, 1]
(2, (0, 1, 1), (1, 0)): [749, 82, 152, 53, 24, 6, 4, 0, 0, 0, 1]
(2, (0, 1, 1), (1, 1)): [492, 37, 90, 24, 6, 3, 1, 2]
(2, (0, 1, 1), (1, 2)): [326, 21, 44, 9, 3, 1, 2, 1]
(2, (0, 1, 1), (2, 0)): [381, 50, 75, 32, 19, 5, 1, 0, 0, 0, 1]
(2, (0, 1, 1), (2, 1)): [269, 26, 69, 16, 5, 4]
(2, (0, 1, 1), (2, 2)): [272, 26, 49, 13, 2, 4, 1, 1]
(2, (0, 1, 1), (3, 0)): [267, 38, 40, 19, 17, 4, 1, 0, 0, 0, 1]
(2, (0, 1, 1), (3, 1)): [142, 13, 29, 9, 4, 1]
(2, (0, 1, 1), (3, 2)): [187, 23, 37, 9, 4, 4, 0, 1]
(2, (1, 0, 0), (0, 0)): [291441, 21643, 13762, 4360, 1474, 458, 192, 53, 14, 8, 4, 0, 1]
(2, (1, 0, 0), (0, 1)): [6000, 322, 266, 68, 29, 7, 6, 1]
(2, (1, 0, 0), (0, 2)): [2169, 88, 72, 15, 10, 1, 1]
(2, (1, 0, 0), (1, 0)): [6174, 520, 372, 140, 40, 11, 6, 1, 0, 0, 0, 0, 1]
(2, (1, 0, 0), (1, 1)): [4936, 316, 261, 77, 24, 3, 4]
(2, (1, 0, 0), (1, 2)): [3091, 153, 113, 42, 11, 2]
(2, (1, 0, 0), (2, 0)): [2089, 200, 134, 69, 17, 5, 3, 0, 0, 0, 0, 0, 1]
(2, (1, 0, 0), (2, 1)): [2532, 166, 145, 48, 20, 6, 2, 0, 0, 0, 0, 0, 1]
(2, (1, 0, 0), (2, 2)): [2341, 138, 111, 37, 13, 5, 1]
(2, (1, 0, 0), (3, 0)): [681, 93, 39, 40, 4, 1, 2]
(2, (1, 0, 0), (3, 1)): [1089, 115, 69, 40, 9, 3, 2, 0, 0, 0, 0, 0, 1]
(2, (1, 0, 0), (3, 2)): [1301, 113, 74, 33, 9, 7, 1, 0, 0, 0, 0, 0, 1]
(2, (1, 0, 1), (0, 0)): [47774, 12143, 4935, 2913, 943, 324, 122, 40, 16, 4, 0, 2, 1]
(2, (1, 0, 1), (0, 1)): [1032, 215, 92, 59, 19, 1, 2, 1, 0, 0, 0, 1]
(2, (1, 0, 1), (0, 2)): [405, 63, 28, 13, 8]
(2, (1, 0, 1), (1, 0)): [955, 223, 106, 73, 30, 10, 3]
(2, (1, 0, 1), (1, 1)): [794, 167, 68, 57, 17, 4, 4, 1, 0, 0, 0, 1]
(2, (1, 0, 1), (1, 2)): [535, 78, 32, 22, 9, 2, 1, 1, 0, 0, 0, 1]
(2, (1, 0, 1), (2, 0)): [337, 78, 55, 26, 11, 4, 1]
(2, (1, 0, 1), (2, 1)): [435, 104, 34, 31, 14, 3]
(2, (1, 0, 1), (2, 2)): [381, 62, 24, 17, 9, 3, 1, 1, 0, 0, 0, 1]
(2, (1, 0, 1), (3, 0)): [124, 24, 27, 12, 6, 1, 1]
(2, (1, 0, 1), (3, 1)): [202, 41, 23, 17, 6, 1, 1]
(2, (1, 0, 1), (3, 2)): [232, 45, 23, 9, 8, 3, 1, 1]
(2, (1, 1, 0), (0, 0)): [113153, 17899, 9119, 5915, 1955, 656, 197, 69, 27, 12, 5, 1, 2, 1]
(2, (1, 1, 0), (0, 1)): [2459, 338, 159, 111, 33, 7, 4, 2, 0, 0, 0, 0, 1]
(2, (1, 1, 0), (0, 2)): [965, 104, 45, 26, 9, 1, 1]
(2, (1, 1, 0), (1, 0)): [2418, 369, 208, 166, 51, 18, 6, 2, 1, 1]
(2, (1, 1, 0), (1, 1)): [2005, 272, 141, 113, 26, 7, 2, 2, 1, 1, 0, 0, 1]
(2, (1, 1, 0), (1, 2)): [1373, 153, 75, 46, 11, 3, 2, 1]
(2, (1, 1, 0), (2, 0)): [842, 145, 92, 69, 26, 11, 3, 1]
(2, (1, 1, 0), (2, 1)): [1086, 144, 95, 73, 21, 10, 2, 1, 1, 1, 0, 0, 1]
(2, (1, 1, 0), (2, 2)): [1029, 126, 66, 59, 13, 4, 3, 1, 1]
(2, (1, 1, 0), (3, 0)): [300, 55, 37, 27, 12, 5, 1]
(2, (1, 1, 0), (3, 1)): [461, 75, 55, 37, 10, 7, 2, 1, 0, 0, 0, 0, 1]
(2, (1, 1, 0), (3, 2)): [574, 79, 52, 39, 13, 2, 2, 1, 1]
(2, (1, 1, 1), (0, 0)): [32895, 4889, 5576, 2847, 2032, 673, 218, 78, 32, 5, 4, 0, 1, 1]
(2, (1, 1, 1), (0, 1)): [842, 76, 113, 58, 41, 7, 5, 2, 1, 0, 0, 0, 1]
(2, (1, 1, 1), (0, 2)): [379, 20, 27, 16, 12, 2, 1, 0, 1]
(2, (1, 1, 1), (1, 0)): [665, 195, 124, 76, 52, 22, 6, 1, 1, 0, 1]
(2, (1, 1, 1), (1, 1)): [633, 90, 102, 57, 37, 5, 3, 0, 0, 0, 1, 0, 1]
(2, (1, 1, 1), (1, 2)): [472, 40, 42, 25, 15, 4, 2, 0, 0, 0, 1]
(2, (1, 1, 1), (2, 0)): [180, 130, 36, 32, 26, 15, 4, 1]
(2, (1, 1, 1), (2, 1)): [273, 87, 58, 29, 30, 7, 4, 0, 0, 0, 0, 0, 1]
(2, (1, 1, 1), (2, 2)): [315, 51, 40, 27, 16, 5, 2, 0, 0, 0, 1]
(2, (1, 1, 1), (3, 0)): [38, 90, 13, 19, 8, 8, 1]
(2, (1, 1, 1), (3, 2)): [145, 75, 26, 28, 16, 7, 4, 0, 0, 0, 1]
