(0, (0, 0, 0)): [15222, 3311, 1567, 799, 378, 153, 61, 20, 18, 8, 2, 0, 1]
(0, (0, 0, 1)): [47, 231, 55, 30, 26, 12, 3, 0, 3]
(0, (0, 1, 0)): [494, 567, 205, 106, 56, 24, 8, 3, 1, 2, 0, 0, 1]
(0, (0, 1, 1)): [52, 74, 106, 52, 26, 11, 5, 1, 3]
(0, (1, 0, 0)): [3347, 1131, 793, 437, 196, 80, 44, 12, 10, 4, 1]
(0, (1, 0, 1)): [71, 274, 127, 90, 32, 18, 7, 5, 3, 2, 1]
(0, (1, 1, 0)): [439, 338, 258, 188, 99, 37, 26, 10, 2, 4, 0, 0, 1]
(0, (1, 1, 1)): [43, 89, 67, 65, 43, 29, 15, 6, 1, 2]
(1, (0, 0, 0)): [12180, 1459, 603, 272, 127, 40, 12, 7, 5, 1, 1]
(1, (0, 0, 1)): [315, 555, 111, 51, 23, 8, 3, 4, 1, 1]
(1, (0, 1, 0)): [1703, 839, 324, 140, 65, 19, 6, 5, 3, 1]
(1, (0, 1, 1)): [307, 291, 218, 98, 62, 21, 5, 6, 3, 0, 0, 0, 1]
(1, (1, 0, 0)): [4989, 995, 619, 279, 129, 46, 19, 5, 5, 0, 1]
(1, (1, 0, 1)): [400, 511, 185, 126, 60, 18, 7, 2, 1, 2]
(1, (1, 1, 0)): [1348, 475, 370, 227, 100, 42, 18, 4, 4, 1, 1]
(1, (1, 1, 1)): [299, 267, 165, 115, 72, 28, 13, 6, 2, 1]
(2, (0, 0, 0)): [10484, 510, 170, 70, 25, 11, 3, 1, 0, 0, 1]
(2, (0, 0, 1)): [1049, 362, 65, 28, 9, 3, 2]
(2, (0, 1, 0)): [2766, 671, 174, 59, 26, 8, 2, 1]
(2, (0, 1, 1)): [667, 55, 140, 39, 18, 5, 4, 2]
(2, (1, 0, 0)): [6146, 507, 295, 120, 40, 15, 5, 0, 2, 0, 1]
(2, (1, 0, 1)): [1094, 294, 117, 82, 32, 8, 2, 1, 1]
(2, (1, 1, 0)): [2477, 435, 217, 146, 44, 13, 6, 2, 4, 1, 1]
(2, (1, 1, 1)): [738, 130, 143, 73, 48, 16, 5, 3, 1, 0, 1]
