(0, (0, 0, 0), (0, 0)): [12710, 2796, 1256, 623, 279, 130, 62, 25, 10, 0, 3, 0, 0, 0, 1]
(0, (0, 0, 0), (0, 1)): [21, 9, 5, 2, 2]
(0, (0, 0, 0), (0, 2)): [7, 4, 2]
(0, (0, 0, 0), (1, 0)): [40, 7, 2, 4, 1]
(0, (0, 0, 0), (1, 1)): [25, 7, 1, 2, 2]
(0, (0, 0, 0), (1, 2)): [14, 5, 1, 1, 1]
(0, (0, 0, 0), (2, 0)): [24, 4, 2, 4, 1]
(0, (0, 0, 0), (2, 1)): [12, 4, 1, 1]
(0, (0, 0, 0), (2, 2)): [13, 3, 1]
(0, (0, 0, 0), (3, 0)): [19, 3, 2, 4, 1]
(0, (0, 0, 0), (3, 1)): [10, 2, 2, 1]
(0, (0, 0, 0), (3, 2)): [14, 2, 2, 1]
(0, (0, 0, 1), (0, 0)): [55, 221, 58, 36, 14, 5, 4, 4, 1]
(0, (0, 0, 1), (0, 1)): [0, 1]
(0, (0, 0, 1), (1, 0)): [0, 2]
(0, (0, 0, 1), (1, 1)): [0, 1]
(0, (0, 0, 1), (1, 2)): [0, 1]
(0, (0, 0, 1), (2, 0)): [0, 2]
(0, (0, 0, 1), (2, 1)): [0, 1]
(0, (0, 0, 1), (2, 2)): [0, 1]
(0, (0, 0, 1), (3, 0)): [0, 1]
(0, (0, 1, 0), (0, 0)): [413, 423, 167, 85, 46, 20, 10, 1, 6]
(0, (0, 1, 0), (1, 0)): [4, 1, 0, 1]
(0, (0, 1, 0), (2, 0)): [3, 1, 0, 1]
(0, (0, 1, 0), (3, 0)): [3, 1, 0, 1]
(0, (0, 1, 0), (3, 1)): [0, 0, 0, 1]
(0, (0, 1, 0), (3, 2)): [0, 0, 0, 1]
(0, (0, 1, 1), (0, 0)): [37, 66, 98, 40, 25, 13, 6, 0, 0, 1]
(0, (0, 1, 1), (0, 1)): [0, 0, 1, 0, 1]
(0, (0, 1, 1), (0, 2)): [0, 0, 0, 0, 1]
(0, (0, 1, 1), (1, 0)): [0, 0, 0, 0, 0, 1]
(0, (0, 1, 1), (1, 1)): [0, 0, 1]
(0, (0, 1, 1), (1, 2)): [0, 0, 0, 0, 1]
(0, (0, 1, 1), (2, 0)): [0, 0, 0, 0, 0, 1]
(0, (0, 1, 1), (2, 2)): [0, 0, 0, 0, 1]
(0, (0, 1, 1), (3, 0)): [0, 0, 0, 0, 0, 1]
(0, (0, 1, 1), (3, 2)): [0, 0, 0, 0, 1]
(0, (1, 0, 0), (0, 0)): [2906, 1077, 677, 352, 160, 86, 45, 14, 3, 0, 2, 0, 0, 0, 1]
(0, (1, 0, 0), (0, 1)): [3, 0, 2, 2]
(0, (1, 0, 0), (0, 2)): [1, 0, 1]
(0, (1, 0, 0), (1, 0)): [8, 2, 1, 1]
(0, (1, 0, 0), (1, 1)): [1, 0, 1, 3]
(0, (1, 0, 0), (1, 2)): [2, 0, 1]
(0, (1, 0, 0), (2, 0)): [6, 2]
(0, (1, 0, 0), (2, 1)): [1, 1, 1, 2]
(0, (1, 0, 0), (2, 2)): [0, 0, 0, 1]
(0, (1, 0, 0), (3, 0)): [5]
(0, (1, 0, 0), (3, 1)): [4, 1, 1]
(0, (1, 0, 0), (3, 2)): [2, 0, 1]
(0, (1, 0, 1), (0, 0)): [70, 203, 99, 67, 44, 13, 6, 3, 1, 0, 0, 0, 0, 0, 1]
(0, (1, 0, 1), (1, 0)): [0, 2]
(0, (1, 0, 1), (2, 0)): [0, 2]
(0, (1, 0, 1), (2, 1)): [0, 1]
(0, (1, 0, 1), (3, 1)): [0, 1]
(0, (1, 0, 1), (3, 2)): [0, 1]
(0, (1, 1, 0), (0, 0)): [372, 261, 227, 173, 76, 53, 26, 7, 3, 0, 2, 0, 0, 1]
(0, (1, 1, 0), (0, 1)): [1]
(0, (1, 1, 0), (1, 0)): [0, 2, 2, 3, 1]
(0, (1, 1, 0), (1, 1)): [1, 0, 0, 1]
(0, (1, 1, 0), (1, 2)): [1, 0, 0, 1]
(0, (1, 1, 0), (2, 0)): [0, 1, 2, 1, 1]
(0, (1, 1, 0), (2, 1)): [0, 0, 0, 0, 1]
(0, (1, 1, 0), (2, 2)): [0, 0, 0, 1]
(0, (1, 1, 0), (3, 0)): [0, 1, 2]
(0, (1, 1, 0), (3, 1)): [0, 0, 1, 0, 1]
(0, (1, 1, 0), (3, 2)): [0, 0, 1]
(0, (1, 1, 1), (0, 0)): [31, 68, 63, 56, 47, 27, 14, 6, 2, 1, 1]
(0, (1, 1, 1), (0, 1)): [0, 0, 1]
(0, (1, 1, 1), (0, 2)): [0, 0, 1]
(0, (1, 1, 1), (1, 0)): [0, 0, 0, 0, 0, 1]
(0, (1, 1, 1), (1, 1)): [0, 0, 0, 0, 0, 1]
(0, (1, 1, 1), (1, 2)): [0, 0, 1]
(0, (1, 1, 1), (2, 1)): [0, 0, 0, 0, 0, 1]
(0, (1, 1, 1), (2, 2)): [0, 0, 0, 0, 0, 1]
(1, (0, 0, 0), (0, 0)): [9993, 1165, 448, 196, 77, 35, 13, 8, 0, 0, 1]
(1, (0, 0, 0), (0, 1)): [23, 2, 0, 1]
(1, (0, 0, 0), (0, 2)): [14, 1]
(1, (0, 0, 0), (1, 0)): [25, 5, 2, 2]
(1, (0, 0, 0), (1, 1)): [13, 3, 0, 3]
(1, (0, 0, 0), (1, 2)): [14, 2, 0, 1]
(1, (0, 0, 0), (2, 0)): [18, 3, 2]
(1, (0, 0, 0), (2, 1)): [7, 2, 0, 2]
(1, (0, 0, 0), (2, 2)): [9, 2, 0, 3]
(1, (0, 0, 0), (3, 0)): [14, 1]
(1, (0, 0, 0), (3, 1)): [9, 2]
(1, (0, 0, 0), (3, 2)): [8, 4, 0, 2]
(1, (0, 0, 1), (0, 0)): [338, 591, 108, 67, 25, 9, 6, 0, 2]
(1, (0, 0, 1), (0, 1)): [1, 2]
(1, (0, 0, 1), (0, 2)): [0, 2]
(1, (0, 0, 1), (1, 0)): [0, 2]
(1, (0, 0, 1), (1, 1)): [1, 1]
(1, (0, 0, 1), (1, 2)): [1, 2]
(1, (0, 0, 1), (2, 0)): [0, 1]
(1, (0, 0, 1), (2, 1)): [0, 1]
(1, (0, 0, 1), (2, 2)): [1, 1]
(1, (0, 0, 1), (3, 0)): [0, 1]
(1, (0, 0, 1), (3, 1)): [0, 1]
(1, (0, 0, 1), (3, 2)): [0, 1]
(1, (0, 1, 0), (0, 0)): [1417, 807, 270, 105, 55, 27, 7, 3, 0, 1]
(1, (0, 1, 0), (0, 1)): [1, 4, 0, 1]
(1, (0, 1, 0), (0, 2)): [0, 1]
(1, (0, 1, 0), (1, 0)): [6, 2, 3, 2]
(1, (0, 1, 0), (1, 1)): [3, 4, 2, 2]
(1, (0, 1, 0), (1, 2)): [0, 1, 1]
(1, (0, 1, 0), (2, 0)): [3, 0, 1, 1]
(1, (0, 1, 0), (2, 1)): [3, 2, 0, 2]
(1, (0, 1, 0), (2, 2)): [3, 2, 1]
(1, (0, 1, 0), (3, 0)): [3, 0, 1]
(1, (0, 1, 0), (3, 1)): [1, 0, 0, 2]
(1, (0, 1, 0), (3, 2)): [2, 1, 1, 2]
(1, (0, 1, 1), (0, 0)): [256, 236, 257, 111, 42, 21, 9, 4, 1, 0, 0, 1, 0, 1]
(1, (0, 1, 1), (0, 1)): [0, 0, 0, 2]
(1, (0, 1, 1), (0, 2)): [0, 0, 0, 1]
(1, (0, 1, 1), (1, 0)): [0, 0, 2]
(1, (0, 1, 1), (1, 1)): [0, 0, 0, 1]
(1, (0, 1, 1), (2, 0)): [0, 0, 1]
(1, (0, 1, 1), (2, 1)): [0, 0, 0, 1]
(1, (0, 1, 1), (2, 2)): [0, 0, 0, 1]
(1, (0, 1, 1), (3, 0)): [0, 0, 1]
(1, (1, 0, 0), (0, 0)): [4324, 811, 516, 221, 87, 45, 11, 11, 1, 0, 1]
(1, (1, 0, 0), (0, 1)): [11, 3, 2, 2]
(1, (1, 0, 0), (0, 2)): [4, 2, 1, 2]
(1, (1, 0, 0), (1, 0)): [17, 5, 5, 1]
(1, (1, 0, 0), (1, 1)): [13, 3, 4]
(1, (1, 0, 0), (1, 2)): [7, 0, 1]
(1, (1, 0, 0), (2, 0)): [7, 2, 1, 1]
(1, (1, 0, 0), (2, 1)): [10, 4, 3]
(1, (1, 0, 0), (2, 2)): [7, 2, 1]
(1, (1, 0, 0), (3, 0)): [4, 1, 1, 1]
(1, (1, 0, 0), (3, 1)): [3, 1, 1]
(1, (1, 0, 0), (3, 2)): [4, 2]
(1, (1, 0, 1), (0, 0)): [350, 460, 177, 96, 46, 26, 4, 6]
(1, (1, 0, 1), (0, 1)): [0, 0, 0, 1]
(1, (1, 0, 1), (0, 2)): [0, 0, 0, 1]
(1, (1, 0, 1), (1, 0)): [0, 1, 0, 2]
(1, (1, 0, 1), (1, 1)): [0, 1, 0, 2]
(1, (1, 0, 1), (1, 2)): [0, 0, 0, 2]
(1, (1, 0, 1), (2, 1)): [0, 1]
(1, (1, 0, 1), (2, 2)): [0, 1]
(1, (1, 0, 1), (3, 2)): [0, 1]
(1, (1, 1, 0), (0, 0)): [1122, 345, 245, 169, 85, 36, 12, 6, 1, 1, 1]
(1, (1, 1, 0), (0, 1)): [1, 1, 0, 1, 1, 1]
(1, (1, 1, 0), (0, 2)): [1, 1, 0, 0, 1]
(1, (1, 1, 0), (1, 0)): [5, 0, 2, 0, 1]
(1, (1, 1, 0), (1, 1)): [0, 0, 0, 1]
(1, (1, 1, 0), (1, 2)): [1, 0, 0, 1, 1]
(1, (1, 1, 0), (2, 0)): [5, 0, 2, 0, 1]
(1, (1, 1, 0), (2, 1)): [2, 0, 0, 0, 1]
(1, (1, 1, 0), (2, 2)): [2, 0, 0, 1, 2]
(1, (1, 1, 0), (3, 0)): [2, 0, 2]
(1, (1, 1, 0), (3, 1)): [1, 0, 1]
(1, (1, 1, 0), (3, 2)): [1, 0, 0, 0, 2]
(1, (1, 1, 1), (0, 0)): [186, 164, 121, 82, 60, 21, 11, 7, 2, 1, 0, 0, 0, 1]
(1, (1, 1, 1), (0, 1)): [2, 1]
(1, (1, 1, 1), (0, 2)): [1]
(1, (1, 1, 1), (1, 0)): [0, 0, 1, 1]
(1, (1, 1, 1), (1, 1)): [1]
(1, (1, 1, 1), (2, 0)): [0, 0, 1, 1]
(1, (1, 1, 1), (2, 1)): [1, 0, 1]
(1, (1, 1, 1), (2, 2)): [1]
(1, (1, 1, 1), (3, 0)): [0, 0, 0, 1]
(1, (1, 1, 1), (3, 1)): [0, 0, 0, 1]
(1, (1, 1, 1), (3, 2)): [1, 0, 0, 1]
(2, (0, 0, 0), (0, 0)): [8603, 397, 119, 54, 14, 6, 0, 1]
(2, (0, 0, 0), (0, 1)): [25, 3]
(2, (0, 0, 0), (0, 2)): [8, 2]
(2, (0, 0, 0), (1, 0)): [52, 4, 1, 1]
(2, (0, 0, 0), (1, 1)): [34, 2, 1]
(2, (0, 0, 0), (1, 2)): [17, 2]
(2, (0, 0, 0), (2, 0)): [29, 3, 0, 1]
(2, (0, 0, 0), (2, 1)): [29, 2, 1]
(2, (0, 0, 0), (2, 2)): [17, 2]
(2, (0, 0, 0), (3, 0)): [15, 1, 0, 1]
(2, (0, 0, 0), (3, 1)): [18, 2]
(2, (0, 0, 0), (3, 2)): [17, 2]
(2, (0, 0, 1), (0, 0)): [1108, 421, 65, 31, 9, 3, 1]
(2, (0, 0, 1), (0, 1)): [1]
(2, (0, 0, 1), (0, 2)): [1]
(2, (0, 0, 1), (1, 0)): [4]
(2, (0, 0, 1), (1, 1)): [1]
(2, (0, 0, 1), (1, 2)): [1]
(2, (0, 0, 1), (2, 0)): [3]
(2, (0, 0, 1), (2, 2)): [1]
(2, (0, 0, 1), (3, 0)): [2]
(2, (0, 1, 0), (0, 0)): [2423, 582, 152, 48, 22, 7, 2]
(2, (0, 1, 0), (1, 0)): [5, 1, 0, 1, 1]
(2, (0, 1, 0), (1, 1)): [1]
(2, (0, 1, 0), (2, 0)): [4, 1, 0, 1, 1]
(2, (0, 1, 0), (2, 1)): [1]
(2, (0, 1, 0), (3, 0)): [3, 1, 0, 1, 1]
(2, (0, 1, 0), (3, 1)): [2, 0, 0, 0, 1]
(2, (0, 1, 0), (3, 2)): [2]
(2, (0, 1, 1), (0, 0)): [701, 54, 147, 55, 14, 9, 1, 0, 1]
(2, (0, 1, 1), (0, 1)): [1]
(2, (0, 1, 1), (0, 2)): [1]
(2, (0, 1, 1), (1, 0)): [3, 0, 1]
(2, (0, 1, 1), (1, 1)): [0, 0, 1]
(2, (0, 1, 1), (2, 0)): [3]
(2, (0, 1, 1), (3, 0)): [3]
(2, (0, 1, 1), (3, 1)): [1]
(2, (0, 1, 1), (3, 2)): [1]
(2, (1, 0, 0), (0, 0)): [5264, 419, 216, 86, 21, 8, 1, 1]
(2, (1, 0, 0), (0, 1)): [7]
(2, (1, 0, 0), (0, 2)): [2]
(2, (1, 0, 0), (1, 0)): [19, 3, 1]
(2, (1, 0, 0), (1, 1)): [8, 0, 1]
(2, (1, 0, 0), (1, 2)): [4, 0, 1]
(2, (1, 0, 0), (2, 0)): [11, 2]
(2, (1, 0, 0), (2, 1)): [6]
(2, (1, 0, 0), (2, 2)): [6, 0, 1]
(2, (1, 0, 0), (3, 0)): [7, 2]
(2, (1, 0, 0), (3, 1)): [3]
(2, (1, 0, 0), (3, 2)): [5]
(2, (1, 0, 1), (0, 0)): [967, 260, 104, 63, 16, 4, 1, 2, 1]
(2, (1, 0, 1), (0, 1)): [4]
(2, (1, 0, 1), (0, 2)): [1]
(2, (1, 0, 1), (1, 0)): [4, 0, 1, 2]
(2, (1, 0, 1), (1, 1)): [4, 0, 0, 1]
(2, (1, 0, 1), (1, 2)): [1]
(2, (1, 0, 1), (2, 0)): [2, 0, 1]
(2, (1, 0, 1), (2, 1)): [3, 0, 0, 1]
(2, (1, 0, 1), (2, 2)): [2]
(2, (1, 0, 1), (3, 0)): [2, 0, 1]
(2, (1, 0, 1), (3, 1)): [2]
(2, (1, 0, 1), (3, 2)): [2]
(2, (1, 1, 0), (0, 0)): [1724, 289, 143, 105, 35, 15, 3, 0, 0, 0, 1]
(2, (1, 1, 0), (0, 1)): [4, 1, 1, 0, 1]
(2, (1, 1, 0), (0, 2)): [3, 1, 1]
(2, (1, 1, 0), (1, 0)): [9, 0, 2, 0, 0, 2]
(2, (1, 1, 0), (1, 1)): [1, 0, 0, 0, 1]
(2, (1, 1, 0), (1, 2)): [3, 1]
(2, (1, 1, 0), (2, 0)): [8, 0, 1, 0, 0, 1]
(2, (1, 1, 0), (2, 1)): [2, 0, 1, 0, 1]
(2, (1, 1, 0), (2, 2)): [0, 1, 1, 0, 1]
(2, (1, 1, 0), (3, 0)): [6, 0, 0, 0, 0, 1]
(2, (1, 1, 0), (3, 1)): [4]
(2, (1, 1, 0), (3, 2)): [3, 0, 1, 0, 1]
(2, (1, 1, 1), (0, 0)): [459, 70, 89, 47, 39, 13, 0, 1, 0, 0, 1]
(2, (1, 1, 1), (0, 1)): [1, 0, 1]
(2, (1, 1, 1), (1, 0)): [2, 1, 0, 1, 0, 1]
(2, (1, 1, 1), (1, 1)): [0, 0, 1]
(2, (1, 1, 1), (2, 0)): [2, 1, 0, 1, 0, 1]
(2, (1, 1, 1), (2, 1)): [0, 0, 1]
(2, (1, 1, 1), (3, 0)): [2, 1, 0, 1, 0, 1]
(2, (1, 1, 1), (3, 1)): [2]
(2, (1, 1, 1), (3, 2)): [1]
