(0, (0, 0, 0), (0, 0)): [817696, 163963, 76772, 35113, 15800, 6891, 2847, 1197, 487, 230, 92, 48, 24, 7, 3, 1, 0, 1]
(0, (0, 0, 0), (0, 1)): [17368, 3165, 1524, 669, 306, 130, 44, 23, 6, 5, 1, 0, 2, 1, 0, 1]
(0, (0, 0, 0), (0, 2)): [6358, 992, 475, 218, 98, 29, 16, 10, 2, 1, 0, 0, 1]
(0, (0, 0, 0), (1, 0)): [16021, 3433, 1769, 783, 390, 168, 76, 29, 11, 5, 2]
(0, (0, 0, 0), (1, 1)): [14736, 2838, 1431, 643, 310, 128, 42, 21, 6, 3, 2, 0, 1, 1, 0, 1]
(0, (0, 0, 0), (1, 2)): [9523, 1607, 767, 332, 178, 67, 21, 10, 5, 2, 0, 0, 2]
(0, (0, 0, 0), (2, 0)): [5295, 1260, 690, 337, 158, 79, 36, 13, 4, 2, 1]
(0, (0, 0, 0), (2, 1)): [7879, 1654, 902, 426, 199, 86, 34, 19, 3, 1, 1, 0, 0, 1]
(0, (0, 0, 0), (2, 2)): [7575, 1383, 714, 318, 161, 73, 20, 11, 3, 3, 1, 0, 2]
(0, (0, 0, 0), (3, 0)): [1746, 435, 286, 153, 68, 40, 17, 5, 3, 0, 1]
(0, (0, 0, 0), (3, 1)): [3180, 779, 495, 255, 103, 51, 20, 12, 4]
(0, (0, 0, 0), (3, 2)): [4335, 917, 579, 266, 124, 53, 14, 9, 5, 2, 0, 0, 2]
(0, (0, 0, 1), (0, 0)): [3393, 10471, 2858, 1367, 681, 301, 129, 69, 29, 17, 4, 1, 2, 1]
(0, (0, 0, 1), (0, 1)): [68, 182, 58, 18, 13, 6, 2, 1, 0, 1, 0, 0, 0, 1]
(0, (0, 0, 1), (0, 2)): [28, 72, 15, 6, 5, 1]
(0, (0, 0, 1), (1, 1)): [55, 126, 45, 15, 14, 6, 1, 1, 0, 1, 0, 0, 0, 1]
(0, (0, 0, 1), (1, 2)): [40, 96, 24, 9, 8, 0, 1, 1, 0, 1]
(0, (0, 0, 1), (2, 1)): [34, 77, 27, 12, 9, 5]
(0, (0, 0, 1), (3, 1)): [14, 32, 12, 7, 6, 4, 0, 1]
(0, (0, 0, 1), (3, 2)): [21, 40, 12, 5, 6, 4, 0, 1]
(0, (0, 1, 0), (0, 0)): [26889, 25500, 10091, 4748, 2343, 1045, 422, 191, 83, 47, 14, 5, 3, 1, 1]
(0, (0, 1, 0), (0, 1)): [545, 448, 168, 84, 28, 21, 7, 5, 1]
(0, (0, 1, 0), (0, 2)): [214, 138, 56, 23, 5, 9, 2, 0, 1]
(0, (0, 1, 0), (1, 0)): [513, 449, 195, 100, 51, 26, 8, 2, 1]
(0, (0, 1, 0), (1, 1)): [439, 378, 155, 78, 31, 14, 7, 5]
(0, (0, 1, 0), (1, 2)): [298, 230, 87, 46, 17, 10, 3, 2, 1]
(0, (0, 1, 0), (2, 0)): [185, 157, 66, 39, 21, 17, 2, 0, 1]
(0, (0, 1, 0), (2, 1)): [223, 198, 81, 45, 13, 16, 4, 3]
(0, (0, 1, 0), (2, 2)): [233, 172, 78, 38, 13, 7, 5, 1, 1]
(0, (0, 1, 0), (3, 0)): [70, 56, 31, 24, 14, 5, 1, 0, 1]
(0, (0, 1, 0), (3, 1)): [92, 84, 43, 25, 15, 8, 1, 1]
(0, (0, 1, 0), (3, 2)): [142, 105, 60, 29, 16, 6, 4]
(0, (0, 1, 1), (0, 0)): [2403, 4074, 5052, 2318, 1276, 579, 257, 122, 54, 27, 8, 6, 1, 2, 1, 0, 0, 1]
(0, (0, 1, 1), (0, 1)): [42, 57, 88, 36, 20, 7, 5, 3]
(0, (0, 1, 1), (0, 2)): [22, 22, 33, 13, 11, 4, 3, 2]
(0, (0, 1, 1), (1, 0)): [54, 91, 118, 57, 42, 15, 5, 5, 4, 0, 0, 1]
(0, (0, 1, 1), (1, 1)): [30, 54, 74, 33, 21, 4, 3, 2, 1]
(0, (0, 1, 1), (1, 2)): [25, 29, 41, 18, 15, 5, 3, 2, 1]
(0, (0, 1, 1), (2, 0)): [37, 53, 60, 32, 22, 11, 3, 4, 3, 0, 0, 1]
(0, (0, 1, 1), (2, 1)): [23, 37, 53, 25, 13, 3, 2, 4, 2]
(0, (0, 1, 1), (2, 2)): [30, 32, 40, 16, 8, 4, 2, 2, 2]
(0, (0, 1, 1), (3, 0)): [23, 33, 30, 21, 16, 10, 1, 1, 0, 0, 0, 1]
(0, (0, 1, 1), (3, 1)): [9, 19, 19, 11, 10, 0, 0, 1, 1]
(0, (1, 0, 0), (0, 0)): [177465, 59021, 37940, 18749, 9036, 4116, 1759, 762, 321, 148, 63, 31, 15, 4, 2, 1, 0, 1]
(0, (1, 0, 0), (0, 1)): [3666, 990, 729, 339, 182, 80, 29, 14, 6]
(0, (1, 0, 0), (0, 2)): [1411, 296, 239, 93, 52, 19, 12, 2, 5]
(0, (1, 0, 0), (1, 0)): [3187, 1036, 775, 372, 188, 70, 40, 15, 6, 6, 2]
(0, (1, 0, 0), (1, 1)): [2739, 809, 607, 282, 144, 55, 23, 14, 5, 4]
(0, (1, 0, 0), (1, 2)): [1763, 432, 339, 140, 73, 24, 16, 7, 3, 2]
(0, (1, 0, 0), (2, 0)): [995, 348, 251, 142, 76, 31, 11, 6, 2, 2, 2]
(0, (1, 0, 0), (2, 1)): [1324, 406, 311, 166, 86, 37, 13, 6, 3, 3]
(0, (1, 0, 0), (2, 2)): [1228, 324, 251, 119, 65, 21, 14, 7, 2, 3]
(0, (1, 0, 0), (3, 0)): [289, 124, 98, 64, 39, 10, 3, 4, 0, 1, 1]
(0, (1, 0, 0), (3, 1)): [507, 179, 138, 85, 55, 16, 4, 2, 3, 1, 1]
(0, (1, 0, 0), (3, 2)): [638, 198, 151, 81, 59, 16, 6, 5, 2, 3]
(0, (1, 0, 1), (0, 0)): [4079, 13037, 5281, 3657, 1948, 899, 447, 187, 86, 40, 17, 11, 5, 1, 1, 0, 0, 1]
(0, (1, 0, 1), (0, 1)): [77, 226, 92, 58, 27, 13, 10, 2, 1, 0, 0, 0, 1]
(0, (1, 0, 1), (0, 2)): [27, 86, 23, 21, 11, 7, 4, 0, 1]
(0, (1, 0, 1), (1, 0)): [70, 240, 88, 71, 34, 17, 2, 3, 4, 1, 1]
(0, (1, 0, 1), (1, 1)): [67, 177, 63, 49, 22, 11, 6, 1, 2, 0, 1]
(0, (1, 0, 1), (1, 2)): [51, 97, 32, 27, 12, 9, 3, 1, 2]
(0, (1, 0, 1), (2, 0)): [25, 87, 39, 25, 15, 9, 0, 3, 1, 1]
(0, (1, 0, 1), (2, 1)): [22, 111, 37, 29, 17, 6, 1, 0, 2, 0, 1]
(0, (1, 0, 1), (2, 2)): [43, 90, 26, 19, 11, 5, 2, 1, 1, 0, 1]
(0, (1, 0, 1), (3, 0)): [13, 31, 18, 13, 7, 6, 0, 3]
(0, (1, 0, 1), (3, 2)): [14, 44, 22, 10, 10, 3, 1, 0, 1, 0, 1]
(0, (1, 1, 0), (0, 0)): [24211, 15527, 11992, 8503, 4565, 2186, 960, 462, 185, 79, 39, 18, 6, 1]
(0, (1, 1, 0), (0, 1)): [537, 291, 205, 156, 86, 34, 12, 10, 2, 0, 1]
(0, (1, 1, 0), (0, 2)): [210, 104, 68, 49, 34, 11, 6, 6]
(0, (1, 1, 0), (1, 0)): [423, 262, 217, 154, 83, 46, 16, 10, 1, 3]
(0, (1, 1, 0), (1, 1)): [357, 198, 158, 113, 53, 29, 11, 8, 2, 1, 1]
(0, (1, 1, 0), (1, 2)): [249, 112, 87, 64, 35, 15, 4, 9, 1, 1]
(0, (1, 1, 0), (2, 0)): [119, 87, 69, 59, 32, 19, 5, 4, 1, 1]
(0, (1, 1, 0), (2, 1)): [169, 108, 74, 66, 33, 17, 8, 5, 1, 1]
(0, (1, 1, 0), (2, 2)): [170, 92, 69, 49, 23, 15, 3, 7, 1, 2]
(0, (1, 1, 0), (3, 1)): [64, 41, 38, 36, 18, 10, 6, 2, 2]
(0, (1, 1, 0), (3, 2)): [97, 51, 43, 36, 15, 10, 2, 4, 1]
(0, (1, 1, 1), (0, 0)): [2460, 4529, 3783, 2891, 2297, 1143, 552, 278, 118, 49, 28, 11, 2, 1, 1]
(0, (1, 1, 1), (0, 1)): [70, 86, 78, 54, 33, 21, 7, 5, 4, 2, 1, 1]
(0, (1, 1, 1), (1, 0)): [49, 93, 97, 64, 62, 29, 8, 9, 2, 0, 1]
(0, (1, 1, 1), (1, 1)): [52, 70, 80, 54, 27, 20, 7, 7, 1, 1, 1]
(0, (1, 1, 1), (2, 1)): [28, 33, 35, 31, 25, 13, 3, 3, 1]
(0, (1, 1, 1), (2, 2)): [27, 32, 32, 24, 14, 9, 3, 3, 1, 0, 0, 1]
(1, (0, 0, 0), (0, 0)): [657623, 71922, 29726, 11935, 4698, 1791, 689, 262, 103, 42, 19, 11, 6, 2, 0, 1]
(1, (0, 0, 0), (0, 1)): [14057, 1416, 616, 233, 87, 23, 11, 6, 1, 0, 0, 0, 0, 1]
(1, (0, 0, 0), (0, 2)): [5168, 421, 176, 63, 23, 6, 1, 1]
(1, (0, 0, 0), (1, 0)): [13499, 1671, 738, 268, 128, 47, 19, 6, 0, 1, 0, 0, 0, 0, 0, 1]
(1, (0, 0, 0), (1, 1)): [12166, 1332, 561, 203, 92, 36, 16, 4, 1, 1, 0, 0, 0, 1]
(1, (0, 0, 0), (1, 2)): [7704, 672, 273, 115, 51, 22, 7, 2]
(1, (0, 0, 0), (2, 0)): [4674, 636, 331, 110, 52, 20, 7, 4, 0, 0, 0, 0, 0, 0, 0, 1]
(1, (0, 0, 0), (2, 1)): [6754, 835, 360, 127, 61, 20, 9, 5, 0, 1]
(1, (0, 0, 0), (2, 2)): [6406, 626, 281, 106, 47, 27, 10, 3]
(1, (0, 0, 0), (3, 0)): [1492, 226, 156, 51, 26, 8, 4, 0, 0, 0, 0, 0, 0, 0, 0, 1]
(1, (0, 0, 0), (3, 1)): [2828, 434, 232, 79, 46, 7, 2, 3]
(1, (0, 0, 0), (3, 2)): [3647, 448, 239, 81, 45, 17, 9, 3]
(1, (0, 0, 1), (0, 0)): [17776, 26150, 5215, 2175, 925, 399, 147, 62, 32, 8, 6, 4, 3, 1]
(1, (0, 0, 1), (0, 1)): [347, 369, 82, 27, 14, 7, 5]
(1, (0, 0, 1), (0, 2)): [145, 116, 26, 6, 2, 1, 3]
(1, (0, 0, 1), (1, 0)): [344, 502, 101, 51, 25, 12, 5, 2, 1]
(1, (0, 0, 1), (1, 1)): [304, 363, 69, 30, 17, 6, 2, 2]
(1, (0, 0, 1), (1, 2)): [232, 197, 30, 13, 11, 2, 2]
(1, (0, 0, 1), (2, 0)): [150, 206, 43, 24, 12, 7, 5, 0, 1]
(1, (0, 0, 1), (2, 1)): [147, 216, 34, 17, 8, 7, 5, 2]
(1, (0, 0, 1), (2, 2)): [153, 159, 28, 13, 6, 2, 1]
(1, (0, 0, 1), (3, 0)): [65, 83, 24, 16, 8, 3, 2, 0, 1]
(1, (0, 0, 1), (3, 1)): [82, 109, 12, 11, 4, 3, 3, 2]
(1, (0, 0, 1), (3, 2)): [94, 98, 20, 11, 5, 2, 3]
(1, (0, 1, 0), (0, 0)): [86836, 40086, 14367, 6069, 2496, 997, 338, 169, 43, 28, 15, 7, 6, 1, 1]
(1, (0, 1, 0), (0, 1)): [1577, 616, 239, 100, 31, 12, 5, 2, 1]
(1, (0, 1, 0), (0, 2)): [623, 213, 70, 21, 9, 5, 2]
(1, (0, 1, 0), (1, 0)): [1885, 838, 306, 181, 79, 25, 10, 4, 0, 0, 1, 0, 0, 1]
(1, (0, 1, 0), (1, 1)): [1394, 531, 226, 104, 37, 12, 6, 3, 1, 0, 0, 0, 0, 1]
(1, (0, 1, 0), (1, 2)): [901, 312, 123, 41, 15, 6, 5, 2]
(1, (0, 1, 0), (2, 0)): [818, 372, 136, 96, 40, 15, 7, 3, 0, 0, 1]
(1, (0, 1, 0), (2, 1)): [758, 320, 117, 70, 31, 10, 6, 2, 0, 0, 1, 0, 0, 1]
(1, (0, 1, 0), (2, 2)): [717, 284, 108, 38, 22, 4, 3, 1]
(1, (0, 1, 0), (3, 0)): [437, 180, 56, 69, 28, 8, 4, 2]
(1, (0, 1, 0), (3, 1)): [370, 142, 54, 43, 19, 7, 3, 1, 0, 0, 0, 0, 0, 1]
(1, (0, 1, 0), (3, 2)): [403, 158, 70, 40, 23, 0, 4, 1, 0, 0, 0, 0, 0, 1]
(1, (0, 1, 1), (0, 0)): [14662, 12003, 11247, 4453, 2331, 915, 374, 151, 77, 16, 7, 4, 1, 2, 0, 1]
(1, (0, 1, 1), (0, 1)): [218, 161, 134, 49, 24, 14, 5, 1]
(1, (0, 1, 1), (0, 2)): [110, 48, 43, 15, 7, 3, 1]
(1, (0, 1, 1), (1, 0)): [399, 308, 226, 110, 79, 27, 11, 7, 3, 1]
(1, (0, 1, 1), (1, 2)): [141, 74, 71, 30, 9, 4, 1]
(1, (0, 1, 1), (2, 0)): [264, 202, 129, 75, 62, 25, 9, 6, 3, 1]
(1, (0, 1, 1), (3, 0)): [217, 159, 105, 58, 55, 21, 6, 6, 3, 1]
(1, (1, 0, 0), (0, 0)): [258031, 46150, 29539, 12768, 5197, 2078, 819, 298, 137, 59, 22, 15, 4, 2, 0, 2]
(1, (1, 0, 0), (0, 1)): [5320, 734, 562, 233, 97, 30, 14, 3, 1, 2]
(1, (1, 0, 0), (0, 2)): [1919, 231, 196, 64, 28, 8, 6, 1, 0, 2]
(1, (1, 0, 0), (1, 0)): [5009, 889, 639, 298, 130, 43, 22, 9, 1, 2, 0, 0, 1, 0, 0, 1]
(1, (1, 0, 0), (1, 1)): [4276, 628, 482, 192, 81, 29, 12, 6, 1, 0, 0, 0, 0, 0, 0, 1]
(1, (1, 0, 0), (1, 2)): [2633, 326, 275, 89, 44, 15, 5, 4, 0, 1]
(1, (1, 0, 0), (2, 0)): [1617, 322, 243, 142, 55, 23, 10, 0, 1, 2, 0, 0, 1]
(1, (1, 0, 0), (2, 1)): [2193, 370, 299, 135, 55, 17, 9, 2, 2, 0, 0, 0, 0, 0, 0, 1]
(1, (1, 0, 0), (2, 2)): [1981, 277, 242, 92, 40, 10, 5, 3, 1, 1]
(1, (1, 0, 0), (3, 0)): [487, 109, 77, 62, 24, 10, 4, 0, 0, 2, 0, 0, 1]
(1, (1, 0, 0), (3, 1)): [837, 195, 138, 83, 29, 12, 6, 1, 0, 1, 0, 0, 0, 0, 0, 1]
(1, (1, 0, 0), (3, 2)): [1031, 198, 143, 74, 28, 11, 5, 1, 1, 1, 0, 0, 0, 0, 0, 1]
(1, (1, 0, 1), (0, 0)): [20242, 24779, 7969, 5269, 2277, 968, 364, 147, 54, 40, 12, 3, 0, 1]
(1, (1, 0, 1), (0, 1)): [425, 376, 116, 94, 42, 16, 9, 1, 3, 2]
(1, (1, 0, 1), (0, 2)): [187, 117, 39, 29, 7, 6, 4, 0, 0, 1]
(1, (1, 0, 1), (1, 0)): [398, 463, 142, 103, 57, 15, 4, 0, 0, 2]
(1, (1, 0, 1), (1, 1)): [324, 310, 96, 79, 42, 6, 6, 1, 2]
(1, (1, 0, 1), (1, 2)): [248, 162, 54, 46, 16, 5, 5, 1, 0, 1]
(1, (1, 0, 1), (2, 0)): [151, 160, 49, 30, 22, 9, 1, 0, 0, 1]
(1, (1, 0, 1), (2, 1)): [152, 166, 51, 41, 26, 6, 4, 0, 2]
(1, (1, 0, 1), (2, 2)): [160, 127, 48, 26, 16, 3, 5, 0, 1]
(1, (1, 0, 1), (3, 0)): [58, 68, 16, 12, 10, 5, 0, 0, 0, 1]
(1, (1, 0, 1), (3, 1)): [64, 77, 16, 20, 18, 6]
(1, (1, 0, 1), (3, 2)): [81, 71, 28, 19, 17, 6, 3, 0, 1]
(1, (1, 1, 0), (0, 0)): [69972, 21944, 15090, 10550, 4534, 1927, 752, 300, 121, 53, 17, 11, 6, 4, 1]
(1, (1, 1, 0), (0, 1)): [1455, 384, 244, 190, 77, 30, 18, 5, 1]
(1, (1, 1, 0), (0, 2)): [583, 152, 80, 63, 23, 8, 4]
(1, (1, 1, 0), (1, 0)): [1340, 448, 319, 242, 106, 38, 17, 7, 1, 2, 0, 0, 2, 1]
(1, (1, 1, 0), (1, 1)): [1103, 310, 224, 164, 73, 29, 17, 6, 0, 2]
(1, (1, 1, 0), (1, 2)): [801, 199, 126, 97, 37, 14, 8, 1]
(1, (1, 1, 0), (2, 0)): [468, 161, 112, 95, 41, 15, 3, 2, 1, 0, 0, 0, 2, 1]
(1, (1, 1, 0), (2, 2)): [581, 152, 87, 71, 37, 12, 4, 1]
(1, (1, 1, 0), (3, 0)): [132, 60, 35, 31, 24, 10, 1, 2, 1, 0, 0, 0, 1]
(1, (1, 1, 0), (3, 1)): [237, 90, 65, 54, 27, 10, 7, 3, 0, 1, 0, 0, 1]
(1, (1, 1, 0), (3, 2)): [318, 92, 67, 43, 30, 13, 7, 4, 0, 1, 0, 0, 1]
(1, (1, 1, 1), (0, 0)): [14573, 11504, 7448, 4976, 3634, 1538, 636, 232, 102, 38, 14, 12, 6, 2, 1, 1]
(1, (1, 1, 1), (0, 1)): [362, 229, 152, 95, 79, 28, 14, 4, 3]
(1, (1, 1, 1), (0, 2)): [186, 81, 55, 30, 30, 7, 7]
(1, (1, 1, 1), (1, 0)): [310, 233, 159, 104, 83, 37, 16, 6, 2, 2, 0, 1, 1]
(1, (1, 1, 1), (1, 1)): [255, 161, 121, 83, 71, 28, 6, 4, 1]
(1, (1, 1, 1), (1, 2)): [206, 83, 79, 47, 36, 20, 7]
(1, (1, 1, 1), (2, 0)): [95, 96, 66, 42, 26, 18, 10, 3, 1, 1, 0, 1, 1]
(1, (1, 1, 1), (2, 1)): [131, 113, 73, 51, 42, 13, 8, 4, 1, 1, 0, 1]
(1, (1, 1, 1), (2, 2)): [141, 80, 63, 56, 35, 14, 6, 1]
(1, (1, 1, 1), (3, 2)): [71, 52, 33, 35, 22, 12, 3, 2]
(2, (0, 0, 0), (0, 0)): [567748, 25645, 8763, 2818, 975, 321, 117, 36, 8, 3, 3, 0, 1]
(2, (0, 0, 0), (0, 1)): [12189, 519, 186, 43, 27, 6, 5, 1]
(2, (0, 0, 0), (0, 2)): [4348, 138, 40, 13, 6, 1, 1, 1]
(2, (0, 0, 0), (1, 0)): [12261, 701, 239, 69, 31, 10, 3, 0, 0, 0, 0, 0, 1]
(2, (0, 0, 0), (1, 1)): [10837, 543, 196, 37, 27, 5, 6]
(2, (0, 0, 0), (1, 2)): [6753, 248, 87, 20, 13, 3, 3]
(2, (0, 0, 0), (2, 0)): [4421, 262, 109, 43, 15, 6, 1, 0, 0, 0, 0, 0, 1]
(2, (0, 0, 0), (2, 1)): [6269, 325, 121, 39, 9, 4, 3]
(2, (0, 0, 0), (2, 2)): [5667, 255, 93, 25, 12, 4, 1]
(2, (0, 0, 0), (3, 0)): [1505, 105, 61, 22, 11, 3, 1, 0, 0, 0, 0, 0, 1]
(2, (0, 0, 0), (3, 1)): [2842, 158, 81, 29, 10, 5, 2]
(2, (0, 0, 0), (3, 2)): [3573, 191, 93, 23, 8, 4]
(2, (0, 0, 1), (0, 0)): [52570, 16634, 3250, 1102, 401, 154, 40, 12, 2, 2, 0, 1]
(2, (0, 0, 1), (0, 1)): [970, 270, 59, 22, 9, 3, 1]
(2, (0, 0, 1), (1, 0)): [1141, 335, 77, 30, 9, 3, 0, 1]
(2, (0, 0, 1), (1, 1)): [929, 226, 54, 19, 8, 1, 1]
(2, (0, 0, 1), (1, 2)): [604, 108, 23, 9, 2, 1, 1]
(2, (0, 0, 1), (2, 0)): [472, 146, 35, 20, 6, 3, 0, 1]
(2, (0, 0, 1), (2, 1)): [530, 126, 42, 15, 9, 1, 0, 1]
(2, (0, 0, 1), (2, 2)): [495, 90, 31, 6, 3, 2, 1]
(2, (0, 0, 1), (3, 0)): [243, 65, 19, 13, 2, 2]
(2, (0, 0, 1), (3, 1)): [262, 67, 18, 13, 6]
(2, (0, 0, 1), (3, 2)): [303, 64, 22, 8, 2, 1]
(2, (0, 1, 0), (0, 0)): [139398, 30831, 8107, 2872, 940, 321, 94, 24, 5, 3, 3, 0, 1]
(2, (0, 1, 0), (0, 1)): [2513, 454, 123, 47, 13, 1, 1]
(2, (0, 1, 0), (0, 2)): [948, 131, 32, 10, 4]
(2, (0, 1, 0), (1, 0)): [3326, 568, 248, 100, 24, 14, 5, 1, 0, 0, 0, 0, 1]
(2, (0, 1, 0), (1, 1)): [2344, 400, 147, 50, 12, 4, 3, 1]
(2, (0, 1, 0), (1, 2)): [1452, 208, 58, 30, 3]
(2, (0, 1, 0), (2, 0)): [1567, 247, 123, 69, 17, 9, 3, 0, 0, 0, 0, 0, 1]
(2, (0, 1, 0), (2, 1)): [1433, 257, 91, 34, 9, 6, 3, 1, 0, 0, 0, 0, 1]
(2, (0, 1, 0), (2, 2)): [1281, 193, 59, 33, 5, 3, 0, 1]
(2, (0, 1, 0), (3, 0)): [881, 112, 72, 48, 12, 4, 2]
(2, (0, 1, 0), (3, 1)): [672, 119, 59, 21, 9, 3, 3, 0, 0, 0, 0, 0, 1]
(2, (0, 1, 0), (3, 2)): [828, 133, 54, 28, 5, 3, 1, 0, 0, 0, 0, 0, 1]
(2, (0, 1, 1), (0, 0)): [32951, 2865, 7533, 2008, 795, 257, 100, 34, 11, 4, 3, 1, 0, 1]
(2, (0, 1, 1), (0, 1)): [542, 46, 96, 23, 5, 3, 1, 3]
(2, (0, 1, 1), (0, 2)): [227, 19, 31, 8, 2, 1, 1]
(2, (0, 1, 1), (1, 0)): [756, 82, 152, 53, 24, 6, 4, 0, 0, 0, 1]
(2, (0, 1, 1), (1, 1)): [495, 37, 90, 24, 6, 3, 1, 2]
(2, (0, 1, 1), (1, 2)): [329, 21, 44, 9, 3, 1, 2, 1]
(2, (0, 1, 1), (2, 0)): [386, 50, 75, 32, 19, 5, 1, 0, 0, 0, 1]
(2, (0, 1, 1), (3, 0)): [271, 38, 40, 19, 17, 4, 1, 0, 0, 0, 1]
(2, (1, 0, 0), (0, 0)): [315180, 23127, 14761, 4698, 1562, 487, 205, 54, 15, 8, 4, 0, 1]
(2, (1, 0, 0), (0, 1)): [6048, 324, 269, 68, 29, 7, 6, 1]
(2, (1, 0, 0), (0, 2)): [2189, 89, 74, 15, 10, 1, 1]
(2, (1, 0, 0), (1, 0)): [6220, 523, 375, 141, 40, 11, 6, 1, 0, 0, 0, 0, 1]
(2, (1, 0, 0), (1, 1)): [4981, 317, 262, 78, 24, 3, 4]
(2, (1, 0, 0), (1, 2)): [3124, 154, 113, 42, 11, 2]
(2, (1, 0, 0), (2, 0)): [2098, 203, 135, 69, 17, 5, 3, 0, 0, 0, 0, 0, 1]
(2, (1, 0, 0), (2, 1)): [2547, 166, 145, 49, 20, 6, 2, 0, 0, 0, 0, 0, 1]
(2, (1, 0, 0), (2, 2)): [2362, 138, 111, 37, 13, 5, 1]
(2, (1, 0, 0), (3, 0)): [686, 94, 40, 40, 4, 1, 2]
(2, (1, 0, 0), (3, 1)): [1097, 115, 70, 40, 9, 3, 2, 0, 0, 0, 0, 0, 1]
(2, (1, 0, 0), (3, 2)): [1309, 113, 75, 33, 9, 7, 1, 0, 0, 0, 0, 0, 1]
(2, (1, 0, 1), (0, 0)): [51813, 13039, 5250, 3100, 1004, 342, 127, 41, 17, 5, 0, 2, 1]
(2, (1, 0, 1), (0, 1)): [1046, 218, 94, 60, 19, 1, 2, 1, 0, 0, 0, 1]
(2, (1, 0, 1), (0, 2)): [413, 65, 28, 13, 8]
(2, (1, 0, 1), (1, 0)): [968, 226, 106, 73, 30, 10, 3]
(2, (1, 0, 1), (1, 1)): [806, 170, 69, 58, 17, 4, 4, 1, 0, 0, 0, 1]
(2, (1, 0, 1), (1, 2)): [544, 81, 32, 23, 9, 2, 1, 1, 0, 0, 0, 1]
(2, (1, 0, 1), (2, 0)): [341, 79, 55, 26, 11, 4, 1]
(2, (1, 0, 1), (2, 1)): [443, 105, 35, 31, 14, 3]
(2, (1, 0, 1), (2, 2)): [392, 65, 24, 17, 9, 3, 1, 1, 0, 0, 0, 1]
(2, (1, 0, 1), (3, 2)): [237, 47, 24, 9, 8, 3, 1, 1]
(2, (1, 1, 0), (0, 0)): [121988, 19156, 9713, 6390, 2081, 697, 210, 72, 28, 12, 5, 1, 2, 1]
(2, (1, 1, 0), (0, 1)): [2497, 340, 161, 111, 33, 7, 4, 2, 0, 0, 0, 0, 1]
(2, (1, 1, 0), (0, 2)): [982, 106, 45, 26, 9, 1, 1]
(2, (1, 1, 0), (1, 0)): [2441, 372, 211, 167, 51, 18, 6, 2, 1, 1]
(2, (1, 1, 0), (1, 1)): [2025, 273, 142, 113, 26, 7, 2, 2, 1, 1, 0, 0, 1]
(2, (1, 1, 0), (1, 2)): [1395, 156, 76, 46, 11, 3, 2, 1]
(2, (1, 1, 0), (2, 0)): [854, 147, 95, 70, 26, 11, 3, 1]
(2, (1, 1, 0), (2, 1)): [1094, 145, 95, 74, 21, 10, 2, 1, 1, 1, 0, 0, 1]
(2, (1, 1, 0), (2, 2)): [1041, 129, 66, 60, 13, 4, 3, 1, 1]
(2, (1, 1, 0), (3, 0)): [303, 56, 40, 27, 12, 5, 1]
(2, (1, 1, 0), (3, 1)): [464, 75, 56, 37, 10, 7, 2, 1, 0, 0, 0, 0, 1]
(2, (1, 1, 0), (3, 2)): [580, 81, 53, 40, 13, 2, 2, 1, 1]
(2, (1, 1, 1), (0, 0)): [35403, 5229, 6006, 3026, 2153, 702, 226, 81, 34, 5, 4, 0, 1, 1]
(2, (1, 1, 1), (0, 1)): [852, 78, 116, 58, 41, 7, 5, 2, 1, 0, 0, 0, 1]
(2, (1, 1, 1), (0, 2)): [384, 20, 28, 16, 12, 2, 1, 0, 1]
(2, (1, 1, 1), (1, 0)): [672, 197, 125, 77, 53, 22, 6, 1, 1, 0, 1]
(2, (1, 1, 1), (1, 1)): [641, 93, 105, 57, 37, 5, 3, 0, 0, 0, 1, 0, 1]
(2, (1, 1, 1), (1, 2)): [478, 41, 43, 25, 15, 4, 2, 0, 0, 0, 1]
(2, (1, 1, 1), (2, 1)): [276, 88, 59, 29, 30, 7, 4, 0, 0, 0, 0, 0, 1]
(2, (1, 1, 1), (2, 2)): [321, 52, 41, 27, 16, 5, 2, 0, 0, 0, 1]
(2, (1, 1, 1), (3, 1)): [89, 93, 22, 21, 21, 5, 4]
