(0, (0, 0, 0), (0, 0)): [21050, 4720, 2222, 1037, 472, 218, 83, 28, 15, 5, 3, 2, 0, 1]
(0, (0, 0, 0), (0, 1)): [9099, 1821, 872, 373, 188, 83, 33, 11, 7, 3, 1, 1, 0, 1]
(0, (0, 0, 0), (0, 2)): [3465, 617, 283, 122, 72, 25, 11, 4, 2, 1]
(0, (0, 0, 0), (1, 0)): [8264, 2000, 956, 489, 205, 89, 40, 14, 4, 2, 2, 1]
(0, (0, 0, 0), (1, 1)): [7899, 1700, 836, 392, 154, 80, 28, 7, 5, 1, 2, 2, 0, 1]
(0, (0, 0, 0), (1, 2)): [5465, 1019, 456, 229, 102, 41, 17, 6, 4, 1, 0, 1]
(0, (0, 0, 0), (2, 0)): [2629, 686, 345, 167, 82, 35, 16, 6, 2, 2, 1]
(0, (0, 0, 0), (2, 1)): [4023, 972, 523, 244, 112, 49, 21, 8, 2, 0, 2]
(0, (0, 0, 0), (2, 2)): [4359, 869, 420, 220, 93, 44, 15, 6, 5, 0, 0, 1]
(0, (0, 0, 0), (3, 0)): [841, 224, 127, 69, 29, 14, 6, 3, 1, 2]
(0, (0, 0, 0), (3, 1)): [1570, 427, 250, 116, 57, 20, 13, 4, 0, 0, 1]
(0, (0, 0, 0), (3, 2)): [2356, 538, 282, 138, 61, 31, 17, 5, 3, 0, 0, 1]
(0, (0, 0, 1), (0, 0)): [52, 240, 66, 35, 17, 8, 3, 2]
(0, (0, 0, 1), (0, 1)): [15, 99, 22, 11, 6, 5, 0, 1]
(0, (0, 0, 1), (0, 2)): [7, 32, 6, 3, 1, 1]
(0, (0, 0, 1), (1, 0)): [29, 97, 34, 18, 6, 2, 2, 1]
(0, (0, 0, 1), (1, 1)): [20, 83, 23, 15, 7, 6, 2, 1]
(0, (0, 0, 1), (1, 2)): [19, 47, 14, 6, 2, 2, 1, 1]
(0, (0, 0, 1), (2, 0)): [11, 36, 16, 9, 1]
(0, (0, 0, 1), (2, 1)): [14, 53, 18, 13, 3, 3, 1]
(0, (0, 0, 1), (2, 2)): [13, 50, 14, 11, 2, 2, 1]
(0, (0, 0, 1), (3, 0)): [0, 11, 3, 3, 1]
(0, (0, 0, 1), (3, 1)): [6, 24, 7, 7, 2, 0, 1]
(0, (0, 0, 1), (3, 2)): [7, 30, 6, 10, 1, 2]
(0, (0, 1, 0), (0, 0)): [929, 876, 345, 189, 95, 40, 20, 5, 3, 1, 1]
(0, (0, 1, 0), (0, 1)): [395, 336, 144, 69, 37, 12, 9, 1, 0, 1]
(0, (0, 1, 0), (0, 2)): [164, 111, 48, 22, 4, 5, 4]
(0, (0, 1, 0), (1, 0)): [376, 346, 147, 89, 38, 20, 8, 3, 3, 0, 1]
(0, (0, 1, 0), (1, 1)): [360, 304, 124, 65, 40, 10, 9, 3]
(0, (0, 1, 0), (1, 2)): [230, 180, 83, 40, 17, 7, 7, 2]
(0, (0, 1, 0), (2, 0)): [130, 128, 58, 46, 14, 10, 2, 0, 2]
(0, (0, 1, 0), (2, 1)): [200, 158, 72, 38, 20, 7, 3, 1]
(0, (0, 1, 0), (2, 2)): [202, 155, 76, 42, 18, 10, 6]
(0, (0, 1, 0), (3, 0)): [53, 30, 13, 22, 5, 9, 2, 0, 2]
(0, (0, 1, 0), (3, 1)): [89, 55, 30, 23, 11, 3, 1, 1]
(0, (0, 1, 0), (3, 2)): [127, 87, 49, 32, 13, 6, 4, 1]
(0, (0, 1, 1), (0, 0)): [65, 105, 136, 70, 32, 25, 5, 3, 2]
(0, (0, 1, 1), (0, 1)): [29, 29, 39, 24, 13, 10, 2, 1]
(0, (0, 1, 1), (0, 2)): [9, 7, 11, 8, 3, 4, 1, 1]
(0, (0, 1, 1), (1, 0)): [30, 59, 63, 38, 15, 11, 2, 1, 2]
(0, (0, 1, 1), (1, 1)): [31, 43, 48, 29, 10, 8, 2, 0, 2]
(0, (0, 1, 1), (1, 2)): [16, 19, 24, 17, 6, 7, 2, 1]
(0, (0, 1, 1), (2, 0)): [12, 26, 22, 15, 9, 7]
(0, (0, 1, 1), (2, 1)): [9, 23, 28, 19, 5, 3, 0, 0, 2]
(0, (0, 1, 1), (2, 2)): [12, 20, 27, 15, 6, 5, 1, 1, 2]
(0, (0, 1, 1), (3, 0)): [9, 13, 11, 5, 5, 3]
(0, (0, 1, 1), (3, 1)): [2, 13, 12, 4, 4, 3]
(0, (0, 1, 1), (3, 2)): [7, 20, 13, 10, 5, 2, 0, 0, 2]
(0, (1, 0, 0), (0, 0)): [4329, 1447, 1001, 556, 250, 120, 42, 15, 10, 1, 2, 1, 0, 1]
(0, (1, 0, 0), (0, 1)): [1754, 547, 377, 207, 83, 34, 20, 6, 5, 0, 1]
(0, (1, 0, 0), (0, 2)): [678, 186, 123, 71, 21, 11, 11, 0, 1]
(0, (1, 0, 0), (1, 0)): [1635, 600, 407, 236, 117, 63, 16, 6, 5, 1, 1, 1, 0, 1]
(0, (1, 0, 0), (1, 1)): [1380, 473, 284, 179, 80, 41, 10, 10, 5, 0, 2]
(0, (1, 0, 0), (1, 2)): [896, 270, 162, 98, 45, 15, 12, 5, 1]
(0, (1, 0, 0), (2, 0)): [508, 204, 164, 94, 42, 24, 10, 0, 2, 1, 0, 0, 0, 1]
(0, (1, 0, 0), (2, 1)): [707, 244, 151, 96, 46, 24, 7, 2, 4, 0, 1, 0, 0, 1]
(0, (1, 0, 0), (2, 2)): [639, 214, 138, 76, 38, 16, 4, 3, 3, 0, 0, 0, 0, 1]
(0, (1, 0, 0), (3, 0)): [123, 84, 58, 36, 15, 15, 5, 0, 1, 1]
(0, (1, 0, 0), (3, 1)): [254, 115, 79, 46, 20, 15, 3, 1, 2, 1, 1]
(0, (1, 0, 0), (3, 2)): [306, 137, 83, 41, 23, 9, 4, 3, 4, 0, 1, 0, 0, 1]
(0, (1, 0, 1), (0, 0)): [96, 335, 128, 106, 50, 24, 10, 2, 1, 0, 1]
(0, (1, 0, 1), (0, 1)): [45, 131, 47, 46, 17, 6, 3, 1]
(0, (1, 0, 1), (0, 2)): [12, 46, 20, 12, 6, 3, 1, 1]
(0, (1, 0, 1), (1, 0)): [36, 128, 50, 37, 21, 13, 5, 1, 1, 0, 1]
(0, (1, 0, 1), (1, 1)): [41, 108, 38, 34, 16, 5, 2, 1, 1]
(0, (1, 0, 1), (1, 2)): [32, 65, 22, 21, 12, 4]
(0, (1, 0, 1), (2, 0)): [12, 41, 14, 14, 8, 6, 4]
(0, (1, 0, 1), (2, 1)): [15, 50, 16, 16, 3, 7, 2, 1, 1]
(0, (1, 0, 1), (2, 2)): [26, 55, 21, 17, 4, 5, 1, 1, 1]
(0, (1, 0, 1), (3, 0)): [6, 6, 3, 4, 1, 1, 2]
(0, (1, 0, 1), (3, 1)): [5, 12, 2, 5, 3, 4]
(0, (1, 0, 1), (3, 2)): [14, 17, 7, 9, 1, 2, 1, 1, 1]
(0, (1, 1, 0), (0, 0)): [657, 382, 294, 263, 115, 62, 23, 10, 10, 1, 2, 0, 1, 1]
(0, (1, 1, 0), (0, 1)): [272, 150, 109, 95, 48, 30, 6, 6, 2, 1, 1]
(0, (1, 1, 0), (0, 2)): [105, 52, 38, 30, 19, 9, 4, 2, 0, 1]
(0, (1, 1, 0), (1, 0)): [231, 156, 123, 103, 42, 21, 14, 3, 6, 0, 1, 0, 1]
(0, (1, 1, 0), (1, 1)): [232, 130, 87, 78, 26, 26, 5, 2, 3, 0, 2, 0, 1]
(0, (1, 1, 0), (1, 2)): [161, 74, 41, 41, 19, 8, 6, 3, 0, 0, 1]
(0, (1, 1, 0), (2, 0)): [75, 57, 45, 37, 19, 5, 7, 2, 3]
(0, (1, 1, 0), (2, 1)): [105, 73, 55, 40, 15, 16, 5, 0, 3, 0, 1, 0, 1]
(0, (1, 1, 0), (2, 2)): [110, 59, 40, 38, 15, 8, 6, 2, 0, 0, 2]
(0, (1, 1, 0), (3, 0)): [18, 19, 20, 15, 6, 1, 2, 1, 1]
(0, (1, 1, 0), (3, 1)): [37, 34, 24, 30, 9, 7, 1, 0, 3, 0, 0, 0, 1]
(0, (1, 1, 0), (3, 2)): [59, 31, 25, 38, 10, 4, 3, 2, 1, 0, 1]
(0, (1, 1, 1), (0, 0)): [54, 116, 100, 75, 55, 27, 11, 5, 6, 0, 0, 0, 1]
(0, (1, 1, 1), (0, 1)): [27, 46, 38, 31, 21, 11, 4, 1, 5, 0, 0, 0, 1]
(0, (1, 1, 1), (0, 2)): [14, 16, 9, 13, 4, 2, 0, 0, 1]
(0, (1, 1, 1), (1, 0)): [17, 43, 43, 34, 21, 13, 5, 3]
(0, (1, 1, 1), (1, 1)): [23, 43, 35, 27, 22, 12, 5, 2, 2, 0, 0, 0, 1]
(0, (1, 1, 1), (1, 2)): [21, 24, 22, 19, 7, 6, 1, 1, 1]
(0, (1, 1, 1), (2, 0)): [2, 12, 15, 10, 7, 8, 2, 2]
(0, (1, 1, 1), (2, 1)): [7, 17, 22, 15, 9, 9, 2, 2, 2, 0, 0, 0, 1]
(0, (1, 1, 1), (2, 2)): [10, 18, 17, 12, 6, 7, 1, 2, 1, 0, 0, 0, 1]
(0, (1, 1, 1), (3, 0)): [1, 5, 3, 3, 3, 2, 2, 1]
(0, (1, 1, 1), (3, 1)): [2, 8, 6, 4, 6, 4, 2]
(0, (1, 1, 1), (3, 2)): [2, 5, 11, 6, 2, 6, 2, 0, 0, 0, 0, 0, 1]
(1, (0, 0, 0), (0, 0)): [17442, 2192, 906, 348, 158, 60, 24, 6, 4, 3, 1, 1]
(1, (0, 0, 0), (0, 1)): [7462, 875, 340, 117, 59, 24, 7, 1, 0, 0, 0, 1]
(1, (0, 0, 0), (0, 2)): [2740, 270, 99, 35, 20, 8, 3, 1]
(1, (0, 0, 0), (1, 0)): [7268, 937, 425, 174, 75, 27, 14, 5, 3, 2, 1]
(1, (0, 0, 0), (1, 1)): [6794, 813, 337, 137, 56, 25, 11, 0, 1, 0, 0, 1]
(1, (0, 0, 0), (1, 2)): [4466, 444, 171, 72, 31, 17, 5]
(1, (0, 0, 0), (2, 0)): [2442, 351, 179, 69, 32, 9, 5, 4, 2, 1, 1]
(1, (0, 0, 0), (2, 1)): [3627, 493, 233, 86, 37, 17, 5, 2, 1]
(1, (0, 0, 0), (2, 2)): [3749, 412, 186, 67, 28, 12, 5, 1, 1]
(1, (0, 0, 0), (3, 0)): [738, 119, 69, 31, 8, 4, 3, 2, 2, 1, 1]
(1, (0, 0, 0), (3, 1)): [1462, 239, 134, 56, 16, 11, 3, 1, 0, 1]
(1, (0, 0, 0), (3, 2)): [2102, 301, 150, 59, 25, 7, 2, 1, 1, 1]
(1, (0, 0, 1), (0, 0)): [481, 750, 156, 66, 36, 11, 3, 1, 0, 1]
(1, (0, 0, 1), (0, 1)): [190, 251, 50, 16, 15, 2, 2]
(1, (0, 0, 1), (0, 2)): [81, 66, 16, 5, 4]
(1, (0, 0, 1), (1, 0)): [229, 338, 77, 36, 13, 7, 0, 1]
(1, (0, 0, 1), (1, 1)): [194, 263, 57, 20, 12, 4, 2]
(1, (0, 0, 1), (1, 2)): [138, 127, 32, 9, 3, 2]
(1, (0, 0, 1), (2, 0)): [96, 139, 35, 18, 6, 4, 0, 1]
(1, (0, 0, 1), (2, 1)): [119, 166, 37, 16, 11, 2, 1]
(1, (0, 0, 1), (2, 2)): [110, 130, 30, 11, 5, 2]
(1, (0, 0, 1), (3, 0)): [48, 54, 17, 12, 3, 1, 0, 1]
(1, (0, 0, 1), (3, 1)): [45, 55, 16, 11, 5, 1, 1, 1]
(1, (0, 0, 1), (3, 2)): [60, 88, 21, 11, 4, 1]
(1, (0, 1, 0), (0, 0)): [2473, 1053, 434, 182, 88, 29, 8, 4, 2, 0, 1]
(1, (0, 1, 0), (0, 1)): [1018, 404, 141, 65, 29, 13, 2, 1, 1]
(1, (0, 1, 0), (0, 2)): [377, 123, 35, 19, 7, 3, 1]
(1, (0, 1, 0), (1, 0)): [1092, 495, 217, 94, 47, 11, 5, 3, 1, 0, 1]
(1, (0, 1, 0), (1, 1)): [946, 414, 152, 88, 35, 12, 4, 1, 1]
(1, (0, 1, 0), (1, 2)): [611, 224, 75, 44, 16, 4, 1, 1]
(1, (0, 1, 0), (2, 0)): [471, 194, 88, 37, 26, 6, 1, 2, 1, 0, 1]
(1, (0, 1, 0), (2, 1)): [553, 253, 95, 51, 24, 11, 2, 1, 1]
(1, (0, 1, 0), (2, 2)): [558, 204, 80, 39, 18, 8, 0, 0, 1]
(1, (0, 1, 0), (3, 0)): [222, 86, 38, 20, 14, 1, 1, 1, 1, 0, 1]
(1, (0, 1, 0), (3, 1)): [292, 118, 39, 30, 14, 7, 2, 1, 1, 0, 1]
(1, (0, 1, 0), (3, 2)): [361, 141, 56, 36, 20, 5, 1, 0, 2, 0, 1]
(1, (0, 1, 1), (0, 0)): [359, 322, 255, 126, 58, 30, 14, 3, 1]
(1, (0, 1, 1), (0, 1)): [141, 111, 82, 42, 18, 6, 9, 2]
(1, (0, 1, 1), (0, 2)): [62, 30, 36, 14, 9, 3, 4, 1]
(1, (0, 1, 1), (1, 0)): [176, 164, 127, 58, 37, 21, 5, 1, 1]
(1, (0, 1, 1), (1, 1)): [119, 105, 75, 40, 17, 6, 4, 2]
(1, (0, 1, 1), (1, 2)): [93, 60, 53, 22, 9, 3, 3]
(1, (0, 1, 1), (2, 0)): [103, 87, 64, 29, 27, 15, 4, 0, 1]
(1, (0, 1, 1), (2, 1)): [72, 63, 48, 22, 15, 8, 1, 1]
(1, (0, 1, 1), (2, 2)): [73, 48, 43, 21, 10, 3, 3, 1]
(1, (0, 1, 1), (3, 0)): [75, 62, 36, 22, 21, 11, 3, 0, 1]
(1, (0, 1, 1), (3, 1)): [31, 26, 23, 9, 8, 6, 1]
(1, (0, 1, 1), (3, 2)): [39, 31, 24, 15, 6, 3, 2, 1]
(1, (1, 0, 0), (0, 0)): [6328, 1198, 789, 356, 152, 51, 25, 5, 6, 2, 1, 1]
(1, (1, 0, 0), (0, 1)): [2574, 467, 271, 136, 48, 19, 11, 1, 0, 0, 1]
(1, (1, 0, 0), (0, 2)): [963, 172, 85, 41, 10, 6, 5, 1]
(1, (1, 0, 0), (1, 0)): [2523, 515, 355, 147, 75, 17, 9, 3, 3, 1]
(1, (1, 0, 0), (1, 1)): [2116, 392, 241, 129, 58, 12, 5, 0, 1, 0, 1]
(1, (1, 0, 0), (1, 2)): [1382, 242, 131, 80, 29, 9, 4, 1]
(1, (1, 0, 0), (2, 0)): [832, 165, 136, 54, 27, 7, 2, 3, 1]
(1, (1, 0, 0), (2, 1)): [1088, 210, 161, 76, 26, 5, 4, 3, 1, 0, 1]
(1, (1, 0, 0), (2, 2)): [1053, 183, 103, 64, 23, 9, 4]
(1, (1, 0, 0), (3, 0)): [224, 63, 33, 17, 12, 3, 1]
(1, (1, 0, 0), (3, 1)): [408, 99, 78, 34, 13, 2, 3, 2, 1, 0, 1]
(1, (1, 0, 0), (3, 2)): [566, 123, 68, 42, 21, 4, 3, 1, 0, 0, 1]
(1, (1, 0, 1), (0, 0)): [561, 612, 196, 139, 61, 21, 10, 6]
(1, (1, 0, 1), (0, 1)): [244, 244, 78, 42, 23, 11, 6, 2]
(1, (1, 0, 1), (0, 2)): [95, 86, 28, 13, 5, 3, 4, 1]
(1, (1, 0, 1), (1, 0)): [216, 234, 83, 71, 26, 8, 1, 2]
(1, (1, 0, 1), (1, 1)): [199, 188, 56, 50, 15, 7, 3]
(1, (1, 0, 1), (1, 2)): [142, 121, 42, 22, 8, 4, 3, 1]
(1, (1, 0, 1), (2, 0)): [67, 71, 28, 20, 15, 4, 0, 2]
(1, (1, 0, 1), (2, 1)): [82, 92, 22, 29, 14, 4, 1, 1]
(1, (1, 0, 1), (2, 2)): [100, 106, 28, 15, 9, 0, 2]
(1, (1, 0, 1), (3, 0)): [27, 22, 16, 6, 7, 2]
(1, (1, 0, 1), (3, 1)): [38, 36, 14, 10, 5, 3, 1, 1]
(1, (1, 0, 1), (3, 2)): [55, 42, 15, 12, 6, 1, 2]
(1, (1, 1, 0), (0, 0)): [1939, 540, 352, 279, 126, 46, 17, 3, 6, 2, 3, 1]
(1, (1, 1, 0), (0, 1)): [850, 205, 123, 101, 52, 18, 8, 2, 3, 1, 1, 1]
(1, (1, 1, 0), (0, 2)): [338, 61, 33, 30, 19, 5, 3, 0, 2]
(1, (1, 1, 0), (1, 0)): [747, 239, 153, 124, 53, 20, 8, 1, 1, 1, 2]
(1, (1, 1, 0), (1, 1)): [679, 189, 124, 105, 45, 13, 8, 2, 1, 1, 2]
(1, (1, 1, 0), (1, 2)): [502, 97, 66, 51, 30, 6, 2, 1, 0, 0, 1]
(1, (1, 1, 0), (2, 0)): [214, 84, 51, 44, 15, 9, 0, 1, 1, 0, 1]
(1, (1, 1, 0), (2, 1)): [309, 127, 58, 63, 26, 7, 5, 1, 1, 0, 2]
(1, (1, 1, 0), (2, 2)): [330, 104, 56, 42, 28, 5, 3, 1, 1, 0, 1]
(1, (1, 1, 0), (3, 0)): [49, 20, 25, 7, 4, 6, 0, 0, 1]
(1, (1, 1, 0), (3, 1)): [110, 51, 32, 28, 11, 5, 2, 1, 1, 0, 1]
(1, (1, 1, 0), (3, 2)): [147, 61, 37, 32, 18, 4, 2, 0, 1]
(1, (1, 1, 1), (0, 0)): [412, 295, 170, 118, 102, 50, 15, 4, 4, 1, 1]
(1, (1, 1, 1), (0, 1)): [192, 124, 72, 45, 40, 21, 8]
(1, (1, 1, 1), (0, 2)): [85, 37, 28, 16, 8, 10, 2]
(1, (1, 1, 1), (1, 0)): [153, 108, 62, 49, 43, 20, 4, 4, 4, 1, 1]
(1, (1, 1, 1), (1, 1)): [148, 100, 62, 39, 39, 13, 6, 2, 3, 0, 1]
(1, (1, 1, 1), (1, 2)): [123, 55, 36, 24, 17, 11, 2, 0, 2]
(1, (1, 1, 1), (2, 0)): [29, 37, 18, 19, 15, 9, 1, 1, 1, 1]
(1, (1, 1, 1), (2, 1)): [60, 49, 30, 20, 18, 12, 3, 1, 1, 0, 1]
(1, (1, 1, 1), (2, 2)): [82, 42, 22, 23, 17, 7, 2, 0, 1]
(1, (1, 1, 1), (3, 0)): [5, 14, 7, 5, 5, 3, 0, 0, 0, 1]
(1, (1, 1, 1), (3, 1)): [14, 30, 17, 9, 10, 9, 1, 0, 0, 1]
(1, (1, 1, 1), (3, 2)): [34, 35, 14, 12, 10, 6, 1]
(2, (0, 0, 0), (0, 0)): [15517, 857, 269, 87, 37, 15, 6, 2]
(2, (0, 0, 0), (0, 1)): [6480, 303, 102, 35, 10, 4, 1]
(2, (0, 0, 0), (0, 2)): [2405, 84, 28, 6, 2, 1]
(2, (0, 0, 0), (1, 0)): [6599, 390, 132, 45, 19, 8, 3, 1]
(2, (0, 0, 0), (1, 1)): [6053, 307, 106, 37, 11, 6, 2]
(2, (0, 0, 0), (1, 2)): [3989, 147, 55, 9, 6, 2]
(2, (0, 0, 0), (2, 0)): [2296, 157, 56, 22, 11, 4, 1, 1]
(2, (0, 0, 0), (2, 1)): [3369, 209, 77, 31, 12, 4, 1, 1]
(2, (0, 0, 0), (2, 2)): [3444, 156, 58, 18, 7, 0, 1, 1]
(2, (0, 0, 0), (3, 0)): [705, 51, 25, 5, 2, 2]
(2, (0, 0, 0), (3, 1)): [1378, 104, 38, 18, 8, 4]
(2, (0, 0, 0), (3, 2)): [2007, 115, 53, 20, 6, 2, 1]
(2, (0, 0, 1), (0, 0)): [1510, 450, 96, 47, 12, 6, 3, 1]
(2, (0, 0, 1), (0, 1)): [594, 164, 34, 15, 2, 1, 2]
(2, (0, 0, 1), (0, 2)): [232, 55, 8, 3, 1]
(2, (0, 0, 1), (1, 0)): [696, 211, 46, 29, 7, 5, 1, 1]
(2, (0, 0, 1), (1, 1)): [555, 161, 34, 20, 6, 3, 2]
(2, (0, 0, 1), (1, 2)): [389, 83, 15, 9, 1, 2]
(2, (0, 0, 1), (2, 0)): [304, 84, 22, 15, 1, 3, 1, 1]
(2, (0, 0, 1), (2, 1)): [335, 112, 25, 18, 6, 1, 2]
(2, (0, 0, 1), (2, 2)): [366, 88, 23, 12, 4, 2]
(2, (0, 0, 1), (3, 0)): [154, 37, 11, 8, 0, 2, 1, 1]
(2, (0, 0, 1), (3, 1)): [177, 51, 10, 12, 3, 1, 3]
(2, (0, 0, 1), (3, 2)): [224, 56, 16, 14, 4, 1, 2]
(2, (0, 1, 0), (0, 0)): [3979, 821, 247, 98, 45, 9, 4, 2, 1, 1]
(2, (0, 1, 0), (0, 1)): [1581, 288, 83, 27, 19, 1, 1, 0, 1, 1]
(2, (0, 1, 0), (0, 2)): [621, 94, 27, 8, 6, 0, 1, 0, 0, 1]
(2, (0, 1, 0), (1, 0)): [1876, 406, 126, 57, 23, 6, 3, 2]
(2, (0, 1, 0), (1, 1)): [1453, 284, 80, 35, 18, 2, 1, 0, 1]
(2, (0, 1, 0), (1, 2)): [979, 155, 49, 18, 9, 2, 0, 0, 0, 1]
(2, (0, 1, 0), (2, 0)): [908, 178, 67, 37, 15, 3, 0, 2]
(2, (0, 1, 0), (2, 1)): [933, 182, 56, 31, 14, 0, 1, 0, 1]
(2, (0, 1, 0), (2, 2)): [927, 143, 41, 22, 13, 2, 1, 0, 0, 1]
(2, (0, 1, 0), (3, 0)): [447, 81, 27, 20, 10, 2, 0, 2]
(2, (0, 1, 0), (3, 1)): [411, 100, 34, 28, 8, 1, 0, 1, 1]
(2, (0, 1, 0), (3, 2)): [607, 111, 45, 27, 9, 2, 1]
(2, (0, 1, 1), (0, 0)): [937, 79, 212, 71, 28, 15, 4]
(2, (0, 1, 1), (0, 1)): [369, 22, 85, 23, 8, 3, 1]
(2, (0, 1, 1), (0, 2)): [140, 10, 25, 7, 5, 1]
(2, (0, 1, 1), (1, 0)): [457, 43, 93, 35, 17, 11, 3]
(2, (0, 1, 1), (1, 1)): [358, 18, 78, 25, 4, 2, 2]
(2, (0, 1, 1), (1, 2)): [258, 14, 44, 11, 7, 2, 1]
(2, (0, 1, 1), (2, 0)): [217, 24, 48, 17, 12, 10, 2]
(2, (0, 1, 1), (2, 1)): [197, 11, 38, 20, 6, 2, 1]
(2, (0, 1, 1), (2, 2)): [222, 14, 34, 14, 4, 2, 2]
(2, (0, 1, 1), (3, 0)): [138, 16, 27, 8, 6, 8, 2]
(2, (0, 1, 1), (3, 1)): [116, 7, 18, 12, 2, 2, 1]
(2, (0, 1, 1), (3, 2)): [153, 8, 23, 13, 5, 3, 2]
(2, (1, 0, 0), (0, 0)): [7635, 599, 429, 146, 48, 17, 10, 2, 1]
(2, (1, 0, 0), (0, 1)): [3185, 216, 131, 58, 18, 4, 4, 1]
(2, (1, 0, 0), (0, 2)): [1215, 66, 31, 12, 4, 1, 2]
(2, (1, 0, 0), (1, 0)): [3126, 277, 198, 65, 21, 10, 4, 1, 1]
(2, (1, 0, 0), (1, 1)): [2706, 173, 132, 59, 15, 5, 4, 1]
(2, (1, 0, 0), (1, 2)): [1776, 93, 60, 28, 7, 2, 2]
(2, (1, 0, 0), (2, 0)): [1063, 118, 71, 28, 8, 4, 2, 1, 1]
(2, (1, 0, 0), (2, 1)): [1435, 110, 82, 28, 10, 4, 2, 1]
(2, (1, 0, 0), (2, 2)): [1377, 84, 52, 23, 10, 2, 3]
(2, (1, 0, 0), (3, 0)): [316, 52, 27, 12, 6, 2, 2]
(2, (1, 0, 0), (3, 1)): [594, 67, 43, 21, 5, 2, 1]
(2, (1, 0, 0), (3, 2)): [730, 71, 43, 18, 5, 3, 2]
(2, (1, 0, 1), (0, 0)): [1563, 347, 156, 116, 37, 11, 9, 1]
(2, (1, 0, 1), (0, 1)): [641, 136, 52, 27, 13, 2, 2]
(2, (1, 0, 1), (0, 2)): [234, 40, 19, 4, 4]
(2, (1, 0, 1), (1, 0)): [670, 141, 84, 60, 19, 5, 6]
(2, (1, 0, 1), (1, 1)): [582, 118, 61, 43, 13, 4, 4]
(2, (1, 0, 1), (1, 2)): [369, 62, 32, 17, 4, 2, 3]
(2, (1, 0, 1), (2, 0)): [242, 46, 29, 21, 9, 0, 2]
(2, (1, 0, 1), (2, 1)): [320, 59, 37, 18, 9, 2, 1]
(2, (1, 0, 1), (2, 2)): [302, 40, 35, 15, 3, 3, 1]
(2, (1, 0, 1), (3, 0)): [80, 13, 11, 10, 4, 0, 2]
(2, (1, 0, 1), (3, 1)): [125, 22, 14, 15, 7, 0, 1]
(2, (1, 0, 1), (3, 2)): [169, 21, 25, 12, 4, 3, 1]
(2, (1, 1, 0), (0, 0)): [3122, 460, 230, 173, 63, 22, 6, 5, 2, 1]
(2, (1, 1, 0), (0, 1)): [1343, 171, 79, 60, 20, 10, 1, 3, 1, 1]
(2, (1, 1, 0), (0, 2)): [556, 46, 13, 15, 2, 5, 0, 0, 1]
(2, (1, 1, 0), (1, 0)): [1270, 193, 114, 72, 33, 10, 5, 1, 1]
(2, (1, 1, 0), (1, 1)): [1141, 160, 89, 50, 21, 3, 1, 2, 1, 1]
(2, (1, 1, 0), (1, 2)): [806, 79, 35, 29, 12, 6, 0, 1, 1]
(2, (1, 1, 0), (2, 0)): [425, 59, 49, 31, 19, 7, 3]
(2, (1, 1, 0), (2, 1)): [610, 79, 63, 29, 11, 1, 3, 1]
(2, (1, 1, 0), (2, 2)): [643, 66, 48, 22, 13, 3, 2, 2, 1]
(2, (1, 1, 0), (3, 0)): [130, 17, 16, 9, 12, 6]
(2, (1, 1, 0), (3, 1)): [254, 42, 35, 20, 9, 4, 1]
(2, (1, 1, 0), (3, 2)): [349, 46, 41, 18, 12, 5, 3, 0, 1]
(2, (1, 1, 1), (0, 0)): [994, 117, 169, 74, 67, 29, 7, 1, 1]
(2, (1, 1, 1), (0, 1)): [443, 46, 63, 26, 23, 6, 4]
(2, (1, 1, 1), (0, 2)): [188, 16, 19, 6, 9, 0, 2]
(2, (1, 1, 1), (1, 0)): [390, 54, 76, 32, 33, 20, 2, 1, 1]
(2, (1, 1, 1), (1, 1)): [370, 42, 54, 24, 20, 17, 2, 1]
(2, (1, 1, 1), (1, 2)): [267, 22, 28, 14, 10, 7, 3]
(2, (1, 1, 1), (2, 0)): [118, 27, 23, 13, 14, 3, 0, 0, 1]
(2, (1, 1, 1), (2, 1)): [182, 30, 22, 11, 15, 10, 1]
(2, (1, 1, 1), (2, 2)): [208, 24, 21, 14, 4, 7, 3]
(2, (1, 1, 1), (3, 0)): [19, 20, 8, 9, 3, 3]
(2, (1, 1, 1), (3, 1)): [49, 26, 13, 9, 10, 5]
(2, (1, 1, 1), (3, 2)): [78, 24, 13, 13, 5, 8, 2]
