(0, (0, 0, 0)): [34735, 7177, 3362, 1649, 756, 304, 129, 52, 26, 14, 5, 3]
(0, (0, 0, 1)): [79, 276, 68, 45, 22, 12, 2, 2, 1]
(0, (0, 1, 0)): [1368, 1303, 506, 266, 124, 57, 31, 11, 3, 3, 3, 1]
(0, (0, 1, 1)): [99, 184, 193, 108, 57, 21, 13, 5]
(0, (1, 0, 0)): [6522, 2061, 1449, 798, 405, 165, 75, 30, 19, 10, 3, 1]
(0, (1, 0, 1)): [136, 454, 166, 150, 73, 36, 13, 6, 6, 1, 1]
(0, (1, 1, 0)): [1055, 636, 460, 360, 208, 94, 49, 21, 11, 10, 0, 1]
(0, (1, 1, 1)): [103, 221, 153, 105, 101, 59, 24, 9, 9, 4, 0, 1]
(1, (0, 0, 0)): [26968, 3294, 1445, 588, 254, 89, 27, 10, 5, 3, 0, 1]
(1, (0, 0, 1)): [723, 963, 203, 103, 41, 9, 10, 1, 3]
(1, (0, 1, 0)): [3529, 1470, 596, 309, 121, 40, 15, 8, 1, 3, 2]
(1, (0, 1, 1)): [556, 500, 422, 178, 91, 35, 26, 3, 3, 1]
(1, (1, 0, 0)): [9493, 1568, 1237, 548, 234, 87, 36, 17, 5, 4, 1, 1]
(1, (1, 0, 1)): [823, 841, 264, 208, 87, 33, 16, 7, 3, 1]
(1, (1, 1, 0)): [2931, 787, 581, 459, 175, 85, 37, 18, 6, 3, 0, 1]
(1, (1, 1, 1)): [649, 509, 312, 205, 181, 88, 30, 15, 9, 2, 0, 1]
(2, (0, 0, 0)): [23952, 1317, 438, 137, 38, 12, 3]
(2, (0, 0, 1)): [2306, 573, 164, 55, 21, 7]
(2, (0, 1, 0)): [5898, 1211, 410, 162, 49, 8, 4, 0, 1, 1]
(2, (0, 1, 1)): [1452, 98, 283, 90, 33, 11, 5, 1, 1]
(2, (1, 0, 0)): [11607, 873, 626, 216, 71, 22, 5, 2]
(2, (1, 0, 1)): [2196, 469, 179, 147, 45, 14, 2]
(2, (1, 1, 0)): [4875, 722, 383, 281, 90, 32, 8, 2, 1]
(2, (1, 1, 1)): [1529, 220, 262, 157, 112, 34, 7, 3, 2]
