(0, (0, 0, 0)): [33264, 6727, 3129, 1399, 646, 259, 121, 46, 11, 11, 4, 1, 1, 1]
(0, (0, 0, 1)): [88, 293, 76, 38, 20, 7, 3, 3, 2]
(0, (0, 1, 0)): [1404, 1233, 507, 261, 102, 44, 23, 10, 5, 3, 2, 0, 1]
(0, (0, 1, 1)): [98, 177, 201, 78, 57, 22, 13, 3, 0, 2, 1]
(0, (1, 0, 0)): [6517, 2092, 1410, 693, 350, 142, 74, 26, 6, 8, 2, 1, 0, 1]
(0, (1, 0, 1)): [147, 440, 165, 124, 61, 38, 16, 12, 4, 0, 2, 0, 1]
(0, (1, 1, 0)): [1060, 648, 438, 343, 162, 78, 34, 14, 2, 4, 0, 1, 0, 1]
(0, (1, 1, 1)): [97, 200, 142, 102, 92, 53, 21, 13, 4, 3, 1, 1]
(1, (0, 0, 0)): [27576, 3074, 1279, 485, 196, 75, 28, 11, 3, 2]
(1, (0, 0, 1)): [674, 894, 176, 92, 37, 10, 4, 2, 1]
(1, (0, 1, 0)): [3593, 1454, 563, 257, 110, 38, 18, 5, 0, 1]
(1, (0, 1, 1)): [538, 497, 365, 170, 81, 31, 22, 4]
(1, (1, 0, 0)): [9690, 1544, 1127, 464, 200, 79, 36, 9, 2, 4]
(1, (1, 0, 1)): [786, 842, 256, 186, 65, 26, 15, 1, 0, 1, 0, 0, 1]
(1, (1, 1, 0)): [2858, 803, 526, 372, 168, 74, 30, 7, 3, 3]
(1, (1, 1, 1)): [609, 513, 270, 180, 143, 65, 27, 6, 3, 2]
(2, (0, 0, 0)): [24142, 1195, 381, 141, 40, 14, 3, 7, 1]
(2, (0, 0, 1)): [2206, 541, 120, 49, 14, 3, 2, 1, 0, 1]
(2, (0, 1, 0)): [6022, 1119, 332, 141, 45, 11, 4, 1, 1]
(2, (0, 1, 1)): [1467, 90, 291, 88, 33, 17, 2, 0, 0, 0, 1]
(2, (1, 0, 0)): [11654, 851, 602, 207, 63, 17, 7, 7, 2]
(2, (1, 0, 1)): [2189, 461, 183, 120, 35, 16, 3, 1, 0, 0, 0, 0, 1]
(2, (1, 1, 0)): [4720, 671, 359, 276, 88, 26, 11, 4, 2, 0, 0, 1]
(2, (1, 1, 1)): [1506, 237, 261, 115, 102, 37, 6, 6, 2]
