(0, (0, 0, 0), (0, 0)): [1808478, 368911, 169876, 77452, 34659, 14865, 6130, 2493, 1033, 442, 185, 96, 34, 18, 4, 1, 1, 1]
(0, (0, 0, 0), (0, 1)): [218917, 42752, 19354, 9053, 4002, 1770, 698, 259, 110, 49, 20, 11, 4, 3, 0, 1]
(0, (0, 0, 0), (0, 2)): [82971, 14375, 6348, 2912, 1271, 562, 216, 77, 36, 16, 6, 3, 2]
(0, (0, 0, 0), (1, 0)): [194569, 44534, 21255, 9823, 4625, 1940, 848, 330, 153, 46, 25, 12, 1, 3, 1, 0, 1]
(0, (0, 0, 0), (1, 1)): [187022, 38703, 17967, 8396, 3755, 1624, 693, 254, 121, 33, 21, 11, 3, 4, 0, 1, 1]
(0, (0, 0, 0), (1, 2)): [127051, 22988, 10388, 4782, 2120, 897, 383, 142, 69, 23, 11, 5, 4]
(0, (0, 0, 0), (2, 0)): [62998, 15930, 8156, 3798, 1891, 781, 329, 145, 56, 22, 12, 5, 0, 1, 1]
(0, (0, 0, 0), (2, 1)): [97278, 22027, 10841, 5009, 2378, 1020, 404, 182, 68, 25, 13, 8, 1, 2, 0, 0, 1]
(0, (0, 0, 0), (2, 2)): [101290, 19978, 9443, 4388, 1984, 826, 334, 139, 70, 22, 10, 3, 3, 1, 0, 0, 1]
(0, (0, 0, 0), (3, 0)): [18545, 5374, 3145, 1570, 791, 327, 135, 60, 24, 6, 5, 1, 0, 1, 1]
(0, (0, 0, 0), (3, 1)): [37250, 9982, 5310, 2598, 1272, 557, 215, 106, 46, 12, 5, 6, 1, 1, 1]
(0, (0, 0, 0), (3, 2)): [53695, 12439, 6574, 3080, 1474, 623, 239, 107, 49, 18, 7, 7, 3, 0, 1, 0, 1]
(0, (0, 0, 1), (0, 0)): [6829, 21109, 5830, 2788, 1347, 576, 251, 104, 43, 25, 11, 3, 4, 3]
(0, (0, 0, 1), (0, 1)): [605, 1903, 544, 228, 121, 46, 21, 8, 5, 2, 3, 0, 0, 1]
(0, (0, 0, 1), (0, 2)): [272, 715, 180, 80, 36, 19, 6, 2, 3]
(0, (0, 0, 1), (1, 0)): [608, 2150, 643, 352, 154, 77, 28, 11, 3, 3, 2]
(0, (0, 0, 1), (1, 1)): [567, 1801, 517, 233, 126, 51, 22, 9, 1, 4, 3, 0, 0, 1]
(0, (0, 0, 1), (1, 2)): [433, 1155, 299, 133, 59, 34, 10, 5, 2, 3, 2]
(0, (0, 0, 1), (2, 0)): [215, 801, 268, 163, 61, 37, 10, 6, 3, 1]
(0, (0, 0, 1), (2, 1)): [305, 1023, 332, 173, 87, 40, 18, 6, 3, 1, 1]
(0, (0, 0, 1), (2, 2)): [390, 1042, 286, 142, 73, 28, 12, 2, 1, 2, 1]
(0, (0, 0, 1), (3, 0)): [64, 264, 92, 68, 24, 14, 7, 2, 1]
(0, (0, 0, 1), (3, 1)): [120, 463, 147, 105, 47, 19, 8, 4, 2]
(0, (0, 0, 1), (3, 2)): [223, 644, 182, 122, 63, 21, 5, 2, 3, 1, 1]
(0, (0, 1, 0), (0, 0)): [66007, 62039, 24372, 11955, 5702, 2472, 1061, 445, 190, 101, 31, 13, 5, 6, 2, 0, 1]
(0, (0, 1, 0), (0, 1)): [8061, 7322, 2875, 1344, 643, 281, 133, 53, 23, 11, 1, 2, 0, 1]
(0, (0, 1, 0), (0, 2)): [3267, 2477, 974, 431, 202, 97, 55, 15, 8, 3, 0, 1]
(0, (0, 1, 0), (1, 0)): [8038, 7817, 3290, 1757, 806, 386, 143, 68, 28, 9, 4, 2, 2, 2, 1, 0, 1]
(0, (0, 1, 0), (1, 1)): [7190, 6480, 2626, 1312, 609, 263, 112, 53, 13, 10, 2, 1, 0, 2]
(0, (0, 1, 0), (1, 2)): [4987, 3909, 1602, 776, 338, 153, 68, 35, 8, 4, 2, 2]
(0, (0, 1, 0), (2, 0)): [2930, 2788, 1242, 714, 314, 182, 58, 29, 14, 3, 1, 2, 2, 1, 0, 0, 1]
(0, (0, 1, 0), (2, 1)): [3955, 3636, 1548, 778, 372, 197, 72, 27, 10, 7, 1, 1, 1, 1, 0, 0, 1]
(0, (0, 1, 0), (2, 2)): [4313, 3336, 1472, 670, 313, 149, 63, 26, 10, 4, 2, 2, 0, 0, 0, 0, 1]
(0, (0, 1, 0), (3, 0)): [1018, 856, 420, 296, 134, 77, 31, 16, 8, 1, 0, 1, 1]
(0, (0, 1, 0), (3, 1)): [1726, 1504, 711, 458, 208, 115, 38, 18, 2, 2, 0, 1, 0, 1]
(0, (0, 1, 0), (3, 2)): [2490, 1950, 963, 494, 232, 115, 53, 18, 5, 4, 2, 0, 0, 0, 0, 0, 1]
(0, (0, 1, 1), (0, 0)): [5324, 9301, 11029, 5152, 2695, 1323, 541, 237, 127, 50, 14, 11, 2, 3, 2, 0, 1, 1]
(0, (0, 1, 1), (0, 1)): [656, 1054, 1201, 537, 275, 143, 59, 17, 10, 6, 2, 2, 0, 0, 0, 0, 1]
(0, (0, 1, 1), (0, 2)): [305, 391, 423, 204, 89, 51, 25, 7, 2, 3, 0, 1]
(0, (0, 1, 1), (1, 0)): [617, 1191, 1454, 725, 374, 200, 70, 29, 24, 4, 2, 3, 0, 1, 1]
(0, (0, 1, 1), (1, 1)): [544, 948, 1124, 504, 272, 134, 45, 18, 12, 3, 2, 0, 0, 0, 0, 0, 1]
(0, (0, 1, 1), (1, 2)): [439, 607, 644, 301, 168, 94, 28, 9, 6, 2, 1, 1, 0, 0, 0, 0, 1]
(0, (0, 1, 1), (2, 0)): [248, 531, 566, 323, 187, 107, 33, 13, 13, 3, 1, 1, 0, 1, 1]
(0, (0, 1, 1), (2, 1)): [285, 548, 659, 316, 148, 72, 25, 15, 9, 4, 0, 0, 0, 0, 1]
(0, (0, 1, 1), (2, 2)): [349, 551, 561, 274, 131, 79, 25, 12, 6, 3, 1, 1, 0, 0, 0, 0, 1]
(0, (0, 1, 1), (3, 0)): [130, 242, 238, 149, 109, 61, 18, 6, 8, 1, 1, 1, 0, 1]
(0, (0, 1, 1), (3, 1)): [122, 208, 255, 140, 101, 40, 14, 7, 9, 2, 0, 0, 0, 0, 1]
(0, (0, 1, 1), (3, 2)): [200, 282, 339, 186, 89, 62, 20, 9, 10, 1, 1, 0, 0, 0, 0, 0, 1]
(0, (1, 0, 0), (0, 0)): [381412, 127460, 82074, 40703, 19464, 8758, 3632, 1535, 664, 279, 132, 56, 22, 12, 3, 1, 1, 1]
(0, (1, 0, 0), (0, 1)): [42064, 12907, 8615, 4198, 2037, 924, 367, 152, 79, 20, 8, 4]
(0, (1, 0, 0), (0, 2)): [15721, 4209, 2850, 1314, 624, 277, 129, 44, 24, 3, 4, 2]
(0, (1, 0, 0), (1, 0)): [38104, 13591, 9605, 4962, 2482, 1115, 454, 189, 84, 37, 25, 7, 1, 5, 1, 0, 1]
(0, (1, 0, 0), (1, 1)): [32739, 10646, 7285, 3688, 1738, 827, 317, 132, 61, 26, 9, 3, 0, 2]
(0, (1, 0, 0), (1, 2)): [21062, 5967, 4104, 2002, 943, 412, 174, 69, 38, 10, 2, 2]
(0, (1, 0, 0), (2, 0)): [11831, 4612, 3422, 1886, 979, 443, 183, 76, 26, 17, 12, 2, 1, 3, 0, 0, 1]
(0, (1, 0, 0), (2, 1)): [16047, 5617, 3953, 2106, 1004, 479, 192, 77, 36, 17, 9, 3, 0, 4, 0, 0, 1]
(0, (1, 0, 0), (2, 2)): [15380, 4714, 3306, 1596, 790, 324, 158, 68, 36, 14, 6, 2, 0, 2]
(0, (1, 0, 0), (3, 0)): [3046, 1456, 1125, 742, 399, 170, 75, 32, 11, 7, 5, 1]
(0, (1, 0, 0), (3, 1)): [5711, 2352, 1735, 1089, 535, 261, 98, 43, 19, 9, 7, 1, 0, 2]
(0, (1, 0, 0), (3, 2)): [7209, 2707, 1899, 1088, 556, 225, 109, 52, 25, 9, 5, 1, 0, 1]
(0, (1, 0, 1), (0, 0)): [8992, 27904, 11306, 8028, 4203, 1946, 926, 367, 184, 69, 37, 17, 7, 2, 2, 0, 0, 1]
(0, (1, 0, 1), (0, 1)): [982, 2857, 1136, 850, 431, 208, 100, 23, 16, 6, 2, 0, 2, 1]
(0, (1, 0, 1), (0, 2)): [449, 1001, 385, 275, 146, 75, 29, 7, 5, 1, 0, 0, 0, 1]
(0, (1, 0, 1), (1, 0)): [899, 3059, 1273, 962, 522, 249, 91, 45, 29, 7, 8, 1, 0, 0, 1]
(0, (1, 0, 1), (1, 1)): [783, 2346, 969, 713, 366, 159, 69, 29, 22, 5, 4]
(0, (1, 0, 1), (1, 2)): [619, 1326, 552, 383, 205, 80, 40, 13, 9, 2]
(0, (1, 0, 1), (2, 0)): [304, 1043, 444, 336, 195, 109, 37, 18, 6, 2, 4, 1]
(0, (1, 0, 1), (2, 1)): [376, 1226, 514, 390, 198, 107, 35, 14, 15, 3, 4]
(0, (1, 0, 1), (2, 2)): [485, 1042, 445, 331, 170, 78, 40, 17, 4, 2, 2]
(0, (1, 0, 1), (3, 0)): [101, 321, 158, 94, 72, 48, 16, 7, 1, 1, 1, 1]
(0, (1, 0, 1), (3, 1)): [138, 421, 218, 168, 114, 59, 12, 5, 8, 3, 2]
(0, (1, 0, 1), (3, 2)): [224, 516, 276, 193, 121, 63, 24, 11, 7, 5, 3]
(0, (1, 1, 0), (0, 0)): [53595, 34142, 25453, 18400, 9790, 4609, 1941, 904, 385, 170, 80, 33, 10, 4, 0, 0, 1]
(0, (1, 1, 0), (0, 1)): [6645, 3712, 2563, 1961, 1130, 465, 208, 90, 37, 14, 10, 4, 0, 0, 0, 0, 1]
(0, (1, 1, 0), (0, 2)): [2690, 1288, 856, 660, 375, 152, 66, 32, 15, 7, 3]
(0, (1, 1, 0), (1, 0)): [5338, 3560, 2802, 2136, 1111, 573, 222, 99, 41, 18, 9, 4, 1, 2]
(0, (1, 1, 0), (1, 1)): [4915, 2851, 2134, 1671, 868, 410, 164, 74, 24, 11, 9, 2, 1, 1, 0, 0, 1]
(0, (1, 1, 0), (1, 2)): [3470, 1713, 1212, 1003, 509, 207, 90, 40, 16, 10, 3, 1, 0, 1, 0, 0, 1]
(0, (1, 1, 0), (2, 0)): [1603, 1193, 979, 725, 427, 226, 95, 42, 19, 8, 4, 3, 0, 1]
(0, (1, 1, 0), (2, 1)): [2303, 1449, 1180, 889, 484, 231, 99, 47, 21, 8, 7, 3, 1]
(0, (1, 1, 0), (2, 2)): [2476, 1319, 997, 796, 412, 192, 82, 40, 16, 9, 3, 1, 0, 0, 0, 0, 1]
(0, (1, 1, 0), (3, 0)): [379, 382, 355, 243, 164, 95, 37, 16, 9, 4, 2, 1, 0, 1]
(0, (1, 1, 0), (3, 1)): [817, 607, 534, 393, 255, 142, 56, 21, 12, 7, 3, 1, 1]
(0, (1, 1, 0), (3, 2)): [1160, 724, 625, 498, 273, 137, 62, 31, 10, 3, 2, 0, 0, 0, 0, 0, 1]
(0, (1, 1, 1), (0, 0)): [5040, 9967, 8134, 5909, 4801, 2394, 1098, 526, 247, 98, 52, 18, 5, 4, 1, 0, 1]
(0, (1, 1, 1), (0, 1)): [684, 1167, 975, 649, 563, 281, 116, 59, 32, 12, 4, 2, 2, 1]
(0, (1, 1, 1), (0, 2)): [366, 457, 354, 234, 199, 100, 35, 19, 12, 3, 3, 1, 1]
(0, (1, 1, 1), (1, 0)): [451, 1101, 953, 674, 556, 296, 124, 43, 31, 8, 6, 2, 0, 1, 0, 0, 1]
(0, (1, 1, 1), (1, 1)): [451, 956, 806, 538, 448, 243, 111, 49, 22, 11, 4, 1, 1, 1, 0, 0, 1]
(0, (1, 1, 1), (1, 2)): [422, 652, 520, 340, 291, 137, 62, 28, 14, 1, 3, 1, 0, 1, 0, 0, 1]
(0, (1, 1, 1), (2, 0)): [126, 330, 315, 237, 214, 114, 35, 18, 10, 2, 2, 2, 0, 1]
(0, (1, 1, 1), (2, 1)): [206, 426, 395, 275, 223, 131, 48, 27, 17, 7, 1, 0, 1]
(0, (1, 1, 1), (2, 2)): [260, 473, 406, 268, 217, 113, 46, 26, 11, 5, 0, 1, 1]
(0, (1, 1, 1), (3, 0)): [26, 104, 86, 86, 66, 48, 17, 9, 2, 0, 2, 1, 0, 1]
(0, (1, 1, 1), (3, 1)): [66, 165, 158, 116, 99, 56, 31, 11, 5, 2, 1, 1, 0, 1]
(0, (1, 1, 1), (3, 2)): [99, 239, 223, 151, 142, 68, 40, 16, 10, 3, 0, 1, 1, 1]
(1, (0, 0, 0), (0, 0)): [1474991, 164309, 67272, 26682, 10385, 3950, 1540, 561, 201, 82, 31, 20, 7, 3, 0, 1]
(1, (0, 0, 0), (0, 1)): [180023, 19031, 7597, 3040, 1181, 431, 159, 75, 17, 5, 1, 3, 0, 1]
(1, (0, 0, 0), (0, 2)): [68489, 6134, 2433, 907, 364, 130, 41, 23, 2, 2, 0, 2]
(1, (0, 0, 0), (1, 0)): [167374, 21377, 9043, 3658, 1481, 564, 228, 71, 25, 10, 4, 2, 0, 0, 0, 1]
(1, (0, 0, 0), (1, 1)): [158501, 17794, 7246, 2929, 1174, 419, 184, 64, 21, 8, 3, 1, 0, 1]
(1, (0, 0, 0), (1, 2)): [105830, 10059, 4023, 1592, 653, 243, 94, 32, 7, 5, 0, 1]
(1, (0, 0, 0), (2, 0)): [56190, 8156, 3700, 1519, 617, 251, 104, 36, 9, 3, 2, 2, 0, 0, 0, 1]
(1, (0, 0, 0), (2, 1)): [84927, 10710, 4626, 1833, 761, 289, 99, 49, 9, 6, 4, 1]
(1, (0, 0, 0), (2, 2)): [86842, 9171, 3903, 1585, 628, 246, 82, 36, 9, 6, 1]
(1, (0, 0, 0), (3, 0)): [16809, 2748, 1525, 647, 261, 109, 55, 13, 7, 2, 1, 1, 0, 0, 0, 1]
(1, (0, 0, 0), (3, 1)): [34083, 5218, 2539, 1071, 444, 175, 71, 23, 5, 2, 2]
(1, (0, 0, 0), (3, 2)): [47863, 6213, 2964, 1249, 506, 196, 65, 32, 8, 6, 2]
(1, (0, 0, 1), (0, 0)): [39867, 57353, 11435, 4910, 2019, 845, 314, 118, 58, 20, 12, 6, 4, 2]
(1, (0, 0, 1), (0, 1)): [4492, 5497, 1117, 447, 161, 76, 34, 8, 2, 0, 2, 1]
(1, (0, 0, 1), (0, 2)): [1956, 1790, 346, 124, 57, 22, 16, 2, 2, 0, 0, 1]
(1, (0, 0, 1), (1, 0)): [4855, 7366, 1561, 743, 306, 147, 43, 17, 12, 3, 1]
(1, (0, 0, 1), (1, 1)): [4203, 5462, 1120, 478, 192, 83, 25, 8, 4, 2, 1]
(1, (0, 0, 1), (1, 2)): [3101, 2998, 572, 242, 108, 43, 19, 3, 4, 0, 0, 1]
(1, (0, 0, 1), (2, 0)): [1999, 3006, 705, 386, 154, 74, 27, 11, 7, 1, 1]
(1, (0, 0, 1), (2, 1)): [2422, 3321, 714, 337, 130, 60, 19, 8, 4, 1, 1]
(1, (0, 0, 1), (2, 2)): [2713, 2753, 573, 265, 102, 46, 21, 5, 2, 0, 1, 1]
(1, (0, 0, 1), (3, 0)): [942, 1222, 330, 212, 87, 43, 12, 5, 1, 0, 1]
(1, (0, 0, 1), (3, 1)): [1071, 1426, 362, 197, 70, 34, 13, 6, 2]
(1, (0, 0, 1), (3, 2)): [1666, 1739, 407, 222, 90, 37, 18, 6, 2, 0, 1]
(1, (0, 1, 0), (0, 0)): [199839, 87256, 32093, 13912, 5617, 2241, 784, 351, 107, 51, 27, 9, 9, 2, 1]
(1, (0, 1, 0), (0, 1)): [22756, 9000, 3319, 1396, 549, 244, 84, 37, 11, 6, 3]
(1, (0, 1, 0), (0, 2)): [8904, 3141, 1111, 440, 151, 83, 29, 11, 3, 2]
(1, (0, 1, 0), (1, 0)): [25677, 10866, 4338, 2148, 883, 352, 127, 56, 23, 8, 4, 0, 0, 1]
(1, (0, 1, 0), (1, 1)): [21105, 8399, 3188, 1475, 616, 241, 86, 28, 13, 3, 2, 0, 0, 1]
(1, (0, 1, 0), (1, 2)): [14004, 5022, 1799, 752, 269, 117, 45, 22, 6, 4]
(1, (0, 1, 0), (2, 0)): [10892, 4436, 1932, 1096, 457, 182, 68, 38, 13, 5, 4]
(1, (0, 1, 0), (2, 1)): [12382, 4934, 2070, 1022, 451, 167, 64, 26, 9, 4, 2, 0, 0, 1]
(1, (0, 1, 0), (2, 2)): [12220, 4391, 1705, 749, 300, 128, 42, 16, 7, 5, 1]
(1, (0, 1, 0), (3, 0)): [4972, 1864, 855, 615, 265, 102, 39, 19, 9, 2, 2]
(1, (0, 1, 0), (3, 1)): [5872, 2203, 1042, 632, 289, 96, 41, 22, 11, 2, 2, 0, 0, 1]
(1, (0, 1, 0), (3, 2)): [7572, 2697, 1220, 650, 287, 95, 36, 15, 4, 6, 2, 0, 0, 1]
(1, (0, 1, 1), (0, 0)): [31237, 26238, 22744, 9201, 4801, 1892, 746, 310, 138, 44, 12, 7, 2, 2, 0, 1]
(1, (0, 1, 1), (0, 1)): [3142, 2442, 2022, 834, 374, 145, 68, 30, 7, 0, 1]
(1, (0, 1, 1), (0, 2)): [1478, 799, 708, 287, 144, 43, 24, 14, 1, 0, 1]
(1, (0, 1, 1), (1, 0)): [4157, 3838, 2866, 1268, 804, 303, 117, 51, 20, 8]
(1, (0, 1, 1), (1, 1)): [2715, 2243, 1828, 763, 366, 132, 52, 25, 10, 3]
(1, (0, 1, 1), (1, 2)): [2200, 1306, 1121, 446, 227, 76, 32, 18, 3, 1, 1]
(1, (0, 1, 1), (2, 0)): [2394, 2066, 1494, 722, 540, 214, 87, 35, 14, 5]
(1, (0, 1, 1), (2, 1)): [1490, 1292, 1035, 468, 236, 94, 38, 14, 5, 3]
(1, (0, 1, 1), (2, 2)): [1825, 1125, 954, 408, 212, 65, 24, 9, 3, 1]
(1, (0, 1, 1), (3, 0)): [1737, 1409, 945, 503, 441, 170, 69, 28, 11, 4]
(1, (0, 1, 1), (3, 1)): [628, 592, 458, 213, 125, 66, 26, 11, 3, 2]
(1, (0, 1, 1), (3, 2)): [1032, 739, 531, 262, 156, 57, 19, 11, 2, 1]
(1, (1, 0, 0), (0, 0)): [553547, 98354, 64171, 27320, 11111, 4418, 1763, 630, 252, 106, 41, 28, 5, 3, 0, 2]
(1, (1, 0, 0), (0, 1)): [61273, 9922, 6579, 2822, 1127, 442, 190, 67, 16, 9, 6, 2]
(1, (1, 0, 0), (0, 2)): [22709, 3159, 2095, 848, 335, 147, 70, 17, 4, 3, 2]
(1, (1, 0, 0), (1, 0)): [59725, 11549, 8065, 3605, 1494, 614, 243, 92, 27, 13, 4, 2, 1, 0, 0, 1]
(1, (1, 0, 0), (1, 1)): [50267, 8683, 5928, 2617, 1025, 408, 159, 63, 17, 8, 5, 4, 0, 0, 0, 1]
(1, (1, 0, 0), (1, 2)): [32124, 4849, 3271, 1368, 518, 205, 90, 35, 6, 4, 3, 1]
(1, (1, 0, 0), (2, 0)): [19576, 4121, 2974, 1495, 621, 258, 107, 35, 15, 6, 1, 0, 1]
(1, (1, 0, 0), (2, 1)): [25532, 4805, 3367, 1650, 640, 277, 109, 35, 15, 3, 4, 2, 0, 0, 0, 1]
(1, (1, 0, 0), (2, 2)): [24335, 3991, 2706, 1218, 490, 202, 79, 31, 5, 4, 3]
(1, (1, 0, 0), (3, 0)): [5472, 1393, 912, 587, 269, 108, 42, 11, 5, 4, 0, 0, 1]
(1, (1, 0, 0), (3, 1)): [9810, 2269, 1507, 875, 362, 141, 61, 14, 9, 4, 2, 1, 0, 0, 0, 1]
(1, (1, 0, 0), (3, 2)): [12261, 2549, 1624, 866, 348, 151, 60, 14, 8, 4, 4, 1, 0, 0, 0, 1]
(1, (1, 0, 1), (0, 0)): [45029, 51999, 16657, 11269, 4859, 2016, 797, 309, 103, 64, 17, 7, 0, 1]
(1, (1, 0, 1), (0, 1)): [5480, 5025, 1622, 1083, 470, 210, 71, 21, 10, 6]
(1, (1, 0, 1), (0, 2)): [2350, 1598, 553, 343, 163, 73, 30, 11, 4, 2]
(1, (1, 0, 1), (1, 0)): [4896, 5682, 1913, 1386, 638, 248, 97, 45, 13, 10, 0, 1]
(1, (1, 0, 1), (1, 1)): [4338, 4202, 1370, 982, 395, 179, 58, 17, 6, 4, 0, 1]
(1, (1, 0, 1), (1, 2)): [3162, 2332, 825, 539, 224, 110, 27, 20, 4, 2]
(1, (1, 0, 1), (2, 0)): [1689, 1876, 689, 515, 272, 100, 42, 20, 6, 5]
(1, (1, 0, 1), (2, 1)): [2140, 2139, 713, 541, 255, 91, 39, 10, 7, 2, 0, 1]
(1, (1, 0, 1), (2, 2)): [2272, 1782, 659, 439, 213, 74, 32, 12, 6, 1]
(1, (1, 0, 1), (3, 0)): [564, 650, 257, 181, 118, 49, 17, 6, 1, 3]
(1, (1, 0, 1), (3, 1)): [787, 863, 337, 234, 134, 57, 17, 6, 2, 1, 0, 1]
(1, (1, 0, 1), (3, 2)): [1122, 1012, 422, 279, 169, 61, 23, 7, 5, 1, 0, 1]
(1, (1, 1, 0), (0, 0)): [154827, 47351, 31454, 22841, 9598, 3986, 1554, 616, 249, 100, 41, 20, 9, 5, 1]
(1, (1, 1, 0), (0, 1)): [18993, 5066, 3157, 2430, 1053, 431, 152, 58, 22, 9, 6, 3]
(1, (1, 1, 0), (0, 2)): [7622, 1791, 1054, 806, 349, 141, 43, 15, 6, 1, 2]
(1, (1, 1, 0), (1, 0)): [16660, 5543, 3739, 2881, 1236, 526, 229, 78, 25, 15, 9, 1, 2, 1]
(1, (1, 1, 0), (1, 1)): [15029, 4351, 2922, 2175, 945, 387, 142, 64, 16, 16, 6, 2]
(1, (1, 1, 0), (1, 2)): [10694, 2603, 1663, 1271, 541, 175, 62, 34, 6, 3, 6, 2]
(1, (1, 1, 0), (2, 0)): [5358, 2009, 1297, 1040, 509, 241, 107, 31, 13, 4, 5, 1, 2, 1]
(1, (1, 1, 0), (2, 1)): [7424, 2425, 1663, 1241, 568, 275, 117, 30, 14, 6, 5, 0, 1]
(1, (1, 1, 0), (2, 2)): [8031, 2151, 1394, 1054, 499, 192, 79, 28, 8, 3, 3, 1]
(1, (1, 1, 0), (3, 0)): [1384, 749, 451, 309, 205, 99, 42, 17, 4, 1, 1, 1, 1]
(1, (1, 1, 0), (3, 1)): [2801, 1160, 785, 582, 321, 160, 60, 20, 8, 4, 3, 1, 1]
(1, (1, 1, 0), (3, 2)): [3897, 1354, 911, 668, 365, 143, 59, 21, 6, 4, 1, 1, 1]
(1, (1, 1, 1), (0, 0)): [31500, 25263, 15933, 10300, 7777, 3314, 1352, 498, 211, 76, 26, 18, 9, 4, 1, 1]
(1, (1, 1, 1), (0, 1)): [4090, 2791, 1740, 1107, 853, 350, 150, 52, 26, 5, 3, 1, 0, 1]
(1, (1, 1, 1), (0, 2)): [1932, 965, 610, 398, 291, 99, 50, 13, 4, 2, 2, 0, 0, 1]
(1, (1, 1, 1), (1, 0)): [3153, 2879, 1781, 1136, 955, 426, 189, 65, 22, 10, 3, 3, 2]
(1, (1, 1, 1), (1, 1)): [3050, 2338, 1487, 946, 740, 319, 137, 55, 25, 6, 2, 2]
(1, (1, 1, 1), (1, 2)): [2411, 1348, 902, 574, 441, 179, 75, 29, 11, 2, 1, 2, 0, 1]
(1, (1, 1, 1), (2, 0)): [803, 951, 616, 385, 349, 173, 74, 31, 4, 3, 2, 1, 1]
(1, (1, 1, 1), (2, 1)): [1314, 1242, 760, 477, 382, 195, 82, 26, 10, 3, 2, 1]
(1, (1, 1, 1), (2, 2)): [1616, 1085, 739, 479, 361, 159, 75, 22, 7, 3, 1, 2, 0, 1]
(1, (1, 1, 1), (3, 0)): [136, 302, 192, 142, 110, 64, 30, 12, 2, 2, 0, 0, 1]
(1, (1, 1, 1), (3, 1)): [324, 523, 342, 208, 183, 103, 32, 20, 5, 2, 1, 0, 1]
(1, (1, 1, 1), (3, 2)): [640, 639, 431, 277, 221, 109, 43, 22, 3, 1, 2, 1, 0, 1]
(2, (0, 0, 0), (0, 0)): [1285668, 60293, 20182, 6404, 2148, 686, 234, 81, 13, 7, 5, 0, 1]
(2, (0, 0, 0), (0, 1)): [156489, 6601, 2199, 687, 248, 65, 27, 9, 2]
(2, (0, 0, 0), (0, 2)): [58985, 1759, 583, 196, 75, 14, 2, 5]
(2, (0, 0, 0), (1, 0)): [151494, 8813, 3077, 920, 350, 95, 35, 12, 2, 0, 0, 0, 1]
(2, (0, 0, 0), (1, 1)): [140392, 6747, 2356, 674, 261, 77, 31, 5, 2]
(2, (0, 0, 0), (1, 2)): [92062, 3147, 1121, 355, 123, 32, 15, 6]
(2, (0, 0, 0), (2, 0)): [53778, 3525, 1462, 418, 163, 39, 15, 7, 1, 0, 0, 0, 1]
(2, (0, 0, 0), (2, 1)): [78571, 4413, 1701, 460, 165, 44, 19, 5, 2]
(2, (0, 0, 0), (2, 2)): [78780, 3322, 1265, 355, 130, 40, 12, 5]
(2, (0, 0, 0), (3, 0)): [17074, 1195, 680, 191, 78, 21, 6, 4, 0, 0, 0, 0, 1]
(2, (0, 0, 0), (3, 1)): [33256, 2243, 1091, 325, 101, 25, 7, 5, 1]
(2, (0, 0, 0), (3, 2)): [46123, 2517, 1174, 334, 115, 35, 8, 4, 1]
(2, (0, 0, 1), (0, 0)): [120027, 35510, 7475, 2539, 886, 317, 92, 29, 8, 4, 0, 1]
(2, (0, 0, 1), (0, 1)): [14151, 3418, 757, 242, 77, 32, 13, 4, 1, 2]
(2, (0, 0, 1), (0, 2)): [5572, 1019, 226, 68, 22, 9, 4, 0, 0, 1]
(2, (0, 0, 1), (1, 0)): [16422, 4604, 1163, 439, 156, 60, 15, 5, 2]
(2, (0, 0, 1), (1, 1)): [13522, 3363, 758, 276, 89, 38, 8, 3, 1, 1]
(2, (0, 0, 1), (1, 2)): [9147, 1732, 377, 114, 48, 20, 6, 1, 0, 1]
(2, (0, 0, 1), (2, 0)): [7125, 1971, 578, 255, 90, 34, 9, 3, 1]
(2, (0, 0, 1), (2, 1)): [8151, 2154, 581, 235, 79, 26, 6, 3, 0, 1]
(2, (0, 0, 1), (2, 2)): [8398, 1711, 452, 149, 58, 23, 5, 1]
(2, (0, 0, 1), (3, 0)): [3398, 821, 279, 152, 43, 20, 7, 1, 1]
(2, (0, 0, 1), (3, 1)): [3881, 1042, 310, 159, 47, 18, 5, 2]
(2, (0, 0, 1), (3, 2)): [5406, 1199, 354, 157, 48, 18, 6, 1]
(2, (0, 1, 0), (0, 0)): [317592, 66189, 18414, 6493, 2172, 722, 215, 70, 16, 10, 6, 0, 1]
(2, (0, 1, 0), (0, 1)): [36302, 6317, 1762, 549, 206, 61, 18, 6, 3, 1, 1]
(2, (0, 1, 0), (0, 2)): [14195, 1877, 516, 143, 57, 12, 6, 1, 0, 1]
(2, (0, 1, 0), (1, 0)): [43025, 8508, 2881, 1190, 370, 119, 45, 18, 0, 1, 0, 0, 1]
(2, (0, 1, 0), (1, 1)): [34290, 6236, 1879, 645, 226, 64, 28, 10, 3, 0, 1]
(2, (0, 1, 0), (1, 2)): [22826, 3234, 848, 302, 102, 25, 12, 5, 0, 1]
(2, (0, 1, 0), (2, 0)): [19609, 3647, 1426, 725, 234, 73, 22, 10, 0, 1, 0, 0, 1]
(2, (0, 1, 0), (2, 1)): [20699, 3935, 1347, 498, 172, 49, 19, 5, 2, 0, 1, 0, 1]
(2, (0, 1, 0), (2, 2)): [20642, 3152, 908, 360, 129, 31, 18, 7, 0, 1]
(2, (0, 1, 0), (3, 0)): [10018, 1594, 724, 497, 150, 46, 16, 10, 0, 1]
(2, (0, 1, 0), (3, 1)): [9674, 1836, 761, 374, 126, 40, 13, 5, 2, 0, 1, 0, 1]
(2, (0, 1, 0), (3, 2)): [13168, 2077, 784, 392, 130, 38, 21, 7, 0, 0, 0, 0, 1]
(2, (0, 1, 1), (0, 0)): [72905, 6176, 15504, 4367, 1740, 580, 188, 63, 21, 6, 4, 1, 0, 1]
(2, (0, 1, 1), (0, 1)): [8552, 549, 1471, 395, 142, 54, 10, 7, 0, 1]
(2, (0, 1, 1), (0, 2)): [3557, 195, 436, 123, 50, 15, 4, 1, 0, 1]
(2, (0, 1, 1), (1, 0)): [10263, 991, 2008, 723, 329, 125, 34, 12, 3, 0, 2]
(2, (0, 1, 1), (1, 1)): [7873, 534, 1417, 411, 156, 67, 12, 8, 2]
(2, (0, 1, 1), (1, 2)): [5784, 309, 778, 217, 86, 29, 5, 3, 0, 1]
(2, (0, 1, 1), (2, 0)): [5030, 572, 931, 398, 219, 78, 22, 8, 1, 0, 2]
(2, (0, 1, 1), (2, 1)): [4639, 361, 885, 279, 124, 52, 9, 4, 2, 0, 1]
(2, (0, 1, 1), (2, 2)): [5099, 352, 722, 221, 90, 45, 7, 3, 1]
(2, (0, 1, 1), (3, 0)): [2965, 401, 478, 242, 153, 58, 18, 7, 0, 0, 1]
(2, (0, 1, 1), (3, 1)): [2256, 183, 407, 147, 81, 31, 8, 5, 1, 0, 1]
(2, (0, 1, 1), (3, 2)): [3277, 273, 497, 170, 85, 49, 7, 5, 2]
(2, (1, 0, 0), (0, 0)): [670463, 48624, 32585, 10332, 3400, 1078, 422, 121, 27, 13, 7, 1, 1]
(2, (1, 0, 0), (0, 1)): [73882, 4530, 3188, 1013, 342, 112, 52, 18, 6, 0, 0, 1]
(2, (1, 0, 0), (0, 2)): [27257, 1214, 803, 277, 98, 24, 17, 2, 2]
(2, (1, 0, 0), (1, 0)): [73974, 6188, 4398, 1504, 519, 146, 65, 16, 3, 1, 0, 0, 1]
(2, (1, 0, 0), (1, 1)): [62807, 4216, 2998, 1000, 326, 100, 41, 15, 4]
(2, (1, 0, 0), (1, 2)): [39922, 1962, 1346, 490, 153, 43, 20, 3, 3]
(2, (1, 0, 0), (2, 0)): [25027, 2423, 1664, 707, 239, 70, 34, 10, 2, 1, 0, 0, 1]
(2, (1, 0, 0), (2, 1)): [32972, 2591, 1806, 671, 227, 65, 32, 9, 1, 0, 0, 0, 1]
(2, (1, 0, 0), (2, 2)): [31295, 1907, 1270, 456, 167, 45, 24, 4, 2]
(2, (1, 0, 0), (3, 0)): [7430, 924, 553, 337, 104, 33, 13, 4, 1, 1]
(2, (1, 0, 0), (3, 1)): [13366, 1367, 880, 471, 123, 41, 18, 4, 1, 1, 0, 0, 1]
(2, (1, 0, 0), (3, 2)): [16555, 1460, 910, 417, 131, 45, 19, 5, 0, 1, 0, 0, 1]
(2, (1, 0, 1), (0, 0)): [117627, 27807, 10943, 6894, 2247, 752, 257, 78, 29, 9, 2, 3, 1]
(2, (1, 0, 1), (0, 1)): [14306, 2821, 1042, 692, 234, 79, 24, 6, 4, 1, 1, 1]
(2, (1, 0, 1), (0, 2)): [5749, 832, 311, 186, 65, 19, 3, 1, 1]
(2, (1, 0, 1), (1, 0)): [14217, 3157, 1456, 1011, 366, 107, 43, 9, 0, 1]
(2, (1, 0, 1), (1, 1)): [12090, 2458, 1015, 654, 259, 80, 34, 6, 3, 1, 1, 1]
(2, (1, 0, 1), (1, 2)): [8185, 1260, 510, 317, 118, 37, 16, 3, 3, 0, 0, 1]
(2, (1, 0, 1), (2, 0)): [5148, 1125, 609, 421, 158, 49, 17, 7]
(2, (1, 0, 1), (2, 1)): [6622, 1343, 650, 389, 185, 60, 18, 4, 0, 1]
(2, (1, 0, 1), (2, 2)): [6394, 1019, 478, 275, 105, 47, 15, 3, 3, 0, 0, 1]
(2, (1, 0, 1), (3, 0)): [1735, 349, 247, 167, 63, 17, 10, 3]
(2, (1, 0, 1), (3, 1)): [2857, 537, 323, 210, 119, 26, 13, 2, 0, 1]
(2, (1, 0, 1), (3, 2)): [3569, 546, 365, 200, 99, 39, 12, 2, 3]
(2, (1, 1, 0), (0, 0)): [265068, 40265, 20249, 14046, 4591, 1465, 501, 171, 51, 25, 9, 2, 2, 1]
(2, (1, 1, 0), (0, 1)): [31574, 4073, 1894, 1409, 423, 128, 47, 24, 2, 3, 1, 1, 1]
(2, (1, 1, 0), (0, 2)): [12822, 1211, 569, 399, 117, 36, 11, 9, 2, 1]
(2, (1, 1, 0), (1, 0)): [29667, 4527, 2616, 1888, 700, 206, 84, 20, 7, 3, 1]
(2, (1, 1, 0), (1, 1)): [26813, 3607, 1866, 1367, 412, 138, 47, 18, 4, 3, 1, 1, 1]
(2, (1, 1, 0), (1, 2)): [18826, 1878, 968, 661, 200, 70, 19, 13, 3, 1]
(2, (1, 1, 0), (2, 0)): [10151, 1631, 1075, 743, 369, 101, 43, 9, 2, 2]
(2, (1, 1, 0), (2, 1)): [14141, 1986, 1219, 840, 311, 88, 38, 10, 4, 2, 0, 0, 1]
(2, (1, 1, 0), (2, 2)): [14893, 1602, 951, 647, 237, 62, 32, 11, 7, 1]
(2, (1, 1, 0), (3, 0)): [3272, 523, 438, 247, 193, 58, 23, 4, 0, 1]
(2, (1, 1, 0), (3, 1)): [5953, 873, 688, 411, 232, 61, 28, 3, 0, 0, 0, 0, 1]
(2, (1, 1, 0), (3, 2)): [8272, 969, 763, 462, 254, 55, 28, 6, 4]
(2, (1, 1, 1), (0, 0)): [77437, 11273, 12925, 6401, 4797, 1507, 521, 176, 55, 11, 9, 3, 1, 1]
(2, (1, 1, 1), (0, 1)): [10362, 1091, 1356, 693, 528, 150, 59, 17, 4, 0, 2, 0, 1]
(2, (1, 1, 1), (0, 2)): [4484, 336, 389, 207, 142, 43, 16, 5, 1, 0, 1]
(2, (1, 1, 1), (1, 0)): [8150, 1832, 1552, 858, 668, 224, 77, 25, 8, 2, 1, 2]
(2, (1, 1, 1), (1, 1)): [8248, 1160, 1271, 677, 516, 158, 57, 16, 5, 1, 1, 0, 1]
(2, (1, 1, 1), (1, 2)): [6322, 588, 651, 314, 252, 85, 21, 8, 3, 1, 1]
(2, (1, 1, 1), (2, 0)): [2280, 1070, 523, 345, 270, 97, 31, 11, 3, 1, 0, 2]
(2, (1, 1, 1), (2, 1)): [3719, 977, 701, 434, 318, 115, 40, 8, 1, 0, 0, 0, 1]
(2, (1, 1, 1), (2, 2)): [4456, 699, 572, 334, 244, 91, 26, 8, 3, 1, 1]
(2, (1, 1, 1), (3, 0)): [387, 657, 147, 162, 85, 47, 17, 8, 2, 1, 0, 1]
(2, (1, 1, 1), (3, 1)): [1103, 800, 272, 257, 169, 62, 24, 7, 0, 1, 0, 1]
(2, (1, 1, 1), (3, 2)): [1880, 804, 347, 297, 187, 74, 30, 8, 2, 1, 1]
