(0, (0, 0, 0)): [35108, 7019, 3207, 1535, 684, 296, 129, 47, 19, 6, 6, 2, 1, 0, 1]
(0, (0, 0, 1)): [86, 312, 77, 40, 15, 7, 4, 0, 0, 0, 1]
(0, (0, 1, 0)): [1321, 1255, 481, 262, 110, 64, 35, 8, 2, 0, 1]
(0, (0, 1, 1)): [101, 171, 206, 92, 51, 25, 13, 6, 0, 2, 0, 2]
(0, (1, 0, 0)): [6637, 2009, 1469, 771, 349, 148, 60, 36, 12, 5, 4, 1, 1, 0, 1]
(0, (1, 0, 1)): [142, 454, 158, 150, 59, 33, 18, 4, 3, 1, 1]
(0, (1, 1, 0)): [1067, 595, 475, 337, 168, 78, 40, 20, 6, 4, 4, 0, 1, 0, 1]
(0, (1, 1, 1)): [113, 245, 186, 103, 95, 47, 21, 14, 7, 5, 1, 2]
(1, (0, 0, 0)): [27240, 3242, 1270, 542, 224, 92, 42, 6, 4, 0, 0, 1]
(1, (0, 0, 1)): [717, 989, 207, 99, 33, 24, 7, 2, 1]
(1, (0, 1, 0)): [3564, 1459, 567, 258, 117, 44, 11, 7, 4, 0, 0, 1]
(1, (0, 1, 1)): [538, 478, 365, 160, 90, 35, 16, 7, 0, 0, 2]
(1, (1, 0, 0)): [9886, 1589, 1203, 521, 233, 93, 30, 13, 6, 0, 1]
(1, (1, 0, 1)): [791, 828, 261, 191, 86, 44, 20, 8, 4, 1]
(1, (1, 1, 0)): [2957, 807, 563, 439, 188, 77, 31, 15, 3]
(1, (1, 1, 1)): [680, 540, 303, 194, 172, 83, 32, 12, 1, 0, 0, 1]
(2, (0, 0, 0)): [23869, 1282, 385, 129, 36, 17, 10, 1, 1]
(2, (0, 0, 1)): [2254, 566, 154, 58, 21, 6, 1]
(2, (0, 1, 0)): [6009, 1165, 330, 131, 47, 11, 5]
(2, (0, 1, 1)): [1457, 128, 243, 84, 38, 11, 6, 1]
(2, (1, 0, 0)): [11728, 852, 583, 194, 60, 25, 10, 1, 1]
(2, (1, 0, 1)): [2098, 475, 190, 143, 41, 20, 5]
(2, (1, 1, 0)): [4957, 688, 368, 283, 104, 30, 12, 2]
(2, (1, 1, 1)): [1642, 254, 238, 131, 114, 29, 11, 2, 0, 0, 0, 1]
