(0, (0, 0, 0)): [328020, 67781, 32097, 14836, 6763, 2977, 1295, 542, 219, 108, 44, 22, 11, 3, 2]
(0, (0, 0, 1)): [1571, 5225, 1498, 720, 352, 143, 73, 39, 11, 7, 2, 1, 3]
(0, (0, 1, 0)): [10613, 11232, 4337, 2040, 1073, 486, 204, 91, 43, 26, 7, 3]
(0, (0, 1, 1)): [944, 1783, 2347, 1082, 562, 275, 120, 56, 25, 9, 5, 1, 0, 1, 1]
(0, (1, 0, 0)): [73307, 26421, 16312, 8235, 3927, 1807, 781, 338, 136, 71, 33, 14, 7, 3, 2]
(0, (1, 0, 1)): [1768, 5520, 2485, 1663, 953, 447, 231, 91, 40, 22, 7, 7, 2, 0, 1]
(0, (1, 1, 0)): [9614, 6540, 5406, 3659, 1975, 932, 423, 201, 83, 39, 23, 7, 2, 1]
(0, (1, 1, 1)): [982, 1818, 1583, 1315, 1035, 502, 258, 120, 55, 28, 13, 4, 0, 1, 1]
(1, (0, 0, 0)): [259188, 28525, 12022, 4749, 1915, 768, 321, 122, 46, 16, 6, 5, 2]
(1, (0, 0, 1)): [8632, 13687, 2730, 1157, 494, 198, 83, 41, 15, 7, 5, 3, 2]
(1, (0, 1, 0)): [38366, 19275, 6548, 2731, 1123, 480, 174, 77, 20, 16, 3, 4, 3]
(1, (0, 1, 1)): [6564, 5812, 5959, 2285, 1041, 433, 177, 71, 35, 12, 6, 3, 0, 1]
(1, (1, 0, 0)): [107335, 20615, 12455, 5497, 2212, 935, 361, 132, 62, 30, 8, 9, 2, 2]
(1, (1, 0, 1)): [8722, 11348, 3970, 2490, 1049, 475, 179, 67, 26, 21, 6, 2]
(1, (1, 1, 0)): [27432, 8871, 6440, 4316, 1898, 845, 321, 122, 48, 24, 5, 6, 1, 3]
(1, (1, 1, 1)): [5371, 4500, 2892, 2126, 1441, 658, 262, 107, 49, 19, 6, 3, 1, 1]
(2, (0, 0, 0)): [222028, 9600, 3339, 1017, 365, 138, 49, 20, 3, 1, 1]
(2, (0, 0, 1)): [26955, 9024, 1653, 539, 194, 83, 27, 9, 0, 1]
(2, (0, 1, 0)): [62769, 14773, 3609, 1236, 395, 143, 46, 13, 4, 1]
(2, (0, 1, 1)): [16054, 1445, 3927, 1050, 371, 142, 43, 14, 8, 2, 1]
(2, (1, 0, 0)): [132012, 10385, 5764, 1886, 642, 212, 90, 29, 7, 2, 1]
(2, (1, 0, 1)): [23360, 6316, 2790, 1408, 451, 182, 58, 23, 7, 1, 0, 1]
(2, (1, 1, 0)): [44451, 7062, 3957, 2344, 762, 279, 83, 24, 10, 4, 2, 0, 0, 1]
(2, (1, 1, 1)): [13297, 2024, 2328, 1261, 847, 297, 96, 36, 16, 2, 2, 0, 0, 1]
