(0, (0, 0, 0), (0, 0)): [330051, 68741, 32736, 15241, 6951, 3065, 1337, 549, 234, 120, 44, 21, 13, 3, 2]
(0, (0, 0, 1), (0, 0)): [1504, 5194, 1477, 708, 367, 144, 73, 36, 18, 7, 2, 1, 3]
(0, (0, 1, 0), (0, 0)): [10658, 11370, 4463, 2068, 1094, 502, 210, 95, 46, 27, 6, 3, 1]
(0, (0, 1, 1), (0, 0)): [954, 1803, 2378, 1090, 574, 279, 121, 53, 30, 10, 5, 1, 0, 1, 1]
(0, (1, 0, 0), (0, 0)): [73607, 26456, 16579, 8431, 4022, 1836, 820, 347, 143, 79, 33, 13, 8, 3, 2]
(0, (1, 0, 1), (0, 0)): [1767, 5691, 2544, 1724, 964, 450, 238, 95, 45, 24, 8, 7, 2, 0, 1]
(0, (1, 1, 0), (0, 0)): [9694, 6637, 5463, 3749, 2022, 947, 446, 209, 82, 43, 22, 7, 4, 1]
(0, (1, 1, 1), (0, 0)): [983, 1862, 1604, 1314, 1040, 520, 260, 118, 53, 27, 12, 3, 0, 1, 1]
(1, (0, 0, 0), (0, 0)): [261116, 29117, 12260, 4934, 1982, 795, 326, 126, 51, 18, 7, 5, 2]
(1, (0, 0, 1), (0, 0)): [8348, 13468, 2704, 1139, 493, 193, 82, 43, 16, 7, 4, 3, 2]
(1, (0, 1, 0), (0, 0)): [37954, 19196, 6615, 2750, 1165, 485, 178, 82, 23, 17, 3, 4, 3]
(1, (0, 1, 1), (0, 0)): [6530, 5819, 5887, 2281, 1091, 441, 181, 78, 41, 13, 6, 3, 1, 1]
(1, (1, 0, 0), (0, 0)): [108278, 20827, 12704, 5650, 2266, 960, 375, 136, 67, 30, 10, 9, 2, 2]
(1, (1, 0, 1), (0, 0)): [8832, 11505, 4029, 2543, 1062, 494, 187, 70, 27, 24, 7, 2]
(1, (1, 1, 0), (0, 0)): [27974, 9085, 6642, 4440, 1964, 853, 342, 125, 51, 24, 5, 6, 1, 3]
(1, (1, 1, 1), (0, 0)): [5497, 4644, 3018, 2168, 1483, 671, 272, 104, 50, 19, 6, 3, 1, 1]
(2, (0, 0, 0), (0, 0)): [223574, 9839, 3433, 1086, 379, 147, 53, 21, 3, 1, 2]
(2, (0, 0, 1), (0, 0)): [26525, 8815, 1662, 549, 191, 85, 30, 8, 0, 1]
(2, (0, 1, 0), (0, 0)): [62234, 14803, 3646, 1247, 401, 148, 45, 15, 4, 1]
(2, (0, 1, 1), (0, 0)): [15903, 1417, 3869, 1041, 379, 142, 50, 16, 9, 2, 1]
(2, (1, 0, 0), (0, 0)): [133063, 10568, 5920, 1987, 673, 219, 95, 29, 10, 2, 2]
(2, (1, 0, 1), (0, 0)): [23664, 6378, 2809, 1457, 470, 189, 61, 25, 9, 1, 0, 1]
(2, (1, 1, 0), (0, 0)): [46025, 7401, 4080, 2443, 811, 286, 91, 28, 15, 5, 3, 0, 0, 1]
(2, (1, 1, 1), (0, 0)): [13709, 2112, 2462, 1286, 889, 311, 103, 38, 18, 2, 3, 0, 0, 1]
