(0, (0, 0, 0), (0, 0)): [571, 89, 39, 17, 8, 6, 3]
(0, (0, 0, 0), (0, 1)): [62, 12, 3, 1, 1, 0, 1]
(0, (0, 0, 0), (0, 2)): [25, 7, 1, 1, 0, 0, 1]
(0, (0, 0, 0), (1, 0)): [36, 8, 4, 0, 0, 1, 1]
(0, (0, 0, 0), (1, 1)): [35, 6, 3]
(0, (0, 0, 0), (1, 2)): [28, 7, 1]
(0, (0, 0, 0), (2, 0)): [12, 5, 2, 0, 0, 1, 1]
(0, (0, 0, 0), (2, 1)): [18, 3, 1]
(0, (0, 0, 0), (2, 2)): [16, 6]
(0, (0, 0, 0), (3, 0)): [4, 3, 2, 0, 0, 1, 1]
(0, (0, 0, 0), (3, 1)): [6, 2, 2, 0, 0, 0, 1]
(0, (0, 0, 0), (3, 2)): [6, 4, 2, 0, 0, 0, 1]
(0, (0, 1, 0), (0, 0)): [24, 13, 5, 2, 2]
(0, (0, 1, 0), (0, 1)): [1, 2]
(0, (0, 1, 0), (1, 0)): [1, 1, 1]
(0, (0, 1, 0), (1, 1)): [1, 2]
(0, (0, 1, 1), (0, 0)): [1, 2, 2, 1, 0, 1]
(0, (0, 1, 1), (1, 0)): [0, 1]
(0, (0, 1, 1), (2, 0)): [0, 1]
(0, (0, 1, 1), (2, 1)): [0, 1]
(0, (0, 1, 1), (3, 1)): [0, 1]
(0, (0, 1, 1), (3, 2)): [0, 1]
(0, (1, 0, 0), (0, 0)): [111, 38, 16, 10, 2, 3, 2]
(0, (1, 0, 0), (0, 1)): [9, 2, 0, 0, 0, 1, 1]
(0, (1, 0, 0), (0, 2)): [5, 1, 0, 0, 0, 1, 1]
(0, (1, 0, 0), (1, 0)): [10, 3, 3, 0, 0, 1]
(0, (1, 0, 0), (1, 1)): [8, 1, 2, 0, 0, 1]
(0, (1, 0, 0), (1, 2)): [4, 1, 0, 0, 0, 2]
(0, (1, 0, 0), (2, 0)): [2, 2]
(0, (1, 0, 0), (2, 1)): [2, 2, 2]
(0, (1, 0, 0), (2, 2)): [4, 2, 2, 0, 0, 1]
(0, (1, 0, 0), (3, 0)): [1, 1]
(0, (1, 0, 0), (3, 1)): [0, 1]
(0, (1, 0, 0), (3, 2)): [0, 1, 1]
(0, (1, 0, 1), (0, 0)): [1, 4, 7, 3, 2, 1, 1]
(0, (1, 0, 1), (0, 1)): [0, 0, 0, 0, 0, 0, 1]
(0, (1, 0, 1), (0, 2)): [0, 0, 0, 0, 0, 0, 1]
(0, (1, 0, 1), (1, 0)): [0, 2, 1]
(0, (1, 0, 1), (2, 0)): [0, 1]
(0, (1, 0, 1), (2, 1)): [0, 2]
(0, (1, 1, 0), (0, 0)): [19, 10, 3, 7, 1, 1, 1]
(0, (1, 1, 0), (0, 1)): [1]
(0, (1, 1, 0), (0, 2)): [1]
(0, (1, 1, 0), (1, 2)): [1]
(1, (0, 0, 0), (0, 0)): [453, 39, 15, 6, 5, 3, 1]
(1, (0, 0, 0), (0, 1)): [42, 4, 1, 0, 1]
(1, (0, 0, 0), (0, 2)): [13, 1, 1]
(1, (0, 0, 0), (1, 0)): [24, 4, 2, 1, 0, 1]
(1, (0, 0, 0), (1, 1)): [29, 2, 0, 0, 0, 1]
(1, (0, 0, 0), (1, 2)): [21, 2, 0, 0, 0, 1]
(1, (0, 0, 0), (2, 0)): [9, 1, 1, 1]
(1, (0, 0, 0), (2, 1)): [8, 1, 1, 1]
(1, (0, 0, 0), (2, 2)): [15, 0, 0, 1, 0, 1]
(1, (0, 0, 0), (3, 0)): [6]
(1, (0, 0, 0), (3, 1)): [2, 1, 1]
(1, (0, 0, 0), (3, 2)): [8, 0, 1, 1, 0, 1]
(1, (0, 0, 1), (0, 0)): [20, 21, 5, 3, 1]
(1, (0, 0, 1), (0, 1)): [1, 3]
(1, (0, 0, 1), (0, 2)): [1]
(1, (0, 0, 1), (1, 0)): [1, 1, 1, 1, 1]
(1, (0, 0, 1), (1, 1)): [1, 2, 0, 1, 1]
(1, (0, 0, 1), (1, 2)): [1, 0, 0, 1]
(1, (0, 0, 1), (2, 1)): [0, 1]
(1, (0, 0, 1), (2, 2)): [1, 1]
(1, (0, 1, 0), (0, 0)): [71, 36, 6, 5, 2, 1]
(1, (0, 1, 0), (0, 1)): [3, 2, 1, 1, 0, 1]
(1, (0, 1, 0), (0, 2)): [0, 0, 0, 0, 0, 1]
(1, (0, 1, 0), (1, 0)): [6, 6, 0, 1, 1]
(1, (0, 1, 0), (1, 1)): [5, 5, 0, 1, 1]
(1, (0, 1, 0), (1, 2)): [2, 1, 0, 0, 1]
(1, (0, 1, 0), (2, 0)): [2, 1]
(1, (0, 1, 0), (2, 1)): [1, 3, 0, 1]
(1, (0, 1, 0), (2, 2)): [1, 3, 0, 1, 1]
(1, (0, 1, 0), (3, 0)): [1, 1]
(1, (0, 1, 0), (3, 1)): [0, 2]
(1, (0, 1, 1), (0, 0)): [13, 12, 12, 7, 0, 2]
(1, (0, 1, 1), (0, 1)): [0, 0, 2]
(1, (0, 1, 1), (0, 2)): [0, 0, 1]
(1, (0, 1, 1), (1, 0)): [1, 0, 1]
(1, (0, 1, 1), (1, 1)): [0, 0, 2]
(1, (0, 1, 1), (1, 2)): [0, 0, 2]
(1, (0, 1, 1), (2, 0)): [1]
(1, (0, 1, 1), (3, 0)): [1]
(1, (1, 0, 0), (0, 0)): [162, 29, 12, 6, 2, 4, 1]
(1, (1, 0, 0), (0, 1)): [19, 1, 0, 1, 0, 1, 1]
(1, (1, 0, 0), (0, 2)): [7, 1]
(1, (1, 0, 0), (1, 0)): [11, 6, 3, 0, 0, 1]
(1, (1, 0, 0), (1, 1)): [10, 2, 0, 1]
(1, (1, 0, 0), (1, 2)): [10]
(1, (1, 0, 0), (2, 0)): [4, 2, 2]
(1, (1, 0, 0), (2, 1)): [5, 3, 1, 1]
(1, (1, 0, 0), (2, 2)): [8, 1, 1, 1]
(1, (1, 0, 0), (3, 2)): [1, 3]
(1, (1, 0, 1), (0, 0)): [5, 6, 3, 3, 3]
(1, (1, 0, 1), (0, 1)): [2]
(1, (1, 0, 1), (0, 2)): [2]
(1, (1, 0, 1), (1, 0)): [0, 0, 0, 0, 1]
(1, (1, 0, 1), (1, 2)): [1]
(1, (1, 0, 1), (2, 0)): [0, 0, 0, 0, 1]
(1, (1, 1, 0), (0, 0)): [37, 12, 6, 7, 1, 1]
(1, (1, 1, 0), (0, 1)): [4, 0, 1]
(1, (1, 1, 0), (0, 2)): [2]
(1, (1, 1, 0), (1, 0)): [3, 2]
(1, (1, 1, 0), (1, 1)): [4, 1]
(1, (1, 1, 0), (1, 2)): [5]
(1, (1, 1, 0), (2, 0)): [0, 1]
(1, (1, 1, 0), (2, 1)): [0, 2]
(1, (1, 1, 0), (2, 2)): [3]
(1, (1, 1, 0), (3, 1)): [0, 1]
(1, (1, 1, 0), (3, 2)): [0, 1]
(1, (1, 1, 1), (0, 0)): [7, 6, 5, 5, 1, 2]
(1, (1, 1, 1), (0, 1)): [1, 0, 0, 0, 0, 1]
(1, (1, 1, 1), (1, 0)): [2, 1, 1]
(1, (1, 1, 1), (1, 1)): [3, 1, 1]
(1, (1, 1, 1), (1, 2)): [1, 1, 0, 0, 0, 1]
(2, (0, 0, 0), (0, 0)): [389, 10, 5, 2, 3]
(2, (0, 0, 0), (0, 1)): [36, 1]
(2, (0, 0, 0), (0, 2)): [14]
(2, (0, 0, 0), (1, 0)): [33, 2, 1, 0, 1]
(2, (0, 0, 0), (1, 1)): [29, 3]
(2, (0, 0, 0), (1, 2)): [21]
(2, (0, 0, 0), (2, 0)): [14, 0, 1]
(2, (0, 0, 0), (2, 1)): [17, 3]
(2, (0, 0, 0), (2, 2)): [16, 2]
(2, (0, 0, 0), (3, 0)): [5, 0, 1]
(2, (0, 0, 0), (3, 1)): [7, 1]
(2, (0, 0, 0), (3, 2)): [10, 1]
(2, (0, 0, 1), (0, 0)): [60, 24, 2, 0, 2]
(2, (0, 0, 1), (0, 1)): [3, 3, 1]
(2, (0, 0, 1), (0, 2)): [1, 3, 1]
(2, (0, 0, 1), (1, 0)): [2, 2]
(2, (0, 0, 1), (1, 1)): [1]
(2, (0, 0, 1), (1, 2)): [2, 2, 1]
(2, (0, 0, 1), (2, 0)): [2, 1]
(2, (0, 0, 1), (2, 2)): [0, 1, 1]
(2, (0, 0, 1), (3, 0)): [1, 1]
(2, (0, 0, 1), (3, 2)): [0, 1, 1]
(2, (0, 1, 0), (0, 0)): [121, 26, 8, 3]
(2, (0, 1, 0), (0, 1)): [8, 2, 1, 1]
(2, (0, 1, 0), (0, 2)): [3]
(2, (0, 1, 0), (1, 0)): [14, 7, 3]
(2, (0, 1, 0), (1, 1)): [9, 5, 1]
(2, (0, 1, 0), (1, 2)): [7, 1]
(2, (0, 1, 0), (2, 0)): [8, 3, 2]
(2, (0, 1, 0), (2, 1)): [4, 4, 1]
(2, (0, 1, 0), (2, 2)): [3]
(2, (0, 1, 0), (3, 0)): [5, 2, 1]
(2, (0, 1, 0), (3, 1)): [6, 4]
(2, (0, 1, 0), (3, 2)): [2, 2]
(2, (0, 1, 1), (0, 0)): [37, 5, 10]
(2, (0, 1, 1), (1, 0)): [4, 0, 2]
(2, (0, 1, 1), (1, 1)): [3]
(2, (0, 1, 1), (1, 2)): [2]
(2, (0, 1, 1), (2, 0)): [0, 0, 1]
(2, (0, 1, 1), (2, 1)): [1]
(2, (0, 1, 1), (2, 2)): [1]
(2, (0, 1, 1), (3, 0)): [0, 0, 1]
(2, (1, 0, 0), (0, 0)): [205, 12, 8, 5, 2]
(2, (1, 0, 0), (0, 1)): [16]
(2, (1, 0, 0), (0, 2)): [5]
(2, (1, 0, 0), (1, 0)): [20, 2, 3, 1, 1]
(2, (1, 0, 0), (1, 1)): [8, 1, 0, 0, 1]
(2, (1, 0, 0), (1, 2)): [6]
(2, (1, 0, 0), (2, 0)): [6, 1, 2, 1]
(2, (1, 0, 0), (2, 1)): [3, 1, 0, 0, 1]
(2, (1, 0, 0), (2, 2)): [2]
(2, (1, 0, 0), (3, 0)): [4, 1, 1, 1]
(2, (1, 0, 0), (3, 1)): [1, 1]
(2, (1, 0, 0), (3, 2)): [1]
(2, (1, 0, 1), (0, 0)): [31, 8, 6, 1]
(2, (1, 0, 1), (1, 0)): [4, 1, 2]
(2, (1, 0, 1), (1, 1)): [1]
(2, (1, 0, 1), (1, 2)): [1]
(2, (1, 0, 1), (2, 0)): [1, 0, 2]
(2, (1, 0, 1), (2, 1)): [0, 0, 1]
(2, (1, 0, 1), (3, 0)): [0, 0, 1]
(2, (1, 0, 1), (3, 1)): [0, 0, 2]
(2, (1, 0, 1), (3, 2)): [0, 0, 2]
(2, (1, 1, 0), (0, 0)): [54, 13, 7, 4, 2]
(2, (1, 1, 0), (0, 1)): [2, 1, 1]
(2, (1, 1, 0), (1, 0)): [7, 1]
(2, (1, 1, 0), (1, 1)): [1]
(2, (1, 1, 0), (1, 2)): [1]
(2, (1, 1, 0), (2, 0)): [3]
(2, (1, 1, 0), (2, 1)): [2]
(2, (1, 1, 0), (2, 2)): [2]
(2, (1, 1, 0), (3, 0)): [1]
(2, (1, 1, 1), (0, 0)): [19, 4, 6, 2, 2]
(2, (1, 1, 1), (0, 1)): [4, 0, 1, 0, 1]
(2, (1, 1, 1), (0, 2)): [3]
(2, (1, 1, 1), (1, 1)): [1]
(2, (1, 1, 1), (1, 2)): [2]
