(0, (0, 0, 0), (0, 0)): [16177, 3165, 1578, 722, 321, 134, 76, 20, 11, 1, 1, 1]
(0, (0, 0, 0), (0, 1)): [887, 151, 109, 39, 17, 7, 3, 3]
(0, (0, 0, 0), (0, 2)): [325, 53, 26, 12, 7, 1, 1, 1]
(0, (0, 0, 0), (1, 0)): [795, 181, 98, 47, 20, 8, 6, 1, 0, 0, 1]
(0, (0, 0, 0), (1, 1)): [748, 146, 102, 39, 18, 8, 3, 3]
(0, (0, 0, 0), (1, 2)): [449, 85, 47, 23, 9, 4, 2]
(0, (0, 0, 0), (2, 0)): [256, 59, 38, 21, 5, 4, 3, 0, 0, 0, 1]
(0, (0, 0, 0), (2, 1)): [392, 76, 61, 22, 10, 4, 2, 3]
(0, (0, 0, 0), (2, 2)): [366, 69, 54, 22, 7, 3, 2, 1]
(0, (0, 0, 0), (3, 0)): [74, 19, 14, 10, 3, 2, 1, 0, 0, 0, 1]
(0, (0, 0, 0), (3, 1)): [154, 26, 29, 12, 4, 3, 0, 1]
(0, (0, 0, 0), (3, 2)): [217, 43, 42, 21, 6, 5, 2, 2]
(0, (0, 0, 1), (0, 0)): [66, 171, 54, 13, 6, 7]
(0, (0, 0, 1), (0, 1)): [5, 8, 1, 2]
(0, (0, 0, 1), (0, 2)): [3, 6]
(0, (0, 0, 1), (1, 0)): [4, 7, 3, 1, 0, 1]
(0, (0, 0, 1), (1, 1)): [2, 4, 1, 3]
(0, (0, 0, 1), (1, 2)): [3, 6, 1]
(0, (0, 0, 1), (2, 0)): [1, 3, 2, 0, 0, 1]
(0, (0, 0, 1), (2, 1)): [1, 3, 1, 3]
(0, (0, 0, 1), (2, 2)): [1, 5, 0, 1]
(0, (0, 0, 1), (3, 0)): [0, 0, 0, 0, 0, 1]
(0, (0, 0, 1), (3, 1)): [0, 1, 0, 2, 0, 1]
(0, (0, 0, 1), (3, 2)): [0, 3, 0, 2]
(0, (0, 1, 0), (0, 0)): [505, 419, 195, 77, 41, 19, 9, 1, 1]
(0, (0, 1, 0), (0, 1)): [34, 18, 10, 3, 3, 2]
(0, (0, 1, 0), (0, 2)): [11, 10, 5]
(0, (0, 1, 0), (1, 0)): [30, 25, 9, 3, 5]
(0, (0, 1, 0), (1, 1)): [36, 12, 7, 6, 4, 1]
(0, (0, 1, 0), (1, 2)): [23, 10, 6, 2, 1, 1]
(0, (0, 1, 0), (2, 0)): [8, 10, 1, 0, 1]
(0, (0, 1, 0), (2, 1)): [11, 13, 1, 3, 2]
(0, (0, 1, 0), (2, 2)): [18, 11, 3, 2]
(0, (0, 1, 0), (3, 0)): [1, 3, 0, 0, 1]
(0, (0, 1, 0), (3, 1)): [2, 5, 0, 2, 1]
(0, (0, 1, 0), (3, 2)): [8, 6, 1, 3]
(0, (0, 1, 1), (0, 0)): [57, 61, 83, 37, 24, 11, 5, 3, 1]
(0, (0, 1, 1), (0, 1)): [7, 5, 4, 2]
(0, (0, 1, 1), (0, 2)): [5, 2, 3]
(0, (0, 1, 1), (1, 0)): [1, 2, 6, 1, 2, 1, 0, 1, 1]
(0, (0, 1, 1), (1, 1)): [2, 2, 2, 2, 1]
(0, (0, 1, 1), (1, 2)): [3, 1, 2, 1, 1]
(0, (0, 1, 1), (2, 0)): [1, 2, 4, 1, 1, 1, 0, 1, 1]
(0, (0, 1, 1), (2, 1)): [3, 1, 3, 2, 0, 0, 0, 1, 1]
(0, (0, 1, 1), (2, 2)): [4, 1, 2, 2, 1, 0, 0, 1]
(0, (0, 1, 1), (3, 0)): [0, 2, 3, 0, 1, 1]
(0, (0, 1, 1), (3, 1)): [0, 1, 2, 0, 0, 0, 0, 0, 1]
(0, (0, 1, 1), (3, 2)): [1, 0, 3, 2, 1, 0, 0, 1]
(0, (1, 0, 0), (0, 0)): [3520, 1057, 730, 410, 175, 72, 45, 15, 7, 0, 1, 1]
(0, (1, 0, 0), (0, 1)): [168, 45, 46, 21, 10, 4, 2, 2]
(0, (1, 0, 0), (0, 2)): [61, 14, 12, 9, 2, 1, 2]
(0, (1, 0, 0), (1, 0)): [165, 46, 42, 20, 6, 4, 2, 1, 0, 0, 1]
(0, (1, 0, 0), (1, 1)): [143, 37, 33, 14, 6, 3, 2, 1]
(0, (1, 0, 0), (1, 2)): [88, 23, 14, 10, 4, 2, 2]
(0, (1, 0, 0), (2, 0)): [50, 11, 13, 7, 2, 1, 0, 1, 0, 0, 1]
(0, (1, 0, 0), (2, 1)): [73, 22, 17, 10, 0, 2]
(0, (1, 0, 0), (2, 2)): [65, 17, 9, 10, 2, 2]
(0, (1, 0, 0), (3, 0)): [13, 2, 4, 1, 2, 0, 0, 1, 0, 0, 1]
(0, (1, 0, 0), (3, 1)): [28, 5, 7, 4, 2, 0, 0, 1, 0, 0, 1]
(0, (1, 0, 0), (3, 2)): [37, 8, 9, 4, 3]
(0, (1, 0, 1), (0, 0)): [75, 211, 96, 70, 32, 10, 11, 2, 1, 1, 1]
(0, (1, 0, 1), (0, 1)): [2, 10, 4, 2, 0, 0, 1]
(0, (1, 0, 1), (0, 2)): [2, 5, 1, 1]
(0, (1, 0, 1), (1, 0)): [6, 13, 14, 1, 1, 0, 1, 0, 0, 1, 1]
(0, (1, 0, 1), (1, 1)): [3, 7, 6, 1, 0, 0, 1, 0, 0, 0, 1]
(0, (1, 0, 1), (1, 2)): [4, 4, 2]
(0, (1, 0, 1), (2, 0)): [2, 3, 5, 0, 0, 0, 0, 0, 0, 1]
(0, (1, 0, 1), (2, 1)): [1, 3, 5, 1, 0, 0, 0, 0, 0, 0, 1]
(0, (1, 0, 1), (2, 2)): [2, 5, 2, 0, 0, 0, 0, 0, 0, 0, 1]
(0, (1, 0, 1), (3, 0)): [2, 1, 2]
(0, (1, 0, 1), (3, 1)): [1, 1, 2]
(0, (1, 0, 1), (3, 2)): [0, 3, 3, 0, 0, 0, 0, 0, 0, 0, 1]
(0, (1, 1, 0), (0, 0)): [547, 323, 222, 177, 81, 43, 28, 9, 5, 0, 1, 1]
(0, (1, 1, 0), (0, 1)): [28, 16, 11, 9, 2, 2]
(0, (1, 1, 0), (0, 2)): [12, 3, 2, 2, 1]
(0, (1, 1, 0), (1, 0)): [23, 8, 11, 7, 2, 3, 1, 2]
(0, (1, 1, 0), (1, 1)): [18, 9, 10, 5, 1, 2, 0, 1]
(0, (1, 1, 0), (1, 2)): [12, 5, 4, 1]
(0, (1, 1, 0), (2, 0)): [6, 1, 5, 4, 2, 3, 0, 1]
(0, (1, 1, 0), (2, 1)): [9, 3, 7, 2, 0, 4, 0, 1]
(0, (1, 1, 0), (2, 2)): [5, 3, 5, 2, 0, 1, 0, 1]
(0, (1, 1, 0), (3, 0)): [2, 1, 3, 1, 1]
(0, (1, 1, 0), (3, 1)): [1, 1, 7, 2, 1, 2]
(0, (1, 1, 0), (3, 2)): [1, 1, 8, 1, 1, 1, 0, 1]
(0, (1, 1, 1), (0, 0)): [62, 89, 86, 54, 35, 18, 18, 6, 3, 0, 1]
(0, (1, 1, 1), (0, 1)): [5, 2, 3, 1, 1, 3, 0, 0, 1]
(0, (1, 1, 1), (0, 2)): [4, 0, 0, 1, 1]
(0, (1, 1, 1), (1, 0)): [3, 6, 10, 4, 0, 0, 0, 1]
(0, (1, 1, 1), (1, 1)): [1, 3, 8, 1, 0, 1, 0, 1, 1]
(0, (1, 1, 1), (1, 2)): [3, 1, 1, 1, 0, 0, 0, 0, 1]
(0, (1, 1, 1), (2, 0)): [2, 5, 1, 2]
(0, (1, 1, 1), (2, 1)): [3, 2, 3, 0, 0, 1]
(0, (1, 1, 1), (2, 2)): [1, 2, 2, 0, 0, 0, 0, 0, 1]
(0, (1, 1, 1), (3, 0)): [0, 3, 1, 2]
(0, (1, 1, 1), (3, 1)): [1, 3, 0, 1]
(0, (1, 1, 1), (3, 2)): [1, 2, 0, 1, 0, 0, 0, 0, 1]
(1, (0, 0, 0), (0, 0)): [13170, 1470, 647, 237, 101, 38, 19, 2, 2]
(1, (0, 0, 0), (0, 1)): [713, 77, 43, 14, 5, 0, 2]
(1, (0, 0, 0), (0, 2)): [256, 22, 15, 5, 1]
(1, (0, 0, 0), (1, 0)): [738, 103, 45, 22, 9, 2, 3]
(1, (0, 0, 0), (1, 1)): [658, 74, 42, 12, 5, 1, 4]
(1, (0, 0, 0), (1, 2)): [398, 31, 23, 7, 2, 0, 2]
(1, (0, 0, 0), (2, 0)): [238, 38, 14, 7, 3, 0, 1]
(1, (0, 0, 0), (2, 1)): [360, 45, 24, 7, 3, 1, 2]
(1, (0, 0, 0), (2, 2)): [338, 29, 21, 8, 3, 1, 2]
(1, (0, 0, 0), (3, 0)): [81, 18, 8, 5, 0, 0, 1]
(1, (0, 0, 0), (3, 1)): [161, 32, 16, 8, 1]
(1, (0, 0, 0), (3, 2)): [227, 27, 15, 4, 3, 1, 2]
(1, (0, 0, 1), (0, 0)): [293, 355, 80, 39, 16, 7, 1, 1]
(1, (0, 0, 1), (0, 1)): [19, 19, 5, 2, 1, 1]
(1, (0, 0, 1), (0, 2)): [9, 8, 1, 1, 1]
(1, (0, 0, 1), (1, 0)): [17, 20, 5, 3, 1]
(1, (0, 0, 1), (1, 1)): [15, 21, 3, 0, 0, 1]
(1, (0, 0, 1), (1, 2)): [12, 14, 1, 0, 1]
(1, (0, 0, 1), (2, 0)): [9, 7, 3, 2, 1]
(1, (0, 0, 1), (2, 1)): [8, 16, 2]
(1, (0, 0, 1), (2, 2)): [8, 9]
(1, (0, 0, 1), (3, 0)): [5, 1, 2, 2, 1]
(1, (0, 0, 1), (3, 1)): [6, 3, 1, 1]
(1, (0, 0, 1), (3, 2)): [6, 6]
(1, (0, 1, 0), (0, 0)): [1502, 652, 258, 121, 47, 21, 6, 1]
(1, (0, 1, 0), (0, 1)): [79, 38, 15, 7, 2, 0, 1]
(1, (0, 1, 0), (0, 2)): [31, 12, 5, 2, 1]
(1, (0, 1, 0), (1, 0)): [82, 45, 21, 17, 6, 2]
(1, (0, 1, 0), (1, 1)): [59, 33, 15, 6, 2, 0, 1]
(1, (0, 1, 0), (1, 2)): [43, 20, 6, 3, 1, 0, 1]
(1, (0, 1, 0), (2, 0)): [36, 18, 9, 12, 2, 2]
(1, (0, 1, 0), (2, 1)): [35, 17, 11, 7, 3]
(1, (0, 1, 0), (2, 2)): [34, 16, 7, 4]
(1, (0, 1, 0), (3, 0)): [15, 10, 5, 8, 1, 2]
(1, (0, 1, 0), (3, 1)): [11, 11, 5, 3, 2]
(1, (0, 1, 0), (3, 2)): [16, 8, 9, 5, 1]
(1, (0, 1, 1), (0, 0)): [255, 205, 173, 73, 46, 17, 13, 4]
(1, (0, 1, 1), (0, 1)): [8, 8, 5, 1, 2]
(1, (0, 1, 1), (0, 2)): [5, 3, 3, 1, 1]
(1, (0, 1, 1), (1, 0)): [22, 18, 10, 3, 4, 2, 1, 1]
(1, (0, 1, 1), (1, 1)): [9, 7, 5, 1, 2]
(1, (0, 1, 1), (1, 2)): [6, 5, 3, 2, 2]
(1, (0, 1, 1), (2, 0)): [15, 14, 2, 2, 3, 1, 1, 1]
(1, (0, 1, 1), (2, 1)): [4, 7, 2, 0, 1, 0, 1]
(1, (0, 1, 1), (2, 2)): [1, 4, 4, 0, 2]
(1, (0, 1, 1), (3, 0)): [14, 11, 2, 2, 3, 1, 0, 1]
(1, (0, 1, 1), (3, 1)): [4, 4, 0, 0, 0, 0, 1]
(1, (0, 1, 1), (3, 2)): [2, 4, 1]
(1, (1, 0, 0), (0, 0)): [5120, 818, 605, 248, 118, 46, 19, 3, 3]
(1, (1, 0, 0), (0, 1)): [251, 39, 40, 13, 6, 1]
(1, (1, 0, 0), (0, 2)): [89, 12, 14, 1, 0, 1]
(1, (1, 0, 0), (1, 0)): [255, 51, 39, 21, 10, 3, 3]
(1, (1, 0, 0), (1, 1)): [217, 34, 34, 19, 3, 0, 2]
(1, (1, 0, 0), (1, 2)): [138, 23, 14, 4, 1, 0, 1]
(1, (1, 0, 0), (2, 0)): [82, 20, 10, 7, 4, 3, 1]
(1, (1, 0, 0), (2, 1)): [112, 16, 18, 13, 1, 1, 1]
(1, (1, 0, 0), (2, 2)): [114, 15, 11, 8, 1]
(1, (1, 0, 0), (3, 0)): [14, 6, 4, 3, 3, 2]
(1, (1, 0, 0), (3, 1)): [39, 11, 8, 5, 2, 1, 1]
(1, (1, 0, 0), (3, 2)): [54, 9, 11, 4, 2, 1, 1]
(1, (1, 0, 1), (0, 0)): [326, 431, 129, 84, 37, 17, 2, 2]
(1, (1, 0, 1), (0, 1)): [16, 11, 10, 3, 2]
(1, (1, 0, 1), (0, 2)): [5, 2, 4, 1, 1]
(1, (1, 0, 1), (1, 0)): [19, 18, 6, 3, 5, 1]
(1, (1, 0, 1), (1, 1)): [18, 9, 9, 4]
(1, (1, 0, 1), (1, 2)): [10, 5, 6, 2]
(1, (1, 0, 1), (2, 0)): [9, 5, 1, 0, 4, 1]
(1, (1, 0, 1), (2, 1)): [8, 8, 4, 1, 1]
(1, (1, 0, 1), (2, 2)): [7, 6, 6, 1]
(1, (1, 0, 1), (3, 0)): [4, 2, 0, 0, 2, 1]
(1, (1, 0, 1), (3, 1)): [6, 3, 0, 0, 1]
(1, (1, 0, 1), (3, 2)): [5, 4, 2, 1]
(1, (1, 1, 0), (0, 0)): [1505, 451, 310, 234, 104, 44, 9, 5, 4, 1]
(1, (1, 1, 0), (0, 1)): [64, 21, 10, 15, 6, 3]
(1, (1, 1, 0), (0, 2)): [32, 9, 4, 8, 2, 1]
(1, (1, 1, 0), (1, 0)): [53, 23, 15, 12, 4, 3, 1]
(1, (1, 1, 0), (1, 1)): [44, 14, 8, 7, 6, 2, 1]
(1, (1, 1, 0), (1, 2)): [36, 7, 6, 7, 3, 1, 1]
(1, (1, 1, 0), (2, 0)): [11, 10, 6, 7, 0, 1]
(1, (1, 1, 0), (2, 1)): [16, 11, 5, 7, 2, 3]
(1, (1, 1, 0), (2, 2)): [20, 5, 6, 5, 3, 3, 1]
(1, (1, 1, 0), (3, 0)): [5, 7, 1, 2]
(1, (1, 1, 0), (3, 1)): [7, 11, 4, 3, 1]
(1, (1, 1, 0), (3, 2)): [10, 6, 3, 3, 2, 2, 1]
(1, (1, 1, 1), (0, 0)): [330, 266, 144, 94, 91, 37, 16, 1]
(1, (1, 1, 1), (0, 1)): [24, 10, 2, 2, 4, 2]
(1, (1, 1, 1), (0, 2)): [7, 4, 0, 0, 1]
(1, (1, 1, 1), (1, 0)): [15, 13, 2, 4, 2, 2, 2]
(1, (1, 1, 1), (1, 1)): [19, 4, 2, 1, 4, 2]
(1, (1, 1, 1), (1, 2)): [9, 3, 0, 0, 2, 2]
(1, (1, 1, 1), (2, 0)): [2, 6, 1, 2, 0, 1, 2]
(1, (1, 1, 1), (2, 1)): [7, 4, 1, 2, 2, 0, 2]
(1, (1, 1, 1), (2, 2)): [8, 3, 1, 1, 2, 1]
(1, (1, 1, 1), (3, 0)): [1, 2, 0, 1, 0, 1]
(1, (1, 1, 1), (3, 1)): [2, 2, 0, 2, 1, 0, 1]
(1, (1, 1, 1), (3, 2)): [5, 0, 0, 0, 1]
(2, (0, 0, 0), (0, 0)): [11348, 566, 202, 64, 21, 6, 5, 2]
(2, (0, 0, 0), (0, 1)): [618, 32, 10, 4, 2, 0, 2]
(2, (0, 0, 0), (0, 2)): [212, 9, 2, 0, 1]
(2, (0, 0, 0), (1, 0)): [662, 25, 18, 1, 3, 0, 1]
(2, (0, 0, 0), (1, 1)): [581, 27, 12, 3, 2, 0, 3]
(2, (0, 0, 0), (1, 2)): [355, 13, 4, 0, 2]
(2, (0, 0, 0), (2, 0)): [227, 10, 9, 1, 2]
(2, (0, 0, 0), (2, 1)): [321, 13, 7, 3, 0, 0, 2]
(2, (0, 0, 0), (2, 2)): [279, 11, 3, 1, 1]
(2, (0, 0, 0), (3, 0)): [66, 5, 6, 0, 2]
(2, (0, 0, 0), (3, 1)): [145, 6, 4, 2, 1, 0, 2]
(2, (0, 0, 0), (3, 2)): [189, 6, 4, 2]
(2, (0, 0, 1), (0, 0)): [835, 260, 42, 18, 5, 3, 2]
(2, (0, 0, 1), (0, 1)): [59, 19, 1, 3, 1]
(2, (0, 0, 1), (0, 2)): [19, 5]
(2, (0, 0, 1), (1, 0)): [48, 11, 5]
(2, (0, 0, 1), (1, 1)): [56, 12, 1, 1, 1]
(2, (0, 0, 1), (1, 2)): [40, 3, 1, 1]
(2, (0, 0, 1), (2, 0)): [18, 6, 4]
(2, (0, 0, 1), (2, 1)): [20, 8, 4, 0, 1]
(2, (0, 0, 1), (2, 2)): [33, 5, 1]
(2, (0, 0, 1), (3, 0)): [11, 1]
(2, (0, 0, 1), (3, 1)): [10, 5, 2, 0, 1]
(2, (0, 0, 1), (3, 2)): [19, 6, 2]
(2, (0, 1, 0), (0, 0)): [2510, 509, 139, 55, 15, 4, 5]
(2, (0, 1, 0), (0, 1)): [147, 24, 8, 3]
(2, (0, 1, 0), (0, 2)): [58, 9, 1, 2]
(2, (0, 1, 0), (1, 0)): [176, 28, 19, 2, 1, 0, 2]
(2, (0, 1, 0), (1, 1)): [129, 22, 12, 1, 0, 0, 1]
(2, (0, 1, 0), (1, 2)): [95, 11, 3, 2]
(2, (0, 1, 0), (2, 0)): [78, 8, 7, 1, 1, 0, 1]
(2, (0, 1, 0), (2, 1)): [73, 12, 5, 1, 1, 0, 2]
(2, (0, 1, 0), (2, 2)): [69, 11, 5, 1, 1]
(2, (0, 1, 0), (3, 0)): [39, 1, 3, 1]
(2, (0, 1, 0), (3, 1)): [29, 2, 0, 0, 0, 0, 1]
(2, (0, 1, 0), (3, 2)): [52, 5, 3, 0, 1]
(2, (0, 1, 1), (0, 0)): [553, 46, 125, 36, 10, 5, 2]
(2, (0, 1, 1), (0, 1)): [26, 1, 4, 3]
(2, (0, 1, 1), (0, 2)): [13, 0, 1]
(2, (0, 1, 1), (1, 0)): [24, 6, 6, 3, 1, 0, 1]
(2, (0, 1, 1), (1, 1)): [18, 2, 4, 1]
(2, (0, 1, 1), (1, 2)): [14, 1, 2]
(2, (0, 1, 1), (2, 0)): [11, 2, 3, 1, 1]
(2, (0, 1, 1), (2, 1)): [8, 1, 3]
(2, (0, 1, 1), (2, 2)): [17, 1, 2]
(2, (0, 1, 1), (3, 0)): [7, 1, 1, 1, 1]
(2, (0, 1, 1), (3, 1)): [4, 0, 2]
(2, (0, 1, 1), (3, 2)): [10, 1, 2]
(2, (1, 0, 0), (0, 0)): [6151, 426, 330, 97, 32, 11, 6, 2]
(2, (1, 0, 0), (0, 1)): [322, 14, 22, 4, 2, 0, 1]
(2, (1, 0, 0), (0, 2)): [100, 4, 3, 1]
(2, (1, 0, 0), (1, 0)): [323, 26, 23, 7, 5, 0, 1]
(2, (1, 0, 0), (1, 1)): [274, 16, 20, 6, 3, 0, 1]
(2, (1, 0, 0), (1, 2)): [168, 8, 7, 1]
(2, (1, 0, 0), (2, 0)): [123, 10, 9, 3, 1]
(2, (1, 0, 0), (2, 1)): [119, 9, 11, 5, 2, 0, 1]
(2, (1, 0, 0), (2, 2)): [118, 6, 7, 2, 1, 0, 1]
(2, (1, 0, 0), (3, 0)): [50, 3, 4, 1, 1]
(2, (1, 0, 0), (3, 1)): [74, 6, 6, 4]
(2, (1, 0, 0), (3, 2)): [71, 5, 7, 1, 1, 0, 1]
(2, (1, 0, 1), (0, 0)): [855, 201, 73, 60, 24, 7, 4]
(2, (1, 0, 1), (0, 1)): [50, 3, 5, 2]
(2, (1, 0, 1), (0, 2)): [21, 2, 4]
(2, (1, 0, 1), (1, 0)): [38, 15, 3, 5, 2, 2, 1]
(2, (1, 0, 1), (1, 1)): [29, 6, 2, 2, 2, 1, 1]
(2, (1, 0, 1), (1, 2)): [24, 4, 4, 0, 1, 1]
(2, (1, 0, 1), (2, 0)): [15, 5, 2, 1, 0, 1]
(2, (1, 0, 1), (2, 1)): [13, 5, 1, 1, 1]
(2, (1, 0, 1), (2, 2)): [23, 4, 3, 0, 0, 1]
(2, (1, 0, 1), (3, 0)): [3, 1, 1]
(2, (1, 0, 1), (3, 1)): [3, 2, 1, 0, 1]
(2, (1, 0, 1), (3, 2)): [7, 4, 2, 0, 0, 1]
(2, (1, 1, 0), (0, 0)): [2756, 432, 206, 166, 48, 13, 8, 3]
(2, (1, 1, 0), (0, 1)): [132, 19, 10, 5, 4, 0, 1]
(2, (1, 1, 0), (0, 2)): [45, 7, 1, 2, 2, 0, 1]
(2, (1, 1, 0), (1, 0)): [121, 16, 13, 8, 5, 0, 1]
(2, (1, 1, 0), (1, 1)): [117, 12, 9, 4, 1]
(2, (1, 1, 0), (1, 2)): [74, 9, 3, 2, 1, 0, 1]
(2, (1, 1, 0), (2, 0)): [40, 9, 8, 4, 2]
(2, (1, 1, 0), (2, 1)): [62, 11, 8, 3, 2]
(2, (1, 1, 0), (2, 2)): [53, 7, 4, 3, 1, 0, 1]
(2, (1, 1, 0), (3, 0)): [13, 4, 2, 2]
(2, (1, 1, 0), (3, 1)): [27, 8, 4, 2, 1]
(2, (1, 1, 0), (3, 2)): [27, 7, 4, 3, 1]
(2, (1, 1, 1), (0, 0)): [741, 121, 117, 78, 46, 12, 6, 2]
(2, (1, 1, 1), (0, 1)): [40, 6, 3, 4, 1]
(2, (1, 1, 1), (0, 2)): [12, 3, 2]
(2, (1, 1, 1), (1, 0)): [33, 14, 5, 3, 2]
(2, (1, 1, 1), (1, 1)): [32, 3, 5, 4, 1]
(2, (1, 1, 1), (1, 2)): [22, 3, 2]
(2, (1, 1, 1), (2, 0)): [11, 10, 1, 0, 2]
(2, (1, 1, 1), (2, 1)): [18, 2, 3, 1, 2]
(2, (1, 1, 1), (2, 2)): [15, 4, 3, 0, 1]
(2, (1, 1, 1), (3, 0)): [1, 10, 1, 0, 1]
(2, (1, 1, 1), (3, 1)): [5, 6, 1, 1, 2]
(2, (1, 1, 1), (3, 2)): [4, 7, 1, 1, 1]
