(0, (0, 0, 0), (0, 0)): [27014, 5117, 2242, 1089, 458, 199, 77, 40, 10, 9, 1]
(0, (0, 0, 0), (0, 1)): [78, 17, 11, 6, 1]
(0, (0, 0, 0), (0, 2)): [11, 2, 3, 2]
(0, (0, 0, 0), (1, 0)): [34, 11, 3, 2, 1]
(0, (0, 0, 0), (1, 1)): [34, 10, 3, 4, 2]
(0, (0, 0, 0), (1, 2)): [22, 8, 1, 2, 1]
(0, (0, 0, 1), (0, 0)): [108, 259, 78, 40, 13, 2, 2, 2]
(0, (0, 0, 1), (0, 1)): [0, 1]
(0, (0, 0, 1), (1, 1)): [0, 1]
(0, (0, 1, 0), (0, 0)): [1016, 836, 310, 141, 73, 35, 10, 7, 2, 2]
(0, (0, 1, 0), (0, 1)): [4, 4, 1]
(0, (0, 1, 0), (0, 2)): [0, 0, 1]
(0, (0, 1, 0), (1, 0)): [3, 3, 1]
(0, (0, 1, 0), (1, 1)): [2, 3]
(0, (0, 1, 0), (1, 2)): [2, 3]
(0, (0, 1, 1), (0, 0)): [100, 143, 129, 68, 44, 22, 8, 3, 2]
(0, (0, 1, 1), (0, 1)): [0, 1, 3]
(0, (0, 1, 1), (0, 2)): [0, 0, 1]
(0, (0, 1, 1), (1, 0)): [1]
(0, (0, 1, 1), (1, 1)): [1, 0, 1]
(0, (0, 1, 1), (1, 2)): [1]
(0, (1, 0, 0), (0, 0)): [5732, 1840, 1109, 567, 262, 112, 51, 22, 8, 3]
(0, (1, 0, 0), (0, 1)): [18, 5, 7, 3, 1]
(0, (1, 0, 0), (0, 2)): [1, 0, 2]
(0, (1, 0, 0), (1, 0)): [13, 2, 0, 1, 1]
(0, (1, 0, 0), (1, 1)): [11, 0, 2, 2, 2]
(0, (1, 0, 0), (1, 2)): [8, 0, 0, 1, 1]
(0, (1, 0, 1), (0, 0)): [158, 384, 142, 110, 61, 27, 10, 7, 1, 1]
(0, (1, 0, 1), (0, 1)): [1, 2, 1, 1]
(0, (1, 0, 1), (1, 0)): [0, 0, 0, 1]
(0, (1, 0, 1), (1, 1)): [0, 0, 0, 1]
(0, (1, 0, 1), (1, 2)): [0, 0, 0, 1]
(0, (1, 1, 0), (0, 0)): [826, 496, 366, 260, 127, 66, 28, 13, 3, 1]
(0, (1, 1, 0), (0, 1)): [2, 1, 1, 1]
(0, (1, 1, 0), (0, 2)): [0, 1, 1]
(0, (1, 1, 0), (1, 0)): [0, 1, 0, 0, 1]
(0, (1, 1, 0), (1, 1)): [0, 0, 0, 1, 1]
(0, (1, 1, 0), (1, 2)): [0, 0, 0, 0, 1]
(0, (1, 1, 1), (0, 0)): [86, 115, 124, 66, 62, 31, 13, 11, 2, 1]
(0, (1, 1, 1), (0, 1)): [0, 0, 1]
(0, (1, 1, 1), (0, 2)): [0, 0, 1]
(1, (0, 0, 0), (0, 0)): [22054, 2248, 904, 392, 157, 69, 21, 9, 1, 3, 1]
(1, (0, 0, 0), (0, 1)): [63, 10, 4, 3]
(1, (0, 0, 0), (0, 2)): [12, 2, 2, 2]
(1, (0, 0, 0), (1, 0)): [25, 6, 2, 1]
(1, (0, 0, 0), (1, 1)): [26, 6, 1, 2]
(1, (0, 0, 0), (1, 2)): [16, 5, 1, 1]
(1, (0, 0, 1), (0, 0)): [580, 687, 140, 65, 32, 11, 3, 1, 0, 1]
(1, (0, 0, 1), (0, 1)): [1, 4]
(1, (0, 0, 1), (1, 0)): [1, 2]
(1, (0, 0, 1), (1, 1)): [0, 4]
(1, (0, 0, 1), (1, 2)): [0, 2]
(1, (0, 1, 0), (0, 0)): [2883, 1164, 439, 182, 77, 28, 10, 4, 2]
(1, (0, 1, 0), (0, 1)): [10, 5, 2, 1]
(1, (0, 1, 0), (0, 2)): [1, 1]
(1, (0, 1, 0), (1, 0)): [6, 2, 1]
(1, (0, 1, 0), (1, 1)): [5, 3, 1, 1]
(1, (0, 1, 0), (1, 2)): [5, 2]
(1, (0, 1, 1), (0, 0)): [480, 323, 269, 132, 58, 29, 9, 6]
(1, (0, 1, 1), (0, 1)): [2, 1, 3, 1]
(1, (0, 1, 1), (0, 2)): [0, 0, 1, 1]
(1, (0, 1, 1), (1, 0)): [1, 0, 0, 1]
(1, (0, 1, 1), (1, 1)): [1, 0, 1, 1]
(1, (0, 1, 1), (1, 2)): [1, 0, 0, 1]
(1, (1, 0, 0), (0, 0)): [8247, 1302, 828, 390, 163, 64, 25, 13, 3, 3]
(1, (1, 0, 0), (0, 1)): [24, 2, 4, 2]
(1, (1, 0, 0), (0, 2)): [4, 1, 2, 1]
(1, (1, 0, 0), (1, 0)): [11, 1, 1]
(1, (1, 0, 0), (1, 1)): [11, 1, 2]
(1, (1, 0, 0), (1, 2)): [7, 1]
(1, (1, 0, 1), (0, 0)): [679, 702, 212, 147, 66, 18, 14, 3]
(1, (1, 0, 1), (0, 1)): [2, 4, 2]
(1, (1, 0, 1), (0, 2)): [1, 2]
(1, (1, 0, 1), (1, 0)): [1, 1]
(1, (1, 0, 1), (1, 1)): [1, 1, 1]
(1, (1, 1, 0), (0, 0)): [2353, 637, 411, 319, 129, 54, 16, 11, 4, 3]
(1, (1, 1, 0), (0, 1)): [8, 3, 0, 1]
(1, (1, 1, 0), (0, 2)): [3, 2]
(1, (1, 1, 0), (1, 0)): [0, 0, 0, 1, 1]
(1, (1, 1, 0), (1, 1)): [1, 1, 0, 1, 1]
(1, (1, 1, 0), (1, 2)): [0, 0, 0, 1, 1]
(1, (1, 1, 1), (0, 0)): [512, 325, 231, 134, 120, 54, 15, 10, 1, 1]
(1, (1, 1, 1), (0, 1)): [0, 0, 1]
(1, (1, 1, 1), (1, 0)): [1, 0, 0, 0, 1]
(1, (1, 1, 1), (1, 1)): [1, 0, 0, 0, 1]
(1, (1, 1, 1), (1, 2)): [1, 0, 0, 0, 1]
(2, (0, 0, 0), (0, 0)): [19099, 841, 280, 111, 29, 9, 1, 0, 0, 0, 1]
(2, (0, 0, 0), (0, 1)): [60, 6, 3]
(2, (0, 0, 0), (0, 2)): [10]
(2, (0, 0, 0), (1, 0)): [28, 3, 1, 1]
(2, (0, 0, 0), (1, 1)): [29, 2, 1, 1]
(2, (0, 0, 0), (1, 2)): [19, 2, 1, 1]
(2, (0, 0, 1), (0, 0)): [1568, 473, 89, 34, 14, 5]
(2, (0, 0, 1), (0, 1)): [7]
(2, (0, 0, 1), (1, 0)): [3]
(2, (0, 0, 1), (1, 1)): [2]
(2, (0, 0, 1), (1, 2)): [2]
(2, (0, 1, 0), (0, 0)): [4351, 857, 263, 91, 29, 10, 2, 1]
(2, (0, 1, 0), (0, 1)): [16, 4, 1]
(2, (0, 1, 0), (0, 2)): [3]
(2, (0, 1, 0), (1, 0)): [9, 3, 1, 1]
(2, (0, 1, 0), (1, 1)): [8, 4, 0, 1]
(2, (0, 1, 0), (1, 2)): [7, 3, 0, 1]
(2, (0, 1, 1), (0, 0)): [970, 70, 185, 70, 22, 10, 2]
(2, (0, 1, 1), (0, 1)): [3, 0, 1]
(2, (0, 1, 1), (0, 2)): [0, 0, 1]
(2, (0, 1, 1), (1, 0)): [2, 0, 0, 1]
(2, (0, 1, 1), (1, 1)): [1, 0, 0, 1]
(2, (0, 1, 1), (1, 2)): [1, 0, 0, 1]
(2, (1, 0, 0), (0, 0)): [9864, 624, 447, 179, 44, 13, 5, 1, 0, 0, 1]
(2, (1, 0, 0), (0, 1)): [31, 1, 2]
(2, (1, 0, 0), (0, 2)): [4]
(2, (1, 0, 0), (1, 0)): [13, 2, 1]
(2, (1, 0, 0), (1, 1)): [12, 1, 1]
(2, (1, 0, 0), (1, 2)): [8, 1, 1]
(2, (1, 0, 1), (0, 0)): [1747, 394, 136, 101, 32, 15, 2, 1]
(2, (1, 0, 1), (0, 1)): [5, 1]
(2, (1, 0, 1), (0, 2)): [2]
(2, (1, 0, 1), (1, 0)): [2]
(2, (1, 0, 1), (1, 1)): [2]
(2, (1, 1, 0), (0, 0)): [4021, 536, 279, 235, 69, 14, 8, 2, 1, 1, 1]
(2, (1, 1, 0), (0, 1)): [11, 1, 1]
(2, (1, 1, 0), (0, 2)): [2, 1]
(2, (1, 1, 0), (1, 0)): [4, 1, 0, 1]
(2, (1, 1, 0), (1, 1)): [4, 0, 0, 1]
(2, (1, 1, 0), (1, 2)): [3, 0, 0, 1]
(2, (1, 1, 1), (0, 0)): [1150, 142, 194, 100, 53, 21, 8, 2, 0, 0, 1]
(2, (1, 1, 1), (0, 1)): [6, 1, 1]
(2, (1, 1, 1), (0, 2)): [2, 1]
(2, (1, 1, 1), (1, 0)): [2, 0, 1, 1, 1]
(2, (1, 1, 1), (1, 1)): [2, 0, 1, 1, 1]
(2, (1, 1, 1), (1, 2)): [2, 0, 1, 1, 1]
