(0, (0, 0, 0)): [472200, 96491, 45401, 21038, 9565, 4233, 1742, 749, 311, 160, 63, 26, 16, 4, 2]
(0, (0, 0, 1)): [2112, 7069, 1970, 937, 483, 193, 94, 51, 22, 10, 2, 1, 3]
(0, (0, 1, 0)): [15331, 15876, 6107, 2879, 1483, 671, 275, 127, 54, 34, 11, 4, 2]
(0, (0, 1, 1)): [1374, 2502, 3260, 1473, 795, 384, 162, 72, 39, 13, 5, 3, 0, 1, 1]
(0, (1, 0, 0)): [104977, 37019, 23133, 11601, 5571, 2541, 1074, 468, 197, 107, 44, 17, 10, 3, 2]
(0, (1, 0, 1)): [2424, 7981, 3414, 2307, 1257, 591, 306, 122, 56, 25, 9, 8, 3, 0, 1]
(0, (1, 1, 0)): [13938, 9374, 7733, 5243, 2857, 1315, 589, 290, 118, 56, 29, 9, 4, 1]
(0, (1, 1, 1)): [1407, 2652, 2295, 1858, 1452, 720, 333, 168, 75, 33, 21, 7, 0, 1, 1]
(1, (0, 0, 0)): [374252, 40987, 16997, 6850, 2729, 1105, 425, 170, 68, 25, 10, 6, 2, 1]
(1, (0, 0, 1)): [11545, 18261, 3580, 1504, 646, 263, 109, 54, 23, 10, 6, 4, 3, 1]
(1, (0, 1, 0)): [53781, 26620, 9111, 3792, 1581, 652, 237, 109, 27, 24, 7, 5, 4]
(1, (0, 1, 1)): [9175, 8041, 7931, 3117, 1480, 605, 230, 101, 50, 16, 7, 4, 1, 1]
(1, (1, 0, 0)): [153365, 29122, 17580, 7779, 3071, 1315, 493, 186, 87, 38, 14, 11, 2, 2]
(1, (1, 0, 1)): [12018, 15793, 5368, 3386, 1432, 643, 236, 88, 32, 26, 9, 2]
(1, (1, 1, 0)): [40492, 13034, 9416, 6236, 2704, 1189, 470, 180, 76, 34, 11, 6, 2, 3]
(1, (1, 1, 1)): [8175, 6831, 4442, 3121, 2116, 960, 392, 153, 67, 25, 11, 6, 2, 1]
(2, (0, 0, 0)): [320374, 13892, 4790, 1487, 544, 205, 67, 27, 7, 2, 2]
(2, (0, 0, 1)): [35332, 11732, 2140, 722, 249, 104, 35, 9, 1, 2, 0, 1]
(2, (0, 1, 0)): [87335, 20505, 4981, 1710, 569, 206, 61, 17, 6, 1]
(2, (0, 1, 1)): [21608, 1917, 5196, 1385, 508, 180, 61, 23, 10, 3, 1]
(2, (1, 0, 0)): [188135, 14663, 8294, 2721, 923, 295, 114, 42, 12, 3, 3]
(2, (1, 0, 1)): [31772, 8519, 3651, 1917, 593, 236, 75, 29, 11, 2, 0, 1]
(2, (1, 1, 0)): [68543, 11017, 5910, 3512, 1157, 406, 121, 43, 17, 6, 4, 0, 0, 1]
(2, (1, 1, 1)): [20219, 3069, 3509, 1857, 1227, 423, 134, 52, 22, 5, 4, 0, 0, 1]
