(0, (0, 0, 0), (0, 0)): [65025, 12165, 5301, 2362, 1038, 413, 169, 64, 26, 14, 4, 0, 0, 0, 1]
(0, (0, 0, 1), (0, 0)): [342, 988, 303, 132, 57, 23, 16, 5, 2]
(0, (0, 1, 0), (0, 0)): [1918, 1949, 656, 323, 161, 64, 23, 9, 5, 3, 1]
(0, (0, 1, 1), (0, 0)): [160, 314, 358, 178, 81, 37, 17, 6, 2, 0, 0, 0, 0, 0, 1]
(0, (1, 0, 0), (0, 0)): [14388, 5059, 2771, 1401, 617, 253, 109, 42, 18, 7, 4, 0, 0, 0, 1]
(0, (1, 0, 1), (0, 0)): [326, 855, 380, 269, 129, 56, 28, 12, 6, 1]
(0, (1, 1, 0), (0, 0)): [1740, 1191, 967, 614, 336, 140, 61, 22, 10, 5, 4]
(0, (1, 1, 1), (0, 0)): [197, 349, 295, 245, 181, 79, 36, 21, 9, 5, 4, 0, 0, 0, 1]
(1, (0, 0, 0), (0, 0)): [51159, 4991, 1952, 694, 291, 111, 32, 16, 4, 5]
(1, (0, 0, 1), (0, 0)): [1886, 2757, 535, 204, 88, 29, 8, 6, 2, 0, 0, 1]
(1, (0, 1, 0), (0, 0)): [8099, 3811, 1206, 464, 182, 58, 24, 11, 2]
(1, (0, 1, 1), (0, 0)): [1316, 1100, 1146, 426, 174, 65, 27, 7, 3, 0, 1]
(1, (1, 0, 0), (0, 0)): [20320, 3730, 2005, 861, 310, 136, 41, 21, 3, 5, 1]
(1, (1, 0, 1), (0, 0)): [1482, 1901, 695, 399, 165, 63, 27, 12, 2, 3]
(1, (1, 1, 0), (0, 0)): [4896, 1595, 1093, 700, 272, 117, 35, 12, 5, 3, 0, 0, 0, 1]
(1, (1, 1, 1), (0, 0)): [911, 796, 487, 354, 213, 101, 27, 11, 4, 1]
(2, (0, 0, 0), (0, 0)): [43733, 1584, 510, 136, 56, 18, 5, 3, 1, 1]
(2, (0, 0, 1), (0, 0)): [5651, 1902, 314, 78, 34, 10, 5]
(2, (0, 1, 0), (0, 0)): [13031, 2814, 657, 209, 58, 20, 3, 3, 0, 1]
(2, (0, 1, 1), (0, 0)): [3393, 312, 776, 198, 57, 19, 7, 1, 1]
(2, (1, 0, 0), (0, 0)): [24576, 1848, 855, 255, 89, 27, 9, 6, 2]
(2, (1, 0, 1), (0, 0)): [3879, 1113, 520, 189, 51, 21, 6, 3, 1]
(2, (1, 1, 0), (0, 0)): [7526, 1162, 595, 318, 95, 25, 6, 3, 1]
(2, (1, 1, 1), (0, 0)): [2299, 380, 387, 205, 111, 29, 4, 1, 1]
