(0, (0, 0, 0)): [627117, 127254, 60289, 27831, 12698, 5584, 2348, 990, 420, 201, 86, 41, 21, 6, 3, 1, 0, 1]
(0, (0, 0, 1)): [2725, 8772, 2487, 1154, 579, 256, 115, 64, 27, 13, 4, 1, 3, 1]
(0, (0, 1, 0)): [20285, 20255, 7917, 3758, 1894, 863, 356, 155, 69, 42, 15, 5, 2, 0, 1]
(0, (0, 1, 1)): [1822, 3231, 4153, 1880, 1020, 481, 209, 96, 48, 17, 6, 5, 0, 2, 1, 0, 0, 1]
(0, (1, 0, 0)): [139245, 47796, 30317, 15188, 7371, 3364, 1449, 630, 272, 129, 60, 26, 13, 4, 2, 1, 0, 1]
(0, (1, 0, 1)): [3130, 10301, 4286, 2932, 1591, 748, 370, 157, 73, 31, 13, 10, 4, 0, 1, 0, 0, 1]
(0, (1, 1, 0)): [18984, 12609, 10060, 6956, 3821, 1805, 803, 398, 164, 73, 38, 14, 6, 1]
(0, (1, 1, 1)): [1955, 3634, 3081, 2454, 1923, 948, 454, 234, 102, 41, 28, 11, 1, 1, 1]
(1, (0, 0, 0)): [499041, 54771, 22945, 9206, 3695, 1449, 563, 217, 86, 37, 14, 10, 5, 2, 0, 1]
(1, (0, 0, 1)): [14542, 22361, 4420, 1875, 796, 334, 137, 63, 29, 11, 6, 4, 3, 1]
(1, (0, 1, 0)): [69153, 33259, 11641, 4958, 2027, 828, 300, 143, 37, 27, 12, 7, 5, 1, 1]
(1, (0, 1, 1)): [11758, 10154, 9761, 3863, 1928, 786, 311, 127, 69, 18, 8, 4, 1, 2, 0, 1]
(1, (1, 0, 0)): [202325, 37492, 23291, 10198, 4146, 1720, 672, 239, 116, 53, 20, 15, 3, 2, 0, 2]
(1, (1, 0, 1)): [15584, 20163, 6683, 4280, 1830, 801, 295, 121, 50, 38, 12, 3, 0, 1]
(1, (1, 1, 0)): [54918, 17490, 12397, 8431, 3685, 1610, 636, 250, 102, 50, 19, 9, 5, 4, 1]
(1, (1, 1, 1)): [11391, 9307, 6035, 4149, 2966, 1307, 543, 200, 94, 35, 15, 10, 5, 2, 1, 1]
(2, (0, 0, 0)): [428465, 18984, 6603, 2081, 749, 260, 92, 34, 8, 2, 2, 0, 1]
(2, (0, 0, 1)): [43564, 14312, 2679, 911, 332, 127, 43, 11, 1, 2, 0, 1]
(2, (0, 1, 0)): [111927, 25697, 6445, 2268, 735, 258, 85, 19, 6, 1, 1, 0, 1]
(2, (0, 1, 1)): [27089, 2423, 6427, 1699, 652, 220, 80, 32, 11, 4, 2, 1, 0, 1]
(2, (1, 0, 0)): [247587, 18857, 11313, 3637, 1235, 387, 157, 49, 13, 6, 3, 0, 1]
(2, (1, 0, 1)): [40441, 10632, 4463, 2471, 774, 278, 101, 32, 12, 3, 0, 2, 1]
(2, (1, 1, 0)): [94636, 15151, 7928, 4915, 1609, 550, 172, 59, 24, 9, 5, 0, 2, 1]
(2, (1, 1, 1)): [27810, 4222, 4754, 2500, 1684, 579, 184, 68, 29, 6, 5, 0, 1, 1]
