(0, (0, 0, 0), (0, 0)): [10232, 2130, 1050, 470, 221, 110, 37, 18, 7, 5, 4, 2]
(0, (0, 0, 0), (0, 1)): [5433, 1046, 517, 218, 103, 45, 13, 5, 5, 0, 2]
(0, (0, 0, 0), (0, 2)): [2326, 415, 190, 63, 38, 15, 2, 3, 1, 0, 1]
(0, (0, 0, 0), (1, 0)): [3898, 845, 420, 206, 92, 54, 18, 8, 0, 5, 2, 1]
(0, (0, 0, 0), (1, 1)): [4282, 838, 416, 216, 92, 43, 13, 5, 1, 2, 0, 1]
(0, (0, 0, 0), (1, 2)): [3374, 586, 279, 113, 56, 26, 3, 4, 0, 1, 1]
(0, (0, 0, 0), (2, 0)): [1297, 299, 167, 65, 35, 22, 10, 1, 0, 2, 2]
(0, (0, 0, 0), (2, 1)): [2244, 463, 253, 104, 50, 32, 9, 3, 0, 1, 2]
(0, (0, 0, 0), (2, 2)): [2831, 528, 262, 101, 48, 27, 3, 2, 0, 1, 3]
(0, (0, 0, 0), (3, 0)): [320, 93, 60, 26, 15, 5, 3, 0, 0, 1]
(0, (0, 0, 0), (3, 1)): [827, 204, 141, 54, 35, 18, 5, 1, 0, 2]
(0, (0, 0, 0), (3, 2)): [1538, 340, 181, 61, 42, 25, 4, 2, 0, 2, 2]
(0, (0, 0, 1), (0, 0)): [25, 62, 17, 13, 10, 1, 1]
(0, (0, 0, 1), (0, 1)): [12, 34, 8, 6, 3]
(0, (0, 0, 1), (0, 2)): [6, 14, 3, 3, 1]
(0, (0, 0, 1), (1, 0)): [12, 23, 5, 6, 6, 1, 1]
(0, (0, 0, 1), (1, 1)): [13, 27, 8, 5, 2, 1, 1]
(0, (0, 0, 1), (1, 2)): [14, 27, 6, 4, 3]
(0, (0, 0, 1), (2, 0)): [2, 9, 1, 2, 5]
(0, (0, 0, 1), (2, 1)): [3, 11, 6, 3, 3, 1]
(0, (0, 0, 1), (2, 2)): [12, 16, 8, 4, 5]
(0, (0, 0, 1), (3, 0)): [1, 1, 0, 1, 1]
(0, (0, 0, 1), (3, 1)): [1, 7, 1, 2, 1]
(0, (0, 0, 1), (3, 2)): [4, 15, 3, 4, 5]
(0, (0, 1, 0), (0, 0)): [374, 286, 158, 77, 40, 15, 6, 1, 0, 1, 1]
(0, (0, 1, 0), (0, 1)): [186, 123, 70, 31, 17, 4, 3, 1]
(0, (0, 1, 0), (0, 2)): [97, 42, 27, 11, 3, 0, 1]
(0, (0, 1, 0), (1, 0)): [157, 117, 66, 39, 18, 10, 2, 0, 0, 1, 1]
(0, (0, 1, 0), (1, 1)): [151, 115, 57, 30, 18, 7, 1]
(0, (0, 1, 0), (1, 2)): [128, 73, 30, 21, 7, 4, 2]
(0, (0, 1, 0), (2, 0)): [45, 39, 33, 14, 6, 3, 2, 0, 0, 1, 1]
(0, (0, 1, 0), (2, 1)): [78, 68, 34, 17, 13, 3, 0, 0, 0, 1]
(0, (0, 1, 0), (2, 2)): [98, 63, 33, 23, 10, 1, 1, 0, 0, 1]
(0, (0, 1, 0), (3, 0)): [12, 13, 13, 4, 1, 2, 2]
(0, (0, 1, 0), (3, 1)): [32, 31, 15, 7, 5, 4, 1]
(0, (0, 1, 0), (3, 2)): [61, 33, 20, 17, 9, 2]
(0, (0, 1, 1), (0, 0)): [40, 52, 62, 29, 17, 9, 3, 1, 1, 1]
(0, (0, 1, 1), (0, 1)): [21, 19, 19, 14, 9, 2, 1, 0, 0, 1]
(0, (0, 1, 1), (0, 2)): [7, 9, 9, 8, 5, 0, 1]
(0, (0, 1, 1), (1, 0)): [16, 27, 27, 11, 4, 5, 2, 0, 1]
(0, (0, 1, 1), (1, 1)): [18, 18, 19, 9, 6, 5, 2, 0, 1, 1]
(0, (0, 1, 1), (1, 2)): [13, 16, 13, 9, 6, 0, 2, 0, 1, 1]
(0, (0, 1, 1), (2, 0)): [7, 13, 12, 5, 1]
(0, (0, 1, 1), (2, 1)): [9, 9, 10, 6, 3, 3]
(0, (0, 1, 1), (2, 2)): [12, 15, 7, 7, 5, 1, 0, 0, 1, 1]
(0, (0, 1, 1), (3, 0)): [2, 7, 8, 1, 1]
(0, (0, 1, 1), (3, 1)): [5, 5, 6, 3, 2, 1]
(0, (0, 1, 1), (3, 2)): [4, 10, 6, 2, 3, 0, 0, 0, 1, 1]
(0, (1, 0, 0), (0, 0)): [2039, 538, 473, 228, 102, 68, 17, 10, 4, 4, 3, 2]
(0, (1, 0, 0), (0, 1)): [1004, 246, 231, 99, 53, 33, 7, 2, 1, 3, 1, 1]
(0, (1, 0, 0), (0, 2)): [473, 91, 78, 46, 22, 18, 3, 2, 0, 1, 0, 1]
(0, (1, 0, 0), (1, 0)): [798, 224, 184, 101, 39, 30, 6, 6, 2, 1]
(0, (1, 0, 0), (1, 1)): [772, 206, 181, 81, 35, 21, 4, 3, 2, 2]
(0, (1, 0, 0), (1, 2)): [632, 118, 111, 59, 20, 19, 3, 0, 0, 3, 0, 1]
(0, (1, 0, 0), (2, 0)): [225, 78, 63, 36, 18, 12, 1, 3, 1, 1]
(0, (1, 0, 0), (2, 1)): [356, 132, 90, 34, 21, 14, 1, 4, 1, 1]
(0, (1, 0, 0), (2, 2)): [440, 110, 103, 42, 17, 16, 3, 1, 0, 2, 0, 1]
(0, (1, 0, 0), (3, 0)): [56, 19, 21, 17, 7, 6, 1, 1]
(0, (1, 0, 0), (3, 1)): [119, 52, 44, 20, 13, 10, 1, 2, 1]
(0, (1, 0, 0), (3, 2)): [202, 74, 58, 29, 11, 13, 3, 2, 1, 1, 0, 1]
(0, (1, 0, 1), (0, 0)): [58, 113, 42, 36, 17, 8, 0, 1, 1, 0, 1]
(0, (1, 0, 1), (0, 1)): [32, 54, 19, 12, 6, 2, 0, 0, 0, 0, 1]
(0, (1, 0, 1), (0, 2)): [15, 20, 5, 6, 2, 1, 0, 0, 0, 0, 1]
(0, (1, 0, 1), (1, 0)): [23, 43, 15, 16, 6, 4, 0, 1, 1]
(0, (1, 0, 1), (1, 1)): [30, 37, 16, 5, 5, 2, 0, 0, 1]
(0, (1, 0, 1), (1, 2)): [24, 28, 12, 3, 4, 1, 0, 0, 1]
(0, (1, 0, 1), (2, 0)): [6, 20, 2, 8, 2, 1, 0, 1]
(0, (1, 0, 1), (2, 1)): [11, 21, 4, 5, 0, 1]
(0, (1, 0, 1), (2, 2)): [8, 21, 4, 2, 2, 0, 0, 0, 1]
(0, (1, 0, 1), (3, 0)): [2, 3, 1, 4, 2]
(0, (1, 0, 1), (3, 1)): [5, 6, 2, 6, 1]
(0, (1, 0, 1), (3, 2)): [8, 12, 1, 5, 2]
(0, (1, 1, 0), (0, 0)): [300, 177, 132, 97, 70, 35, 9, 6, 3, 1, 1, 1]
(0, (1, 1, 0), (0, 1)): [155, 82, 54, 38, 32, 12, 7, 3, 0, 1]
(0, (1, 1, 0), (0, 2)): [74, 34, 20, 19, 16, 3, 2]
(0, (1, 1, 0), (1, 0)): [114, 71, 60, 45, 30, 23, 1, 2, 2, 0, 1, 1]
(0, (1, 1, 0), (1, 1)): [117, 57, 52, 27, 24, 20, 4, 3, 1, 1, 1]
(0, (1, 1, 0), (1, 2)): [83, 28, 29, 24, 18, 10, 3, 1, 0, 1]
(0, (1, 1, 0), (2, 0)): [33, 27, 17, 19, 12, 6, 0, 2, 1, 0, 0, 1]
(0, (1, 1, 0), (2, 1)): [65, 37, 24, 21, 15, 9, 3, 1, 1, 0, 1, 1]
(0, (1, 1, 0), (2, 2)): [63, 30, 31, 18, 16, 7, 5]
(0, (1, 1, 0), (3, 0)): [7, 7, 9, 7, 6, 3, 0, 2, 1]
(0, (1, 1, 0), (3, 1)): [25, 12, 10, 10, 9, 6, 1, 3, 0, 0, 1, 1]
(0, (1, 1, 0), (3, 2)): [32, 20, 21, 10, 8, 6, 4, 2, 0, 0, 1]
(0, (1, 1, 1), (0, 0)): [41, 64, 50, 29, 39, 17, 3, 6, 2, 1, 1, 1]
(0, (1, 1, 1), (0, 1)): [24, 29, 27, 15, 18, 5, 0, 2, 2]
(0, (1, 1, 1), (0, 2)): [12, 16, 7, 6, 7, 2, 0, 2]
(0, (1, 1, 1), (1, 0)): [14, 28, 12, 8, 16, 8, 2, 4, 0, 1, 1, 1]
(0, (1, 1, 1), (1, 1)): [16, 19, 20, 11, 17, 7, 2, 3, 2, 0, 1]
(0, (1, 1, 1), (1, 2)): [17, 19, 10, 7, 8, 4, 0, 3, 1, 0, 1]
(0, (1, 1, 1), (2, 0)): [6, 10, 4, 3, 6, 2, 0, 1, 0, 1, 0, 1]
(0, (1, 1, 1), (2, 1)): [10, 11, 8, 6, 10, 5, 2, 1]
(0, (1, 1, 1), (2, 2)): [14, 13, 8, 7, 9, 4, 0, 1, 1, 0, 1]
(0, (1, 1, 1), (3, 0)): [1, 3, 1, 1, 2, 0, 0, 0, 0, 1, 0, 1]
(0, (1, 1, 1), (3, 1)): [1, 8, 3, 3, 3, 3, 2, 0, 0, 0, 0, 1]
(0, (1, 1, 1), (3, 2)): [5, 6, 6, 5, 6, 0, 1, 0, 1, 0, 1, 1]
(1, (0, 0, 0), (0, 0)): [8599, 1032, 434, 167, 71, 27, 9, 6, 3, 0, 1]
(1, (0, 0, 0), (0, 1)): [4493, 498, 199, 75, 34, 13, 2, 4, 2]
(1, (0, 0, 0), (0, 2)): [1987, 182, 73, 25, 15, 6, 0, 0, 1]
(1, (0, 0, 0), (1, 0)): [3340, 435, 184, 73, 26, 8, 5, 1, 1]
(1, (0, 0, 0), (1, 1)): [3602, 423, 188, 68, 22, 5, 2, 4, 1]
(1, (0, 0, 0), (1, 2)): [2855, 252, 117, 37, 15, 5, 1, 1, 2]
(1, (0, 0, 0), (2, 0)): [1105, 164, 70, 33, 15, 3, 4, 0, 1]
(1, (0, 0, 0), (2, 1)): [1827, 255, 116, 52, 16, 4, 3, 2]
(1, (0, 0, 0), (2, 2)): [2374, 250, 117, 46, 14, 3, 2, 2, 2]
(1, (0, 0, 0), (3, 0)): [311, 49, 18, 10, 9, 2, 1, 0, 1]
(1, (0, 0, 0), (3, 1)): [710, 104, 51, 28, 12, 2, 2, 1]
(1, (0, 0, 0), (3, 2)): [1279, 150, 84, 32, 11, 3, 1, 1, 2]
(1, (0, 0, 1), (0, 0)): [158, 209, 52, 19, 11, 3, 2]
(1, (0, 0, 1), (0, 1)): [85, 93, 28, 10, 5]
(1, (0, 0, 1), (0, 2)): [37, 34, 10, 6, 2]
(1, (0, 0, 1), (1, 0)): [60, 84, 18, 8, 4, 3, 2]
(1, (0, 0, 1), (1, 1)): [65, 72, 19, 9, 3, 2]
(1, (0, 0, 1), (1, 2)): [59, 45, 10, 4, 1]
(1, (0, 0, 1), (2, 0)): [24, 34, 9, 2, 2, 1, 1]
(1, (0, 0, 1), (2, 1)): [33, 39, 11, 7, 4, 3]
(1, (0, 0, 1), (2, 2)): [49, 45, 13, 5, 2]
(1, (0, 0, 1), (3, 0)): [12, 11, 5, 2, 1, 0, 1]
(1, (0, 0, 1), (3, 1)): [14, 17, 6, 5, 3, 2]
(1, (0, 0, 1), (3, 2)): [29, 24, 7, 5, 2, 1]
(1, (0, 1, 0), (0, 0)): [925, 351, 181, 63, 30, 12, 4, 2, 0, 1, 1]
(1, (0, 1, 0), (0, 1)): [465, 161, 89, 28, 17, 4, 2]
(1, (0, 1, 0), (0, 2)): [208, 57, 29, 13, 7, 2]
(1, (0, 1, 0), (1, 0)): [383, 145, 72, 29, 11, 8, 1, 2, 0, 1, 1]
(1, (0, 1, 0), (1, 1)): [415, 137, 74, 22, 10, 5, 2, 1]
(1, (0, 1, 0), (1, 2)): [324, 96, 47, 12, 5, 5, 0, 1]
(1, (0, 1, 0), (2, 0)): [128, 55, 31, 14, 8, 3, 1]
(1, (0, 1, 0), (2, 1)): [212, 78, 40, 17, 6, 2, 2]
(1, (0, 1, 0), (2, 2)): [266, 76, 43, 15, 7, 3, 1, 1]
(1, (0, 1, 0), (3, 0)): [52, 25, 9, 11, 5, 1]
(1, (0, 1, 0), (3, 1)): [99, 36, 12, 8, 3, 1]
(1, (0, 1, 0), (3, 2)): [169, 59, 28, 10, 6, 2, 1, 1]
(1, (0, 1, 1), (0, 0)): [163, 118, 100, 47, 24, 10, 9, 2, 1, 1, 2]
(1, (0, 1, 1), (0, 1)): [87, 47, 41, 16, 8, 5, 3, 0, 0, 1]
(1, (0, 1, 1), (0, 2)): [41, 15, 17, 6, 2, 2, 2]
(1, (0, 1, 1), (1, 0)): [65, 53, 52, 25, 12, 4, 5, 2, 0, 0, 1]
(1, (0, 1, 1), (1, 1)): [68, 40, 48, 14, 7, 1, 2, 1, 0, 1]
(1, (0, 1, 1), (1, 2)): [63, 27, 28, 11, 5, 1, 2]
(1, (0, 1, 1), (2, 0)): [30, 25, 20, 12, 6, 2, 1, 1, 0, 0, 1]
(1, (0, 1, 1), (2, 1)): [29, 24, 25, 8, 6, 1, 1]
(1, (0, 1, 1), (2, 2)): [48, 13, 24, 11, 6, 1, 2]
(1, (0, 1, 1), (3, 0)): [15, 11, 11, 5, 2, 0, 0, 1, 0, 0, 1]
(1, (0, 1, 1), (3, 1)): [14, 14, 12, 6, 2, 1, 1]
(1, (0, 1, 1), (3, 2)): [25, 9, 20, 7, 3, 1, 1]
(1, (1, 0, 0), (0, 0)): [3064, 455, 375, 174, 62, 33, 10, 5, 3, 1, 2]
(1, (1, 0, 0), (0, 1)): [1548, 197, 160, 87, 28, 14, 4, 0, 2]
(1, (1, 0, 0), (0, 2)): [661, 80, 53, 38, 8, 3, 2]
(1, (1, 0, 0), (1, 0)): [1172, 206, 157, 69, 27, 15, 3, 5, 1, 0, 2]
(1, (1, 0, 0), (1, 1)): [1204, 149, 116, 62, 26, 10, 1, 2, 3]
(1, (1, 0, 0), (1, 2)): [858, 105, 68, 40, 12, 2, 1, 1, 2]
(1, (1, 0, 0), (2, 0)): [387, 81, 62, 23, 11, 6, 1, 1, 0, 0, 2]
(1, (1, 0, 0), (2, 1)): [619, 83, 57, 34, 19, 9, 1, 1, 1, 0, 1]
(1, (1, 0, 0), (2, 2)): [665, 99, 54, 37, 14, 6, 1, 0, 2]
(1, (1, 0, 0), (3, 0)): [100, 33, 25, 7, 5, 2, 1]
(1, (1, 0, 0), (3, 1)): [210, 44, 34, 21, 9, 3, 2, 1, 0, 0, 1]
(1, (1, 0, 0), (3, 2)): [365, 65, 31, 25, 7, 6, 0, 1, 2]
(1, (1, 0, 1), (0, 0)): [200, 228, 75, 65, 24, 14, 8, 4, 2, 1]
(1, (1, 0, 1), (0, 1)): [104, 95, 33, 22, 7, 5, 4, 2, 1]
(1, (1, 0, 1), (0, 2)): [56, 37, 10, 7, 4, 3, 2]
(1, (1, 0, 1), (1, 0)): [67, 91, 31, 31, 12, 8, 3, 2, 1, 1]
(1, (1, 0, 1), (1, 1)): [71, 75, 29, 22, 10, 4, 2, 1, 1, 1]
(1, (1, 0, 1), (1, 2)): [57, 56, 15, 14, 6, 3, 2, 1, 1]
(1, (1, 0, 1), (2, 0)): [21, 34, 12, 11, 3, 3, 1, 0, 1]
(1, (1, 0, 1), (2, 1)): [37, 38, 18, 8, 5, 2, 3, 0, 1, 1]
(1, (1, 0, 1), (2, 2)): [38, 38, 17, 13, 5, 2, 2]
(1, (1, 0, 1), (3, 0)): [7, 7, 1, 5, 3, 1]
(1, (1, 0, 1), (3, 1)): [15, 15, 2, 4, 4, 0, 2, 0, 1, 1]
(1, (1, 0, 1), (3, 2)): [22, 20, 12, 8, 5, 2, 2, 0, 1]
(1, (1, 1, 0), (0, 0)): [854, 226, 141, 125, 60, 33, 8, 4, 2, 0, 1]
(1, (1, 1, 0), (0, 1)): [422, 94, 68, 60, 27, 13, 4]
(1, (1, 1, 0), (0, 2)): [201, 41, 31, 22, 9, 4]
(1, (1, 1, 0), (1, 0)): [332, 103, 55, 51, 29, 13, 2, 3, 2, 0, 1]
(1, (1, 1, 0), (1, 1)): [324, 76, 55, 54, 27, 15, 3, 0, 0, 0, 1]
(1, (1, 1, 0), (1, 2)): [259, 43, 41, 35, 15, 11, 2]
(1, (1, 1, 0), (2, 0)): [107, 48, 18, 10, 11, 6, 2, 3, 1]
(1, (1, 1, 0), (2, 1)): [157, 56, 36, 24, 14, 9, 3, 3]
(1, (1, 1, 0), (2, 2)): [197, 39, 38, 18, 19, 9, 3, 1]
(1, (1, 1, 0), (3, 0)): [36, 22, 6, 3, 5, 1, 0, 0, 1]
(1, (1, 1, 0), (3, 1)): [71, 32, 17, 15, 5, 5, 0, 0, 1]
(1, (1, 1, 0), (3, 2)): [105, 28, 21, 10, 12, 7, 1]
(1, (1, 1, 1), (0, 0)): [178, 141, 87, 43, 58, 29, 4, 3, 2, 3, 2]
(1, (1, 1, 1), (0, 1)): [96, 71, 38, 18, 18, 6, 2, 2, 2, 2, 2]
(1, (1, 1, 1), (0, 2)): [48, 33, 19, 9, 10, 6, 1, 1, 0, 1, 2]
(1, (1, 1, 1), (1, 0)): [62, 56, 32, 20, 28, 19, 1, 1]
(1, (1, 1, 1), (1, 1)): [66, 48, 26, 14, 14, 7, 1, 0, 2, 1]
(1, (1, 1, 1), (1, 2)): [67, 44, 23, 8, 15, 5, 1, 1, 0, 0, 2]
(1, (1, 1, 1), (2, 0)): [24, 24, 14, 8, 13, 8]
(1, (1, 1, 1), (2, 1)): [29, 24, 17, 9, 9, 5, 0, 0, 2, 1]
(1, (1, 1, 1), (2, 2)): [49, 33, 12, 6, 11, 6, 0, 0, 1, 1, 2]
(1, (1, 1, 1), (3, 0)): [2, 12, 7, 4, 6, 4]
(1, (1, 1, 1), (3, 1)): [10, 12, 12, 8, 6, 3, 0, 0, 1]
(1, (1, 1, 1), (3, 2)): [18, 16, 11, 9, 8, 1, 0, 0, 2, 1, 2]
(2, (0, 0, 0), (0, 0)): [7729, 417, 145, 41, 12, 1, 1]
(2, (0, 0, 0), (0, 1)): [3965, 161, 58, 20, 6]
(2, (0, 0, 0), (0, 2)): [1697, 43, 21, 3, 1]
(2, (0, 0, 0), (1, 0)): [3027, 203, 74, 18, 4, 1]
(2, (0, 0, 0), (1, 1)): [3265, 165, 64, 23, 7, 1]
(2, (0, 0, 0), (1, 2)): [2448, 79, 32, 12, 1, 1]
(2, (0, 0, 0), (2, 0)): [1030, 79, 28, 6, 2]
(2, (0, 0, 0), (2, 1)): [1739, 102, 46, 7, 7]
(2, (0, 0, 0), (2, 2)): [2102, 82, 34, 10, 3, 1]
(2, (0, 0, 0), (3, 0)): [296, 28, 15, 4]
(2, (0, 0, 0), (3, 1)): [702, 53, 31, 7, 2]
(2, (0, 0, 0), (3, 2)): [1236, 58, 33, 6, 4, 1]
(2, (0, 0, 1), (0, 0)): [585, 129, 43, 13, 7, 1, 1, 0, 0, 1, 1]
(2, (0, 0, 1), (0, 1)): [291, 52, 22, 3, 2, 1]
(2, (0, 0, 1), (0, 2)): [144, 14, 8, 1]
(2, (0, 0, 1), (1, 0)): [245, 57, 15, 10, 5, 0, 1, 0, 0, 1, 1]
(2, (0, 0, 1), (1, 1)): [218, 50, 14, 5, 2, 1, 1, 0, 0, 1]
(2, (0, 0, 1), (1, 2)): [197, 34, 11, 3, 0, 0, 0, 0, 0, 1]
(2, (0, 0, 1), (2, 0)): [100, 22, 10, 7, 3, 0, 0, 0, 0, 0, 1]
(2, (0, 0, 1), (2, 1)): [133, 21, 9, 5, 2, 1, 1]
(2, (0, 0, 1), (2, 2)): [181, 26, 9, 5, 1, 0, 0, 0, 0, 1]
(2, (0, 0, 1), (3, 0)): [38, 9, 5, 5, 2, 0, 0, 0, 0, 0, 1]
(2, (0, 0, 1), (3, 1)): [62, 14, 5, 5, 2, 0, 1, 0, 0, 0, 1]
(2, (0, 0, 1), (3, 2)): [115, 17, 5, 6, 2, 0, 0, 0, 0, 1]
(2, (0, 1, 0), (0, 0)): [1627, 295, 101, 42, 13, 4, 2, 0, 0, 1]
(2, (0, 1, 0), (0, 1)): [808, 128, 47, 12, 7, 2, 0, 0, 0, 1]
(2, (0, 1, 0), (0, 2)): [355, 39, 16, 4, 2]
(2, (0, 1, 0), (1, 0)): [706, 141, 43, 27, 5, 2, 2]
(2, (0, 1, 0), (1, 1)): [683, 126, 42, 16, 6, 1, 1, 0, 0, 1]
(2, (0, 1, 0), (1, 2)): [539, 63, 23, 10, 4, 1]
(2, (0, 1, 0), (2, 0)): [278, 51, 20, 15, 4, 2, 1]
(2, (0, 1, 0), (2, 1)): [372, 71, 25, 9, 3, 1, 1, 0, 0, 1]
(2, (0, 1, 0), (2, 2)): [455, 61, 19, 10, 5, 1]
(2, (0, 1, 0), (3, 0)): [121, 22, 9, 9, 4, 1, 1]
(2, (0, 1, 0), (3, 1)): [175, 32, 18, 9, 3, 1, 1, 0, 0, 1]
(2, (0, 1, 0), (3, 2)): [292, 48, 18, 11, 6, 1, 1]
(2, (0, 1, 1), (0, 0)): [439, 24, 88, 24, 11, 2, 2, 0, 1]
(2, (0, 1, 1), (0, 1)): [214, 9, 36, 13, 3, 1, 1]
(2, (0, 1, 1), (0, 2)): [79, 2, 15, 3, 1]
(2, (0, 1, 1), (1, 0)): [202, 12, 35, 9, 7, 1, 1]
(2, (0, 1, 1), (1, 1)): [193, 9, 22, 10, 4, 1, 2]
(2, (0, 1, 1), (1, 2)): [148, 4, 20, 5, 1, 1, 1]
(2, (0, 1, 1), (2, 0)): [90, 7, 24, 7, 3, 1]
(2, (0, 1, 1), (2, 1)): [104, 6, 21, 8, 4, 0, 1]
(2, (0, 1, 1), (2, 2)): [133, 4, 20, 8, 1, 1, 1]
(2, (0, 1, 1), (3, 0)): [52, 3, 9, 3, 2, 1]
(2, (0, 1, 1), (3, 1)): [51, 3, 12, 4, 4]
(2, (0, 1, 1), (3, 2)): [85, 5, 16, 7, 0, 1]
(2, (1, 0, 0), (0, 0)): [3701, 257, 225, 71, 19, 6, 0, 1]
(2, (1, 0, 0), (0, 1)): [1834, 114, 104, 27, 6, 3]
(2, (1, 0, 0), (0, 2)): [812, 37, 34, 2, 1]
(2, (1, 0, 0), (1, 0)): [1458, 113, 90, 33, 10, 3]
(2, (1, 0, 0), (1, 1)): [1449, 98, 85, 36, 8, 3]
(2, (1, 0, 0), (1, 2)): [1088, 52, 45, 12, 2, 1]
(2, (1, 0, 0), (2, 0)): [487, 39, 35, 15, 1, 1]
(2, (1, 0, 0), (2, 1)): [757, 66, 51, 24, 5, 1]
(2, (1, 0, 0), (2, 2)): [850, 55, 37, 19, 3, 1]
(2, (1, 0, 0), (3, 0)): [129, 12, 8, 3, 1, 1]
(2, (1, 0, 0), (3, 1)): [285, 34, 29, 14, 3, 1]
(2, (1, 0, 0), (3, 2)): [481, 47, 26, 21, 3]
(2, (1, 0, 1), (0, 0)): [637, 130, 52, 55, 11, 5, 3, 1, 1, 1]
(2, (1, 0, 1), (0, 1)): [306, 61, 23, 33, 3, 2, 1, 0, 1]
(2, (1, 0, 1), (0, 2)): [136, 22, 9, 9, 0, 1, 1]
(2, (1, 0, 1), (1, 0)): [269, 51, 24, 21, 7, 3, 1]
(2, (1, 0, 1), (1, 1)): [230, 47, 20, 26, 4, 2, 0, 0, 1]
(2, (1, 0, 1), (1, 2)): [173, 31, 12, 15, 2, 2, 1]
(2, (1, 0, 1), (2, 0)): [102, 15, 8, 13, 3]
(2, (1, 0, 1), (2, 1)): [137, 24, 9, 15, 1, 1]
(2, (1, 0, 1), (2, 2)): [151, 25, 12, 14, 2, 0, 1]
(2, (1, 0, 1), (3, 0)): [36, 6, 2, 1, 1]
(2, (1, 0, 1), (3, 1)): [61, 10, 5, 4]
(2, (1, 0, 1), (3, 2)): [78, 16, 9, 10, 1]
(2, (1, 1, 0), (0, 0)): [1383, 190, 115, 93, 28, 9, 2, 0, 0, 1]
(2, (1, 1, 0), (0, 1)): [686, 81, 43, 36, 9, 3, 1]
(2, (1, 1, 0), (0, 2)): [303, 25, 12, 7, 5, 1, 1]
(2, (1, 1, 0), (1, 0)): [564, 70, 53, 49, 15, 4, 1, 0, 0, 1]
(2, (1, 1, 0), (1, 1)): [558, 60, 41, 35, 7, 2, 1, 0, 0, 1]
(2, (1, 1, 0), (1, 2)): [434, 40, 20, 14, 5, 2, 1]
(2, (1, 1, 0), (2, 0)): [190, 25, 19, 18, 9, 2]
(2, (1, 1, 0), (2, 1)): [302, 29, 21, 25, 8, 1, 1, 0, 0, 1]
(2, (1, 1, 0), (2, 2)): [353, 30, 19, 18, 6, 3]
(2, (1, 1, 0), (3, 0)): [57, 8, 7, 4, 6, 2]
(2, (1, 1, 0), (3, 1)): [131, 11, 9, 12, 6, 0, 1]
(2, (1, 1, 0), (3, 2)): [210, 14, 18, 14, 7, 2]
(2, (1, 1, 1), (0, 0)): [499, 62, 79, 35, 31, 10, 2, 1, 1]
(2, (1, 1, 1), (0, 1)): [270, 23, 44, 13, 9, 4]
(2, (1, 1, 1), (0, 2)): [138, 10, 16, 2, 5, 1]
(2, (1, 1, 1), (1, 0)): [177, 35, 28, 18, 18, 4, 2, 1, 1]
(2, (1, 1, 1), (1, 1)): [195, 24, 32, 17, 8, 4, 1, 0, 1]
(2, (1, 1, 1), (1, 2)): [175, 12, 19, 8, 6, 2]
(2, (1, 1, 1), (2, 0)): [46, 20, 11, 6, 7, 1, 1, 1]
(2, (1, 1, 1), (2, 1)): [86, 20, 17, 11, 7, 1, 1, 1]
(2, (1, 1, 1), (2, 2)): [121, 14, 15, 8, 9, 2]
(2, (1, 1, 1), (3, 0)): [14, 13, 4, 2, 0, 1, 1]
(2, (1, 1, 1), (3, 1)): [29, 18, 9, 5, 4, 1, 1, 1]
(2, (1, 1, 1), (3, 2)): [58, 23, 7, 7, 7, 1, 1]
