(0, (0, 0, 0)): [2002153, 410296, 188895, 86603, 38874, 16725, 6911, 2794, 1141, 493, 218, 110, 36, 21, 5, 1, 1, 1]
(0, (0, 0, 1)): [7443, 23009, 6319, 3071, 1487, 644, 281, 114, 47, 28, 16, 3, 4, 3]
(0, (0, 1, 0)): [73624, 69380, 27272, 13513, 6463, 2795, 1189, 495, 205, 111, 38, 17, 6, 6, 3, 0, 1]
(0, (0, 1, 1)): [5865, 10378, 12291, 5762, 3028, 1461, 618, 264, 140, 56, 18, 11, 3, 4, 2, 0, 1, 1]
(0, (1, 0, 0)): [420836, 140216, 90776, 45255, 21754, 9804, 4054, 1724, 734, 314, 152, 63, 23, 16, 3, 1, 1, 1]
(0, (1, 0, 1)): [9896, 30497, 12378, 8845, 4669, 2164, 1012, 405, 202, 84, 44, 19, 8, 3, 2, 0, 0, 1]
(0, (1, 1, 0)): [59698, 37921, 28114, 20486, 10946, 5160, 2184, 1013, 430, 190, 89, 36, 11, 5, 0, 0, 1]
(0, (1, 1, 1)): [5662, 11198, 9030, 6595, 5400, 2714, 1244, 583, 284, 118, 61, 21, 6, 4, 1, 0, 1]
(1, (0, 0, 0)): [1634443, 182989, 75068, 29880, 11677, 4465, 1742, 620, 218, 91, 33, 22, 7, 3, 0, 1]
(1, (0, 0, 1)): [44268, 63621, 12726, 5564, 2266, 934, 359, 129, 65, 23, 13, 8, 4, 2]
(1, (0, 1, 0)): [221538, 96479, 35689, 15556, 6258, 2520, 881, 396, 112, 58, 31, 9, 10, 2, 1]
(1, (0, 1, 1)): [34516, 29122, 25249, 10281, 5344, 2093, 836, 337, 150, 49, 14, 7, 2, 2, 0, 1]
(1, (1, 0, 0)): [611256, 108225, 71181, 30441, 12450, 4951, 1973, 704, 275, 119, 43, 32, 5, 3, 0, 2]
(1, (1, 0, 1)): [49849, 57125, 18326, 12504, 5434, 2231, 882, 344, 119, 71, 21, 7, 1, 1]
(1, (1, 1, 0)): [171969, 52230, 34770, 25457, 10690, 4469, 1729, 696, 271, 111, 43, 25, 9, 5, 1]
(1, (1, 1, 1)): [35112, 28174, 17687, 11496, 8776, 3704, 1515, 578, 238, 84, 29, 20, 9, 4, 1, 1]
(2, (0, 0, 0)): [1426208, 67442, 22578, 7183, 2400, 771, 260, 89, 15, 7, 5, 0, 1]
(2, (0, 0, 1)): [133881, 39354, 8365, 2844, 1018, 353, 100, 33, 8, 5, 0, 2]
(2, (0, 1, 0)): [353409, 73389, 20595, 7314, 2482, 814, 250, 76, 18, 12, 7, 0, 1]
(2, (0, 1, 1)): [81295, 6856, 17153, 4964, 1956, 643, 207, 69, 23, 6, 4, 1, 0, 1]
(2, (1, 0, 0)): [740329, 53692, 36200, 11524, 3828, 1215, 465, 137, 31, 14, 7, 1, 1]
(2, (1, 0, 1)): [130638, 30658, 12117, 7698, 2562, 835, 283, 86, 30, 10, 2, 4, 1]
(2, (1, 1, 0)): [293342, 44390, 22408, 15692, 5120, 1646, 558, 190, 57, 26, 10, 2, 2, 1]
(2, (1, 1, 1)): [86371, 12553, 14373, 7220, 5437, 1687, 574, 196, 62, 14, 10, 3, 1, 1]
