(0, (0, 0, 0)): [15164, 3349, 1724, 818, 377, 159, 71, 38, 15, 9, 5, 1, 1]
(0, (0, 0, 1)): [57, 248, 84, 35, 17, 12, 3, 1, 2, 2, 0, 0, 1]
(0, (0, 1, 0)): [496, 561, 255, 113, 64, 20, 8, 10, 1, 2, 0, 1]
(0, (0, 1, 1)): [51, 88, 133, 86, 37, 23, 5, 6, 2, 0, 1]
(0, (1, 0, 0)): [3411, 1278, 823, 462, 216, 84, 50, 19, 8, 7, 4, 1]
(0, (1, 0, 1)): [86, 292, 135, 91, 69, 19, 23, 8, 4, 4, 2, 1]
(0, (1, 1, 0)): [459, 325, 253, 213, 91, 43, 21, 13, 8, 4, 1]
(0, (1, 1, 1)): [45, 83, 77, 54, 46, 19, 17, 11, 4, 1]
(1, (0, 0, 0)): [12054, 1433, 678, 239, 109, 52, 19, 10, 6]
(1, (0, 0, 1)): [357, 673, 147, 48, 25, 15, 5, 1, 2, 1, 1]
(1, (0, 1, 0)): [1679, 884, 322, 121, 62, 21, 8, 3, 1, 3]
(1, (0, 1, 1)): [321, 288, 293, 125, 58, 27, 12, 2, 1, 1]
(1, (1, 0, 0)): [5059, 1022, 701, 274, 132, 61, 23, 7, 5, 2, 0, 1]
(1, (1, 0, 1)): [427, 589, 211, 134, 59, 28, 11, 3, 2, 1]
(1, (1, 1, 0)): [1341, 462, 328, 227, 108, 46, 20, 4, 3, 2]
(1, (1, 1, 1)): [257, 224, 146, 103, 99, 44, 16, 3, 5, 1]
(2, (0, 0, 0)): [10485, 498, 183, 68, 17, 8, 6, 3, 1]
(2, (0, 0, 1)): [1246, 445, 102, 26, 9, 3, 0, 1]
(2, (0, 1, 0)): [2807, 689, 192, 65, 21, 8, 5, 1, 1]
(2, (0, 1, 1)): [781, 74, 194, 50, 23, 7, 5, 1, 1]
(2, (1, 0, 0)): [6366, 501, 339, 100, 28, 5, 7, 3, 1, 1]
(2, (1, 0, 1)): [1248, 322, 145, 82, 12, 11, 0, 5]
(2, (1, 1, 0)): [2137, 334, 173, 108, 38, 8, 7, 0, 0, 2]
(2, (1, 1, 1)): [679, 111, 121, 59, 39, 13, 5, 2, 1, 1]
