(0, (0, 0, 0)): [16755, 3076, 1298, 610, 277, 91, 32, 11, 4, 1]
(0, (0, 0, 1)): [122, 274, 73, 37, 18, 6, 2, 1]
(0, (0, 1, 0)): [528, 545, 174, 92, 47, 10, 6]
(0, (0, 1, 1)): [48, 78, 93, 50, 15, 8, 3, 1]
(0, (1, 0, 0)): [3763, 1277, 693, 348, 164, 68, 17, 7, 4, 1]
(0, (1, 0, 1)): [85, 197, 97, 47, 31, 10, 5, 2]
(0, (1, 1, 0)): [458, 315, 252, 171, 89, 30, 8, 5, 4, 1]
(0, (1, 1, 1)): [65, 75, 71, 71, 44, 20, 11, 4, 4, 1]
(1, (0, 0, 0)): [13190, 1238, 482, 185, 72, 20, 9, 3]
(1, (0, 0, 1)): [589, 795, 135, 60, 25, 7, 4]
(1, (0, 1, 0)): [2207, 972, 290, 138, 53, 17, 1, 1]
(1, (0, 1, 1)): [369, 306, 296, 113, 36, 14, 3]
(1, (1, 0, 0)): [5272, 992, 519, 212, 83, 33, 9, 3]
(1, (1, 0, 1)): [357, 456, 151, 91, 44, 9, 0, 2]
(1, (1, 1, 0)): [1290, 380, 282, 181, 63, 32, 5, 3]
(1, (1, 1, 1)): [272, 193, 126, 104, 64, 26, 7, 6]
(2, (0, 0, 0)): [11512, 389, 123, 31, 7, 1]
(2, (0, 0, 1)): [1501, 477, 66, 22, 6, 1]
(2, (0, 1, 0)): [3673, 731, 156, 56, 15, 2]
(2, (0, 1, 1)): [866, 91, 195, 48, 12, 3, 1]
(2, (1, 0, 0)): [6351, 460, 210, 55, 16, 3, 1]
(2, (1, 0, 1)): [924, 252, 114, 42, 12, 1, 1]
(2, (1, 1, 0)): [1817, 256, 167, 91, 17, 4, 1]
(2, (1, 1, 1)): [596, 89, 81, 56, 24, 4, 3]
