(0, (0, 0, 0)): [912179, 176093, 79532, 35501, 15408, 6365, 2571, 1035, 397, 167, 67, 27, 10, 4, 1]
(0, (0, 0, 1)): [3671, 9794, 2596, 1246, 577, 229, 98, 33, 10, 9, 5, 2, 0, 1]
(0, (0, 1, 0)): [35037, 30212, 11849, 5728, 2621, 1102, 465, 201, 76, 39, 12, 2, 1, 2, 1]
(0, (0, 1, 1)): [2858, 4393, 5011, 2372, 1214, 570, 239, 103, 50, 26, 4, 1, 2]
(0, (1, 0, 0)): [189310, 59806, 38122, 18453, 8598, 3759, 1517, 640, 259, 114, 47, 16, 8, 1, 1]
(0, (1, 0, 1)): [5013, 13231, 5301, 3679, 1867, 841, 383, 146, 77, 27, 18, 5, 1, 1, 1]
(0, (1, 1, 0)): [26674, 15577, 11258, 8148, 4222, 1966, 799, 363, 148, 69, 27, 10, 3, 2]
(0, (1, 1, 1)): [2859, 4192, 3604, 2545, 2033, 1026, 456, 208, 94, 44, 15, 4, 3, 1]
(1, (0, 0, 0)): [748995, 79264, 31979, 12509, 4680, 1688, 673, 224, 80, 30, 13, 5, 2, 1]
(1, (0, 0, 1)): [20040, 26371, 5210, 2220, 879, 349, 124, 39, 15, 8, 5, 1, 1]
(1, (0, 1, 0)): [101181, 40286, 14973, 6495, 2540, 961, 313, 146, 49, 14, 11, 2, 3]
(1, (0, 1, 1)): [15487, 11600, 9796, 3903, 2072, 787, 307, 118, 45, 20, 3, 3, 1]
(1, (1, 0, 0)): [271035, 45353, 29861, 12317, 4922, 1850, 753, 253, 95, 39, 11, 6, 2, 1]
(1, (1, 0, 1)): [23122, 23700, 7458, 5107, 2190, 833, 361, 124, 32, 19, 3, 3]
(1, (1, 1, 0)): [76280, 21572, 14062, 10328, 4129, 1627, 625, 269, 107, 30, 7, 5, 4, 1]
(1, (1, 1, 1)): [16215, 10901, 7221, 4512, 3317, 1368, 541, 207, 85, 29, 5, 4, 3, 1]
(2, (0, 0, 0)): [654316, 29476, 9674, 3076, 952, 284, 98, 27, 3, 4, 3]
(2, (0, 0, 1)): [57337, 16088, 3432, 1129, 397, 124, 27, 13, 4]
(2, (0, 1, 0)): [155972, 30331, 8654, 3040, 999, 326, 88, 33, 9, 7, 5]
(2, (0, 1, 1)): [33899, 2618, 6742, 1845, 748, 233, 77, 18, 8, 0, 1]
(2, (1, 0, 0)): [324965, 22185, 15349, 4802, 1479, 474, 180, 45, 5, 6, 3]
(2, (1, 0, 1)): [58217, 12687, 4763, 3054, 1016, 319, 98, 33, 11, 5, 0, 1]
(2, (1, 1, 0)): [129494, 18482, 9085, 6560, 2076, 629, 231, 74, 19, 11, 3, 1]
(2, (1, 1, 1)): [37139, 4670, 5971, 2774, 2111, 628, 223, 69, 17, 3, 2, 1]
