(0, (0, 0, 0)): [419, 56, 22, 13, 5, 3, 2]
(0, (0, 1, 0)): [17, 4, 2, 1, 1]
(0, (0, 1, 1)): [0, 1, 1, 2]
(0, (1, 0, 0)): [85, 24, 9, 7, 2, 1, 1]
(0, (1, 0, 1)): [0, 3, 4, 1, 1]
(0, (1, 1, 0)): [13, 7, 3, 5, 1, 1, 1]
(0, (1, 1, 1)): [2, 2, 0, 2, 1, 2, 1]
(1, (0, 0, 0)): [330, 27, 6, 5, 3, 2, 1]
(1, (0, 0, 1)): [17, 14, 2]
(1, (0, 1, 0)): [48, 19, 3, 3, 1]
(1, (0, 1, 1)): [10, 9, 8, 6, 0, 1]
(1, (1, 0, 0)): [118, 19, 3, 5, 1, 2, 1]
(1, (1, 0, 1)): [2, 3, 3, 2, 1]
(1, (1, 1, 0)): [27, 9, 2, 6, 1, 1]
(1, (1, 1, 1)): [4, 3, 4, 4, 1, 2]
(2, (0, 0, 0)): [283, 6, 4, 1, 2]
(2, (0, 0, 1)): [43, 15, 1, 0, 2]
(2, (0, 1, 0)): [78, 17, 6, 3]
(2, (0, 1, 1)): [23, 4, 5]
(2, (1, 0, 0)): [150, 7, 8, 3, 1]
(2, (1, 0, 1)): [25, 6, 3, 1]
(2, (1, 1, 0)): [35, 7, 6, 1, 1]
(2, (1, 1, 1)): [12, 2, 2, 1, 1]
