(0, (0, 0, 0), (0, 0)): [27138, 4986, 2283, 1044, 460, 188, 80, 35, 8, 7, 1]
(0, (0, 0, 0), (0, 1)): [28, 5, 2]
(0, (0, 0, 0), (0, 2)): [28, 5, 2]
(0, (0, 0, 0), (1, 0)): [42, 12, 3, 0, 0, 1]
(0, (0, 0, 0), (1, 1)): [14, 4, 1]
(0, (0, 0, 0), (1, 2)): [14, 4]
(0, (0, 0, 0), (2, 0)): [14, 5]
(0, (0, 0, 0), (2, 1)): [14, 5]
(0, (0, 0, 0), (2, 2)): [14, 5]
(0, (0, 0, 1), (0, 0)): [114, 286, 82, 28, 17, 7, 3]
(0, (0, 1, 0), (0, 0)): [1070, 837, 349, 173, 77, 37, 19, 7, 1, 2]
(0, (0, 1, 0), (1, 0)): [0, 1, 0, 0, 0, 1]
(0, (0, 1, 1), (0, 0)): [88, 127, 147, 77, 26, 22, 9, 3]
(0, (0, 1, 1), (0, 1)): [0, 0, 1]
(0, (0, 1, 1), (0, 2)): [0, 0, 1]
(0, (1, 0, 0), (0, 0)): [5820, 1853, 1108, 566, 258, 121, 54, 21, 4, 5, 1]
(0, (1, 0, 0), (0, 1)): [8, 0, 1]
(0, (1, 0, 0), (0, 2)): [8, 0, 1]
(0, (1, 0, 0), (1, 0)): [12, 5, 1, 0, 0, 1]
(0, (1, 0, 0), (1, 1)): [3, 3]
(0, (1, 0, 0), (1, 2)): [5]
(0, (1, 0, 0), (2, 0)): [7, 1]
(0, (1, 0, 0), (2, 1)): [7, 1]
(0, (1, 0, 0), (2, 2)): [7, 1]
(0, (1, 0, 1), (0, 0)): [157, 408, 170, 116, 55, 25, 9, 6, 2, 1]
(0, (1, 0, 1), (1, 0)): [0, 2]
(0, (1, 1, 0), (0, 0)): [801, 505, 364, 267, 130, 70, 30, 7, 1, 4]
(0, (1, 1, 0), (0, 1)): [1]
(0, (1, 1, 0), (0, 2)): [1]
(0, (1, 1, 0), (1, 0)): [3, 1, 0, 0, 0, 1]
(0, (1, 1, 0), (1, 1)): [1, 1]
(0, (1, 1, 0), (1, 2)): [1]
(0, (1, 1, 0), (2, 0)): [2]
(0, (1, 1, 0), (2, 1)): [2]
(0, (1, 1, 0), (2, 2)): [2]
(0, (1, 1, 1), (0, 0)): [84, 141, 115, 94, 71, 44, 8, 3, 2, 2]
(1, (0, 0, 0), (0, 0)): [22025, 2219, 913, 366, 137, 45, 15, 8, 3, 2]
(1, (0, 0, 0), (0, 1)): [22, 4, 1]
(1, (0, 0, 0), (0, 2)): [22, 4, 1]
(1, (0, 0, 0), (1, 0)): [31, 5, 1]
(1, (0, 0, 0), (1, 1)): [12, 1]
(1, (0, 0, 0), (1, 2)): [9, 3]
(1, (0, 0, 0), (2, 0)): [7, 3]
(1, (0, 0, 0), (2, 1)): [7, 3]
(1, (0, 0, 0), (2, 2)): [7, 3]
(1, (0, 0, 1), (0, 0)): [616, 708, 146, 57, 23, 12, 10, 1]
(1, (0, 0, 1), (1, 0)): [1, 1, 1, 1]
(1, (0, 0, 1), (2, 0)): [1, 1]
(1, (0, 0, 1), (2, 1)): [1, 1]
(1, (0, 0, 1), (2, 2)): [1, 1]
(1, (0, 1, 0), (0, 0)): [3102, 1210, 427, 179, 77, 27, 11, 5, 2, 1]
(1, (0, 1, 0), (0, 1)): [2]
(1, (0, 1, 0), (0, 2)): [2]
(1, (0, 1, 0), (1, 0)): [5, 5]
(1, (0, 1, 0), (1, 1)): [1, 2]
(1, (0, 1, 0), (1, 2)): [1]
(1, (0, 1, 0), (2, 0)): [2, 2]
(1, (0, 1, 0), (2, 1)): [2, 2]
(1, (0, 1, 0), (2, 2)): [2, 2]
(1, (0, 1, 1), (0, 0)): [432, 340, 291, 124, 58, 24, 10, 3, 2, 2]
(1, (0, 1, 1), (0, 1)): [0, 1]
(1, (0, 1, 1), (0, 2)): [0, 1]
(1, (0, 1, 1), (1, 2)): [0, 1]
(1, (1, 0, 0), (0, 0)): [8295, 1350, 857, 344, 149, 54, 17, 9, 4, 2]
(1, (1, 0, 0), (0, 1)): [8, 2, 1]
(1, (1, 0, 0), (0, 2)): [8, 2, 1]
(1, (1, 0, 0), (1, 0)): [14, 2, 2]
(1, (1, 0, 0), (1, 1)): [4]
(1, (1, 0, 0), (1, 2)): [4, 1]
(1, (1, 0, 0), (2, 0)): [6, 1]
(1, (1, 0, 0), (2, 1)): [6, 1]
(1, (1, 0, 0), (2, 2)): [6, 1]
(1, (1, 0, 1), (0, 0)): [686, 707, 253, 162, 58, 26, 15, 7, 1]
(1, (1, 0, 1), (0, 1)): [0, 1]
(1, (1, 0, 1), (0, 2)): [0, 1]
(1, (1, 0, 1), (1, 0)): [0, 2]
(1, (1, 0, 1), (1, 1)): [0, 2]
(1, (1, 1, 0), (0, 0)): [2443, 706, 438, 291, 139, 49, 24, 5, 3, 1]
(1, (1, 1, 0), (0, 1)): [4]
(1, (1, 1, 0), (0, 2)): [4]
(1, (1, 1, 0), (1, 0)): [7, 0, 1, 0, 0, 1]
(1, (1, 1, 0), (1, 1)): [2]
(1, (1, 1, 0), (1, 2)): [2]
(1, (1, 1, 0), (2, 0)): [3]
(1, (1, 1, 0), (2, 1)): [3]
(1, (1, 1, 0), (2, 2)): [3]
(1, (1, 1, 1), (0, 0)): [525, 376, 265, 158, 105, 46, 17, 3, 2, 2]
(1, (1, 1, 1), (0, 1)): [1]
(1, (1, 1, 1), (0, 2)): [1]
(2, (0, 0, 0), (0, 0)): [18912, 811, 268, 99, 25, 12, 1, 1]
(2, (0, 0, 0), (0, 1)): [22, 2]
(2, (0, 0, 0), (0, 2)): [22, 2]
(2, (0, 0, 0), (1, 0)): [29, 2]
(2, (0, 0, 0), (1, 1)): [9]
(2, (0, 0, 0), (1, 2)): [10, 2]
(2, (0, 0, 0), (2, 0)): [7, 1]
(2, (0, 0, 0), (2, 1)): [7, 1]
(2, (0, 0, 0), (2, 2)): [7, 1]
(2, (0, 0, 1), (0, 0)): [1610, 442, 86, 38, 12, 5, 1, 1]
(2, (0, 0, 1), (0, 1)): [3]
(2, (0, 0, 1), (0, 2)): [3]
(2, (0, 0, 1), (1, 0)): [1]
(2, (0, 0, 1), (1, 2)): [2]
(2, (0, 0, 1), (2, 0)): [1]
(2, (0, 0, 1), (2, 1)): [1]
(2, (0, 0, 1), (2, 2)): [1]
(2, (0, 1, 0), (0, 0)): [4696, 900, 243, 95, 34, 11, 1, 1]
(2, (0, 1, 0), (0, 1)): [3, 1]
(2, (0, 1, 0), (0, 2)): [3, 1]
(2, (0, 1, 0), (1, 0)): [7, 2]
(2, (0, 1, 0), (1, 1)): [4, 1]
(2, (0, 1, 0), (1, 2)): [0, 1]
(2, (0, 1, 0), (2, 0)): [1]
(2, (0, 1, 0), (2, 1)): [1]
(2, (0, 1, 0), (2, 2)): [1]
(2, (0, 1, 1), (0, 0)): [963, 74, 209, 55, 26, 5, 3]
(2, (1, 0, 0), (0, 0)): [9636, 671, 441, 152, 42, 17, 2, 2]
(2, (1, 0, 0), (0, 1)): [7]
(2, (1, 0, 0), (0, 2)): [7]
(2, (1, 0, 0), (1, 0)): [18]
(2, (1, 0, 0), (1, 1)): [3]
(2, (1, 0, 0), (1, 2)): [2]
(2, (1, 0, 0), (2, 0)): [9]
(2, (1, 0, 0), (2, 1)): [9]
(2, (1, 0, 0), (2, 2)): [9]
(2, (1, 0, 1), (0, 0)): [1724, 388, 121, 77, 30, 11, 2, 3]
(2, (1, 0, 1), (1, 0)): [4]
(2, (1, 0, 1), (1, 1)): [1]
(2, (1, 0, 1), (2, 0)): [2]
(2, (1, 0, 1), (2, 1)): [2]
(2, (1, 0, 1), (2, 2)): [2]
(2, (1, 1, 0), (0, 0)): [4126, 575, 296, 200, 59, 26, 10, 3]
(2, (1, 1, 0), (0, 1)): [3]
(2, (1, 1, 0), (0, 2)): [3]
(2, (1, 1, 0), (1, 0)): [5]
(2, (1, 1, 0), (1, 1)): [1]
(2, (1, 1, 0), (1, 2)): [2]
(2, (1, 1, 0), (2, 0)): [3]
(2, (1, 1, 0), (2, 1)): [3]
(2, (1, 1, 0), (2, 2)): [3]
(2, (1, 1, 1), (0, 0)): [1113, 137, 201, 101, 77, 19, 3, 1, 0, 1]
(2, (1, 1, 1), (1, 0)): [1]
(2, (1, 1, 1), (2, 0)): [1]
(2, (1, 1, 1), (2, 1)): [1]
(2, (1, 1, 1), (2, 2)): [1]
