(0, (0, 0, 0)): [15054, 3231, 1519, 732, 325, 141, 59, 29, 14, 6, 1]
(0, (0, 0, 1)): [73, 261, 75, 39, 17, 4, 1, 3]
(0, (0, 1, 0)): [448, 546, 223, 120, 42, 21, 11, 8, 1, 2]
(0, (0, 1, 1)): [50, 97, 128, 47, 26, 17, 9, 4, 1, 1]
(0, (1, 0, 0)): [3365, 1299, 795, 387, 200, 91, 36, 20, 9, 4, 1]
(0, (1, 0, 1)): [83, 270, 124, 103, 63, 26, 12, 6, 1, 1]
(0, (1, 1, 0)): [423, 320, 254, 170, 99, 43, 22, 14, 5, 3, 1]
(0, (1, 1, 1)): [46, 101, 80, 68, 60, 28, 14, 5, 2]
(1, (0, 0, 0)): [11940, 1334, 534, 232, 87, 31, 17, 4, 2, 1]
(1, (0, 0, 1)): [386, 661, 126, 61, 28, 4, 4, 4]
(1, (0, 1, 0)): [1728, 927, 294, 143, 40, 19, 11, 2, 1]
(1, (0, 1, 1)): [315, 270, 301, 96, 41, 23, 10, 2, 0, 1]
(1, (1, 0, 0)): [5060, 978, 604, 265, 94, 37, 15, 4, 3, 2]
(1, (1, 0, 1)): [455, 583, 208, 126, 52, 23, 7, 3]
(1, (1, 1, 0)): [1279, 412, 271, 201, 85, 41, 17, 9, 3, 1]
(1, (1, 1, 1)): [255, 222, 144, 105, 62, 26, 9, 6, 0, 1]
(2, (0, 0, 0)): [10146, 449, 136, 48, 14, 6, 3, 1]
(2, (0, 0, 1)): [1329, 429, 87, 27, 6, 5, 2]
(2, (0, 1, 0)): [2844, 655, 162, 59, 17, 7, 4]
(2, (0, 1, 1)): [757, 53, 196, 44, 22, 3, 2, 1, 0, 1]
(2, (1, 0, 0)): [6105, 505, 252, 78, 33, 7, 2, 1]
(2, (1, 0, 1)): [1135, 309, 131, 63, 28, 10, 4, 1, 1]
(2, (1, 1, 0)): [2090, 332, 192, 118, 39, 14, 4, 1, 1]
(2, (1, 1, 1)): [609, 87, 91, 46, 35, 11, 6, 2, 1]
