(0, (0, 0, 0)): [16941, 3486, 1525, 674, 315, 132, 45, 18, 3, 4]
(0, (0, 0, 1)): [70, 175, 42, 17, 11, 6, 1, 1, 0, 1]
(0, (0, 1, 0)): [556, 480, 193, 98, 39, 21, 7, 3, 1]
(0, (0, 1, 1)): [55, 72, 88, 39, 17, 14, 3, 1]
(0, (1, 0, 0)): [3530, 1102, 717, 327, 189, 87, 30, 12, 3, 3]
(0, (1, 0, 1)): [72, 249, 103, 60, 35, 13, 4, 1]
(0, (1, 1, 0)): [529, 291, 207, 138, 93, 37, 14, 6, 4, 1]
(0, (1, 1, 1)): [53, 80, 74, 46, 49, 18, 7, 3, 1, 1]
(1, (0, 0, 0)): [13902, 1633, 627, 255, 91, 26, 9, 2]
(1, (0, 0, 1)): [315, 434, 73, 33, 10, 9, 2, 1]
(1, (0, 1, 0)): [1674, 726, 265, 105, 49, 20, 3, 1]
(1, (0, 1, 1)): [305, 193, 173, 68, 37, 19, 8, 2, 1]
(1, (1, 0, 0)): [5127, 849, 570, 249, 109, 45, 12, 4, 0, 1]
(1, (1, 0, 1)): [403, 473, 145, 91, 55, 14, 3, 3]
(1, (1, 1, 0)): [1501, 438, 265, 208, 92, 40, 10, 5, 1, 1]
(1, (1, 1, 1)): [278, 252, 143, 83, 78, 32, 12, 7, 2]
(2, (0, 0, 0)): [12131, 603, 185, 63, 13, 4, 2]
(2, (0, 0, 1)): [847, 278, 48, 19, 3, 2]
(2, (0, 1, 0)): [2617, 569, 157, 46, 18, 7, 2]
(2, (0, 1, 1)): [574, 48, 106, 30, 14, 6]
(2, (1, 0, 0)): [6301, 429, 306, 100, 27, 5, 2, 1]
(2, (1, 0, 1)): [987, 255, 79, 48, 19, 3, 2]
(2, (1, 1, 0)): [2595, 370, 163, 143, 31, 14, 3, 1]
(2, (1, 1, 1)): [715, 102, 114, 51, 34, 18, 4, 2, 1]
