(0, (0, 0, 0), (0, 0)): [32961, 6996, 3305, 1583, 749, 320, 157, 45, 21, 8, 4, 3, 1]
(0, (0, 0, 0), (0, 1)): [16332, 3238, 1561, 749, 334, 143, 58, 17, 11, 2, 3, 2]
(0, (0, 0, 0), (0, 2)): [6302, 1084, 543, 252, 106, 51, 16, 4, 1, 1, 2]
(0, (0, 0, 0), (1, 0)): [12843, 2848, 1335, 654, 315, 130, 84, 27, 7, 5, 1, 1, 1]
(0, (0, 0, 0), (1, 1)): [13343, 2724, 1314, 608, 291, 112, 63, 24, 11, 4, 1, 1]
(0, (0, 0, 0), (1, 2)): [9360, 1713, 811, 377, 165, 70, 30, 9, 5, 1, 0, 1]
(0, (0, 0, 0), (2, 0)): [4086, 999, 471, 250, 118, 44, 31, 12, 2, 2, 1, 1, 1]
(0, (0, 0, 0), (2, 1)): [6668, 1451, 710, 366, 177, 56, 43, 12, 7, 1, 1]
(0, (0, 0, 0), (2, 2)): [7391, 1403, 693, 332, 161, 60, 33, 8, 5, 1]
(0, (0, 0, 0), (3, 0)): [1219, 340, 177, 92, 38, 21, 11, 4, 1, 2, 1, 1]
(0, (0, 0, 0), (3, 1)): [2524, 659, 350, 177, 80, 36, 20, 9, 2, 2, 0, 1]
(0, (0, 0, 0), (3, 2)): [3822, 826, 469, 227, 113, 47, 23, 10, 3, 2, 0, 1]
(0, (0, 0, 1), (0, 0)): [93, 271, 68, 36, 22, 8, 5, 4, 0, 1, 2]
(0, (0, 0, 1), (0, 1)): [43, 114, 21, 15, 8, 3, 2, 3]
(0, (0, 0, 1), (0, 2)): [20, 44, 7, 7, 4, 1, 1, 2]
(0, (0, 0, 1), (1, 0)): [41, 131, 35, 18, 13, 5, 2, 1, 0, 1, 2]
(0, (0, 0, 1), (1, 1)): [38, 102, 20, 12, 10, 5, 1, 1, 0, 1]
(0, (0, 0, 1), (1, 2)): [31, 63, 11, 12, 6, 4, 0, 2]
(0, (0, 0, 1), (2, 0)): [18, 49, 12, 8, 5, 2, 1, 1, 0, 0, 2]
(0, (0, 0, 1), (2, 1)): [24, 67, 12, 8, 7, 0, 2, 1, 0, 1]
(0, (0, 0, 1), (2, 2)): [24, 62, 14, 9, 5, 3, 0, 1]
(0, (0, 0, 1), (3, 0)): [6, 14, 3, 4, 2, 1, 0, 0, 0, 0, 1]
(0, (0, 0, 1), (3, 1)): [10, 35, 7, 3, 2, 1, 2, 0, 0, 1]
(0, (0, 0, 1), (3, 2)): [17, 34, 10, 6, 5, 1, 1]
(0, (0, 1, 0), (0, 0)): [1330, 1230, 536, 269, 127, 56, 23, 8, 4, 2, 1, 0, 1]
(0, (0, 1, 0), (0, 1)): [597, 475, 209, 98, 51, 19, 8, 3, 1, 1, 0, 0, 1]
(0, (0, 1, 0), (0, 2)): [248, 180, 83, 38, 22, 6, 1, 1, 1, 0, 0, 0, 1]
(0, (0, 1, 0), (1, 0)): [521, 522, 237, 135, 58, 25, 10, 3, 1, 1, 1]
(0, (0, 1, 0), (1, 1)): [474, 421, 173, 91, 46, 19, 9, 2, 1, 2]
(0, (0, 1, 0), (1, 2)): [333, 262, 114, 60, 32, 10, 3, 2, 2, 1, 0, 0, 1]
(0, (0, 1, 0), (2, 0)): [202, 182, 99, 50, 17, 8, 4, 2]
(0, (0, 1, 0), (2, 1)): [248, 251, 125, 45, 22, 8, 8, 2, 0, 1]
(0, (0, 1, 0), (2, 2)): [275, 228, 112, 44, 22, 6, 5, 3, 0, 0, 0, 0, 1]
(0, (0, 1, 0), (3, 0)): [71, 55, 27, 24, 6, 3, 2]
(0, (0, 1, 0), (3, 1)): [111, 114, 55, 26, 13, 4, 3]
(0, (0, 1, 0), (3, 2)): [172, 140, 62, 33, 11, 8, 5, 1]
(0, (0, 1, 1), (0, 0)): [85, 177, 221, 95, 57, 17, 22, 5, 4, 3, 1]
(0, (0, 1, 1), (0, 1)): [39, 74, 88, 30, 31, 4, 15, 4, 2, 1]
(0, (0, 1, 1), (0, 2)): [15, 27, 37, 15, 15, 2, 4, 3]
(0, (0, 1, 1), (1, 0)): [38, 82, 98, 53, 22, 11, 7, 1, 2, 1, 1]
(0, (0, 1, 1), (1, 1)): [43, 81, 83, 35, 18, 5, 5, 2, 2, 1, 1]
(0, (0, 1, 1), (1, 2)): [28, 44, 57, 22, 12, 0, 5, 3, 2]
(0, (0, 1, 1), (2, 0)): [9, 31, 31, 18, 12, 4, 4, 0, 2, 1]
(0, (0, 1, 1), (2, 1)): [16, 43, 40, 19, 12, 3, 4, 0, 0, 2, 1]
(0, (0, 1, 1), (2, 2)): [28, 36, 48, 15, 9, 1, 2, 1, 1, 2, 1]
(0, (0, 1, 1), (3, 0)): [4, 15, 11, 11, 5, 1, 1, 0, 1]
(0, (0, 1, 1), (3, 1)): [3, 19, 20, 8, 8, 2, 2]
(0, (0, 1, 1), (3, 2)): [16, 21, 21, 10, 11, 1, 2, 1, 0, 1, 1]
(0, (1, 0, 0), (0, 0)): [6661, 2025, 1477, 766, 381, 184, 95, 28, 11, 6, 3, 2]
(0, (1, 0, 0), (0, 1)): [3043, 803, 626, 335, 160, 76, 40, 9, 7, 3, 1, 1]
(0, (1, 0, 0), (0, 2)): [1205, 266, 226, 118, 67, 27, 15, 3, 3, 2, 1]
(0, (1, 0, 0), (1, 0)): [2543, 889, 594, 317, 158, 81, 40, 12, 1, 3, 1, 1]
(0, (1, 0, 0), (1, 1)): [2298, 683, 500, 253, 97, 60, 30, 6, 3, 1]
(0, (1, 0, 0), (1, 2)): [1571, 395, 315, 173, 76, 47, 19, 5, 3, 1]
(0, (1, 0, 0), (2, 0)): [816, 305, 184, 132, 72, 37, 19, 6, 0, 1, 1]
(0, (1, 0, 0), (2, 1)): [1096, 367, 269, 146, 56, 36, 21, 5, 2, 1, 1]
(0, (1, 0, 0), (2, 2)): [1101, 335, 233, 132, 63, 32, 18, 3, 3, 1, 1]
(0, (1, 0, 0), (3, 0)): [207, 91, 64, 44, 31, 11, 7, 2, 0, 1]
(0, (1, 0, 0), (3, 1)): [397, 153, 115, 71, 29, 22, 13, 2]
(0, (1, 0, 0), (3, 2)): [521, 200, 128, 87, 33, 21, 15, 3, 3, 1]
(0, (1, 0, 1), (0, 0)): [171, 409, 190, 135, 69, 44, 19, 8, 3, 3, 2, 0, 1]
(0, (1, 0, 1), (0, 1)): [92, 172, 93, 56, 27, 14, 9, 2, 2, 1, 0, 0, 1]
(0, (1, 0, 1), (0, 2)): [42, 62, 34, 22, 7, 4, 3, 1, 0, 0, 0, 0, 1]
(0, (1, 0, 1), (1, 0)): [57, 164, 70, 46, 25, 21, 7, 5, 0, 2, 2]
(0, (1, 0, 1), (1, 1)): [67, 123, 69, 42, 16, 14, 6, 1, 1, 1, 1]
(0, (1, 0, 1), (1, 2)): [50, 78, 46, 26, 10, 9, 5, 1, 0, 0, 1, 0, 1]
(0, (1, 0, 1), (2, 0)): [21, 51, 23, 13, 14, 5, 4, 1, 0, 2, 1]
(0, (1, 0, 1), (2, 1)): [33, 68, 36, 23, 9, 7, 4, 2, 0, 1, 1]
(0, (1, 0, 1), (2, 2)): [44, 62, 33, 16, 4, 9, 2, 1, 0, 1, 1]
(0, (1, 0, 1), (3, 0)): [11, 6, 7, 2, 8, 2, 1, 0, 0, 1]
(0, (1, 0, 1), (3, 1)): [15, 19, 16, 5, 9, 3, 2, 1, 0, 1]
(0, (1, 0, 1), (3, 2)): [24, 32, 23, 5, 5, 6, 1, 0, 0, 1, 1]
(0, (1, 1, 0), (0, 0)): [1060, 624, 418, 333, 188, 91, 47, 11, 7, 2, 1, 1]
(0, (1, 1, 0), (0, 1)): [501, 267, 156, 125, 76, 39, 21, 4, 4]
(0, (1, 1, 0), (0, 2)): [195, 103, 50, 39, 28, 17, 4, 2, 2]
(0, (1, 1, 0), (1, 0)): [375, 238, 161, 143, 76, 36, 19, 6, 3, 1]
(0, (1, 1, 0), (1, 1)): [358, 197, 139, 106, 58, 27, 15, 2, 1]
(0, (1, 1, 0), (1, 2)): [270, 131, 76, 73, 34, 16, 6, 2, 1]
(0, (1, 1, 0), (2, 0)): [110, 94, 56, 51, 31, 10, 10, 1, 3, 1]
(0, (1, 1, 0), (2, 1)): [159, 123, 73, 53, 35, 13, 5, 1, 4]
(0, (1, 1, 0), (2, 2)): [181, 103, 65, 54, 25, 13, 5]
(0, (1, 1, 0), (3, 0)): [29, 32, 19, 19, 9, 3, 5, 0, 0, 1]
(0, (1, 1, 0), (3, 1)): [66, 66, 27, 30, 20, 10, 6, 0, 3]
(0, (1, 1, 0), (3, 2)): [88, 61, 34, 32, 17, 12, 2, 0, 1]
(0, (1, 1, 1), (0, 0)): [125, 216, 160, 116, 96, 51, 22, 3, 9, 5, 2]
(0, (1, 1, 1), (0, 1)): [60, 96, 69, 52, 41, 20, 10, 1, 3, 3, 1]
(0, (1, 1, 1), (0, 2)): [31, 43, 22, 18, 16, 9, 3, 0, 0, 1]
(0, (1, 1, 1), (1, 0)): [45, 89, 58, 50, 31, 21, 8, 2, 4, 2]
(0, (1, 1, 1), (1, 1)): [41, 74, 51, 47, 25, 19, 6, 3, 5, 2, 1]
(0, (1, 1, 1), (1, 2)): [38, 55, 29, 23, 20, 12, 5, 0, 3, 2]
(0, (1, 1, 1), (2, 0)): [12, 22, 21, 15, 15, 5, 3, 0, 0, 1]
(0, (1, 1, 1), (2, 1)): [21, 35, 25, 22, 14, 9, 4, 2, 0, 0, 1]
(0, (1, 1, 1), (2, 2)): [24, 43, 27, 21, 13, 9, 6, 1, 1, 0, 1]
(0, (1, 1, 1), (3, 0)): [3, 6, 5, 4, 2, 0, 1, 0, 0, 1]
(0, (1, 1, 1), (3, 1)): [6, 14, 11, 8, 5, 3, 2]
(0, (1, 1, 1), (3, 2)): [11, 16, 18, 14, 6, 3, 5, 0, 0, 0, 1]
(1, (0, 0, 0), (0, 0)): [27282, 3215, 1365, 559, 241, 75, 35, 10, 4, 0, 0, 1]
(1, (0, 0, 0), (0, 1)): [13536, 1396, 584, 244, 113, 37, 21, 6, 3]
(1, (0, 0, 0), (0, 2)): [5307, 454, 178, 90, 32, 10, 7, 0, 1]
(1, (0, 0, 0), (1, 0)): [10949, 1430, 634, 243, 100, 24, 13, 3, 1, 0, 0, 1]
(1, (0, 0, 0), (1, 1)): [11077, 1368, 572, 186, 109, 28, 13, 6, 1]
(1, (0, 0, 0), (1, 2)): [7792, 749, 289, 129, 61, 14, 7, 0, 2]
(1, (0, 0, 0), (2, 0)): [3685, 498, 244, 97, 38, 12, 6, 1, 1]
(1, (0, 0, 0), (2, 1)): [5754, 754, 360, 117, 72, 21, 10, 4]
(1, (0, 0, 0), (2, 2)): [6256, 656, 303, 132, 57, 15, 7, 3, 1]
(1, (0, 0, 0), (3, 0)): [1090, 172, 105, 43, 9, 6, 5, 0, 1]
(1, (0, 0, 0), (3, 1)): [2282, 329, 195, 60, 38, 6, 6, 1]
(1, (0, 0, 0), (3, 2)): [3460, 400, 206, 81, 51, 13, 4, 1]
(1, (0, 0, 1), (0, 0)): [733, 951, 222, 96, 37, 18, 8, 1, 1, 1]
(1, (0, 0, 1), (0, 1)): [344, 394, 92, 29, 9, 7, 4]
(1, (0, 0, 1), (0, 2)): [160, 136, 27, 9, 2, 3]
(1, (0, 0, 1), (1, 0)): [326, 420, 102, 52, 22, 9, 4, 1, 1, 1]
(1, (0, 0, 1), (1, 1)): [290, 329, 72, 32, 10, 6, 3]
(1, (0, 0, 1), (1, 2)): [233, 212, 50, 12, 5, 4, 2]
(1, (0, 0, 1), (2, 0)): [131, 175, 54, 24, 9, 4, 3, 1, 1, 1]
(1, (0, 0, 1), (2, 1)): [162, 170, 43, 26, 8, 2, 0, 0, 1, 1]
(1, (0, 0, 1), (2, 2)): [210, 185, 47, 14, 5, 2, 2, 0, 1]
(1, (0, 0, 1), (3, 0)): [62, 64, 21, 9, 7, 2, 1, 1]
(1, (0, 0, 1), (3, 1)): [69, 69, 24, 9, 6, 2, 0, 0, 0, 1]
(1, (0, 0, 1), (3, 2)): [120, 98, 35, 13, 5, 4, 2, 0, 1]
(1, (0, 1, 0), (0, 0)): [3695, 1397, 604, 257, 140, 53, 10, 9, 0, 1]
(1, (0, 1, 0), (0, 1)): [1651, 574, 264, 98, 54, 21, 3, 4]
(1, (0, 1, 0), (0, 2)): [628, 207, 89, 25, 19, 6, 0, 3]
(1, (0, 1, 0), (1, 0)): [1682, 651, 280, 138, 74, 26, 6, 4, 0, 1]
(1, (0, 1, 0), (1, 1)): [1498, 532, 234, 104, 51, 17, 3, 2]
(1, (0, 1, 0), (1, 2)): [1032, 310, 134, 50, 28, 8, 0, 2]
(1, (0, 1, 0), (2, 0)): [658, 257, 122, 77, 39, 14, 2, 3, 0, 1]
(1, (0, 1, 0), (2, 1)): [817, 309, 144, 81, 32, 9, 3, 4]
(1, (0, 1, 0), (2, 2)): [913, 267, 118, 55, 28, 8, 2, 4]
(1, (0, 1, 0), (3, 0)): [323, 94, 56, 38, 28, 11, 1, 0, 0, 1]
(1, (0, 1, 0), (3, 1)): [390, 131, 66, 50, 24, 11, 1, 2]
(1, (0, 1, 0), (3, 2)): [560, 164, 71, 41, 28, 12, 2, 3]
(1, (0, 1, 1), (0, 0)): [564, 455, 405, 174, 100, 42, 18, 7, 1, 2]
(1, (0, 1, 1), (0, 1)): [221, 153, 147, 60, 38, 6, 8, 4, 1]
(1, (0, 1, 1), (0, 2)): [97, 45, 55, 19, 16, 3, 2, 1]
(1, (0, 1, 1), (1, 0)): [302, 252, 203, 87, 51, 31, 8, 3, 0, 2]
(1, (0, 1, 1), (1, 1)): [196, 153, 128, 51, 30, 10, 6, 2, 1, 1]
(1, (0, 1, 1), (1, 2)): [149, 82, 91, 31, 24, 4, 5, 3, 1, 1]
(1, (0, 1, 1), (2, 0)): [172, 131, 102, 49, 29, 23, 6, 3, 0, 1]
(1, (0, 1, 1), (2, 1)): [117, 78, 66, 32, 17, 12, 4]
(1, (0, 1, 1), (2, 2)): [129, 73, 81, 29, 16, 7, 5, 3, 1]
(1, (0, 1, 1), (3, 0)): [122, 75, 55, 32, 23, 17, 4, 3, 0, 1]
(1, (0, 1, 1), (3, 1)): [60, 32, 25, 16, 9, 5, 2, 0, 0, 1]
(1, (0, 1, 1), (3, 2)): [77, 46, 43, 25, 17, 6, 4, 2, 1, 1]
(1, (1, 0, 0), (0, 0)): [9793, 1569, 1207, 512, 241, 93, 43, 10, 5, 0, 0, 1]
(1, (1, 0, 0), (0, 1)): [4427, 656, 498, 202, 93, 35, 17, 1, 1, 0, 0, 1]
(1, (1, 0, 0), (0, 2)): [1735, 221, 160, 55, 27, 16, 5]
(1, (1, 0, 0), (1, 0)): [4019, 712, 537, 243, 118, 42, 21, 8, 2]
(1, (1, 0, 0), (1, 1)): [3580, 578, 440, 170, 90, 24, 17, 2, 2, 0, 0, 1]
(1, (1, 0, 0), (1, 2)): [2435, 337, 233, 91, 47, 20, 9, 1, 1]
(1, (1, 0, 0), (2, 0)): [1296, 243, 189, 102, 51, 20, 11, 4]
(1, (1, 0, 0), (2, 1)): [1731, 325, 258, 110, 42, 15, 10, 3, 1, 0, 0, 1]
(1, (1, 0, 0), (2, 2)): [1826, 294, 201, 81, 31, 12, 10, 0, 1, 0, 0, 1]
(1, (1, 0, 0), (3, 0)): [362, 63, 65, 43, 21, 7, 7, 1]
(1, (1, 0, 0), (3, 1)): [656, 135, 111, 57, 21, 11, 7, 3]
(1, (1, 0, 0), (3, 2)): [880, 186, 118, 44, 22, 7, 8, 2, 1, 0, 0, 1]
(1, (1, 0, 1), (0, 0)): [834, 789, 289, 196, 107, 38, 16, 7, 6, 1, 1]
(1, (1, 0, 1), (0, 1)): [398, 300, 109, 73, 43, 14, 8, 1, 6, 0, 1]
(1, (1, 0, 1), (0, 2)): [188, 109, 36, 31, 14, 5, 1, 1, 1, 0, 1]
(1, (1, 0, 1), (1, 0)): [339, 332, 129, 85, 46, 21, 7, 6, 0, 1]
(1, (1, 0, 1), (1, 1)): [285, 262, 102, 58, 29, 11, 8, 2, 1]
(1, (1, 0, 1), (1, 2)): [208, 148, 57, 35, 16, 5, 3, 0, 1, 0, 1]
(1, (1, 0, 1), (2, 0)): [126, 106, 47, 27, 22, 9, 1, 4, 0, 1]
(1, (1, 0, 1), (2, 1)): [130, 134, 53, 36, 18, 8, 4, 4, 0, 1]
(1, (1, 0, 1), (2, 2)): [149, 99, 51, 27, 12, 6, 3, 1]
(1, (1, 0, 1), (3, 0)): [63, 23, 14, 11, 8, 2, 0, 1]
(1, (1, 0, 1), (3, 1)): [57, 58, 21, 20, 12, 6, 1, 4, 0, 1]
(1, (1, 0, 1), (3, 2)): [73, 65, 30, 20, 12, 5, 3, 2]
(1, (1, 1, 0), (0, 0)): [2896, 760, 525, 452, 197, 93, 34, 12, 3, 2, 1, 1]
(1, (1, 1, 0), (0, 1)): [1360, 330, 213, 183, 83, 32, 14, 5, 2, 1, 1]
(1, (1, 1, 0), (0, 2)): [524, 109, 71, 68, 26, 10, 4, 3]
(1, (1, 1, 0), (1, 0)): [1134, 319, 240, 194, 84, 45, 18, 5, 1, 1, 0, 1]
(1, (1, 1, 0), (1, 1)): [1098, 278, 188, 159, 76, 27, 14, 2, 2, 2, 1]
(1, (1, 1, 0), (1, 2)): [743, 165, 103, 83, 40, 15, 5, 3, 0, 1]
(1, (1, 1, 0), (2, 0)): [349, 117, 87, 63, 38, 24, 7, 3, 1]
(1, (1, 1, 0), (2, 1)): [541, 145, 107, 87, 48, 21, 8, 2, 2, 1, 1]
(1, (1, 1, 0), (2, 2)): [577, 158, 88, 91, 45, 16, 3, 3, 1, 2]
(1, (1, 1, 0), (3, 0)): [92, 38, 36, 17, 14, 9, 1, 2]
(1, (1, 1, 0), (3, 1)): [174, 67, 62, 34, 25, 8, 4, 0, 1, 0, 1]
(1, (1, 1, 0), (3, 2)): [266, 88, 80, 50, 35, 11, 4, 1, 0, 1, 1]
(1, (1, 1, 1), (0, 0)): [677, 448, 309, 206, 163, 78, 26, 13, 4, 1]
(1, (1, 1, 1), (0, 1)): [324, 204, 128, 87, 74, 27, 8, 4, 0, 1]
(1, (1, 1, 1), (0, 2)): [149, 78, 50, 25, 23, 9, 1, 1, 0, 1]
(1, (1, 1, 1), (1, 0)): [248, 177, 127, 89, 66, 34, 13, 5, 3]
(1, (1, 1, 1), (1, 1)): [243, 156, 114, 75, 64, 25, 8, 3, 1]
(1, (1, 1, 1), (1, 2)): [191, 112, 72, 41, 30, 14, 5, 1, 0, 1]
(1, (1, 1, 1), (2, 0)): [66, 57, 34, 34, 20, 15, 9, 3, 2]
(1, (1, 1, 1), (2, 1)): [106, 84, 50, 43, 35, 12, 10, 4, 3]
(1, (1, 1, 1), (2, 2)): [149, 87, 42, 41, 36, 7, 7, 1, 2, 1]
(1, (1, 1, 1), (3, 0)): [10, 14, 15, 7, 5, 4, 0, 1]
(1, (1, 1, 1), (3, 1)): [25, 32, 26, 19, 15, 6, 2, 0, 1]
(1, (1, 1, 1), (3, 2)): [51, 42, 31, 23, 18, 2, 6, 0, 0, 1]
(2, (0, 0, 0), (0, 0)): [24035, 1291, 431, 167, 43, 13, 5, 2]
(2, (0, 0, 0), (0, 1)): [11560, 522, 165, 67, 21, 5, 2, 2]
(2, (0, 0, 0), (0, 2)): [4435, 150, 57, 20, 5, 2]
(2, (0, 0, 0), (1, 0)): [9983, 593, 221, 77, 16, 7, 3]
(2, (0, 0, 0), (1, 1)): [9906, 490, 159, 73, 22, 7, 1, 1]
(2, (0, 0, 0), (1, 2)): [6783, 238, 77, 35, 9, 2]
(2, (0, 0, 0), (2, 0)): [3562, 230, 104, 29, 3, 2, 2]
(2, (0, 0, 0), (2, 1)): [5352, 315, 123, 47, 12, 6, 0, 1]
(2, (0, 0, 0), (2, 2)): [5728, 232, 84, 39, 9, 3]
(2, (0, 0, 0), (3, 0)): [1084, 81, 44, 15, 0, 2, 2]
(2, (0, 0, 0), (3, 1)): [2193, 151, 71, 31, 8, 3, 2, 1]
(2, (0, 0, 0), (3, 2)): [3349, 160, 72, 29, 10, 4, 1, 1]
(2, (0, 0, 1), (0, 0)): [2313, 591, 144, 40, 28, 7, 1, 2, 0, 1]
(2, (0, 0, 1), (0, 1)): [998, 258, 46, 17, 9, 3]
(2, (0, 0, 1), (0, 2)): [391, 74, 11, 4, 2, 1]
(2, (0, 0, 1), (1, 0)): [1115, 261, 80, 19, 19, 2, 1, 2, 0, 1]
(2, (0, 0, 1), (1, 1)): [957, 240, 50, 18, 16, 0, 0, 1]
(2, (0, 0, 1), (1, 2)): [621, 117, 22, 9, 5, 1]
(2, (0, 0, 1), (2, 0)): [486, 101, 41, 11, 9, 2, 1, 1, 0, 1]
(2, (0, 0, 1), (2, 1)): [613, 147, 34, 11, 12, 0, 0, 2, 0, 1]
(2, (0, 0, 1), (2, 2)): [611, 126, 23, 7, 12, 1, 0, 1]
(2, (0, 0, 1), (3, 0)): [247, 34, 20, 9, 7, 2, 1]
(2, (0, 0, 1), (3, 1)): [281, 63, 15, 12, 6, 1, 0, 1, 0, 1]
(2, (0, 0, 1), (3, 2)): [411, 80, 22, 10, 12, 1, 0, 1, 0, 1]
(2, (0, 1, 0), (0, 0)): [6011, 1119, 361, 128, 66, 18, 4, 2]
(2, (0, 1, 0), (0, 1)): [2618, 437, 116, 43, 25, 2, 1]
(2, (0, 1, 0), (0, 2)): [1044, 122, 39, 15, 6, 1, 1]
(2, (0, 1, 0), (1, 0)): [2882, 545, 189, 72, 37, 15, 3, 2]
(2, (0, 1, 0), (1, 1)): [2487, 421, 120, 45, 23, 6, 3, 1]
(2, (0, 1, 0), (1, 2)): [1684, 217, 62, 22, 9, 3, 1]
(2, (0, 1, 0), (2, 0)): [1219, 243, 90, 46, 20, 9, 0, 1]
(2, (0, 1, 0), (2, 1)): [1412, 256, 90, 39, 19, 4, 1]
(2, (0, 1, 0), (2, 2)): [1504, 210, 60, 27, 11, 2, 1]
(2, (0, 1, 0), (3, 0)): [654, 103, 44, 29, 13, 5, 0, 1]
(2, (0, 1, 0), (3, 1)): [649, 132, 49, 19, 10, 3, 1]
(2, (0, 1, 0), (3, 2)): [889, 138, 41, 30, 11, 3, 2]
(2, (0, 1, 1), (0, 0)): [1383, 108, 251, 108, 38, 7, 5, 2]
(2, (0, 1, 1), (0, 1)): [604, 34, 101, 46, 10, 2, 1]
(2, (0, 1, 1), (0, 2)): [252, 8, 34, 15, 6]
(2, (0, 1, 1), (1, 0)): [671, 69, 128, 53, 25, 5, 4, 2]
(2, (0, 1, 1), (1, 1)): [558, 40, 99, 47, 12, 4, 2, 1]
(2, (0, 1, 1), (1, 2)): [404, 22, 54, 26, 8]
(2, (0, 1, 1), (2, 0)): [296, 39, 52, 23, 16, 2, 2, 1]
(2, (0, 1, 1), (2, 1)): [318, 32, 49, 25, 11, 3, 2, 1]
(2, (0, 1, 1), (2, 2)): [369, 22, 55, 27, 8, 1, 0, 1]
(2, (0, 1, 1), (3, 0)): [167, 23, 33, 10, 12, 2, 2, 1]
(2, (0, 1, 1), (3, 1)): [151, 19, 19, 12, 8, 2, 2, 1]
(2, (0, 1, 1), (3, 2)): [223, 21, 37, 19, 6, 1, 1, 2]
(2, (1, 0, 0), (0, 0)): [11755, 843, 637, 223, 74, 20, 11, 3, 1]
(2, (1, 0, 0), (0, 1)): [5276, 316, 238, 81, 26, 6, 4, 2, 1]
(2, (1, 0, 0), (0, 2)): [2032, 88, 79, 25, 4, 2, 2, 1, 1]
(2, (1, 0, 0), (1, 0)): [5002, 410, 276, 105, 37, 12, 4, 1]
(2, (1, 0, 0), (1, 1)): [4394, 284, 193, 62, 27, 7, 3]
(2, (1, 0, 0), (1, 2)): [2916, 144, 107, 24, 13, 2, 1, 0, 1]
(2, (1, 0, 0), (2, 0)): [1679, 171, 96, 54, 14, 7, 1, 1]
(2, (1, 0, 0), (2, 1)): [2321, 191, 124, 57, 12, 9, 3]
(2, (1, 0, 0), (2, 2)): [2362, 147, 85, 35, 13, 4, 2, 0, 1]
(2, (1, 0, 0), (3, 0)): [499, 55, 34, 22, 7, 2, 1, 1]
(2, (1, 0, 0), (3, 1)): [928, 101, 67, 31, 6, 5, 1]
(2, (1, 0, 0), (3, 2)): [1276, 95, 78, 35, 10, 4, 1, 0, 1]
(2, (1, 0, 1), (0, 0)): [2248, 450, 184, 141, 67, 13, 8, 4, 1]
(2, (1, 0, 1), (0, 1)): [1043, 175, 62, 47, 28, 6, 3]
(2, (1, 0, 1), (0, 2)): [410, 54, 12, 16, 13, 0, 1]
(2, (1, 0, 1), (1, 0)): [935, 207, 100, 73, 33, 6, 4, 3, 1]
(2, (1, 0, 1), (1, 1)): [846, 150, 78, 55, 24, 7, 3, 3]
(2, (1, 0, 1), (1, 2)): [581, 77, 40, 26, 14, 3, 2]
(2, (1, 0, 1), (2, 0)): [351, 77, 41, 21, 16, 2, 1, 0, 1]
(2, (1, 0, 1), (2, 1)): [452, 85, 41, 29, 21, 3, 1, 3]
(2, (1, 0, 1), (2, 2)): [443, 59, 32, 29, 19, 1, 3]
(2, (1, 0, 1), (3, 0)): [121, 30, 16, 9, 4, 1, 1, 0, 1]
(2, (1, 0, 1), (3, 1)): [209, 39, 26, 14, 9, 0, 1, 1, 1]
(2, (1, 0, 1), (3, 2)): [264, 30, 26, 14, 16, 0, 0, 1]
(2, (1, 1, 0), (0, 0)): [5011, 710, 379, 284, 103, 31, 13, 5]
(2, (1, 1, 0), (0, 1)): [2410, 297, 161, 106, 42, 7, 5, 3]
(2, (1, 1, 0), (0, 2)): [991, 78, 44, 42, 13, 1]
(2, (1, 1, 0), (1, 0)): [2052, 309, 166, 141, 48, 20, 8, 1]
(2, (1, 1, 0), (1, 1)): [1947, 274, 141, 98, 37, 10, 5, 3]
(2, (1, 1, 0), (1, 2)): [1393, 141, 77, 52, 18, 2, 1, 2]
(2, (1, 1, 0), (2, 0)): [738, 104, 67, 50, 23, 11, 5]
(2, (1, 1, 0), (2, 1)): [1028, 139, 77, 72, 34, 10, 4]
(2, (1, 1, 0), (2, 2)): [1116, 123, 64, 46, 20, 5, 1, 1]
(2, (1, 1, 0), (3, 0)): [253, 31, 25, 18, 8, 5, 2]
(2, (1, 1, 0), (3, 1)): [464, 67, 46, 37, 26, 9, 4]
(2, (1, 1, 0), (3, 2)): [657, 80, 56, 43, 25, 2, 2, 1]
(2, (1, 1, 1), (0, 0)): [1599, 211, 258, 128, 128, 34, 17, 5]
(2, (1, 1, 1), (0, 1)): [822, 75, 115, 49, 48, 13, 6, 1]
(2, (1, 1, 1), (0, 2)): [373, 25, 27, 16, 13, 7, 5]
(2, (1, 1, 1), (1, 0)): [612, 117, 104, 61, 57, 21, 7, 4]
(2, (1, 1, 1), (1, 1)): [605, 87, 100, 45, 47, 8, 4, 2]
(2, (1, 1, 1), (1, 2)): [479, 46, 53, 16, 22, 6, 5, 1]
(2, (1, 1, 1), (2, 0)): [177, 65, 43, 25, 24, 10, 3, 1]
(2, (1, 1, 1), (2, 1)): [283, 65, 54, 35, 28, 11, 3]
(2, (1, 1, 1), (2, 2)): [370, 51, 48, 17, 20, 10, 3]
(2, (1, 1, 1), (3, 0)): [32, 40, 9, 8, 7, 4, 0, 1]
(2, (1, 1, 1), (3, 1)): [82, 55, 16, 24, 11, 5, 2]
(2, (1, 1, 1), (3, 2)): [163, 58, 26, 29, 19, 9, 1]
