(0, (0, 0, 0), (0, 0)): [26804, 5213, 2457, 1111, 493, 191, 84, 37, 12, 2, 0, 2]
(0, (0, 0, 0), (0, 1)): [78, 10, 11, 7, 1, 0, 0, 1]
(0, (0, 0, 0), (0, 2)): [33, 4, 6, 3]
(0, (0, 0, 0), (1, 0)): [106, 16, 7, 5, 1, 1, 1, 1]
(0, (0, 0, 0), (1, 1)): [81, 12, 5, 6, 1, 1, 0, 1]
(0, (0, 0, 0), (1, 2)): [55, 6, 5, 4]
(0, (0, 0, 0), (2, 0)): [35, 2, 2, 1]
(0, (0, 0, 0), (2, 1)): [41, 6, 2, 3, 1]
(0, (0, 0, 0), (2, 2)): [38, 7, 2, 5]
(0, (0, 0, 0), (3, 0)): [11, 2, 1]
(0, (0, 0, 0), (3, 1)): [20, 3, 0, 1, 1]
(0, (0, 0, 0), (3, 2)): [23, 2, 0, 2, 1]
(0, (0, 0, 1), (0, 0)): [131, 304, 68, 40, 19, 5, 4]
(0, (0, 0, 1), (0, 1)): [1, 0, 0, 1]
(0, (0, 0, 1), (1, 0)): [0, 2, 2, 1]
(0, (0, 0, 1), (1, 1)): [1, 1, 1, 1]
(0, (0, 0, 1), (1, 2)): [1, 0, 0, 1]
(0, (0, 0, 1), (2, 0)): [0, 1]
(0, (0, 0, 1), (2, 1)): [0, 1]
(0, (0, 0, 1), (2, 2)): [1]
(0, (0, 1, 0), (0, 0)): [1074, 809, 329, 175, 85, 36, 19, 5, 1]
(0, (0, 1, 0), (0, 1)): [4, 1, 2, 0, 1]
(0, (0, 1, 0), (0, 2)): [4, 1, 1]
(0, (0, 1, 0), (1, 0)): [2, 5, 1, 1, 0, 0, 1]
(0, (0, 1, 0), (1, 1)): [0, 1, 2, 1, 1]
(0, (0, 1, 0), (1, 2)): [3, 1, 0, 1]
(0, (0, 1, 0), (2, 0)): [1, 1, 0, 0, 0, 0, 1]
(0, (0, 1, 0), (2, 1)): [1, 1, 1, 0, 1, 0, 1]
(0, (0, 1, 0), (2, 2)): [1, 1, 1, 0, 0, 0, 1]
(0, (0, 1, 0), (3, 1)): [0, 1, 0, 0, 1]
(0, (0, 1, 0), (3, 2)): [1, 2, 1, 0, 1, 0, 1]
(0, (0, 1, 1), (0, 0)): [92, 126, 136, 80, 39, 16, 10, 6, 2]
(0, (0, 1, 1), (0, 1)): [1]
(0, (0, 1, 1), (0, 2)): [1]
(0, (0, 1, 1), (1, 0)): [0, 0, 1, 3, 0, 1]
(0, (0, 1, 1), (1, 1)): [0, 0, 0, 1]
(0, (0, 1, 1), (1, 2)): [1]
(0, (0, 1, 1), (2, 0)): [0, 0, 0, 1, 0, 1]
(0, (0, 1, 1), (2, 1)): [0, 0, 0, 1]
(0, (0, 1, 1), (2, 2)): [1]
(0, (0, 1, 1), (3, 0)): [0, 0, 0, 1, 0, 1]
(0, (0, 1, 1), (3, 2)): [1]
(0, (1, 0, 0), (0, 0)): [5732, 1690, 1196, 600, 262, 110, 45, 23, 5, 1, 0, 1]
(0, (1, 0, 0), (0, 1)): [20, 5, 5, 5]
(0, (1, 0, 0), (0, 2)): [9, 1, 1, 1]
(0, (1, 0, 0), (1, 0)): [26, 4, 3, 1]
(0, (1, 0, 0), (1, 1)): [18, 3, 5, 2]
(0, (1, 0, 0), (1, 2)): [16, 0, 3, 1]
(0, (1, 0, 0), (2, 0)): [8, 2, 1]
(0, (1, 0, 0), (2, 1)): [11, 2, 1, 2]
(0, (1, 0, 0), (2, 2)): [10, 1, 2]
(0, (1, 0, 0), (3, 0)): [0, 1]
(0, (1, 0, 0), (3, 1)): [3, 1, 0, 2]
(0, (1, 0, 0), (3, 2)): [2, 0, 1]
(0, (1, 0, 1), (0, 0)): [162, 379, 133, 109, 60, 27, 15, 7, 2, 1, 1]
(0, (1, 0, 1), (0, 1)): [2, 1, 0, 1, 0, 0, 1]
(0, (1, 0, 1), (0, 2)): [1, 0, 0, 1]
(0, (1, 0, 1), (1, 0)): [0, 2, 2, 1]
(0, (1, 0, 1), (1, 1)): [0, 1, 1]
(0, (1, 0, 1), (1, 2)): [1]
(0, (1, 0, 1), (2, 0)): [0, 1, 1, 1]
(0, (1, 0, 1), (2, 1)): [0, 1, 1, 1]
(0, (1, 0, 1), (2, 2)): [0, 1, 1, 1]
(0, (1, 0, 1), (3, 0)): [0, 1]
(0, (1, 0, 1), (3, 1)): [0, 1]
(0, (1, 0, 1), (3, 2)): [0, 0, 1]
(0, (1, 1, 0), (0, 0)): [833, 440, 355, 271, 129, 66, 26, 13, 3, 1, 0, 1]
(0, (1, 1, 0), (0, 1)): [2, 1, 1, 0, 0, 0, 0, 1]
(0, (1, 1, 0), (0, 2)): [2]
(0, (1, 1, 0), (1, 0)): [2, 0, 2]
(0, (1, 1, 0), (1, 1)): [1, 0, 1, 0, 0, 0, 0, 1]
(0, (1, 1, 0), (1, 2)): [2, 0, 1, 0, 0, 0, 0, 1]
(0, (1, 1, 0), (2, 0)): [0, 0, 2]
(0, (1, 1, 0), (2, 1)): [0, 0, 1]
(0, (1, 1, 0), (2, 2)): [0, 0, 1]
(0, (1, 1, 1), (0, 0)): [79, 150, 115, 80, 63, 37, 19, 6, 2, 1]
(0, (1, 1, 1), (0, 1)): [0, 0, 1]
(0, (1, 1, 1), (1, 0)): [0, 2, 2, 1, 0, 1]
(0, (1, 1, 1), (1, 1)): [0, 2, 2]
(0, (1, 1, 1), (1, 2)): [0, 1, 1]
(0, (1, 1, 1), (2, 0)): [0, 0, 1]
(0, (1, 1, 1), (2, 1)): [0, 1, 1]
(0, (1, 1, 1), (2, 2)): [0, 0, 2]
(0, (1, 1, 1), (3, 0)): [0, 0, 1]
(0, (1, 1, 1), (3, 1)): [0, 1]
(0, (1, 1, 1), (3, 2)): [0, 0, 1]
(1, (0, 0, 0), (0, 0)): [21843, 2407, 987, 372, 155, 51, 25, 9, 5, 1, 0, 1]
(1, (0, 0, 0), (0, 1)): [67, 8, 2, 1, 0, 0, 0, 1]
(1, (0, 0, 0), (0, 2)): [34, 3, 2]
(1, (0, 0, 0), (1, 0)): [79, 11, 6, 1, 0, 1]
(1, (0, 0, 0), (1, 1)): [52, 10, 3, 1, 0, 1, 0, 1]
(1, (0, 0, 0), (1, 2)): [38, 6, 3, 0, 0, 1]
(1, (0, 0, 0), (2, 0)): [22, 4, 2]
(1, (0, 0, 0), (2, 1)): [26, 4, 0, 1, 0, 0, 0, 1]
(1, (0, 0, 0), (2, 2)): [29, 7, 1, 0, 0, 0, 0, 1]
(1, (0, 0, 0), (3, 0)): [7, 2, 2]
(1, (0, 0, 0), (3, 1)): [12, 1, 1, 1]
(1, (0, 0, 0), (3, 2)): [16, 3, 1]
(1, (0, 0, 1), (0, 0)): [604, 764, 141, 65, 19, 13, 5, 2]
(1, (0, 0, 1), (0, 1)): [1, 4]
(1, (0, 0, 1), (0, 2)): [1, 1]
(1, (0, 0, 1), (1, 0)): [7, 4, 2, 0, 0, 0, 0, 1]
(1, (0, 0, 1), (1, 1)): [1, 5, 1]
(1, (0, 0, 1), (1, 2)): [1, 3]
(1, (0, 0, 1), (2, 0)): [4, 1, 1, 0, 0, 0, 0, 1]
(1, (0, 0, 1), (2, 1)): [2, 2, 1]
(1, (0, 0, 1), (2, 2)): [2, 2]
(1, (0, 0, 1), (3, 0)): [2, 0, 1, 0, 0, 0, 0, 1]
(1, (0, 0, 1), (3, 1)): [2, 1, 1]
(1, (0, 0, 1), (3, 2)): [4, 1]
(1, (0, 1, 0), (0, 0)): [2808, 1104, 446, 201, 83, 24, 7, 3, 1]
(1, (0, 1, 0), (0, 1)): [11, 3, 1, 1]
(1, (0, 1, 0), (0, 2)): [4, 1, 1, 1]
(1, (0, 1, 0), (1, 0)): [14, 4, 3, 1]
(1, (0, 1, 0), (1, 1)): [9, 2]
(1, (0, 1, 0), (1, 2)): [6, 1, 1, 1]
(1, (0, 1, 0), (2, 0)): [7, 2, 2, 1]
(1, (0, 1, 0), (2, 1)): [3, 3, 1, 1]
(1, (0, 1, 0), (2, 2)): [4, 1]
(1, (0, 1, 0), (3, 0)): [6, 0, 1]
(1, (0, 1, 0), (3, 1)): [2, 2, 1, 1]
(1, (0, 1, 0), (3, 2)): [1, 1, 1]
(1, (0, 1, 1), (0, 0)): [467, 322, 275, 131, 50, 24, 11, 1, 1]
(1, (0, 1, 1), (0, 1)): [1, 2, 0, 0, 0, 0, 1]
(1, (0, 1, 1), (0, 2)): [1, 2, 0, 0, 0, 0, 1]
(1, (0, 1, 1), (1, 0)): [0, 3, 5, 0, 0, 1]
(1, (0, 1, 1), (1, 1)): [0, 0, 1]
(1, (0, 1, 1), (1, 2)): [1, 1, 0, 0, 0, 0, 1]
(1, (0, 1, 1), (2, 0)): [0, 2, 1, 0, 0, 1]
(1, (0, 1, 1), (2, 1)): [0, 0, 1]
(1, (0, 1, 1), (3, 0)): [0, 2, 1, 0, 0, 1]
(1, (0, 1, 1), (3, 1)): [0, 0, 1]
(1, (1, 0, 0), (0, 0)): [8196, 1339, 975, 371, 153, 47, 30, 6, 5, 1, 0, 1]
(1, (1, 0, 0), (0, 1)): [33, 2, 6]
(1, (1, 0, 0), (0, 2)): [18, 0, 4]
(1, (1, 0, 0), (1, 0)): [35, 5, 4, 2, 1]
(1, (1, 0, 0), (1, 1)): [29, 5, 3, 0, 1]
(1, (1, 0, 0), (1, 2)): [18, 3, 4]
(1, (1, 0, 0), (2, 0)): [12, 2, 1]
(1, (1, 0, 0), (2, 1)): [16, 2, 1, 0, 1]
(1, (1, 0, 0), (2, 2)): [21, 3, 2]
(1, (1, 0, 0), (3, 0)): [3, 0, 1]
(1, (1, 0, 0), (3, 1)): [2, 1, 1]
(1, (1, 0, 0), (3, 2)): [4, 2, 1]
(1, (1, 0, 1), (0, 0)): [721, 687, 223, 158, 53, 21, 10, 5, 1, 0, 0, 1]
(1, (1, 0, 1), (0, 1)): [4, 3]
(1, (1, 0, 1), (0, 2)): [1, 1]
(1, (1, 0, 1), (1, 0)): [6, 0, 0, 1, 1, 1, 0, 1]
(1, (1, 0, 1), (1, 1)): [6, 1, 0, 0, 1]
(1, (1, 0, 1), (1, 2)): [2, 1]
(1, (1, 0, 1), (2, 0)): [2, 0, 0, 1, 0, 0, 0, 1]
(1, (1, 0, 1), (2, 1)): [1]
(1, (1, 0, 1), (2, 2)): [1]
(1, (1, 0, 1), (3, 0)): [2]
(1, (1, 0, 1), (3, 1)): [1]
(1, (1, 0, 1), (3, 2)): [1]
(1, (1, 1, 0), (0, 0)): [2449, 640, 446, 340, 141, 48, 22, 10, 3, 0, 1]
(1, (1, 1, 0), (0, 1)): [14, 0, 1]
(1, (1, 1, 0), (0, 2)): [6]
(1, (1, 1, 0), (1, 0)): [5, 2, 5, 1, 0, 0, 1, 1]
(1, (1, 1, 0), (1, 1)): [7, 0, 4, 0, 0, 0, 1, 1]
(1, (1, 1, 0), (1, 2)): [8, 0, 1]
(1, (1, 1, 0), (2, 0)): [2, 2, 1]
(1, (1, 1, 0), (2, 1)): [1, 2, 3, 0, 0, 0, 1]
(1, (1, 1, 0), (2, 2)): [6, 1, 3]
(1, (1, 1, 0), (3, 2)): [3, 1]
(1, (1, 1, 1), (0, 0)): [530, 365, 242, 159, 101, 45, 13, 7, 2]
(1, (1, 1, 1), (0, 1)): [2, 1, 2, 0, 0, 1]
(1, (1, 1, 1), (0, 2)): [1, 1, 1, 0, 0, 1]
(1, (1, 1, 1), (1, 0)): [5, 2, 0, 0, 1]
(1, (1, 1, 1), (1, 1)): [3, 0, 1, 0, 1]
(1, (1, 1, 1), (1, 2)): [0, 1, 1]
(1, (1, 1, 1), (2, 0)): [2, 1]
(1, (1, 1, 1), (2, 1)): [3, 1, 1, 0, 1]
(1, (1, 1, 1), (2, 2)): [1]
(1, (1, 1, 1), (3, 0)): [1]
(1, (1, 1, 1), (3, 1)): [1, 1, 1, 0, 1]
(1, (1, 1, 1), (3, 2)): [1, 0, 0, 0, 1]
(2, (0, 0, 0), (0, 0)): [19094, 929, 273, 99, 29, 9]
(2, (0, 0, 0), (0, 1)): [64, 2]
(2, (0, 0, 0), (0, 2)): [21, 1]
(2, (0, 0, 0), (1, 0)): [63, 5, 1, 1]
(2, (0, 0, 0), (1, 1)): [56, 4]
(2, (0, 0, 0), (1, 2)): [39]
(2, (0, 0, 0), (2, 0)): [23, 0, 1, 1]
(2, (0, 0, 0), (2, 1)): [29, 3, 1]
(2, (0, 0, 0), (2, 2)): [34]
(2, (0, 0, 0), (3, 0)): [8]
(2, (0, 0, 0), (3, 1)): [12, 0, 1]
(2, (0, 0, 0), (3, 2)): [21, 0, 1]
(2, (0, 0, 1), (0, 0)): [1505, 472, 92, 47, 13, 1, 1]
(2, (0, 0, 1), (0, 1)): [3, 4, 1]
(2, (0, 0, 1), (0, 2)): [2, 0, 1]
(2, (0, 0, 1), (1, 0)): [6, 5, 0, 1]
(2, (0, 0, 1), (1, 1)): [2, 8]
(2, (0, 0, 1), (1, 2)): [2, 2]
(2, (0, 0, 1), (2, 0)): [4, 1, 0, 1]
(2, (0, 0, 1), (2, 1)): [3, 4, 0, 1]
(2, (0, 0, 1), (2, 2)): [0, 1]
(2, (0, 0, 1), (3, 0)): [2]
(2, (0, 0, 1), (3, 1)): [3, 1, 0, 1]
(2, (0, 0, 1), (3, 2)): [2, 1, 0, 1]
(2, (0, 1, 0), (0, 0)): [4238, 867, 279, 80, 35, 9, 3]
(2, (0, 1, 0), (0, 1)): [11, 2]
(2, (0, 1, 0), (0, 2)): [6, 2]
(2, (0, 1, 0), (1, 0)): [28, 4, 1, 1]
(2, (0, 1, 0), (1, 1)): [11, 2]
(2, (0, 1, 0), (1, 2)): [6, 1]
(2, (0, 1, 0), (2, 0)): [15, 1, 1]
(2, (0, 1, 0), (2, 1)): [8, 1]
(2, (0, 1, 0), (2, 2)): [4]
(2, (0, 1, 0), (3, 0)): [12, 1, 1]
(2, (0, 1, 0), (3, 1)): [7]
(2, (0, 1, 0), (3, 2)): [3]
(2, (0, 1, 1), (0, 0)): [926, 81, 164, 51, 17, 8, 2, 1]
(2, (0, 1, 1), (0, 1)): [1, 1, 2]
(2, (0, 1, 1), (0, 2)): [0, 1]
(2, (0, 1, 1), (1, 0)): [6, 1, 1]
(2, (0, 1, 1), (1, 1)): [3, 0, 3]
(2, (0, 1, 1), (1, 2)): [0, 1, 2]
(2, (0, 1, 1), (2, 0)): [2]
(2, (0, 1, 1), (2, 1)): [2, 0, 1]
(2, (0, 1, 1), (2, 2)): [2, 0, 1]
(2, (0, 1, 1), (3, 0)): [2]
(2, (0, 1, 1), (3, 2)): [2]
(2, (1, 0, 0), (0, 0)): [9665, 631, 442, 162, 43, 21, 2, 1]
(2, (1, 0, 0), (0, 1)): [38, 1, 2, 1]
(2, (1, 0, 0), (0, 2)): [14]
(2, (1, 0, 0), (1, 0)): [49, 3]
(2, (1, 0, 0), (1, 1)): [37, 1, 1]
(2, (1, 0, 0), (1, 2)): [25]
(2, (1, 0, 0), (2, 0)): [13]
(2, (1, 0, 0), (2, 1)): [16, 0, 1]
(2, (1, 0, 0), (2, 2)): [12]
(2, (1, 0, 0), (3, 0)): [4]
(2, (1, 0, 0), (3, 1)): [11]
(2, (1, 0, 0), (3, 2)): [9]
(2, (1, 0, 1), (0, 0)): [1792, 389, 125, 89, 26, 10, 3]
(2, (1, 0, 1), (0, 1)): [7, 2]
(2, (1, 0, 1), (0, 2)): [5, 1]
(2, (1, 0, 1), (1, 0)): [9, 1, 1, 2, 0, 1]
(2, (1, 0, 1), (1, 1)): [4, 1, 1, 0, 0, 1]
(2, (1, 0, 1), (1, 2)): [3, 1]
(2, (1, 0, 1), (2, 0)): [4, 0, 0, 1]
(2, (1, 0, 1), (2, 1)): [2, 1, 0, 0, 0, 1]
(2, (1, 0, 1), (3, 0)): [2, 0, 0, 1]
(2, (1, 0, 1), (3, 1)): [1, 1, 0, 1]
(2, (1, 1, 0), (0, 0)): [4117, 562, 298, 202, 62, 25, 6, 1, 1]
(2, (1, 1, 0), (0, 1)): [16, 1, 1]
(2, (1, 1, 0), (0, 2)): [10, 0, 1]
(2, (1, 1, 0), (1, 0)): [24, 1, 2]
(2, (1, 1, 0), (1, 1)): [16, 0, 1]
(2, (1, 1, 0), (1, 2)): [13]
(2, (1, 1, 0), (2, 0)): [8]
(2, (1, 1, 0), (2, 1)): [9, 0, 1]
(2, (1, 1, 0), (2, 2)): [13, 0, 1]
(2, (1, 1, 0), (3, 0)): [1]
(2, (1, 1, 0), (3, 1)): [3]
(2, (1, 1, 0), (3, 2)): [4]
(2, (1, 1, 1), (0, 0)): [1269, 153, 185, 94, 74, 24, 5, 1, 1]
(2, (1, 1, 1), (0, 1)): [6]
(2, (1, 1, 1), (0, 2)): [2]
(2, (1, 1, 1), (1, 0)): [5, 1]
(2, (1, 1, 1), (1, 1)): [5]
(2, (1, 1, 1), (1, 2)): [3]
(2, (1, 1, 1), (2, 0)): [2, 1]
(2, (1, 1, 1), (2, 1)): [1, 1]
(2, (1, 1, 1), (2, 2)): [2]
(2, (1, 1, 1), (3, 0)): [2]
(2, (1, 1, 1), (3, 1)): [2]
(2, (1, 1, 1), (3, 2)): [2]
