(0, (0, 0, 0)): [13543, 2553, 1121, 551, 256, 111, 32, 23, 5, 6, 1, 0, 1]
(0, (0, 0, 1)): [48, 130, 29, 17, 10, 4, 1, 1, 0, 1]
(0, (0, 1, 0)): [456, 415, 137, 68, 38, 9, 3, 4, 0, 1]
(0, (0, 1, 1)): [33, 62, 87, 24, 25, 7, 5, 4, 1]
(0, (1, 0, 0)): [3034, 992, 618, 305, 154, 70, 25, 15, 6, 4, 1, 0, 1]
(0, (1, 0, 1)): [61, 243, 88, 62, 27, 15, 2, 2]
(0, (1, 1, 0)): [383, 232, 203, 155, 78, 38, 18, 7, 3, 0, 1]
(0, (1, 1, 1)): [44, 65, 59, 50, 42, 20, 9, 11, 3]
(1, (0, 0, 0)): [10668, 1115, 400, 198, 70, 32, 9, 3, 1, 1]
(1, (0, 0, 1)): [259, 406, 69, 31, 8, 4, 2, 1, 2]
(1, (0, 1, 0)): [1470, 730, 249, 105, 40, 16, 3, 2, 0, 1, 0, 0, 1]
(1, (0, 1, 1)): [218, 207, 163, 82, 37, 21, 4, 4, 2]
(1, (1, 0, 0)): [4297, 829, 423, 211, 75, 30, 11, 5, 2, 2]
(1, (1, 0, 1)): [315, 447, 129, 75, 30, 17, 4, 3]
(1, (1, 1, 0)): [1215, 400, 251, 178, 68, 23, 15, 1, 2, 3, 1, 0, 1]
(1, (1, 1, 1)): [250, 221, 143, 98, 54, 29, 10, 7, 3, 0, 0, 1, 1]
(2, (0, 0, 0)): [9090, 344, 109, 41, 14, 9, 1, 0, 0, 1]
(2, (0, 0, 1)): [739, 274, 36, 18, 3, 4]
(2, (0, 1, 0)): [2281, 507, 114, 42, 15, 8]
(2, (0, 1, 1)): [503, 37, 105, 39, 13, 4, 1, 2]
(2, (1, 0, 0)): [5317, 380, 212, 79, 22, 12, 3, 1, 0, 1]
(2, (1, 0, 1)): [762, 200, 72, 52, 14, 9, 1]
(2, (1, 1, 0)): [2305, 361, 180, 112, 39, 13, 2, 0, 0, 1]
(2, (1, 1, 1)): [640, 91, 123, 50, 32, 10, 1, 1, 1, 1]
