(0, (0, 0, 0), (0, 0)): [392058, 81292, 38498, 17924, 8161, 3655, 1521, 651, 274, 143, 53, 24, 14, 4, 2]
(0, (0, 0, 0), (0, 1)): [274, 60, 38, 13, 8, 2, 0, 0, 0, 1]
(0, (0, 0, 0), (0, 2)): [129, 22, 16, 6, 2]
(0, (0, 0, 0), (1, 0)): [286, 80, 37, 15, 8, 10, 2, 1, 0, 1]
(0, (0, 0, 0), (1, 1)): [174, 50, 19, 5, 7, 1, 0, 1]
(0, (0, 0, 0), (1, 2)): [115, 25, 10, 6, 3]
(0, (0, 0, 0), (2, 0)): [154, 43, 27, 11, 5, 7, 1, 0, 0, 1]
(0, (0, 0, 0), (2, 1)): [102, 32, 13, 1, 3, 1, 1]
(0, (0, 0, 0), (2, 2)): [95, 18, 7, 2, 3, 1]
(0, (0, 0, 0), (3, 0)): [109, 28, 21, 10, 5, 7]
(0, (0, 0, 0), (3, 1)): [75, 23, 10, 2, 0, 0, 1]
(0, (0, 0, 0), (3, 2)): [84, 18, 10, 2, 2]
(0, (0, 0, 1), (0, 0)): [1664, 5913, 1645, 795, 406, 164, 80, 46, 22, 8, 2, 1, 2]
(0, (0, 1, 0), (0, 0)): [12723, 13342, 5195, 2469, 1259, 595, 245, 116, 51, 29, 9, 4, 2]
(0, (0, 1, 1), (0, 0)): [1141, 2146, 2776, 1260, 675, 338, 142, 63, 32, 12, 5, 3, 0, 1, 1]
(0, (1, 0, 0), (0, 0)): [86864, 30937, 19474, 9845, 4766, 2196, 939, 403, 171, 97, 36, 15, 9, 3, 2]
(0, (1, 0, 0), (0, 1)): [49, 15, 18, 4, 2, 2, 1, 1]
(0, (1, 0, 0), (0, 2)): [19, 8, 8, 1, 2, 1, 0, 1]
(0, (1, 0, 0), (1, 0)): [57, 30, 19, 5, 2, 0, 1]
(0, (1, 0, 0), (1, 1)): [35, 14, 10, 5]
(0, (1, 0, 1), (0, 0)): [2029, 6840, 2909, 2021, 1084, 515, 275, 111, 54, 25, 9, 7, 3, 0, 1]
(0, (1, 1, 0), (0, 0)): [11580, 7864, 6451, 4427, 2413, 1129, 514, 249, 102, 52, 25, 8, 4, 1]
(0, (1, 1, 1), (0, 0)): [1154, 2234, 1941, 1557, 1222, 619, 285, 136, 64, 29, 18, 5, 0, 1, 1]
(1, (0, 0, 0), (0, 0)): [311209, 34667, 14512, 5852, 2326, 937, 364, 151, 59, 21, 9, 6, 2, 1]
(1, (0, 0, 0), (0, 1)): [214, 27, 12, 2, 1]
(1, (0, 0, 0), (0, 2)): [115, 8, 6, 0, 1]
(1, (0, 0, 0), (1, 0)): [237, 21, 12, 5, 3, 1]
(1, (0, 0, 0), (1, 1)): [151, 17, 9, 5, 1]
(1, (0, 0, 0), (1, 2)): [92, 8, 5, 1, 1]
(1, (0, 0, 0), (2, 0)): [107, 13, 6, 1, 2, 1]
(1, (0, 0, 0), (2, 1)): [84, 10, 6, 2, 1]
(1, (0, 0, 0), (2, 2)): [77, 9, 8, 3]
(1, (0, 0, 0), (3, 0)): [61, 6, 1, 1, 1, 1]
(1, (0, 0, 0), (3, 1)): [48, 7, 2, 0, 1]
(1, (0, 0, 0), (3, 2)): [50, 9, 5, 2]
(1, (0, 0, 1), (0, 0)): [9358, 15110, 3004, 1258, 547, 223, 91, 48, 21, 6, 6, 4, 2, 1]
(1, (0, 1, 0), (0, 0)): [44040, 22097, 7576, 3153, 1347, 559, 206, 95, 25, 22, 6, 5, 3]
(1, (0, 1, 0), (1, 0)): [38, 20, 8, 5, 3, 1]
(1, (0, 1, 0), (2, 0)): [19, 10, 3, 3, 3, 1]
(1, (0, 1, 0), (3, 0)): [15, 6, 2, 2, 3]
(1, (0, 1, 1), (0, 0)): [7578, 6702, 6622, 2596, 1277, 515, 209, 88, 47, 12, 6, 3, 1, 1]
(1, (0, 1, 1), (0, 1)): [8, 3, 2, 2]
(1, (0, 1, 1), (0, 2)): [7, 0, 0, 1]
(1, (0, 1, 1), (1, 0)): [11, 3, 3, 2, 5, 3]
(1, (0, 1, 1), (1, 2)): [3]
(1, (0, 1, 1), (2, 0)): [9, 3, 2, 1, 3, 3]
(1, (0, 1, 1), (2, 2)): [2, 0, 0, 1]
(1, (0, 1, 1), (3, 0)): [7, 3, 2, 0, 3, 3]
(1, (0, 1, 1), (3, 2)): [3, 0, 1]
(1, (1, 0, 0), (0, 0)): [128070, 24434, 14977, 6658, 2633, 1132, 426, 168, 75, 33, 14, 10, 2, 2]
(1, (1, 0, 0), (0, 1)): [100, 16, 18, 7, 1, 2, 1]
(1, (1, 0, 0), (0, 2)): [43, 7, 11, 3]
(1, (1, 0, 0), (1, 1)): [70, 15, 10, 2, 0, 2, 1, 1]
(1, (1, 0, 0), (1, 2)): [43, 5, 7, 0, 0, 0, 1]
(1, (1, 0, 0), (2, 1)): [46, 8, 9, 3, 0, 2, 0, 1]
(1, (1, 0, 0), (2, 2)): [37, 5, 7]
(1, (1, 0, 0), (3, 1)): [25, 4, 4, 4, 0, 1, 0, 1]
(1, (1, 0, 0), (3, 2)): [28, 2, 6, 3]
(1, (1, 0, 1), (0, 0)): [10213, 13410, 4536, 2937, 1218, 561, 211, 78, 29, 24, 9, 2]
(1, (1, 0, 1), (0, 1)): [9, 4, 4, 5, 0, 1]
(1, (1, 0, 1), (0, 2)): [8, 2, 1, 4, 0, 1]
(1, (1, 0, 1), (1, 0)): [9, 13, 3, 5, 2, 2]
(1, (1, 1, 0), (0, 0)): [33765, 10940, 7962, 5286, 2327, 1024, 405, 161, 61, 28, 8, 6, 1, 3]
(1, (1, 1, 0), (0, 1)): [15, 4, 5, 2, 1, 1, 1]
(1, (1, 1, 0), (0, 2)): [7, 3, 1, 0, 1]
(1, (1, 1, 0), (1, 0)): [30, 4, 9, 6, 5, 1]
(1, (1, 1, 0), (1, 1)): [11, 1, 3, 2, 0, 0, 1]
(1, (1, 1, 0), (1, 2)): [7, 1, 1, 1, 1]
(1, (1, 1, 0), (2, 2)): [13, 2, 0, 1, 2]
(1, (1, 1, 1), (0, 0)): [6788, 5697, 3741, 2600, 1793, 816, 342, 125, 55, 23, 10, 5, 1, 1]
(1, (1, 1, 1), (1, 0)): [7, 5, 9, 2, 5, 2, 2, 1]
(2, (0, 0, 0), (0, 0)): [266245, 11773, 4121, 1277, 471, 178, 59, 25, 6, 1, 1]
(2, (0, 0, 0), (0, 1)): [211, 17, 4, 1]
(2, (0, 0, 0), (0, 2)): [97, 9, 1, 1]
(2, (0, 0, 0), (1, 0)): [263, 19, 8, 5, 2]
(2, (0, 0, 0), (1, 1)): [169, 9, 6, 0, 1]
(2, (0, 0, 0), (1, 2)): [110, 7, 5, 1, 1]
(2, (0, 0, 0), (2, 0)): [126, 10, 3, 4, 1]
(2, (0, 0, 0), (2, 1)): [120, 7, 3, 1]
(2, (0, 0, 0), (2, 2)): [107, 5, 5, 2, 1]
(2, (0, 0, 0), (3, 0)): [61, 3, 2, 2, 1]
(2, (0, 0, 0), (3, 1)): [64, 5, 2]
(2, (0, 0, 0), (3, 2)): [77, 6, 6, 0, 1]
(2, (0, 0, 1), (0, 0)): [29386, 9670, 1839, 615, 217, 92, 31, 8, 1, 2, 0, 1]
(2, (0, 0, 1), (1, 0)): [25, 8, 3, 0, 0, 1]
(2, (0, 0, 1), (2, 0)): [14, 3, 2, 0, 0, 1]
(2, (0, 0, 1), (3, 0)): [11, 2, 2, 0, 0, 1]
(2, (0, 1, 0), (0, 0)): [71752, 17102, 4198, 1434, 488, 178, 53, 14, 5, 1]
(2, (0, 1, 0), (0, 1)): [39, 7, 1, 0, 1]
(2, (0, 1, 0), (0, 2)): [17, 0, 1, 0, 1]
(2, (0, 1, 0), (1, 0)): [56, 11, 7, 4, 1]
(2, (0, 1, 0), (1, 1)): [30, 7, 2]
(2, (0, 1, 0), (2, 0)): [35, 6, 5, 4, 1]
(2, (0, 1, 0), (2, 1)): [29, 3, 1, 1]
(2, (0, 1, 0), (2, 2)): [21, 1, 2, 0, 1]
(2, (0, 1, 0), (3, 0)): [24, 6, 4, 2, 1]
(2, (0, 1, 0), (3, 2)): [26, 2, 2, 0, 1]
(2, (0, 1, 1), (0, 0)): [17944, 1557, 4353, 1171, 436, 154, 56, 19, 10, 3, 1]
(2, (0, 1, 1), (0, 1)): [15, 3, 4, 1]
(2, (1, 0, 0), (0, 0)): [157213, 12386, 7099, 2340, 816, 255, 100, 37, 11, 2, 2]
(2, (1, 0, 0), (0, 1)): [88, 2, 4, 2]
(2, (1, 0, 0), (0, 2)): [38, 0, 2]
(2, (1, 0, 0), (1, 0)): [102, 7, 5, 4, 1, 1]
(2, (1, 0, 0), (1, 1)): [65, 5, 5, 3]
(2, (1, 0, 0), (1, 2)): [37, 1, 4, 2]
(2, (1, 0, 0), (2, 0)): [43, 2, 1, 3]
(2, (1, 0, 0), (2, 1)): [37, 3, 2]
(2, (1, 0, 0), (2, 2)): [27, 2, 3, 1]
(2, (1, 0, 0), (3, 0)): [22, 2, 0, 2]
(2, (1, 0, 0), (3, 1)): [23, 1, 2]
(2, (1, 0, 0), (3, 2)): [20, 0, 0, 1]
(2, (1, 0, 1), (0, 0)): [27068, 7205, 3106, 1680, 519, 207, 68, 28, 11, 2, 0, 1]
(2, (1, 0, 1), (0, 1)): [24, 2, 3, 3]
(2, (1, 0, 1), (0, 2)): [13, 1, 2, 1]
(2, (1, 1, 0), (0, 0)): [57297, 9291, 4976, 2986, 1014, 354, 103, 37, 16, 5, 3, 0, 0, 1]
(2, (1, 1, 0), (0, 1)): [47, 7, 6, 3, 2]
(2, (1, 1, 0), (0, 2)): [22, 3, 3, 1, 1]
(2, (1, 1, 0), (1, 0)): [40, 6, 6, 6, 2, 2, 0, 1]
(2, (1, 1, 0), (1, 1)): [22, 4, 3, 2, 1]
(2, (1, 1, 0), (1, 2)): [17, 2, 1, 1]
(2, (1, 1, 0), (2, 0)): [25, 4, 2, 4, 1, 1, 0, 1]
(2, (1, 1, 0), (2, 1)): [16, 4, 2, 1, 1]
(2, (1, 1, 0), (2, 2)): [11, 2, 1, 1, 1]
(2, (1, 1, 0), (3, 2)): [10, 1, 2, 1, 1]
(2, (1, 1, 1), (0, 0)): [16819, 2539, 2997, 1579, 1062, 367, 115, 45, 20, 3, 3, 0, 0, 1]
(2, (1, 1, 1), (1, 0)): [14, 11, 3, 5, 0, 1]
(2, (1, 1, 1), (2, 0)): [9, 10, 1, 3, 0, 1]
(2, (1, 1, 1), (3, 0)): [5, 9, 0, 3, 0, 1]
