(0, (0, 0, 0)): [659, 104, 43, 19, 9, 6, 3, 1]
(0, (0, 0, 1)): [2, 7, 5]
(0, (0, 1, 0)): [30, 18, 6, 3, 2]
(0, (1, 0, 0)): [124, 42, 17, 10, 3, 3, 2]
(0, (1, 0, 1)): [2, 5, 7, 3, 3, 1, 1]
(0, (1, 1, 0)): [20, 11, 3, 8, 1, 1, 1]
(1, (0, 0, 0)): [527, 46, 18, 7, 5, 3, 1, 1]
(1, (0, 0, 1)): [24, 26, 5, 3, 1]
(1, (0, 1, 0)): [85, 44, 7, 5, 2, 1]
(1, (0, 1, 1)): [14, 12, 14, 7, 0, 2]
(1, (1, 0, 0)): [188, 30, 13, 7, 2, 4, 1, 1]
(1, (1, 0, 1)): [5, 10, 3, 3, 4, 1, 0, 1]
(1, (1, 1, 0)): [38, 12, 6, 9, 1, 1, 1]
(2, (0, 0, 0)): [453, 11, 6, 2, 3]
(2, (0, 0, 1)): [68, 26, 3, 0, 2]
(2, (0, 1, 0)): [140, 30, 9, 3]
(2, (0, 1, 1)): [38, 5, 10]
(2, (1, 0, 0)): [238, 13, 8, 5, 2]
(2, (1, 0, 1)): [33, 8, 6, 1]
(2, (1, 1, 0)): [62, 13, 7, 5, 2]
