(0, (0, 0, 0)): [434525, 89173, 42137, 19618, 8946, 3945, 1649, 713, 297, 158, 56, 25, 15, 4, 2]
(0, (0, 0, 1)): [1835, 6366, 1775, 857, 448, 173, 88, 50, 22, 9, 2, 1, 2]
(0, (0, 1, 0)): [14131, 14576, 5642, 2694, 1377, 636, 265, 126, 53, 32, 9, 4, 2]
(0, (0, 1, 1)): [1255, 2320, 3017, 1367, 740, 353, 157, 68, 37, 13, 5, 3, 0, 1, 1]
(0, (1, 0, 0)): [96261, 33867, 21374, 10745, 5217, 2373, 1027, 441, 190, 105, 39, 16, 10, 3, 2]
(0, (1, 0, 1)): [2207, 7509, 3157, 2184, 1172, 550, 290, 116, 55, 26, 9, 7, 3, 0, 1]
(0, (1, 1, 0)): [12825, 8650, 7083, 4853, 2654, 1240, 559, 271, 113, 56, 27, 9, 4, 1]
(0, (1, 1, 1)): [1283, 2472, 2134, 1717, 1343, 665, 307, 154, 71, 30, 19, 6, 0, 1, 1]
(1, (0, 0, 0)): [344948, 38123, 15851, 6453, 2551, 1016, 396, 163, 62, 24, 9, 6, 2, 1]
(1, (0, 0, 1)): [10212, 16270, 3207, 1364, 588, 237, 99, 49, 25, 7, 6, 4, 2, 1]
(1, (0, 1, 0)): [48575, 24112, 8296, 3466, 1473, 600, 226, 106, 26, 23, 6, 5, 4]
(1, (0, 1, 1)): [8307, 7279, 7120, 2813, 1400, 563, 224, 96, 50, 13, 6, 3, 1, 1]
(1, (1, 0, 0)): [141416, 26798, 16369, 7285, 2859, 1215, 465, 183, 81, 37, 14, 10, 2, 2]
(1, (1, 0, 1)): [11136, 14652, 4900, 3141, 1316, 603, 228, 84, 32, 24, 9, 2]
(1, (1, 1, 0)): [37643, 12183, 8773, 5829, 2528, 1112, 443, 178, 67, 33, 9, 6, 2, 3]
(1, (1, 1, 1)): [7651, 6388, 4196, 2891, 1985, 897, 371, 141, 62, 24, 10, 6, 2, 1]
(2, (0, 0, 0)): [294914, 12966, 4512, 1421, 520, 197, 65, 25, 6, 2, 1]
(2, (0, 0, 1)): [31696, 10448, 1955, 662, 233, 99, 31, 9, 1, 2, 0, 1]
(2, (0, 1, 0)): [78744, 18606, 4558, 1587, 536, 198, 56, 15, 5, 1]
(2, (0, 1, 1)): [19518, 1687, 4688, 1263, 470, 161, 60, 22, 10, 3, 1]
(2, (1, 0, 0)): [173396, 13534, 7817, 2581, 881, 278, 110, 37, 11, 3, 2]
(2, (1, 0, 1)): [29439, 7811, 3320, 1816, 561, 221, 72, 28, 11, 2, 0, 1]
(2, (1, 1, 0)): [64545, 10456, 5554, 3335, 1116, 388, 114, 38, 16, 6, 3, 0, 0, 1]
(2, (1, 1, 1)): [18907, 2849, 3348, 1738, 1165, 404, 126, 46, 21, 4, 3, 0, 0, 1]
