(0, (0, 0, 0), (0, 0)): [1718435, 350105, 161187, 73493, 32844, 14045, 5812, 2372, 963, 421, 169, 94, 32, 17, 4, 1, 1, 1]
(0, (0, 0, 0), (0, 1)): [186210, 36210, 16496, 7646, 3373, 1471, 592, 204, 86, 40, 16, 10, 4, 3, 0, 1]
(0, (0, 0, 0), (0, 2)): [70180, 12121, 5378, 2423, 1070, 456, 181, 59, 30, 12, 5, 2, 2]
(0, (0, 0, 0), (1, 0)): [168470, 38639, 18368, 8516, 3983, 1664, 726, 297, 130, 41, 18, 12, 0, 2, 1, 0, 1]
(0, (0, 0, 0), (1, 1)): [160563, 33162, 15463, 7193, 3187, 1365, 591, 222, 100, 29, 19, 11, 2, 3, 0, 1, 1]
(0, (0, 0, 0), (1, 2)): [108178, 19574, 8868, 4027, 1799, 757, 332, 119, 57, 20, 11, 5, 4]
(0, (0, 0, 0), (2, 0)): [54760, 13903, 7061, 3330, 1635, 685, 288, 127, 48, 19, 9, 5, 0, 1, 1]
(0, (0, 0, 0), (2, 1)): [83891, 19022, 9334, 4317, 2034, 866, 348, 161, 60, 19, 10, 8, 0, 1, 0, 0, 1]
(0, (0, 0, 0), (2, 2)): [86353, 17096, 8081, 3737, 1674, 698, 287, 120, 58, 19, 9, 3, 3, 0, 0, 0, 1]
(0, (0, 0, 0), (3, 0)): [16260, 4765, 2755, 1387, 686, 299, 119, 52, 20, 6, 4, 1, 0, 1, 1]
(0, (0, 0, 0), (3, 1)): [32329, 8704, 4630, 2263, 1095, 473, 187, 92, 38, 10, 3, 6, 0, 1, 1]
(0, (0, 0, 0), (3, 2)): [45983, 10749, 5651, 2660, 1251, 536, 204, 88, 41, 15, 6, 7, 2, 0, 1, 0, 1]
(0, (0, 0, 1), (0, 0)): [6522, 20131, 5554, 2662, 1278, 543, 241, 104, 41, 21, 10, 3, 3, 3]
(0, (0, 0, 1), (0, 1)): [527, 1641, 476, 193, 105, 36, 18, 8, 4, 1, 2, 0, 0, 1]
(0, (0, 0, 1), (0, 2)): [236, 618, 154, 68, 33, 14, 5, 2, 2]
(0, (0, 0, 1), (1, 0)): [540, 1884, 571, 310, 135, 66, 25, 11, 2, 1, 1]
(0, (0, 0, 1), (1, 1)): [503, 1567, 453, 206, 112, 40, 21, 9, 1, 1, 2, 0, 0, 1]
(0, (0, 0, 1), (1, 2)): [381, 1005, 265, 114, 53, 26, 9, 5, 2, 1, 1]
(0, (0, 0, 1), (2, 0)): [187, 709, 239, 145, 51, 32, 9, 6, 2, 1]
(0, (0, 0, 1), (2, 1)): [271, 892, 301, 152, 80, 32, 17, 6, 2, 1, 1]
(0, (0, 0, 1), (2, 2)): [347, 906, 256, 121, 68, 23, 11, 2, 1, 1]
(0, (0, 0, 1), (3, 0)): [55, 233, 81, 62, 19, 13, 6, 2, 1]
(0, (0, 0, 1), (3, 1)): [105, 413, 134, 97, 44, 16, 8, 4, 1]
(0, (0, 0, 1), (3, 2)): [197, 557, 160, 106, 58, 14, 5, 2, 2, 1]
(0, (0, 1, 0), (0, 0)): [62564, 58672, 23015, 11286, 5394, 2326, 994, 425, 175, 95, 29, 13, 5, 6, 2, 0, 1]
(0, (0, 1, 0), (0, 1)): [6864, 6249, 2424, 1140, 542, 230, 113, 45, 19, 10, 0, 2, 0, 1]
(0, (0, 1, 0), (0, 2)): [2754, 2108, 824, 364, 171, 82, 46, 13, 6, 3, 0, 1]
(0, (0, 1, 0), (1, 0)): [6858, 6740, 2843, 1501, 691, 324, 117, 57, 20, 8, 4, 2, 2, 2, 1, 0, 1]
(0, (0, 1, 0), (1, 1)): [6159, 5535, 2228, 1127, 519, 220, 94, 46, 10, 8, 1, 1, 0, 2]
(0, (0, 1, 0), (1, 2)): [4264, 3346, 1358, 670, 284, 127, 55, 31, 6, 3, 1, 2]
(0, (0, 1, 0), (2, 0)): [2500, 2420, 1077, 618, 269, 154, 49, 26, 11, 3, 1, 2, 2, 1, 0, 0, 1]
(0, (0, 1, 0), (2, 1)): [3373, 3133, 1323, 670, 318, 166, 60, 23, 8, 6, 1, 1, 1, 1, 0, 0, 1]
(0, (0, 1, 0), (2, 2)): [3671, 2838, 1267, 582, 270, 121, 52, 20, 9, 3, 1, 2, 0, 0, 0, 0, 1]
(0, (0, 1, 0), (3, 0)): [885, 736, 371, 253, 115, 68, 27, 16, 7, 1, 0, 1, 1]
(0, (0, 1, 0), (3, 1)): [1476, 1295, 619, 394, 179, 101, 33, 17, 2, 1, 0, 1, 0, 1]
(0, (0, 1, 0), (3, 2)): [2133, 1659, 835, 430, 202, 99, 45, 16, 5, 4, 1, 0, 0, 0, 0, 0, 1]
(0, (0, 1, 1), (0, 0)): [5071, 8843, 10481, 4892, 2564, 1242, 521, 232, 120, 50, 13, 10, 2, 2, 2, 0, 1, 1]
(0, (0, 1, 1), (0, 1)): [555, 876, 1036, 449, 234, 119, 50, 16, 8, 6, 1, 2, 0, 0, 0, 0, 1]
(0, (0, 1, 1), (0, 2)): [256, 332, 366, 168, 76, 41, 23, 7, 1, 3, 0, 1]
(0, (0, 1, 1), (1, 0)): [543, 1046, 1265, 638, 324, 169, 62, 27, 22, 3, 2, 2, 0, 0, 1]
(0, (0, 1, 1), (1, 1)): [464, 801, 965, 431, 228, 107, 38, 16, 11, 3, 1, 0, 0, 0, 0, 0, 1]
(0, (0, 1, 1), (1, 2)): [361, 517, 559, 259, 143, 77, 26, 9, 5, 2, 0, 1, 0, 0, 0, 0, 1]
(0, (0, 1, 1), (2, 0)): [230, 468, 496, 287, 161, 97, 28, 13, 12, 2, 1, 1, 0, 0, 1]
(0, (0, 1, 1), (2, 1)): [256, 471, 565, 280, 128, 59, 20, 15, 8, 4, 0, 0, 0, 0, 1]
(0, (0, 1, 1), (2, 2)): [298, 474, 489, 240, 114, 64, 21, 12, 5, 3, 0, 1, 0, 0, 0, 0, 1]
(0, (0, 1, 1), (3, 0)): [118, 208, 208, 130, 98, 55, 15, 6, 7, 0, 1, 1]
(0, (0, 1, 1), (3, 1)): [111, 181, 226, 130, 89, 36, 13, 7, 8, 2, 0, 0, 0, 0, 1]
(0, (0, 1, 1), (3, 2)): [171, 243, 302, 162, 80, 51, 17, 9, 9, 1, 0, 0, 0, 0, 0, 0, 1]
(0, (1, 0, 0), (0, 0)): [362824, 121555, 78039, 38663, 18471, 8309, 3468, 1465, 625, 272, 123, 55, 22, 11, 3, 1, 1, 1]
(0, (1, 0, 0), (0, 1)): [36058, 11187, 7394, 3572, 1710, 768, 317, 130, 64, 18, 8, 4]
(0, (1, 0, 0), (0, 2)): [13369, 3645, 2442, 1152, 535, 231, 111, 35, 18, 2, 4, 2]
(0, (1, 0, 0), (1, 0)): [33048, 11923, 8343, 4295, 2130, 957, 402, 168, 70, 35, 19, 7, 1, 5, 1, 0, 1]
(0, (1, 0, 0), (1, 1)): [28192, 9240, 6261, 3137, 1453, 691, 270, 117, 51, 26, 8, 3, 0, 2]
(0, (1, 0, 0), (1, 2)): [18008, 5131, 3505, 1715, 780, 345, 147, 59, 30, 10, 2, 2]
(0, (1, 0, 0), (2, 0)): [10280, 4046, 2979, 1645, 841, 386, 170, 70, 24, 15, 10, 2, 1, 3, 0, 0, 1]
(0, (1, 0, 0), (2, 1)): [13869, 4861, 3417, 1816, 856, 415, 170, 68, 30, 17, 8, 3, 0, 4, 0, 0, 1]
(0, (1, 0, 0), (2, 2)): [13103, 4040, 2844, 1358, 661, 273, 130, 58, 31, 14, 5, 2, 0, 2]
(0, (1, 0, 0), (3, 0)): [2650, 1282, 983, 642, 343, 148, 69, 28, 11, 5, 4, 1]
(0, (1, 0, 0), (3, 1)): [4894, 2034, 1492, 957, 444, 227, 85, 38, 16, 8, 6, 1, 0, 2]
(0, (1, 0, 0), (3, 2)): [6156, 2320, 1645, 944, 467, 197, 90, 43, 21, 9, 4, 1, 0, 1]
(0, (1, 0, 1), (0, 0)): [8586, 26680, 10773, 7646, 3988, 1856, 883, 347, 172, 67, 36, 17, 7, 2, 2, 0, 0, 1]
(0, (1, 0, 1), (0, 1)): [850, 2491, 985, 719, 366, 182, 90, 18, 12, 5, 2, 0, 2, 1]
(0, (1, 0, 1), (0, 2)): [383, 871, 328, 229, 116, 66, 27, 5, 4, 1, 0, 0, 0, 1]
(0, (1, 0, 1), (1, 0)): [776, 2672, 1100, 828, 446, 217, 75, 39, 23, 6, 7, 1, 0, 0, 1]
(0, (1, 0, 1), (1, 1)): [682, 2048, 847, 607, 316, 137, 59, 23, 17, 4, 4]
(0, (1, 0, 1), (1, 2)): [531, 1143, 485, 324, 172, 73, 33, 11, 6, 2]
(0, (1, 0, 1), (2, 0)): [256, 909, 374, 293, 171, 97, 30, 16, 4, 2, 3, 1]
(0, (1, 0, 1), (2, 1)): [332, 1068, 444, 341, 163, 94, 33, 13, 13, 2, 3]
(0, (1, 0, 1), (2, 2)): [416, 910, 381, 288, 136, 70, 34, 15, 4, 2, 2]
(0, (1, 0, 1), (3, 0)): [84, 278, 135, 76, 64, 42, 11, 7, 0, 1, 1, 1]
(0, (1, 0, 1), (3, 1)): [115, 355, 190, 141, 100, 53, 11, 5, 7, 2, 1]
(0, (1, 0, 1), (3, 2)): [187, 444, 240, 172, 96, 56, 21, 11, 6, 4, 3]
(0, (1, 1, 0), (0, 0)): [50811, 32414, 24186, 17465, 9282, 4373, 1849, 863, 362, 165, 76, 32, 10, 4, 0, 0, 1]
(0, (1, 1, 0), (0, 1)): [5640, 3171, 2217, 1683, 963, 396, 181, 77, 31, 13, 7, 4, 0, 0, 0, 0, 1]
(0, (1, 1, 0), (0, 2)): [2276, 1106, 736, 562, 316, 129, 61, 28, 13, 6, 2]
(0, (1, 1, 0), (1, 0)): [4608, 3086, 2438, 1814, 955, 496, 189, 87, 36, 16, 9, 3, 1, 2]
(0, (1, 1, 0), (1, 1)): [4198, 2461, 1853, 1437, 746, 351, 141, 64, 21, 9, 8, 2, 1, 1, 0, 0, 1]
(0, (1, 1, 0), (1, 2)): [2974, 1476, 1048, 856, 432, 173, 79, 36, 13, 9, 3, 1, 0, 1, 0, 0, 1]
(0, (1, 1, 0), (2, 0)): [1387, 1024, 843, 613, 371, 201, 80, 37, 18, 8, 4, 3, 0, 1]
(0, (1, 1, 0), (2, 1)): [1959, 1252, 1021, 780, 421, 195, 84, 39, 20, 7, 7, 3, 1]
(0, (1, 1, 0), (2, 2)): [2091, 1119, 862, 692, 351, 166, 70, 35, 13, 9, 3, 1, 0, 0, 0, 0, 1]
(0, (1, 1, 0), (3, 0)): [324, 326, 311, 210, 142, 83, 29, 15, 9, 4, 2, 1, 0, 1]
(0, (1, 1, 0), (3, 1)): [707, 532, 459, 340, 223, 123, 50, 16, 11, 6, 3, 1, 1]
(0, (1, 1, 0), (3, 2)): [981, 615, 531, 438, 241, 118, 53, 26, 9, 3, 2, 0, 0, 0, 0, 0, 1]
(0, (1, 1, 1), (0, 0)): [4780, 9406, 7733, 5610, 4552, 2265, 1042, 499, 232, 97, 50, 18, 5, 3, 1, 0, 1]
(0, (1, 1, 1), (0, 1)): [574, 982, 860, 553, 478, 235, 94, 48, 26, 11, 3, 2, 2, 1]
(0, (1, 1, 1), (0, 2)): [302, 389, 315, 196, 163, 89, 27, 15, 9, 2, 2, 1, 1]
(0, (1, 1, 1), (1, 0)): [398, 923, 822, 571, 487, 249, 101, 39, 25, 8, 6, 2, 0, 1, 0, 0, 1]
(0, (1, 1, 1), (1, 1)): [393, 806, 705, 461, 383, 203, 86, 42, 19, 11, 4, 1, 1, 1, 0, 0, 1]
(0, (1, 1, 1), (1, 2)): [361, 555, 454, 292, 238, 124, 40, 23, 11, 1, 2, 1, 0, 1, 0, 0, 1]
(0, (1, 1, 1), (2, 0)): [113, 280, 274, 198, 191, 103, 31, 17, 9, 2, 2, 2, 0, 1]
(0, (1, 1, 1), (2, 1)): [184, 360, 342, 236, 194, 112, 42, 25, 14, 7, 1, 0, 1]
(0, (1, 1, 1), (2, 2)): [220, 392, 357, 231, 183, 99, 32, 22, 8, 5, 0, 1, 1]
(0, (1, 1, 1), (3, 0)): [24, 86, 74, 75, 59, 45, 15, 8, 2, 0, 2, 1, 0, 1]
(0, (1, 1, 1), (3, 1)): [62, 144, 138, 103, 87, 52, 28, 9, 4, 2, 1, 1, 0, 1]
(0, (1, 1, 1), (3, 2)): [86, 205, 194, 129, 118, 59, 32, 14, 7, 3, 0, 1, 1, 1]
(1, (0, 0, 0), (0, 0)): [1401094, 155714, 63825, 25366, 9842, 3720, 1456, 530, 184, 77, 28, 20, 7, 3, 0, 1]
(1, (0, 0, 0), (0, 1)): [153097, 16037, 6423, 2584, 1002, 360, 132, 61, 14, 3, 1, 3, 0, 1]
(1, (0, 0, 0), (0, 2)): [57927, 5121, 2013, 773, 317, 111, 34, 18, 2, 1, 0, 2]
(1, (0, 0, 0), (1, 0)): [144735, 18455, 7826, 3174, 1268, 478, 197, 63, 18, 9, 2, 2, 0, 0, 0, 1]
(1, (0, 0, 0), (1, 1)): [135812, 15172, 6159, 2537, 992, 358, 153, 55, 17, 6, 1, 1, 0, 1]
(1, (0, 0, 0), (1, 2)): [90181, 8461, 3389, 1382, 552, 210, 77, 27, 5, 2, 0, 1]
(1, (0, 0, 0), (2, 0)): [48744, 7066, 3244, 1312, 526, 205, 91, 33, 8, 3, 2, 2, 0, 0, 0, 1]
(1, (0, 0, 0), (2, 1)): [73023, 9205, 3992, 1576, 642, 240, 83, 45, 8, 6, 2, 1]
(1, (0, 0, 0), (2, 2)): [74155, 7799, 3303, 1365, 533, 211, 69, 35, 7, 5, 1]
(1, (0, 0, 0), (3, 0)): [14632, 2393, 1349, 556, 227, 89, 47, 11, 6, 2, 1, 1, 0, 0, 0, 1]
(1, (0, 0, 0), (3, 1)): [29427, 4518, 2202, 920, 373, 146, 58, 19, 5, 2, 1]
(1, (0, 0, 0), (3, 2)): [40880, 5318, 2534, 1069, 422, 161, 59, 29, 6, 6, 1]
(1, (0, 0, 1), (0, 0)): [37715, 54326, 10820, 4657, 1916, 799, 290, 112, 54, 19, 13, 6, 3, 2]
(1, (0, 0, 1), (0, 1)): [3866, 4740, 956, 384, 147, 64, 29, 7, 2, 0, 2, 1]
(1, (0, 0, 1), (0, 2)): [1680, 1531, 302, 112, 52, 16, 12, 1, 2, 0, 0, 1]
(1, (0, 0, 1), (1, 0)): [4176, 6420, 1363, 646, 257, 127, 35, 14, 8, 3, 1]
(1, (0, 0, 1), (1, 1)): [3654, 4754, 973, 406, 174, 74, 19, 8, 1, 2, 1]
(1, (0, 0, 1), (1, 2)): [2683, 2613, 489, 210, 94, 33, 13, 2, 2, 0, 0, 1]
(1, (0, 0, 1), (2, 0)): [1697, 2607, 609, 333, 127, 66, 24, 8, 6, 1, 1]
(1, (0, 0, 1), (2, 1)): [2103, 2860, 628, 290, 119, 56, 15, 5, 3, 1, 1]
(1, (0, 0, 1), (2, 2)): [2351, 2375, 489, 230, 90, 41, 14, 2, 2, 0, 1, 1]
(1, (0, 0, 1), (3, 0)): [795, 1074, 288, 177, 69, 37, 11, 5, 1, 0, 1]
(1, (0, 0, 1), (3, 1)): [907, 1219, 317, 173, 62, 31, 12, 6, 1]
(1, (0, 0, 1), (3, 2)): [1414, 1486, 356, 194, 80, 32, 13, 3, 2, 0, 1]
(1, (0, 1, 0), (0, 0)): [189478, 82984, 30419, 13195, 5332, 2100, 735, 331, 100, 48, 25, 9, 9, 2, 1]
(1, (0, 1, 0), (0, 1)): [19462, 7754, 2832, 1203, 466, 192, 69, 29, 10, 4, 2]
(1, (0, 1, 0), (0, 2)): [7550, 2706, 923, 383, 127, 64, 21, 8, 3, 1]
(1, (0, 1, 0), (1, 0)): [22268, 9535, 3758, 1876, 765, 298, 110, 47, 19, 7, 4, 0, 0, 1]
(1, (0, 1, 0), (1, 1)): [18251, 7284, 2733, 1284, 521, 201, 75, 24, 11, 3, 1, 0, 0, 1]
(1, (0, 1, 0), (1, 2)): [12068, 4344, 1541, 649, 228, 91, 34, 17, 6, 3]
(1, (0, 1, 0), (2, 0)): [9462, 3888, 1682, 950, 399, 155, 63, 30, 11, 4, 4]
(1, (0, 1, 0), (2, 1)): [10689, 4291, 1772, 889, 398, 138, 60, 22, 8, 3, 1, 0, 0, 1]
(1, (0, 1, 0), (2, 2)): [10532, 3782, 1462, 637, 261, 98, 31, 12, 7, 4]
(1, (0, 1, 0), (3, 0)): [4337, 1644, 740, 535, 230, 88, 36, 16, 7, 2, 2]
(1, (0, 1, 0), (3, 1)): [5061, 1909, 902, 556, 258, 86, 41, 17, 9, 2, 2, 0, 0, 1]
(1, (0, 1, 0), (3, 2)): [6524, 2319, 1047, 564, 257, 73, 32, 12, 4, 5, 1, 0, 0, 1]
(1, (0, 1, 1), (0, 0)): [29634, 24818, 21545, 8715, 4556, 1799, 712, 289, 130, 40, 11, 6, 2, 2, 0, 1]
(1, (0, 1, 1), (0, 1)): [2684, 2107, 1743, 710, 317, 121, 62, 24, 3, 0, 1]
(1, (0, 1, 1), (0, 2)): [1261, 695, 604, 238, 120, 35, 22, 10, 1, 0, 1]
(1, (0, 1, 1), (1, 0)): [3566, 3299, 2502, 1093, 694, 266, 99, 42, 17, 7]
(1, (0, 1, 1), (1, 1)): [2331, 1925, 1579, 662, 307, 116, 47, 23, 5, 3]
(1, (0, 1, 1), (1, 2)): [1889, 1127, 963, 373, 189, 68, 29, 13, 2, 1, 1]
(1, (0, 1, 1), (2, 0)): [2056, 1773, 1318, 619, 472, 185, 73, 27, 13, 4]
(1, (0, 1, 1), (2, 1)): [1273, 1091, 895, 407, 204, 84, 35, 13, 2, 3]
(1, (0, 1, 1), (2, 2)): [1557, 947, 815, 342, 179, 56, 22, 9, 1, 1]
(1, (0, 1, 1), (3, 0)): [1499, 1234, 839, 439, 390, 146, 59, 22, 11, 3]
(1, (0, 1, 1), (3, 1)): [535, 502, 407, 186, 113, 62, 25, 10, 2, 2]
(1, (0, 1, 1), (3, 2)): [875, 621, 454, 221, 129, 53, 18, 10, 1, 1]
(1, (1, 0, 0), (0, 0)): [526681, 93677, 61005, 25962, 10557, 4174, 1672, 592, 238, 103, 38, 27, 5, 3, 0, 2]
(1, (1, 0, 0), (0, 1)): [52275, 8537, 5603, 2410, 954, 368, 160, 54, 12, 8, 4, 2]
(1, (1, 0, 0), (0, 2)): [19235, 2699, 1760, 713, 272, 125, 58, 15, 4, 3, 1]
(1, (1, 0, 0), (1, 0)): [51841, 10082, 6989, 3104, 1295, 526, 211, 80, 23, 12, 3, 2, 1, 0, 0, 1]
(1, (1, 0, 0), (1, 1)): [43277, 7478, 5105, 2235, 879, 346, 133, 52, 13, 8, 4, 4, 0, 0, 0, 1]
(1, (1, 0, 0), (1, 2)): [27414, 4146, 2801, 1146, 447, 177, 72, 26, 5, 4, 2, 1]
(1, (1, 0, 0), (2, 0)): [16940, 3617, 2580, 1286, 551, 227, 93, 28, 12, 5, 1, 0, 1]
(1, (1, 0, 0), (2, 1)): [22038, 4171, 2881, 1413, 550, 235, 97, 30, 12, 3, 3, 2, 0, 0, 0, 1]
(1, (1, 0, 0), (2, 2)): [20807, 3418, 2317, 1038, 425, 169, 69, 23, 5, 4, 2]
(1, (1, 0, 0), (3, 0)): [4747, 1233, 799, 499, 238, 97, 36, 9, 4, 4, 0, 0, 1]
(1, (1, 0, 0), (3, 1)): [8458, 1963, 1276, 745, 317, 125, 51, 11, 6, 4, 2, 1, 0, 0, 0, 1]
(1, (1, 0, 0), (3, 2)): [10423, 2165, 1383, 730, 309, 130, 53, 12, 8, 4, 4, 1, 0, 0, 0, 1]
(1, (1, 0, 1), (0, 0)): [42897, 49618, 15821, 10707, 4604, 1896, 749, 285, 97, 60, 17, 7, 0, 1]
(1, (1, 0, 1), (0, 1)): [4751, 4371, 1400, 925, 398, 182, 61, 17, 8, 5]
(1, (1, 0, 1), (0, 2)): [2027, 1389, 481, 280, 136, 63, 27, 9, 3, 2]
(1, (1, 0, 1), (1, 0)): [4206, 4976, 1687, 1197, 552, 203, 79, 30, 11, 9, 0, 1]
(1, (1, 0, 1), (1, 1)): [3750, 3633, 1189, 857, 328, 146, 46, 11, 5, 4, 0, 1]
(1, (1, 0, 1), (1, 2)): [2741, 2024, 726, 452, 184, 90, 21, 15, 3, 2]
(1, (1, 0, 1), (2, 0)): [1448, 1654, 606, 444, 236, 86, 35, 15, 5, 4]
(1, (1, 0, 1), (2, 1)): [1850, 1847, 617, 470, 208, 77, 32, 8, 6, 2, 0, 1]
(1, (1, 0, 1), (2, 2)): [1973, 1549, 582, 383, 184, 59, 24, 10, 5, 1]
(1, (1, 0, 1), (3, 0)): [473, 569, 225, 154, 103, 41, 14, 4, 1, 3]
(1, (1, 0, 1), (3, 1)): [671, 740, 294, 204, 106, 50, 13, 5, 1, 1, 0, 1]
(1, (1, 0, 1), (3, 2)): [975, 882, 373, 242, 136, 47, 19, 7, 4, 1, 0, 1]
(1, (1, 1, 0), (0, 0)): [147061, 45112, 29916, 21690, 9111, 3787, 1476, 592, 233, 96, 36, 20, 9, 5, 1]
(1, (1, 1, 0), (0, 1)): [16223, 4361, 2690, 2063, 885, 365, 136, 50, 19, 7, 5, 3]
(1, (1, 1, 0), (0, 2)): [6510, 1532, 880, 676, 292, 122, 36, 14, 6, 1, 2]
(1, (1, 1, 0), (1, 0)): [14369, 4787, 3242, 2489, 1085, 460, 190, 69, 21, 14, 6, 1, 2, 1]
(1, (1, 1, 0), (1, 1)): [12840, 3746, 2502, 1868, 814, 332, 126, 54, 10, 13, 6, 2]
(1, (1, 1, 0), (1, 2)): [9070, 2228, 1403, 1086, 452, 151, 55, 31, 3, 2, 6, 2]
(1, (1, 1, 0), (2, 0)): [4630, 1737, 1124, 912, 444, 205, 87, 31, 12, 4, 3, 1, 2, 1]
(1, (1, 1, 0), (2, 1)): [6401, 2108, 1407, 1066, 500, 239, 97, 26, 14, 4, 4, 0, 1]
(1, (1, 1, 0), (2, 2)): [6864, 1863, 1158, 893, 429, 166, 62, 25, 7, 2, 3, 1]
(1, (1, 1, 0), (3, 0)): [1178, 647, 403, 276, 174, 82, 33, 17, 4, 1, 0, 1, 1]
(1, (1, 1, 0), (3, 1)): [2374, 994, 688, 510, 276, 130, 51, 19, 8, 4, 2, 1, 1]
(1, (1, 1, 0), (3, 2)): [3315, 1181, 775, 573, 322, 120, 48, 20, 6, 4, 1, 1, 1]
(1, (1, 1, 1), (0, 0)): [29895, 23972, 15195, 9799, 7360, 3141, 1275, 476, 202, 72, 24, 18, 9, 4, 1, 1]
(1, (1, 1, 1), (0, 1)): [3427, 2386, 1513, 947, 714, 307, 122, 48, 23, 3, 2, 1, 0, 1]
(1, (1, 1, 1), (0, 2)): [1603, 817, 539, 346, 234, 83, 41, 11, 4, 2, 2, 0, 0, 1]
(1, (1, 1, 1), (1, 0)): [2714, 2466, 1534, 988, 808, 369, 166, 58, 22, 9, 2, 3, 2]
(1, (1, 1, 1), (1, 1)): [2602, 2016, 1279, 811, 625, 281, 116, 50, 23, 4, 1, 2]
(1, (1, 1, 1), (1, 2)): [2014, 1147, 785, 488, 365, 155, 63, 25, 10, 2, 1, 2, 0, 1]
(1, (1, 1, 1), (2, 0)): [704, 811, 527, 341, 296, 149, 66, 27, 4, 3, 1, 1, 1]
(1, (1, 1, 1), (2, 1)): [1139, 1061, 662, 414, 318, 177, 75, 25, 10, 2, 1, 1]
(1, (1, 1, 1), (2, 2)): [1364, 914, 637, 411, 303, 140, 68, 18, 7, 3, 1, 2, 0, 1]
(1, (1, 1, 1), (3, 0)): [122, 266, 170, 132, 92, 56, 23, 10, 2, 2, 0, 0, 1]
(1, (1, 1, 1), (3, 1)): [286, 461, 296, 189, 155, 91, 28, 19, 5, 2, 0, 0, 1]
(1, (1, 1, 1), (3, 2)): [550, 534, 366, 237, 184, 96, 39, 20, 3, 1, 1, 1, 0, 1]
(2, (0, 0, 0), (0, 0)): [1220581, 56976, 19129, 6081, 2046, 654, 220, 78, 11, 7, 4, 0, 1]
(2, (0, 0, 0), (0, 1)): [132902, 5562, 1878, 569, 214, 57, 23, 9, 1]
(2, (0, 0, 0), (0, 2)): [49790, 1472, 487, 166, 65, 12, 2, 5]
(2, (0, 0, 0), (1, 0)): [130947, 7527, 2631, 806, 307, 82, 28, 11, 1, 0, 0, 0, 1]
(2, (0, 0, 0), (1, 1)): [120216, 5749, 2023, 567, 215, 68, 25, 4, 1]
(2, (0, 0, 0), (1, 2)): [78363, 2655, 950, 301, 108, 31, 13, 5]
(2, (0, 0, 0), (2, 0)): [46667, 3007, 1249, 370, 147, 35, 12, 7, 0, 0, 0, 0, 1]
(2, (0, 0, 0), (2, 1)): [67550, 3763, 1456, 404, 145, 38, 13, 5]
(2, (0, 0, 0), (2, 2)): [67136, 2839, 1071, 313, 119, 37, 10, 5]
(2, (0, 0, 0), (3, 0)): [14926, 1044, 572, 168, 70, 18, 6, 4, 0, 0, 0, 0, 1]
(2, (0, 0, 0), (3, 1)): [28737, 1914, 914, 280, 92, 22, 6, 5]
(2, (0, 0, 0), (3, 2)): [39507, 2165, 1010, 289, 102, 31, 8, 4]
(2, (0, 0, 1), (0, 0)): [113477, 33696, 7080, 2404, 843, 300, 84, 29, 7, 3, 0, 1]
(2, (0, 0, 1), (0, 1)): [12103, 2985, 652, 217, 67, 26, 12, 4, 1, 1]
(2, (0, 0, 1), (0, 2)): [4756, 885, 193, 58, 20, 6, 4, 0, 0, 1]
(2, (0, 0, 1), (1, 0)): [14237, 4036, 1015, 381, 132, 52, 12, 5, 1]
(2, (0, 0, 1), (1, 1)): [11619, 2958, 657, 249, 78, 31, 7, 3, 1]
(2, (0, 0, 1), (1, 2)): [7815, 1489, 326, 99, 42, 16, 6, 1, 0, 1]
(2, (0, 0, 1), (2, 0)): [6178, 1716, 499, 215, 72, 30, 7, 3, 1]
(2, (0, 0, 1), (2, 1)): [7056, 1912, 507, 203, 70, 23, 4, 3]
(2, (0, 0, 1), (2, 2)): [7219, 1484, 387, 132, 48, 20, 3, 1]
(2, (0, 0, 1), (3, 0)): [2947, 716, 240, 136, 31, 17, 6, 1, 1]
(2, (0, 0, 1), (3, 1)): [3385, 928, 276, 133, 41, 16, 5, 2]
(2, (0, 0, 1), (3, 2)): [4655, 1045, 306, 133, 41, 16, 5, 1]
(2, (0, 1, 0), (0, 0)): [300549, 62799, 17413, 6150, 2058, 682, 204, 63, 15, 10, 6, 0, 1]
(2, (0, 1, 0), (0, 1)): [30962, 5446, 1489, 453, 169, 50, 18, 6, 2, 1, 1]
(2, (0, 1, 0), (0, 2)): [12129, 1612, 431, 119, 48, 9, 6, 1, 0, 1]
(2, (0, 1, 0), (1, 0)): [37265, 7351, 2508, 1037, 318, 101, 36, 13, 0, 1, 0, 0, 1]
(2, (0, 1, 0), (1, 1)): [29360, 5370, 1621, 537, 189, 55, 26, 9, 2, 0, 1]
(2, (0, 1, 0), (1, 2)): [19460, 2776, 722, 253, 84, 21, 11, 5, 0, 1]
(2, (0, 1, 0), (2, 0)): [17085, 3169, 1249, 641, 204, 63, 15, 7, 0, 1, 0, 0, 1]
(2, (0, 1, 0), (2, 1)): [17833, 3407, 1175, 418, 147, 44, 17, 4, 2, 0, 1, 0, 1]
(2, (0, 1, 0), (2, 2)): [17602, 2729, 781, 302, 103, 25, 17, 7, 0, 1]
(2, (0, 1, 0), (3, 0)): [8745, 1365, 632, 448, 131, 38, 12, 7, 0, 1]
(2, (0, 1, 0), (3, 1)): [8349, 1577, 663, 317, 108, 38, 10, 3, 2, 0, 1, 0, 1]
(2, (0, 1, 0), (3, 2)): [11242, 1792, 676, 333, 102, 32, 20, 5, 0, 0, 0, 0, 1]
(2, (0, 1, 1), (0, 0)): [68856, 5822, 14694, 4120, 1633, 542, 183, 56, 21, 5, 4, 1, 0, 1]
(2, (0, 1, 1), (0, 1)): [7292, 477, 1258, 326, 116, 49, 9, 6]
(2, (0, 1, 1), (0, 2)): [3034, 170, 377, 104, 43, 13, 4, 1]
(2, (0, 1, 1), (1, 0)): [8837, 842, 1744, 622, 273, 101, 33, 8, 3, 0, 2]
(2, (0, 1, 1), (1, 1)): [6716, 460, 1217, 347, 123, 58, 12, 6, 2]
(2, (0, 1, 1), (1, 2)): [4922, 270, 660, 189, 70, 25, 5, 3]
(2, (0, 1, 1), (2, 0)): [4343, 480, 819, 343, 185, 64, 21, 6, 1, 0, 2]
(2, (0, 1, 1), (2, 1)): [3971, 315, 781, 238, 98, 42, 9, 3, 2, 0, 1]
(2, (0, 1, 1), (2, 2)): [4380, 297, 618, 189, 70, 38, 7, 3, 1]
(2, (0, 1, 1), (3, 0)): [2545, 335, 412, 207, 132, 49, 17, 5, 0, 0, 1]
(2, (0, 1, 1), (3, 1)): [1923, 161, 358, 124, 65, 25, 8, 4, 1, 0, 1]
(2, (0, 1, 1), (3, 2)): [2805, 228, 435, 142, 67, 39, 7, 5, 2]
(2, (1, 0, 0), (0, 0)): [638120, 46310, 30985, 9824, 3227, 1024, 398, 113, 23, 13, 6, 1, 1]
(2, (1, 0, 0), (0, 1)): [63328, 3886, 2697, 865, 284, 101, 45, 15, 3, 0, 0, 1]
(2, (1, 0, 0), (0, 2)): [23212, 1016, 672, 237, 81, 22, 15, 1]
(2, (1, 0, 0), (1, 0)): [64129, 5414, 3828, 1302, 437, 124, 52, 14, 3, 1, 0, 0, 1]
(2, (1, 0, 0), (1, 1)): [54004, 3644, 2555, 858, 272, 86, 37, 12, 3]
(2, (1, 0, 0), (1, 2)): [34098, 1655, 1131, 422, 119, 35, 17, 2, 2]
(2, (1, 0, 0), (2, 0)): [21767, 2142, 1452, 610, 199, 60, 25, 10, 2, 1, 0, 0, 1]
(2, (1, 0, 0), (2, 1)): [28428, 2275, 1553, 582, 197, 58, 27, 8, 0, 0, 0, 0, 1]
(2, (1, 0, 0), (2, 2)): [26794, 1639, 1066, 389, 140, 40, 20, 4, 1]
(2, (1, 0, 0), (3, 0)): [6506, 812, 487, 288, 92, 26, 10, 4, 1, 1]
(2, (1, 0, 0), (3, 1)): [11534, 1193, 764, 406, 109, 37, 15, 3, 1, 1, 0, 0, 1]
(2, (1, 0, 0), (3, 2)): [14183, 1265, 769, 358, 112, 43, 16, 5, 0, 1, 0, 0, 1]
(2, (1, 0, 1), (0, 0)): [111996, 26502, 10427, 6542, 2116, 711, 235, 78, 27, 9, 2, 3, 1]
(2, (1, 0, 1), (0, 1)): [12366, 2420, 909, 583, 184, 65, 17, 6, 4, 1, 1, 1]
(2, (1, 0, 1), (0, 2)): [4932, 706, 278, 154, 50, 16, 3, 1, 1]
(2, (1, 0, 1), (1, 0)): [12299, 2778, 1288, 879, 311, 92, 34, 9, 0, 1]
(2, (1, 0, 1), (1, 1)): [10441, 2150, 870, 568, 217, 69, 25, 6, 3, 1, 1, 1]
(2, (1, 0, 1), (1, 2)): [6977, 1106, 447, 267, 96, 29, 12, 3, 3, 0, 0, 1]
(2, (1, 0, 1), (2, 0)): [4458, 988, 535, 356, 134, 40, 13, 7]
(2, (1, 0, 1), (2, 1)): [5761, 1161, 551, 337, 150, 52, 11, 4, 0, 1]
(2, (1, 0, 1), (2, 2)): [5493, 886, 414, 237, 86, 39, 10, 3, 3, 0, 0, 1]
(2, (1, 0, 1), (3, 0)): [1511, 310, 220, 140, 54, 16, 8, 3]
(2, (1, 0, 1), (3, 1)): [2470, 469, 281, 182, 104, 23, 9, 2, 0, 1]
(2, (1, 0, 1), (3, 2)): [3055, 479, 323, 174, 85, 35, 7, 2, 3]
(2, (1, 1, 0), (0, 0)): [252318, 38456, 19284, 13378, 4385, 1395, 474, 156, 49, 23, 7, 2, 2, 1]
(2, (1, 1, 0), (0, 1)): [26903, 3483, 1641, 1201, 361, 107, 42, 22, 2, 2, 0, 1, 1]
(2, (1, 1, 0), (0, 2)): [10901, 1033, 479, 342, 101, 29, 11, 8, 2]
(2, (1, 1, 0), (1, 0)): [25733, 3965, 2270, 1627, 595, 175, 75, 16, 5, 2, 1]
(2, (1, 1, 0), (1, 1)): [23057, 3110, 1627, 1176, 354, 111, 41, 16, 3, 3, 0, 1, 1]
(2, (1, 1, 0), (1, 2)): [16121, 1599, 824, 572, 174, 57, 18, 12, 2]
(2, (1, 1, 0), (2, 0)): [8769, 1428, 918, 630, 308, 90, 39, 7, 1, 1]
(2, (1, 1, 0), (2, 1)): [12200, 1719, 1056, 711, 266, 69, 33, 8, 3, 2, 0, 0, 1]
(2, (1, 1, 0), (2, 2)): [12732, 1367, 807, 566, 194, 49, 27, 11, 5, 1]
(2, (1, 1, 0), (3, 0)): [2825, 461, 374, 210, 160, 54, 20, 2]
(2, (1, 1, 0), (3, 1)): [5139, 752, 594, 333, 196, 52, 26, 2, 0, 0, 0, 0, 1]
(2, (1, 1, 0), (3, 2)): [7087, 818, 641, 397, 208, 44, 24, 6, 3]
(2, (1, 1, 1), (0, 0)): [73487, 10694, 12321, 6091, 4548, 1431, 484, 161, 53, 9, 8, 3, 1, 1]
(2, (1, 1, 1), (0, 1)): [8801, 946, 1157, 590, 438, 121, 46, 13, 3, 0, 2, 0, 1]
(2, (1, 1, 1), (0, 2)): [3821, 295, 337, 164, 117, 35, 11, 4, 1, 0, 1]
(2, (1, 1, 1), (1, 0)): [6999, 1599, 1351, 741, 576, 201, 66, 20, 8, 1, 1, 2]
(2, (1, 1, 1), (1, 1)): [7016, 1005, 1092, 579, 435, 141, 47, 13, 4, 0, 1, 0, 1]
(2, (1, 1, 1), (1, 2)): [5349, 514, 565, 273, 207, 72, 17, 8, 2, 0, 1]
(2, (1, 1, 1), (2, 0)): [1984, 933, 459, 310, 236, 88, 28, 8, 3, 1, 0, 2]
(2, (1, 1, 1), (2, 1)): [3222, 853, 613, 362, 274, 101, 36, 6, 1, 0, 0, 0, 1]
(2, (1, 1, 1), (2, 2)): [3807, 609, 490, 278, 203, 76, 23, 7, 2, 0, 1]
(2, (1, 1, 1), (3, 0)): [329, 569, 131, 152, 76, 46, 15, 5, 2, 1, 0, 1]
(2, (1, 1, 1), (3, 1)): [937, 703, 245, 228, 150, 56, 22, 5, 0, 1, 0, 1]
(2, (1, 1, 1), (3, 2)): [1599, 702, 306, 252, 171, 60, 28, 6, 2, 0, 1]
