(0, (0, 0, 0)): [15420, 2983, 1427, 649, 305, 144, 60, 24, 13, 7, 4, 2, 1]
(0, (0, 0, 1)): [57, 186, 59, 26, 13, 4, 4, 2]
(0, (0, 1, 0)): [465, 488, 181, 107, 44, 22, 10, 2, 3, 0, 1]
(0, (0, 1, 1)): [52, 95, 94, 30, 24, 16, 5, 1, 2, 1]
(0, (1, 0, 0)): [3354, 1111, 739, 340, 183, 103, 36, 16, 8, 7, 2]
(0, (1, 0, 1)): [100, 254, 122, 86, 42, 23, 6, 9, 3, 2]
(0, (1, 1, 0)): [440, 281, 254, 148, 86, 37, 23, 5, 4, 4, 2]
(0, (1, 1, 1)): [34, 76, 85, 44, 35, 18, 15, 3, 4, 3, 1]
(1, (0, 0, 0)): [12269, 1289, 547, 218, 88, 27, 18, 5, 2, 0, 1, 2, 1]
(1, (0, 0, 1)): [315, 553, 104, 65, 21, 3, 2, 2, 1]
(1, (0, 1, 0)): [1698, 840, 255, 126, 55, 33, 6, 3, 3, 1]
(1, (0, 1, 1)): [278, 238, 236, 66, 45, 17, 10, 4, 2, 1]
(1, (1, 0, 0)): [4939, 864, 603, 243, 103, 44, 23, 7, 3, 1, 1, 2, 1]
(1, (1, 0, 1)): [395, 543, 190, 158, 50, 20, 9, 2, 3, 1, 1]
(1, (1, 1, 0)): [1284, 382, 307, 159, 91, 40, 20, 6, 2, 2, 0, 2, 1]
(1, (1, 1, 1)): [243, 210, 145, 78, 53, 28, 18, 5, 8, 3, 2, 2, 1]
(2, (0, 0, 0)): [10403, 420, 154, 47, 16, 4, 2, 1]
(2, (0, 0, 1)): [1027, 363, 54, 25, 10, 3, 1]
(2, (0, 1, 0)): [2669, 589, 143, 59, 15, 6, 0, 1]
(2, (0, 1, 1)): [604, 52, 153, 33, 11, 6, 0, 3]
(2, (1, 0, 0)): [6193, 419, 275, 98, 35, 14, 3, 3]
(2, (1, 0, 1)): [1146, 254, 120, 65, 27, 11, 2, 2]
(2, (1, 1, 0)): [2157, 346, 191, 120, 32, 21, 4, 1]
(2, (1, 1, 1)): [604, 95, 115, 62, 44, 19, 4, 3, 1]
