(0, (0, 0, 0), (0, 0)): [34426, 6340, 2933, 1318, 536, 219, 93, 43, 18, 7]
(0, (0, 0, 0), (0, 1)): [18243, 3193, 1465, 633, 249, 98, 40, 21, 7, 1]
(0, (0, 0, 0), (0, 2)): [7518, 1160, 536, 224, 83, 28, 17, 8, 1]
(0, (0, 0, 0), (1, 0)): [12918, 2451, 1163, 550, 230, 101, 45, 21, 8, 6]
(0, (0, 0, 0), (1, 1)): [14265, 2545, 1175, 508, 226, 98, 35, 17, 7, 3]
(0, (0, 0, 0), (1, 2)): [10839, 1713, 776, 293, 141, 56, 31, 13, 4]
(0, (0, 0, 0), (2, 0)): [3854, 812, 412, 222, 95, 31, 15, 8, 3, 4]
(0, (0, 0, 0), (2, 1)): [6621, 1316, 617, 300, 128, 50, 17, 12, 5, 5]
(0, (0, 0, 0), (2, 2)): [8160, 1455, 660, 263, 126, 52, 24, 7, 5]
(0, (0, 0, 0), (3, 0)): [1080, 236, 156, 97, 36, 12, 5, 3, 1, 2]
(0, (0, 0, 0), (3, 1)): [2443, 548, 293, 159, 66, 21, 5, 6, 1, 3]
(0, (0, 0, 0), (3, 2)): [4078, 873, 403, 186, 83, 35, 16, 5, 2, 2]
(0, (0, 0, 1), (0, 0)): [73, 282, 76, 39, 9, 6, 1, 3, 1, 2]
(0, (0, 0, 1), (0, 1)): [34, 129, 36, 13, 0, 3, 0, 1, 0, 1]
(0, (0, 0, 1), (0, 2)): [21, 40, 10, 6, 0, 0, 0, 1]
(0, (0, 0, 1), (1, 0)): [34, 119, 31, 22, 8, 3, 1, 2, 1]
(0, (0, 0, 1), (1, 1)): [31, 120, 36, 16, 4, 3, 0, 0, 1, 1]
(0, (0, 0, 1), (1, 2)): [31, 63, 17, 15, 1, 1, 0, 1, 0, 1]
(0, (0, 0, 1), (2, 0)): [7, 39, 10, 8, 2, 3, 1, 2]
(0, (0, 0, 1), (2, 1)): [14, 70, 21, 7, 2, 3, 0, 1, 1]
(0, (0, 0, 1), (2, 2)): [22, 68, 16, 10, 2, 1, 0, 2, 0, 1]
(0, (0, 0, 1), (3, 0)): [2, 14, 4, 5, 1, 2]
(0, (0, 0, 1), (3, 1)): [4, 30, 9, 1, 0, 4, 0, 0, 1]
(0, (0, 0, 1), (3, 2)): [9, 34, 14, 5, 1, 1, 0, 2, 0, 1]
(0, (0, 1, 0), (0, 0)): [1329, 1144, 486, 204, 80, 50, 13, 14, 4, 1]
(0, (0, 1, 0), (0, 1)): [623, 502, 209, 92, 37, 18, 6, 5, 1, 1]
(0, (0, 1, 0), (0, 2)): [255, 200, 87, 40, 15, 12, 1, 3]
(0, (0, 1, 0), (1, 0)): [542, 467, 195, 75, 33, 23, 4, 7, 3]
(0, (0, 1, 0), (1, 1)): [522, 395, 162, 72, 35, 11, 5, 3, 3, 1]
(0, (0, 1, 0), (1, 2)): [382, 268, 116, 53, 18, 10, 2, 4, 1]
(0, (0, 1, 0), (2, 0)): [187, 155, 80, 27, 8, 14, 1, 2]
(0, (0, 1, 0), (2, 1)): [272, 225, 96, 33, 21, 8, 3, 0, 2, 1]
(0, (0, 1, 0), (2, 2)): [321, 222, 91, 44, 21, 12, 2, 2]
(0, (0, 1, 0), (3, 0)): [66, 60, 22, 15, 3, 9, 0, 2]
(0, (0, 1, 0), (3, 1)): [121, 102, 39, 26, 11, 8, 0, 2]
(0, (0, 1, 0), (3, 2)): [203, 137, 48, 28, 16, 11, 0, 2]
(0, (0, 1, 1), (0, 0)): [101, 179, 214, 74, 48, 22, 10, 2, 1, 2]
(0, (0, 1, 1), (0, 1)): [39, 87, 96, 39, 18, 10, 8]
(0, (0, 1, 1), (0, 2)): [19, 33, 32, 15, 9, 2, 4]
(0, (0, 1, 1), (1, 0)): [54, 70, 87, 27, 23, 12, 0, 2, 1, 2]
(0, (0, 1, 1), (1, 1)): [42, 67, 75, 29, 16, 9, 4, 0, 0, 1]
(0, (0, 1, 1), (1, 2)): [29, 48, 49, 19, 13, 7, 1]
(0, (0, 1, 1), (2, 0)): [20, 26, 31, 8, 10, 5, 0, 1, 1, 1]
(0, (0, 1, 1), (2, 1)): [27, 26, 32, 14, 10, 6, 1, 1]
(0, (0, 1, 1), (2, 2)): [25, 36, 41, 16, 12, 7]
(0, (0, 1, 1), (3, 0)): [8, 14, 15, 5, 6, 2, 0, 0, 1, 1]
(0, (0, 1, 1), (3, 1)): [15, 12, 10, 5, 8, 2, 1, 1, 1, 1]
(0, (0, 1, 1), (3, 2)): [13, 26, 24, 13, 6, 4, 1, 1]
(0, (1, 0, 0), (0, 0)): [6686, 1899, 1342, 672, 306, 107, 59, 23, 10, 4]
(0, (1, 0, 0), (0, 1)): [3286, 856, 619, 300, 129, 46, 22, 9, 3, 2]
(0, (1, 0, 0), (0, 2)): [1357, 290, 221, 102, 41, 17, 6, 1, 1, 1]
(0, (1, 0, 0), (1, 0)): [2447, 777, 541, 279, 132, 44, 27, 11, 6, 1]
(0, (1, 0, 0), (1, 1)): [2316, 649, 468, 248, 100, 43, 24, 7, 4]
(0, (1, 0, 0), (1, 2)): [1645, 417, 281, 146, 57, 24, 12, 2, 3, 1]
(0, (1, 0, 0), (2, 0)): [763, 237, 195, 94, 50, 15, 9, 6, 1, 1]
(0, (1, 0, 0), (2, 1)): [1096, 311, 271, 122, 52, 18, 10, 4, 1]
(0, (1, 0, 0), (2, 2)): [1203, 305, 228, 116, 48, 15, 15, 5, 2]
(0, (1, 0, 0), (3, 0)): [194, 70, 56, 34, 19, 9, 5, 1, 1]
(0, (1, 0, 0), (3, 1)): [402, 127, 118, 56, 28, 14, 5, 2]
(0, (1, 0, 0), (3, 2)): [579, 178, 142, 78, 33, 12, 8, 5, 1]
(0, (1, 0, 1), (0, 0)): [134, 428, 174, 131, 50, 28, 14, 8, 6, 2]
(0, (1, 0, 1), (0, 1)): [60, 177, 78, 57, 13, 13, 6, 4, 5, 1]
(0, (1, 0, 1), (0, 2)): [29, 70, 35, 20, 4, 3, 3, 0, 3]
(0, (1, 0, 1), (1, 0)): [58, 178, 69, 56, 22, 11, 6, 2, 0, 1]
(0, (1, 0, 1), (1, 1)): [50, 129, 65, 47, 11, 8, 6, 5, 2]
(0, (1, 0, 1), (1, 2)): [44, 91, 40, 34, 8, 6, 3, 1, 3]
(0, (1, 0, 1), (2, 0)): [19, 57, 16, 17, 11, 6, 2]
(0, (1, 0, 1), (2, 1)): [23, 56, 30, 14, 6, 4, 2, 1]
(0, (1, 0, 1), (2, 2)): [36, 66, 32, 19, 5, 5, 1, 2]
(0, (1, 0, 1), (3, 0)): [9, 11, 6, 8, 4, 3]
(0, (1, 0, 1), (3, 1)): [7, 15, 7, 7, 3, 2, 1]
(0, (1, 0, 1), (3, 2)): [13, 25, 17, 11, 6, 3, 2, 1]
(0, (1, 1, 0), (0, 0)): [1122, 586, 428, 305, 164, 73, 34, 18, 4, 2]
(0, (1, 1, 0), (0, 1)): [541, 261, 201, 117, 62, 36, 19, 5]
(0, (1, 1, 0), (0, 2)): [238, 104, 65, 44, 13, 15, 9, 1]
(0, (1, 1, 0), (1, 0)): [426, 238, 160, 136, 73, 24, 10, 10, 2, 2]
(0, (1, 1, 0), (1, 1)): [390, 212, 148, 109, 64, 22, 9, 8, 1, 1]
(0, (1, 1, 0), (1, 2)): [313, 125, 98, 55, 31, 21, 10, 1, 1]
(0, (1, 1, 0), (2, 0)): [124, 71, 53, 40, 28, 14, 6, 3]
(0, (1, 1, 0), (2, 1)): [183, 99, 72, 62, 37, 15, 4, 5]
(0, (1, 1, 0), (2, 2)): [224, 106, 72, 52, 36, 15, 8, 2, 1]
(0, (1, 1, 0), (3, 0)): [28, 16, 15, 9, 7, 4, 4, 1]
(0, (1, 1, 0), (3, 1)): [60, 34, 30, 23, 16, 8, 1, 4]
(0, (1, 1, 0), (3, 2)): [103, 52, 45, 35, 22, 16, 3, 1, 1]
(0, (1, 1, 1), (0, 0)): [113, 158, 141, 96, 84, 47, 21, 12, 6, 2]
(0, (1, 1, 1), (0, 1)): [63, 81, 65, 40, 35, 19, 7, 6, 2, 2]
(0, (1, 1, 1), (0, 2)): [26, 29, 23, 18, 12, 8, 3, 3, 1, 1]
(0, (1, 1, 1), (1, 0)): [38, 60, 47, 43, 34, 22, 9, 2, 3]
(0, (1, 1, 1), (1, 1)): [45, 66, 32, 37, 26, 13, 8, 3, 2]
(0, (1, 1, 1), (1, 2)): [42, 37, 25, 23, 21, 11, 4, 2, 1, 1]
(0, (1, 1, 1), (2, 0)): [7, 7, 19, 15, 14, 11, 4]
(0, (1, 1, 1), (2, 1)): [15, 29, 24, 14, 16, 9, 3, 1, 1]
(0, (1, 1, 1), (2, 2)): [25, 25, 26, 17, 13, 10, 1, 1, 0, 1]
(0, (1, 1, 1), (3, 0)): [1, 1, 2, 4, 4, 5, 2]
(0, (1, 1, 1), (3, 1)): [5, 4, 7, 5, 10, 5, 1, 1, 1]
(0, (1, 1, 1), (3, 2)): [10, 8, 13, 9, 9, 7, 2, 1]
(1, (0, 0, 0), (0, 0)): [28537, 2910, 1134, 451, 165, 64, 24, 6, 4]
(1, (0, 0, 0), (0, 1)): [15084, 1368, 547, 224, 81, 33, 12, 3, 2]
(1, (0, 0, 0), (0, 2)): [6341, 470, 191, 90, 20, 13, 3, 1]
(1, (0, 0, 0), (1, 0)): [10764, 1198, 459, 174, 73, 22, 8, 1, 2]
(1, (0, 0, 0), (1, 1)): [11720, 1169, 450, 161, 77, 21, 9, 2]
(1, (0, 0, 0), (1, 2)): [8980, 751, 289, 128, 34, 14, 3]
(1, (0, 0, 0), (2, 0)): [3448, 408, 188, 70, 22, 8, 1, 0, 2]
(1, (0, 0, 0), (2, 1)): [5648, 620, 267, 85, 30, 14, 5, 2, 1]
(1, (0, 0, 0), (2, 2)): [6984, 674, 235, 99, 31, 11, 6, 2]
(1, (0, 0, 0), (3, 0)): [940, 140, 73, 31, 9, 3, 0, 0, 1]
(1, (0, 0, 0), (3, 1)): [2134, 267, 154, 53, 16, 6, 0, 0, 1]
(1, (0, 0, 0), (3, 2)): [3656, 410, 195, 65, 20, 10, 4, 1]
(1, (0, 0, 1), (0, 0)): [659, 917, 179, 82, 29, 17, 4, 2]
(1, (0, 0, 1), (0, 1)): [311, 403, 74, 28, 11, 4, 2]
(1, (0, 0, 1), (0, 2)): [147, 156, 26, 8, 4, 1]
(1, (0, 0, 1), (1, 0)): [297, 404, 80, 42, 14, 10, 1, 1]
(1, (0, 0, 1), (1, 1)): [268, 304, 62, 30, 10, 5, 1]
(1, (0, 0, 1), (1, 2)): [198, 222, 44, 17, 5, 4]
(1, (0, 0, 1), (2, 0)): [132, 175, 39, 19, 8, 6, 1]
(1, (0, 0, 1), (2, 1)): [149, 169, 36, 14, 6, 3]
(1, (0, 0, 1), (2, 2)): [192, 179, 34, 12, 4, 4]
(1, (0, 0, 1), (3, 0)): [67, 69, 18, 11, 4, 4, 1]
(1, (0, 0, 1), (3, 1)): [67, 80, 21, 8, 3, 3]
(1, (0, 0, 1), (3, 2)): [111, 114, 28, 10, 4, 2]
(1, (0, 1, 0), (0, 0)): [3624, 1317, 517, 207, 90, 30, 4, 4, 2]
(1, (0, 1, 0), (0, 1)): [1740, 578, 236, 76, 41, 8, 2, 3, 1]
(1, (0, 1, 0), (0, 2)): [711, 209, 78, 23, 15, 3, 1, 2]
(1, (0, 1, 0), (1, 0)): [1537, 604, 224, 109, 43, 18, 1, 1, 1]
(1, (0, 1, 0), (1, 1)): [1456, 511, 200, 83, 29, 8, 0, 1, 2]
(1, (0, 1, 0), (1, 2)): [1065, 326, 133, 44, 19, 3, 1, 1]
(1, (0, 1, 0), (2, 0)): [626, 222, 90, 51, 24, 11, 1, 1]
(1, (0, 1, 0), (2, 1)): [796, 290, 119, 60, 21, 9, 1, 0, 1]
(1, (0, 1, 0), (2, 2)): [887, 262, 124, 45, 19, 5, 0, 1]
(1, (0, 1, 0), (3, 0)): [274, 72, 38, 29, 14, 4, 0, 1]
(1, (0, 1, 0), (3, 1)): [347, 134, 52, 41, 13, 2, 0, 1]
(1, (0, 1, 0), (3, 2)): [495, 176, 78, 36, 21, 3, 0, 2]
(1, (0, 1, 1), (0, 0)): [502, 472, 358, 147, 72, 23, 12, 5]
(1, (0, 1, 1), (0, 1)): [233, 181, 133, 50, 22, 5, 2, 2]
(1, (0, 1, 1), (0, 2)): [121, 51, 42, 20, 9, 2, 0, 1]
(1, (0, 1, 1), (1, 0)): [226, 226, 173, 80, 40, 17, 6, 3]
(1, (0, 1, 1), (1, 1)): [174, 166, 143, 50, 24, 3, 3, 1]
(1, (0, 1, 1), (1, 2)): [141, 79, 72, 25, 15, 2, 2, 1]
(1, (0, 1, 1), (2, 0)): [120, 108, 71, 40, 23, 12, 2, 3]
(1, (0, 1, 1), (2, 1)): [106, 95, 86, 32, 17, 4, 1]
(1, (0, 1, 1), (2, 2)): [131, 75, 74, 25, 17, 1]
(1, (0, 1, 1), (3, 0)): [72, 70, 34, 26, 17, 8, 2, 3]
(1, (0, 1, 1), (3, 1)): [37, 49, 33, 13, 10, 4, 1]
(1, (0, 1, 1), (3, 2)): [77, 56, 44, 19, 15, 1]
(1, (1, 0, 0), (0, 0)): [9853, 1515, 1088, 469, 171, 51, 24, 7, 4]
(1, (1, 0, 0), (0, 1)): [4859, 666, 474, 197, 73, 18, 9, 5, 3]
(1, (1, 0, 0), (0, 2)): [1987, 239, 149, 71, 16, 8, 1, 1]
(1, (1, 0, 0), (1, 0)): [3710, 654, 448, 211, 71, 25, 10, 1]
(1, (1, 0, 0), (1, 1)): [3622, 526, 365, 155, 61, 22, 10, 3, 2]
(1, (1, 0, 0), (1, 2)): [2616, 354, 200, 91, 29, 11, 2, 1]
(1, (1, 0, 0), (2, 0)): [1164, 245, 169, 83, 33, 5, 3, 1]
(1, (1, 0, 0), (2, 1)): [1718, 262, 217, 85, 37, 11, 5, 3]
(1, (1, 0, 0), (2, 2)): [1867, 276, 171, 78, 28, 8, 1, 2]
(1, (1, 0, 0), (3, 0)): [307, 74, 58, 26, 8, 3, 2]
(1, (1, 0, 0), (3, 1)): [616, 113, 80, 47, 24, 5, 5]
(1, (1, 0, 0), (3, 2)): [888, 170, 104, 52, 18, 4]
(1, (1, 0, 1), (0, 0)): [834, 753, 247, 172, 71, 27, 11, 5, 1]
(1, (1, 0, 1), (0, 1)): [406, 343, 100, 70, 25, 13, 3, 3, 1]
(1, (1, 0, 1), (0, 2)): [193, 126, 37, 21, 8, 6, 2, 1]
(1, (1, 0, 1), (1, 0)): [317, 281, 113, 79, 36, 11, 6, 2]
(1, (1, 0, 1), (1, 1)): [313, 249, 92, 57, 22, 11, 4, 1]
(1, (1, 0, 1), (1, 2)): [242, 162, 48, 34, 9, 8, 4]
(1, (1, 0, 1), (2, 0)): [104, 84, 31, 24, 14, 4, 1, 1]
(1, (1, 0, 1), (2, 1)): [151, 112, 49, 23, 15, 4, 1]
(1, (1, 0, 1), (2, 2)): [177, 123, 37, 28, 10, 6, 2]
(1, (1, 0, 1), (3, 0)): [31, 18, 12, 12, 3, 3, 1]
(1, (1, 0, 1), (3, 1)): [54, 40, 16, 10, 6, 4, 1]
(1, (1, 0, 1), (3, 2)): [99, 70, 20, 15, 10, 3, 2]
(1, (1, 1, 0), (0, 0)): [2855, 736, 468, 385, 147, 49, 18, 7, 2]
(1, (1, 1, 0), (0, 1)): [1410, 324, 187, 147, 55, 19, 8, 2, 2]
(1, (1, 1, 0), (0, 2)): [608, 129, 59, 52, 23, 4, 4, 1]
(1, (1, 1, 0), (1, 0)): [1081, 312, 211, 182, 72, 23, 4, 4]
(1, (1, 1, 0), (1, 1)): [1075, 242, 157, 138, 45, 25, 2, 2, 2]
(1, (1, 1, 0), (1, 2)): [798, 163, 75, 79, 28, 11, 3, 1, 1]
(1, (1, 1, 0), (2, 0)): [327, 119, 85, 69, 33, 6, 3, 1]
(1, (1, 1, 0), (2, 1)): [488, 137, 100, 77, 28, 12, 2, 2, 1]
(1, (1, 1, 0), (2, 2)): [571, 144, 76, 69, 20, 13, 4, 2, 2]
(1, (1, 1, 0), (3, 0)): [72, 42, 34, 29, 13, 3, 1, 1]
(1, (1, 1, 0), (3, 1)): [167, 68, 61, 46, 18, 6, 1]
(1, (1, 1, 0), (3, 2)): [289, 98, 53, 45, 19, 11, 2, 1, 1]
(1, (1, 1, 1), (0, 0)): [554, 409, 254, 197, 120, 56, 16, 6]
(1, (1, 1, 1), (0, 1)): [293, 161, 105, 81, 57, 29, 8, 2]
(1, (1, 1, 1), (0, 2)): [131, 53, 34, 23, 20, 10, 3]
(1, (1, 1, 1), (1, 0)): [195, 184, 97, 79, 47, 16, 5, 3]
(1, (1, 1, 1), (1, 1)): [215, 134, 81, 69, 49, 22, 3, 2]
(1, (1, 1, 1), (1, 2)): [172, 82, 43, 36, 24, 18, 3]
(1, (1, 1, 1), (2, 0)): [51, 63, 31, 22, 18, 5, 1, 1]
(1, (1, 1, 1), (2, 1)): [89, 73, 45, 38, 33, 5, 2, 2]
(1, (1, 1, 1), (2, 2)): [108, 67, 32, 35, 21, 11, 2, 1]
(1, (1, 1, 1), (3, 0)): [12, 18, 12, 3, 4, 4]
(1, (1, 1, 1), (3, 1)): [30, 35, 22, 16, 18, 5, 1]
(1, (1, 1, 1), (3, 2)): [45, 42, 24, 16, 16, 9, 1]
(2, (0, 0, 0), (0, 0)): [24871, 1114, 310, 109, 33, 11, 6]
(2, (0, 0, 0), (0, 1)): [12866, 473, 137, 51, 12, 6, 1]
(2, (0, 0, 0), (0, 2)): [5365, 144, 49, 18, 4, 4]
(2, (0, 0, 0), (1, 0)): [9609, 478, 132, 51, 16, 4, 4]
(2, (0, 0, 0), (1, 1)): [10272, 434, 107, 51, 11, 3, 2]
(2, (0, 0, 0), (1, 2)): [7675, 225, 64, 40, 6, 3]
(2, (0, 0, 0), (2, 0)): [3271, 170, 62, 21, 8, 3, 3]
(2, (0, 0, 0), (2, 1)): [5213, 265, 83, 25, 6, 4, 4]
(2, (0, 0, 0), (2, 2)): [6249, 223, 77, 32, 7, 4]
(2, (0, 0, 0), (3, 0)): [934, 50, 25, 10, 5]
(2, (0, 0, 0), (3, 1)): [2071, 124, 42, 12, 5, 2, 3]
(2, (0, 0, 0), (3, 2)): [3513, 161, 63, 19, 5, 5, 1]
(2, (0, 0, 1), (0, 0)): [2224, 571, 116, 42, 8, 9, 2]
(2, (0, 0, 1), (0, 1)): [1057, 224, 35, 16, 4, 6]
(2, (0, 0, 1), (0, 2)): [463, 69, 10, 5, 2, 3]
(2, (0, 0, 1), (1, 0)): [993, 273, 68, 22, 4, 2, 2]
(2, (0, 0, 1), (1, 1)): [897, 208, 41, 14, 1, 2]
(2, (0, 0, 1), (1, 2)): [684, 122, 19, 8, 1, 2]
(2, (0, 0, 1), (2, 0)): [432, 112, 29, 13, 3, 1, 2]
(2, (0, 0, 1), (2, 1)): [490, 117, 28, 9, 2, 2, 1]
(2, (0, 0, 1), (2, 2)): [576, 112, 13, 6, 1, 1, 1]
(2, (0, 0, 1), (3, 0)): [196, 38, 12, 9, 1, 1, 1]
(2, (0, 0, 1), (3, 1)): [241, 42, 19, 11, 2, 2, 1]
(2, (0, 0, 1), (3, 2)): [357, 86, 16, 9, 1, 2, 2]
(2, (0, 1, 0), (0, 0)): [5751, 1011, 282, 116, 43, 15, 5, 0, 1]
(2, (0, 1, 0), (0, 1)): [2753, 412, 103, 33, 17, 7, 1, 0, 1]
(2, (0, 1, 0), (0, 2)): [1211, 124, 34, 9, 8, 0, 0, 0, 1]
(2, (0, 1, 0), (1, 0)): [2547, 486, 139, 74, 21, 8, 3]
(2, (0, 1, 0), (1, 1)): [2325, 369, 105, 34, 15, 8, 2]
(2, (0, 1, 0), (1, 2)): [1746, 194, 64, 17, 15, 3, 1, 0, 1]
(2, (0, 1, 0), (2, 0)): [1048, 193, 61, 41, 12, 3, 2]
(2, (0, 1, 0), (2, 1)): [1268, 208, 61, 31, 5, 3, 2]
(2, (0, 1, 0), (2, 2)): [1444, 185, 73, 24, 10, 5, 1]
(2, (0, 1, 0), (3, 0)): [511, 82, 23, 24, 8, 2, 1]
(2, (0, 1, 0), (3, 1)): [581, 94, 28, 18, 8, 1, 2]
(2, (0, 1, 0), (3, 2)): [889, 131, 52, 20, 7, 2, 3]
(2, (0, 1, 1), (0, 0)): [1415, 79, 225, 77, 24, 7, 2, 2]
(2, (0, 1, 1), (0, 1)): [650, 32, 96, 24, 12, 4, 1]
(2, (0, 1, 1), (0, 2)): [285, 9, 24, 6, 5, 1]
(2, (0, 1, 1), (1, 0)): [666, 42, 105, 47, 11, 3, 1, 1]
(2, (0, 1, 1), (1, 1)): [592, 30, 96, 29, 10, 4, 2]
(2, (0, 1, 1), (1, 2)): [439, 18, 41, 15, 8, 3, 1]
(2, (0, 1, 1), (2, 0)): [282, 25, 43, 23, 7, 1, 0, 1]
(2, (0, 1, 1), (2, 1)): [343, 20, 68, 22, 6, 2, 0, 1]
(2, (0, 1, 1), (2, 2)): [430, 18, 52, 19, 5, 3, 1]
(2, (0, 1, 1), (3, 0)): [146, 15, 21, 13, 5, 1]
(2, (0, 1, 1), (3, 1)): [147, 12, 26, 8, 4, 2]
(2, (0, 1, 1), (3, 2)): [238, 11, 26, 15, 6, 3]
(2, (1, 0, 0), (0, 0)): [11864, 814, 519, 168, 46, 18, 7, 1]
(2, (1, 0, 0), (0, 1)): [5770, 320, 204, 62, 20, 4, 3]
(2, (1, 0, 0), (0, 2)): [2381, 90, 67, 16, 6, 1]
(2, (1, 0, 0), (1, 0)): [4663, 398, 234, 83, 23, 10, 1, 1]
(2, (1, 0, 0), (1, 1)): [4452, 298, 163, 65, 18, 5, 4]
(2, (1, 0, 0), (1, 2)): [3165, 148, 77, 23, 8, 2, 1]
(2, (1, 0, 0), (2, 0)): [1452, 140, 78, 20, 10, 5, 0, 1]
(2, (1, 0, 0), (2, 1)): [2155, 169, 89, 44, 10, 4, 1]
(2, (1, 0, 0), (2, 2)): [2344, 129, 74, 27, 9, 3, 1]
(2, (1, 0, 0), (3, 0)): [389, 54, 22, 9, 6, 2, 0, 1]
(2, (1, 0, 0), (3, 1)): [853, 99, 47, 25, 5, 2, 1]
(2, (1, 0, 0), (3, 2)): [1256, 101, 47, 26, 11, 2, 1]
(2, (1, 0, 1), (0, 0)): [2175, 413, 152, 97, 30, 7, 3]
(2, (1, 0, 1), (0, 1)): [1059, 176, 60, 42, 13, 6]
(2, (1, 0, 1), (0, 2)): [467, 51, 18, 15, 5, 4]
(2, (1, 0, 1), (1, 0)): [843, 179, 72, 44, 12, 1, 3]
(2, (1, 0, 1), (1, 1)): [820, 144, 59, 38, 12, 1, 2]
(2, (1, 0, 1), (1, 2)): [625, 68, 28, 23, 8, 3, 1]
(2, (1, 0, 1), (2, 0)): [273, 61, 23, 14, 4, 1, 1]
(2, (1, 0, 1), (2, 1)): [404, 89, 36, 24, 3, 0, 1]
(2, (1, 0, 1), (2, 2)): [458, 67, 27, 18, 5, 2, 2]
(2, (1, 0, 1), (3, 0)): [79, 14, 8, 1, 2, 0, 1]
(2, (1, 0, 1), (3, 1)): [167, 31, 13, 6, 3]
(2, (1, 0, 1), (3, 2)): [256, 41, 23, 12, 3, 0, 2]
(2, (1, 1, 0), (0, 0)): [4557, 592, 273, 235, 65, 16, 5, 2]
(2, (1, 1, 0), (0, 1)): [2307, 234, 125, 101, 27, 9, 1]
(2, (1, 1, 0), (0, 2)): [988, 54, 39, 32, 10, 1, 1]
(2, (1, 1, 0), (1, 0)): [1797, 254, 112, 102, 33, 5, 4, 2]
(2, (1, 1, 0), (1, 1)): [1823, 208, 113, 86, 20, 10, 1, 1]
(2, (1, 1, 0), (1, 2)): [1395, 108, 64, 54, 15, 4, 2]
(2, (1, 1, 0), (2, 0)): [584, 90, 39, 38, 15, 2, 1]
(2, (1, 1, 0), (2, 1)): [915, 102, 64, 51, 13, 3, 0, 1]
(2, (1, 1, 0), (2, 2)): [1104, 97, 57, 41, 16, 3, 2, 1]
(2, (1, 1, 0), (3, 0)): [179, 30, 12, 11, 5]
(2, (1, 1, 0), (3, 1)): [357, 52, 26, 26, 8]
(2, (1, 1, 0), (3, 2)): [546, 59, 38, 28, 12, 2, 1, 1]
(2, (1, 1, 1), (0, 0)): [1343, 186, 162, 105, 63, 18, 5, 1]
(2, (1, 1, 1), (0, 1)): [724, 66, 67, 43, 19, 9, 1, 1]
(2, (1, 1, 1), (0, 2)): [344, 25, 23, 12, 7, 3, 1]
(2, (1, 1, 1), (1, 0)): [472, 106, 66, 46, 35, 6, 4]
(2, (1, 1, 1), (1, 1)): [522, 78, 47, 39, 20, 4, 2, 1]
(2, (1, 1, 1), (1, 2)): [416, 38, 31, 23, 11, 1, 1]
(2, (1, 1, 1), (2, 0)): [132, 54, 21, 19, 15, 5, 1]
(2, (1, 1, 1), (2, 1)): [244, 68, 31, 26, 17, 3, 3, 1]
(2, (1, 1, 1), (2, 2)): [306, 50, 29, 26, 11, 1, 3, 1]
(2, (1, 1, 1), (3, 0)): [22, 32, 4, 4, 4, 4]
(2, (1, 1, 1), (3, 1)): [67, 54, 9, 8, 12, 3, 1]
(2, (1, 1, 1), (3, 2)): [136, 54, 13, 18, 11, 3, 1]
