(0, (0, 0, 0)): [546695, 111364, 52631, 24358, 11181, 4896, 2039, 890, 372, 184, 75, 33, 18, 4, 3]
(0, (0, 0, 1)): [2434, 7919, 2222, 1061, 532, 220, 106, 63, 23, 13, 3, 1, 3]
(0, (0, 1, 0)): [17716, 18090, 6966, 3321, 1686, 778, 325, 142, 62, 37, 13, 5, 2, 0, 1]
(0, (0, 1, 1)): [1593, 2888, 3709, 1667, 910, 425, 184, 88, 44, 16, 5, 3, 0, 1, 1]
(0, (1, 0, 0)): [121791, 42389, 26710, 13364, 6523, 2949, 1261, 561, 241, 120, 52, 20, 12, 3, 2]
(0, (1, 0, 1)): [2774, 9171, 3835, 2631, 1417, 667, 338, 141, 66, 29, 12, 9, 3, 0, 1]
(0, (1, 1, 0)): [16423, 10964, 8947, 6098, 3380, 1564, 696, 353, 146, 66, 33, 12, 6, 1]
(0, (1, 1, 1)): [1675, 3160, 2704, 2170, 1706, 831, 394, 205, 89, 38, 22, 8, 1, 1, 1]
(1, (0, 0, 0)): [433837, 47489, 19817, 7984, 3221, 1277, 494, 198, 78, 30, 12, 9, 2, 1]
(1, (0, 0, 1)): [13014, 20357, 3983, 1692, 718, 290, 130, 59, 27, 10, 6, 4, 3, 1]
(1, (0, 1, 0)): [61297, 30007, 10397, 4377, 1829, 736, 278, 131, 33, 25, 10, 5, 4, 0, 1]
(1, (0, 1, 1)): [10459, 9106, 8883, 3493, 1723, 700, 272, 112, 62, 17, 7, 4, 1, 1]
(1, (1, 0, 0)): [177224, 33208, 20353, 8961, 3610, 1525, 579, 215, 100, 46, 15, 13, 2, 2]
(1, (1, 0, 1)): [13790, 17929, 6009, 3823, 1637, 716, 274, 107, 45, 32, 10, 3]
(1, (1, 1, 0)): [47532, 15255, 10922, 7344, 3217, 1410, 562, 219, 83, 39, 12, 8, 2, 3, 1]
(1, (1, 1, 1)): [9751, 8091, 5262, 3647, 2572, 1161, 474, 180, 78, 28, 12, 9, 4, 2, 1]
(2, (0, 0, 0)): [371866, 16258, 5633, 1779, 648, 235, 81, 31, 8, 2, 2]
(2, (0, 0, 1)): [39282, 13041, 2399, 820, 298, 114, 38, 10, 1, 2, 0, 1]
(2, (0, 1, 0)): [99398, 23105, 5699, 1997, 660, 235, 72, 17, 6, 1, 1]
(2, (0, 1, 1)): [24341, 2168, 5801, 1548, 588, 193, 72, 27, 11, 4, 1]
(2, (1, 0, 0)): [216995, 16738, 9750, 3183, 1073, 340, 137, 45, 13, 5, 3]
(2, (1, 0, 1)): [36063, 9572, 4069, 2202, 681, 257, 88, 30, 12, 2, 0, 1]
(2, (1, 1, 0)): [81548, 13088, 6969, 4209, 1384, 471, 144, 51, 19, 7, 4, 0, 0, 1]
(2, (1, 1, 1)): [23993, 3657, 4160, 2200, 1466, 501, 163, 60, 26, 6, 4, 0, 0, 1]
