(0, (0, 0, 0), (0, 0)): [949636, 188742, 87938, 40021, 17903, 7739, 3211, 1335, 549, 248, 106, 53, 25, 8, 3, 1, 0, 1]
(0, (0, 0, 0), (0, 1)): [17937, 3251, 1564, 691, 306, 132, 45, 25, 6, 5, 1, 0, 2, 1, 0, 1]
(0, (0, 0, 0), (0, 2)): [6580, 1031, 495, 222, 99, 29, 16, 10, 2, 1, 0, 0, 1]
(0, (0, 0, 0), (1, 0)): [16622, 3545, 1822, 812, 396, 168, 80, 30, 11, 5, 3]
(0, (0, 0, 0), (1, 1)): [15226, 2908, 1463, 662, 309, 129, 44, 23, 6, 3, 3, 0, 1, 1, 0, 1]
(0, (0, 0, 0), (1, 2)): [9858, 1660, 787, 340, 178, 67, 21, 10, 5, 2, 0, 0, 2]
(0, (0, 0, 0), (2, 0)): [5515, 1313, 711, 349, 161, 78, 38, 13, 4, 2, 1]
(0, (0, 0, 0), (2, 1)): [8141, 1708, 923, 433, 200, 85, 38, 20, 3, 1, 1, 0, 0, 1]
(0, (0, 0, 0), (2, 2)): [7822, 1428, 730, 329, 162, 72, 21, 11, 3, 3, 1, 0, 2]
(0, (0, 0, 0), (3, 0)): [1818, 454, 293, 157, 69, 40, 17, 5, 3, 0, 1]
(0, (0, 0, 0), (3, 1)): [3289, 806, 502, 256, 104, 51, 21, 13, 4]
(0, (0, 0, 0), (3, 2)): [4485, 939, 590, 273, 127, 52, 15, 10, 5, 2, 0, 0, 2]
(0, (0, 0, 1), (0, 0)): [3989, 11986, 3232, 1553, 770, 328, 141, 70, 31, 17, 4, 1, 3, 1]
(0, (0, 0, 1), (0, 1)): [71, 187, 59, 20, 13, 6, 2, 1, 0, 1, 0, 0, 0, 1]
(0, (0, 1, 0), (0, 0)): [31558, 29476, 11551, 5453, 2671, 1168, 491, 206, 91, 51, 17, 5, 3, 2, 1]
(0, (0, 1, 0), (0, 1)): [565, 464, 178, 86, 29, 21, 8, 5, 1]
(0, (0, 1, 0), (0, 2)): [224, 143, 62, 24, 5, 9, 3, 0, 1]
(0, (0, 1, 0), (1, 0)): [533, 472, 201, 106, 52, 27, 10, 2, 1]
(0, (0, 1, 0), (1, 1)): [452, 392, 161, 82, 32, 14, 7, 5]
(0, (0, 1, 0), (1, 2)): [308, 241, 89, 49, 17, 10, 3, 2, 1]
(0, (0, 1, 0), (2, 0)): [194, 166, 67, 40, 21, 17, 4, 0, 1]
(0, (0, 1, 0), (2, 1)): [233, 201, 87, 46, 14, 16, 5, 3]
(0, (0, 1, 0), (2, 2)): [242, 178, 80, 39, 13, 7, 6, 1, 1]
(0, (0, 1, 0), (3, 0)): [73, 62, 31, 25, 14, 5, 2, 0, 1]
(0, (0, 1, 0), (3, 1)): [97, 87, 46, 27, 16, 8, 1, 1]
(0, (0, 1, 0), (3, 2)): [147, 110, 62, 30, 17, 6, 5]
(0, (0, 1, 1), (0, 0)): [2807, 4657, 5742, 2670, 1435, 654, 285, 137, 66, 28, 9, 6, 1, 2, 1, 0, 0, 1]
(0, (1, 0, 0), (0, 0)): [205481, 67798, 43427, 21444, 10244, 4637, 1964, 850, 355, 161, 73, 34, 15, 4, 2, 1, 0, 1]
(0, (1, 0, 0), (0, 1)): [3785, 1026, 757, 355, 184, 81, 29, 14, 6]
(0, (1, 0, 0), (0, 2)): [1457, 306, 249, 95, 52, 20, 12, 2, 5]
(0, (1, 0, 0), (1, 0)): [3308, 1065, 796, 386, 190, 72, 42, 15, 6, 6, 2]
(0, (1, 0, 0), (1, 1)): [2825, 831, 626, 299, 146, 55, 23, 14, 5, 4]
(0, (1, 0, 0), (1, 2)): [1830, 442, 351, 145, 73, 24, 16, 7, 3, 2]
(0, (1, 0, 0), (2, 0)): [1039, 359, 259, 145, 78, 33, 13, 6, 2, 2, 2]
(0, (1, 0, 0), (2, 1)): [1377, 420, 322, 177, 90, 38, 14, 6, 3, 3]
(0, (1, 0, 0), (2, 2)): [1276, 334, 260, 124, 65, 21, 14, 7, 2, 3]
(0, (1, 0, 0), (3, 1)): [520, 185, 145, 90, 58, 16, 4, 2, 3, 1, 1]
(0, (1, 0, 0), (3, 2)): [652, 208, 159, 83, 60, 16, 6, 5, 2, 3]
(0, (1, 0, 1), (0, 0)): [4817, 14817, 6014, 4133, 2224, 1009, 505, 203, 97, 45, 20, 11, 5, 1, 1, 0, 0, 1]
(0, (1, 0, 1), (1, 0)): [74, 248, 93, 75, 37, 16, 2, 3, 4, 1, 1]
(0, (1, 0, 1), (2, 0)): [29, 91, 41, 27, 15, 9, 0, 3, 1, 1]
(0, (1, 0, 1), (2, 1)): [24, 113, 39, 31, 18, 6, 1, 0, 2, 0, 1]
(0, (1, 0, 1), (2, 2)): [43, 92, 28, 20, 12, 5, 2, 1, 1, 0, 1]
(0, (1, 1, 0), (0, 0)): [28021, 17850, 13695, 9719, 5171, 2471, 1072, 523, 207, 90, 44, 21, 6, 1]
(0, (1, 1, 0), (0, 1)): [555, 299, 209, 159, 89, 35, 13, 11, 2, 0, 1]
(0, (1, 1, 0), (0, 2)): [221, 107, 70, 49, 34, 12, 6, 6]
(0, (1, 1, 0), (1, 0)): [427, 272, 220, 159, 85, 46, 16, 10, 1, 3]
(0, (1, 1, 0), (1, 1)): [368, 203, 162, 118, 56, 29, 12, 9, 2, 1, 1]
(0, (1, 1, 0), (2, 0)): [118, 89, 70, 61, 33, 19, 5, 4, 1, 1]
(0, (1, 1, 0), (2, 1)): [170, 112, 74, 70, 36, 17, 9, 5, 1, 1]
(0, (1, 1, 0), (2, 2)): [170, 94, 70, 52, 24, 15, 3, 7, 1, 2]
(0, (1, 1, 0), (3, 2)): [97, 52, 42, 38, 16, 10, 2, 4, 1]
(0, (1, 1, 1), (0, 0)): [2797, 5234, 4311, 3283, 2594, 1303, 618, 310, 131, 56, 31, 12, 2, 1, 1]
(1, (0, 0, 0), (0, 0)): [764749, 82890, 34198, 13560, 5308, 2013, 791, 301, 120, 45, 21, 13, 6, 2, 0, 1]
(1, (0, 0, 0), (0, 1)): [14517, 1462, 634, 235, 86, 23, 11, 8, 1, 0, 0, 0, 0, 1]
(1, (0, 0, 0), (0, 2)): [5354, 433, 183, 63, 22, 6, 1, 1]
(1, (0, 0, 0), (1, 0)): [13991, 1727, 761, 278, 129, 48, 20, 6, 0, 1, 0, 0, 0, 0, 0, 1]
(1, (0, 0, 0), (1, 1)): [12526, 1380, 573, 204, 93, 37, 17, 6, 1, 1, 0, 0, 0, 1]
(1, (0, 0, 0), (1, 2)): [7962, 698, 280, 116, 51, 23, 8, 2]
(1, (0, 0, 0), (2, 0)): [4870, 666, 341, 116, 52, 20, 7, 4, 0, 0, 0, 0, 0, 0, 0, 1]
(1, (0, 0, 0), (2, 1)): [6978, 857, 370, 131, 60, 20, 9, 6, 0, 1]
(1, (0, 0, 0), (2, 2)): [6618, 646, 288, 108, 47, 27, 11, 4]
(1, (0, 0, 0), (3, 0)): [1566, 240, 162, 53, 26, 8, 4, 0, 0, 0, 0, 0, 0, 0, 0, 1]
(1, (0, 0, 0), (3, 1)): [2945, 450, 238, 82, 46, 7, 2, 3]
(1, (0, 0, 0), (3, 2)): [3780, 462, 245, 84, 44, 17, 10, 3]
(1, (0, 0, 1), (0, 0)): [20750, 29981, 5902, 2482, 1046, 443, 164, 69, 33, 9, 5, 4, 4, 1]
(1, (0, 0, 1), (0, 1)): [366, 380, 86, 29, 14, 7, 5]
(1, (0, 0, 1), (0, 2)): [153, 119, 27, 7, 2, 1, 3]
(1, (0, 0, 1), (1, 1)): [317, 372, 73, 32, 17, 6, 2, 2]
(1, (0, 0, 1), (2, 1)): [154, 221, 37, 19, 8, 7, 5, 2]
(1, (0, 0, 1), (2, 2)): [163, 163, 30, 14, 6, 2, 1]
(1, (0, 1, 0), (0, 0)): [101042, 45997, 16499, 6959, 2834, 1113, 383, 187, 48, 29, 18, 7, 7, 2, 1]
(1, (0, 1, 0), (0, 1)): [1647, 644, 245, 104, 31, 12, 6, 2, 1]
(1, (0, 1, 0), (0, 2)): [652, 226, 75, 22, 9, 5, 2]
(1, (0, 1, 0), (1, 0)): [1965, 887, 321, 184, 81, 25, 12, 4, 0, 0, 1, 0, 0, 1]
(1, (0, 1, 0), (1, 1)): [1447, 562, 229, 106, 37, 12, 7, 3, 1, 0, 0, 0, 0, 1]
(1, (0, 1, 0), (1, 2)): [936, 332, 129, 42, 15, 6, 5, 2]
(1, (0, 1, 0), (2, 0)): [857, 390, 145, 99, 41, 15, 8, 3, 0, 0, 1]
(1, (0, 1, 0), (2, 1)): [792, 340, 122, 73, 30, 10, 6, 2, 0, 0, 1, 0, 0, 1]
(1, (0, 1, 0), (2, 2)): [747, 299, 110, 39, 21, 4, 3, 1]
(1, (0, 1, 0), (3, 0)): [458, 187, 61, 70, 29, 8, 5, 2]
(1, (0, 1, 0), (3, 1)): [391, 153, 57, 45, 19, 7, 3, 1, 0, 0, 0, 0, 0, 1]
(1, (0, 1, 0), (3, 2)): [421, 166, 73, 41, 23, 0, 4, 1, 0, 0, 0, 0, 0, 1]
(1, (0, 1, 1), (0, 0)): [16990, 13671, 12743, 5044, 2608, 1023, 416, 172, 80, 21, 8, 6, 1, 2, 0, 1]
(1, (0, 1, 1), (0, 1)): [227, 165, 137, 51, 24, 14, 6, 2]
(1, (0, 1, 1), (0, 2)): [114, 52, 45, 16, 7, 3, 2]
(1, (0, 1, 1), (1, 0)): [416, 319, 237, 112, 81, 29, 11, 7, 3, 1]
(1, (0, 1, 1), (1, 1)): [192, 142, 131, 48, 25, 6, 5, 3]
(1, (0, 1, 1), (1, 2)): [146, 77, 73, 31, 10, 4, 2]
(1, (0, 1, 1), (2, 0)): [278, 210, 134, 76, 63, 27, 9, 6, 3, 1]
(1, (0, 1, 1), (2, 2)): [109, 78, 65, 27, 17, 2, 1, 2]
(1, (0, 1, 1), (3, 0)): [228, 167, 107, 58, 55, 23, 6, 6, 3, 1]
(1, (1, 0, 0), (0, 0)): [298005, 52743, 33796, 14470, 5849, 2324, 925, 331, 154, 62, 24, 19, 4, 2, 0, 2]
(1, (1, 0, 0), (0, 1)): [5490, 758, 582, 238, 95, 32, 14, 3, 1, 2]
(1, (1, 0, 0), (0, 2)): [1989, 235, 206, 67, 28, 10, 6, 1, 0, 2]
(1, (1, 0, 0), (1, 0)): [5201, 918, 664, 312, 132, 44, 23, 9, 1, 2, 0, 0, 1, 0, 0, 1]
(1, (1, 0, 0), (1, 1)): [4413, 649, 499, 201, 81, 29, 12, 6, 1, 0, 0, 0, 0, 0, 0, 1]
(1, (1, 0, 0), (1, 2)): [2738, 337, 290, 97, 44, 16, 5, 4, 0, 1]
(1, (1, 0, 0), (2, 0)): [1695, 334, 251, 146, 56, 23, 10, 0, 1, 2, 0, 0, 1]
(1, (1, 0, 0), (2, 1)): [2266, 376, 304, 138, 55, 17, 9, 2, 2, 0, 0, 0, 0, 0, 0, 1]
(1, (1, 0, 0), (2, 2)): [2070, 284, 255, 95, 39, 11, 5, 3, 1, 1]
(1, (1, 0, 0), (3, 0)): [510, 112, 81, 63, 25, 10, 4, 0, 0, 2, 0, 0, 1]
(1, (1, 0, 0), (3, 1)): [867, 201, 142, 85, 30, 12, 6, 1, 0, 1, 0, 0, 0, 0, 0, 1]
(1, (1, 0, 0), (3, 2)): [1071, 201, 154, 79, 29, 12, 5, 1, 1, 1, 0, 0, 0, 0, 0, 1]
(1, (1, 0, 1), (0, 0)): [23552, 28150, 9135, 5966, 2557, 1080, 412, 165, 58, 43, 12, 4, 0, 1]
(1, (1, 0, 1), (0, 1)): [439, 390, 115, 95, 42, 16, 9, 2, 3, 2]
(1, (1, 0, 1), (0, 2)): [196, 122, 39, 29, 7, 6, 4, 1, 0, 1]
(1, (1, 0, 1), (1, 0)): [414, 471, 153, 108, 58, 17, 4, 1, 0, 2]
(1, (1, 0, 1), (2, 0)): [158, 163, 52, 33, 22, 10, 1, 1, 0, 1]
(1, (1, 1, 0), (0, 0)): [80974, 25207, 17153, 12039, 5123, 2151, 845, 344, 141, 55, 21, 12, 6, 4, 1]
(1, (1, 1, 0), (0, 1)): [1532, 398, 249, 195, 77, 30, 18, 5, 2]
(1, (1, 1, 0), (0, 2)): [615, 155, 81, 66, 23, 8, 4, 0, 1]
(1, (1, 1, 0), (1, 0)): [1388, 461, 331, 252, 108, 40, 19, 8, 1, 2, 0, 0, 2, 1]
(1, (1, 1, 0), (1, 1)): [1150, 321, 232, 167, 74, 29, 18, 7, 0, 2]
(1, (1, 1, 0), (1, 2)): [846, 205, 130, 100, 38, 14, 8, 1]
(1, (1, 1, 0), (2, 0)): [481, 169, 115, 99, 41, 16, 4, 2, 1, 0, 0, 0, 2, 1]
(1, (1, 1, 0), (2, 1)): [569, 193, 139, 98, 38, 17, 9, 3, 0, 1, 0, 0, 1]
(1, (1, 1, 0), (2, 2)): [614, 157, 93, 73, 37, 12, 4, 1]
(1, (1, 1, 0), (3, 0)): [136, 64, 35, 33, 24, 11, 2, 2, 1, 0, 0, 0, 1]
(1, (1, 1, 0), (3, 1)): [243, 93, 66, 54, 27, 11, 8, 3, 0, 1, 0, 0, 1]
(1, (1, 1, 1), (0, 0)): [16812, 13240, 8540, 5651, 4071, 1743, 714, 270, 113, 40, 16, 14, 6, 2, 1, 1]
(1, (1, 1, 1), (0, 1)): [371, 232, 157, 97, 79, 29, 14, 4, 3]
(1, (1, 1, 1), (0, 2)): [192, 82, 56, 30, 31, 8, 7]
(1, (1, 1, 1), (1, 0)): [324, 242, 162, 107, 85, 38, 16, 6, 2, 2, 0, 1, 1]
(2, (0, 0, 0), (0, 0)): [660559, 29654, 10083, 3206, 1092, 355, 132, 40, 8, 3, 4, 0, 1]
(2, (0, 0, 0), (0, 1)): [12537, 532, 191, 44, 27, 6, 6, 1]
(2, (0, 0, 0), (0, 2)): [4496, 143, 40, 14, 6, 1, 1, 1]
(2, (0, 0, 0), (1, 0)): [12711, 726, 246, 71, 31, 10, 3, 0, 0, 0, 0, 0, 1]
(2, (0, 0, 0), (1, 1)): [11148, 561, 203, 39, 27, 5, 6]
(2, (0, 0, 0), (1, 2)): [6971, 255, 87, 23, 12, 3, 3]
(2, (0, 0, 0), (2, 0)): [4629, 271, 113, 43, 15, 6, 1, 0, 0, 0, 0, 0, 1]
(2, (0, 0, 0), (2, 1)): [6484, 337, 128, 38, 9, 4, 3]
(2, (0, 0, 0), (2, 2)): [5853, 262, 96, 25, 11, 4, 1]
(2, (0, 0, 0), (3, 0)): [1577, 106, 62, 22, 11, 3, 1, 0, 0, 0, 0, 0, 1]
(2, (0, 0, 0), (3, 1)): [2952, 161, 85, 29, 10, 5, 2]
(2, (0, 0, 0), (3, 2)): [3720, 196, 96, 24, 7, 4]
(2, (0, 0, 1), (0, 0)): [60565, 18996, 3712, 1268, 454, 160, 47, 12, 3, 2, 0, 1]
(2, (0, 0, 1), (0, 1)): [1002, 280, 62, 22, 9, 3, 1]
(2, (0, 0, 1), (0, 2)): [390, 70, 20, 4, 1, 1]
(2, (0, 0, 1), (1, 0)): [1187, 357, 81, 36, 9, 3, 0, 1]
(2, (0, 0, 1), (1, 1)): [963, 241, 57, 19, 8, 1, 1]
(2, (0, 0, 1), (1, 2)): [625, 114, 25, 9, 2, 1, 1]
(2, (0, 0, 1), (2, 0)): [490, 156, 37, 24, 6, 3, 0, 1]
(2, (0, 0, 1), (2, 1)): [553, 137, 42, 16, 9, 1, 0, 1]
(2, (0, 0, 1), (2, 2)): [516, 96, 32, 6, 3, 2, 1]
(2, (0, 0, 1), (3, 0)): [253, 68, 21, 15, 2, 2]
(2, (0, 0, 1), (3, 2)): [313, 70, 23, 9, 2, 1]
(2, (0, 1, 0), (0, 0)): [161561, 35379, 9306, 3255, 1066, 362, 107, 29, 7, 4, 4, 0, 1]
(2, (0, 1, 0), (0, 1)): [2623, 464, 127, 48, 13, 1, 1]
(2, (0, 1, 0), (1, 0)): [3481, 595, 254, 103, 23, 14, 5, 1, 0, 0, 0, 0, 1]
(2, (0, 1, 0), (1, 1)): [2444, 410, 147, 52, 12, 4, 3, 1]
(2, (0, 1, 0), (1, 2)): [1530, 213, 58, 31, 3]
(2, (0, 1, 0), (2, 0)): [1643, 260, 129, 68, 16, 9, 3, 0, 0, 0, 0, 0, 1]
(2, (0, 1, 0), (2, 1)): [1488, 264, 92, 33, 9, 6, 3, 1, 0, 0, 0, 0, 1]
(2, (0, 1, 0), (2, 2)): [1335, 199, 58, 33, 5, 3, 0, 1]
(2, (0, 1, 0), (3, 0)): [926, 120, 77, 48, 12, 4, 2]
(2, (0, 1, 0), (3, 1)): [707, 122, 60, 21, 9, 3, 3, 0, 0, 0, 0, 0, 1]
(2, (0, 1, 0), (3, 2)): [861, 137, 53, 28, 5, 3, 1, 0, 0, 0, 0, 0, 1]
(2, (0, 1, 1), (0, 0)): [37865, 3307, 8506, 2273, 895, 289, 108, 38, 15, 4, 3, 1, 0, 1]
(2, (0, 1, 1), (0, 1)): [566, 46, 101, 23, 6, 3, 1, 3]
(2, (0, 1, 1), (0, 2)): [239, 19, 32, 8, 3, 1, 1]
(2, (0, 1, 1), (1, 0)): [797, 83, 157, 55, 25, 7, 4, 0, 0, 0, 1]
(2, (0, 1, 1), (1, 1)): [516, 37, 96, 24, 6, 3, 1, 2]
(2, (0, 1, 1), (1, 2)): [344, 22, 48, 9, 4, 1, 2, 1]
(2, (0, 1, 1), (2, 0)): [407, 50, 77, 34, 20, 6, 1, 0, 0, 0, 1]
(2, (0, 1, 1), (2, 1)): [287, 26, 72, 16, 5, 4]
(2, (0, 1, 1), (2, 2)): [296, 26, 52, 13, 2, 4, 1, 1]
(2, (0, 1, 1), (3, 0)): [282, 38, 42, 21, 18, 5, 1, 0, 0, 0, 1]
(2, (0, 1, 1), (3, 2)): [200, 23, 38, 9, 4, 4, 0, 1]
(2, (1, 0, 0), (0, 0)): [362915, 26311, 16856, 5348, 1743, 548, 230, 61, 16, 8, 5, 0, 1]
(2, (1, 0, 0), (0, 1)): [6243, 330, 282, 71, 30, 7, 6, 1]
(2, (1, 0, 0), (0, 2)): [2251, 88, 77, 15, 10, 1, 1]
(2, (1, 0, 0), (1, 0)): [6462, 534, 386, 146, 39, 11, 7, 1, 0, 0, 0, 0, 1]
(2, (1, 0, 0), (1, 1)): [5181, 326, 269, 80, 24, 3, 4]
(2, (1, 0, 0), (1, 2)): [3244, 157, 118, 42, 11, 2]
(2, (1, 0, 0), (2, 0)): [2173, 206, 137, 70, 17, 5, 4, 0, 0, 0, 0, 0, 1]
(2, (1, 0, 0), (2, 1)): [2634, 168, 146, 51, 20, 6, 2, 0, 0, 0, 0, 0, 1]
(2, (1, 0, 0), (2, 2)): [2451, 143, 114, 37, 13, 5, 1]
(2, (1, 0, 0), (3, 0)): [717, 95, 41, 42, 4, 1, 3]
(2, (1, 0, 0), (3, 1)): [1139, 115, 69, 41, 9, 3, 2, 0, 0, 0, 0, 0, 1]
(2, (1, 0, 0), (3, 2)): [1366, 115, 76, 33, 9, 7, 1, 0, 0, 0, 0, 0, 1]
(2, (1, 0, 1), (0, 0)): [60025, 14868, 5945, 3504, 1124, 382, 145, 43, 19, 6, 0, 2, 1]
(2, (1, 0, 1), (0, 1)): [1088, 223, 95, 62, 20, 1, 2, 1, 0, 0, 0, 1]
(2, (1, 0, 1), (0, 2)): [433, 67, 29, 13, 8]
(2, (1, 0, 1), (1, 0)): [1005, 231, 108, 78, 29, 11, 3]
(2, (1, 0, 1), (1, 1)): [832, 173, 70, 58, 17, 5, 4, 1, 0, 0, 0, 1]
(2, (1, 0, 1), (1, 2)): [568, 83, 33, 24, 9, 2, 1, 1, 0, 0, 0, 1]
(2, (1, 0, 1), (2, 0)): [353, 81, 55, 28, 10, 4, 1]
(2, (1, 0, 1), (2, 1)): [453, 107, 35, 31, 14, 4]
(2, (1, 1, 0), (0, 0)): [140541, 21900, 11072, 7278, 2338, 784, 247, 84, 33, 13, 6, 1, 2, 1]
(2, (1, 1, 0), (0, 1)): [2613, 352, 161, 114, 32, 7, 4, 2, 0, 0, 0, 0, 1]
(2, (1, 1, 0), (0, 2)): [1039, 108, 46, 27, 8, 1, 1]
(2, (1, 1, 0), (1, 0)): [2538, 377, 225, 173, 51, 19, 7, 2, 1, 1]
(2, (1, 1, 0), (1, 1)): [2116, 283, 146, 117, 26, 7, 3, 2, 1, 1, 0, 0, 1]
(2, (1, 1, 0), (1, 2)): [1465, 161, 77, 47, 11, 3, 2, 1]
(2, (1, 1, 0), (2, 0)): [891, 146, 99, 71, 26, 12, 3, 1]
(2, (1, 1, 0), (2, 1)): [1143, 144, 99, 76, 21, 11, 3, 1, 1, 1, 0, 0, 1]
(2, (1, 1, 0), (2, 2)): [1093, 132, 69, 62, 13, 4, 4, 1, 1]
(2, (1, 1, 0), (3, 0)): [313, 56, 42, 27, 12, 5, 1]
(2, (1, 1, 0), (3, 1)): [492, 74, 59, 38, 10, 8, 2, 1, 0, 0, 0, 0, 1]
(2, (1, 1, 0), (3, 2)): [614, 80, 54, 41, 13, 3, 3, 1, 1]
(2, (1, 1, 1), (0, 0)): [40968, 6040, 6831, 3414, 2442, 799, 264, 96, 38, 6, 5, 0, 1, 1]
(2, (1, 1, 1), (0, 1)): [885, 82, 120, 60, 42, 8, 5, 2, 1, 0, 0, 0, 1]
(2, (1, 1, 1), (0, 2)): [402, 19, 28, 17, 13, 2, 1, 0, 1]
(2, (1, 1, 1), (1, 1)): [665, 99, 111, 56, 37, 6, 3, 0, 0, 0, 1, 0, 1]
(2, (1, 1, 1), (1, 2)): [499, 41, 44, 24, 15, 4, 2, 0, 0, 0, 1]
(2, (1, 1, 1), (2, 2)): [335, 53, 41, 27, 16, 5, 2, 0, 0, 0, 1]
