(0, (0, 0, 0)): [30538, 6717, 3084, 1389, 694, 277, 106, 50, 25, 11, 3, 3, 0, 3]
(0, (0, 0, 1)): [85, 290, 84, 40, 15, 11, 6, 0, 1, 0, 0, 0, 1, 1]
(0, (0, 1, 0)): [1247, 1151, 440, 230, 135, 51, 19, 12, 7, 4, 0, 0, 1, 2]
(0, (0, 1, 1)): [91, 186, 195, 90, 49, 20, 5, 3, 2, 1, 1, 1]
(0, (1, 0, 0)): [6346, 2126, 1430, 704, 356, 160, 62, 29, 14, 7, 2, 2, 0, 3]
(0, (1, 0, 1)): [154, 390, 173, 142, 58, 36, 21, 5, 5, 2, 1, 1, 1]
(0, (1, 1, 0)): [952, 614, 467, 320, 194, 75, 33, 19, 8, 4, 2, 1]
(0, (1, 1, 1)): [83, 180, 156, 95, 84, 43, 17, 6, 5, 3, 2, 1]
(1, (0, 0, 0)): [25184, 3124, 1258, 511, 227, 74, 24, 11, 3]
(1, (0, 0, 1)): [639, 943, 193, 104, 41, 22, 6, 2, 1]
(1, (0, 1, 0)): [3608, 1524, 558, 267, 115, 51, 8, 4, 3, 1]
(1, (0, 1, 1)): [569, 457, 361, 145, 76, 28, 7, 8, 1]
(1, (1, 0, 0)): [9226, 1598, 1139, 497, 217, 82, 26, 17, 5]
(1, (1, 0, 1)): [812, 849, 270, 187, 86, 42, 15, 2, 3]
(1, (1, 1, 0)): [2748, 774, 555, 423, 188, 67, 21, 22, 6, 1, 1]
(1, (1, 1, 1)): [588, 420, 299, 176, 136, 63, 23, 20, 4]
(2, (0, 0, 0)): [22277, 1199, 384, 115, 48, 13, 4, 2]
(2, (0, 0, 1)): [2183, 598, 151, 51, 19, 8, 2, 1]
(2, (0, 1, 0)): [5699, 1121, 317, 122, 48, 13, 2, 2]
(2, (0, 1, 1)): [1397, 97, 253, 83, 34, 6, 3, 3]
(2, (1, 0, 0)): [11150, 773, 617, 169, 69, 21, 4]
(2, (1, 0, 1)): [2168, 462, 196, 119, 57, 14, 3, 3]
(2, (1, 1, 0)): [4525, 627, 343, 249, 84, 26, 7, 2]
(2, (1, 1, 1)): [1423, 197, 223, 106, 95, 25, 9, 7]
