(0, (0, 0, 0), (0, 0)): [30458, 6586, 3234, 1548, 739, 312, 162, 59, 21, 5, 3, 4, 0, 1, 0, 0, 1]
(0, (0, 0, 0), (0, 1)): [13302, 2857, 1416, 662, 310, 144, 73, 27, 7, 4, 0, 2]
(0, (0, 0, 0), (0, 2)): [6093, 1299, 626, 310, 120, 54, 28, 15, 4, 2]
(0, (0, 0, 0), (1, 0)): [10595, 2272, 1124, 558, 273, 105, 57, 22, 5, 0, 2, 1]
(0, (0, 0, 0), (1, 1)): [10871, 2397, 1189, 551, 285, 118, 63, 21, 5, 1, 1, 1]
(0, (0, 0, 0), (1, 2)): [8473, 1851, 939, 414, 199, 88, 44, 14, 4, 1, 1]
(0, (0, 0, 0), (2, 0)): [2681, 551, 276, 148, 63, 33, 14, 4, 2, 0, 1, 1]
(0, (0, 0, 0), (2, 1)): [4865, 1067, 510, 263, 119, 56, 24, 9, 3, 1]
(0, (0, 0, 0), (2, 2)): [6071, 1315, 672, 315, 146, 77, 37, 8, 4, 2]
(0, (0, 0, 0), (3, 0)): [577, 112, 59, 30, 9, 4, 3, 1]
(0, (0, 0, 0), (3, 1)): [1321, 276, 139, 84, 27, 15, 9, 2, 1]
(0, (0, 0, 0), (3, 2)): [2460, 534, 283, 146, 56, 32, 14, 6, 1]
(0, (0, 0, 1), (0, 0)): [69, 292, 80, 41, 25, 12, 5, 2]
(0, (0, 0, 1), (0, 1)): [28, 127, 34, 17, 8, 5, 2]
(0, (0, 0, 1), (0, 2)): [11, 63, 17, 11, 3, 3]
(0, (0, 0, 1), (1, 0)): [26, 101, 26, 14, 10, 4, 2, 2]
(0, (0, 0, 1), (1, 1)): [21, 98, 20, 9, 10, 3, 3, 1]
(0, (0, 0, 1), (1, 2)): [16, 77, 13, 7, 6, 0, 1]
(0, (0, 0, 1), (2, 0)): [10, 23, 7, 4, 1, 1]
(0, (0, 0, 1), (2, 1)): [12, 42, 10, 7, 3, 3, 1]
(0, (0, 0, 1), (2, 2)): [13, 52, 13, 6, 6, 2, 1]
(0, (0, 0, 1), (3, 0)): [3, 7, 2, 1]
(0, (0, 0, 1), (3, 1)): [4, 15, 4, 2, 0, 1]
(0, (0, 0, 1), (3, 2)): [7, 22, 6, 4, 1, 1]
(0, (0, 1, 0), (0, 0)): [1185, 1148, 484, 280, 130, 52, 23, 6, 3, 1, 1, 0, 0, 1, 0, 0, 1]
(0, (0, 1, 0), (0, 1)): [531, 495, 219, 113, 48, 24, 12, 2, 2, 1]
(0, (0, 1, 0), (0, 2)): [235, 226, 113, 52, 16, 8, 4, 2, 2, 1]
(0, (0, 1, 0), (1, 0)): [388, 386, 164, 116, 51, 19, 6, 4, 1, 0, 1]
(0, (0, 1, 0), (1, 1)): [406, 423, 155, 108, 48, 21, 9, 4, 1, 0, 1]
(0, (0, 1, 0), (1, 2)): [323, 332, 136, 77, 28, 13, 5, 2, 1, 1, 1]
(0, (0, 1, 0), (2, 0)): [101, 83, 46, 33, 19, 10, 2]
(0, (0, 1, 0), (2, 1)): [178, 174, 70, 53, 24, 16, 4, 1, 1]
(0, (0, 1, 0), (2, 2)): [224, 213, 102, 66, 24, 11, 4, 1, 1, 1]
(0, (0, 1, 0), (3, 0)): [33, 16, 9, 9, 3, 0, 1]
(0, (0, 1, 0), (3, 1)): [63, 46, 20, 16, 4, 5, 3]
(0, (0, 1, 0), (3, 2)): [89, 84, 50, 32, 7, 4, 1]
(0, (0, 1, 1), (0, 0)): [103, 177, 205, 100, 65, 31, 16, 8, 1, 0, 0, 0, 0, 0, 1, 0, 1]
(0, (0, 1, 1), (0, 1)): [45, 74, 92, 53, 29, 15, 9, 2]
(0, (0, 1, 1), (0, 2)): [19, 28, 38, 23, 9, 4, 3, 1]
(0, (0, 1, 1), (1, 0)): [42, 60, 72, 25, 23, 10, 5, 4]
(0, (0, 1, 1), (1, 1)): [38, 56, 68, 35, 29, 14, 7, 3]
(0, (0, 1, 1), (1, 2)): [27, 38, 53, 27, 18, 7, 2, 2]
(0, (0, 1, 1), (2, 0)): [13, 18, 17, 9, 3, 4, 2, 1]
(0, (0, 1, 1), (2, 1)): [15, 24, 35, 20, 11, 6, 5, 1]
(0, (0, 1, 1), (2, 2)): [15, 32, 38, 17, 15, 9, 3, 2]
(0, (0, 1, 1), (3, 0)): [3, 4, 1, 2]
(0, (0, 1, 1), (3, 1)): [6, 7, 8, 4, 2, 0, 2]
(0, (0, 1, 1), (3, 2)): [8, 11, 14, 10, 2, 3, 0, 1]
(0, (1, 0, 0), (0, 0)): [6219, 2051, 1526, 765, 382, 183, 95, 37, 14, 1, 2, 2, 0, 1, 0, 0, 1]
(0, (1, 0, 0), (0, 1)): [2725, 859, 652, 326, 169, 91, 39, 16, 4, 1, 0, 1]
(0, (1, 0, 0), (0, 2)): [1279, 379, 295, 145, 66, 33, 14, 8, 1]
(0, (1, 0, 0), (1, 0)): [2167, 720, 545, 273, 127, 54, 35, 12, 2, 0, 1]
(0, (1, 0, 0), (1, 1)): [2261, 748, 544, 281, 149, 71, 35, 10, 3, 1, 0, 1]
(0, (1, 0, 0), (1, 2)): [1715, 571, 426, 206, 108, 51, 22, 6, 2]
(0, (1, 0, 0), (2, 0)): [551, 184, 129, 68, 24, 11, 9, 3, 1, 0, 1]
(0, (1, 0, 0), (2, 1)): [991, 334, 235, 122, 58, 29, 14, 6, 1, 1]
(0, (1, 0, 0), (2, 2)): [1160, 424, 307, 158, 76, 45, 19, 6, 1, 1]
(0, (1, 0, 0), (3, 0)): [112, 39, 30, 13, 3, 2, 1]
(0, (1, 0, 0), (3, 1)): [304, 95, 71, 37, 14, 7, 5, 1, 1]
(0, (1, 0, 0), (3, 2)): [505, 170, 133, 70, 29, 20, 4, 4]
(0, (1, 0, 1), (0, 0)): [157, 501, 194, 154, 91, 45, 19, 7, 4, 0, 0, 0, 0, 1]
(0, (1, 0, 1), (0, 1)): [61, 207, 89, 66, 47, 20, 8, 3, 1]
(0, (1, 0, 1), (0, 2)): [28, 92, 43, 31, 16, 3, 2, 1, 1]
(0, (1, 0, 1), (1, 0)): [59, 192, 66, 57, 25, 14, 5, 3, 1]
(0, (1, 0, 1), (1, 1)): [57, 196, 62, 53, 30, 20, 7, 2, 1]
(0, (1, 0, 1), (1, 2)): [39, 146, 50, 42, 18, 8, 6, 1, 1]
(0, (1, 0, 1), (2, 0)): [17, 44, 17, 16, 9, 3, 1, 1]
(0, (1, 0, 1), (2, 1)): [28, 85, 29, 29, 16, 9, 1, 1, 1]
(0, (1, 0, 1), (2, 2)): [32, 118, 44, 30, 16, 6, 4, 1, 2]
(0, (1, 0, 1), (3, 0)): [5, 8, 3, 3, 2]
(0, (1, 0, 1), (3, 1)): [11, 23, 7, 7, 3, 4]
(0, (1, 0, 1), (3, 2)): [13, 47, 21, 11, 7, 3, 0, 1]
(0, (1, 1, 0), (0, 0)): [966, 583, 469, 396, 169, 109, 40, 22, 6, 1, 2, 1, 0, 0, 0, 0, 1]
(0, (1, 1, 0), (0, 1)): [422, 241, 183, 181, 90, 56, 16, 11, 2, 1]
(0, (1, 1, 0), (0, 2)): [189, 110, 77, 73, 31, 22, 4, 6, 1]
(0, (1, 1, 0), (1, 0)): [326, 198, 172, 142, 49, 34, 15, 4]
(0, (1, 1, 0), (1, 1)): [335, 212, 174, 171, 79, 41, 16, 4, 1, 1]
(0, (1, 1, 0), (1, 2)): [261, 154, 117, 121, 52, 33, 8, 2]
(0, (1, 1, 0), (2, 0)): [88, 43, 41, 29, 7, 7, 3, 1]
(0, (1, 1, 0), (2, 1)): [162, 87, 76, 75, 26, 19, 5, 1, 1, 1]
(0, (1, 1, 0), (2, 2)): [189, 111, 95, 92, 33, 28, 6, 1, 0, 1]
(0, (1, 1, 0), (3, 0)): [16, 12, 6, 3, 1, 0, 1]
(0, (1, 1, 0), (3, 1)): [44, 25, 20, 22, 6, 3, 2, 0, 1]
(0, (1, 1, 0), (3, 2)): [73, 47, 38, 38, 12, 12, 2]
(0, (1, 1, 1), (0, 0)): [102, 180, 172, 113, 92, 51, 21, 13, 4, 2, 2, 0, 0, 1, 0, 0, 1]
(0, (1, 1, 1), (0, 1)): [43, 72, 81, 60, 45, 23, 7, 6, 1, 1]
(0, (1, 1, 1), (0, 2)): [21, 34, 33, 28, 18, 10, 2, 3]
(0, (1, 1, 1), (1, 0)): [33, 54, 50, 32, 28, 13, 6, 1]
(0, (1, 1, 1), (1, 1)): [34, 61, 56, 48, 37, 21, 6, 1, 1, 1]
(0, (1, 1, 1), (1, 2)): [25, 44, 41, 41, 31, 16, 3, 2]
(0, (1, 1, 1), (2, 0)): [10, 9, 13, 8, 7, 3, 0, 1]
(0, (1, 1, 1), (2, 1)): [14, 23, 31, 22, 11, 8, 1, 0, 1, 1]
(0, (1, 1, 1), (2, 2)): [18, 33, 36, 35, 21, 13, 1, 0, 0, 1]
(0, (1, 1, 1), (3, 0)): [2, 1, 1, 1, 1]
(0, (1, 1, 1), (3, 1)): [3, 5, 6, 2, 1, 1, 0, 0, 1]
(0, (1, 1, 1), (3, 2)): [7, 11, 16, 17, 8, 5]
(1, (0, 0, 0), (0, 0)): [25248, 2985, 1320, 539, 239, 79, 39, 14, 2, 2, 0, 2]
(1, (0, 0, 0), (0, 1)): [11002, 1312, 561, 234, 95, 35, 19, 7, 1, 1, 0, 1]
(1, (0, 0, 0), (0, 2)): [5025, 592, 235, 115, 35, 18, 9, 4, 1, 1]
(1, (0, 0, 0), (1, 0)): [8796, 1029, 464, 186, 96, 31, 15, 6]
(1, (0, 0, 0), (1, 1)): [8989, 1093, 500, 181, 89, 29, 16, 8]
(1, (0, 0, 0), (1, 2)): [7030, 822, 387, 145, 62, 26, 14, 7, 1]
(1, (0, 0, 0), (2, 0)): [2207, 248, 119, 50, 24, 11, 4, 1]
(1, (0, 0, 0), (2, 1)): [4036, 491, 218, 86, 37, 14, 5, 2]
(1, (0, 0, 0), (2, 2)): [5100, 589, 286, 97, 45, 20, 12, 1, 1]
(1, (0, 0, 0), (3, 0)): [469, 46, 22, 8, 3, 3, 2, 1]
(1, (0, 0, 0), (3, 1)): [1050, 117, 56, 28, 7, 5, 2, 1]
(1, (0, 0, 0), (3, 2)): [2052, 240, 116, 45, 16, 8, 7, 2]
(1, (0, 0, 1), (0, 0)): [638, 916, 182, 95, 43, 16, 5, 1, 1, 1, 0, 0, 0, 1]
(1, (0, 0, 1), (0, 1)): [278, 396, 84, 33, 16, 8, 2, 1, 1, 1]
(1, (0, 0, 1), (0, 2)): [113, 176, 32, 14, 3, 4, 1, 1, 1, 1]
(1, (0, 0, 1), (1, 0)): [200, 320, 66, 40, 16, 6, 2]
(1, (0, 0, 1), (1, 1)): [223, 332, 76, 38, 17, 4, 2]
(1, (0, 0, 1), (1, 2)): [180, 266, 55, 23, 8, 4, 0, 1, 1, 1]
(1, (0, 0, 1), (2, 0)): [57, 82, 19, 11, 5, 4]
(1, (0, 0, 1), (2, 1)): [87, 150, 27, 17, 10, 4, 2]
(1, (0, 0, 1), (2, 2)): [125, 186, 36, 17, 8, 5, 2, 0, 1, 1]
(1, (0, 0, 1), (3, 0)): [20, 18, 6, 4]
(1, (0, 0, 1), (3, 1)): [32, 37, 10, 6, 2, 2]
(1, (0, 0, 1), (3, 2)): [56, 77, 23, 9, 0, 2, 1]
(1, (0, 1, 0), (0, 0)): [3526, 1397, 618, 273, 127, 40, 20, 8, 2, 2, 2]
(1, (0, 1, 0), (0, 1)): [1589, 625, 273, 102, 55, 21, 7, 5, 2, 1]
(1, (0, 1, 0), (0, 2)): [710, 283, 127, 45, 22, 11, 3, 4, 1, 1]
(1, (0, 1, 0), (1, 0)): [1187, 474, 226, 109, 45, 13, 10, 3, 0, 1, 2]
(1, (0, 1, 0), (1, 1)): [1259, 546, 230, 85, 38, 15, 11, 3, 0, 0, 1]
(1, (0, 1, 0), (1, 2)): [997, 427, 186, 68, 30, 11, 8, 4, 1, 0, 1]
(1, (0, 1, 0), (2, 0)): [299, 113, 47, 30, 10, 3, 2, 0, 0, 1, 1]
(1, (0, 1, 0), (2, 1)): [542, 231, 88, 41, 18, 8, 4, 2]
(1, (0, 1, 0), (2, 2)): [674, 277, 116, 61, 23, 9, 6, 4, 1]
(1, (0, 1, 0), (3, 0)): [63, 22, 12, 6, 1]
(1, (0, 1, 0), (3, 1)): [158, 64, 26, 16, 6, 1, 1]
(1, (0, 1, 0), (3, 2)): [277, 117, 42, 23, 9, 3, 1]
(1, (0, 1, 1), (0, 0)): [574, 459, 361, 154, 91, 43, 16, 9, 3, 1]
(1, (0, 1, 1), (0, 1)): [253, 194, 156, 64, 39, 24, 7, 2]
(1, (0, 1, 1), (0, 2)): [115, 85, 67, 27, 9, 8, 3, 2]
(1, (0, 1, 1), (1, 0)): [198, 161, 134, 63, 33, 11, 5, 5, 0, 1]
(1, (0, 1, 1), (1, 1)): [204, 180, 129, 59, 46, 18, 5, 3, 0, 1]
(1, (0, 1, 1), (1, 2)): [163, 121, 114, 34, 27, 13, 2, 2, 0, 1]
(1, (0, 1, 1), (2, 0)): [54, 31, 34, 17, 6, 2, 1, 2]
(1, (0, 1, 1), (2, 1)): [101, 68, 56, 30, 21, 8, 3, 2]
(1, (0, 1, 1), (2, 2)): [110, 79, 80, 29, 24, 10, 2, 2]
(1, (0, 1, 1), (3, 0)): [8, 5, 4, 5]
(1, (0, 1, 1), (3, 1)): [24, 18, 16, 12, 2, 1, 1]
(1, (0, 1, 1), (3, 2)): [47, 24, 45, 13, 5, 2, 1, 1]
(1, (1, 0, 0), (0, 0)): [9231, 1613, 1208, 518, 224, 91, 49, 19, 4, 2, 0, 3]
(1, (1, 0, 0), (0, 1)): [4035, 688, 515, 219, 91, 42, 24, 8, 2, 1, 0, 2]
(1, (1, 0, 0), (0, 2)): [1897, 308, 222, 96, 37, 22, 15, 5, 2, 1]
(1, (1, 0, 0), (1, 0)): [3224, 573, 419, 178, 89, 35, 13, 8]
(1, (1, 0, 0), (1, 1)): [3307, 593, 453, 174, 85, 31, 13, 10, 0, 0, 0, 1]
(1, (1, 0, 0), (1, 2)): [2581, 450, 367, 125, 63, 30, 18, 8, 2]
(1, (1, 0, 0), (2, 0)): [803, 146, 101, 46, 24, 14, 2, 1]
(1, (1, 0, 0), (2, 1)): [1481, 263, 186, 86, 37, 15, 3, 4]
(1, (1, 0, 0), (2, 2)): [1872, 327, 250, 96, 54, 23, 14, 2, 2]
(1, (1, 0, 0), (3, 0)): [176, 30, 25, 6, 2, 4, 1, 1]
(1, (1, 0, 0), (3, 1)): [410, 63, 56, 25, 6, 7, 1, 2]
(1, (1, 0, 0), (3, 2)): [767, 126, 123, 46, 17, 13, 7, 3]
(1, (1, 0, 1), (0, 0)): [775, 866, 267, 188, 86, 42, 13, 8, 3, 2]
(1, (1, 0, 1), (0, 1)): [316, 362, 99, 76, 33, 20, 6, 5, 2, 1]
(1, (1, 0, 1), (0, 2)): [145, 149, 42, 31, 9, 8, 3, 3, 2]
(1, (1, 0, 1), (1, 0)): [275, 316, 106, 67, 32, 14, 2, 1, 0, 1]
(1, (1, 0, 1), (1, 1)): [255, 315, 97, 75, 38, 17, 3, 2, 0, 1]
(1, (1, 0, 1), (1, 2)): [193, 243, 75, 54, 20, 15, 1, 1, 2, 1]
(1, (1, 0, 1), (2, 0)): [81, 80, 28, 17, 8, 5]
(1, (1, 0, 1), (2, 1)): [129, 144, 41, 38, 21, 10, 3, 2]
(1, (1, 0, 1), (2, 2)): [151, 159, 49, 45, 23, 12, 2, 0, 2]
(1, (1, 0, 1), (3, 0)): [17, 20, 5, 0, 1]
(1, (1, 0, 1), (3, 1)): [37, 42, 12, 6, 2, 3]
(1, (1, 0, 1), (3, 2)): [61, 80, 19, 12, 6, 7]
(1, (1, 1, 0), (0, 0)): [2825, 733, 561, 440, 205, 88, 48, 10, 2, 3, 3, 2]
(1, (1, 1, 0), (0, 1)): [1274, 324, 241, 184, 93, 33, 22, 4, 1, 1, 1, 1]
(1, (1, 1, 0), (0, 2)): [593, 148, 102, 82, 39, 14, 11, 1, 1, 1]
(1, (1, 1, 0), (1, 0)): [935, 245, 189, 162, 70, 38, 15, 3, 0, 1, 1]
(1, (1, 1, 0), (1, 1)): [994, 270, 217, 153, 78, 31, 19, 3, 0, 0, 1]
(1, (1, 1, 0), (1, 2)): [786, 207, 170, 112, 63, 22, 17, 2, 0, 0, 1]
(1, (1, 1, 0), (2, 0)): [227, 54, 41, 45, 15, 9, 3, 1, 0, 1]
(1, (1, 1, 0), (2, 1)): [454, 118, 83, 79, 28, 16, 4, 1]
(1, (1, 1, 0), (2, 2)): [584, 151, 120, 87, 45, 23, 12, 2]
(1, (1, 1, 0), (3, 0)): [39, 10, 13, 4, 1, 3, 2, 1]
(1, (1, 1, 0), (3, 1)): [119, 24, 25, 25, 7, 5, 2, 1]
(1, (1, 1, 0), (3, 2)): [237, 60, 53, 42, 18, 14, 4, 1]
(1, (1, 1, 1), (0, 0)): [592, 442, 303, 187, 162, 78, 44, 12, 3, 4, 1, 0, 1, 1]
(1, (1, 1, 1), (0, 1)): [266, 207, 129, 77, 66, 30, 21, 6, 1, 1]
(1, (1, 1, 1), (0, 2)): [124, 89, 63, 23, 18, 10, 10, 2]
(1, (1, 1, 1), (1, 0)): [189, 145, 100, 66, 54, 31, 12, 5, 0, 2]
(1, (1, 1, 1), (1, 1)): [217, 180, 99, 79, 70, 28, 15, 5, 0, 1]
(1, (1, 1, 1), (1, 2)): [168, 133, 89, 50, 49, 20, 10, 3, 0, 1]
(1, (1, 1, 1), (2, 0)): [41, 26, 26, 14, 7, 9, 2, 2, 0, 1]
(1, (1, 1, 1), (2, 1)): [84, 74, 53, 33, 27, 14, 7, 2]
(1, (1, 1, 1), (2, 2)): [92, 91, 69, 43, 36, 19, 10, 2]
(1, (1, 1, 1), (3, 0)): [8, 3, 4, 2, 0, 2, 1, 1]
(1, (1, 1, 1), (3, 1)): [27, 17, 13, 6, 5, 4, 2, 1]
(1, (1, 1, 1), (3, 2)): [33, 36, 31, 21, 17, 10, 5, 2]
(2, (0, 0, 0), (0, 0)): [22279, 1167, 425, 133, 56, 12, 5]
(2, (0, 0, 0), (0, 1)): [9687, 517, 187, 67, 16, 5, 3]
(2, (0, 0, 0), (0, 2)): [4411, 231, 84, 33, 9, 3, 1]
(2, (0, 0, 0), (1, 0)): [7775, 407, 156, 43, 21, 6, 1]
(2, (0, 0, 0), (1, 1)): [7973, 411, 157, 50, 17, 6, 2]
(2, (0, 0, 0), (1, 2)): [6212, 308, 116, 41, 11, 5, 1]
(2, (0, 0, 0), (2, 0)): [1954, 108, 47, 11, 3, 2, 1]
(2, (0, 0, 0), (2, 1)): [3567, 205, 78, 15, 7, 4, 1]
(2, (0, 0, 0), (2, 2)): [4470, 245, 98, 24, 8, 7, 1]
(2, (0, 0, 0), (3, 0)): [401, 20, 9, 2]
(2, (0, 0, 0), (3, 1)): [948, 53, 23, 3, 4, 1]
(2, (0, 0, 0), (3, 2)): [1816, 94, 40, 7, 3, 1]
(2, (0, 0, 1), (0, 0)): [2192, 585, 162, 49, 14, 3, 2, 1]
(2, (0, 0, 1), (0, 1)): [946, 258, 76, 17, 8, 1, 0, 1]
(2, (0, 0, 1), (0, 2)): [438, 127, 28, 6, 3]
(2, (0, 0, 1), (1, 0)): [740, 212, 62, 19, 3, 1, 1]
(2, (0, 0, 1), (1, 1)): [765, 221, 67, 21, 7, 1, 0, 1]
(2, (0, 0, 1), (1, 2)): [593, 155, 45, 13, 2]
(2, (0, 0, 1), (2, 0)): [198, 49, 14, 5, 1, 1]
(2, (0, 0, 1), (2, 1)): [345, 110, 28, 5, 2, 1]
(2, (0, 0, 1), (2, 2)): [444, 114, 34, 11, 3]
(2, (0, 0, 1), (3, 0)): [43, 8, 4, 4, 1]
(2, (0, 0, 1), (3, 1)): [88, 30, 12, 3, 1, 1]
(2, (0, 0, 1), (3, 2)): [158, 49, 16, 4, 1]
(2, (0, 1, 0), (0, 0)): [5552, 1087, 381, 132, 40, 8, 5, 2]
(2, (0, 1, 0), (0, 1)): [2432, 480, 165, 57, 15, 3, 1, 1]
(2, (0, 1, 0), (0, 2)): [1107, 222, 72, 28, 8, 3, 1]
(2, (0, 1, 0), (1, 0)): [1940, 381, 122, 42, 11, 3, 1]
(2, (0, 1, 0), (1, 1)): [1988, 397, 134, 32, 8, 1, 0, 1]
(2, (0, 1, 0), (1, 2)): [1547, 297, 98, 28, 8, 3, 1]
(2, (0, 1, 0), (2, 0)): [475, 105, 31, 14, 3, 1, 1]
(2, (0, 1, 0), (2, 1)): [873, 182, 53, 15, 3, 1, 1]
(2, (0, 1, 0), (2, 2)): [1117, 222, 74, 22, 6, 2, 1]
(2, (0, 1, 0), (3, 0)): [105, 27, 7, 2]
(2, (0, 1, 0), (3, 1)): [250, 51, 13, 5, 0, 0, 1]
(2, (0, 1, 0), (3, 2)): [453, 90, 29, 4, 0, 0, 1]
(2, (0, 1, 1), (0, 0)): [1451, 112, 280, 83, 39, 15, 4, 0, 1]
(2, (0, 1, 1), (0, 1)): [639, 47, 111, 36, 20, 7, 2, 0, 1]
(2, (0, 1, 1), (0, 2)): [296, 25, 38, 17, 6, 6, 2, 0, 1]
(2, (0, 1, 1), (1, 0)): [480, 40, 113, 26, 14, 5, 1]
(2, (0, 1, 1), (1, 1)): [485, 42, 102, 31, 18, 4, 1]
(2, (0, 1, 1), (1, 2)): [399, 32, 83, 22, 10, 7, 1, 0, 1]
(2, (0, 1, 1), (2, 0)): [126, 5, 36, 7, 4, 1]
(2, (0, 1, 1), (2, 1)): [250, 12, 41, 12, 8, 1]
(2, (0, 1, 1), (2, 2)): [310, 18, 52, 19, 8, 3, 0, 0, 1]
(2, (0, 1, 1), (3, 0)): [19, 4, 8, 2]
(2, (0, 1, 1), (3, 1)): [51, 8, 15, 3, 1, 1]
(2, (0, 1, 1), (3, 2)): [106, 9, 27, 6, 3]
(2, (1, 0, 0), (0, 0)): [11107, 823, 661, 203, 80, 20, 12, 2, 1, 0, 0, 1]
(2, (1, 0, 0), (0, 1)): [4780, 346, 283, 97, 32, 8, 8, 1, 0, 0, 0, 1]
(2, (1, 0, 0), (0, 2)): [2214, 147, 122, 42, 15, 6, 4]
(2, (1, 0, 0), (1, 0)): [3923, 311, 241, 61, 30, 10, 1, 1]
(2, (1, 0, 0), (1, 1)): [3982, 306, 249, 77, 27, 8, 3, 2, 0, 0, 0, 1]
(2, (1, 0, 0), (1, 2)): [3094, 230, 179, 61, 19, 10, 2]
(2, (1, 0, 0), (2, 0)): [985, 80, 64, 13, 7, 4]
(2, (1, 0, 0), (2, 1)): [1760, 150, 118, 28, 14, 4, 0, 1]
(2, (1, 0, 0), (2, 2)): [2179, 182, 140, 40, 14, 9, 1]
(2, (1, 0, 0), (3, 0)): [201, 13, 14, 2, 0, 1]
(2, (1, 0, 0), (3, 1)): [467, 35, 33, 6, 5, 1, 0, 1]
(2, (1, 0, 0), (3, 2)): [887, 65, 57, 14, 4, 2, 1]
(2, (1, 0, 1), (0, 0)): [2196, 489, 208, 114, 53, 21, 6, 1]
(2, (1, 0, 1), (0, 1)): [955, 216, 98, 52, 25, 11, 4]
(2, (1, 0, 1), (0, 2)): [418, 90, 42, 21, 13, 6, 2]
(2, (1, 0, 1), (1, 0)): [751, 169, 71, 41, 17, 5, 1]
(2, (1, 0, 1), (1, 1)): [765, 175, 84, 40, 16, 4, 1]
(2, (1, 0, 1), (1, 2)): [578, 130, 65, 24, 16, 7, 2]
(2, (1, 0, 1), (2, 0)): [214, 35, 16, 11, 3, 4]
(2, (1, 0, 1), (2, 1)): [375, 81, 31, 19, 3, 3]
(2, (1, 0, 1), (2, 2)): [424, 96, 39, 21, 11, 6, 1]
(2, (1, 0, 1), (3, 0)): [40, 5, 4, 2, 1, 1]
(2, (1, 0, 1), (3, 1)): [90, 20, 12, 8, 1, 2]
(2, (1, 0, 1), (3, 2)): [180, 47, 23, 8, 2, 1]
(2, (1, 1, 0), (0, 0)): [4541, 627, 354, 283, 106, 30, 10, 2, 1, 0, 0, 1]
(2, (1, 1, 0), (0, 1)): [1984, 259, 145, 131, 44, 16, 6, 1, 0, 0, 0, 1]
(2, (1, 1, 0), (0, 2)): [900, 119, 57, 56, 18, 10, 3, 1]
(2, (1, 1, 0), (1, 0)): [1583, 231, 127, 93, 40, 8, 2]
(2, (1, 1, 0), (1, 1)): [1635, 218, 132, 98, 32, 7, 2, 0, 0, 0, 0, 1]
(2, (1, 1, 0), (1, 2)): [1274, 177, 99, 82, 28, 9, 2, 1]
(2, (1, 1, 0), (2, 0)): [376, 62, 36, 25, 14, 4, 2]
(2, (1, 1, 0), (2, 1)): [727, 90, 55, 40, 19, 5, 1]
(2, (1, 1, 0), (2, 2)): [906, 119, 79, 54, 24, 9, 2, 1]
(2, (1, 1, 0), (3, 0)): [80, 17, 9, 2, 0, 0, 1]
(2, (1, 1, 0), (3, 1)): [193, 31, 16, 8, 4, 0, 2]
(2, (1, 1, 0), (3, 2)): [367, 52, 34, 19, 6, 5, 1]
(2, (1, 1, 1), (0, 0)): [1477, 216, 239, 131, 114, 33, 10, 4, 1, 0, 1, 1]
(2, (1, 1, 1), (0, 1)): [656, 108, 113, 63, 47, 14, 4, 2, 1, 0, 1, 1]
(2, (1, 1, 1), (0, 2)): [280, 45, 37, 28, 21, 9, 1, 1, 1]
(2, (1, 1, 1), (1, 0)): [513, 61, 85, 45, 42, 10, 4]
(2, (1, 1, 1), (1, 1)): [555, 84, 97, 43, 37, 8, 5, 1, 0, 0, 1, 1]
(2, (1, 1, 1), (1, 2)): [423, 59, 70, 29, 30, 8, 2, 2, 1]
(2, (1, 1, 1), (2, 0)): [114, 14, 32, 20, 16, 5, 2]
(2, (1, 1, 1), (2, 1)): [224, 31, 47, 30, 21, 7]
(2, (1, 1, 1), (2, 2)): [268, 37, 51, 26, 24, 12, 0, 1, 1]
(2, (1, 1, 1), (3, 0)): [25, 6, 5, 1, 0, 0, 2]
(2, (1, 1, 1), (3, 1)): [63, 16, 14, 5, 4, 2, 2]
(2, (1, 1, 1), (3, 2)): [107, 18, 19, 6, 8, 4, 1]
