(0, (0, 0, 0), (0, 0)): [1114211, 221349, 102500, 46598, 20732, 8897, 3666, 1539, 614, 287, 115, 56, 27, 10, 3, 1, 0, 1]
(0, (0, 0, 0), (0, 1)): [19145, 3466, 1669, 735, 329, 135, 47, 26, 6, 5, 1, 0, 2, 1, 0, 1]
(0, (0, 0, 0), (0, 2)): [7024, 1097, 538, 234, 104, 30, 17, 10, 2, 1, 0, 0, 1]
(0, (0, 0, 0), (1, 0)): [18121, 3901, 1962, 872, 424, 179, 81, 30, 13, 5, 3]
(0, (0, 0, 0), (1, 1)): [16378, 3126, 1559, 707, 340, 137, 46, 24, 6, 3, 3, 0, 1, 1, 0, 1]
(0, (0, 0, 0), (1, 2)): [10617, 1773, 847, 363, 192, 74, 23, 11, 5, 2, 0, 0, 2]
(0, (0, 0, 0), (2, 0)): [6135, 1477, 773, 376, 172, 82, 38, 13, 6, 2, 1]
(0, (0, 0, 0), (2, 1)): [8806, 1861, 984, 464, 215, 89, 38, 20, 5, 1, 1, 0, 0, 1]
(0, (0, 0, 0), (2, 2)): [8461, 1544, 786, 354, 176, 76, 22, 11, 5, 3, 1, 0, 2]
(0, (0, 0, 0), (3, 0)): [2052, 531, 322, 172, 75, 42, 17, 5, 3, 0, 1]
(0, (0, 0, 0), (3, 1)): [3635, 913, 544, 282, 114, 55, 21, 13, 4]
(0, (0, 0, 0), (3, 2)): [4931, 1043, 630, 303, 141, 57, 16, 10, 5, 2, 0, 0, 2]
(0, (0, 0, 1), (0, 0)): [4718, 13903, 3752, 1794, 870, 368, 159, 80, 33, 18, 5, 1, 3, 2]
(0, (0, 0, 1), (0, 1)): [81, 201, 62, 21, 13, 6, 2, 1, 0, 1, 0, 0, 0, 1]
(0, (0, 0, 1), (1, 0)): [76, 188, 52, 31, 19, 9, 1, 2, 1]
(0, (0, 0, 1), (1, 1)): [69, 143, 48, 18, 15, 6, 1, 1, 0, 1, 0, 0, 0, 1]
(0, (0, 0, 1), (1, 2)): [48, 105, 27, 11, 8, 0, 1, 1, 0, 1]
(0, (0, 0, 1), (2, 0)): [31, 85, 23, 16, 5, 6, 1, 1, 1]
(0, (0, 0, 1), (2, 1)): [42, 87, 28, 13, 9, 5]
(0, (0, 0, 1), (2, 2)): [50, 81, 24, 8, 7, 1]
(0, (0, 0, 1), (3, 0)): [8, 36, 10, 8, 1, 3, 1, 1, 1]
(0, (0, 0, 1), (3, 1)): [18, 36, 13, 10, 6, 4, 0, 1]
(0, (0, 0, 1), (3, 2)): [28, 43, 14, 9, 6, 4, 0, 1]
(0, (0, 1, 0), (0, 0)): [38092, 35184, 13800, 6567, 3165, 1367, 582, 248, 102, 60, 18, 5, 3, 2, 1]
(0, (0, 1, 0), (0, 1)): [617, 508, 193, 92, 33, 21, 8, 5, 1]
(0, (0, 1, 0), (0, 2)): [246, 159, 66, 26, 8, 9, 3, 0, 1]
(0, (0, 1, 0), (1, 0)): [603, 526, 214, 111, 55, 28, 10, 2, 1]
(0, (0, 1, 0), (1, 1)): [513, 433, 176, 87, 35, 14, 7, 5]
(0, (0, 1, 0), (1, 2)): [347, 265, 96, 52, 18, 10, 3, 2, 1]
(0, (0, 1, 0), (2, 0)): [216, 196, 73, 42, 21, 18, 4, 0, 1]
(0, (0, 1, 0), (2, 1)): [259, 233, 95, 48, 17, 16, 5, 3]
(0, (0, 1, 0), (2, 2)): [267, 198, 88, 40, 14, 7, 6, 1, 1]
(0, (0, 1, 0), (3, 0)): [84, 72, 33, 26, 14, 6, 2, 0, 1]
(0, (0, 1, 0), (3, 1)): [112, 102, 50, 29, 18, 8, 1, 1]
(0, (0, 1, 0), (3, 2)): [170, 126, 67, 31, 18, 6, 5]
(0, (0, 1, 1), (0, 0)): [3335, 5513, 6668, 3119, 1649, 766, 323, 155, 74, 31, 9, 6, 1, 2, 1, 0, 0, 1]
(0, (0, 1, 1), (0, 1)): [48, 70, 98, 43, 23, 7, 5, 3]
(0, (0, 1, 1), (0, 2)): [26, 26, 35, 15, 12, 4, 3, 2]
(0, (0, 1, 1), (1, 0)): [63, 108, 137, 70, 43, 17, 5, 5, 4, 0, 0, 1]
(0, (0, 1, 1), (1, 1)): [35, 65, 86, 41, 24, 4, 3, 2, 1]
(0, (0, 1, 1), (1, 2)): [30, 34, 45, 22, 16, 5, 3, 2, 1]
(0, (0, 1, 1), (2, 0)): [41, 60, 68, 37, 23, 13, 3, 4, 3, 0, 0, 1]
(0, (0, 1, 1), (2, 1)): [27, 47, 63, 28, 15, 3, 2, 4, 2]
(0, (0, 1, 1), (2, 2)): [33, 35, 45, 17, 9, 4, 2, 2, 2]
(0, (0, 1, 1), (3, 0)): [24, 35, 34, 25, 17, 11, 1, 1, 0, 0, 0, 1]
(0, (0, 1, 1), (3, 1)): [12, 26, 28, 14, 11, 0, 0, 1, 1]
(0, (0, 1, 1), (3, 2)): [18, 21, 36, 15, 9, 3, 2, 3, 2]
(0, (1, 0, 0), (0, 0)): [240016, 79589, 50509, 24909, 11829, 5321, 2246, 966, 398, 188, 78, 35, 18, 4, 2, 1, 0, 1]
(0, (1, 0, 0), (0, 1)): [4053, 1103, 800, 373, 191, 85, 30, 14, 6]
(0, (1, 0, 0), (0, 2)): [1554, 330, 261, 103, 54, 22, 12, 2, 5]
(0, (1, 0, 0), (1, 0)): [3578, 1178, 863, 419, 211, 77, 43, 15, 7, 6, 2]
(0, (1, 0, 0), (1, 1)): [3014, 895, 671, 313, 156, 57, 23, 14, 5, 4]
(0, (1, 0, 0), (1, 2)): [1968, 486, 378, 157, 78, 27, 16, 7, 3, 2]
(0, (1, 0, 0), (2, 0)): [1144, 396, 283, 166, 87, 37, 14, 6, 3, 2, 2]
(0, (1, 0, 0), (2, 1)): [1465, 450, 346, 189, 95, 40, 14, 6, 4, 3]
(0, (1, 0, 0), (2, 2)): [1375, 363, 279, 136, 69, 25, 14, 7, 3, 3]
(0, (1, 0, 0), (3, 0)): [335, 141, 110, 74, 45, 12, 4, 4, 0, 1, 1]
(0, (1, 0, 0), (3, 1)): [563, 200, 156, 101, 63, 18, 5, 2, 3, 1, 1]
(0, (1, 0, 0), (3, 2)): [697, 228, 169, 94, 66, 19, 7, 5, 2, 3]
(0, (1, 0, 1), (0, 0)): [5725, 17242, 7021, 4824, 2566, 1158, 574, 235, 107, 48, 21, 11, 5, 1, 1, 0, 0, 1]
(0, (1, 0, 1), (0, 1)): [85, 241, 99, 66, 31, 13, 11, 2, 1, 0, 0, 0, 1]
(0, (1, 0, 1), (0, 2)): [31, 89, 26, 25, 11, 7, 4, 0, 1]
(0, (1, 0, 1), (1, 0)): [84, 263, 104, 81, 38, 16, 2, 3, 4, 1, 1]
(0, (1, 0, 1), (1, 1)): [74, 186, 71, 51, 29, 11, 6, 1, 2, 0, 1]
(0, (1, 0, 1), (1, 2)): [58, 103, 36, 28, 12, 9, 3, 1, 2]
(0, (1, 0, 1), (2, 0)): [31, 96, 47, 29, 15, 9, 0, 3, 1, 1]
(0, (1, 0, 1), (2, 1)): [25, 115, 46, 31, 19, 6, 1, 0, 2, 0, 1]
(0, (1, 0, 1), (2, 2)): [46, 94, 32, 21, 13, 5, 2, 1, 1, 0, 1]
(0, (1, 0, 1), (3, 0)): [17, 35, 19, 15, 7, 6, 0, 3]
(0, (1, 0, 1), (3, 1)): [12, 44, 18, 16, 11, 4]
(0, (1, 0, 1), (3, 2)): [16, 46, 26, 12, 10, 3, 1, 0, 1, 0, 1]
(0, (1, 1, 0), (0, 0)): [32703, 20999, 15902, 11237, 5966, 2859, 1226, 581, 231, 108, 45, 22, 8, 1]
(0, (1, 1, 0), (0, 1)): [589, 323, 224, 170, 94, 36, 15, 11, 3, 0, 1]
(0, (1, 1, 0), (0, 2)): [239, 115, 75, 54, 36, 13, 8, 6, 1]
(0, (1, 1, 0), (1, 0)): [466, 290, 237, 175, 95, 49, 17, 10, 1, 3]
(0, (1, 1, 0), (1, 1)): [386, 220, 177, 128, 59, 30, 12, 9, 2, 1, 1]
(0, (1, 1, 0), (1, 2)): [270, 122, 97, 73, 40, 15, 4, 10, 1, 1]
(0, (1, 1, 0), (2, 0)): [136, 96, 75, 64, 36, 20, 6, 4, 1, 1]
(0, (1, 1, 0), (2, 1)): [187, 120, 76, 75, 40, 19, 9, 5, 1, 1]
(0, (1, 1, 0), (2, 2)): [188, 102, 72, 58, 30, 16, 3, 7, 1, 2]
(0, (1, 1, 0), (3, 0)): [34, 33, 29, 23, 13, 7, 3, 1, 1]
(0, (1, 1, 0), (3, 1)): [69, 50, 39, 39, 18, 11, 8, 2, 2]
(0, (1, 1, 0), (3, 2)): [104, 59, 42, 43, 18, 10, 3, 4, 1]
(0, (1, 1, 1), (0, 0)): [3234, 6106, 5022, 3770, 2982, 1495, 697, 343, 148, 61, 31, 13, 3, 1, 1]
(0, (1, 1, 1), (1, 0)): [51, 110, 105, 72, 66, 32, 8, 9, 2, 0, 1]
(0, (1, 1, 1), (2, 0)): [14, 41, 27, 30, 32, 10, 2, 3, 1, 0, 1]
(0, (1, 1, 1), (2, 1)): [29, 37, 38, 33, 26, 13, 3, 3, 1]
(0, (1, 1, 1), (2, 2)): [29, 38, 37, 27, 15, 11, 3, 3, 1, 0, 0, 1]
(1, (0, 0, 0), (0, 0)): [899674, 97280, 40011, 15834, 6182, 2356, 902, 345, 137, 53, 23, 14, 6, 3, 0, 1]
(1, (0, 0, 0), (0, 1)): [15521, 1550, 679, 250, 91, 23, 11, 8, 1, 0, 0, 0, 0, 1]
(1, (0, 0, 0), (0, 2)): [5753, 467, 200, 68, 24, 6, 1, 1]
(1, (0, 0, 0), (1, 0)): [15256, 1888, 816, 311, 137, 49, 21, 8, 0, 1, 0, 0, 0, 0, 0, 1]
(1, (0, 0, 0), (1, 1)): [13455, 1468, 606, 224, 100, 37, 17, 7, 1, 1, 0, 0, 0, 1]
(1, (0, 0, 0), (1, 2)): [8586, 753, 294, 126, 56, 23, 8, 2]
(1, (0, 0, 0), (2, 0)): [5385, 745, 368, 130, 54, 21, 8, 5, 0, 0, 0, 0, 0, 0, 0, 1]
(1, (0, 0, 0), (2, 1)): [7510, 915, 391, 143, 66, 20, 9, 6, 0, 1]
(1, (0, 0, 0), (2, 2)): [7132, 690, 302, 116, 53, 27, 11, 4]
(1, (0, 0, 0), (3, 0)): [1771, 278, 179, 60, 26, 9, 5, 1, 0, 0, 0, 0, 0, 0, 0, 1]
(1, (0, 0, 0), (3, 1)): [3221, 500, 257, 92, 49, 7, 3, 3]
(1, (0, 0, 0), (3, 2)): [4115, 508, 258, 92, 47, 17, 10, 3]
(1, (0, 0, 1), (0, 0)): [24534, 34879, 6873, 2895, 1221, 494, 194, 77, 37, 11, 6, 4, 4, 1]
(1, (0, 0, 1), (0, 1)): [389, 407, 93, 30, 14, 7, 5]
(1, (0, 0, 1), (0, 2)): [161, 132, 30, 7, 2, 1, 3]
(1, (0, 0, 1), (1, 0)): [412, 570, 116, 58, 26, 12, 5, 3, 1]
(1, (0, 0, 1), (1, 1)): [352, 401, 81, 33, 17, 6, 2, 2]
(1, (0, 0, 1), (1, 2)): [262, 218, 33, 13, 11, 2, 2]
(1, (0, 0, 1), (2, 0)): [181, 242, 49, 29, 13, 7, 5, 1, 1]
(1, (0, 0, 1), (2, 1)): [170, 239, 45, 20, 9, 7, 5, 2]
(1, (0, 0, 1), (2, 2)): [187, 179, 33, 15, 7, 2, 1]
(1, (0, 0, 1), (3, 0)): [82, 98, 29, 20, 8, 3, 2, 1, 1]
(1, (0, 0, 1), (3, 1)): [99, 125, 20, 13, 4, 3, 3, 2]
(1, (0, 0, 1), (3, 2)): [121, 112, 27, 12, 6, 2, 3]
(1, (0, 1, 0), (0, 0)): [120194, 53987, 19393, 8210, 3324, 1297, 453, 216, 58, 32, 19, 7, 8, 2, 1]
(1, (0, 1, 0), (0, 1)): [1818, 714, 267, 107, 33, 14, 6, 2, 1]
(1, (0, 1, 0), (0, 2)): [718, 252, 80, 24, 9, 5, 2]
(1, (0, 1, 0), (1, 0)): [2169, 970, 343, 199, 85, 27, 12, 4, 0, 0, 1, 0, 0, 1]
(1, (0, 1, 0), (1, 1)): [1588, 619, 253, 110, 40, 14, 7, 3, 1, 0, 0, 0, 0, 1]
(1, (0, 1, 0), (1, 2)): [1025, 374, 149, 46, 15, 6, 5, 2]
(1, (0, 1, 0), (2, 0)): [970, 438, 152, 108, 44, 16, 8, 3, 0, 0, 1]
(1, (0, 1, 0), (2, 1)): [864, 381, 126, 77, 33, 11, 6, 2, 0, 0, 1, 0, 0, 1]
(1, (0, 1, 0), (2, 2)): [814, 338, 123, 40, 21, 4, 3, 1]
(1, (0, 1, 0), (3, 0)): [533, 203, 66, 75, 30, 9, 5, 2]
(1, (0, 1, 0), (3, 1)): [458, 170, 59, 50, 21, 8, 3, 1, 0, 0, 0, 0, 0, 1]
(1, (0, 1, 0), (3, 2)): [488, 192, 81, 44, 24, 0, 4, 1, 0, 0, 0, 0, 0, 1]
(1, (0, 1, 1), (0, 0)): [19855, 15952, 14614, 5786, 2991, 1179, 465, 198, 90, 28, 8, 7, 1, 2, 0, 1]
(1, (0, 1, 1), (0, 1)): [251, 176, 142, 61, 27, 15, 6, 2]
(1, (0, 1, 1), (0, 2)): [129, 58, 46, 19, 7, 4, 2]
(1, (0, 1, 1), (1, 0)): [449, 352, 262, 125, 87, 31, 12, 8, 3, 1]
(1, (0, 1, 1), (1, 1)): [203, 156, 139, 55, 29, 7, 5, 4]
(1, (0, 1, 1), (1, 2)): [159, 88, 79, 36, 14, 5, 2]
(1, (0, 1, 1), (2, 0)): [300, 229, 152, 85, 68, 28, 10, 6, 3, 1]
(1, (0, 1, 1), (2, 1)): [124, 103, 77, 33, 15, 8, 7, 2]
(1, (0, 1, 1), (2, 2)): [117, 87, 72, 31, 18, 2, 2, 2]
(1, (0, 1, 1), (3, 0)): [246, 181, 117, 64, 59, 24, 6, 6, 3, 1]
(1, (0, 1, 1), (3, 1)): [60, 45, 34, 17, 6, 6, 5]
(1, (0, 1, 1), (3, 2)): [72, 58, 38, 18, 11, 3, 1, 1]
(1, (1, 0, 0), (0, 0)): [347276, 61311, 39238, 16720, 6763, 2673, 1055, 380, 179, 70, 27, 20, 4, 3, 0, 2]
(1, (1, 0, 0), (0, 1)): [5810, 811, 623, 259, 97, 33, 14, 3, 1, 2]
(1, (1, 0, 0), (0, 2)): [2110, 250, 222, 76, 29, 10, 6, 1, 0, 2]
(1, (1, 0, 0), (1, 0)): [5602, 1004, 723, 328, 139, 45, 24, 9, 1, 2, 0, 0, 1, 0, 0, 1]
(1, (1, 0, 0), (1, 1)): [4670, 686, 529, 216, 83, 29, 13, 6, 1, 0, 0, 0, 0, 0, 0, 1]
(1, (1, 0, 0), (1, 2)): [2893, 360, 308, 107, 46, 16, 5, 4, 0, 1]
(1, (1, 0, 0), (2, 0)): [1840, 377, 278, 151, 58, 23, 10, 0, 1, 2, 0, 0, 1]
(1, (1, 0, 0), (2, 1)): [2418, 411, 324, 141, 56, 17, 10, 2, 2, 0, 0, 0, 0, 0, 0, 1]
(1, (1, 0, 0), (2, 2)): [2208, 313, 275, 98, 39, 11, 5, 3, 1, 1]
(1, (1, 0, 0), (3, 0)): [556, 131, 92, 66, 26, 10, 4, 0, 0, 2, 0, 0, 1]
(1, (1, 0, 0), (3, 1)): [925, 223, 157, 88, 31, 12, 6, 1, 0, 1, 0, 0, 0, 0, 0, 1]
(1, (1, 0, 0), (3, 2)): [1136, 216, 169, 82, 29, 12, 5, 1, 1, 1, 0, 0, 0, 0, 0, 1]
(1, (1, 0, 1), (0, 0)): [27672, 32692, 10602, 6903, 2926, 1223, 486, 190, 67, 45, 12, 5, 0, 1]
(1, (1, 0, 1), (0, 1)): [464, 419, 122, 104, 44, 17, 9, 2, 3, 2]
(1, (1, 0, 1), (0, 2)): [202, 133, 44, 35, 7, 6, 4, 1, 0, 1]
(1, (1, 0, 1), (1, 0)): [467, 509, 173, 122, 63, 19, 5, 1, 0, 2]
(1, (1, 0, 1), (1, 1)): [364, 342, 108, 89, 45, 6, 7, 1, 2]
(1, (1, 0, 1), (1, 2)): [275, 181, 59, 51, 16, 5, 6, 1, 0, 1]
(1, (1, 0, 1), (2, 0)): [181, 176, 59, 39, 24, 12, 1, 1, 0, 1]
(1, (1, 0, 1), (2, 1)): [174, 182, 62, 45, 28, 7, 4, 0, 2]
(1, (1, 0, 1), (2, 2)): [180, 144, 52, 28, 18, 4, 5, 0, 1]
(1, (1, 0, 1), (3, 0)): [67, 72, 20, 17, 10, 6, 0, 0, 0, 1]
(1, (1, 0, 1), (3, 1)): [74, 82, 23, 22, 18, 7]
(1, (1, 0, 1), (3, 2)): [88, 78, 32, 21, 17, 7, 3, 0, 1]
(1, (1, 1, 0), (0, 0)): [94976, 29479, 19787, 13988, 5899, 2457, 968, 388, 161, 63, 24, 13, 8, 5, 1]
(1, (1, 1, 0), (0, 1)): [1646, 431, 271, 210, 82, 31, 18, 5, 2]
(1, (1, 1, 0), (0, 2)): [662, 166, 88, 75, 25, 8, 4, 0, 1]
(1, (1, 1, 0), (1, 0)): [1499, 507, 350, 268, 113, 42, 23, 9, 1, 3, 0, 0, 2, 1]
(1, (1, 1, 0), (1, 1)): [1222, 352, 247, 174, 77, 30, 18, 8, 0, 2]
(1, (1, 1, 0), (1, 2)): [898, 221, 139, 108, 40, 14, 8, 2]
(1, (1, 1, 0), (2, 0)): [531, 183, 120, 106, 44, 16, 7, 2, 1, 1, 0, 0, 2, 1]
(1, (1, 1, 0), (2, 1)): [624, 211, 148, 101, 41, 18, 10, 3, 0, 1, 0, 0, 1]
(1, (1, 1, 0), (2, 2)): [655, 173, 100, 77, 38, 13, 5, 1]
(1, (1, 1, 0), (3, 0)): [153, 72, 36, 38, 25, 11, 4, 2, 1, 1, 0, 0, 1]
(1, (1, 1, 0), (3, 1)): [273, 102, 68, 58, 28, 11, 9, 3, 0, 2, 0, 0, 1]
(1, (1, 1, 0), (3, 2)): [353, 105, 70, 46, 31, 14, 9, 4, 0, 2, 0, 0, 1]
(1, (1, 1, 1), (0, 0)): [19685, 15521, 9978, 6523, 4693, 2018, 815, 304, 128, 48, 17, 15, 6, 3, 1, 1]
(1, (1, 1, 1), (0, 1)): [397, 247, 160, 102, 82, 29, 14, 4, 3]
(1, (1, 1, 1), (0, 2)): [201, 86, 58, 32, 33, 8, 7]
(1, (1, 1, 1), (1, 0)): [350, 265, 180, 120, 91, 40, 17, 7, 2, 2, 0, 1, 1]
(1, (1, 1, 1), (1, 1)): [290, 185, 132, 93, 74, 29, 6, 5, 1]
(1, (1, 1, 1), (1, 2)): [223, 99, 88, 54, 38, 21, 7, 1]
(1, (1, 1, 1), (2, 0)): [110, 105, 71, 49, 29, 19, 11, 3, 1, 1, 0, 1, 1]
(1, (1, 1, 1), (2, 1)): [146, 123, 78, 57, 44, 14, 9, 4, 1, 1, 0, 1]
(1, (1, 1, 1), (2, 2)): [156, 87, 69, 61, 35, 15, 6, 1]
(1, (1, 1, 1), (3, 0)): [24, 38, 24, 22, 9, 11, 4, 0, 1, 0, 0, 0, 1]
(1, (1, 1, 1), (3, 1)): [42, 66, 31, 28, 20, 10, 5, 3, 0, 0, 0, 0, 1]
(1, (1, 1, 1), (3, 2)): [80, 55, 35, 38, 23, 12, 3, 2]
(2, (0, 0, 0), (0, 0)): [777955, 34950, 11768, 3767, 1255, 411, 146, 44, 8, 4, 5, 0, 1]
(2, (0, 0, 0), (0, 1)): [13425, 571, 201, 50, 27, 6, 6, 1]
(2, (0, 0, 0), (0, 2)): [4855, 151, 40, 15, 6, 1, 1, 1]
(2, (0, 0, 0), (1, 0)): [13867, 803, 263, 77, 34, 10, 3, 0, 0, 0, 0, 0, 1]
(2, (0, 0, 0), (1, 1)): [11977, 606, 212, 42, 28, 5, 6]
(2, (0, 0, 0), (1, 2)): [7544, 274, 90, 24, 13, 3, 3]
(2, (0, 0, 0), (2, 0)): [5169, 310, 124, 48, 17, 6, 1, 0, 0, 0, 0, 0, 1]
(2, (0, 0, 0), (2, 1)): [7019, 373, 135, 41, 9, 4, 3]
(2, (0, 0, 0), (2, 2)): [6392, 281, 100, 27, 11, 4, 1]
(2, (0, 0, 0), (3, 0)): [1807, 121, 70, 25, 13, 3, 1, 0, 0, 0, 0, 0, 1]
(2, (0, 0, 0), (3, 1)): [3269, 189, 97, 32, 12, 5, 2]
(2, (0, 0, 0), (3, 2)): [4082, 216, 103, 26, 9, 4]
(2, (0, 0, 1), (0, 0)): [71129, 22064, 4326, 1480, 536, 189, 53, 14, 3, 2, 0, 1]
(2, (0, 0, 1), (0, 1)): [1097, 298, 64, 22, 10, 3, 1]
(2, (0, 0, 1), (0, 2)): [425, 74, 20, 4, 2, 1]
(2, (0, 0, 1), (1, 0)): [1324, 379, 88, 39, 9, 4, 0, 1]
(2, (0, 0, 1), (1, 1)): [1056, 259, 63, 19, 8, 1, 1]
(2, (0, 0, 1), (1, 2)): [692, 124, 28, 9, 2, 1, 1]
(2, (0, 0, 1), (2, 0)): [556, 166, 39, 27, 6, 4, 0, 1]
(2, (0, 0, 1), (2, 1)): [604, 143, 45, 17, 9, 1, 0, 1]
(2, (0, 0, 1), (2, 2)): [567, 101, 34, 7, 3, 2, 1]
(2, (0, 0, 1), (3, 0)): [294, 74, 21, 17, 2, 3]
(2, (0, 0, 1), (3, 1)): [323, 78, 19, 15, 6, 1]
(2, (0, 0, 1), (3, 2)): [370, 78, 24, 10, 2, 1]
(2, (0, 1, 0), (0, 0)): [190578, 41115, 10917, 3826, 1258, 421, 122, 36, 7, 6, 5, 0, 1]
(2, (0, 1, 0), (0, 1)): [2802, 511, 135, 50, 15, 1, 1]
(2, (0, 1, 0), (0, 2)): [1054, 148, 36, 10, 4]
(2, (0, 1, 0), (1, 0)): [3767, 651, 272, 108, 25, 14, 5, 1, 0, 0, 0, 0, 1]
(2, (0, 1, 0), (1, 1)): [2633, 448, 159, 55, 14, 4, 3, 1]
(2, (0, 1, 0), (1, 2)): [1652, 232, 59, 33, 3]
(2, (0, 1, 0), (2, 0)): [1774, 291, 138, 71, 18, 9, 3, 0, 0, 0, 0, 0, 1]
(2, (0, 1, 0), (2, 1)): [1600, 288, 102, 34, 10, 6, 3, 1, 0, 0, 0, 0, 1]
(2, (0, 1, 0), (2, 2)): [1451, 217, 60, 35, 5, 3, 0, 1]
(2, (0, 1, 0), (3, 0)): [998, 137, 85, 51, 14, 4, 2]
(2, (0, 1, 0), (3, 1)): [777, 141, 71, 23, 11, 3, 3, 0, 0, 0, 0, 0, 1]
(2, (0, 1, 0), (3, 2)): [948, 154, 62, 29, 7, 3, 1, 0, 0, 0, 0, 0, 1]
(2, (0, 1, 1), (0, 0)): [44036, 3819, 9764, 2622, 1032, 328, 121, 41, 17, 4, 3, 1, 0, 1]
(2, (0, 1, 1), (0, 1)): [604, 47, 104, 25, 7, 3, 1, 3]
(2, (0, 1, 1), (0, 2)): [259, 19, 34, 8, 4, 1, 1]
(2, (0, 1, 1), (1, 0)): [873, 87, 172, 59, 27, 7, 4, 0, 0, 0, 1]
(2, (0, 1, 1), (1, 1)): [559, 39, 99, 25, 7, 3, 1, 2]
(2, (0, 1, 1), (1, 2)): [373, 23, 52, 10, 5, 1, 2, 1]
(2, (0, 1, 1), (2, 0)): [446, 52, 86, 35, 21, 6, 1, 0, 0, 0, 1]
(2, (0, 1, 1), (2, 1)): [315, 26, 75, 16, 7, 4]
(2, (0, 1, 1), (2, 2)): [325, 27, 53, 14, 3, 4, 1, 1]
(2, (0, 1, 1), (3, 0)): [308, 40, 49, 22, 18, 5, 1, 0, 0, 0, 1]
(2, (0, 1, 1), (3, 1)): [166, 14, 33, 10, 4, 1]
(2, (0, 1, 1), (3, 2)): [216, 23, 43, 11, 4, 4, 0, 1]
(2, (1, 0, 0), (0, 0)): [421837, 30515, 19581, 6244, 2008, 634, 259, 69, 16, 10, 6, 0, 1]
(2, (1, 0, 0), (0, 1)): [6642, 362, 294, 75, 30, 7, 6, 1]
(2, (1, 0, 0), (0, 2)): [2404, 97, 81, 16, 10, 1, 1]
(2, (1, 0, 0), (1, 0)): [6981, 571, 411, 158, 39, 12, 7, 2, 0, 0, 0, 0, 1]
(2, (1, 0, 0), (1, 1)): [5513, 343, 281, 84, 24, 3, 4, 1]
(2, (1, 0, 0), (1, 2)): [3453, 162, 124, 43, 11, 2]
(2, (1, 0, 0), (2, 0)): [2383, 228, 143, 74, 17, 6, 4, 0, 0, 0, 0, 0, 1]
(2, (1, 0, 0), (2, 1)): [2846, 183, 151, 55, 20, 6, 2, 1, 0, 0, 0, 0, 1]
(2, (1, 0, 0), (2, 2)): [2643, 147, 118, 39, 13, 5, 1, 1]
(2, (1, 0, 0), (3, 0)): [794, 106, 44, 43, 4, 2, 3]
(2, (1, 0, 0), (3, 1)): [1250, 131, 74, 44, 9, 4, 2, 0, 0, 0, 0, 0, 1]
(2, (1, 0, 0), (3, 2)): [1490, 129, 81, 37, 9, 8, 1, 1, 0, 0, 0, 0, 1]
(2, (1, 0, 1), (0, 0)): [70726, 17333, 6819, 4079, 1290, 443, 161, 49, 20, 7, 0, 2, 1]
(2, (1, 0, 1), (0, 1)): [1165, 232, 100, 67, 20, 2, 2, 1, 0, 0, 0, 1]
(2, (1, 0, 1), (0, 2)): [467, 70, 30, 14, 8]
(2, (1, 0, 1), (1, 0)): [1104, 253, 117, 83, 29, 11, 4]
(2, (1, 0, 1), (1, 1)): [889, 183, 72, 65, 17, 6, 4, 1, 0, 0, 0, 1]
(2, (1, 0, 1), (1, 2)): [608, 91, 35, 29, 9, 2, 1, 1, 0, 0, 0, 1]
(2, (1, 0, 1), (2, 0)): [405, 92, 61, 29, 10, 4, 2]
(2, (1, 0, 1), (2, 1)): [497, 114, 40, 33, 14, 4]
(2, (1, 0, 1), (2, 2)): [445, 70, 25, 18, 9, 3, 1, 1, 0, 0, 0, 1]
(2, (1, 0, 1), (3, 0)): [144, 28, 29, 14, 6, 1, 2]
(2, (1, 0, 1), (3, 1)): [228, 48, 30, 18, 6, 1, 2]
(2, (1, 0, 1), (3, 2)): [262, 52, 28, 10, 8, 3, 2, 1]
(2, (1, 1, 0), (0, 0)): [164494, 25479, 12790, 8514, 2772, 900, 289, 99, 35, 17, 7, 1, 2, 1]
(2, (1, 1, 0), (0, 1)): [2776, 380, 168, 126, 35, 7, 5, 3, 0, 0, 0, 0, 1]
(2, (1, 1, 0), (0, 2)): [1104, 118, 48, 30, 9, 1, 2, 1]
(2, (1, 1, 0), (1, 0)): [2759, 420, 239, 185, 54, 20, 7, 2, 1, 1]
(2, (1, 1, 0), (1, 1)): [2278, 312, 148, 124, 27, 7, 3, 2, 1, 1, 0, 0, 1]
(2, (1, 1, 0), (1, 2)): [1571, 177, 79, 50, 12, 3, 2, 2]
(2, (1, 1, 0), (2, 0)): [965, 159, 109, 75, 28, 13, 3, 1]
(2, (1, 1, 0), (2, 1)): [1229, 162, 104, 80, 21, 11, 3, 1, 1, 1, 0, 0, 1]
(2, (1, 1, 0), (2, 2)): [1174, 141, 69, 67, 14, 4, 4, 2, 1]
(2, (1, 1, 0), (3, 0)): [339, 62, 46, 30, 13, 6, 1]
(2, (1, 1, 0), (3, 1)): [534, 81, 66, 41, 11, 9, 2, 1, 0, 0, 0, 0, 1]
(2, (1, 1, 0), (3, 2)): [655, 90, 57, 44, 15, 4, 3, 2, 1]
(2, (1, 1, 1), (0, 0)): [47703, 6969, 8001, 3979, 2860, 910, 303, 110, 39, 7, 6, 0, 1, 1]
(2, (1, 1, 1), (0, 1)): [947, 91, 130, 65, 45, 8, 5, 3, 1, 0, 0, 0, 1]
(2, (1, 1, 1), (0, 2)): [432, 22, 31, 21, 13, 2, 1, 1, 1]
(2, (1, 1, 1), (1, 0)): [753, 220, 144, 80, 54, 22, 6, 1, 2, 0, 1]
(2, (1, 1, 1), (1, 1)): [708, 108, 116, 58, 40, 6, 3, 0, 0, 0, 1, 0, 1]
(2, (1, 1, 1), (1, 2)): [536, 46, 48, 28, 15, 4, 2, 1, 0, 0, 1]
(2, (1, 1, 1), (2, 0)): [210, 146, 42, 35, 26, 15, 4, 1, 1]
(2, (1, 1, 1), (2, 1)): [311, 97, 68, 30, 32, 8, 4, 0, 0, 0, 0, 0, 1]
(2, (1, 1, 1), (2, 2)): [356, 57, 46, 29, 16, 5, 2, 0, 0, 0, 1]
(2, (1, 1, 1), (3, 0)): [43, 99, 15, 22, 8, 8, 1, 0, 1]
(2, (1, 1, 1), (3, 1)): [97, 101, 27, 24, 24, 6, 4]
(2, (1, 1, 1), (3, 2)): [159, 82, 32, 33, 19, 7, 4, 0, 0, 0, 1]
