(0, (0, 0, 0), (0, 0)): [346, 49, 19, 11, 4, 1, 1]
(0, (0, 0, 1), (0, 0)): [1, 5, 4]
(0, (0, 1, 0), (0, 0)): [14, 4, 1, 1]
(0, (1, 0, 0), (0, 0)): [72, 21, 8, 6, 2, 0, 1]
(0, (1, 1, 0), (0, 0)): [11, 8, 3, 4, 1, 0, 1]
(0, (1, 1, 1), (0, 0)): [2, 2, 0, 1, 0, 1, 1]
(1, (0, 0, 0), (0, 0)): [270, 23, 5, 4, 2, 1]
(1, (0, 0, 1), (0, 0)): [13, 14, 3]
(1, (0, 1, 0), (0, 0)): [43, 17, 3, 2]
(1, (0, 1, 1), (0, 0)): [7, 9, 5, 6, 0, 1]
(1, (1, 0, 0), (0, 0)): [95, 16, 3, 4, 1, 1]
(1, (1, 0, 1), (0, 0)): [1, 4, 2, 2, 1]
(1, (1, 1, 0), (0, 0)): [22, 8, 1, 4, 1]
(1, (1, 1, 1), (0, 0)): [4, 3, 2, 4, 1, 1]
(2, (0, 0, 0), (0, 0)): [233, 5, 3, 1, 2]
(2, (0, 0, 1), (0, 0)): [40, 14, 1, 0, 1]
(2, (0, 1, 0), (0, 0)): [61, 11, 3, 1]
(2, (0, 1, 1), (0, 0)): [19, 4, 5]
(2, (1, 0, 0), (0, 0)): [128, 4, 4, 2, 1]
(2, (1, 0, 1), (0, 0)): [18, 5, 3, 1]
(2, (1, 1, 0), (0, 0)): [29, 3, 5, 1, 1]
(2, (1, 1, 1), (0, 0)): [11, 2, 2, 1, 1]
