(0, (0, 0, 0), (0, 0)): [1537643, 308611, 141451, 64062, 28413, 12065, 4962, 2043, 825, 368, 151, 69, 31, 12, 4, 1, 0, 1]
(0, (0, 0, 0), (0, 1)): [97440, 18081, 8041, 3629, 1479, 631, 251, 90, 39, 18, 8, 0, 2, 1, 0, 1]
(0, (0, 0, 0), (0, 2)): [36265, 5944, 2584, 1118, 465, 192, 82, 31, 16, 5, 2, 0, 1]
(0, (0, 0, 0), (1, 0)): [90117, 19524, 9104, 4136, 1940, 756, 332, 132, 59, 17, 8, 2, 0, 2, 1]
(0, (0, 0, 0), (1, 1)): [84294, 16506, 7580, 3422, 1478, 601, 263, 91, 39, 11, 10, 0, 1, 1, 0, 1]
(0, (0, 0, 0), (1, 2)): [56039, 9651, 4309, 1824, 836, 344, 137, 49, 24, 9, 3, 0, 2]
(0, (0, 0, 0), (2, 0)): [29378, 7093, 3455, 1653, 794, 287, 130, 63, 24, 8, 4, 2, 0, 1, 1]
(0, (0, 0, 0), (2, 1)): [44294, 9451, 4566, 2125, 960, 369, 172, 80, 28, 7, 6, 2, 0, 1]
(0, (0, 0, 0), (2, 2)): [44477, 8294, 3898, 1737, 778, 298, 121, 44, 26, 10, 2, 0, 2]
(0, (0, 0, 0), (3, 0)): [8828, 2538, 1366, 699, 330, 125, 59, 19, 10, 3, 2, 0, 0, 1, 1]
(0, (0, 0, 0), (3, 1)): [17082, 4453, 2267, 1125, 520, 205, 93, 45, 19, 5, 2, 2, 0, 1, 1]
(0, (0, 0, 0), (3, 2)): [23621, 5232, 2759, 1240, 600, 239, 89, 37, 19, 9, 2, 1, 2, 0, 1]
(0, (0, 0, 1), (0, 0)): [6152, 18543, 5067, 2394, 1165, 480, 216, 95, 38, 21, 9, 3, 3, 2]
(0, (0, 0, 1), (0, 1)): [313, 872, 256, 105, 51, 15, 7, 4, 2, 1, 1, 0, 0, 1]
(0, (0, 0, 1), (0, 2)): [131, 345, 89, 39, 20, 6, 1, 1, 2]
(0, (0, 0, 1), (1, 0)): [315, 1046, 295, 149, 74, 32, 11, 7, 1, 1, 2]
(0, (0, 0, 1), (1, 1)): [287, 810, 232, 98, 50, 18, 7, 5, 0, 1, 2, 0, 0, 1]
(0, (0, 0, 1), (1, 2)): [215, 546, 140, 57, 28, 11, 1, 4, 2, 1, 1]
(0, (0, 0, 1), (2, 0)): [122, 418, 119, 71, 29, 15, 3, 4, 1, 1]
(0, (0, 0, 1), (2, 1)): [162, 466, 155, 72, 40, 12, 6, 3, 0, 1, 1]
(0, (0, 0, 1), (2, 2)): [193, 483, 139, 54, 36, 10, 1, 0, 1, 1, 1]
(0, (0, 0, 1), (3, 0)): [36, 139, 42, 31, 9, 7, 3, 1, 1]
(0, (0, 0, 1), (3, 1)): [67, 204, 68, 48, 19, 9, 2, 3]
(0, (0, 0, 1), (3, 2)): [109, 275, 81, 44, 30, 7, 0, 1, 1, 1, 1]
(0, (0, 1, 0), (0, 0)): [54917, 51302, 20059, 9630, 4566, 1981, 835, 355, 148, 82, 26, 7, 3, 3, 2]
(0, (0, 1, 0), (0, 1)): [3451, 3185, 1199, 529, 233, 117, 51, 21, 8, 4]
(0, (0, 1, 0), (0, 2)): [1370, 1070, 394, 158, 82, 39, 25, 6, 4, 1]
(0, (0, 1, 0), (1, 0)): [3471, 3405, 1405, 687, 300, 143, 43, 24, 7, 3, 1, 1, 0, 1, 1]
(0, (0, 1, 0), (1, 1)): [3030, 2788, 1128, 525, 208, 104, 34, 20, 2, 3]
(0, (0, 1, 0), (1, 2)): [2087, 1667, 649, 297, 126, 62, 22, 14, 1, 2]
(0, (0, 1, 0), (2, 0)): [1301, 1237, 508, 265, 110, 66, 16, 12, 4, 2, 1, 1, 0, 1]
(0, (0, 1, 0), (2, 1)): [1670, 1564, 660, 300, 123, 73, 24, 12, 2, 3, 1, 0, 0, 1]
(0, (0, 1, 0), (2, 2)): [1796, 1362, 612, 249, 106, 49, 24, 11, 3, 1, 1]
(0, (0, 1, 0), (3, 0)): [451, 363, 174, 115, 48, 26, 9, 8, 3, 0, 0, 1]
(0, (0, 1, 0), (3, 1)): [723, 636, 294, 178, 71, 42, 11, 9, 0, 1, 0, 1, 0, 1]
(0, (0, 1, 0), (3, 2)): [1026, 810, 396, 178, 83, 34, 21, 5, 2, 2, 1]
(0, (0, 1, 1), (0, 0)): [4518, 7757, 9204, 4268, 2242, 1071, 448, 200, 101, 42, 10, 8, 2, 2, 1, 0, 0, 1]
(0, (0, 1, 1), (0, 1)): [283, 428, 524, 221, 116, 56, 27, 9, 1, 2, 1, 1]
(0, (0, 1, 1), (0, 2)): [141, 158, 192, 81, 39, 18, 13, 3, 1, 1, 0, 1]
(0, (0, 1, 1), (1, 0)): [276, 561, 648, 309, 160, 78, 27, 12, 11, 2, 0, 2]
(0, (0, 1, 1), (1, 1)): [225, 419, 478, 211, 118, 46, 19, 10, 1, 1, 1]
(0, (0, 1, 1), (1, 2)): [187, 252, 276, 115, 73, 32, 15, 3, 2, 1, 0, 1]
(0, (0, 1, 1), (2, 0)): [127, 252, 269, 145, 79, 51, 13, 6, 7, 2, 0, 1]
(0, (0, 1, 1), (2, 1)): [124, 251, 293, 136, 62, 27, 11, 10, 4, 2]
(0, (0, 1, 1), (2, 2)): [152, 228, 231, 110, 51, 27, 12, 6, 2, 1, 0, 1]
(0, (0, 1, 1), (3, 0)): [69, 114, 114, 69, 54, 33, 6, 2, 2, 1, 0, 1]
(0, (0, 1, 1), (3, 1)): [53, 104, 116, 61, 45, 12, 6, 3, 3, 1]
(0, (0, 1, 1), (3, 2)): [82, 120, 146, 72, 40, 23, 8, 6, 4]
(0, (1, 0, 0), (0, 0)): [326190, 109219, 69030, 33987, 16115, 7186, 2991, 1274, 530, 245, 106, 43, 21, 6, 3, 1, 0, 1]
(0, (1, 0, 0), (0, 1)): [18958, 5805, 3658, 1695, 826, 368, 129, 68, 25, 5, 1, 1]
(0, (1, 0, 0), (0, 2)): [6843, 1855, 1206, 505, 268, 102, 46, 15, 10, 1, 1]
(0, (1, 0, 0), (1, 0)): [17349, 6296, 4156, 2072, 1007, 427, 197, 74, 29, 21, 11, 0, 0, 2, 1]
(0, (1, 0, 0), (1, 1)): [14570, 4710, 3069, 1475, 680, 322, 125, 51, 18, 10, 4]
(0, (1, 0, 0), (1, 2)): [9136, 2605, 1698, 791, 384, 163, 72, 27, 12, 6]
(0, (1, 0, 0), (2, 0)): [5364, 2112, 1417, 794, 407, 165, 77, 33, 10, 9, 7, 0, 0, 2]
(0, (1, 0, 0), (2, 1)): [7074, 2436, 1659, 862, 403, 187, 70, 31, 9, 9, 4, 0, 0, 2]
(0, (1, 0, 0), (2, 2)): [6562, 2004, 1340, 617, 308, 125, 65, 27, 10, 8, 2, 0, 0, 1]
(0, (1, 0, 0), (3, 0)): [1409, 643, 480, 317, 173, 61, 35, 16, 5, 3, 3]
(0, (1, 0, 0), (3, 1)): [2491, 1016, 705, 462, 233, 90, 33, 15, 6, 5, 3, 0, 0, 1]
(0, (1, 0, 0), (3, 2)): [3101, 1109, 771, 425, 218, 84, 35, 19, 6, 6, 1]
(0, (1, 0, 1), (0, 0)): [7770, 23893, 9655, 6683, 3498, 1595, 760, 305, 152, 61, 31, 14, 5, 1, 2, 0, 0, 1]
(0, (1, 0, 1), (0, 1)): [443, 1324, 522, 340, 180, 85, 39, 9, 9, 2, 1, 0, 1]
(0, (1, 0, 1), (0, 2)): [206, 467, 184, 120, 52, 30, 12, 2, 4, 1]
(0, (1, 0, 1), (1, 0)): [408, 1431, 573, 404, 207, 101, 33, 15, 10, 3, 3, 0, 0, 0, 1]
(0, (1, 0, 1), (1, 1)): [344, 1025, 416, 284, 154, 58, 25, 11, 7, 0, 3]
(0, (1, 0, 1), (1, 2)): [274, 586, 247, 152, 86, 28, 15, 4, 4, 1]
(0, (1, 0, 1), (2, 0)): [150, 503, 205, 139, 85, 52, 13, 6, 2, 2, 1]
(0, (1, 0, 1), (2, 1)): [163, 548, 235, 152, 85, 43, 15, 5, 7, 0, 2]
(0, (1, 0, 1), (2, 2)): [205, 467, 185, 116, 70, 26, 15, 6, 2, 1, 2]
(0, (1, 0, 1), (3, 0)): [50, 161, 73, 41, 34, 22, 3, 4, 0, 1, 1]
(0, (1, 0, 1), (3, 1)): [54, 192, 85, 69, 57, 23, 4, 2, 2, 1]
(0, (1, 0, 1), (3, 2)): [91, 214, 116, 72, 62, 25, 6, 4, 4, 2, 2]
(0, (1, 1, 0), (0, 0)): [45029, 28738, 21385, 15231, 8107, 3795, 1616, 759, 309, 144, 64, 24, 9, 3]
(0, (1, 1, 0), (0, 1)): [2851, 1594, 1102, 768, 466, 179, 85, 37, 10, 7, 3]
(0, (1, 1, 0), (0, 2)): [1164, 549, 367, 242, 148, 60, 29, 14, 4, 2, 1]
(0, (1, 1, 0), (1, 0)): [2303, 1499, 1159, 851, 449, 211, 90, 43, 15, 6, 2, 0, 0, 2]
(0, (1, 1, 0), (1, 1)): [2011, 1162, 875, 660, 364, 152, 68, 29, 8, 5, 3, 0, 0, 1]
(0, (1, 1, 0), (1, 2)): [1437, 712, 518, 397, 207, 73, 34, 20, 3, 5, 1, 0, 0, 1]
(0, (1, 1, 0), (2, 0)): [672, 478, 403, 277, 158, 77, 38, 16, 8, 2, 0, 0, 0, 1]
(0, (1, 1, 0), (2, 1)): [911, 597, 454, 343, 194, 84, 41, 17, 7, 3, 2]
(0, (1, 1, 0), (2, 2)): [968, 530, 404, 298, 161, 69, 31, 17, 3, 4, 1]
(0, (1, 1, 0), (3, 0)): [169, 150, 153, 91, 62, 32, 13, 6, 5, 1, 0, 0, 0, 1]
(0, (1, 1, 0), (3, 1)): [334, 238, 208, 141, 98, 48, 26, 9, 5, 1, 1]
(0, (1, 1, 0), (3, 2)): [447, 270, 238, 187, 113, 45, 22, 13, 4, 0, 1]
(0, (1, 1, 1), (0, 0)): [4280, 8260, 6738, 4980, 3995, 1986, 912, 439, 196, 83, 41, 14, 4, 2, 1]
(0, (1, 1, 1), (0, 1)): [282, 483, 414, 255, 229, 104, 47, 24, 12, 5, 1, 1, 1, 1]
(0, (1, 1, 1), (0, 2)): [136, 210, 151, 82, 84, 43, 14, 7, 6, 1, 0, 1, 1]
(0, (1, 1, 1), (1, 0)): [213, 460, 396, 293, 244, 131, 51, 17, 9, 3, 3]
(0, (1, 1, 1), (1, 1)): [200, 379, 330, 217, 181, 86, 41, 19, 5, 6, 3, 0, 0, 1]
(0, (1, 1, 1), (1, 2)): [173, 280, 206, 127, 113, 48, 14, 11, 6, 1, 0, 1, 0, 1]
(0, (1, 1, 1), (2, 0)): [65, 141, 134, 107, 101, 54, 14, 7, 5, 0, 1]
(0, (1, 1, 1), (2, 1)): [99, 165, 159, 127, 91, 53, 23, 10, 5, 2, 1]
(0, (1, 1, 1), (2, 2)): [104, 200, 157, 105, 81, 45, 14, 8, 2, 2, 0, 1]
(0, (1, 1, 1), (3, 0)): [14, 46, 42, 38, 32, 23, 6, 3, 2, 0, 1]
(0, (1, 1, 1), (3, 1)): [31, 73, 69, 61, 39, 23, 13, 2, 1, 0, 1]
(0, (1, 1, 1), (3, 2)): [45, 91, 85, 69, 58, 28, 14, 5, 3, 0, 0, 1]
(1, (0, 0, 0), (0, 0)): [1250305, 136480, 55717, 21998, 8474, 3179, 1242, 453, 171, 67, 27, 15, 7, 3, 0, 1]
(1, (0, 0, 0), (0, 1)): [80378, 7901, 3141, 1261, 466, 148, 49, 30, 7, 0, 0, 0, 0, 1]
(1, (0, 0, 0), (0, 2)): [30089, 2485, 963, 377, 139, 46, 11, 5]
(1, (0, 0, 0), (1, 0)): [76996, 9274, 3815, 1510, 584, 197, 85, 28, 8, 3, 1, 0, 0, 0, 0, 1]
(1, (0, 0, 0), (1, 1)): [71003, 7479, 3036, 1192, 457, 149, 64, 32, 9, 1, 0, 0, 0, 1]
(1, (0, 0, 0), (1, 2)): [46857, 4105, 1652, 647, 261, 91, 28, 10, 2]
(1, (0, 0, 0), (2, 0)): [25893, 3606, 1583, 618, 245, 86, 40, 11, 1, 2, 1, 0, 0, 0, 0, 1]
(1, (0, 0, 0), (2, 1)): [38031, 4570, 1952, 744, 285, 99, 34, 18, 2, 2, 1]
(1, (0, 0, 0), (2, 2)): [37910, 3719, 1554, 626, 254, 94, 32, 14, 3, 0, 1]
(1, (0, 0, 0), (3, 0)): [7805, 1230, 681, 254, 110, 38, 22, 4, 1, 1, 0, 0, 0, 0, 0, 1]
(1, (0, 0, 0), (3, 1)): [15318, 2278, 1089, 430, 183, 55, 25, 8, 1, 1]
(1, (0, 0, 0), (3, 2)): [20744, 2562, 1183, 483, 210, 62, 27, 7, 2, 0, 1]
(1, (0, 0, 1), (0, 0)): [34062, 48825, 9660, 4087, 1676, 700, 258, 100, 49, 17, 10, 5, 4, 1]
(1, (0, 0, 1), (0, 1)): [2085, 2469, 517, 183, 71, 33, 10, 3, 1, 0, 1]
(1, (0, 0, 1), (0, 2)): [894, 801, 167, 48, 27, 9, 4, 1, 1]
(1, (0, 0, 1), (1, 0)): [2244, 3434, 686, 325, 120, 65, 20, 5, 6, 2]
(1, (0, 0, 1), (1, 1)): [1938, 2487, 492, 200, 69, 39, 6, 3, 1, 1, 1]
(1, (0, 0, 1), (1, 2)): [1406, 1396, 252, 97, 41, 18, 2, 1, 1]
(1, (0, 0, 1), (2, 0)): [932, 1386, 313, 157, 65, 30, 14, 1, 5, 1]
(1, (0, 0, 1), (2, 1)): [1097, 1460, 312, 140, 53, 29, 11, 2, 2, 0, 1]
(1, (0, 0, 1), (2, 2)): [1198, 1225, 227, 111, 40, 23, 3, 1, 1, 0, 1]
(1, (0, 0, 1), (3, 0)): [447, 580, 146, 83, 35, 16, 5, 1, 1]
(1, (0, 0, 1), (3, 1)): [474, 654, 160, 79, 25, 12, 7, 2, 1]
(1, (0, 0, 1), (3, 2)): [699, 744, 174, 87, 37, 16, 6, 1, 1, 0, 1]
(1, (0, 1, 0), (0, 0)): [168824, 74548, 26902, 11569, 4617, 1812, 625, 294, 88, 41, 23, 9, 9, 2, 1]
(1, (0, 1, 0), (0, 1)): [10102, 4034, 1377, 583, 212, 82, 29, 17, 5, 2, 2]
(1, (0, 1, 0), (0, 2)): [3865, 1408, 459, 181, 63, 24, 8, 5, 2]
(1, (0, 1, 0), (1, 0)): [11626, 5046, 1870, 932, 370, 145, 48, 20, 11, 2, 1, 0, 0, 1]
(1, (0, 1, 0), (1, 1)): [9353, 3686, 1283, 616, 226, 90, 29, 14, 6, 1, 1, 0, 0, 1]
(1, (0, 1, 0), (1, 2)): [6118, 2191, 775, 310, 100, 38, 12, 11, 4, 1]
(1, (0, 1, 0), (2, 0)): [5002, 2138, 856, 490, 192, 79, 31, 14, 5, 1, 1]
(1, (0, 1, 0), (2, 1)): [5335, 2215, 779, 423, 177, 65, 28, 8, 2, 0, 1, 0, 0, 1]
(1, (0, 1, 0), (2, 2)): [5205, 1904, 678, 292, 111, 38, 12, 6, 5]
(1, (0, 1, 0), (3, 0)): [2371, 926, 398, 303, 113, 45, 15, 10, 5, 1]
(1, (0, 1, 0), (3, 1)): [2490, 973, 401, 266, 126, 45, 20, 6, 4, 1, 0, 0, 0, 1]
(1, (0, 1, 0), (3, 2)): [3104, 1144, 476, 258, 121, 28, 13, 6, 1, 1, 0, 0, 0, 1]
(1, (0, 1, 1), (0, 0)): [26686, 22002, 19497, 7757, 4043, 1568, 625, 251, 115, 39, 11, 7, 2, 2, 0, 1]
(1, (0, 1, 1), (0, 1)): [1342, 1031, 878, 341, 149, 53, 29, 9, 2]
(1, (0, 1, 1), (0, 2)): [621, 336, 301, 115, 57, 13, 9, 3, 1]
(1, (0, 1, 1), (1, 0)): [1962, 1769, 1338, 543, 372, 116, 50, 20, 7, 3]
(1, (0, 1, 1), (1, 1)): [1185, 940, 801, 311, 148, 44, 23, 12, 1, 1]
(1, (0, 1, 1), (1, 2)): [922, 534, 504, 175, 93, 26, 12, 5, 1]
(1, (0, 1, 1), (2, 0)): [1175, 1016, 749, 327, 263, 91, 37, 12, 6, 2]
(1, (0, 1, 1), (2, 1)): [638, 551, 446, 187, 95, 28, 19, 6, 0, 2]
(1, (0, 1, 1), (2, 2)): [750, 472, 425, 160, 83, 20, 6, 4, 1]
(1, (0, 1, 1), (3, 0)): [886, 740, 491, 242, 217, 78, 32, 10, 6, 1]
(1, (0, 1, 1), (3, 1)): [280, 253, 207, 83, 54, 19, 12, 3, 0, 1]
(1, (0, 1, 1), (3, 2)): [427, 294, 235, 102, 57, 18, 5, 4, 1]
(1, (1, 0, 0), (0, 0)): [472285, 83886, 53779, 22726, 9154, 3595, 1434, 502, 214, 91, 32, 22, 5, 3, 0, 2]
(1, (1, 0, 0), (0, 1)): [27326, 4291, 2761, 1159, 430, 155, 77, 23, 5, 5, 1]
(1, (1, 0, 0), (0, 2)): [9814, 1305, 874, 354, 125, 51, 27, 9, 2, 3]
(1, (1, 0, 0), (1, 0)): [27312, 5342, 3501, 1507, 588, 228, 94, 36, 8, 4, 1, 0, 1, 0, 0, 1]
(1, (1, 0, 0), (1, 1)): [22382, 3785, 2511, 1052, 386, 140, 70, 20, 5, 2, 2, 0, 0, 0, 0, 1]
(1, (1, 0, 0), (1, 2)): [13958, 2012, 1395, 510, 188, 74, 31, 13, 2, 2, 2]
(1, (1, 0, 0), (2, 0)): [8798, 1917, 1271, 606, 243, 108, 40, 11, 5, 3, 0, 0, 1]
(1, (1, 0, 0), (2, 1)): [11264, 2130, 1417, 668, 234, 97, 50, 7, 5, 0, 0, 0, 0, 0, 0, 1]
(1, (1, 0, 0), (2, 2)): [10414, 1683, 1157, 493, 169, 69, 34, 9, 2, 1, 2]
(1, (1, 0, 0), (3, 0)): [2456, 649, 382, 238, 104, 45, 10, 4, 1, 3, 0, 0, 1]
(1, (1, 0, 0), (3, 1)): [4194, 1005, 604, 342, 130, 50, 17, 6, 1, 2, 0, 0, 0, 0, 0, 1]
(1, (1, 0, 0), (3, 2)): [5058, 1046, 662, 354, 117, 51, 23, 4, 3, 2, 2, 0, 0, 0, 0, 1]
(1, (1, 0, 1), (0, 0)): [38148, 44457, 14237, 9468, 4043, 1655, 665, 250, 85, 58, 15, 6, 0, 1]
(1, (1, 0, 1), (0, 1)): [2456, 2242, 727, 476, 202, 79, 33, 7, 5, 5]
(1, (1, 0, 1), (0, 2)): [1046, 691, 245, 151, 63, 25, 12, 5, 2, 2]
(1, (1, 0, 1), (1, 0)): [2222, 2637, 889, 575, 275, 90, 34, 10, 5, 5]
(1, (1, 0, 1), (1, 1)): [1919, 1820, 602, 432, 165, 55, 28, 5, 4, 3]
(1, (1, 0, 1), (1, 2)): [1385, 1005, 353, 236, 79, 35, 13, 8, 2, 2]
(1, (1, 0, 1), (2, 0)): [776, 908, 322, 209, 116, 43, 14, 5, 2, 2]
(1, (1, 0, 1), (2, 1)): [946, 922, 318, 238, 109, 29, 14, 3, 5, 1]
(1, (1, 0, 1), (2, 2)): [962, 759, 287, 180, 85, 21, 13, 4, 5, 1]
(1, (1, 0, 1), (3, 0)): [256, 324, 119, 70, 55, 24, 7, 1, 0, 1]
(1, (1, 0, 1), (3, 1)): [338, 383, 154, 105, 57, 23, 3, 2, 0, 1]
(1, (1, 0, 1), (3, 2)): [480, 413, 173, 121, 65, 21, 8, 4, 3, 1]
(1, (1, 1, 0), (0, 0)): [130242, 40172, 26667, 18998, 7913, 3252, 1271, 518, 210, 80, 26, 15, 9, 5, 1]
(1, (1, 1, 0), (0, 1)): [8227, 2208, 1338, 997, 400, 160, 60, 24, 7, 3]
(1, (1, 1, 0), (0, 2)): [3300, 770, 446, 334, 130, 50, 22, 7, 3]
(1, (1, 1, 0), (1, 0)): [7157, 2430, 1638, 1173, 494, 199, 90, 35, 10, 3, 0, 0, 2, 1]
(1, (1, 1, 0), (1, 1)): [6298, 1889, 1241, 875, 363, 141, 55, 24, 3, 5]
(1, (1, 1, 0), (1, 2)): [4455, 1118, 699, 518, 203, 62, 30, 14, 1, 1]
(1, (1, 1, 0), (2, 0)): [2328, 856, 559, 431, 202, 92, 42, 15, 6, 1, 0, 0, 2, 1]
(1, (1, 1, 0), (2, 1)): [3112, 1044, 703, 477, 199, 107, 42, 12, 7, 1, 0, 0, 1]
(1, (1, 1, 0), (2, 2)): [3308, 906, 572, 413, 176, 74, 24, 5, 1, 1]
(1, (1, 1, 0), (3, 0)): [596, 328, 186, 130, 89, 37, 16, 8, 2, 1, 0, 0, 1]
(1, (1, 1, 0), (3, 1)): [1172, 497, 328, 219, 120, 49, 25, 10, 5, 2, 0, 0, 1]
(1, (1, 1, 0), (3, 2)): [1589, 566, 368, 229, 133, 55, 24, 8, 3, 3, 0, 0, 1]
(1, (1, 1, 1), (0, 0)): [26461, 21241, 13443, 8688, 6395, 2690, 1088, 400, 178, 64, 19, 15, 8, 3, 1, 1]
(1, (1, 1, 1), (0, 1)): [1715, 1220, 787, 474, 349, 130, 49, 20, 12, 1]
(1, (1, 1, 1), (0, 2)): [806, 416, 269, 171, 117, 41, 21, 4, 3, 1]
(1, (1, 1, 1), (1, 0)): [1386, 1273, 775, 470, 379, 163, 82, 21, 9, 3, 0, 1, 1]
(1, (1, 1, 1), (1, 1)): [1275, 1020, 645, 377, 285, 116, 44, 19, 7]
(1, (1, 1, 1), (1, 2)): [967, 588, 396, 231, 156, 71, 31, 9, 4]
(1, (1, 1, 1), (2, 0)): [368, 401, 271, 167, 140, 68, 35, 9, 1, 1, 0, 1, 1]
(1, (1, 1, 1), (2, 1)): [576, 543, 327, 211, 145, 64, 33, 8, 2, 1, 0, 1]
(1, (1, 1, 1), (2, 2)): [691, 461, 317, 189, 136, 60, 26, 7, 3]
(1, (1, 1, 1), (3, 0)): [64, 124, 82, 67, 46, 32, 10, 4, 1, 0, 0, 0, 1]
(1, (1, 1, 1), (3, 1)): [132, 221, 145, 98, 74, 32, 13, 5, 0, 0, 0, 0, 1]
(1, (1, 1, 1), (3, 2)): [268, 249, 167, 110, 84, 41, 15, 8, 1]
(2, (0, 0, 0), (0, 0)): [1086434, 49347, 16542, 5263, 1739, 549, 190, 64, 11, 7, 5, 0, 1]
(2, (0, 0, 0), (0, 1)): [69181, 2712, 886, 248, 104, 20, 11, 5, 1]
(2, (0, 0, 0), (0, 2)): [25584, 702, 219, 81, 34, 3, 1, 3]
(2, (0, 0, 0), (1, 0)): [69565, 3707, 1248, 393, 141, 29, 15, 6, 1, 0, 0, 0, 1]
(2, (0, 0, 0), (1, 1)): [62448, 2819, 942, 245, 104, 21, 13, 2, 1]
(2, (0, 0, 0), (1, 2)): [40398, 1259, 424, 139, 53, 9, 5, 2]
(2, (0, 0, 0), (2, 0)): [24818, 1466, 612, 187, 68, 12, 8, 4, 0, 0, 0, 0, 1]
(2, (0, 0, 0), (2, 1)): [35024, 1838, 693, 183, 67, 11, 8, 3]
(2, (0, 0, 0), (2, 2)): [34087, 1322, 485, 138, 55, 10, 2, 2]
(2, (0, 0, 0), (3, 0)): [7965, 513, 291, 85, 35, 6, 5, 2, 0, 0, 0, 0, 1]
(2, (0, 0, 0), (3, 1)): [15015, 918, 454, 132, 40, 9, 5, 2]
(2, (0, 0, 0), (3, 2)): [20041, 1014, 459, 122, 45, 8, 1, 2]
(2, (0, 0, 1), (0, 0)): [100554, 30322, 6175, 2058, 735, 256, 72, 23, 5, 2, 0, 1]
(2, (0, 0, 1), (0, 1)): [6223, 1560, 315, 102, 38, 12, 6, 2, 1]
(2, (0, 0, 1), (0, 2)): [2440, 462, 95, 27, 9, 3, 2]
(2, (0, 0, 1), (1, 0)): [7437, 2063, 507, 173, 59, 25, 4, 2]
(2, (0, 0, 1), (1, 1)): [5936, 1483, 311, 113, 40, 17, 4, 2, 1]
(2, (0, 0, 1), (1, 2)): [4017, 763, 155, 49, 22, 7, 4, 1]
(2, (0, 0, 1), (2, 0)): [3204, 874, 244, 104, 31, 14, 1, 1]
(2, (0, 0, 1), (2, 1)): [3503, 945, 239, 94, 33, 13, 2, 2]
(2, (0, 0, 1), (2, 2)): [3568, 717, 173, 59, 21, 11, 3, 1]
(2, (0, 0, 1), (3, 0)): [1557, 343, 123, 65, 11, 8]
(2, (0, 0, 1), (3, 1)): [1678, 462, 126, 61, 23, 9, 2, 1]
(2, (0, 0, 1), (3, 2)): [2300, 501, 137, 62, 14, 10, 3]
(2, (0, 1, 0), (0, 0)): [267209, 56319, 15255, 5347, 1751, 593, 168, 53, 14, 8, 6, 0, 1]
(2, (0, 1, 0), (0, 1)): [15838, 2790, 701, 198, 73, 18, 8, 3, 1, 0, 1]
(2, (0, 1, 0), (0, 2)): [6126, 817, 197, 50, 18, 3, 2]
(2, (0, 1, 0), (1, 0)): [19549, 3761, 1282, 529, 144, 48, 15, 6, 0, 0, 0, 0, 1]
(2, (0, 1, 0), (1, 1)): [15048, 2717, 785, 250, 87, 23, 12, 4, 1, 0, 1]
(2, (0, 1, 0), (1, 2)): [9869, 1406, 333, 123, 30, 9, 3, 2]
(2, (0, 1, 0), (2, 0)): [9013, 1637, 639, 333, 89, 29, 8, 4, 0, 0, 0, 0, 1]
(2, (0, 1, 0), (2, 1)): [8970, 1703, 562, 188, 60, 16, 8, 2, 1, 0, 1, 0, 1]
(2, (0, 1, 0), (2, 2)): [8733, 1369, 371, 143, 42, 11, 3, 4]
(2, (0, 1, 0), (3, 0)): [4779, 741, 346, 245, 67, 20, 7, 4]
(2, (0, 1, 0), (3, 1)): [4175, 765, 319, 139, 50, 12, 8, 0, 1, 0, 1, 0, 1]
(2, (0, 1, 0), (3, 2)): [5476, 857, 318, 152, 43, 12, 5, 2, 0, 0, 0, 0, 1]
(2, (0, 1, 1), (0, 0)): [60722, 5211, 13137, 3550, 1408, 451, 159, 51, 19, 5, 3, 1, 0, 1]
(2, (0, 1, 1), (0, 1)): [3612, 235, 592, 136, 50, 23, 4, 5]
(2, (0, 1, 1), (0, 2)): [1538, 92, 185, 49, 22, 5, 1, 1]
(2, (0, 1, 1), (1, 0)): [4488, 467, 877, 281, 130, 40, 16, 2, 1, 0, 1]
(2, (0, 1, 1), (1, 1)): [3252, 238, 571, 140, 46, 25, 4, 4, 1]
(2, (0, 1, 1), (1, 2)): [2369, 136, 307, 78, 33, 8, 2, 2]
(2, (0, 1, 1), (2, 0)): [2273, 258, 405, 168, 92, 27, 11, 1, 0, 0, 1]
(2, (0, 1, 1), (2, 1)): [1909, 157, 383, 88, 36, 18, 4, 1]
(2, (0, 1, 1), (2, 2)): [2084, 148, 280, 67, 29, 18, 2, 2]
(2, (0, 1, 1), (3, 0)): [1406, 189, 217, 110, 70, 20, 9, 1, 0, 0, 1]
(2, (0, 1, 1), (3, 1)): [919, 77, 189, 57, 20, 5, 4]
(2, (0, 1, 1), (3, 2)): [1325, 114, 216, 55, 27, 14, 2, 2]
(2, (1, 0, 0), (0, 0)): [572310, 41476, 26999, 8557, 2761, 870, 340, 98, 18, 13, 6, 0, 1]
(2, (1, 0, 0), (0, 1)): [32685, 1957, 1274, 387, 139, 41, 19, 5, 1]
(2, (1, 0, 0), (0, 2)): [11672, 538, 314, 98, 42, 8, 6]
(2, (1, 0, 0), (1, 0)): [33741, 2833, 1849, 663, 193, 50, 25, 9, 0, 1, 0, 0, 1]
(2, (1, 0, 0), (1, 1)): [27686, 1801, 1195, 409, 124, 33, 13, 5, 1]
(2, (1, 0, 0), (1, 2)): [17106, 859, 528, 180, 56, 15, 4, 2]
(2, (1, 0, 0), (2, 0)): [11376, 1128, 701, 298, 87, 24, 14, 6, 0, 1, 0, 0, 1]
(2, (1, 0, 0), (2, 1)): [14446, 1093, 684, 275, 88, 21, 11, 4, 0, 0, 0, 0, 1]
(2, (1, 0, 0), (2, 2)): [13297, 816, 492, 181, 65, 17, 5, 3]
(2, (1, 0, 0), (3, 0)): [3392, 426, 242, 150, 36, 11, 6, 2, 0, 1]
(2, (1, 0, 0), (3, 1)): [5857, 581, 338, 196, 41, 16, 7, 2, 0, 1, 0, 0, 1]
(2, (1, 0, 0), (3, 2)): [6949, 602, 323, 176, 51, 20, 5, 4, 0, 1, 0, 0, 1]
(2, (1, 0, 1), (0, 0)): [98620, 23620, 9285, 5617, 1802, 612, 201, 67, 24, 8, 0, 3, 1]
(2, (1, 0, 1), (0, 1)): [6319, 1225, 477, 301, 78, 27, 5, 2, 1, 1, 0, 1]
(2, (1, 0, 1), (0, 2)): [2529, 370, 135, 84, 29, 7, 1, 0, 1]
(2, (1, 0, 1), (1, 0)): [6242, 1409, 643, 396, 128, 43, 12, 4]
(2, (1, 0, 1), (1, 1)): [5197, 1057, 439, 264, 94, 30, 8, 2, 0, 1, 0, 1]
(2, (1, 0, 1), (1, 2)): [3449, 561, 219, 132, 47, 12, 4, 1, 1, 0, 0, 1]
(2, (1, 0, 1), (2, 0)): [2240, 492, 270, 169, 48, 20, 5, 3]
(2, (1, 0, 1), (2, 1)): [2861, 570, 291, 148, 57, 23, 1, 1, 0, 1]
(2, (1, 0, 1), (2, 2)): [2643, 438, 207, 101, 41, 13, 3, 1, 1, 0, 0, 1]
(2, (1, 0, 1), (3, 0)): [761, 152, 106, 69, 25, 6, 4]
(2, (1, 0, 1), (3, 1)): [1219, 218, 129, 77, 41, 12, 3, 0, 0, 1]
(2, (1, 0, 1), (3, 2)): [1428, 234, 152, 74, 33, 12, 4, 1, 1]
(2, (1, 1, 0), (0, 0)): [224535, 34428, 17160, 11671, 3768, 1191, 408, 137, 43, 20, 8, 1, 2, 1]
(2, (1, 1, 0), (0, 1)): [13690, 1857, 832, 578, 163, 40, 19, 13, 1, 1, 0, 0, 1]
(2, (1, 1, 0), (0, 2)): [5554, 540, 243, 153, 51, 10, 4, 6, 1]
(2, (1, 1, 0), (1, 0)): [13362, 2057, 1120, 812, 272, 68, 37, 5, 2, 1, 1]
(2, (1, 1, 0), (1, 1)): [11576, 1591, 791, 564, 149, 39, 23, 8, 1, 2, 0, 0, 1]
(2, (1, 1, 0), (1, 2)): [8056, 825, 413, 267, 78, 18, 9, 7, 1]
(2, (1, 1, 0), (2, 0)): [4495, 731, 449, 318, 136, 41, 18, 2]
(2, (1, 1, 0), (2, 1)): [6100, 873, 513, 350, 112, 27, 19, 4, 1, 1, 0, 0, 1]
(2, (1, 1, 0), (2, 2)): [6270, 705, 374, 284, 91, 19, 15, 6, 2]
(2, (1, 1, 0), (3, 0)): [1438, 252, 183, 102, 70, 21, 7]
(2, (1, 1, 0), (3, 1)): [2532, 386, 291, 153, 73, 23, 13, 2, 0, 0, 0, 0, 1]
(2, (1, 1, 0), (3, 2)): [3437, 406, 296, 186, 94, 14, 11, 4, 1]
(2, (1, 1, 1), (0, 0)): [64619, 9391, 10856, 5330, 3877, 1218, 412, 139, 47, 9, 7, 1, 1, 1]
(2, (1, 1, 1), (0, 1)): [4392, 460, 589, 289, 206, 46, 15, 4, 2, 0, 0, 0, 1]
(2, (1, 1, 1), (0, 2)): [1915, 147, 175, 84, 55, 12, 4, 2, 1]
(2, (1, 1, 1), (1, 0)): [3440, 811, 642, 379, 251, 83, 31, 6, 2, 0, 1]
(2, (1, 1, 1), (1, 1)): [3398, 474, 520, 288, 200, 46, 14, 4, 1, 0, 1, 0, 1]
(2, (1, 1, 1), (1, 2)): [2625, 247, 263, 127, 101, 21, 4, 4, 0, 0, 1]
(2, (1, 1, 1), (2, 0)): [953, 487, 219, 155, 99, 44, 15, 2, 1]
(2, (1, 1, 1), (2, 1)): [1525, 402, 300, 171, 118, 39, 17, 0, 0, 0, 0, 0, 1]
(2, (1, 1, 1), (2, 2)): [1772, 267, 233, 125, 99, 28, 10, 3, 0, 0, 1]
(2, (1, 1, 1), (3, 0)): [162, 310, 60, 76, 34, 23, 5, 0, 1]
(2, (1, 1, 1), (3, 1)): [443, 361, 106, 111, 64, 27, 10]
(2, (1, 1, 1), (3, 2)): [740, 311, 131, 119, 78, 22, 13, 1, 0, 0, 1]
