(0, (0, 0, 0), (0, 0)): [2013379, 413736, 190582, 87437, 39291, 16922, 7041, 2838, 1156, 500, 222, 112, 36, 21, 6, 1, 1, 1]
(0, (0, 0, 0), (0, 1)): [333381, 65742, 29935, 14126, 6217, 2740, 1134, 400, 171, 75, 40, 21, 5, 4, 1, 1]
(0, (0, 0, 0), (0, 2)): [127376, 22265, 10001, 4638, 1983, 863, 356, 119, 53, 25, 8, 4, 3, 0, 1]
(0, (0, 0, 0), (1, 0)): [283054, 64505, 30754, 14344, 6789, 2907, 1266, 507, 203, 69, 42, 17, 3, 5, 2, 0, 1]
(0, (0, 0, 0), (1, 1)): [279582, 57800, 26872, 12584, 5713, 2475, 1044, 390, 173, 56, 38, 17, 3, 6, 0, 1, 1]
(0, (0, 0, 0), (1, 2)): [192310, 34930, 16011, 7368, 3244, 1385, 595, 218, 99, 33, 14, 8, 5, 1, 1]
(0, (0, 0, 0), (2, 0)): [90820, 22902, 11698, 5537, 2719, 1157, 500, 226, 75, 32, 18, 8, 1, 2, 1]
(0, (0, 0, 0), (2, 1)): [143418, 32532, 15924, 7430, 3547, 1539, 613, 277, 104, 38, 23, 12, 1, 3, 0, 0, 1]
(0, (0, 0, 0), (2, 2)): [152357, 30192, 14276, 6647, 3019, 1256, 544, 208, 97, 30, 16, 5, 4, 2, 1, 0, 1]
(0, (0, 0, 0), (3, 0)): [26358, 7526, 4463, 2229, 1122, 472, 207, 94, 32, 15, 11, 3, 0, 2, 1]
(0, (0, 0, 0), (3, 1)): [54561, 14515, 7830, 3814, 1872, 829, 327, 173, 67, 25, 10, 10, 1, 3, 1]
(0, (0, 0, 0), (3, 2)): [80218, 18582, 9832, 4646, 2210, 949, 388, 176, 73, 27, 11, 10, 4, 2, 1, 0, 1]
(0, (0, 0, 1), (0, 0)): [7263, 22724, 6227, 3052, 1466, 641, 280, 112, 49, 27, 17, 3, 3, 3]
(0, (0, 0, 1), (0, 1)): [884, 2749, 757, 357, 174, 77, 32, 13, 7, 3, 3, 0, 0, 1]
(0, (0, 0, 1), (0, 2)): [391, 1007, 258, 127, 55, 31, 12, 4, 4]
(0, (0, 0, 1), (1, 0)): [854, 3028, 877, 485, 232, 109, 42, 14, 7, 4, 6]
(0, (0, 0, 1), (1, 1)): [806, 2557, 706, 343, 183, 85, 30, 13, 4, 6, 2, 0, 0, 1]
(0, (0, 0, 1), (1, 2)): [624, 1633, 414, 205, 90, 52, 16, 7, 3, 3, 1]
(0, (0, 0, 1), (2, 0)): [307, 1108, 351, 225, 94, 44, 17, 8, 4, 1, 5]
(0, (0, 0, 1), (2, 1)): [429, 1432, 442, 245, 126, 55, 27, 10, 5, 3, 2]
(0, (0, 0, 1), (2, 2)): [567, 1464, 406, 198, 101, 49, 18, 5, 2, 2, 1]
(0, (0, 0, 1), (3, 0)): [99, 374, 120, 93, 35, 18, 8, 2, 1, 0, 3]
(0, (0, 0, 1), (3, 1)): [168, 629, 201, 155, 71, 27, 15, 4, 2, 2]
(0, (0, 0, 1), (3, 2)): [314, 888, 251, 168, 91, 36, 14, 2, 3, 1]
(0, (0, 1, 0), (0, 0)): [74589, 70121, 27643, 13749, 6527, 2860, 1240, 507, 209, 108, 37, 17, 6, 6, 3, 0, 1]
(0, (0, 1, 0), (0, 1)): [12210, 10953, 4411, 2070, 980, 426, 198, 75, 31, 16, 4, 4, 1, 1, 1]
(0, (0, 1, 0), (0, 2)): [4982, 3779, 1516, 671, 329, 141, 71, 22, 11, 4, 0, 1, 1]
(0, (0, 1, 0), (1, 0)): [11845, 11454, 4790, 2626, 1214, 576, 237, 96, 37, 13, 8, 3, 2, 2, 1, 0, 1]
(0, (0, 1, 0), (1, 1)): [10622, 9530, 3911, 2001, 930, 413, 185, 75, 20, 17, 7, 3, 0, 2, 1]
(0, (0, 1, 0), (1, 2)): [7438, 5802, 2423, 1164, 522, 234, 98, 50, 11, 6, 2, 3, 1, 0, 1]
(0, (0, 1, 0), (2, 0)): [4326, 4110, 1835, 1079, 485, 256, 97, 43, 18, 3, 1, 3, 2, 1, 0, 0, 1]
(0, (0, 1, 0), (2, 1)): [5815, 5334, 2298, 1201, 571, 279, 127, 43, 15, 12, 2, 1, 1, 1, 0, 0, 1]
(0, (0, 1, 0), (2, 2)): [6309, 4897, 2224, 1016, 479, 216, 99, 43, 11, 6, 2, 2, 1, 0, 1, 0, 1]
(0, (0, 1, 0), (3, 0)): [1506, 1209, 631, 449, 199, 107, 48, 22, 8, 1, 0, 1, 1]
(0, (0, 1, 0), (3, 1)): [2569, 2218, 1049, 699, 315, 156, 67, 26, 5, 4, 1, 1, 0, 1]
(0, (0, 1, 0), (3, 2)): [3703, 2866, 1423, 766, 354, 177, 90, 32, 6, 6, 2, 0, 0, 0, 1, 0, 1]
(0, (0, 1, 1), (0, 0)): [5913, 10474, 12376, 5801, 3055, 1484, 635, 273, 138, 59, 18, 13, 3, 4, 2, 0, 1, 1]
(0, (0, 1, 1), (0, 1)): [950, 1629, 1828, 807, 433, 206, 102, 37, 15, 10, 3, 2, 1, 0, 0, 0, 1]
(0, (0, 1, 1), (0, 2)): [449, 605, 656, 295, 151, 77, 40, 20, 2, 4, 0, 1]
(0, (0, 1, 1), (1, 0)): [893, 1718, 2098, 1062, 554, 296, 114, 43, 32, 6, 4, 5, 0, 1, 1]
(0, (0, 1, 1), (1, 1)): [780, 1425, 1681, 747, 398, 190, 81, 25, 16, 5, 4, 1, 1, 0, 0, 0, 1]
(0, (0, 1, 1), (1, 2)): [646, 906, 1014, 440, 264, 125, 51, 18, 8, 2, 1, 1, 0, 0, 0, 0, 1]
(0, (0, 1, 1), (2, 0)): [363, 742, 793, 449, 269, 156, 52, 20, 21, 5, 2, 2, 0, 1, 1]
(0, (0, 1, 1), (2, 1)): [393, 788, 923, 448, 202, 113, 47, 19, 10, 8, 3, 1, 1, 0, 1]
(0, (0, 1, 1), (2, 2)): [509, 804, 863, 397, 206, 106, 42, 16, 8, 7, 2, 1, 0, 0, 0, 0, 1]
(0, (0, 1, 1), (3, 0)): [192, 347, 342, 222, 155, 83, 28, 8, 14, 0, 1, 2, 0, 1]
(0, (0, 1, 1), (3, 1)): [161, 313, 368, 197, 131, 67, 26, 10, 11, 2, 0, 1, 0, 0, 1]
(0, (0, 1, 1), (3, 2)): [287, 421, 493, 267, 133, 81, 36, 14, 11, 3, 2, 0, 0, 0, 0, 0, 1]
(0, (1, 0, 0), (0, 0)): [421652, 139995, 91244, 45516, 21889, 9885, 4120, 1756, 740, 320, 153, 64, 24, 16, 4, 1, 1, 1]
(0, (1, 0, 0), (0, 1)): [63191, 18945, 12959, 6400, 3098, 1399, 566, 229, 114, 35, 21, 9, 1, 3]
(0, (1, 0, 0), (0, 2)): [24046, 6264, 4374, 2036, 960, 429, 199, 73, 32, 11, 8, 2]
(0, (1, 0, 0), (1, 0)): [55358, 19530, 13836, 7283, 3597, 1649, 690, 296, 113, 57, 33, 10, 2, 5, 2, 0, 1]
(0, (1, 0, 0), (1, 1)): [48469, 15442, 10754, 5497, 2572, 1234, 492, 211, 93, 40, 17, 8, 1, 3, 1]
(0, (1, 0, 0), (1, 2)): [31873, 8814, 6183, 3058, 1412, 646, 277, 111, 54, 17, 4, 3, 0, 0, 1]
(0, (1, 0, 0), (2, 0)): [17227, 6663, 4941, 2756, 1424, 665, 266, 114, 35, 28, 17, 2, 2, 3, 0, 0, 1]
(0, (1, 0, 0), (2, 1)): [23487, 8149, 5786, 3088, 1488, 718, 286, 127, 52, 32, 16, 4, 0, 5, 0, 0, 1]
(0, (1, 0, 0), (2, 2)): [23149, 6969, 4960, 2438, 1193, 501, 239, 100, 47, 22, 10, 3, 0, 2]
(0, (1, 0, 0), (3, 0)): [4435, 2092, 1632, 1096, 574, 264, 109, 43, 15, 12, 6, 1, 1]
(0, (1, 0, 0), (3, 1)): [8419, 3436, 2535, 1606, 786, 398, 160, 69, 25, 16, 10, 1, 1, 2]
(0, (1, 0, 0), (3, 2)): [10852, 4091, 2857, 1605, 796, 357, 173, 74, 35, 17, 7, 2, 0, 1]
(0, (1, 0, 1), (0, 0)): [9923, 30671, 12370, 8914, 4678, 2188, 1031, 412, 206, 86, 45, 18, 8, 3, 2, 0, 0, 1]
(0, (1, 0, 1), (0, 1)): [1508, 4126, 1695, 1251, 632, 305, 145, 42, 26, 11, 5, 1, 3, 1]
(0, (1, 0, 1), (0, 2)): [689, 1468, 594, 431, 202, 104, 44, 12, 6, 1, 1, 1, 1, 1]
(0, (1, 0, 1), (1, 0)): [1290, 4274, 1754, 1324, 734, 370, 146, 69, 38, 17, 12, 1, 0, 1, 1]
(0, (1, 0, 1), (1, 1)): [1189, 3307, 1401, 1012, 543, 243, 106, 46, 30, 12, 7]
(0, (1, 0, 1), (1, 2)): [941, 1948, 826, 569, 296, 133, 59, 22, 12, 4, 2, 1, 1]
(0, (1, 0, 1), (2, 0)): [428, 1443, 604, 473, 270, 154, 59, 24, 11, 9, 5, 1]
(0, (1, 0, 1), (2, 1)): [561, 1705, 731, 551, 290, 153, 59, 26, 17, 10, 5]
(0, (1, 0, 1), (2, 2)): [704, 1518, 652, 471, 242, 123, 54, 25, 4, 5, 3]
(0, (1, 0, 1), (3, 0)): [145, 438, 216, 131, 100, 70, 25, 8, 5, 2, 1, 1]
(0, (1, 0, 1), (3, 1)): [230, 579, 317, 233, 159, 81, 28, 12, 12, 7, 2]
(0, (1, 0, 1), (3, 2)): [349, 757, 409, 267, 173, 91, 33, 17, 9, 10, 4]
(0, (1, 1, 0), (0, 0)): [60129, 38103, 28166, 20633, 10995, 5198, 2230, 1016, 430, 193, 93, 37, 12, 5, 1, 0, 1]
(0, (1, 1, 0), (0, 1)): [10133, 5595, 3853, 2996, 1679, 714, 346, 143, 57, 21, 14, 5, 0, 1, 1, 0, 1]
(0, (1, 1, 0), (0, 2)): [4167, 1932, 1303, 1002, 558, 254, 109, 56, 24, 11, 3]
(0, (1, 1, 0), (1, 0)): [7969, 5252, 4009, 3112, 1645, 847, 349, 148, 64, 28, 17, 6, 3, 2]
(0, (1, 1, 0), (1, 1)): [7469, 4314, 3153, 2501, 1293, 604, 263, 109, 30, 16, 15, 2, 2, 2, 1, 0, 1]
(0, (1, 1, 0), (1, 2)): [5418, 2617, 1811, 1527, 767, 333, 143, 64, 23, 16, 4, 1, 0, 1, 0, 0, 1]
(0, (1, 1, 0), (2, 0)): [2357, 1782, 1381, 1052, 639, 345, 145, 58, 33, 12, 6, 4, 0, 1]
(0, (1, 1, 0), (2, 1)): [3436, 2210, 1700, 1285, 725, 342, 154, 63, 31, 10, 10, 3, 2, 0, 1]
(0, (1, 1, 0), (2, 2)): [3792, 2038, 1499, 1186, 628, 289, 125, 55, 20, 14, 5, 1, 0, 0, 0, 0, 1]
(0, (1, 1, 0), (3, 0)): [546, 576, 487, 353, 254, 141, 56, 23, 12, 6, 2, 2, 0, 1]
(0, (1, 1, 0), (3, 1)): [1208, 946, 775, 592, 390, 219, 92, 31, 18, 8, 5, 1, 2, 0, 1]
(0, (1, 1, 0), (3, 2)): [1765, 1141, 933, 736, 436, 218, 90, 45, 16, 8, 5, 0, 0, 0, 0, 0, 1]
(0, (1, 1, 1), (0, 0)): [5697, 11361, 9135, 6593, 5430, 2739, 1267, 589, 288, 120, 61, 22, 6, 4, 1, 0, 1]
(0, (1, 1, 1), (0, 1)): [1049, 1865, 1485, 985, 847, 438, 188, 89, 53, 20, 8, 5, 2, 1]
(0, (1, 1, 1), (0, 2)): [571, 744, 535, 339, 301, 149, 56, 29, 16, 6, 5, 2, 1]
(0, (1, 1, 1), (1, 0)): [705, 1674, 1368, 968, 840, 454, 194, 73, 46, 20, 9, 3, 0, 1, 0, 0, 1]
(0, (1, 1, 1), (1, 1)): [688, 1472, 1195, 789, 678, 383, 166, 77, 40, 17, 6, 3, 1, 1, 0, 0, 1]
(0, (1, 1, 1), (1, 2)): [639, 1026, 779, 493, 425, 210, 93, 42, 20, 8, 4, 3, 0, 1, 0, 0, 1]
(0, (1, 1, 1), (2, 0)): [206, 492, 461, 346, 314, 170, 60, 27, 15, 9, 3, 2, 0, 1]
(0, (1, 1, 1), (2, 1)): [320, 677, 590, 420, 340, 211, 80, 43, 28, 10, 3, 0, 1]
(0, (1, 1, 1), (2, 2)): [413, 748, 604, 390, 329, 182, 76, 44, 20, 11, 2, 1, 1]
(0, (1, 1, 1), (3, 0)): [41, 137, 125, 123, 93, 61, 27, 14, 4, 4, 2, 1, 0, 1]
(0, (1, 1, 1), (3, 1)): [96, 250, 240, 177, 149, 89, 47, 14, 8, 5, 2, 1, 0, 1]
(0, (1, 1, 1), (3, 2)): [159, 361, 336, 237, 205, 108, 65, 25, 13, 6, 2, 1, 1, 1]
(1, (0, 0, 0), (0, 0)): [1645975, 185113, 75887, 30255, 11884, 4518, 1774, 623, 221, 92, 34, 23, 7, 3, 0, 1]
(1, (0, 0, 0), (0, 1)): [274397, 29091, 11809, 4709, 1872, 704, 275, 102, 28, 11, 4, 5, 0, 1]
(1, (0, 0, 0), (0, 2)): [105649, 9566, 3875, 1437, 573, 212, 66, 27, 3, 4, 1, 3]
(1, (0, 0, 0), (1, 0)): [242653, 31267, 13177, 5377, 2214, 841, 329, 100, 38, 15, 5, 3, 0, 0, 0, 1]
(1, (0, 0, 0), (1, 1)): [235776, 26819, 10972, 4430, 1828, 649, 292, 97, 32, 10, 5, 2, 0, 1]
(1, (0, 0, 0), (1, 2)): [160453, 15466, 6213, 2434, 1019, 362, 143, 42, 14, 7, 1, 2]
(1, (0, 0, 0), (2, 0)): [80871, 11734, 5301, 2252, 932, 380, 142, 44, 14, 8, 2, 2, 0, 0, 0, 1]
(1, (0, 0, 0), (2, 1)): [124538, 15824, 6860, 2764, 1188, 440, 160, 67, 15, 10, 5, 2]
(1, (0, 0, 0), (2, 2)): [130720, 13879, 5891, 2415, 991, 355, 121, 50, 17, 8, 1, 1]
(1, (0, 0, 0), (3, 0)): [23980, 3904, 2174, 964, 371, 171, 76, 17, 10, 4, 1, 1, 0, 0, 0, 1]
(1, (0, 0, 0), (3, 1)): [49699, 7563, 3762, 1620, 692, 267, 101, 36, 10, 4, 3]
(1, (0, 0, 0), (3, 2)): [71815, 9247, 4431, 1877, 804, 291, 99, 43, 11, 7, 3]
(1, (0, 0, 1), (0, 0)): [43985, 63157, 12673, 5563, 2253, 950, 356, 126, 67, 21, 14, 8, 3, 2]
(1, (0, 0, 1), (0, 1)): [6638, 8171, 1684, 693, 241, 125, 54, 13, 4, 1, 3, 1]
(1, (0, 0, 1), (0, 2)): [2902, 2669, 525, 203, 79, 40, 17, 2, 3, 0, 1, 1]
(1, (0, 0, 1), (1, 0)): [7067, 10526, 2223, 1115, 452, 193, 66, 22, 19, 4, 1, 1]
(1, (0, 0, 1), (1, 1)): [6150, 7910, 1631, 743, 271, 118, 45, 13, 6, 3, 1, 1]
(1, (0, 0, 1), (1, 2)): [4643, 4371, 877, 382, 152, 65, 27, 5, 4, 1, 1, 2]
(1, (0, 0, 1), (2, 0)): [2905, 4286, 985, 563, 234, 98, 39, 14, 11, 2, 1]
(1, (0, 0, 1), (2, 1)): [3495, 4710, 1026, 516, 187, 86, 28, 12, 6, 2, 1]
(1, (0, 0, 1), (2, 2)): [4071, 3996, 853, 410, 139, 63, 30, 8, 3, 1, 2, 2]
(1, (0, 0, 1), (3, 0)): [1365, 1741, 447, 308, 136, 55, 20, 7, 4, 0, 1]
(1, (0, 0, 1), (3, 1)): [1533, 2026, 518, 287, 120, 53, 18, 8, 3, 1]
(1, (0, 0, 1), (3, 2)): [2448, 2493, 603, 337, 124, 60, 28, 10, 3, 0, 1]
(1, (0, 1, 0), (0, 0)): [221744, 96167, 35740, 15613, 6340, 2542, 885, 398, 114, 59, 31, 10, 10, 2, 1]
(1, (0, 1, 0), (0, 1)): [33967, 13424, 5007, 2123, 843, 374, 125, 56, 14, 9, 6, 1, 1]
(1, (0, 1, 0), (0, 2)): [13266, 4673, 1674, 660, 246, 122, 39, 16, 4, 3, 1, 1, 1]
(1, (0, 1, 0), (1, 0)): [36880, 15578, 6304, 3151, 1287, 523, 189, 84, 29, 13, 6, 0, 0, 1]
(1, (0, 1, 0), (1, 1)): [31003, 12323, 4808, 2179, 901, 362, 129, 47, 16, 5, 5, 0, 0, 1]
(1, (0, 1, 0), (1, 2)): [20749, 7384, 2703, 1152, 428, 191, 70, 33, 9, 6, 1, 1]
(1, (0, 1, 0), (2, 0)): [15473, 6335, 2747, 1604, 673, 273, 99, 52, 15, 8, 5]
(1, (0, 1, 0), (2, 1)): [18043, 7220, 3033, 1492, 648, 246, 90, 38, 11, 6, 3, 0, 0, 1]
(1, (0, 1, 0), (2, 2)): [18182, 6450, 2539, 1126, 461, 203, 69, 26, 8, 5, 2]
(1, (0, 1, 0), (3, 0)): [6956, 2589, 1223, 881, 388, 153, 59, 27, 9, 4, 2]
(1, (0, 1, 0), (3, 1)): [8410, 3177, 1529, 926, 417, 144, 62, 32, 13, 4, 2, 0, 0, 1]
(1, (0, 1, 0), (3, 2)): [11242, 3968, 1805, 961, 423, 155, 60, 24, 5, 6, 2, 0, 0, 1]
(1, (0, 1, 1), (0, 0)): [34445, 29118, 25023, 10213, 5381, 2100, 850, 342, 152, 47, 15, 7, 2, 2, 0, 1]
(1, (0, 1, 1), (0, 1)): [4661, 3624, 3050, 1251, 570, 193, 102, 44, 13, 1, 3]
(1, (0, 1, 1), (0, 2)): [2179, 1155, 1064, 439, 213, 63, 35, 18, 2, 0, 3]
(1, (0, 1, 1), (1, 0)): [6010, 5538, 4207, 1868, 1183, 464, 184, 72, 28, 13, 1, 1]
(1, (0, 1, 1), (1, 1)): [4011, 3314, 2732, 1117, 552, 187, 86, 36, 14, 5, 0, 1]
(1, (0, 1, 1), (1, 2)): [3254, 1911, 1687, 669, 336, 105, 50, 26, 5, 3, 2, 1]
(1, (0, 1, 1), (2, 0)): [3391, 2972, 2149, 1062, 792, 322, 128, 49, 20, 8, 1]
(1, (0, 1, 1), (2, 1)): [2201, 1874, 1534, 686, 352, 135, 63, 18, 8, 3]
(1, (0, 1, 1), (2, 2)): [2707, 1643, 1460, 611, 314, 90, 49, 17, 5, 1, 1, 1]
(1, (0, 1, 1), (3, 0)): [2452, 1984, 1321, 738, 653, 258, 99, 42, 16, 7, 1]
(1, (0, 1, 1), (3, 1)): [954, 831, 674, 315, 191, 95, 33, 15, 6, 3]
(1, (0, 1, 1), (3, 2)): [1538, 1047, 823, 406, 248, 82, 34, 17, 7, 2, 0, 1]
(1, (1, 0, 0), (0, 0)): [613708, 108198, 71751, 30702, 12586, 4999, 1994, 715, 280, 119, 46, 31, 5, 3, 0, 2]
(1, (1, 0, 0), (0, 1)): [92194, 14651, 9994, 4312, 1734, 690, 280, 99, 28, 14, 8, 4]
(1, (1, 0, 0), (0, 2)): [34720, 4777, 3187, 1308, 517, 234, 96, 27, 8, 4, 4]
(1, (1, 0, 0), (1, 0)): [86962, 16452, 11743, 5303, 2245, 905, 377, 136, 41, 21, 7, 4, 1, 0, 0, 1]
(1, (1, 0, 0), (1, 1)): [74711, 12716, 8899, 3914, 1592, 614, 255, 92, 30, 12, 6, 6, 0, 0, 0, 1]
(1, (1, 0, 0), (1, 2)): [48591, 7144, 4928, 2108, 827, 319, 130, 47, 16, 5, 5, 1]
(1, (1, 0, 0), (2, 0)): [28447, 5839, 4325, 2184, 937, 381, 162, 56, 21, 7, 2, 0, 1]
(1, (1, 0, 0), (2, 1)): [37570, 7044, 4991, 2422, 972, 401, 157, 54, 19, 7, 5, 4, 0, 0, 0, 1]
(1, (1, 0, 0), (2, 2)): [36711, 5927, 4022, 1870, 737, 308, 119, 44, 11, 4, 3, 1]
(1, (1, 0, 0), (3, 0)): [8056, 1921, 1353, 864, 402, 153, 75, 21, 7, 4, 0, 0, 1]
(1, (1, 0, 0), (3, 1)): [14489, 3252, 2272, 1312, 552, 214, 100, 26, 13, 4, 3, 1, 0, 0, 0, 1]
(1, (1, 0, 0), (3, 2)): [18469, 3770, 2450, 1335, 533, 221, 99, 26, 13, 4, 4, 2, 0, 0, 0, 1]
(1, (1, 0, 1), (0, 0)): [50199, 57122, 18259, 12553, 5454, 2260, 896, 350, 121, 71, 21, 7, 1, 1]
(1, (1, 0, 1), (0, 1)): [8083, 7351, 2361, 1641, 723, 307, 114, 32, 20, 8, 3, 0, 1]
(1, (1, 0, 1), (0, 2)): [3548, 2391, 799, 565, 249, 97, 46, 18, 8, 3, 2]
(1, (1, 0, 1), (1, 0)): [7164, 8068, 2749, 1994, 933, 389, 148, 67, 20, 16, 0, 1]
(1, (1, 0, 1), (1, 1)): [6322, 6103, 2047, 1428, 598, 267, 93, 25, 12, 6, 0, 1, 1]
(1, (1, 0, 1), (1, 2)): [4636, 3413, 1199, 830, 342, 145, 48, 25, 8, 3, 2]
(1, (1, 0, 1), (2, 0)): [2449, 2685, 982, 732, 397, 165, 60, 33, 6, 7]
(1, (1, 0, 1), (2, 1)): [3136, 3131, 1064, 788, 384, 152, 64, 20, 9, 6, 0, 1]
(1, (1, 0, 1), (2, 2)): [3391, 2597, 987, 678, 326, 112, 51, 19, 9, 3, 1]
(1, (1, 0, 1), (3, 0)): [827, 879, 349, 254, 160, 74, 22, 9, 1, 3]
(1, (1, 0, 1), (3, 1)): [1186, 1224, 497, 348, 191, 90, 28, 13, 2, 3, 0, 1]
(1, (1, 0, 1), (3, 2)): [1669, 1464, 620, 419, 241, 93, 35, 12, 7, 2, 0, 1]
(1, (1, 1, 0), (0, 0)): [173426, 52538, 34882, 25688, 10806, 4499, 1763, 708, 268, 111, 42, 25, 9, 5, 1]
(1, (1, 1, 0), (0, 1)): [28665, 7563, 4773, 3734, 1581, 651, 233, 105, 39, 13, 8, 4]
(1, (1, 1, 0), (0, 2)): [11580, 2686, 1611, 1263, 522, 209, 59, 33, 12, 1, 2]
(1, (1, 1, 0), (1, 0)): [24692, 8026, 5407, 4222, 1837, 759, 354, 118, 33, 21, 9, 4, 2, 1]
(1, (1, 1, 0), (1, 1)): [22634, 6475, 4275, 3304, 1425, 569, 232, 97, 27, 21, 8, 4]
(1, (1, 1, 0), (1, 2)): [16030, 3927, 2439, 1901, 813, 268, 91, 57, 16, 4, 6, 2]
(1, (1, 1, 0), (2, 0)): [7927, 2968, 1950, 1510, 761, 344, 159, 49, 16, 8, 5, 2, 2, 1]
(1, (1, 1, 0), (2, 1)): [11221, 3568, 2420, 1871, 867, 394, 171, 50, 20, 9, 7, 2, 1]
(1, (1, 1, 0), (2, 2)): [12098, 3268, 2056, 1602, 773, 285, 111, 49, 15, 6, 3, 2]
(1, (1, 1, 0), (3, 0)): [2041, 1092, 703, 454, 308, 140, 66, 25, 4, 4, 1, 2, 1]
(1, (1, 1, 0), (3, 1)): [4104, 1744, 1186, 867, 478, 227, 91, 31, 11, 6, 4, 2, 1]
(1, (1, 1, 0), (3, 2)): [5925, 2067, 1394, 1007, 571, 208, 85, 33, 11, 6, 2, 1, 1]
(1, (1, 1, 1), (0, 0)): [35540, 28524, 17878, 11561, 8901, 3762, 1548, 581, 235, 85, 29, 21, 9, 4, 1, 1]
(1, (1, 1, 1), (0, 1)): [6303, 4330, 2650, 1706, 1359, 543, 235, 85, 38, 11, 3, 1, 0, 1]
(1, (1, 1, 1), (0, 2)): [2982, 1490, 945, 616, 456, 157, 79, 24, 6, 6, 2, 0, 0, 1]
(1, (1, 1, 1), (1, 0)): [4702, 4323, 2656, 1699, 1470, 640, 290, 104, 36, 11, 5, 6, 2]
(1, (1, 1, 1), (1, 1)): [4630, 3578, 2221, 1433, 1154, 474, 223, 81, 34, 7, 3, 3]
(1, (1, 1, 1), (1, 2)): [3720, 2072, 1381, 875, 676, 276, 118, 43, 16, 6, 1, 3, 0, 1]
(1, (1, 1, 1), (2, 0)): [1231, 1446, 921, 580, 538, 267, 114, 45, 11, 4, 2, 3, 1]
(1, (1, 1, 1), (2, 1)): [1978, 1914, 1136, 739, 602, 287, 131, 45, 15, 4, 3, 2]
(1, (1, 1, 1), (2, 2)): [2497, 1714, 1108, 722, 562, 240, 114, 40, 14, 8, 1, 3, 0, 1]
(1, (1, 1, 1), (3, 0)): [203, 439, 313, 205, 169, 91, 42, 19, 4, 2, 0, 1, 1]
(1, (1, 1, 1), (3, 1)): [521, 814, 527, 330, 282, 151, 53, 24, 9, 2, 2, 1, 1]
(1, (1, 1, 1), (3, 2)): [964, 1024, 648, 437, 342, 174, 75, 30, 8, 3, 2, 1, 0, 1]
(2, (0, 0, 0), (0, 0)): [1436898, 68514, 22922, 7290, 2452, 784, 268, 89, 18, 8, 4, 0, 1]
(2, (0, 0, 0), (0, 1)): [237703, 10078, 3376, 1071, 388, 112, 43, 13, 3]
(2, (0, 0, 0), (0, 2)): [90653, 2703, 941, 292, 112, 27, 3, 5]
(2, (0, 0, 0), (1, 0)): [219821, 12947, 4537, 1378, 496, 141, 53, 14, 6, 0, 0, 0, 1]
(2, (0, 0, 0), (1, 1)): [209119, 10113, 3503, 1065, 398, 121, 50, 9, 5]
(2, (0, 0, 0), (1, 2)): [139414, 4817, 1702, 552, 189, 61, 21, 7, 1]
(2, (0, 0, 0), (2, 0)): [77158, 5141, 2130, 620, 222, 64, 23, 7, 3, 0, 0, 0, 1]
(2, (0, 0, 0), (2, 1)): [115381, 6525, 2529, 708, 259, 73, 30, 7, 5]
(2, (0, 0, 0), (2, 2)): [118614, 4961, 1898, 564, 195, 64, 23, 7, 1]
(2, (0, 0, 0), (3, 0)): [24237, 1716, 974, 288, 102, 34, 10, 4, 0, 0, 0, 0, 1]
(2, (0, 0, 0), (3, 1)): [48562, 3279, 1600, 492, 152, 45, 13, 6, 3]
(2, (0, 0, 0), (3, 2)): [69078, 3752, 1745, 514, 173, 58, 20, 6, 2]
(2, (0, 0, 1), (0, 0)): [133834, 38890, 8409, 2869, 1035, 361, 97, 33, 8, 5, 0, 2]
(2, (0, 0, 1), (0, 1)): [21144, 5030, 1118, 367, 127, 49, 13, 4, 1, 2]
(2, (0, 0, 1), (0, 2)): [8382, 1512, 335, 107, 38, 13, 4, 0, 0, 1]
(2, (0, 0, 1), (1, 0)): [23821, 6563, 1701, 648, 251, 81, 24, 9, 2, 1, 0, 1]
(2, (0, 0, 1), (1, 1)): [19843, 4903, 1128, 419, 149, 55, 10, 5, 1, 1]
(2, (0, 0, 1), (1, 2)): [13489, 2555, 551, 183, 79, 29, 7, 2, 0, 1]
(2, (0, 0, 1), (2, 0)): [10388, 2789, 822, 369, 145, 45, 16, 5, 1, 1, 0, 1]
(2, (0, 0, 1), (2, 1)): [12016, 3108, 837, 337, 123, 35, 9, 6, 0, 2]
(2, (0, 0, 1), (2, 2)): [12400, 2517, 654, 228, 92, 34, 6, 3]
(2, (0, 0, 1), (3, 0)): [4958, 1143, 402, 230, 82, 29, 11, 1, 1, 0, 0, 1]
(2, (0, 0, 1), (3, 1)): [5658, 1477, 455, 244, 82, 24, 9, 3, 0, 1]
(2, (0, 0, 1), (3, 2)): [7915, 1733, 521, 235, 92, 24, 8, 3, 0, 1]
(2, (0, 1, 0), (0, 0)): [354047, 73203, 20703, 7383, 2521, 828, 254, 76, 18, 12, 7, 0, 1]
(2, (0, 1, 0), (0, 1)): [54571, 9567, 2685, 864, 327, 94, 30, 8, 4, 3, 1]
(2, (0, 1, 0), (0, 2)): [21600, 2856, 802, 236, 89, 18, 8, 1, 1, 1]
(2, (0, 1, 0), (1, 0)): [62588, 12374, 4205, 1755, 576, 191, 69, 23, 1, 1, 0, 0, 1]
(2, (0, 1, 0), (1, 1)): [50887, 9249, 2792, 988, 355, 105, 43, 13, 3, 2, 1]
(2, (0, 1, 0), (1, 2)): [34334, 4847, 1333, 475, 164, 36, 21, 7, 0, 1]
(2, (0, 1, 0), (2, 0)): [28215, 5315, 2040, 1045, 359, 117, 33, 13, 1, 1, 0, 0, 1]
(2, (0, 1, 0), (2, 1)): [30450, 5766, 1977, 748, 277, 81, 26, 6, 2, 2, 1, 0, 1]
(2, (0, 1, 0), (2, 2)): [30960, 4704, 1397, 540, 200, 46, 26, 8, 0, 2]
(2, (0, 1, 0), (3, 0)): [14394, 2311, 1027, 708, 227, 76, 24, 12, 1, 1]
(2, (0, 1, 0), (3, 1)): [14206, 2702, 1092, 543, 192, 60, 18, 5, 2, 1, 1, 0, 1]
(2, (0, 1, 0), (3, 2)): [19555, 3112, 1131, 586, 198, 51, 31, 8, 0, 1, 0, 0, 1]
(2, (0, 1, 1), (0, 0)): [81463, 6833, 17040, 4970, 1975, 645, 216, 68, 23, 6, 4, 1, 0, 1]
(2, (0, 1, 1), (0, 1)): [12770, 817, 2211, 637, 221, 79, 20, 9, 1, 1]
(2, (0, 1, 1), (0, 2)): [5398, 277, 693, 199, 77, 23, 6, 2, 0, 1]
(2, (0, 1, 1), (1, 0)): [14971, 1442, 2880, 1063, 490, 172, 53, 16, 4, 0, 2]
(2, (0, 1, 1), (1, 1)): [11640, 810, 2109, 666, 246, 96, 23, 10, 3]
(2, (0, 1, 1), (1, 2)): [8643, 473, 1191, 344, 135, 44, 9, 3, 0, 1]
(2, (0, 1, 1), (2, 0)): [7261, 819, 1311, 562, 320, 104, 32, 11, 1, 0, 2]
(2, (0, 1, 1), (2, 1)): [6862, 550, 1299, 445, 203, 72, 17, 6, 3, 0, 1]
(2, (0, 1, 1), (2, 2)): [7706, 513, 1109, 364, 144, 59, 9, 4, 2]
(2, (0, 1, 1), (3, 0)): [4253, 562, 670, 331, 219, 77, 22, 10, 0, 0, 1]
(2, (0, 1, 1), (3, 1)): [3261, 304, 596, 239, 134, 47, 15, 7, 1, 0, 1]
(2, (0, 1, 1), (3, 2)): [4880, 413, 764, 285, 140, 62, 9, 7, 3]
(2, (1, 0, 0), (0, 0)): [742646, 53832, 36590, 11647, 3899, 1234, 472, 133, 35, 15, 6, 1, 1]
(2, (1, 0, 0), (0, 1)): [111109, 6876, 4720, 1542, 524, 179, 68, 26, 10, 1, 0, 1]
(2, (1, 0, 0), (0, 2)): [41681, 1856, 1222, 434, 144, 36, 20, 5, 4]
(2, (1, 0, 0), (1, 0)): [107645, 8990, 6445, 2189, 794, 225, 97, 22, 7, 2, 0, 0, 1]
(2, (1, 0, 0), (1, 1)): [92955, 6322, 4447, 1475, 507, 165, 61, 19, 7, 1]
(2, (1, 0, 0), (1, 2)): [60150, 3013, 1990, 733, 244, 68, 25, 7, 4]
(2, (1, 0, 0), (2, 0)): [36322, 3521, 2424, 1001, 362, 104, 44, 14, 5, 2, 0, 0, 1]
(2, (1, 0, 0), (2, 1)): [48609, 3850, 2723, 1002, 344, 109, 46, 12, 4, 0, 0, 0, 1]
(2, (1, 0, 0), (2, 2)): [47232, 2934, 1900, 707, 249, 74, 34, 6, 4]
(2, (1, 0, 0), (3, 0)): [10763, 1323, 785, 460, 161, 46, 17, 6, 3, 2]
(2, (1, 0, 0), (3, 1)): [19706, 2032, 1336, 666, 195, 64, 23, 7, 2, 1, 0, 0, 1]
(2, (1, 0, 0), (3, 2)): [25141, 2178, 1368, 637, 203, 72, 26, 10, 1, 1, 0, 0, 1]
(2, (1, 0, 1), (0, 0)): [131616, 30605, 12068, 7816, 2603, 848, 289, 85, 30, 10, 2, 4, 1]
(2, (1, 0, 1), (0, 1)): [21426, 4124, 1565, 1056, 373, 123, 43, 6, 4, 1, 1, 1]
(2, (1, 0, 1), (0, 2)): [8638, 1231, 455, 286, 109, 30, 10, 1, 1]
(2, (1, 0, 1), (1, 0)): [20634, 4579, 2090, 1491, 559, 151, 56, 15, 1, 2, 0, 1]
(2, (1, 0, 1), (1, 1)): [17997, 3575, 1529, 1008, 404, 117, 43, 10, 3, 2, 1, 2]
(2, (1, 0, 1), (1, 2)): [12279, 1854, 785, 476, 192, 61, 25, 3, 3, 0, 0, 1]
(2, (1, 0, 1), (2, 0)): [7417, 1622, 862, 599, 245, 71, 25, 8, 1]
(2, (1, 0, 1), (2, 1)): [9759, 1949, 942, 600, 292, 83, 23, 8, 0, 1, 0, 1]
(2, (1, 0, 1), (2, 2)): [9672, 1503, 729, 437, 183, 67, 24, 3, 3, 0, 0, 1]
(2, (1, 0, 1), (3, 0)): [2496, 501, 351, 227, 100, 27, 15, 3, 1]
(2, (1, 0, 1), (3, 1)): [4210, 788, 485, 306, 184, 36, 21, 4, 1, 1]
(2, (1, 0, 1), (3, 2)): [5434, 806, 560, 315, 179, 53, 16, 4, 3]
(2, (1, 1, 0), (0, 0)): [296219, 44723, 22504, 15927, 5245, 1677, 568, 186, 61, 27, 9, 2, 2, 1]
(2, (1, 1, 0), (0, 1)): [47906, 6088, 2929, 2191, 679, 211, 76, 30, 5, 4, 2, 1, 1]
(2, (1, 1, 0), (0, 2)): [19677, 1803, 860, 626, 208, 61, 21, 10, 2, 1]
(2, (1, 1, 0), (1, 0)): [43646, 6660, 3789, 2835, 1056, 313, 119, 30, 14, 4, 1]
(2, (1, 1, 0), (1, 1)): [40160, 5428, 2847, 2101, 658, 213, 72, 27, 9, 4, 2, 1, 1]
(2, (1, 1, 0), (1, 2)): [28519, 2844, 1493, 1003, 312, 110, 29, 17, 6, 1, 1]
(2, (1, 1, 0), (2, 0)): [15019, 2346, 1526, 1111, 536, 150, 60, 13, 6, 3]
(2, (1, 1, 0), (2, 1)): [21110, 2981, 1771, 1307, 523, 138, 57, 17, 6, 3, 0, 0, 1]
(2, (1, 1, 0), (2, 2)): [22601, 2458, 1442, 972, 367, 108, 40, 17, 10, 1, 1]
(2, (1, 1, 0), (3, 0)): [4839, 732, 621, 378, 264, 84, 27, 5, 3, 2]
(2, (1, 1, 0), (3, 1)): [8995, 1293, 996, 661, 369, 97, 35, 6, 3, 1, 0, 0, 1]
(2, (1, 1, 0), (3, 2)): [12593, 1512, 1171, 726, 385, 89, 35, 12, 7, 1, 1]
(2, (1, 1, 1), (0, 0)): [87492, 12710, 14542, 7314, 5567, 1718, 581, 191, 65, 14, 9, 4, 1, 1]
(2, (1, 1, 1), (0, 1)): [15892, 1677, 2071, 1073, 815, 246, 88, 23, 11, 1, 3, 0, 1]
(2, (1, 1, 1), (0, 2)): [6965, 529, 602, 322, 217, 72, 28, 6, 2, 0, 2]
(2, (1, 1, 1), (1, 0)): [12306, 2731, 2314, 1310, 1054, 332, 110, 38, 12, 4, 1, 2]
(2, (1, 1, 1), (1, 1)): [12542, 1784, 1905, 1046, 789, 242, 77, 22, 9, 2, 1, 0, 1]
(2, (1, 1, 1), (1, 2)): [9723, 928, 994, 501, 386, 127, 39, 11, 3, 1, 2]
(2, (1, 1, 1), (2, 0)): [3455, 1572, 801, 523, 422, 134, 47, 15, 4, 3, 0, 2]
(2, (1, 1, 1), (2, 1)): [5702, 1468, 1060, 681, 499, 176, 52, 9, 5, 1, 0, 0, 1]
(2, (1, 1, 1), (2, 2)): [6908, 1093, 891, 527, 378, 142, 40, 9, 4, 2, 2]
(2, (1, 1, 1), (3, 0)): [583, 962, 227, 222, 133, 60, 28, 10, 2, 3, 0, 1]
(2, (1, 1, 1), (3, 1)): [1649, 1218, 416, 378, 271, 96, 38, 7, 2, 3, 0, 1]
(2, (1, 1, 1), (3, 2)): [2941, 1234, 545, 469, 296, 119, 43, 9, 3, 2, 2]
