(0, (0, 0, 0)): [882850, 170451, 77066, 34384, 14896, 6184, 2484, 1011, 383, 162, 64, 26, 10, 4, 1]
(0, (0, 0, 1)): [3587, 9504, 2513, 1218, 558, 220, 96, 31, 9, 9, 5, 2, 0, 1]
(0, (0, 1, 0)): [33879, 29128, 11452, 5522, 2546, 1071, 448, 196, 73, 37, 10, 1, 1, 2, 1]
(0, (0, 1, 1)): [2778, 4239, 4852, 2286, 1181, 550, 228, 100, 48, 25, 4, 1, 2]
(0, (1, 0, 0)): [183261, 57874, 36938, 17872, 8299, 3655, 1461, 627, 251, 110, 44, 16, 8, 1, 1]
(0, (1, 0, 1)): [4863, 12799, 5128, 3545, 1803, 816, 365, 142, 73, 27, 17, 5, 1, 1, 1]
(0, (1, 1, 0)): [25788, 15041, 10877, 7875, 4061, 1914, 768, 356, 143, 68, 25, 10, 3, 2]
(0, (1, 1, 1)): [2779, 4046, 3485, 2454, 1955, 995, 439, 204, 90, 43, 13, 4, 3, 1]
(1, (0, 0, 0)): [724957, 76777, 31017, 12112, 4532, 1644, 654, 220, 78, 29, 13, 5, 2, 1]
(1, (0, 0, 1)): [19371, 25458, 5036, 2133, 856, 341, 122, 36, 13, 6, 4, 1, 1]
(1, (0, 1, 0)): [97797, 38949, 14493, 6292, 2463, 937, 302, 142, 47, 14, 11, 2, 3]
(1, (0, 1, 1)): [15013, 11194, 9487, 3752, 2011, 767, 298, 115, 45, 20, 3, 3, 1]
(1, (1, 0, 0)): [262345, 43846, 28928, 11925, 4766, 1799, 735, 247, 92, 37, 11, 6, 2, 1]
(1, (1, 0, 1)): [22337, 22892, 7210, 4947, 2125, 809, 350, 120, 31, 19, 3, 3]
(1, (1, 1, 0)): [73798, 20871, 13572, 10025, 3981, 1579, 609, 261, 104, 30, 7, 5, 4, 1]
(1, (1, 1, 1)): [15682, 10504, 6967, 4366, 3200, 1327, 527, 199, 81, 29, 5, 4, 3, 1]
(2, (0, 0, 0)): [633388, 28567, 9378, 2987, 923, 278, 95, 27, 3, 4, 3]
(2, (0, 0, 1)): [55217, 15572, 3323, 1091, 384, 118, 26, 12, 4]
(2, (0, 1, 0)): [150639, 29357, 8405, 2945, 971, 319, 86, 32, 8, 7, 5]
(2, (0, 1, 1)): [32697, 2532, 6539, 1786, 723, 224, 75, 17, 7, 0, 1]
(2, (1, 0, 0)): [314724, 21424, 14896, 4670, 1440, 463, 173, 45, 5, 5, 3]
(2, (1, 0, 1)): [56206, 12289, 4629, 2945, 992, 310, 96, 33, 11, 5, 0, 1]
(2, (1, 1, 0)): [125427, 17903, 8783, 6384, 2016, 624, 222, 73, 19, 10, 3, 1]
(2, (1, 1, 1)): [35921, 4504, 5798, 2676, 2047, 615, 216, 68, 17, 3, 2, 1]
