(0, (0, 0, 0)): [28563, 5070, 2295, 1051, 462, 191, 80, 35, 8, 7, 1]
(0, (0, 0, 1)): [111, 287, 82, 29, 17, 7, 3]
(0, (0, 1, 0)): [1050, 851, 346, 173, 77, 37, 19, 7, 1, 2]
(0, (0, 1, 1)): [83, 130, 146, 78, 26, 22, 9, 3]
(0, (1, 0, 0)): [5713, 1888, 1115, 569, 262, 121, 54, 21, 4, 5, 1]
(0, (1, 0, 1)): [149, 410, 173, 115, 56, 25, 9, 6, 2, 1]
(0, (1, 1, 0)): [781, 522, 364, 265, 131, 70, 30, 7, 1, 4]
(0, (1, 1, 1)): [75, 152, 117, 94, 72, 44, 8, 3, 2, 2]
(1, (0, 0, 0)): [21829, 2250, 918, 367, 136, 48, 15, 8, 3, 2]
(1, (0, 0, 1)): [606, 713, 147, 56, 23, 12, 10, 1]
(1, (0, 1, 0)): [3043, 1234, 431, 180, 80, 26, 11, 5, 2, 1]
(1, (0, 1, 1)): [417, 348, 291, 124, 59, 24, 10, 3, 2, 2]
(1, (1, 0, 0)): [8202, 1376, 858, 352, 150, 56, 17, 9, 4, 2]
(1, (1, 0, 1)): [666, 716, 256, 165, 59, 26, 15, 7, 1]
(1, (1, 1, 0)): [2407, 726, 439, 296, 140, 50, 24, 5, 3, 1]
(1, (1, 1, 1)): [499, 408, 267, 157, 107, 47, 17, 3, 2, 2]
(2, (0, 0, 0)): [18774, 822, 269, 98, 25, 12, 1, 1]
(2, (0, 0, 1)): [1593, 446, 85, 38, 12, 5, 1, 1]
(2, (0, 1, 0)): [4665, 907, 243, 96, 35, 11, 1, 1]
(2, (0, 1, 1)): [959, 76, 211, 55, 26, 5, 3]
(2, (1, 0, 0)): [9557, 686, 444, 152, 42, 17, 2, 2]
(2, (1, 0, 1)): [1710, 393, 121, 76, 30, 11, 2, 3]
(2, (1, 1, 0)): [4110, 589, 296, 203, 59, 26, 10, 3]
(2, (1, 1, 1)): [1101, 148, 200, 102, 79, 19, 3, 1, 0, 1]
