(0, (0, 0, 0), (0, 0)): [34391, 6582, 3023, 1314, 596, 213, 86, 41, 14, 4, 1, 1]
(0, (0, 0, 0), (0, 1)): [18262, 3200, 1474, 638, 309, 93, 36, 18, 6, 1]
(0, (0, 0, 0), (0, 2)): [7476, 1104, 505, 216, 98, 31, 10, 6]
(0, (0, 0, 0), (1, 0)): [12884, 2618, 1230, 542, 242, 98, 37, 20, 8, 3, 1]
(0, (0, 0, 0), (1, 1)): [14125, 2664, 1243, 561, 251, 88, 41, 15, 9, 2, 1]
(0, (0, 0, 0), (1, 2)): [10657, 1701, 806, 311, 138, 53, 22, 10, 2]
(0, (0, 0, 0), (2, 0)): [4052, 855, 455, 179, 95, 35, 13, 9, 5, 1]
(0, (0, 0, 0), (2, 1)): [6826, 1373, 681, 311, 153, 46, 22, 7, 6, 2]
(0, (0, 0, 0), (2, 2)): [8257, 1406, 691, 296, 127, 50, 22, 12, 5]
(0, (0, 0, 0), (3, 0)): [1133, 267, 174, 75, 28, 15, 4, 4, 2, 1]
(0, (0, 0, 0), (3, 1)): [2549, 562, 305, 147, 67, 30, 7, 6, 3, 1]
(0, (0, 0, 0), (3, 2)): [4288, 858, 435, 186, 92, 36, 14, 9, 5]
(0, (0, 0, 1), (0, 0)): [94, 269, 55, 41, 17, 6, 4, 1]
(0, (0, 0, 1), (0, 1)): [40, 127, 25, 19, 5, 0, 2, 1]
(0, (0, 0, 1), (0, 2)): [24, 48, 11, 5, 3, 0, 1, 1]
(0, (0, 0, 1), (1, 0)): [47, 117, 21, 19, 9, 4, 2]
(0, (0, 0, 1), (1, 1)): [34, 109, 20, 20, 5, 1, 1]
(0, (0, 0, 1), (1, 2)): [34, 71, 17, 9, 6, 1, 0, 1]
(0, (0, 0, 1), (2, 0)): [23, 40, 10, 9, 4, 3, 1]
(0, (0, 0, 1), (2, 1)): [21, 49, 13, 18, 2, 1, 1]
(0, (0, 0, 1), (2, 2)): [29, 65, 21, 16, 5, 2]
(0, (0, 0, 1), (3, 0)): [8, 14, 1, 3, 1, 2]
(0, (0, 0, 1), (3, 1)): [14, 22, 2, 6, 1, 2, 1]
(0, (0, 0, 1), (3, 2)): [16, 40, 8, 13, 3, 2]
(0, (0, 1, 0), (0, 0)): [1371, 1135, 459, 246, 102, 51, 22, 8, 3, 2]
(0, (0, 1, 0), (0, 1)): [654, 514, 209, 103, 38, 20, 6, 5, 2]
(0, (0, 1, 0), (0, 2)): [290, 166, 81, 32, 19, 7, 2, 1, 2]
(0, (0, 1, 0), (1, 0)): [537, 429, 183, 101, 49, 28, 13, 3, 1, 1]
(0, (0, 1, 0), (1, 1)): [493, 393, 156, 91, 34, 21, 9, 4]
(0, (0, 1, 0), (1, 2)): [375, 262, 118, 59, 24, 14, 7, 1, 2]
(0, (0, 1, 0), (2, 0)): [200, 141, 74, 39, 21, 11, 3, 2, 0, 1]
(0, (0, 1, 0), (2, 1)): [272, 190, 93, 43, 26, 8, 6, 4]
(0, (0, 1, 0), (2, 2)): [331, 218, 102, 48, 22, 10, 5, 0, 2]
(0, (0, 1, 0), (3, 0)): [72, 40, 29, 15, 4, 5, 1, 0, 0, 1]
(0, (0, 1, 0), (3, 1)): [132, 69, 40, 27, 11, 4, 2, 3, 0, 1]
(0, (0, 1, 0), (3, 2)): [191, 110, 61, 33, 16, 4, 2, 2, 1, 1]
(0, (0, 1, 1), (0, 0)): [83, 153, 201, 89, 43, 23, 9, 2, 2, 0, 1]
(0, (0, 1, 1), (0, 1)): [37, 76, 83, 36, 24, 8, 4, 1]
(0, (0, 1, 1), (0, 2)): [17, 30, 28, 14, 7, 3, 1]
(0, (0, 1, 1), (1, 0)): [40, 63, 84, 40, 15, 15, 3, 1, 1, 0, 1]
(0, (0, 1, 1), (1, 1)): [32, 52, 82, 29, 21, 10, 1, 1, 0, 0, 1]
(0, (0, 1, 1), (1, 2)): [18, 32, 55, 22, 13, 4, 1, 1]
(0, (0, 1, 1), (2, 0)): [13, 31, 24, 20, 7, 6, 1, 0, 1]
(0, (0, 1, 1), (2, 1)): [19, 28, 41, 19, 11, 7, 1]
(0, (0, 1, 1), (2, 2)): [15, 27, 54, 23, 15, 5, 1]
(0, (0, 1, 1), (3, 0)): [10, 12, 8, 10, 3, 0, 0, 0, 1]
(0, (0, 1, 1), (3, 1)): [9, 11, 16, 7, 3, 3, 1]
(0, (0, 1, 1), (3, 2)): [8, 22, 23, 13, 3, 0, 1]
(0, (1, 0, 0), (0, 0)): [6753, 1849, 1378, 647, 312, 116, 51, 24, 7, 3, 1, 1]
(0, (1, 0, 0), (0, 1)): [3322, 804, 609, 296, 107, 47, 23, 8, 3, 2, 0, 1]
(0, (1, 0, 0), (0, 2)): [1395, 287, 209, 103, 31, 11, 3, 6, 1]
(0, (1, 0, 0), (1, 0)): [2425, 783, 554, 255, 152, 46, 20, 12, 2, 1, 1]
(0, (1, 0, 0), (1, 1)): [2316, 644, 484, 223, 108, 35, 23, 5, 3, 0, 0, 1]
(0, (1, 0, 0), (1, 2)): [1684, 412, 301, 138, 62, 17, 9, 5, 2, 0, 0, 1]
(0, (1, 0, 0), (2, 0)): [742, 272, 194, 94, 59, 18, 10, 6, 1, 1, 1]
(0, (1, 0, 0), (2, 1)): [1104, 332, 238, 103, 63, 19, 13, 5, 2, 0, 1]
(0, (1, 0, 0), (2, 2)): [1248, 329, 218, 106, 55, 12, 6, 1, 1]
(0, (1, 0, 0), (3, 0)): [185, 96, 60, 37, 19, 6, 6, 2, 0, 1]
(0, (1, 0, 0), (3, 1)): [367, 158, 96, 52, 29, 9, 7, 5, 1]
(0, (1, 0, 0), (3, 2)): [598, 202, 127, 70, 39, 6, 6, 3]
(0, (1, 0, 1), (0, 0)): [157, 404, 165, 132, 64, 36, 16, 6, 2, 4]
(0, (1, 0, 1), (0, 1)): [91, 172, 71, 62, 25, 16, 4, 2, 2, 2]
(0, (1, 0, 1), (0, 2)): [51, 65, 30, 27, 9, 6, 3, 1, 1]
(0, (1, 0, 1), (1, 0)): [52, 169, 69, 52, 32, 12, 8, 2, 0, 2]
(0, (1, 0, 1), (1, 1)): [55, 138, 48, 42, 22, 7, 2, 2, 1, 2]
(0, (1, 0, 1), (1, 2)): [58, 83, 29, 33, 17, 4, 2, 2, 2]
(0, (1, 0, 1), (2, 0)): [17, 51, 23, 21, 13, 6, 4, 0, 0, 1]
(0, (1, 0, 1), (2, 1)): [19, 63, 24, 23, 15, 5, 2, 0, 0, 2]
(0, (1, 0, 1), (2, 2)): [35, 58, 28, 26, 11, 2, 1, 0, 2, 1]
(0, (1, 0, 1), (3, 0)): [10, 13, 9, 6, 2, 1, 1]
(0, (1, 0, 1), (3, 1)): [8, 22, 10, 9, 4, 1, 2, 0, 0, 1]
(0, (1, 0, 1), (3, 2)): [12, 41, 12, 14, 7, 2, 1, 0, 2]
(0, (1, 1, 0), (0, 0)): [1078, 570, 409, 291, 158, 60, 30, 17, 8, 0, 0, 1]
(0, (1, 1, 0), (0, 1)): [538, 246, 186, 127, 63, 26, 15, 8, 4]
(0, (1, 1, 0), (0, 2)): [238, 86, 69, 54, 28, 7, 1, 3, 1]
(0, (1, 1, 0), (1, 0)): [382, 231, 154, 115, 77, 21, 12, 8, 2]
(0, (1, 1, 0), (1, 1)): [376, 214, 133, 94, 56, 19, 16, 6, 3]
(0, (1, 1, 0), (1, 2)): [309, 111, 81, 65, 34, 9, 6, 4, 1]
(0, (1, 1, 0), (2, 0)): [102, 75, 57, 45, 32, 8, 6, 4]
(0, (1, 1, 0), (2, 1)): [165, 115, 74, 55, 34, 13, 11, 4, 3]
(0, (1, 1, 0), (2, 2)): [227, 90, 70, 44, 28, 11, 6, 6, 2]
(0, (1, 1, 0), (3, 0)): [12, 20, 16, 14, 16, 3, 3, 2]
(0, (1, 1, 0), (3, 1)): [44, 36, 24, 30, 20, 7, 5, 0, 1]
(0, (1, 1, 0), (3, 2)): [92, 54, 38, 39, 23, 7, 7, 3, 1]
(0, (1, 1, 1), (0, 0)): [123, 166, 138, 83, 65, 28, 20, 11, 8]
(0, (1, 1, 1), (0, 1)): [70, 67, 63, 38, 26, 13, 9, 4, 2]
(0, (1, 1, 1), (0, 2)): [34, 26, 25, 14, 7, 4, 4, 1]
(0, (1, 1, 1), (1, 0)): [40, 64, 54, 32, 26, 13, 10, 4, 3]
(0, (1, 1, 1), (1, 1)): [47, 55, 45, 19, 25, 9, 8, 3, 3]
(0, (1, 1, 1), (1, 2)): [44, 38, 33, 13, 17, 3, 3, 2, 2]
(0, (1, 1, 1), (2, 0)): [8, 16, 19, 16, 9, 4, 4, 1, 1]
(0, (1, 1, 1), (2, 1)): [21, 22, 22, 14, 15, 6, 5, 1, 2]
(0, (1, 1, 1), (2, 2)): [34, 33, 22, 10, 11, 4, 5, 1, 2]
(0, (1, 1, 1), (3, 0)): [1, 3, 6, 3, 3, 1, 2, 1]
(0, (1, 1, 1), (3, 1)): [6, 4, 12, 8, 5, 1, 2, 2, 1]
(0, (1, 1, 1), (3, 2)): [10, 15, 12, 4, 11, 1, 2, 0, 2]
(1, (0, 0, 0), (0, 0)): [28409, 3024, 1208, 461, 182, 55, 15, 6, 2]
(1, (0, 0, 0), (0, 1)): [14759, 1420, 541, 213, 89, 36, 4, 1, 2]
(1, (0, 0, 0), (0, 2)): [6191, 481, 196, 57, 28, 13, 1]
(1, (0, 0, 0), (1, 0)): [10969, 1286, 553, 202, 69, 16, 9, 3]
(1, (0, 0, 0), (1, 1)): [11704, 1238, 501, 198, 67, 22, 9, 2, 2]
(1, (0, 0, 0), (1, 2)): [8853, 748, 314, 92, 42, 11, 0, 1]
(1, (0, 0, 0), (2, 0)): [3517, 454, 221, 91, 23, 7, 0, 2]
(1, (0, 0, 0), (2, 1)): [5734, 708, 289, 120, 30, 15, 6, 2, 1]
(1, (0, 0, 0), (2, 2)): [7015, 671, 278, 104, 33, 9, 2, 2, 1]
(1, (0, 0, 0), (3, 0)): [985, 138, 89, 40, 11, 2, 0, 1]
(1, (0, 0, 0), (3, 1)): [2117, 312, 161, 67, 20, 9, 2, 1]
(1, (0, 0, 0), (3, 2)): [3691, 407, 219, 81, 20, 9, 1, 3]
(1, (0, 0, 1), (0, 0)): [655, 890, 193, 83, 28, 8, 2]
(1, (0, 0, 1), (0, 1)): [329, 371, 70, 22, 9, 1, 1]
(1, (0, 0, 1), (0, 2)): [154, 126, 22, 7, 4]
(1, (0, 0, 1), (1, 0)): [276, 396, 96, 49, 12, 7, 1]
(1, (0, 0, 1), (1, 1)): [246, 322, 66, 30, 8, 4, 1]
(1, (0, 0, 1), (1, 2)): [200, 196, 33, 14, 5, 3, 1]
(1, (0, 0, 1), (2, 0)): [124, 158, 40, 21, 5, 2]
(1, (0, 0, 1), (2, 1)): [140, 174, 47, 20, 7, 1]
(1, (0, 0, 1), (2, 2)): [177, 177, 42, 17, 7, 3]
(1, (0, 0, 1), (3, 0)): [62, 60, 15, 12, 3, 2]
(1, (0, 0, 1), (3, 1)): [64, 89, 21, 9, 2]
(1, (0, 0, 1), (3, 2)): [115, 95, 30, 13, 4, 2]
(1, (0, 1, 0), (0, 0)): [3579, 1322, 483, 225, 81, 27, 13, 1, 1, 1]
(1, (0, 1, 0), (0, 1)): [1737, 593, 192, 85, 37, 10, 3]
(1, (0, 1, 0), (0, 2)): [727, 211, 77, 27, 15, 2]
(1, (0, 1, 0), (1, 0)): [1531, 600, 222, 124, 38, 16, 8, 1, 1, 1]
(1, (0, 1, 0), (1, 1)): [1446, 515, 166, 78, 29, 11, 7]
(1, (0, 1, 0), (1, 2)): [998, 332, 111, 44, 18, 4, 2]
(1, (0, 1, 0), (2, 0)): [611, 223, 94, 60, 20, 7, 2, 1, 1, 1]
(1, (0, 1, 0), (2, 1)): [807, 279, 112, 66, 21, 6, 6, 0, 1]
(1, (0, 1, 0), (2, 2)): [837, 304, 98, 56, 16, 4, 4]
(1, (0, 1, 0), (3, 0)): [256, 71, 36, 20, 8, 6, 1, 1, 0, 1]
(1, (0, 1, 0), (3, 1)): [358, 103, 50, 29, 12, 6, 3]
(1, (0, 1, 0), (3, 2)): [515, 167, 67, 41, 13, 4, 5]
(1, (0, 1, 1), (0, 0)): [517, 424, 356, 142, 53, 35, 13, 5, 1, 0, 0, 1]
(1, (0, 1, 1), (0, 1)): [220, 149, 164, 55, 24, 11, 3]
(1, (0, 1, 1), (0, 2)): [113, 42, 65, 24, 7, 3, 1]
(1, (0, 1, 1), (1, 0)): [258, 210, 164, 74, 23, 18, 8, 3, 1, 0, 0, 1]
(1, (0, 1, 1), (1, 1)): [177, 144, 122, 45, 19, 12, 2]
(1, (0, 1, 1), (1, 2)): [159, 66, 83, 34, 11, 3, 1]
(1, (0, 1, 1), (2, 0)): [136, 101, 83, 37, 18, 12, 6, 3, 1, 0, 0, 1]
(1, (0, 1, 1), (2, 1)): [95, 83, 68, 26, 14, 13]
(1, (0, 1, 1), (2, 2)): [139, 72, 71, 27, 10, 9, 1]
(1, (0, 1, 1), (3, 0)): [89, 63, 43, 24, 15, 8, 6, 3, 1, 0, 0, 1]
(1, (0, 1, 1), (3, 1)): [33, 35, 28, 11, 10, 5, 1, 2]
(1, (0, 1, 1), (3, 2)): [63, 43, 47, 17, 12, 7, 1]
(1, (1, 0, 0), (0, 0)): [9829, 1538, 1151, 461, 180, 67, 13, 11, 2, 1]
(1, (1, 0, 0), (0, 1)): [4700, 678, 492, 182, 64, 27, 4, 5]
(1, (1, 0, 0), (0, 2)): [1905, 239, 170, 63, 15, 11, 3, 2]
(1, (1, 0, 0), (1, 0)): [3819, 660, 503, 215, 89, 31, 9, 6, 2, 1]
(1, (1, 0, 0), (1, 1)): [3542, 554, 405, 170, 69, 22, 3, 6]
(1, (1, 0, 0), (1, 2)): [2451, 341, 245, 93, 39, 16, 4, 5]
(1, (1, 0, 0), (2, 0)): [1261, 237, 185, 74, 37, 9, 3, 2, 1, 1]
(1, (1, 0, 0), (2, 1)): [1785, 300, 228, 112, 41, 15, 3, 4]
(1, (1, 0, 0), (2, 2)): [1915, 280, 217, 79, 31, 10, 2, 2]
(1, (1, 0, 0), (3, 0)): [352, 78, 51, 25, 15, 2, 2, 0, 1]
(1, (1, 0, 0), (3, 1)): [692, 141, 90, 60, 21, 6, 2, 2]
(1, (1, 0, 0), (3, 2)): [943, 186, 125, 61, 21, 7, 1, 2]
(1, (1, 0, 1), (0, 0)): [810, 756, 259, 177, 79, 25, 4, 2, 2]
(1, (1, 0, 1), (0, 1)): [374, 309, 113, 73, 29, 7, 0, 2, 1]
(1, (1, 0, 1), (0, 2)): [182, 102, 51, 21, 11, 2, 0, 1, 1]
(1, (1, 0, 1), (1, 0)): [329, 300, 105, 77, 40, 12, 1]
(1, (1, 0, 1), (1, 1)): [299, 279, 70, 61, 23, 10, 1]
(1, (1, 0, 1), (1, 2)): [251, 141, 47, 31, 11, 5, 0, 1, 1]
(1, (1, 0, 1), (2, 0)): [104, 86, 48, 23, 17, 3]
(1, (1, 0, 1), (2, 1)): [133, 134, 54, 33, 13, 5]
(1, (1, 0, 1), (2, 2)): [168, 115, 35, 24, 14, 6]
(1, (1, 0, 1), (3, 0)): [31, 15, 15, 11, 8, 2]
(1, (1, 0, 1), (3, 1)): [41, 40, 25, 20, 4, 3]
(1, (1, 0, 1), (3, 2)): [80, 64, 24, 17, 11, 2]
(1, (1, 1, 0), (0, 0)): [2827, 778, 491, 368, 141, 49, 14, 12, 2, 2]
(1, (1, 1, 0), (0, 1)): [1425, 357, 220, 160, 64, 24, 8, 2, 2, 1]
(1, (1, 1, 0), (0, 2)): [603, 136, 75, 49, 14, 6, 2, 1, 2, 1]
(1, (1, 1, 0), (1, 0)): [1058, 334, 214, 158, 62, 19, 2, 8, 0, 1]
(1, (1, 1, 0), (1, 1)): [1065, 282, 183, 136, 59, 20, 5, 3]
(1, (1, 1, 0), (1, 2)): [788, 176, 105, 90, 29, 12, 2, 1, 2]
(1, (1, 1, 0), (2, 0)): [319, 129, 65, 54, 23, 6, 1, 5]
(1, (1, 1, 0), (2, 1)): [498, 149, 94, 61, 23, 12, 1, 3]
(1, (1, 1, 0), (2, 2)): [597, 140, 89, 71, 23, 11, 1, 1]
(1, (1, 1, 0), (3, 0)): [82, 46, 21, 17, 12, 2, 0, 1]
(1, (1, 1, 0), (3, 1)): [179, 64, 46, 25, 21, 5, 0, 3]
(1, (1, 1, 0), (3, 2)): [291, 71, 59, 52, 19, 7, 1, 1]
(1, (1, 1, 1), (0, 0)): [576, 406, 260, 170, 137, 57, 23, 9, 4, 1, 0, 1]
(1, (1, 1, 1), (0, 1)): [302, 178, 119, 68, 59, 30, 9, 2, 2]
(1, (1, 1, 1), (0, 2)): [156, 62, 45, 22, 30, 12, 5, 0, 1]
(1, (1, 1, 1), (1, 0)): [212, 160, 96, 79, 53, 22, 12, 6, 2, 0, 0, 1]
(1, (1, 1, 1), (1, 1)): [216, 144, 85, 63, 47, 20, 7, 1, 1]
(1, (1, 1, 1), (1, 2)): [180, 73, 53, 36, 26, 14, 6, 1, 1]
(1, (1, 1, 1), (2, 0)): [60, 52, 44, 32, 15, 7, 6, 4, 1]
(1, (1, 1, 1), (2, 1)): [104, 78, 54, 28, 25, 10, 6, 2, 2]
(1, (1, 1, 1), (2, 2)): [139, 63, 54, 26, 25, 11, 6, 1, 2]
(1, (1, 1, 1), (3, 0)): [11, 22, 17, 12, 3, 3, 3, 2]
(1, (1, 1, 1), (3, 1)): [23, 34, 28, 15, 7, 6, 2, 1, 1]
(1, (1, 1, 1), (3, 2)): [54, 44, 45, 16, 14, 8, 5, 1, 2]
(2, (0, 0, 0), (0, 0)): [24903, 1143, 359, 113, 39, 10, 2]
(2, (0, 0, 0), (0, 1)): [12775, 457, 155, 44, 19, 6, 1]
(2, (0, 0, 0), (0, 2)): [5254, 135, 41, 9, 6]
(2, (0, 0, 0), (1, 0)): [9806, 540, 176, 55, 17, 3, 1]
(2, (0, 0, 0), (1, 1)): [10419, 463, 148, 48, 12, 7, 1]
(2, (0, 0, 0), (1, 2)): [7625, 224, 93, 23, 8]
(2, (0, 0, 0), (2, 0)): [3240, 190, 90, 20, 8, 1]
(2, (0, 0, 0), (2, 1)): [5349, 287, 98, 24, 10, 4, 1]
(2, (0, 0, 0), (2, 2)): [6277, 233, 87, 25, 6]
(2, (0, 0, 0), (3, 0)): [945, 56, 35, 8, 4, 1]
(2, (0, 0, 0), (3, 1)): [2124, 129, 60, 14, 8, 3, 1]
(2, (0, 0, 0), (3, 2)): [3582, 163, 81, 23, 3, 1]
(2, (0, 0, 1), (0, 0)): [2232, 573, 114, 48, 13, 5, 1]
(2, (0, 0, 1), (0, 1)): [1029, 240, 49, 19, 3, 2]
(2, (0, 0, 1), (0, 2)): [444, 61, 15, 5, 0, 1]
(2, (0, 0, 1), (1, 0)): [1008, 275, 53, 27, 9, 3, 1]
(2, (0, 0, 1), (1, 1)): [886, 234, 41, 20, 4, 1, 1]
(2, (0, 0, 1), (1, 2)): [705, 116, 20, 11, 0, 1, 1]
(2, (0, 0, 1), (2, 0)): [443, 109, 29, 17, 7, 2]
(2, (0, 0, 1), (2, 1)): [471, 124, 33, 17, 6]
(2, (0, 0, 1), (2, 2)): [570, 125, 26, 12, 2, 1, 1]
(2, (0, 0, 1), (3, 0)): [210, 50, 12, 10, 4, 1]
(2, (0, 0, 1), (3, 1)): [231, 59, 14, 12, 4]
(2, (0, 0, 1), (3, 2)): [344, 97, 22, 15, 4, 1]
(2, (0, 1, 0), (0, 0)): [5861, 1062, 308, 108, 40, 11, 1]
(2, (0, 1, 0), (0, 1)): [2719, 453, 125, 34, 15, 4]
(2, (0, 1, 0), (0, 2)): [1122, 145, 44, 11, 1]
(2, (0, 1, 0), (1, 0)): [2668, 509, 149, 71, 24, 5, 1]
(2, (0, 1, 0), (1, 1)): [2354, 437, 115, 39, 17, 2]
(2, (0, 1, 0), (1, 2)): [1705, 234, 68, 19, 5]
(2, (0, 1, 0), (2, 0)): [1161, 201, 59, 42, 14, 4, 1]
(2, (0, 1, 0), (2, 1)): [1311, 251, 64, 33, 9, 3, 1]
(2, (0, 1, 0), (2, 2)): [1519, 228, 62, 25, 8, 2, 1]
(2, (0, 1, 0), (3, 0)): [589, 81, 32, 26, 13, 2]
(2, (0, 1, 0), (3, 1)): [598, 96, 34, 21, 6, 1]
(2, (0, 1, 0), (3, 2)): [946, 149, 42, 22, 9, 2, 1]
(2, (0, 1, 1), (0, 0)): [1439, 92, 256, 72, 32, 13, 1, 2]
(2, (0, 1, 1), (0, 1)): [673, 41, 115, 25, 13, 7]
(2, (0, 1, 1), (0, 2)): [303, 23, 39, 9, 1, 1]
(2, (0, 1, 1), (1, 0)): [662, 40, 107, 40, 19, 4, 1, 2]
(2, (0, 1, 1), (1, 1)): [559, 27, 91, 27, 17, 7, 1, 1]
(2, (0, 1, 1), (1, 2)): [441, 30, 60, 15, 8, 4, 0, 1]
(2, (0, 1, 1), (2, 0)): [318, 25, 48, 17, 10, 2, 0, 1]
(2, (0, 1, 1), (2, 1)): [338, 17, 54, 17, 10, 3, 1, 1]
(2, (0, 1, 1), (2, 2)): [416, 21, 53, 21, 8, 3, 1]
(2, (0, 1, 1), (3, 0)): [170, 16, 26, 12, 4, 2]
(2, (0, 1, 1), (3, 1)): [142, 12, 22, 7, 5, 2, 0, 1]
(2, (0, 1, 1), (3, 2)): [231, 16, 32, 15, 8, 1, 1]
(2, (1, 0, 0), (0, 0)): [11915, 807, 589, 187, 55, 15, 3]
(2, (1, 0, 0), (0, 1)): [5786, 348, 208, 64, 24, 4, 2]
(2, (1, 0, 0), (0, 2)): [2407, 95, 58, 16, 5, 3]
(2, (1, 0, 0), (1, 0)): [4676, 359, 279, 94, 23, 9, 1]
(2, (1, 0, 0), (1, 1)): [4392, 288, 211, 64, 22, 3, 1]
(2, (1, 0, 0), (1, 2)): [3096, 151, 97, 35, 12, 2]
(2, (1, 0, 0), (2, 0)): [1559, 131, 90, 36, 10, 5]
(2, (1, 0, 0), (2, 1)): [2209, 167, 134, 48, 11, 5, 1]
(2, (1, 0, 0), (2, 2)): [2351, 131, 87, 39, 9, 2]
(2, (1, 0, 0), (3, 0)): [453, 43, 24, 14, 4, 1]
(2, (1, 0, 0), (3, 1)): [870, 93, 62, 28, 5, 3, 1]
(2, (1, 0, 0), (3, 2)): [1233, 92, 53, 31, 9, 2]
(2, (1, 0, 1), (0, 0)): [2171, 460, 168, 128, 43, 10, 3, 1]
(2, (1, 0, 1), (0, 1)): [1040, 196, 69, 50, 19, 4, 2, 1]
(2, (1, 0, 1), (0, 2)): [442, 58, 17, 12, 6, 0, 1]
(2, (1, 0, 1), (1, 0)): [905, 193, 81, 53, 22, 5, 1]
(2, (1, 0, 1), (1, 1)): [815, 163, 68, 51, 16, 4, 0, 1]
(2, (1, 0, 1), (1, 2)): [603, 97, 31, 19, 8, 1, 1, 1]
(2, (1, 0, 1), (2, 0)): [307, 57, 28, 15, 9, 3, 1]
(2, (1, 0, 1), (2, 1)): [417, 84, 36, 29, 6, 3]
(2, (1, 0, 1), (2, 2)): [467, 67, 23, 19, 7, 3, 1, 1]
(2, (1, 0, 1), (3, 0)): [106, 18, 14, 8, 7, 1, 1]
(2, (1, 0, 1), (3, 1)): [175, 37, 22, 10, 6]
(2, (1, 0, 1), (3, 2)): [258, 33, 24, 14, 4, 2, 1, 1]
(2, (1, 1, 0), (0, 0)): [4610, 609, 318, 220, 72, 20, 4, 1]
(2, (1, 1, 0), (0, 1)): [2313, 240, 140, 88, 27, 10, 1, 1]
(2, (1, 1, 0), (0, 2)): [995, 74, 54, 27, 9, 5, 0, 1]
(2, (1, 1, 0), (1, 0)): [1800, 268, 145, 99, 40, 8, 2]
(2, (1, 1, 0), (1, 1)): [1808, 219, 120, 87, 27, 6, 1]
(2, (1, 1, 0), (1, 2)): [1424, 115, 68, 49, 16, 5, 1]
(2, (1, 1, 0), (2, 0)): [610, 105, 52, 37, 19, 1, 2]
(2, (1, 1, 0), (2, 1)): [883, 128, 69, 52, 16, 1, 1]
(2, (1, 1, 0), (2, 2)): [1094, 102, 60, 47, 14, 3, 1]
(2, (1, 1, 0), (3, 0)): [195, 30, 23, 9, 8, 1, 1]
(2, (1, 1, 0), (3, 1)): [353, 52, 41, 24, 10, 1, 1]
(2, (1, 1, 0), (3, 2)): [591, 60, 61, 24, 13, 1]
(2, (1, 1, 1), (0, 0)): [1423, 153, 236, 106, 82, 19, 9, 1]
(2, (1, 1, 1), (0, 1)): [761, 57, 97, 44, 31, 8, 6, 1]
(2, (1, 1, 1), (0, 2)): [339, 19, 33, 16, 7, 1, 4]
(2, (1, 1, 1), (1, 0)): [532, 88, 99, 48, 40, 9, 3]
(2, (1, 1, 1), (1, 1)): [586, 55, 89, 33, 33, 8, 3]
(2, (1, 1, 1), (1, 2)): [491, 36, 59, 21, 17, 5, 3]
(2, (1, 1, 1), (2, 0)): [143, 50, 32, 19, 19, 4, 1]
(2, (1, 1, 1), (2, 1)): [250, 35, 44, 19, 20, 1, 2]
(2, (1, 1, 1), (2, 2)): [376, 40, 38, 15, 16, 5, 3]
(2, (1, 1, 1), (3, 0)): [20, 34, 13, 9, 5, 2]
(2, (1, 1, 1), (3, 1)): [63, 29, 19, 17, 9, 1, 1]
(2, (1, 1, 1), (3, 2)): [139, 40, 29, 18, 11, 2, 1]
