(0, (0, 0, 0), (0, 0)): [12785, 2905, 1394, 676, 307, 141, 55, 28, 7, 10, 4, 1, 2, 2]
(0, (0, 0, 0), (0, 1)): [51, 10, 5, 3, 2, 1]
(0, (0, 0, 0), (0, 2)): [23, 5, 3, 2, 1]
(0, (0, 0, 0), (1, 0)): [42, 12, 9, 1, 2, 1]
(0, (0, 0, 0), (1, 1)): [34, 8, 4, 0, 1]
(0, (0, 0, 0), (1, 2)): [23, 3, 1, 1]
(0, (0, 0, 0), (2, 0)): [21, 5, 6, 0, 1, 1]
(0, (0, 0, 0), (2, 1)): [15, 3, 1, 0, 1]
(0, (0, 0, 0), (2, 2)): [19, 2, 1, 0, 1]
(0, (0, 0, 0), (3, 0)): [14, 4, 6, 0, 1, 1]
(0, (0, 0, 0), (3, 1)): [9, 2, 1]
(0, (0, 0, 0), (3, 2)): [10, 2, 2]
(0, (0, 0, 1), (0, 0)): [59, 215, 73, 29, 20, 4, 5, 2, 0, 1]
(0, (0, 0, 1), (1, 0)): [0, 1]
(0, (0, 0, 1), (2, 0)): [0, 1]
(0, (0, 0, 1), (3, 0)): [0, 1]
(0, (0, 1, 0), (0, 0)): [411, 473, 197, 99, 43, 26, 8, 5, 2, 1]
(0, (0, 1, 0), (0, 1)): [2, 3, 0, 0, 0, 1]
(0, (0, 1, 0), (0, 2)): [0, 1, 0, 0, 0, 1]
(0, (0, 1, 0), (1, 0)): [2, 3]
(0, (0, 1, 0), (1, 1)): [2, 1]
(0, (0, 1, 0), (1, 2)): [2, 1]
(0, (0, 1, 0), (2, 0)): [1, 1]
(0, (0, 1, 0), (2, 2)): [0, 1]
(0, (0, 1, 0), (3, 0)): [1]
(0, (0, 1, 0), (3, 1)): [1]
(0, (0, 1, 0), (3, 2)): [0, 1]
(0, (0, 1, 1), (0, 0)): [40, 85, 111, 56, 30, 9, 3, 6, 2, 0, 0, 1, 0, 1]
(0, (0, 1, 1), (0, 1)): [1, 2, 0, 0, 1]
(0, (0, 1, 1), (0, 2)): [1, 1, 0, 0, 1]
(0, (0, 1, 1), (1, 0)): [0, 0, 1]
(0, (0, 1, 1), (1, 1)): [0, 1]
(0, (0, 1, 1), (2, 0)): [0, 0, 1]
(0, (0, 1, 1), (3, 0)): [0, 0, 1]
(0, (1, 0, 0), (0, 0)): [2986, 1099, 706, 371, 180, 86, 31, 16, 4, 9, 4, 1, 2, 2]
(0, (1, 0, 0), (0, 1)): [10, 3, 4, 0, 1, 1, 1, 1]
(0, (1, 0, 0), (0, 2)): [2, 0, 3, 0, 1, 1, 0, 1]
(0, (1, 0, 0), (1, 0)): [7, 3, 2, 2]
(0, (1, 0, 0), (1, 1)): [6, 3]
(0, (1, 0, 0), (1, 2)): [1, 1, 1]
(0, (1, 0, 0), (2, 0)): [1, 0, 1, 1]
(0, (1, 0, 0), (2, 1)): [2, 1]
(0, (1, 0, 0), (2, 2)): [2]
(0, (1, 0, 0), (3, 0)): [1, 0, 1, 1]
(0, (1, 0, 0), (3, 1)): [1]
(0, (1, 0, 0), (3, 2)): [1]
(0, (1, 0, 1), (0, 0)): [78, 254, 120, 84, 39, 22, 11, 4, 5, 5, 2, 2]
(0, (1, 0, 1), (1, 0)): [0, 2]
(0, (1, 0, 1), (2, 0)): [0, 2]
(0, (1, 0, 1), (3, 0)): [0, 2]
(0, (1, 1, 0), (0, 0)): [423, 251, 243, 139, 90, 41, 19, 12, 2, 6, 4, 0, 1]
(0, (1, 1, 0), (0, 1)): [3, 1, 2]
(0, (1, 1, 0), (0, 2)): [0, 0, 2]
(0, (1, 1, 0), (1, 0)): [1]
(0, (1, 1, 0), (1, 1)): [0, 1]
(0, (1, 1, 0), (2, 0)): [1]
(0, (1, 1, 0), (2, 1)): [0, 1]
(0, (1, 1, 0), (3, 0)): [1]
(0, (1, 1, 0), (3, 1)): [1, 1]
(0, (1, 1, 0), (3, 2)): [1]
(0, (1, 1, 1), (0, 0)): [45, 73, 64, 44, 38, 21, 8, 5, 1, 3, 1, 0, 0, 1]
(0, (1, 1, 1), (0, 1)): [0, 1]
(0, (1, 1, 1), (1, 0)): [1, 0, 1, 0, 1]
(0, (1, 1, 1), (1, 1)): [1, 1, 1]
(0, (1, 1, 1), (1, 2)): [1, 1, 1]
(0, (1, 1, 1), (2, 0)): [0, 0, 0, 0, 1]
(0, (1, 1, 1), (2, 2)): [0, 1]
(1, (0, 0, 0), (0, 0)): [10035, 1254, 519, 219, 85, 35, 19, 6, 1, 1]
(1, (0, 0, 0), (0, 1)): [44, 5, 3]
(1, (0, 0, 0), (0, 2)): [22, 1, 1]
(1, (0, 0, 0), (1, 0)): [34, 3, 1, 1, 1]
(1, (0, 0, 0), (1, 1)): [28, 2, 2, 1]
(1, (0, 0, 0), (1, 2)): [15, 1]
(1, (0, 0, 0), (2, 0)): [10, 2, 1, 0, 1]
(1, (0, 0, 0), (2, 1)): [15, 0, 1]
(1, (0, 0, 0), (2, 2)): [12, 1]
(1, (0, 0, 0), (3, 0)): [5, 1, 1]
(1, (0, 0, 0), (3, 1)): [5, 1, 1]
(1, (0, 0, 0), (3, 2)): [7, 1]
(1, (0, 0, 1), (0, 0)): [331, 539, 138, 56, 21, 15, 6, 3, 1, 0, 0, 1]
(1, (0, 0, 1), (0, 1)): [1]
(1, (0, 0, 1), (1, 0)): [0, 2, 1]
(1, (0, 0, 1), (1, 1)): [1, 0, 1]
(1, (0, 0, 1), (1, 2)): [1, 0, 1]
(1, (0, 0, 1), (2, 0)): [0, 2]
(1, (0, 0, 1), (3, 0)): [0, 2]
(1, (0, 0, 1), (3, 1)): [0, 1]
(1, (0, 1, 0), (0, 0)): [1485, 797, 282, 126, 43, 22, 8, 5, 1, 2, 0, 1, 1]
(1, (0, 1, 0), (0, 1)): [8, 2]
(1, (0, 1, 0), (0, 2)): [3]
(1, (0, 1, 0), (1, 0)): [7, 3, 2, 0, 1]
(1, (0, 1, 0), (1, 1)): [7, 1, 1]
(1, (0, 1, 0), (1, 2)): [2, 1, 1]
(1, (0, 1, 0), (2, 0)): [2, 2, 1, 0, 1]
(1, (0, 1, 0), (2, 1)): [4]
(1, (0, 1, 0), (2, 2)): [1, 0, 1]
(1, (0, 1, 0), (3, 0)): [1, 2, 0, 0, 1]
(1, (0, 1, 0), (3, 1)): [2, 0, 0, 0, 1]
(1, (0, 1, 0), (3, 2)): [1, 0, 1]
(1, (0, 1, 1), (0, 0)): [242, 232, 251, 111, 52, 18, 7, 5, 1]
(1, (0, 1, 1), (0, 1)): [1, 1, 1]
(1, (0, 1, 1), (1, 0)): [1, 1, 0, 0, 2]
(1, (0, 1, 1), (1, 1)): [2, 0, 1]
(1, (0, 1, 1), (1, 2)): [1]
(1, (0, 1, 1), (2, 0)): [0, 1, 0, 0, 1]
(1, (0, 1, 1), (2, 1)): [1, 0, 1]
(1, (0, 1, 1), (3, 0)): [0, 1, 0, 0, 1]
(1, (0, 1, 1), (3, 1)): [1, 0, 1]
(1, (1, 0, 0), (0, 0)): [4392, 924, 510, 248, 105, 48, 21, 5, 3, 1, 2, 0, 0, 1]
(1, (1, 0, 0), (0, 1)): [19, 1, 4, 0, 1]
(1, (1, 0, 0), (0, 2)): [7, 1, 2]
(1, (1, 0, 0), (1, 0)): [13, 2, 1, 0, 2]
(1, (1, 0, 0), (1, 1)): [13, 1, 2]
(1, (1, 0, 0), (1, 2)): [12, 0, 2]
(1, (1, 0, 0), (2, 0)): [6, 1, 1, 0, 2]
(1, (1, 0, 0), (2, 1)): [6]
(1, (1, 0, 0), (2, 2)): [5, 0, 1]
(1, (1, 0, 0), (3, 0)): [4, 1, 0, 0, 2]
(1, (1, 0, 0), (3, 1)): [4]
(1, (1, 0, 0), (3, 2)): [4, 0, 1]
(1, (1, 0, 1), (0, 0)): [393, 510, 170, 119, 50, 29, 12, 4, 3, 3, 2]
(1, (1, 0, 1), (0, 1)): [3, 1, 1, 0, 0, 1]
(1, (1, 0, 1), (0, 2)): [3, 0, 0, 0, 0, 1]
(1, (1, 0, 1), (1, 0)): [1, 2]
(1, (1, 0, 1), (1, 1)): [1, 1]
(1, (1, 0, 1), (1, 2)): [1]
(1, (1, 0, 1), (2, 0)): [0, 1]
(1, (1, 0, 1), (2, 1)): [0, 1]
(1, (1, 0, 1), (2, 2)): [0, 1]
(1, (1, 0, 1), (3, 0)): [0, 1]
(1, (1, 0, 1), (3, 2)): [0, 1]
(1, (1, 1, 0), (0, 0)): [1145, 402, 267, 193, 87, 43, 16, 7, 4, 2, 0, 0, 0, 1]
(1, (1, 1, 0), (0, 1)): [7, 0, 2]
(1, (1, 1, 0), (0, 2)): [4]
(1, (1, 1, 0), (1, 0)): [4, 0, 2, 0, 3]
(1, (1, 1, 0), (1, 1)): [4]
(1, (1, 1, 0), (1, 2)): [1]
(1, (1, 1, 0), (2, 0)): [1, 0, 1, 0, 3]
(1, (1, 1, 0), (2, 1)): [2]
(1, (1, 1, 0), (2, 2)): [2]
(1, (1, 1, 0), (3, 0)): [0, 0, 0, 0, 2]
(1, (1, 1, 0), (3, 2)): [1]
(1, (1, 1, 1), (0, 0)): [226, 188, 113, 86, 61, 30, 15, 5, 3]
(1, (1, 1, 1), (0, 1)): [3, 0, 3, 1]
(1, (1, 1, 1), (0, 2)): [2, 0, 2]
(1, (1, 1, 1), (1, 0)): [0, 2, 4, 1, 2, 0, 1, 1]
(1, (1, 1, 1), (1, 1)): [1, 1, 2, 1, 1]
(1, (1, 1, 1), (1, 2)): [0, 0, 0, 1]
(1, (1, 1, 1), (2, 0)): [0, 1, 3, 1, 1, 0, 1, 1]
(1, (1, 1, 1), (2, 1)): [0, 1, 2, 0, 2, 0, 1]
(1, (1, 1, 1), (2, 2)): [0, 1, 2, 0, 0, 0, 1]
(1, (1, 1, 1), (3, 0)): [0, 1, 2, 1]
(1, (1, 1, 1), (3, 1)): [0, 0, 1, 1, 2]
(1, (1, 1, 1), (3, 2)): [0, 0, 0, 1, 1]
(2, (0, 0, 0), (0, 0)): [8582, 436, 153, 49, 14, 6, 2, 1]
(2, (0, 0, 0), (0, 1)): [30, 2]
(2, (0, 0, 0), (0, 2)): [16, 1]
(2, (0, 0, 0), (1, 0)): [27, 1, 0, 1]
(2, (0, 0, 0), (1, 1)): [20, 1]
(2, (0, 0, 0), (1, 2)): [18, 1]
(2, (0, 0, 0), (2, 0)): [10, 1, 0, 1]
(2, (0, 0, 0), (2, 1)): [12, 1]
(2, (0, 0, 0), (2, 2)): [16]
(2, (0, 0, 0), (3, 0)): [3]
(2, (0, 0, 0), (3, 1)): [3, 1]
(2, (0, 0, 0), (3, 2)): [5, 1]
(2, (0, 0, 1), (0, 0)): [1134, 390, 69, 21, 10, 5, 1]
(2, (0, 0, 1), (0, 1)): [3, 2]
(2, (0, 0, 1), (0, 2)): [2, 1]
(2, (0, 0, 1), (1, 0)): [5, 1]
(2, (0, 0, 1), (1, 1)): [3, 1]
(2, (0, 0, 1), (1, 2)): [1, 1]
(2, (0, 0, 1), (2, 0)): [1, 1]
(2, (0, 0, 1), (2, 1)): [2, 2]
(2, (0, 0, 1), (3, 0)): [1]
(2, (0, 0, 1), (3, 1)): [3]
(2, (0, 0, 1), (3, 2)): [1]
(2, (0, 1, 0), (0, 0)): [2401, 628, 153, 50, 19, 8, 2]
(2, (0, 1, 0), (0, 1)): [12, 1, 0, 0, 1]
(2, (0, 1, 0), (0, 2)): [6, 0, 0, 0, 1]
(2, (0, 1, 0), (1, 0)): [13, 1, 2, 1]
(2, (0, 1, 0), (1, 1)): [10, 1]
(2, (0, 1, 0), (1, 2)): [7, 0, 0, 0, 1]
(2, (0, 1, 0), (2, 0)): [6, 1, 2, 1]
(2, (0, 1, 0), (2, 1)): [9, 0, 1]
(2, (0, 1, 0), (2, 2)): [5, 0, 1, 0, 1]
(2, (0, 1, 0), (3, 0)): [2, 1, 1]
(2, (0, 1, 0), (3, 1)): [8, 1]
(2, (0, 1, 0), (3, 2)): [7, 1, 1, 0, 1]
(2, (0, 1, 1), (0, 0)): [667, 64, 167, 39, 23, 6, 1, 2]
(2, (0, 1, 1), (0, 1)): [1, 0, 2]
(2, (0, 1, 1), (0, 2)): [0, 0, 1]
(2, (0, 1, 1), (1, 0)): [5, 0, 1]
(2, (0, 1, 1), (1, 1)): [0, 0, 1]
(2, (0, 1, 1), (2, 0)): [4]
(2, (0, 1, 1), (3, 0)): [4]
(2, (0, 1, 1), (3, 1)): [1]
(2, (0, 1, 1), (3, 2)): [1]
(2, (1, 0, 0), (0, 0)): [5457, 428, 276, 96, 27, 7, 3, 1]
(2, (1, 0, 0), (0, 1)): [10, 0, 1]
(2, (1, 0, 0), (0, 2)): [3, 0, 1]
(2, (1, 0, 0), (1, 0)): [11, 1, 1]
(2, (1, 0, 0), (1, 1)): [7, 1, 1]
(2, (1, 0, 0), (1, 2)): [4, 0, 2]
(2, (1, 0, 0), (2, 0)): [4]
(2, (1, 0, 0), (2, 1)): [5]
(2, (1, 0, 0), (2, 2)): [4, 0, 1]
(2, (1, 0, 0), (3, 0)): [1]
(2, (1, 0, 0), (3, 1)): [1]
(2, (1, 0, 0), (3, 2)): [2]
(2, (1, 0, 1), (0, 0)): [1088, 293, 104, 68, 22, 11, 3, 2]
(2, (1, 0, 1), (0, 1)): [4, 1]
(2, (1, 0, 1), (0, 2)): [3]
(2, (1, 0, 1), (1, 0)): [3, 1]
(2, (1, 0, 1), (2, 0)): [2, 1]
(2, (1, 0, 1), (3, 0)): [2, 1]
(2, (1, 1, 0), (0, 0)): [1810, 304, 181, 108, 33, 8, 5, 0, 1]
(2, (1, 1, 0), (0, 1)): [10]
(2, (1, 1, 0), (0, 2)): [2]
(2, (1, 1, 0), (1, 0)): [8, 3, 1, 1]
(2, (1, 1, 0), (1, 1)): [8, 1, 1, 1]
(2, (1, 1, 0), (1, 2)): [3]
(2, (1, 1, 0), (2, 0)): [5, 2]
(2, (1, 1, 0), (2, 1)): [7, 1]
(2, (1, 1, 0), (2, 2)): [3]
(2, (1, 1, 0), (3, 0)): [2, 2]
(2, (1, 1, 0), (3, 1)): [2]
(2, (1, 1, 0), (3, 2)): [1]
(2, (1, 1, 1), (0, 0)): [505, 80, 92, 56, 40, 11, 3, 1]
(2, (1, 1, 1), (0, 1)): [4, 0, 2, 0, 1, 1]
(2, (1, 1, 1), (0, 2)): [3, 0, 1, 0, 0, 1]
(2, (1, 1, 1), (1, 0)): [3, 2, 1]
(2, (1, 1, 1), (1, 1)): [3, 0, 2]
(2, (1, 1, 1), (1, 2)): [2, 0, 2, 0, 0, 1]
(2, (1, 1, 1), (2, 0)): [1, 2]
(2, (1, 1, 1), (2, 2)): [1, 0, 1]
(2, (1, 1, 1), (3, 0)): [1, 2]
(2, (1, 1, 1), (3, 1)): [1]
(2, (1, 1, 1), (3, 2)): [1]
