(0, (0, 0, 0)): [380452, 78978, 37503, 17464, 7965, 3554, 1492, 640, 266, 138, 51, 24, 14, 4, 2]
(0, (0, 0, 1)): [1624, 5766, 1606, 782, 396, 162, 77, 45, 20, 8, 2, 1, 2]
(0, (0, 1, 0)): [12370, 12961, 5071, 2411, 1225, 584, 238, 112, 49, 29, 7, 4, 2]
(0, (0, 1, 1)): [1104, 2070, 2709, 1235, 665, 325, 139, 63, 32, 12, 5, 3, 0, 1, 1]
(0, (1, 0, 0)): [84399, 30037, 18960, 9577, 4646, 2131, 921, 397, 168, 92, 36, 15, 9, 3, 2]
(0, (1, 0, 1)): [1989, 6646, 2853, 1970, 1065, 507, 271, 109, 53, 25, 9, 7, 3, 0, 1]
(0, (1, 1, 0)): [11219, 7636, 6268, 4314, 2344, 1108, 500, 243, 99, 48, 25, 8, 4, 1]
(0, (1, 1, 1)): [1121, 2160, 1891, 1515, 1199, 611, 283, 135, 63, 29, 18, 5, 0, 1, 1]
(1, (0, 0, 0)): [301882, 33680, 14145, 5710, 2276, 909, 359, 149, 59, 20, 9, 6, 2, 1]
(1, (0, 0, 1)): [9147, 14732, 2944, 1233, 529, 219, 89, 46, 19, 6, 6, 4, 2, 1]
(1, (0, 1, 0)): [42737, 21518, 7390, 3076, 1306, 542, 200, 94, 25, 21, 5, 5, 3]
(1, (0, 1, 1)): [7360, 6509, 6472, 2536, 1247, 499, 203, 86, 47, 11, 6, 3, 1, 1]
(1, (1, 0, 0)): [124528, 23747, 14625, 6466, 2579, 1101, 422, 164, 73, 32, 14, 10, 2, 2]
(1, (1, 0, 1)): [9984, 13059, 4430, 2863, 1184, 548, 209, 76, 28, 24, 9, 2]
(1, (1, 1, 0)): [32718, 10604, 7732, 5125, 2260, 997, 391, 154, 58, 27, 8, 6, 1, 3]
(1, (1, 1, 1)): [6548, 5498, 3624, 2527, 1744, 790, 326, 121, 53, 22, 10, 5, 1, 1]
(2, (0, 0, 0)): [258289, 11420, 3995, 1254, 456, 173, 58, 25, 6, 1, 1]
(2, (0, 0, 1)): [28741, 9461, 1788, 605, 213, 91, 31, 8, 1, 2, 0, 1]
(2, (0, 1, 0)): [69794, 16651, 4106, 1406, 476, 173, 53, 14, 5, 1]
(2, (0, 1, 1)): [17516, 1512, 4255, 1145, 428, 154, 55, 19, 10, 3, 1]
(2, (1, 0, 0)): [152805, 12023, 6898, 2282, 797, 250, 99, 36, 11, 2, 2]
(2, (1, 0, 1)): [26497, 7067, 3041, 1651, 506, 205, 67, 28, 11, 2, 0, 1]
(2, (1, 1, 0)): [55403, 8980, 4824, 2893, 980, 344, 102, 36, 16, 5, 3, 0, 0, 1]
(2, (1, 1, 1)): [16273, 2449, 2912, 1539, 1034, 362, 113, 44, 20, 3, 3, 0, 0, 1]
