(0, (0, 0, 0)): [1252666, 250063, 115237, 52282, 23185, 9953, 4086, 1724, 682, 310, 126, 63, 27, 10, 3, 1, 0, 1]
(0, (0, 0, 1)): [5191, 15470, 4204, 1998, 975, 410, 181, 83, 34, 19, 6, 2, 2, 2]
(0, (0, 1, 0)): [44163, 40609, 15903, 7630, 3662, 1583, 663, 295, 119, 67, 22, 6, 3, 2, 1]
(0, (0, 1, 1)): [3717, 6264, 7460, 3469, 1860, 863, 369, 173, 80, 37, 9, 6, 1, 2, 1, 0, 0, 1]
(0, (1, 0, 0)): [267889, 89283, 56487, 27873, 13224, 5942, 2482, 1076, 447, 203, 86, 39, 19, 4, 2, 1, 0, 1]
(0, (1, 0, 1)): [6413, 19546, 7902, 5470, 2852, 1303, 631, 260, 127, 53, 25, 12, 5, 1, 1, 0, 0, 1]
(0, (1, 1, 0)): [36714, 23482, 17590, 12523, 6648, 3165, 1344, 645, 263, 119, 54, 24, 9, 1]
(0, (1, 1, 1)): [3584, 6785, 5559, 4171, 3295, 1657, 764, 380, 163, 67, 35, 13, 3, 1, 1]
(1, (0, 0, 0)): [1015270, 110348, 45254, 17861, 6892, 2637, 1025, 381, 144, 59, 24, 15, 6, 3, 0, 1]
(1, (0, 0, 1)): [27518, 39206, 7722, 3278, 1360, 556, 211, 86, 40, 12, 9, 5, 3, 1]
(1, (0, 1, 0)): [136306, 60490, 21828, 9291, 3755, 1470, 507, 244, 64, 35, 19, 8, 8, 2, 1]
(1, (0, 1, 1)): [22013, 17831, 15980, 6390, 3319, 1318, 514, 209, 102, 28, 9, 6, 2, 2, 0, 1]
(1, (1, 0, 0)): [387623, 68628, 43955, 18643, 7512, 2971, 1195, 421, 186, 76, 29, 20, 4, 3, 0, 2]
(1, (1, 0, 1)): [31080, 36569, 11622, 7764, 3289, 1358, 552, 214, 73, 48, 12, 5, 0, 1]
(1, (1, 1, 0)): [106567, 32990, 22004, 15575, 6550, 2721, 1070, 427, 178, 69, 24, 14, 8, 5, 1]
(1, (1, 1, 1)): [21852, 17289, 11091, 7233, 5243, 2234, 909, 336, 145, 54, 19, 15, 7, 3, 1, 1]
(2, (0, 0, 0)): [879664, 39717, 13420, 4285, 1408, 472, 159, 49, 9, 5, 4, 0, 1]
(2, (0, 0, 1)): [80134, 24470, 4913, 1660, 598, 208, 57, 19, 3, 2, 0, 1]
(2, (0, 1, 0)): [214977, 45941, 12330, 4307, 1432, 496, 142, 39, 9, 7, 5, 0, 1]
(2, (0, 1, 1)): [48875, 4176, 10733, 2906, 1141, 356, 132, 43, 18, 4, 3, 1, 0, 1]
(2, (1, 0, 0)): [470300, 34066, 22112, 7007, 2240, 714, 284, 77, 17, 10, 5, 0, 1]
(2, (1, 0, 1)): [79734, 19313, 7559, 4596, 1458, 503, 175, 55, 21, 7, 0, 2, 1]
(2, (1, 1, 0)): [184439, 28478, 14190, 9578, 3115, 1011, 327, 106, 39, 17, 6, 1, 2, 1]
(2, (1, 1, 1)): [53031, 7659, 8984, 4424, 3184, 1021, 337, 113, 40, 7, 5, 0, 1, 1]
