(0, (0, 0, 0), (0, 0)): [28792, 5980, 2641, 1237, 563, 211, 88, 29, 11, 6, 1, 1, 1]
(0, (0, 0, 0), (0, 1)): [163, 27, 17, 11, 3]
(0, (0, 0, 0), (0, 2)): [39, 7, 3, 2, 1]
(0, (0, 0, 0), (1, 0)): [77, 10, 4, 2, 2, 1]
(0, (0, 0, 0), (1, 1)): [130, 17, 12, 8, 2]
(0, (0, 0, 0), (1, 2)): [57, 4, 3, 4]
(0, (0, 0, 0), (2, 0)): [22, 2]
(0, (0, 0, 0), (2, 1)): [58, 11, 10, 3, 1]
(0, (0, 0, 0), (2, 2)): [115, 15, 13, 7, 1]
(0, (0, 0, 0), (3, 0)): [22, 2]
(0, (0, 0, 0), (3, 1)): [22, 2]
(0, (0, 0, 0), (3, 2)): [61, 9, 4, 3]
(0, (0, 0, 1), (0, 0)): [107, 320, 71, 42, 18, 7, 7, 3, 1, 0, 0, 1]
(0, (0, 0, 1), (0, 1)): [0, 1, 2, 1, 1]
(0, (0, 0, 1), (0, 2)): [0, 0, 1, 0, 1]
(0, (0, 0, 1), (1, 0)): [0, 1]
(0, (0, 0, 1), (1, 1)): [0, 0, 1, 1]
(0, (0, 0, 1), (1, 2)): [0, 0, 1, 1]
(0, (0, 0, 1), (2, 2)): [0, 0, 1, 1]
(0, (0, 0, 1), (3, 2)): [0, 0, 1, 1]
(0, (0, 1, 0), (0, 0)): [1170, 1014, 433, 232, 86, 40, 14, 6, 3, 1]
(0, (0, 1, 0), (0, 1)): [7, 2, 4, 2]
(0, (0, 1, 0), (0, 2)): [2, 0, 1, 1]
(0, (0, 1, 0), (1, 0)): [3, 2]
(0, (0, 1, 0), (1, 1)): [5, 2, 3, 1]
(0, (0, 1, 0), (1, 2)): [2, 2, 2, 1]
(0, (0, 1, 0), (2, 0)): [0, 1]
(0, (0, 1, 0), (2, 1)): [4, 0, 2]
(0, (0, 1, 0), (2, 2)): [6, 2, 4, 1]
(0, (0, 1, 0), (3, 0)): [0, 1]
(0, (0, 1, 0), (3, 1)): [0, 1]
(0, (0, 1, 0), (3, 2)): [0, 2, 2, 1]
(0, (0, 1, 1), (0, 0)): [71, 153, 155, 77, 44, 21, 5, 3, 2]
(0, (0, 1, 1), (1, 0)): [0, 0, 1, 0, 1]
(0, (1, 0, 0), (0, 0)): [5953, 1983, 1226, 651, 298, 120, 49, 14, 5, 5, 1, 0, 1]
(0, (1, 0, 0), (0, 1)): [25, 17, 6, 4, 2]
(0, (1, 0, 0), (0, 2)): [5, 2, 0, 2]
(0, (1, 0, 0), (1, 0)): [15, 3, 1, 1, 0, 1]
(0, (1, 0, 0), (1, 1)): [22, 12, 6, 1, 1]
(0, (1, 0, 0), (1, 2)): [5, 2, 1, 2]
(0, (1, 0, 0), (2, 0)): [2]
(0, (1, 0, 0), (2, 1)): [11, 9, 5, 0, 1]
(0, (1, 0, 0), (2, 2)): [16, 11, 6, 2, 1]
(0, (1, 0, 0), (3, 0)): [2]
(0, (1, 0, 0), (3, 1)): [2]
(0, (1, 0, 0), (3, 2)): [5, 5, 2, 1]
(0, (1, 0, 1), (0, 0)): [181, 411, 165, 129, 60, 27, 19, 6, 2, 0, 0, 1]
(0, (1, 0, 1), (0, 1)): [0, 3, 1, 1]
(0, (1, 0, 1), (0, 2)): [0, 1, 0, 1]
(0, (1, 0, 1), (1, 0)): [1, 1, 0, 2]
(0, (1, 0, 1), (1, 1)): [0, 1, 1]
(0, (1, 0, 1), (1, 2)): [0, 0, 1]
(0, (1, 0, 1), (2, 0)): [1, 1]
(0, (1, 0, 1), (2, 1)): [0, 1]
(0, (1, 0, 1), (2, 2)): [0, 1, 1]
(0, (1, 0, 1), (3, 0)): [1, 1]
(0, (1, 0, 1), (3, 1)): [1, 1]
(0, (1, 0, 1), (3, 2)): [1, 2, 1]
(0, (1, 1, 0), (0, 0)): [864, 489, 372, 296, 147, 51, 22, 8, 2, 4, 2]
(0, (1, 1, 0), (0, 1)): [5, 5, 1, 1, 1]
(0, (1, 1, 0), (0, 2)): [1, 1]
(0, (1, 1, 0), (1, 0)): [2, 1, 1, 0, 0, 1]
(0, (1, 1, 0), (1, 1)): [4, 3, 1]
(0, (1, 1, 0), (1, 2)): [2, 1]
(0, (1, 1, 0), (2, 1)): [1, 2, 1]
(0, (1, 1, 0), (2, 2)): [3, 3, 1]
(0, (1, 1, 0), (3, 2)): [1, 2]
(0, (1, 1, 1), (0, 0)): [68, 133, 118, 86, 59, 33, 17, 10, 3, 4, 2]
(0, (1, 1, 1), (0, 1)): [0, 1, 0, 1]
(0, (1, 1, 1), (0, 2)): [0, 0, 0, 1]
(0, (1, 1, 1), (1, 0)): [0, 1]
(0, (1, 1, 1), (1, 1)): [0, 1]
(0, (1, 1, 1), (2, 1)): [0, 1]
(0, (1, 1, 1), (2, 2)): [0, 1]
(1, (0, 0, 0), (0, 0)): [23759, 2746, 1110, 398, 176, 46, 21, 7, 1]
(1, (0, 0, 0), (0, 1)): [138, 12, 8, 3]
(1, (0, 0, 0), (0, 2)): [34, 7, 1]
(1, (0, 0, 0), (1, 0)): [62, 5, 3, 1, 1]
(1, (0, 0, 0), (1, 1)): [106, 5, 5, 3, 1]
(1, (0, 0, 0), (1, 2)): [52, 3, 2]
(1, (0, 0, 0), (2, 0)): [21, 1]
(1, (0, 0, 0), (2, 1)): [45, 2, 3, 1]
(1, (0, 0, 0), (2, 2)): [97, 5, 5, 1]
(1, (0, 0, 0), (3, 0)): [21, 1]
(1, (0, 0, 0), (3, 1)): [21, 1]
(1, (0, 0, 0), (3, 2)): [58, 4, 2]
(1, (0, 0, 1), (0, 0)): [712, 871, 194, 82, 32, 11, 2, 3, 2]
(1, (0, 0, 1), (0, 1)): [2, 2]
(1, (0, 0, 1), (0, 2)): [2, 1]
(1, (0, 0, 1), (1, 0)): [3, 2]
(1, (0, 0, 1), (1, 1)): [1, 1]
(1, (0, 0, 1), (1, 2)): [2, 1]
(1, (0, 0, 1), (2, 1)): [1]
(1, (0, 0, 1), (2, 2)): [3, 1]
(1, (0, 0, 1), (3, 2)): [0, 1]
(1, (0, 1, 0), (0, 0)): [3281, 1388, 485, 235, 96, 31, 10, 5, 2, 0, 0, 1, 1]
(1, (0, 1, 0), (0, 1)): [19, 8, 5, 2]
(1, (0, 1, 0), (0, 2)): [3, 1, 1, 1]
(1, (0, 1, 0), (1, 0)): [9, 0, 0, 1]
(1, (0, 1, 0), (1, 1)): [18, 6, 3, 1]
(1, (0, 1, 0), (1, 2)): [6, 3, 3, 1]
(1, (0, 1, 0), (2, 0)): [2]
(1, (0, 1, 0), (2, 1)): [8, 4, 1]
(1, (0, 1, 0), (2, 2)): [14, 7, 4, 1]
(1, (0, 1, 0), (3, 0)): [2]
(1, (0, 1, 0), (3, 1)): [2]
(1, (0, 1, 0), (3, 2)): [4, 2, 2]
(1, (0, 1, 1), (0, 0)): [476, 340, 330, 139, 70, 22, 7, 2, 2]
(1, (0, 1, 1), (0, 1)): [4, 3, 1]
(1, (0, 1, 1), (0, 2)): [3, 0, 1]
(1, (0, 1, 1), (1, 0)): [0, 0, 2]
(1, (0, 1, 1), (1, 1)): [1, 3]
(1, (0, 1, 1), (1, 2)): [1]
(1, (0, 1, 1), (2, 1)): [0, 2]
(1, (0, 1, 1), (2, 2)): [1, 2]
(1, (0, 1, 1), (3, 2)): [1, 1]
(1, (1, 0, 0), (0, 0)): [8542, 1547, 1047, 404, 177, 66, 23, 7, 0, 1]
(1, (1, 0, 0), (0, 1)): [51, 10, 6, 5, 1]
(1, (1, 0, 0), (0, 2)): [17, 2, 1, 1]
(1, (1, 0, 0), (1, 0)): [19, 3, 4, 1]
(1, (1, 0, 0), (1, 1)): [35, 6, 4, 4, 1]
(1, (1, 0, 0), (1, 2)): [17, 2, 2, 1]
(1, (1, 0, 0), (2, 0)): [3]
(1, (1, 0, 0), (2, 1)): [18, 3, 1, 1, 1]
(1, (1, 0, 0), (2, 2)): [35, 5, 3, 2, 1]
(1, (1, 0, 0), (3, 0)): [3]
(1, (1, 0, 0), (3, 1)): [3]
(1, (1, 0, 0), (3, 2)): [15, 3, 1, 1]
(1, (1, 0, 1), (0, 0)): [748, 800, 237, 159, 83, 24, 6, 3, 1]
(1, (1, 0, 1), (0, 1)): [6, 4, 0, 1]
(1, (1, 0, 1), (0, 2)): [0, 2]
(1, (1, 0, 1), (1, 0)): [1, 1]
(1, (1, 0, 1), (1, 1)): [6, 2]
(1, (1, 0, 1), (1, 2)): [1, 1]
(1, (1, 0, 1), (2, 0)): [1, 1]
(1, (1, 0, 1), (2, 1)): [4, 2]
(1, (1, 0, 1), (2, 2)): [5, 3]
(1, (1, 0, 1), (3, 0)): [1, 1]
(1, (1, 0, 1), (3, 1)): [1, 1]
(1, (1, 0, 1), (3, 2)): [3, 2]
(1, (1, 1, 0), (0, 0)): [2569, 705, 472, 364, 117, 44, 20, 10, 0, 1, 0, 1]
(1, (1, 1, 0), (0, 1)): [12, 11, 3, 2]
(1, (1, 1, 0), (0, 2)): [2, 2]
(1, (1, 1, 0), (1, 0)): [11, 1, 3, 1]
(1, (1, 1, 0), (1, 1)): [13, 6, 4, 1]
(1, (1, 1, 0), (1, 2)): [3, 4, 1]
(1, (1, 1, 0), (2, 0)): [1]
(1, (1, 1, 0), (2, 1)): [6, 2, 1, 1]
(1, (1, 1, 0), (2, 2)): [9, 6, 2, 1]
(1, (1, 1, 0), (3, 0)): [1]
(1, (1, 1, 0), (3, 1)): [1]
(1, (1, 1, 0), (3, 2)): [2, 4, 1]
(1, (1, 1, 1), (0, 0)): [515, 355, 252, 152, 109, 37, 11, 6]
(1, (1, 1, 1), (0, 1)): [4, 6, 2, 2]
(1, (1, 1, 1), (0, 2)): [0, 0, 1]
(1, (1, 1, 1), (1, 0)): [3, 0, 1]
(1, (1, 1, 1), (1, 1)): [4, 4, 0, 1]
(1, (1, 1, 1), (1, 2)): [0, 1]
(1, (1, 1, 1), (2, 1)): [4, 3, 0, 1]
(1, (1, 1, 1), (2, 2)): [4, 4, 0, 1]
(1, (1, 1, 1), (3, 2)): [0, 2]
(2, (0, 0, 0), (0, 0)): [21064, 1018, 334, 94, 31, 8, 6, 2]
(2, (0, 0, 0), (0, 1)): [114, 3, 3]
(2, (0, 0, 0), (0, 2)): [25, 2]
(2, (0, 0, 0), (1, 0)): [53, 2, 0, 0, 1]
(2, (0, 0, 0), (1, 1)): [86, 2, 3, 0, 1]
(2, (0, 0, 0), (1, 2)): [39]
(2, (0, 0, 0), (2, 0)): [19]
(2, (0, 0, 0), (2, 1)): [38, 1, 3]
(2, (0, 0, 0), (2, 2)): [77, 1, 3]
(2, (0, 0, 0), (3, 0)): [19]
(2, (0, 0, 0), (3, 1)): [19]
(2, (0, 0, 0), (3, 2)): [47, 1, 1]
(2, (0, 0, 1), (0, 0)): [2026, 567, 112, 42, 17, 3]
(2, (0, 0, 1), (0, 1)): [4]
(2, (0, 0, 1), (0, 2)): [3]
(2, (0, 0, 1), (1, 0)): [5]
(2, (0, 0, 1), (1, 1)): [2]
(2, (0, 0, 1), (1, 2)): [2]
(2, (0, 0, 1), (2, 1)): [1]
(2, (0, 0, 1), (2, 2)): [3]
(2, (0, 1, 0), (0, 0)): [5181, 1021, 253, 113, 36, 9, 2, 2]
(2, (0, 1, 0), (0, 1)): [25, 4, 2, 1]
(2, (0, 1, 0), (0, 2)): [3, 1, 1, 1]
(2, (0, 1, 0), (1, 0)): [12, 2]
(2, (0, 1, 0), (1, 1)): [23, 3, 1]
(2, (0, 1, 0), (1, 2)): [9, 0, 1]
(2, (0, 1, 0), (2, 0)): [2]
(2, (0, 1, 0), (2, 1)): [11, 2, 1]
(2, (0, 1, 0), (2, 2)): [20, 2, 2]
(2, (0, 1, 0), (3, 0)): [2]
(2, (0, 1, 0), (3, 1)): [2]
(2, (0, 1, 0), (3, 2)): [10, 1]
(2, (0, 1, 1), (0, 0)): [1142, 90, 249, 81, 22, 10, 2]
(2, (0, 1, 1), (0, 1)): [10, 0, 1]
(2, (0, 1, 1), (0, 2)): [4]
(2, (0, 1, 1), (1, 0)): [0, 0, 1]
(2, (0, 1, 1), (1, 1)): [5, 0, 2]
(2, (0, 1, 1), (1, 2)): [3]
(2, (0, 1, 1), (2, 1)): [1]
(2, (0, 1, 1), (2, 2)): [4]
(2, (0, 1, 1), (3, 2)): [3]
(2, (1, 0, 0), (0, 0)): [10100, 735, 524, 158, 59, 15, 9, 1]
(2, (1, 0, 0), (0, 1)): [57, 3, 6, 2]
(2, (1, 0, 0), (0, 2)): [16, 0, 1, 1]
(2, (1, 0, 0), (1, 0)): [15, 2, 1, 0, 1]
(2, (1, 0, 0), (1, 1)): [31, 4, 3, 1, 1]
(2, (1, 0, 0), (1, 2)): [15, 0, 1]
(2, (1, 0, 0), (2, 0)): [5]
(2, (1, 0, 0), (2, 1)): [18, 2, 3]
(2, (1, 0, 0), (2, 2)): [33, 2, 4]
(2, (1, 0, 0), (3, 0)): [5]
(2, (1, 0, 0), (3, 1)): [5]
(2, (1, 0, 0), (3, 2)): [12, 2, 1]
(2, (1, 0, 1), (0, 0)): [1872, 423, 177, 106, 40, 10, 2, 5, 0, 0, 0, 1]
(2, (1, 0, 1), (0, 1)): [14, 3]
(2, (1, 0, 1), (0, 2)): [6]
(2, (1, 0, 1), (1, 0)): [4, 0, 0, 1]
(2, (1, 0, 1), (1, 1)): [9, 3, 0, 1]
(2, (1, 0, 1), (1, 2)): [3, 1]
(2, (1, 0, 1), (2, 1)): [4, 2]
(2, (1, 0, 1), (2, 2)): [7, 3]
(2, (1, 0, 1), (3, 2)): [2, 3]
(2, (1, 1, 0), (0, 0)): [4175, 608, 276, 235, 66, 20, 14, 3]
(2, (1, 1, 0), (0, 1)): [25, 5, 1, 2]
(2, (1, 1, 0), (0, 2)): [6, 2, 0, 1]
(2, (1, 1, 0), (1, 0)): [13, 2, 2, 0, 1]
(2, (1, 1, 0), (1, 1)): [21, 3, 2, 1, 1]
(2, (1, 1, 0), (1, 2)): [7]
(2, (1, 1, 0), (2, 0)): [3]
(2, (1, 1, 0), (2, 1)): [10, 1, 1]
(2, (1, 1, 0), (2, 2)): [17, 1, 1]
(2, (1, 1, 0), (3, 0)): [3]
(2, (1, 1, 0), (3, 1)): [3]
(2, (1, 1, 0), (3, 2)): [10, 1, 1]
(2, (1, 1, 1), (0, 0)): [1153, 160, 184, 90, 66, 23, 9, 5, 0, 0, 1, 1]
(2, (1, 1, 1), (0, 1)): [9, 0, 1]
(2, (1, 1, 1), (0, 2)): [2, 0, 1]
(2, (1, 1, 1), (1, 0)): [2, 0, 2]
(2, (1, 1, 1), (1, 1)): [7, 0, 1]
(2, (1, 1, 1), (1, 2)): [4]
(2, (1, 1, 1), (2, 1)): [4]
(2, (1, 1, 1), (2, 2)): [8]
(2, (1, 1, 1), (3, 2)): [3]
