(0, (0, 0, 0), (0, 0)): [1947557, 399794, 184070, 84458, 37909, 16324, 6749, 2735, 1115, 484, 210, 109, 35, 21, 5, 1, 1, 1]
(0, (0, 0, 0), (0, 1)): [299969, 59267, 26924, 12754, 5628, 2498, 988, 360, 158, 69, 36, 19, 5, 4, 1, 1]
(0, (0, 0, 0), (0, 2)): [114466, 19985, 8963, 4156, 1794, 778, 310, 106, 47, 24, 8, 4, 3, 0, 1]
(0, (0, 0, 0), (1, 0)): [257290, 58750, 27988, 13076, 6137, 2612, 1152, 457, 187, 59, 36, 16, 2, 5, 1, 0, 1]
(0, (0, 0, 0), (1, 1)): [252358, 52353, 24318, 11425, 5129, 2252, 933, 353, 158, 50, 33, 17, 3, 6, 0, 1, 1]
(0, (0, 0, 0), (1, 2)): [173010, 31511, 14381, 6629, 2916, 1243, 529, 195, 92, 30, 12, 8, 5, 1, 1]
(0, (0, 0, 0), (2, 0)): [82599, 20881, 10654, 5055, 2477, 1036, 447, 202, 71, 26, 16, 7, 1, 2, 1]
(0, (0, 0, 0), (2, 1)): [129817, 29441, 14431, 6776, 3192, 1388, 535, 247, 94, 34, 22, 12, 1, 3, 0, 0, 1]
(0, (0, 0, 0), (2, 2)): [137098, 27218, 12855, 6017, 2715, 1140, 479, 189, 90, 27, 13, 5, 4, 2, 1, 0, 1]
(0, (0, 0, 0), (3, 0)): [24061, 6903, 4076, 2043, 1021, 428, 189, 85, 29, 10, 9, 2, 0, 2, 1]
(0, (0, 0, 0), (3, 1)): [49395, 13217, 7127, 3500, 1696, 746, 285, 153, 59, 19, 8, 9, 1, 3, 1]
(0, (0, 0, 0), (3, 2)): [72369, 16768, 8863, 4192, 2003, 862, 340, 154, 66, 25, 8, 9, 4, 2, 1, 0, 1]
(0, (0, 0, 1), (0, 0)): [7098, 22123, 6069, 2964, 1431, 618, 271, 111, 47, 27, 16, 3, 3, 3]
(0, (0, 0, 1), (0, 1)): [792, 2499, 700, 320, 158, 66, 30, 12, 6, 3, 3, 0, 0, 1]
(0, (0, 0, 1), (0, 2)): [356, 926, 233, 114, 48, 28, 10, 4, 4]
(0, (0, 0, 1), (1, 0)): [796, 2757, 797, 444, 215, 101, 37, 14, 6, 4, 5]
(0, (0, 0, 1), (1, 1)): [733, 2317, 653, 308, 169, 74, 27, 12, 3, 6, 2, 0, 0, 1]
(0, (0, 0, 1), (1, 2)): [571, 1491, 382, 181, 85, 46, 13, 7, 3, 3, 1]
(0, (0, 0, 1), (2, 0)): [289, 1024, 319, 205, 86, 42, 15, 8, 3, 1, 4]
(0, (0, 0, 1), (2, 1)): [393, 1312, 404, 222, 116, 51, 24, 9, 4, 3, 2]
(0, (0, 0, 1), (2, 2)): [517, 1333, 368, 177, 99, 43, 15, 5, 1, 2, 1]
(0, (0, 0, 1), (3, 0)): [89, 345, 112, 84, 33, 17, 7, 2, 1, 0, 2]
(0, (0, 0, 1), (3, 1)): [153, 588, 186, 139, 64, 25, 12, 4, 2, 2]
(0, (0, 0, 1), (3, 2)): [291, 823, 232, 154, 87, 32, 9, 2, 3, 1]
(0, (0, 1, 0), (0, 0)): [71907, 67588, 26630, 13215, 6304, 2741, 1166, 491, 202, 107, 36, 17, 6, 6, 3, 0, 1]
(0, (0, 1, 0), (0, 1)): [11008, 9893, 3971, 1856, 896, 382, 177, 67, 28, 15, 4, 4, 1, 1, 1]
(0, (0, 1, 0), (0, 2)): [4503, 3409, 1360, 587, 300, 127, 63, 20, 9, 4, 0, 1, 1]
(0, (0, 1, 0), (1, 0)): [10713, 10404, 4350, 2382, 1103, 523, 198, 89, 33, 13, 7, 3, 2, 2, 1, 0, 1]
(0, (0, 1, 0), (1, 1)): [9594, 8643, 3544, 1804, 842, 367, 158, 67, 19, 16, 6, 3, 0, 2, 1]
(0, (0, 1, 0), (1, 2)): [6719, 5277, 2198, 1051, 481, 204, 87, 46, 10, 6, 2, 3, 1, 0, 1]
(0, (0, 1, 0), (2, 0)): [3908, 3710, 1647, 986, 432, 239, 80, 40, 16, 3, 1, 3, 2, 1, 0, 0, 1]
(0, (0, 1, 0), (2, 1)): [5242, 4819, 2073, 1081, 511, 263, 104, 38, 14, 11, 1, 1, 1, 1, 0, 0, 1]
(0, (0, 1, 0), (2, 2)): [5722, 4433, 1997, 918, 432, 199, 83, 38, 10, 6, 2, 2, 1, 0, 1, 0, 1]
(0, (0, 1, 0), (3, 0)): [1362, 1108, 563, 406, 179, 98, 40, 21, 8, 1, 0, 1, 1]
(0, (0, 1, 0), (3, 1)): [2293, 2011, 942, 632, 287, 145, 52, 22, 4, 3, 0, 1, 0, 1]
(0, (0, 1, 0), (3, 2)): [3337, 2607, 1280, 685, 326, 165, 71, 31, 6, 5, 2, 0, 0, 0, 1, 0, 1]
(0, (0, 1, 1), (0, 0)): [5698, 10124, 11947, 5605, 2955, 1423, 607, 259, 137, 56, 18, 11, 3, 4, 2, 0, 1, 1]
(0, (0, 1, 1), (0, 1)): [846, 1453, 1641, 730, 390, 182, 94, 29, 15, 8, 3, 2, 1, 0, 0, 0, 1]
(0, (0, 1, 1), (0, 2)): [391, 537, 590, 270, 136, 69, 38, 15, 2, 3, 0, 1]
(0, (0, 1, 1), (1, 0)): [808, 1587, 1909, 977, 507, 266, 98, 38, 31, 5, 4, 3, 0, 1, 1]
(0, (0, 1, 1), (1, 1)): [708, 1305, 1510, 682, 370, 166, 70, 24, 16, 4, 4, 0, 1, 0, 0, 0, 1]
(0, (0, 1, 1), (1, 2)): [583, 815, 900, 401, 236, 111, 47, 14, 8, 2, 1, 1, 0, 0, 0, 0, 1]
(0, (0, 1, 1), (2, 0)): [328, 682, 725, 419, 247, 142, 44, 17, 20, 4, 2, 1, 0, 1, 1]
(0, (0, 1, 1), (2, 1)): [357, 724, 843, 416, 193, 99, 39, 18, 10, 7, 3, 0, 1, 0, 1]
(0, (0, 1, 1), (2, 2)): [457, 733, 771, 367, 190, 96, 34, 15, 8, 6, 2, 1, 0, 0, 0, 0, 1]
(0, (0, 1, 1), (3, 0)): [171, 321, 310, 205, 139, 76, 22, 8, 13, 0, 1, 1, 0, 1]
(0, (0, 1, 1), (3, 1)): [146, 283, 334, 187, 123, 58, 24, 9, 11, 2, 0, 0, 0, 0, 1]
(0, (0, 1, 1), (3, 2)): [255, 386, 448, 250, 120, 76, 31, 13, 11, 2, 2, 0, 0, 0, 0, 0, 1]
(0, (1, 0, 0), (0, 0)): [408399, 135961, 88254, 44030, 21200, 9562, 3968, 1684, 719, 310, 146, 62, 23, 16, 3, 1, 1, 1]
(0, (1, 0, 0), (0, 1)): [57029, 17216, 11655, 5792, 2810, 1273, 513, 203, 105, 32, 18, 7, 1, 3]
(0, (1, 0, 0), (0, 2)): [21567, 5640, 3917, 1849, 877, 389, 183, 65, 30, 9, 7, 2]
(0, (1, 0, 0), (1, 0)): [50236, 17856, 12596, 6617, 3312, 1503, 616, 266, 107, 52, 29, 10, 1, 5, 1, 0, 1]
(0, (1, 0, 0), (1, 1)): [43805, 14075, 9738, 4998, 2357, 1118, 438, 181, 85, 38, 15, 6, 1, 3]
(0, (1, 0, 0), (1, 2)): [28655, 7970, 5581, 2779, 1293, 579, 251, 96, 50, 15, 4, 3]
(0, (1, 0, 0), (2, 0)): [15615, 6096, 4477, 2510, 1301, 605, 240, 105, 35, 24, 16, 2, 1, 3, 0, 0, 1]
(0, (1, 0, 0), (2, 1)): [21220, 7437, 5228, 2825, 1370, 656, 259, 110, 50, 27, 15, 4, 0, 5, 0, 0, 1]
(0, (1, 0, 0), (2, 2)): [20808, 6322, 4461, 2222, 1089, 454, 217, 89, 44, 21, 9, 3, 0, 2]
(0, (1, 0, 0), (3, 0)): [4025, 1906, 1474, 976, 521, 236, 97, 40, 15, 12, 5, 1]
(0, (1, 0, 0), (3, 1)): [7578, 3128, 2303, 1455, 721, 362, 146, 60, 24, 13, 10, 1, 0, 2]
(0, (1, 0, 0), (3, 2)): [9746, 3690, 2564, 1473, 738, 321, 154, 70, 33, 17, 6, 2, 0, 1]
(0, (1, 0, 1), (0, 0)): [9611, 29771, 12028, 8652, 4548, 2114, 990, 399, 200, 84, 44, 18, 8, 3, 2, 0, 0, 1]
(0, (1, 0, 1), (0, 1)): [1338, 3773, 1542, 1133, 587, 284, 127, 37, 24, 10, 4, 1, 3, 1]
(0, (1, 0, 1), (0, 2)): [627, 1332, 535, 383, 189, 94, 38, 9, 6, 1, 1, 1, 1, 1]
(0, (1, 0, 1), (1, 0)): [1179, 3895, 1610, 1235, 674, 326, 125, 63, 35, 16, 12, 1, 0, 1, 1]
(0, (1, 0, 1), (1, 1)): [1057, 3022, 1277, 944, 502, 218, 92, 44, 27, 10, 6]
(0, (1, 0, 1), (1, 2)): [840, 1771, 745, 519, 275, 117, 53, 20, 11, 3, 1, 1, 1]
(0, (1, 0, 1), (2, 0)): [397, 1311, 550, 437, 247, 137, 50, 20, 9, 9, 5, 1]
(0, (1, 0, 1), (2, 1)): [514, 1553, 669, 513, 259, 139, 48, 21, 16, 9, 5]
(0, (1, 0, 1), (2, 2)): [636, 1383, 586, 435, 222, 109, 50, 21, 4, 4, 3]
(0, (1, 0, 1), (3, 0)): [131, 397, 194, 124, 95, 63, 20, 7, 3, 2, 1, 1]
(0, (1, 0, 1), (3, 1)): [202, 529, 287, 219, 148, 75, 21, 8, 10, 7, 2]
(0, (1, 0, 1), (3, 2)): [313, 688, 372, 249, 157, 85, 29, 13, 8, 9, 4]
(0, (1, 1, 0), (0, 0)): [58060, 36859, 27226, 19940, 10636, 5033, 2139, 982, 419, 186, 86, 36, 11, 5, 0, 0, 1]
(0, (1, 1, 0), (0, 1)): [9119, 5042, 3470, 2669, 1538, 649, 305, 128, 51, 17, 13, 5, 0, 1, 0, 0, 1]
(0, (1, 1, 0), (0, 2)): [3721, 1742, 1174, 894, 511, 226, 97, 49, 21, 10, 3]
(0, (1, 1, 0), (1, 0)): [7200, 4795, 3609, 2856, 1490, 781, 312, 135, 60, 27, 12, 5, 2, 2]
(0, (1, 1, 0), (1, 1)): [6735, 3891, 2843, 2239, 1175, 557, 233, 99, 28, 14, 11, 2, 2, 2, 0, 0, 1]
(0, (1, 1, 0), (1, 2)): [4827, 2335, 1629, 1376, 700, 303, 125, 59, 21, 14, 3, 1, 0, 1, 0, 0, 1]
(0, (1, 1, 0), (2, 0)): [2115, 1624, 1243, 957, 576, 312, 135, 55, 33, 12, 6, 4, 0, 1]
(0, (1, 1, 0), (2, 1)): [3105, 2015, 1531, 1156, 647, 312, 138, 56, 31, 9, 10, 3, 2]
(0, (1, 1, 0), (2, 2)): [3392, 1823, 1338, 1060, 557, 267, 109, 50, 19, 11, 4, 1, 0, 0, 0, 0, 1]
(0, (1, 1, 0), (3, 0)): [494, 520, 438, 326, 229, 131, 52, 22, 12, 6, 2, 2, 0, 1]
(0, (1, 1, 0), (3, 1)): [1106, 858, 696, 540, 350, 206, 85, 29, 18, 8, 5, 1, 2]
(0, (1, 1, 0), (3, 2)): [1579, 1024, 832, 670, 383, 209, 81, 39, 15, 6, 4, 0, 0, 0, 0, 0, 1]
(0, (1, 1, 1), (0, 0)): [5483, 10905, 8785, 6383, 5237, 2644, 1214, 563, 278, 114, 59, 20, 6, 4, 1, 0, 1]
(0, (1, 1, 1), (0, 1)): [938, 1648, 1323, 881, 761, 395, 165, 80, 48, 19, 7, 3, 2, 1]
(0, (1, 1, 1), (0, 2)): [502, 658, 486, 304, 268, 135, 48, 25, 16, 5, 4, 1, 1]
(0, (1, 1, 1), (1, 0)): [640, 1505, 1230, 891, 759, 410, 175, 62, 42, 17, 9, 3, 0, 1, 0, 0, 1]
(0, (1, 1, 1), (1, 1)): [623, 1313, 1060, 722, 608, 344, 144, 69, 36, 17, 6, 2, 1, 1, 0, 0, 1]
(0, (1, 1, 1), (1, 2)): [573, 911, 694, 444, 390, 196, 83, 37, 19, 7, 4, 2, 0, 1, 0, 0, 1]
(0, (1, 1, 1), (2, 0)): [186, 438, 410, 315, 289, 155, 56, 23, 12, 6, 3, 2, 0, 1]
(0, (1, 1, 1), (2, 1)): [294, 605, 523, 379, 309, 189, 71, 39, 24, 10, 3, 0, 1]
(0, (1, 1, 1), (2, 2)): [376, 658, 537, 357, 295, 167, 69, 39, 18, 10, 2, 1, 1]
(0, (1, 1, 1), (3, 0)): [38, 123, 108, 115, 87, 58, 25, 12, 3, 2, 2, 1, 0, 1]
(0, (1, 1, 1), (3, 1)): [91, 224, 216, 165, 137, 81, 43, 12, 6, 3, 2, 1, 0, 1]
(0, (1, 1, 1), (3, 2)): [148, 316, 304, 213, 182, 101, 62, 22, 11, 5, 2, 1, 1, 1]
(1, (0, 0, 0), (0, 0)): [1591567, 178683, 73301, 29226, 11399, 4352, 1695, 608, 211, 89, 32, 22, 7, 3, 0, 1]
(1, (0, 0, 0), (0, 1)): [246962, 26214, 10657, 4257, 1680, 638, 240, 95, 23, 9, 3, 4, 0, 1]
(1, (0, 0, 0), (0, 2)): [94739, 8538, 3471, 1288, 505, 191, 60, 26, 3, 3, 0, 3]
(1, (0, 0, 0), (1, 0)): [220890, 28409, 12009, 4900, 1963, 757, 298, 94, 33, 14, 4, 3, 0, 0, 0, 1]
(1, (0, 0, 0), (1, 1)): [213199, 24256, 9959, 4024, 1616, 593, 259, 92, 28, 9, 4, 1, 0, 1]
(1, (0, 0, 0), (1, 2)): [144416, 13871, 5608, 2226, 910, 332, 131, 39, 12, 5, 0, 2]
(1, (0, 0, 0), (2, 0)): [73766, 10653, 4839, 2034, 827, 337, 129, 41, 12, 7, 2, 2, 0, 0, 0, 1]
(1, (0, 0, 0), (2, 1)): [112927, 14370, 6237, 2490, 1058, 398, 141, 67, 13, 9, 5, 1]
(1, (0, 0, 0), (2, 2)): [117733, 12499, 5339, 2191, 887, 326, 114, 47, 16, 7, 1]
(1, (0, 0, 0), (3, 0)): [21897, 3557, 1980, 874, 323, 149, 68, 14, 8, 4, 1, 1, 0, 0, 0, 1]
(1, (0, 0, 0), (3, 1)): [45153, 6855, 3422, 1463, 604, 238, 85, 34, 6, 4, 3]
(1, (0, 0, 0), (3, 2)): [64775, 8339, 4006, 1703, 715, 260, 87, 39, 10, 7, 3]
(1, (0, 0, 1), (0, 0)): [42581, 61183, 12278, 5375, 2184, 905, 343, 124, 65, 20, 13, 8, 3, 2]
(1, (0, 0, 1), (0, 1)): [6005, 7423, 1535, 620, 222, 105, 49, 11, 4, 0, 2, 1]
(1, (0, 0, 1), (0, 2)): [2627, 2430, 480, 180, 76, 34, 17, 2, 3, 0, 0, 1]
(1, (0, 0, 1), (1, 0)): [6430, 9588, 2019, 1022, 414, 176, 59, 22, 17, 4, 1, 1]
(1, (0, 0, 1), (1, 1)): [5573, 7171, 1461, 669, 250, 103, 39, 11, 5, 2, 1, 1]
(1, (0, 0, 1), (1, 2)): [4197, 3977, 774, 348, 144, 57, 24, 4, 4, 0, 0, 2]
(1, (0, 0, 1), (2, 0)): [2644, 3916, 911, 521, 213, 88, 36, 14, 10, 2, 1]
(1, (0, 0, 1), (2, 1)): [3158, 4286, 934, 469, 174, 75, 25, 11, 6, 2, 1]
(1, (0, 0, 1), (2, 2)): [3653, 3633, 772, 375, 131, 57, 25, 6, 3, 0, 1, 2]
(1, (0, 0, 1), (3, 0)): [1245, 1584, 415, 284, 123, 50, 18, 7, 3, 0, 1]
(1, (0, 0, 1), (3, 1)): [1399, 1825, 474, 259, 107, 46, 17, 8, 3, 1]
(1, (0, 0, 1), (3, 2)): [2215, 2241, 542, 300, 118, 55, 25, 8, 3, 0, 1]
(1, (0, 1, 0), (0, 0)): [214641, 93238, 34610, 15095, 6096, 2455, 859, 388, 109, 57, 30, 9, 10, 2, 1]
(1, (0, 1, 0), (0, 1)): [30724, 12157, 4527, 1927, 749, 349, 116, 51, 13, 9, 5, 0, 1]
(1, (0, 1, 0), (0, 2)): [11980, 4241, 1511, 605, 218, 117, 37, 16, 3, 3, 0, 0, 1]
(1, (0, 1, 0), (1, 0)): [33682, 14210, 5789, 2873, 1161, 469, 173, 79, 25, 11, 6, 0, 0, 1]
(1, (0, 1, 0), (1, 1)): [28172, 11193, 4340, 1985, 809, 332, 115, 42, 15, 4, 5, 0, 0, 1]
(1, (0, 1, 0), (1, 2)): [18772, 6663, 2445, 1039, 381, 175, 62, 30, 7, 6]
(1, (0, 1, 0), (2, 0)): [14134, 5766, 2545, 1458, 603, 244, 91, 48, 13, 7, 5]
(1, (0, 1, 0), (2, 1)): [16401, 6560, 2762, 1363, 581, 219, 80, 36, 10, 5, 3, 0, 0, 1]
(1, (0, 1, 0), (2, 2)): [16441, 5844, 2297, 1014, 414, 180, 60, 24, 8, 5, 1]
(1, (0, 1, 0), (3, 0)): [6404, 2364, 1135, 802, 348, 142, 54, 24, 9, 3, 2]
(1, (0, 1, 0), (3, 1)): [7711, 2876, 1394, 842, 378, 130, 55, 28, 12, 2, 2, 0, 0, 1]
(1, (0, 1, 0), (3, 2)): [10153, 3588, 1625, 867, 384, 137, 51, 23, 5, 6, 2, 0, 0, 1]
(1, (0, 1, 1), (0, 0)): [33377, 28150, 24248, 9900, 5205, 2027, 821, 330, 149, 46, 13, 6, 2, 2, 0, 1]
(1, (0, 1, 1), (0, 1)): [4197, 3261, 2756, 1157, 518, 180, 91, 38, 11, 1, 1]
(1, (0, 1, 1), (0, 2)): [1957, 1042, 968, 411, 196, 57, 31, 17, 2, 0, 1]
(1, (0, 1, 1), (1, 0)): [5487, 5041, 3821, 1688, 1078, 411, 166, 68, 27, 12, 1]
(1, (0, 1, 1), (1, 1)): [3628, 2996, 2469, 1019, 503, 172, 79, 33, 14, 5]
(1, (0, 1, 1), (1, 2)): [2930, 1717, 1532, 617, 315, 95, 44, 24, 5, 3, 1]
(1, (0, 1, 1), (2, 0)): [3104, 2708, 1960, 963, 723, 287, 115, 47, 19, 7, 1]
(1, (0, 1, 1), (2, 1)): [1986, 1698, 1380, 629, 315, 123, 56, 16, 7, 3]
(1, (0, 1, 1), (2, 2)): [2429, 1482, 1319, 565, 293, 81, 41, 15, 5, 1]
(1, (0, 1, 1), (3, 0)): [2248, 1812, 1219, 668, 599, 230, 90, 40, 16, 6, 1]
(1, (0, 1, 1), (3, 1)): [855, 751, 614, 288, 167, 87, 32, 13, 5, 3]
(1, (0, 1, 1), (3, 2)): [1374, 950, 735, 370, 227, 76, 30, 16, 6, 2]
(1, (1, 0, 0), (0, 0)): [593960, 105002, 69345, 29672, 12134, 4819, 1924, 693, 268, 117, 43, 31, 5, 3, 0, 2]
(1, (1, 0, 0), (0, 1)): [83051, 13261, 8992, 3896, 1572, 624, 252, 92, 23, 13, 6, 4]
(1, (1, 0, 0), (0, 2)): [31132, 4313, 2856, 1178, 471, 205, 88, 24, 4, 4, 2]
(1, (1, 0, 0), (1, 0)): [78934, 15079, 10698, 4823, 2022, 811, 339, 123, 36, 20, 6, 4, 1, 0, 0, 1]
(1, (1, 0, 0), (1, 1)): [67512, 11539, 8036, 3553, 1433, 549, 224, 86, 27, 12, 6, 6, 0, 0, 0, 1]
(1, (1, 0, 0), (1, 2)): [43712, 6465, 4422, 1893, 750, 292, 119, 44, 10, 5, 4, 1]
(1, (1, 0, 0), (2, 0)): [25782, 5375, 3927, 1964, 838, 345, 149, 49, 18, 6, 1, 0, 1]
(1, (1, 0, 0), (2, 1)): [33952, 6375, 4499, 2189, 862, 363, 143, 48, 18, 6, 4, 4, 0, 0, 0, 1]
(1, (1, 0, 0), (2, 2)): [33009, 5342, 3637, 1679, 669, 281, 109, 42, 9, 4, 3, 1]
(1, (1, 0, 0), (3, 0)): [7281, 1779, 1236, 775, 361, 140, 69, 18, 6, 4, 0, 0, 1]
(1, (1, 0, 0), (3, 1)): [13110, 2962, 2039, 1170, 487, 192, 87, 21, 11, 4, 2, 1, 0, 0, 0, 1]
(1, (1, 0, 0), (3, 2)): [16608, 3420, 2184, 1177, 483, 204, 89, 24, 12, 4, 4, 2, 0, 0, 0, 1]
(1, (1, 0, 1), (0, 0)): [48586, 55500, 17727, 12179, 5276, 2179, 860, 338, 117, 69, 21, 7, 1, 1]
(1, (1, 0, 1), (0, 1)): [7353, 6678, 2147, 1505, 662, 274, 100, 27, 20, 8, 3, 0, 1]
(1, (1, 0, 1), (0, 2)): [3200, 2174, 733, 515, 227, 91, 40, 16, 8, 3, 2]
(1, (1, 0, 1), (1, 0)): [6511, 7424, 2514, 1821, 845, 349, 132, 62, 19, 14, 0, 1]
(1, (1, 0, 1), (1, 1)): [5747, 5538, 1853, 1308, 536, 239, 80, 21, 12, 4, 0, 1, 1]
(1, (1, 0, 1), (1, 2)): [4206, 3090, 1081, 753, 300, 133, 38, 24, 8, 3, 2]
(1, (1, 0, 1), (2, 0)): [2231, 2471, 900, 666, 369, 146, 52, 31, 6, 7]
(1, (1, 0, 1), (2, 1)): [2842, 2848, 975, 714, 350, 129, 57, 18, 9, 4, 0, 1]
(1, (1, 0, 1), (2, 2)): [3037, 2348, 894, 608, 288, 97, 45, 19, 9, 2, 1]
(1, (1, 0, 1), (3, 0)): [753, 818, 318, 230, 152, 67, 19, 9, 1, 3]
(1, (1, 0, 1), (3, 1)): [1079, 1129, 449, 311, 179, 82, 23, 11, 2, 2, 0, 1]
(1, (1, 0, 1), (3, 2)): [1509, 1339, 565, 380, 221, 82, 32, 11, 7, 1, 0, 1]
(1, (1, 1, 0), (0, 0)): [167531, 50880, 33777, 24816, 10420, 4354, 1688, 682, 261, 109, 41, 25, 9, 5, 1]
(1, (1, 1, 0), (0, 1)): [25879, 6828, 4304, 3370, 1431, 599, 209, 88, 35, 13, 7, 4]
(1, (1, 1, 0), (0, 2)): [10424, 2412, 1432, 1143, 461, 197, 52, 27, 11, 1, 2]
(1, (1, 1, 0), (1, 0)): [22306, 7310, 4918, 3849, 1659, 685, 311, 112, 30, 19, 9, 4, 2, 1]
(1, (1, 1, 0), (1, 1)): [20401, 5871, 3874, 2975, 1302, 517, 210, 85, 25, 21, 7, 4]
(1, (1, 1, 0), (1, 2)): [14433, 3544, 2194, 1733, 730, 244, 81, 50, 14, 4, 6, 2]
(1, (1, 1, 0), (2, 0)): [7128, 2665, 1755, 1385, 681, 313, 136, 47, 14, 6, 5, 2, 2, 1]
(1, (1, 1, 0), (2, 1)): [10061, 3225, 2189, 1697, 788, 363, 156, 41, 18, 8, 6, 2, 1]
(1, (1, 1, 0), (2, 2)): [10876, 2965, 1854, 1451, 699, 263, 103, 42, 14, 5, 3, 2]
(1, (1, 1, 0), (3, 0)): [1824, 981, 635, 407, 276, 127, 51, 25, 4, 3, 1, 2, 1]
(1, (1, 1, 0), (3, 1)): [3689, 1561, 1069, 782, 440, 205, 79, 26, 9, 5, 4, 2, 1]
(1, (1, 1, 0), (3, 2)): [5322, 1858, 1259, 907, 518, 188, 75, 30, 10, 5, 2, 1, 1]
(1, (1, 1, 1), (0, 0)): [34233, 27456, 17252, 11158, 8563, 3607, 1479, 559, 231, 82, 28, 20, 9, 4, 1, 1]
(1, (1, 1, 1), (0, 1)): [5632, 3878, 2390, 1534, 1219, 483, 206, 76, 35, 9, 3, 1, 0, 1]
(1, (1, 1, 1), (0, 2)): [2659, 1338, 855, 541, 410, 142, 67, 21, 6, 5, 2, 0, 0, 1]
(1, (1, 1, 1), (1, 0)): [4230, 3884, 2387, 1534, 1316, 567, 257, 93, 35, 11, 4, 5, 2]
(1, (1, 1, 1), (1, 1)): [4159, 3201, 2002, 1303, 1028, 429, 196, 75, 32, 7, 3, 3]
(1, (1, 1, 1), (1, 2)): [3314, 1846, 1240, 785, 612, 255, 104, 39, 15, 5, 1, 3, 0, 1]
(1, (1, 1, 1), (2, 0)): [1107, 1287, 824, 519, 481, 231, 101, 41, 10, 4, 2, 2, 1]
(1, (1, 1, 1), (2, 1)): [1779, 1704, 1022, 660, 532, 257, 116, 42, 15, 4, 3, 1]
(1, (1, 1, 1), (2, 2)): [2230, 1515, 994, 654, 514, 221, 102, 36, 13, 7, 1, 2, 0, 1]
(1, (1, 1, 1), (3, 0)): [188, 399, 277, 189, 148, 79, 37, 17, 4, 2, 0, 1, 1]
(1, (1, 1, 1), (3, 1)): [469, 721, 462, 289, 248, 135, 42, 22, 9, 2, 2, 1, 1]
(1, (1, 1, 1), (3, 2)): [871, 893, 583, 388, 309, 158, 65, 28, 8, 3, 2, 1, 0, 1]
(2, (0, 0, 0), (0, 0)): [1389167, 65990, 22108, 7050, 2355, 757, 254, 87, 14, 7, 4, 0, 1]
(2, (0, 0, 0), (0, 1)): [214249, 9089, 3033, 966, 344, 101, 36, 11, 3]
(2, (0, 0, 0), (0, 2)): [81468, 2431, 844, 269, 101, 23, 3, 5]
(2, (0, 0, 0), (1, 0)): [200242, 11742, 4137, 1268, 447, 128, 47, 14, 2, 0, 0, 0, 1]
(2, (0, 0, 0), (1, 1)): [189063, 9141, 3189, 969, 353, 110, 42, 8, 3]
(2, (0, 0, 0), (1, 2)): [125561, 4330, 1548, 508, 170, 53, 17, 6, 1]
(2, (0, 0, 0), (2, 0)): [70593, 4668, 1941, 567, 203, 57, 21, 7, 1, 0, 0, 0, 1]
(2, (0, 0, 0), (2, 1)): [104668, 5926, 2289, 645, 227, 68, 25, 7, 2]
(2, (0, 0, 0), (2, 2)): [106907, 4470, 1722, 506, 173, 57, 18, 6, 1]
(2, (0, 0, 0), (3, 0)): [22204, 1563, 891, 261, 96, 31, 10, 4, 0, 0, 0, 0, 1]
(2, (0, 0, 0), (3, 1)): [44083, 2976, 1443, 447, 138, 43, 12, 6, 1]
(2, (0, 0, 0), (3, 2)): [62353, 3383, 1588, 462, 155, 54, 17, 6, 2]
(2, (0, 0, 1), (0, 0)): [129308, 37751, 8133, 2762, 993, 348, 95, 32, 8, 5, 0, 2]
(2, (0, 0, 1), (0, 1)): [19068, 4585, 1034, 333, 112, 45, 13, 4, 1, 2]
(2, (0, 0, 1), (0, 2)): [7562, 1385, 307, 98, 32, 12, 4, 0, 0, 1]
(2, (0, 0, 1), (1, 0)): [21736, 6000, 1545, 587, 226, 74, 22, 8, 2, 1, 0, 1]
(2, (0, 0, 1), (1, 1)): [17987, 4471, 1032, 377, 138, 49, 10, 5, 1, 1]
(2, (0, 0, 1), (1, 2)): [12242, 2331, 513, 164, 71, 26, 7, 2, 0, 1]
(2, (0, 0, 1), (2, 0)): [9485, 2539, 755, 339, 132, 41, 14, 4, 1, 1, 0, 1]
(2, (0, 0, 1), (2, 1)): [10863, 2834, 763, 310, 114, 31, 9, 5, 0, 2]
(2, (0, 0, 1), (2, 2)): [11216, 2293, 599, 206, 86, 29, 6, 2]
(2, (0, 0, 1), (3, 0)): [4541, 1043, 368, 208, 71, 26, 10, 1, 1, 0, 0, 1]
(2, (0, 0, 1), (3, 1)): [5146, 1370, 406, 222, 74, 22, 9, 3, 0, 1]
(2, (0, 0, 1), (3, 2)): [7188, 1585, 471, 213, 83, 22, 8, 2, 0, 1]
(2, (0, 1, 0), (0, 0)): [342115, 70900, 20026, 7117, 2433, 798, 243, 74, 17, 12, 7, 0, 1]
(2, (0, 1, 0), (0, 1)): [49220, 8644, 2437, 773, 298, 80, 27, 7, 4, 3, 1]
(2, (0, 1, 0), (0, 2)): [19406, 2571, 726, 215, 83, 15, 8, 1, 1, 1]
(2, (0, 1, 0), (1, 0)): [56950, 11242, 3846, 1597, 528, 175, 61, 22, 0, 1, 0, 0, 1]
(2, (0, 1, 0), (1, 1)): [46053, 8315, 2550, 898, 325, 94, 40, 13, 3, 2, 1]
(2, (0, 1, 0), (1, 2)): [30945, 4374, 1203, 422, 151, 35, 20, 7, 0, 1]
(2, (0, 1, 0), (2, 0)): [25717, 4860, 1870, 946, 326, 103, 26, 12, 0, 1, 0, 0, 1]
(2, (0, 1, 0), (2, 1)): [27556, 5234, 1817, 686, 252, 70, 22, 5, 2, 2, 1, 0, 1]
(2, (0, 1, 0), (2, 2)): [27868, 4229, 1263, 491, 184, 42, 25, 7, 0, 2]
(2, (0, 1, 0), (3, 0)): [13139, 2107, 946, 641, 206, 66, 20, 12, 0, 1]
(2, (0, 1, 0), (3, 1)): [12863, 2441, 1004, 491, 171, 52, 15, 5, 2, 1, 1, 0, 1]
(2, (0, 1, 0), (3, 2)): [17628, 2785, 1032, 534, 179, 48, 29, 7, 0, 1, 0, 0, 1]
(2, (0, 1, 1), (0, 0)): [78588, 6587, 16518, 4809, 1898, 622, 204, 66, 23, 6, 4, 1, 0, 1]
(2, (0, 1, 1), (0, 1)): [11500, 726, 2004, 572, 193, 70, 16, 8, 1, 1]
(2, (0, 1, 1), (0, 2)): [4843, 247, 620, 173, 68, 19, 6, 1, 0, 1]
(2, (0, 1, 1), (1, 0)): [13577, 1303, 2625, 983, 447, 160, 45, 16, 4, 0, 2]
(2, (0, 1, 1), (1, 1)): [10497, 727, 1909, 605, 222, 89, 19, 10, 3]
(2, (0, 1, 1), (1, 2)): [7779, 415, 1060, 310, 121, 36, 8, 3, 0, 1]
(2, (0, 1, 1), (2, 0)): [6593, 743, 1204, 524, 292, 98, 27, 11, 1, 0, 2]
(2, (0, 1, 1), (2, 1)): [6175, 495, 1178, 403, 180, 68, 14, 6, 3, 0, 1]
(2, (0, 1, 1), (2, 2)): [6912, 456, 991, 328, 131, 53, 8, 4, 2]
(2, (0, 1, 1), (3, 0)): [3876, 511, 619, 311, 203, 72, 21, 10, 0, 0, 1]
(2, (0, 1, 1), (3, 1)): [2941, 271, 546, 218, 116, 43, 13, 7, 1, 0, 1]
(2, (0, 1, 1), (3, 2)): [4390, 370, 679, 260, 125, 56, 9, 7, 3]
(2, (1, 0, 0), (0, 0)): [719185, 52135, 35382, 11274, 3758, 1192, 455, 132, 30, 14, 6, 1, 1]
(2, (1, 0, 0), (0, 1)): [100201, 6166, 4295, 1402, 479, 161, 63, 25, 8, 1, 0, 1]
(2, (1, 0, 0), (0, 2)): [37357, 1655, 1114, 393, 131, 33, 18, 5, 4]
(2, (1, 0, 0), (1, 0)): [97886, 8209, 5884, 2003, 715, 203, 87, 22, 4, 1, 0, 0, 1]
(2, (1, 0, 0), (1, 1)): [84126, 5719, 4028, 1348, 465, 144, 56, 18, 4, 1]
(2, (1, 0, 0), (1, 2)): [54057, 2706, 1800, 670, 223, 61, 24, 7, 4]
(2, (1, 0, 0), (2, 0)): [33079, 3220, 2230, 930, 324, 95, 38, 14, 3, 1, 0, 0, 1]
(2, (1, 0, 0), (2, 1)): [44061, 3509, 2485, 909, 310, 95, 40, 11, 1, 0, 0, 0, 1]
(2, (1, 0, 0), (2, 2)): [42431, 2641, 1733, 638, 229, 67, 32, 6, 3]
(2, (1, 0, 0), (3, 0)): [9796, 1199, 732, 428, 145, 41, 15, 6, 2, 1]
(2, (1, 0, 0), (3, 1)): [17850, 1844, 1224, 611, 176, 55, 20, 6, 1, 1, 0, 0, 1]
(2, (1, 0, 0), (3, 2)): [22558, 1953, 1257, 576, 182, 64, 22, 9, 1, 1, 0, 0, 1]
(2, (1, 0, 1), (0, 0)): [127317, 29694, 11705, 7536, 2508, 819, 277, 85, 30, 10, 2, 4, 1]
(2, (1, 0, 1), (0, 1)): [19417, 3727, 1425, 959, 336, 110, 37, 6, 4, 1, 1, 1]
(2, (1, 0, 1), (0, 2)): [7825, 1123, 411, 257, 97, 26, 8, 1, 1]
(2, (1, 0, 1), (1, 0)): [18820, 4192, 1905, 1352, 510, 139, 52, 15, 1, 2, 0, 1]
(2, (1, 0, 1), (1, 1)): [16308, 3234, 1387, 900, 368, 108, 41, 10, 3, 2, 1, 2]
(2, (1, 0, 1), (1, 2)): [11114, 1682, 703, 434, 172, 52, 22, 3, 3, 0, 0, 1]
(2, (1, 0, 1), (2, 0)): [6782, 1495, 789, 550, 218, 64, 21, 8, 1]
(2, (1, 0, 1), (2, 1)): [8888, 1768, 860, 535, 267, 77, 22, 8, 0, 1, 0, 1]
(2, (1, 0, 1), (2, 2)): [8709, 1370, 654, 388, 161, 60, 21, 3, 3, 0, 0, 1]
(2, (1, 0, 1), (3, 0)): [2272, 469, 319, 212, 86, 24, 13, 3, 1]
(2, (1, 0, 1), (3, 1)): [3838, 730, 439, 280, 168, 32, 19, 4, 1, 1]
(2, (1, 0, 1), (3, 2)): [4931, 740, 509, 272, 162, 49, 15, 4, 3]
(2, (1, 1, 0), (0, 0)): [286405, 43348, 21792, 15352, 5043, 1614, 542, 183, 56, 26, 9, 2, 2, 1]
(2, (1, 1, 0), (0, 1)): [43182, 5502, 2644, 1966, 597, 188, 68, 29, 3, 3, 2, 1, 1]
(2, (1, 1, 0), (0, 2)): [17711, 1630, 775, 576, 179, 55, 19, 10, 2, 1]
(2, (1, 1, 0), (1, 0)): [39577, 6065, 3442, 2565, 955, 284, 108, 28, 11, 4, 1]
(2, (1, 1, 0), (1, 1)): [36207, 4918, 2558, 1874, 578, 188, 64, 26, 6, 3, 2, 1, 1]
(2, (1, 1, 0), (1, 2)): [25653, 2558, 1343, 907, 280, 95, 25, 17, 4, 1, 1]
(2, (1, 1, 0), (2, 0)): [13658, 2144, 1401, 1010, 485, 135, 54, 12, 4, 3]
(2, (1, 1, 0), (2, 1)): [19095, 2696, 1607, 1191, 454, 121, 52, 15, 4, 2, 0, 0, 1]
(2, (1, 1, 0), (2, 2)): [20330, 2179, 1300, 883, 327, 88, 37, 17, 7, 1, 1]
(2, (1, 1, 0), (3, 0)): [4396, 678, 572, 340, 241, 76, 26, 5, 2, 2]
(2, (1, 1, 0), (3, 1)): [8124, 1179, 911, 598, 329, 84, 34, 5, 1, 0, 0, 0, 1]
(2, (1, 1, 0), (3, 2)): [11332, 1347, 1054, 648, 350, 76, 32, 12, 5, 0, 1]
(2, (1, 1, 1), (0, 0)): [84240, 12209, 14057, 7042, 5333, 1648, 557, 188, 61, 13, 9, 3, 1, 1]
(2, (1, 1, 1), (0, 1)): [14240, 1497, 1880, 964, 736, 211, 78, 22, 10, 0, 3, 0, 1]
(2, (1, 1, 1), (0, 2)): [6186, 475, 545, 290, 186, 62, 23, 6, 1, 0, 2]
(2, (1, 1, 1), (1, 0)): [11079, 2438, 2106, 1187, 943, 305, 98, 36, 9, 4, 1, 2]
(2, (1, 1, 1), (1, 1)): [11263, 1586, 1724, 943, 716, 214, 69, 21, 7, 1, 1, 0, 1]
(2, (1, 1, 1), (1, 2)): [8696, 808, 895, 449, 343, 116, 31, 10, 3, 1, 2]
(2, (1, 1, 1), (2, 0)): [3109, 1401, 735, 478, 383, 124, 40, 14, 4, 3, 0, 2]
(2, (1, 1, 1), (2, 1)): [5081, 1315, 960, 610, 451, 161, 49, 8, 4, 0, 0, 0, 1]
(2, (1, 1, 1), (2, 2)): [6123, 959, 800, 467, 337, 130, 35, 8, 3, 1, 2]
(2, (1, 1, 1), (3, 0)): [522, 854, 207, 210, 119, 57, 22, 10, 2, 3, 0, 1]
(2, (1, 1, 1), (3, 1)): [1489, 1072, 371, 346, 238, 85, 34, 7, 2, 3, 0, 1]
(2, (1, 1, 1), (3, 2)): [2581, 1089, 483, 422, 265, 107, 39, 8, 2, 1, 2]
