(0, (0, 0, 0)): [9676, 1651, 690, 294, 120, 29, 27, 5, 5, 2, 1]
(0, (0, 0, 1)): [41, 134, 28, 16, 6, 2, 0, 1, 1]
(0, (0, 1, 0)): [280, 265, 74, 41, 20, 7, 4, 3, 2, 1]
(0, (0, 1, 1)): [16, 50, 47, 22, 5, 4, 3, 2]
(0, (1, 0, 0)): [2169, 747, 385, 186, 69, 18, 15, 3, 4, 0, 1]
(0, (1, 0, 1)): [53, 130, 49, 29, 13, 4, 3, 2, 1]
(0, (1, 1, 0)): [258, 163, 133, 82, 46, 10, 11, 3, 3, 0, 1]
(0, (1, 1, 1)): [25, 48, 41, 35, 23, 7, 7, 4, 2, 0, 1]
(1, (0, 0, 0)): [7570, 635, 255, 76, 36, 7, 8, 1, 0, 1]
(1, (0, 0, 1)): [272, 374, 65, 27, 8, 2, 0, 0, 1]
(1, (0, 1, 0)): [1245, 539, 145, 64, 16, 4, 4, 1]
(1, (0, 1, 1)): [192, 133, 137, 49, 25, 6, 7, 0, 1]
(1, (1, 0, 0)): [2910, 509, 296, 93, 34, 8, 6, 2, 0, 1]
(1, (1, 0, 1)): [195, 258, 100, 46, 15, 8, 2, 2, 0, 1]
(1, (1, 1, 0)): [722, 207, 165, 83, 34, 9, 4, 2]
(1, (1, 1, 1)): [135, 95, 59, 32, 24, 12, 6, 1]
(2, (0, 0, 0)): [6480, 197, 54, 15, 8, 2, 2]
(2, (0, 0, 1)): [827, 251, 40, 16, 3, 2, 1]
(2, (0, 1, 0)): [1971, 417, 88, 29, 9, 3, 1]
(2, (0, 1, 1)): [476, 42, 112, 30, 2, 2, 0, 1]
(2, (1, 0, 0)): [3492, 256, 104, 25, 12, 3, 2]
(2, (1, 0, 1)): [496, 149, 74, 23, 3, 3, 1]
(2, (1, 1, 0)): [1079, 162, 87, 37, 11, 1, 1]
(2, (1, 1, 1)): [335, 58, 52, 25, 10, 4]
