(0, (0, 0, 0), (0, 0)): [16191, 3202, 1549, 682, 298, 150, 54, 18, 9, 4, 2, 2, 0, 1]
(0, (0, 0, 0), (0, 1)): [921, 171, 84, 37, 24, 11, 5, 0, 0, 1, 0, 0, 0, 1]
(0, (0, 0, 0), (0, 2)): [294, 55, 29, 5, 10, 2, 2]
(0, (0, 0, 0), (1, 0)): [815, 193, 119, 41, 18, 11, 3, 2, 1]
(0, (0, 0, 0), (1, 1)): [793, 166, 98, 37, 14, 14, 3, 1, 0, 1, 0, 0, 0, 1]
(0, (0, 0, 0), (1, 2)): [483, 96, 54, 9, 11, 5, 2, 0, 0, 1]
(0, (0, 0, 0), (2, 0)): [263, 62, 39, 21, 5, 2, 2, 1]
(0, (0, 0, 0), (2, 1)): [441, 91, 57, 28, 3, 8, 3, 2, 0, 0, 0, 0, 0, 1]
(0, (0, 0, 0), (2, 2)): [410, 85, 44, 8, 6, 4, 2, 1, 0, 1]
(0, (0, 0, 0), (3, 0)): [76, 20, 16, 10, 4, 1, 1]
(0, (0, 0, 0), (3, 1)): [174, 43, 33, 21, 0, 5, 2]
(0, (0, 0, 0), (3, 2)): [231, 61, 38, 14, 2, 2, 3, 1, 0, 1]
(0, (0, 0, 1), (0, 0)): [59, 176, 55, 21, 11, 4, 0, 1, 3, 0, 0, 0, 0, 1]
(0, (0, 0, 1), (0, 1)): [6, 8, 3, 1, 1, 0, 0, 0, 0, 0, 0, 0, 0, 1]
(0, (0, 0, 1), (0, 2)): [2, 5, 2]
(0, (0, 0, 1), (1, 0)): [5, 10, 2, 1, 1, 0, 0, 0, 1]
(0, (0, 0, 1), (1, 1)): [4, 4, 1, 1, 1, 0, 0, 0, 0, 0, 0, 0, 0, 1]
(0, (0, 0, 1), (1, 2)): [3, 5, 2, 1, 1]
(0, (0, 0, 1), (2, 0)): [4, 4, 2, 0, 0, 0, 0, 0, 1]
(0, (0, 0, 1), (2, 1)): [3, 3, 2]
(0, (0, 0, 1), (2, 2)): [3, 2, 1, 1, 1]
(0, (0, 0, 1), (3, 0)): [2, 3, 1, 0, 0, 0, 0, 0, 1]
(0, (0, 0, 1), (3, 1)): [2, 3, 1]
(0, (0, 0, 1), (3, 2)): [2, 2, 1]
(0, (0, 1, 0), (0, 0)): [547, 450, 202, 80, 43, 11, 4, 2, 1, 2]
(0, (0, 1, 0), (0, 1)): [28, 35, 15, 5, 0, 1, 0, 1]
(0, (0, 1, 0), (0, 2)): [11, 9, 2, 2, 0, 1]
(0, (0, 1, 0), (1, 0)): [33, 25, 14, 2, 5, 2]
(0, (0, 1, 0), (1, 1)): [20, 22, 13, 2, 1, 0, 0, 1]
(0, (0, 1, 0), (1, 2)): [12, 16, 1, 2, 1, 1]
(0, (0, 1, 0), (2, 0)): [17, 5, 5, 1, 3, 2]
(0, (0, 1, 0), (2, 1)): [11, 12, 6, 1, 0, 1, 0, 1]
(0, (0, 1, 0), (2, 2)): [8, 10, 3, 1, 0, 1, 0, 1]
(0, (0, 1, 0), (3, 0)): [8, 1, 2, 0, 2, 1]
(0, (0, 1, 0), (3, 1)): [10, 3, 3, 0, 2, 1]
(0, (0, 1, 0), (3, 2)): [7, 6, 3, 0, 2, 1]
(0, (0, 1, 1), (0, 0)): [47, 71, 96, 48, 18, 9, 5, 0, 0, 0, 1]
(0, (0, 1, 1), (0, 1)): [1, 1, 6, 4, 1, 1]
(0, (0, 1, 1), (0, 2)): [0, 0, 2, 1]
(0, (0, 1, 1), (1, 0)): [3, 7, 4, 3, 3, 2, 1]
(0, (0, 1, 1), (1, 1)): [1, 5, 2, 3, 1]
(0, (0, 1, 1), (1, 2)): [1, 1, 1, 2]
(0, (0, 1, 1), (2, 0)): [2, 3, 2, 2, 1, 2]
(0, (0, 1, 1), (2, 1)): [1, 3, 2, 2, 0, 1]
(0, (0, 1, 1), (2, 2)): [1, 2, 2, 1, 0, 1]
(0, (0, 1, 1), (3, 0)): [1, 2, 0, 2, 1, 1]
(0, (0, 1, 1), (3, 1)): [1, 2, 0, 1]
(0, (0, 1, 1), (3, 2)): [1, 1, 1, 1, 0, 1]
(0, (1, 0, 0), (0, 0)): [3490, 1143, 732, 356, 162, 90, 29, 12, 6, 3, 2, 1]
(0, (1, 0, 0), (0, 1)): [182, 48, 41, 18, 4, 9]
(0, (1, 0, 0), (0, 2)): [59, 11, 13, 6, 3, 1]
(0, (1, 0, 0), (1, 0)): [167, 63, 38, 21, 13, 0, 3, 0, 0, 1]
(0, (1, 0, 0), (1, 1)): [126, 46, 28, 12, 6, 3, 2, 0, 0, 1]
(0, (1, 0, 0), (1, 2)): [64, 26, 17, 7, 7, 1, 1]
(0, (1, 0, 0), (2, 0)): [65, 23, 17, 7, 5, 0, 1]
(0, (1, 0, 0), (2, 1)): [77, 24, 22, 7, 3, 0, 0, 0, 0, 1]
(0, (1, 0, 0), (2, 2)): [55, 21, 16, 4, 6, 0, 1, 0, 0, 1]
(0, (1, 0, 0), (3, 0)): [16, 5, 7, 4, 2]
(0, (1, 0, 0), (3, 1)): [37, 12, 5, 5, 3]
(0, (1, 0, 0), (3, 2)): [36, 16, 5, 5, 4, 0, 0, 0, 0, 1]
(0, (1, 0, 1), (0, 0)): [61, 247, 101, 53, 33, 19, 3, 5, 3]
(0, (1, 0, 1), (0, 1)): [4, 16, 6, 4, 0, 3]
(0, (1, 0, 1), (0, 2)): [1, 7, 0, 0, 0, 3]
(0, (1, 0, 1), (1, 0)): [2, 15, 6, 6, 1, 1, 0, 0, 1]
(0, (1, 0, 1), (1, 1)): [3, 12, 4, 5, 0, 1, 0, 0, 1]
(0, (1, 0, 1), (1, 2)): [1, 8, 0, 0, 0, 2, 0, 0, 1]
(0, (1, 0, 1), (2, 0)): [2, 6, 3]
(0, (1, 0, 1), (2, 1)): [1, 10, 4, 4, 0, 1]
(0, (1, 0, 1), (2, 2)): [1, 8, 3, 1]
(0, (1, 0, 1), (3, 0)): [2, 0, 2]
(0, (1, 0, 1), (3, 1)): [1, 2, 0, 3, 0, 1]
(0, (1, 0, 1), (3, 2)): [0, 6, 3, 2]
(0, (1, 1, 0), (0, 0)): [515, 348, 218, 161, 86, 45, 16, 5, 3, 1, 0, 1]
(0, (1, 1, 0), (0, 1)): [29, 16, 10, 7, 6, 3, 0, 1]
(0, (1, 1, 0), (0, 2)): [10, 9, 3, 1, 2, 1, 0, 1]
(0, (1, 1, 0), (1, 0)): [24, 13, 12, 6, 2, 1, 0, 0, 0, 1]
(0, (1, 1, 0), (1, 1)): [22, 9, 11, 4, 3, 1]
(0, (1, 1, 0), (1, 2)): [10, 9, 8, 1, 2]
(0, (1, 1, 0), (2, 0)): [5, 5, 1, 2, 1, 1]
(0, (1, 1, 0), (2, 1)): [16, 4, 4, 2, 2]
(0, (1, 1, 0), (2, 2)): [11, 5, 6, 0, 1]
(0, (1, 1, 0), (3, 0)): [1, 1]
(0, (1, 1, 0), (3, 1)): [3, 2, 0, 1]
(0, (1, 1, 0), (3, 2)): [3, 2, 1, 0, 1]
(0, (1, 1, 1), (0, 0)): [63, 104, 75, 59, 44, 23, 3, 4, 3, 0, 1, 1]
(0, (1, 1, 1), (0, 1)): [3, 3, 1, 1, 2, 1, 0, 1]
(0, (1, 1, 1), (0, 2)): [3, 2, 0, 0, 2, 0, 0, 1]
(0, (1, 1, 1), (1, 0)): [5, 5, 2, 2, 2, 2]
(0, (1, 1, 1), (1, 1)): [2, 3, 1, 1]
(0, (1, 1, 1), (1, 2)): [3, 2, 1, 0, 1, 0, 0, 1]
(0, (1, 1, 1), (2, 0)): [1, 3, 0, 0, 1, 1]
(0, (1, 1, 1), (2, 1)): [1, 2, 0, 1, 1]
(0, (1, 1, 1), (2, 2)): [2, 1, 0, 0, 0, 0, 0, 1]
(0, (1, 1, 1), (3, 0)): [0, 1, 0, 0, 0, 1]
(0, (1, 1, 1), (3, 1)): [0, 1, 0, 1]
(1, (0, 0, 0), (0, 0)): [13029, 1411, 620, 247, 95, 41, 15, 3, 1, 1, 0, 0, 1]
(1, (0, 0, 0), (0, 1)): [726, 88, 43, 18, 5, 1, 1]
(1, (0, 0, 0), (0, 2)): [260, 32, 13, 6, 3, 1]
(1, (0, 0, 0), (1, 0)): [696, 82, 37, 10, 10, 1]
(1, (0, 0, 0), (1, 1)): [613, 74, 31, 13, 7, 0, 1]
(1, (0, 0, 0), (1, 2)): [375, 42, 19, 8, 4, 1]
(1, (0, 0, 0), (2, 0)): [246, 34, 16, 4, 2, 1]
(1, (0, 0, 0), (2, 1)): [357, 43, 17, 6, 4]
(1, (0, 0, 0), (2, 2)): [326, 33, 15, 7, 2, 1]
(1, (0, 0, 0), (3, 0)): [75, 11, 10, 1, 1]
(1, (0, 0, 0), (3, 1)): [148, 19, 6, 1, 4]
(1, (0, 0, 0), (3, 2)): [167, 25, 10, 7, 3]
(1, (0, 0, 1), (0, 0)): [314, 402, 94, 33, 19, 9]
(1, (0, 0, 1), (0, 1)): [17, 18, 3, 1, 3]
(1, (0, 0, 1), (0, 2)): [7, 3, 0, 1, 1]
(1, (0, 0, 1), (1, 0)): [16, 23, 6, 4, 2, 1]
(1, (0, 0, 1), (1, 1)): [9, 19, 4, 2, 1]
(1, (0, 0, 1), (1, 2)): [8, 8, 1, 2, 1]
(1, (0, 0, 1), (2, 0)): [9, 13, 2, 1, 1, 1]
(1, (0, 0, 1), (2, 1)): [8, 15, 2, 1, 0, 1]
(1, (0, 0, 1), (2, 2)): [7, 14, 1, 2]
(1, (0, 0, 1), (3, 0)): [3, 5, 1, 1, 1]
(1, (0, 0, 1), (3, 1)): [6, 9, 0, 1]
(1, (0, 0, 1), (3, 2)): [6, 8, 1]
(1, (0, 1, 0), (0, 0)): [1659, 673, 249, 122, 39, 24, 3, 0, 1, 1]
(1, (0, 1, 0), (0, 1)): [86, 29, 7, 7, 4, 1]
(1, (0, 1, 0), (0, 2)): [37, 9, 5, 4, 1]
(1, (0, 1, 0), (1, 0)): [111, 44, 16, 13, 3, 1]
(1, (0, 1, 0), (1, 1)): [70, 23, 7, 8, 4, 1]
(1, (0, 1, 0), (1, 2)): [51, 15, 8, 6, 2]
(1, (0, 1, 0), (2, 0)): [49, 18, 7, 4, 1]
(1, (0, 1, 0), (2, 1)): [40, 11, 3, 4, 2, 1]
(1, (0, 1, 0), (2, 2)): [36, 14, 6, 6, 3]
(1, (0, 1, 0), (3, 0)): [16, 9, 4, 4, 1]
(1, (0, 1, 0), (3, 1)): [14, 4, 1, 2]
(1, (0, 1, 0), (3, 2)): [14, 5, 2, 4, 3]
(1, (0, 1, 1), (0, 0)): [283, 216, 160, 70, 45, 14, 9, 1, 2, 1]
(1, (0, 1, 1), (0, 1)): [12, 13, 5, 2, 0, 1, 1]
(1, (0, 1, 1), (0, 2)): [7, 3, 2]
(1, (0, 1, 1), (1, 0)): [14, 15, 14, 5, 3, 1, 0, 0, 1]
(1, (0, 1, 1), (1, 1)): [9, 11, 6, 4, 0, 1, 1]
(1, (0, 1, 1), (1, 2)): [8, 8, 4, 2]
(1, (0, 1, 1), (2, 0)): [8, 5, 6, 3, 3, 1, 0, 0, 1]
(1, (0, 1, 1), (2, 1)): [8, 6, 2, 4, 0, 2, 1]
(1, (0, 1, 1), (2, 2)): [8, 8, 3, 2]
(1, (0, 1, 1), (3, 0)): [5, 4, 5, 1, 2, 0, 0, 0, 1]
(1, (0, 1, 1), (3, 1)): [3, 3, 0, 3, 0, 2, 1]
(1, (0, 1, 1), (3, 2)): [5, 6, 0, 0, 0, 1]
(1, (1, 0, 0), (0, 0)): [5022, 880, 579, 237, 104, 40, 26, 6, 2, 1, 1]
(1, (1, 0, 0), (0, 1)): [257, 32, 32, 13, 6, 0, 1]
(1, (1, 0, 0), (0, 2)): [89, 9, 12, 6, 4]
(1, (1, 0, 0), (1, 0)): [245, 46, 44, 10, 9, 3, 1]
(1, (1, 0, 0), (1, 1)): [216, 32, 33, 9, 5, 2]
(1, (1, 0, 0), (1, 2)): [120, 17, 24, 7, 4, 1]
(1, (1, 0, 0), (2, 0)): [77, 17, 14, 6, 3, 0, 1]
(1, (1, 0, 0), (2, 1)): [114, 21, 23, 8, 4]
(1, (1, 0, 0), (2, 2)): [101, 13, 20, 6, 4, 1]
(1, (1, 0, 0), (3, 0)): [30, 6, 3, 3, 1, 0, 1]
(1, (1, 0, 0), (3, 1)): [60, 14, 7, 4, 0, 0, 1]
(1, (1, 0, 0), (3, 2)): [67, 10, 9, 4, 2]
(1, (1, 0, 1), (0, 0)): [361, 469, 134, 78, 37, 18, 0, 0, 1, 1]
(1, (1, 0, 1), (0, 1)): [23, 23, 6, 6, 3, 1]
(1, (1, 0, 1), (0, 2)): [9, 7, 1, 0, 1]
(1, (1, 0, 1), (1, 0)): [21, 35, 10, 3, 2]
(1, (1, 0, 1), (1, 1)): [19, 24, 9, 6, 3]
(1, (1, 0, 1), (1, 2)): [19, 12, 5, 2, 3]
(1, (1, 0, 1), (2, 0)): [11, 8, 1]
(1, (1, 0, 1), (2, 1)): [5, 10, 3, 1, 1]
(1, (1, 0, 1), (2, 2)): [9, 12, 2, 2, 1]
(1, (1, 0, 1), (3, 0)): [5, 1]
(1, (1, 0, 1), (3, 1)): [3, 1, 2]
(1, (1, 0, 1), (3, 2)): [3, 3, 2, 1, 1]
(1, (1, 1, 0), (0, 0)): [1538, 451, 321, 198, 100, 42, 21, 6, 2, 2, 1]
(1, (1, 1, 0), (0, 1)): [75, 12, 9, 6, 2, 1, 2]
(1, (1, 1, 0), (0, 2)): [30, 5, 4, 3, 1]
(1, (1, 1, 0), (1, 0)): [74, 20, 18, 9, 7, 2, 1]
(1, (1, 1, 0), (1, 1)): [69, 17, 6, 2, 5, 3, 1]
(1, (1, 1, 0), (1, 2)): [40, 11, 3, 3, 4, 1, 1]
(1, (1, 1, 0), (2, 0)): [20, 5, 9, 3]
(1, (1, 1, 0), (2, 1)): [30, 8, 3, 0, 0, 2]
(1, (1, 1, 0), (2, 2)): [26, 10, 2, 1, 3, 0, 1]
(1, (1, 1, 0), (3, 0)): [6, 1, 5, 2]
(1, (1, 1, 0), (3, 1)): [10, 2, 6, 2, 0, 1]
(1, (1, 1, 0), (3, 2)): [12, 3, 3, 2, 3, 1, 1]
(1, (1, 1, 1), (0, 0)): [358, 240, 156, 93, 86, 25, 16, 6, 6, 2]
(1, (1, 1, 1), (0, 1)): [14, 9, 4, 2, 6, 0, 1, 0, 1]
(1, (1, 1, 1), (0, 2)): [7, 2, 1, 1, 2, 0, 1]
(1, (1, 1, 1), (1, 0)): [21, 9, 4, 7, 3, 1]
(1, (1, 1, 1), (1, 1)): [12, 9, 4, 4, 1, 1]
(1, (1, 1, 1), (1, 2)): [7, 3, 3, 1, 1, 0, 1]
(1, (1, 1, 1), (2, 0)): [9, 3, 1, 2, 1]
(1, (1, 1, 1), (2, 1)): [7, 4, 2, 4, 1]
(1, (1, 1, 1), (2, 2)): [7, 2, 3, 4, 1]
(1, (1, 1, 1), (3, 0)): [2, 2]
(1, (1, 1, 1), (3, 1)): [3, 2, 0, 1, 1]
(1, (1, 1, 1), (3, 2)): [5, 1, 3, 3, 1]
(2, (0, 0, 0), (0, 0)): [11270, 526, 185, 59, 22, 3, 1, 0, 0, 0, 0, 0, 1]
(2, (0, 0, 0), (0, 1)): [612, 35, 11, 4, 3]
(2, (0, 0, 0), (0, 2)): [189, 7, 2, 2]
(2, (0, 0, 0), (1, 0)): [653, 41, 11, 4, 5, 1, 0, 0, 0, 0, 0, 0, 1]
(2, (0, 0, 0), (1, 1)): [557, 42, 11, 1, 4]
(2, (0, 0, 0), (1, 2)): [336, 22, 2, 2]
(2, (0, 0, 0), (2, 0)): [251, 9, 5, 2, 3, 1, 0, 0, 0, 0, 0, 0, 1]
(2, (0, 0, 0), (2, 1)): [344, 17, 9, 2, 4]
(2, (0, 0, 0), (2, 2)): [279, 20, 4, 1, 3]
(2, (0, 0, 0), (3, 0)): [82, 3, 4, 0, 2, 0, 0, 0, 0, 0, 0, 0, 1]
(2, (0, 0, 0), (3, 1)): [149, 8, 7, 0, 1]
(2, (0, 0, 0), (3, 2)): [186, 12, 4, 0, 3]
(2, (0, 0, 1), (0, 0)): [870, 251, 59, 15, 9, 2, 1]
(2, (0, 0, 1), (0, 1)): [53, 13, 5, 1]
(2, (0, 0, 1), (0, 2)): [16, 4, 1]
(2, (0, 0, 1), (1, 0)): [71, 10, 3, 1, 1]
(2, (0, 0, 1), (1, 1)): [56, 11, 4, 0, 1]
(2, (0, 0, 1), (1, 2)): [30, 9, 1]
(2, (0, 0, 1), (2, 0)): [32, 4, 1, 1]
(2, (0, 0, 1), (2, 1)): [41, 5, 2, 0, 1]
(2, (0, 0, 1), (2, 2)): [26, 9, 1]
(2, (0, 0, 1), (3, 0)): [15, 1, 1, 1]
(2, (0, 0, 1), (3, 1)): [31, 4, 2, 0, 1]
(2, (0, 0, 1), (3, 2)): [23, 4]
(2, (0, 1, 0), (0, 0)): [2558, 559, 144, 46, 12, 5, 1]
(2, (0, 1, 0), (0, 1)): [131, 22, 11, 7]
(2, (0, 1, 0), (0, 2)): [41, 9, 1, 2]
(2, (0, 1, 0), (1, 0)): [199, 29, 9, 7, 1]
(2, (0, 1, 0), (1, 1)): [135, 18, 9, 4]
(2, (0, 1, 0), (1, 2)): [74, 13, 2, 5]
(2, (0, 1, 0), (2, 0)): [81, 9, 5, 6, 1]
(2, (0, 1, 0), (2, 1)): [85, 9, 9, 1]
(2, (0, 1, 0), (2, 2)): [66, 10, 4, 5]
(2, (0, 1, 0), (3, 0)): [37, 3, 3, 5, 1]
(2, (0, 1, 0), (3, 1)): [42, 2, 3, 1]
(2, (0, 1, 0), (3, 2)): [49, 1, 4, 5]
(2, (0, 1, 1), (0, 0)): [579, 52, 117, 29, 10, 3, 1, 1, 0, 0, 1]
(2, (0, 1, 1), (0, 1)): [22, 3, 3, 1, 1, 0, 0, 1]
(2, (0, 1, 1), (0, 2)): [6, 1, 1]
(2, (0, 1, 1), (1, 0)): [41, 2, 9, 2, 1, 0, 0, 0, 0, 0, 1]
(2, (0, 1, 1), (1, 1)): [25, 2, 4, 0, 2]
(2, (0, 1, 1), (1, 2)): [13, 1, 3]
(2, (0, 1, 1), (2, 0)): [20, 2, 5, 1, 0, 0, 0, 0, 0, 0, 1]
(2, (0, 1, 1), (2, 1)): [13, 0, 2, 1, 1]
(2, (0, 1, 1), (2, 2)): [10, 1, 3, 1]
(2, (0, 1, 1), (3, 0)): [16, 2, 3, 0, 0, 0, 0, 0, 0, 0, 1]
(2, (0, 1, 1), (3, 1)): [9, 0, 2, 0, 1]
(2, (0, 1, 1), (3, 2)): [10, 0, 3, 1, 1]
(2, (1, 0, 0), (0, 0)): [6119, 432, 289, 97, 29, 6, 3, 1, 0, 0, 0, 0, 1]
(2, (1, 0, 0), (0, 1)): [323, 14, 13, 4, 6, 0, 0, 1]
(2, (1, 0, 0), (0, 2)): [117, 5, 2, 0, 3]
(2, (1, 0, 0), (1, 0)): [314, 35, 23, 10, 2, 0, 0, 0, 0, 0, 0, 0, 1]
(2, (1, 0, 0), (1, 1)): [255, 19, 17, 10, 3]
(2, (1, 0, 0), (1, 2)): [156, 10, 6, 6, 3]
(2, (1, 0, 0), (2, 0)): [113, 9, 9, 3, 1, 0, 0, 0, 0, 0, 0, 0, 1]
(2, (1, 0, 0), (2, 1)): [147, 10, 11, 2, 3, 0, 0, 0, 0, 0, 0, 0, 1]
(2, (1, 0, 0), (2, 2)): [132, 11, 4, 6, 3]
(2, (1, 0, 0), (3, 0)): [37, 6, 2, 3]
(2, (1, 0, 0), (3, 1)): [53, 7, 7, 3, 2, 0, 0, 0, 0, 0, 0, 0, 1]
(2, (1, 0, 0), (3, 2)): [66, 10, 5, 7, 2, 0, 0, 0, 0, 0, 0, 0, 1]
(2, (1, 0, 1), (0, 0)): [898, 223, 83, 55, 16, 3, 1]
(2, (1, 0, 1), (0, 1)): [48, 12, 6, 4, 2]
(2, (1, 0, 1), (0, 2)): [22, 4, 2, 1, 1]
(2, (1, 0, 1), (1, 0)): [56, 14, 13, 4, 2, 1]
(2, (1, 0, 1), (1, 1)): [34, 11, 6, 5, 1]
(2, (1, 0, 1), (1, 2)): [28, 8, 4, 2, 1]
(2, (1, 0, 1), (2, 0)): [28, 6, 5, 1, 1, 1]
(2, (1, 0, 1), (2, 1)): [23, 4, 4, 3, 1]
(2, (1, 0, 1), (2, 2)): [19, 4, 2, 1, 1]
(2, (1, 0, 1), (3, 0)): [11, 5, 2, 1, 1, 1]
(2, (1, 0, 1), (3, 1)): [14, 1, 3, 2, 1]
(2, (1, 0, 1), (3, 2)): [15, 1, 3]
(2, (1, 1, 0), (0, 0)): [2647, 429, 204, 148, 46, 10, 3, 0, 0, 0, 0, 0, 1]
(2, (1, 1, 0), (0, 1)): [126, 18, 6, 6, 5, 1, 0, 0, 0, 0, 0, 0, 1]
(2, (1, 1, 0), (0, 2)): [36, 8, 1, 2, 3]
(2, (1, 1, 0), (1, 0)): [125, 20, 13, 14, 4, 1]
(2, (1, 1, 0), (1, 1)): [112, 21, 7, 5, 1, 0, 0, 0, 0, 0, 0, 0, 1]
(2, (1, 1, 0), (1, 2)): [70, 7, 6, 2, 2]
(2, (1, 1, 0), (2, 0)): [41, 5, 8, 8, 3]
(2, (1, 1, 0), (2, 1)): [57, 13, 7, 5, 0, 0, 0, 0, 0, 0, 0, 0, 1]
(2, (1, 1, 0), (2, 2)): [60, 8, 5, 4, 1]
(2, (1, 1, 0), (3, 0)): [17, 0, 2, 2, 3]
(2, (1, 1, 0), (3, 1)): [25, 3, 4, 2, 1, 0, 0, 0, 0, 0, 0, 0, 1]
(2, (1, 1, 0), (3, 2)): [29, 5, 4, 2]
(2, (1, 1, 1), (0, 0)): [826, 117, 118, 57, 33, 11, 3, 1, 0, 0, 1, 0, 1]
(2, (1, 1, 1), (0, 1)): [52, 5, 10, 7, 2, 0, 1, 0, 0, 0, 0, 0, 1]
(2, (1, 1, 1), (0, 2)): [26, 0, 2, 1, 2, 0, 1]
(2, (1, 1, 1), (1, 0)): [46, 8, 5, 4, 4, 1, 0, 0, 0, 0, 1]
(2, (1, 1, 1), (1, 1)): [42, 9, 8, 5, 2, 0, 0, 0, 0, 0, 1, 0, 1]
(2, (1, 1, 1), (1, 2)): [34, 3, 5, 2, 1, 0, 1, 0, 0, 0, 1]
(2, (1, 1, 1), (2, 0)): [10, 2, 1, 2, 2, 1]
(2, (1, 1, 1), (2, 1)): [26, 5, 3, 1, 3, 0, 0, 0, 0, 0, 0, 0, 1]
(2, (1, 1, 1), (2, 2)): [18, 2, 2, 0, 1, 0, 1, 0, 0, 0, 1]
(2, (1, 1, 1), (3, 0)): [1, 1, 0, 2, 1, 1]
(2, (1, 1, 1), (3, 1)): [7, 3, 0, 3, 4, 1]
(2, (1, 1, 1), (3, 2)): [14, 4, 1, 2, 4, 1, 0, 0, 0, 0, 1]
