(0, (0, 0, 0), (0, 0)): [173832, 35718, 16573, 7598, 3468, 1514, 655, 275, 97, 53, 21, 6, 5, 3, 2]
(0, (0, 0, 0), (0, 1)): [159, 39, 21, 10, 6, 1, 0, 0, 0, 1]
(0, (0, 0, 0), (0, 2)): [76, 17, 9, 3, 1]
(0, (0, 0, 0), (1, 0)): [177, 59, 29, 13, 7, 6, 1, 1, 0, 1]
(0, (0, 0, 0), (1, 1)): [103, 33, 10, 4, 5, 0, 0, 1]
(0, (0, 0, 0), (1, 2)): [61, 16, 6, 3, 2]
(0, (0, 0, 0), (2, 0)): [115, 33, 23, 10, 5, 6, 0, 0, 0, 1]
(0, (0, 0, 0), (2, 1)): [64, 22, 7, 1, 2]
(0, (0, 0, 0), (2, 2)): [61, 13, 4, 1, 2]
(0, (0, 0, 0), (3, 0)): [88, 22, 19, 9, 5, 6]
(0, (0, 0, 0), (3, 1)): [52, 16, 7, 1]
(0, (0, 0, 0), (3, 2)): [55, 13, 9, 1, 1]
(0, (0, 0, 1), (0, 0)): [820, 2817, 826, 385, 192, 73, 42, 24, 5, 4, 0, 0, 2]
(0, (0, 1, 0), (0, 0)): [5459, 5796, 2237, 1025, 522, 245, 92, 48, 21, 12, 2, 1]
(0, (0, 1, 0), (1, 0)): [14, 9, 0, 1]
(0, (0, 1, 0), (2, 0)): [8, 7, 0, 1]
(0, (0, 1, 0), (3, 0)): [7, 6, 0, 1]
(0, (0, 1, 1), (0, 0)): [472, 950, 1224, 580, 309, 148, 62, 29, 10, 4, 2, 1, 0, 1, 1]
(0, (0, 1, 1), (1, 0)): [0, 1, 3, 1, 1, 1]
(0, (0, 1, 1), (2, 0)): [0, 0, 3, 1, 0, 1]
(0, (0, 1, 1), (3, 0)): [0, 0, 3, 0, 0, 1]
(0, (1, 0, 0), (0, 0)): [39201, 14222, 8533, 4301, 2032, 911, 425, 163, 59, 33, 17, 5, 4, 3, 2]
(0, (1, 0, 0), (0, 1)): [29, 7, 13, 2, 1, 1, 1, 1]
(0, (1, 0, 0), (0, 2)): [12, 3, 8, 0, 1, 1, 0, 1]
(0, (1, 0, 0), (1, 0)): [34, 18, 14, 4, 1]
(0, (1, 0, 0), (2, 0)): [19, 12, 7, 2, 1]
(0, (1, 0, 0), (3, 0)): [13, 7, 4, 2, 1]
(0, (1, 0, 1), (0, 0)): [927, 2836, 1298, 916, 506, 230, 125, 46, 23, 14, 5, 4, 1, 0, 1]
(0, (1, 1, 0), (0, 0)): [5020, 3416, 2790, 1911, 1018, 483, 231, 101, 38, 22, 14, 1, 1, 1]
(0, (1, 1, 0), (1, 0)): [3, 4, 7, 8, 4, 1, 1]
(0, (1, 1, 0), (2, 0)): [3, 2, 6, 4, 3, 0, 1]
(0, (1, 1, 0), (3, 0)): [3, 1, 5, 3]
(0, (1, 1, 1), (0, 0)): [544, 948, 820, 698, 554, 278, 131, 63, 26, 14, 7, 1, 0, 1, 1]
(0, (1, 1, 1), (1, 0)): [1, 0, 4, 0, 3, 1]
(0, (1, 1, 1), (2, 0)): [0, 0, 3, 0, 2]
(0, (1, 1, 1), (3, 0)): [0, 0, 3, 0, 1]
(1, (0, 0, 0), (0, 0)): [136858, 14929, 6107, 2395, 982, 407, 149, 64, 18, 9, 2, 1]
(1, (0, 0, 0), (0, 1)): [119, 17, 8, 1]
(1, (0, 0, 0), (0, 2)): [80, 7, 5]
(1, (0, 0, 0), (1, 0)): [136, 17, 9, 3, 3]
(1, (0, 0, 0), (1, 2)): [48, 7, 1, 1]
(1, (0, 0, 0), (2, 0)): [78, 11, 6, 0, 2]
(1, (0, 0, 0), (2, 2)): [41, 6, 5, 3]
(1, (0, 0, 0), (3, 0)): [53, 5, 1, 0, 1]
(1, (0, 0, 0), (3, 2)): [32, 7, 3, 2]
(1, (0, 0, 1), (0, 0)): [4676, 7473, 1492, 588, 260, 108, 38, 19, 9, 1, 1, 2]
(1, (0, 0, 1), (1, 0)): [4, 9, 5, 0, 1]
(1, (0, 0, 1), (2, 0)): [3, 7, 4, 0, 1]
(1, (0, 0, 1), (3, 0)): [3, 6, 3, 0, 1]
(1, (0, 1, 0), (0, 0)): [20540, 10351, 3472, 1395, 569, 233, 94, 36, 7, 7, 0, 2, 2]
(1, (0, 1, 0), (1, 0)): [30, 17, 7, 4, 3, 1]
(1, (0, 1, 0), (2, 0)): [14, 8, 3, 2, 3, 1]
(1, (0, 1, 0), (3, 0)): [12, 6, 2, 1, 3]
(1, (0, 1, 1), (0, 0)): [3494, 3071, 3210, 1235, 555, 224, 92, 28, 13, 3, 3, 1, 0, 1]
(1, (0, 1, 1), (0, 1)): [5, 2, 2, 2]
(1, (0, 1, 1), (0, 2)): [4, 0, 0, 1]
(1, (0, 1, 1), (1, 0)): [4, 2, 2, 1, 3, 1]
(1, (0, 1, 1), (2, 0)): [3, 2, 1, 1, 2, 1]
(1, (0, 1, 1), (3, 0)): [3, 2, 1, 0, 2, 1]
(1, (1, 0, 0), (0, 0)): [56917, 10949, 6470, 2795, 1110, 491, 167, 69, 23, 12, 5, 4, 1, 2]
(1, (1, 0, 0), (0, 1)): [67, 15, 13, 3, 1, 2]
(1, (1, 0, 0), (0, 2)): [33, 6, 7, 2]
(1, (1, 0, 0), (1, 0)): [65, 20, 16, 6, 2, 1, 0, 1]
(1, (1, 0, 0), (2, 0)): [29, 13, 10, 5, 2, 1]
(1, (1, 0, 0), (3, 0)): [16, 8, 4, 3, 2]
(1, (1, 0, 1), (0, 0)): [4634, 5899, 2108, 1254, 538, 247, 85, 38, 11, 10, 4, 1]
(1, (1, 0, 1), (1, 0)): [4, 7, 2, 5, 1, 1]
(1, (1, 0, 1), (2, 0)): [1, 4, 1, 2, 1, 1]
(1, (1, 0, 1), (3, 0)): [1, 3, 0, 0, 1, 1]
(1, (1, 1, 0), (0, 0)): [14331, 4687, 3272, 2208, 944, 425, 150, 60, 23, 12, 3, 3, 0, 3]
(1, (1, 1, 0), (1, 0)): [18, 2, 7, 6, 5]
(1, (1, 1, 0), (2, 0)): [12, 2, 4, 3, 5]
(1, (1, 1, 0), (3, 0)): [7, 1, 3, 2, 3]
(1, (1, 1, 0), (3, 1)): [3, 1, 1]
(1, (1, 1, 0), (3, 2)): [4, 2, 0, 0, 2]
(1, (1, 1, 1), (0, 0)): [2724, 2281, 1475, 1085, 751, 338, 124, 50, 18, 6, 3, 0, 0, 1]
(1, (1, 1, 1), (0, 1)): [8, 6, 4, 2]
(1, (1, 1, 1), (0, 2)): [6, 3, 2, 1]
(1, (1, 1, 1), (1, 0)): [2, 5, 7, 2, 5, 2, 1, 1]
(1, (1, 1, 1), (2, 0)): [1, 3, 5, 2, 3, 2, 1, 1]
(1, (1, 1, 1), (3, 0)): [1, 3, 3, 2, 2, 2]
(2, (0, 0, 0), (0, 0)): [117099, 4993, 1631, 537, 184, 68, 26, 11, 2, 1]
(2, (0, 0, 0), (0, 1)): [121, 15, 2, 1]
(2, (0, 0, 0), (0, 2)): [61, 8, 1, 1]
(2, (0, 0, 0), (1, 0)): [185, 16, 5, 4, 1]
(2, (0, 0, 0), (1, 1)): [112, 8, 4]
(2, (0, 0, 0), (1, 2)): [60, 6, 3, 1]
(2, (0, 0, 0), (2, 0)): [98, 8, 1, 3, 1]
(2, (0, 0, 0), (3, 0)): [53, 3, 1, 2, 1]
(2, (0, 0, 1), (0, 0)): [15110, 5074, 921, 282, 95, 43, 14, 2]
(2, (0, 0, 1), (0, 1)): [12, 3]
(2, (0, 0, 1), (0, 2)): [7, 2]
(2, (0, 0, 1), (1, 0)): [19, 5, 3]
(2, (0, 0, 1), (2, 0)): [11, 2, 2]
(2, (0, 1, 0), (0, 0)): [33394, 7755, 1920, 625, 210, 80, 26, 7, 2, 1]
(2, (0, 1, 0), (0, 1)): [20, 2, 0, 0, 1]
(2, (0, 1, 0), (0, 2)): [11, 0, 0, 0, 1]
(2, (0, 1, 0), (1, 0)): [41, 11, 6, 2, 1]
(2, (0, 1, 0), (2, 0)): [28, 6, 5, 2, 1]
(2, (0, 1, 0), (3, 0)): [19, 6, 4, 1, 1]
(2, (0, 1, 1), (0, 0)): [9021, 782, 2141, 575, 197, 63, 24, 7, 4, 1, 1]
(2, (0, 1, 1), (1, 0)): [17, 1, 4, 1]
(2, (0, 1, 1), (2, 0)): [13, 0, 1, 1]
(2, (0, 1, 1), (3, 0)): [12, 0, 1]
(2, (1, 0, 0), (0, 0)): [69456, 5523, 2861, 937, 310, 94, 42, 15, 4, 1]
(2, (1, 0, 0), (1, 0)): [54, 6, 4, 3]
(2, (1, 0, 0), (2, 0)): [28, 2, 1, 2]
(2, (1, 0, 0), (3, 0)): [17, 2, 0, 2]
(2, (1, 0, 0), (3, 1)): [14, 0, 1]
(2, (1, 0, 0), (3, 2)): [11, 0, 0, 1]
(2, (1, 0, 1), (0, 0)): [12407, 3429, 1484, 719, 218, 87, 29, 14, 4, 0, 0, 1]
(2, (1, 0, 1), (0, 1)): [15, 2, 3, 3]
(2, (1, 0, 1), (0, 2)): [9, 1, 2, 1]
(2, (1, 0, 1), (1, 0)): [13, 1, 1, 4]
(2, (1, 0, 1), (1, 1)): [7, 0, 0, 2]
(2, (1, 0, 1), (2, 0)): [8, 1, 1, 2]
(2, (1, 0, 1), (3, 0)): [8, 1, 1, 1]
(2, (1, 1, 0), (0, 0)): [22563, 3608, 1950, 1136, 379, 125, 40, 9, 5, 3, 1, 0, 0, 1]
(2, (1, 1, 0), (0, 1)): [34, 4, 2, 2, 1]
(2, (1, 1, 0), (0, 2)): [17, 3, 2, 1]
(2, (1, 1, 0), (1, 0)): [30, 4, 5, 5, 1, 2, 0, 1]
(2, (1, 1, 0), (2, 0)): [22, 3, 2, 3, 1, 1, 0, 1]
(2, (1, 1, 0), (3, 0)): [14, 2, 1, 0, 1, 1]
(2, (1, 1, 1), (0, 0)): [6705, 1041, 1166, 639, 403, 126, 42, 14, 8, 1, 1, 0, 0, 1]
(2, (1, 1, 1), (0, 1)): [13, 1, 3, 2, 1, 1]
(2, (1, 1, 1), (0, 2)): [9, 1, 1, 0, 0, 1]
(2, (1, 1, 1), (1, 0)): [11, 8, 2, 5, 0, 1]
(2, (1, 1, 1), (1, 1)): [6, 0, 3, 3]
(2, (1, 1, 1), (1, 2)): [5, 1, 2, 1, 0, 1]
(2, (1, 1, 1), (2, 0)): [8, 8, 1, 3, 0, 1]
(2, (1, 1, 1), (2, 2)): [5, 1, 1, 2]
(2, (1, 1, 1), (3, 0)): [5, 7, 0, 3, 0, 1]
(2, (1, 1, 1), (3, 1)): [5, 1, 0, 1]
(2, (1, 1, 1), (3, 2)): [4, 2, 0, 2]
