(0, (0, 0, 0), (0, 0)): [15055, 2854, 1275, 552, 229, 109, 46, 13, 7, 0, 2, 1, 1]
(0, (0, 0, 0), (0, 1)): [12, 0, 1, 1]
(0, (0, 0, 0), (0, 2)): [5, 0, 0, 1]
(0, (0, 0, 0), (1, 0)): [23, 3, 1]
(0, (0, 0, 0), (1, 1)): [10, 1, 1]
(0, (0, 0, 0), (1, 2)): [7, 0, 1, 1]
(0, (0, 0, 0), (2, 0)): [9, 2, 1]
(0, (0, 0, 0), (2, 1)): [9, 1]
(0, (0, 0, 0), (2, 2)): [7]
(0, (0, 0, 0), (3, 0)): [4, 1, 1]
(0, (0, 0, 0), (3, 1)): [6, 2, 1]
(0, (0, 0, 0), (3, 2)): [5, 2]
(0, (0, 0, 1), (0, 0)): [47, 169, 39, 14, 7, 4, 2, 2]
(0, (0, 1, 0), (0, 0)): [461, 454, 151, 80, 34, 12, 7, 3, 0, 0, 1, 1, 1]
(0, (0, 1, 0), (0, 1)): [0, 1]
(0, (0, 1, 0), (1, 1)): [0, 1]
(0, (0, 1, 0), (2, 1)): [0, 1]
(0, (0, 1, 0), (3, 1)): [0, 1]
(0, (0, 1, 1), (0, 0)): [56, 75, 90, 32, 27, 12, 3, 2, 1]
(0, (0, 1, 1), (1, 0)): [1]
(0, (0, 1, 1), (2, 0)): [1]
(0, (0, 1, 1), (3, 0)): [1]
(0, (1, 0, 0), (0, 0)): [3354, 1065, 664, 306, 138, 65, 31, 6, 5, 0, 1, 1]
(0, (1, 0, 0), (0, 1)): [3]
(0, (1, 0, 0), (0, 2)): [1]
(0, (1, 0, 0), (1, 0)): [3, 3, 1]
(0, (1, 0, 0), (1, 1)): [2, 2, 1]
(0, (1, 0, 0), (1, 2)): [1, 1]
(0, (1, 0, 0), (2, 0)): [2, 1]
(0, (1, 0, 0), (2, 1)): [1]
(0, (1, 0, 0), (2, 2)): [2]
(0, (1, 0, 0), (3, 0)): [1, 1]
(0, (1, 0, 0), (3, 1)): [1]
(0, (1, 0, 0), (3, 2)): [1]
(0, (1, 0, 1), (0, 0)): [64, 260, 87, 64, 23, 12, 10, 6]
(0, (1, 1, 0), (0, 0)): [527, 298, 256, 146, 72, 49, 20, 5, 4, 0, 0, 1]
(0, (1, 1, 0), (0, 1)): [0, 0, 1]
(0, (1, 1, 0), (0, 2)): [0, 0, 1]
(0, (1, 1, 0), (1, 0)): [2, 2]
(0, (1, 1, 0), (1, 1)): [0, 1]
(0, (1, 1, 0), (1, 2)): [0, 1]
(0, (1, 1, 0), (2, 0)): [0, 1]
(0, (1, 1, 0), (3, 0)): [0, 1]
(0, (1, 1, 1), (0, 0)): [42, 84, 76, 54, 46, 27, 10, 5, 0, 1, 1, 1]
(0, (1, 1, 1), (0, 1)): [1]
(0, (1, 1, 1), (0, 2)): [1]
(1, (0, 0, 0), (0, 0)): [11984, 1211, 491, 181, 63, 31, 7, 3, 2]
(1, (0, 0, 0), (0, 1)): [18, 2]
(1, (0, 0, 0), (0, 2)): [9, 1]
(1, (0, 0, 0), (1, 0)): [16, 0, 0, 1]
(1, (0, 0, 0), (1, 1)): [12, 1, 0, 1]
(1, (0, 0, 0), (1, 2)): [8]
(1, (0, 0, 0), (2, 0)): [3]
(1, (0, 0, 0), (2, 1)): [7, 1]
(1, (0, 0, 0), (2, 2)): [3, 1]
(1, (0, 0, 0), (3, 1)): [2]
(1, (0, 0, 0), (3, 2)): [2, 1]
(1, (0, 0, 1), (0, 0)): [276, 418, 80, 22, 12, 6, 3, 1, 1, 0, 1]
(1, (0, 1, 0), (0, 0)): [1498, 711, 228, 84, 26, 10, 5, 1, 0, 0, 0, 1]
(1, (0, 1, 0), (0, 1)): [2]
(1, (0, 1, 0), (0, 2)): [2]
(1, (0, 1, 0), (1, 0)): [1, 0, 1]
(1, (0, 1, 0), (1, 1)): [0, 0, 1]
(1, (0, 1, 0), (1, 2)): [2]
(1, (0, 1, 0), (2, 2)): [1]
(1, (0, 1, 1), (0, 0)): [305, 235, 214, 85, 26, 12, 5, 0, 1]
(1, (0, 1, 1), (0, 1)): [0, 1]
(1, (1, 0, 0), (0, 0)): [4745, 816, 501, 209, 75, 31, 10, 2, 1, 0, 1]
(1, (1, 0, 0), (0, 1)): [6]
(1, (1, 0, 0), (0, 2)): [2]
(1, (1, 0, 0), (1, 0)): [4, 1]
(1, (1, 0, 0), (1, 1)): [2, 1]
(1, (1, 0, 0), (1, 2)): [2, 1]
(1, (1, 0, 0), (2, 0)): [2]
(1, (1, 0, 0), (2, 1)): [1]
(1, (1, 0, 0), (2, 2)): [1]
(1, (1, 0, 0), (3, 0)): [2]
(1, (1, 0, 0), (3, 1)): [1]
(1, (1, 0, 1), (0, 0)): [336, 462, 142, 72, 29, 13, 6, 1, 0, 0, 2]
(1, (1, 0, 1), (1, 0)): [1, 1]
(1, (1, 0, 1), (1, 1)): [1]
(1, (1, 0, 1), (1, 2)): [1]
(1, (1, 1, 0), (0, 0)): [1318, 377, 278, 170, 73, 33, 10, 1, 1]
(1, (1, 1, 0), (1, 0)): [1, 0, 1]
(1, (1, 1, 0), (1, 1)): [0, 0, 1]
(1, (1, 1, 0), (2, 0)): [1]
(1, (1, 1, 0), (2, 1)): [1]
(1, (1, 1, 0), (2, 2)): [1]
(1, (1, 1, 1), (0, 0)): [284, 223, 147, 101, 63, 30, 11, 1]
(1, (1, 1, 1), (0, 1)): [0, 1]
(1, (1, 1, 1), (0, 2)): [0, 1]
(1, (1, 1, 1), (1, 0)): [2]
(1, (1, 1, 1), (2, 0)): [1]
(1, (1, 1, 1), (2, 1)): [1]
(1, (1, 1, 1), (3, 1)): [1]
(2, (0, 0, 0), (0, 0)): [10219, 405, 131, 40, 15, 5, 1, 1, 1]
(2, (0, 0, 0), (0, 1)): [15]
(2, (0, 0, 0), (0, 2)): [6]
(2, (0, 0, 0), (1, 0)): [15, 0, 0, 1]
(2, (0, 0, 0), (1, 1)): [7]
(2, (0, 0, 0), (1, 2)): [6]
(2, (0, 0, 0), (2, 0)): [6, 0, 0, 1]
(2, (0, 0, 0), (2, 1)): [3, 0, 0, 1]
(2, (0, 0, 0), (2, 2)): [2, 0, 0, 1]
(2, (0, 0, 0), (3, 0)): [2]
(2, (0, 0, 0), (3, 1)): [3]
(2, (0, 0, 0), (3, 2)): [5]
(2, (0, 0, 1), (0, 0)): [805, 243, 45, 6, 7, 2, 0, 0, 1, 0, 0, 1]
(2, (0, 0, 1), (0, 1)): [2]
(2, (0, 0, 1), (0, 2)): [2]
(2, (0, 0, 1), (1, 0)): [2]
(2, (0, 0, 1), (1, 1)): [2]
(2, (0, 0, 1), (1, 2)): [1]
(2, (0, 0, 1), (2, 2)): [1]
(2, (0, 0, 1), (3, 2)): [1]
(2, (0, 1, 0), (0, 0)): [2459, 545, 132, 39, 15, 5]
(2, (0, 1, 0), (0, 1)): [2]
(2, (0, 1, 0), (0, 2)): [1]
(2, (0, 1, 0), (1, 0)): [2, 0, 0, 1]
(2, (0, 1, 0), (1, 1)): [1]
(2, (0, 1, 0), (1, 2)): [1]
(2, (0, 1, 0), (2, 0)): [0, 0, 0, 1]
(2, (0, 1, 0), (2, 1)): [1, 0, 0, 1]
(2, (0, 1, 0), (2, 2)): [1]
(2, (0, 1, 0), (3, 1)): [1]
(2, (0, 1, 0), (3, 2)): [2]
(2, (0, 1, 1), (0, 0)): [549, 45, 135, 24, 15, 0, 1, 1]
(2, (0, 1, 1), (1, 0)): [2]
(2, (0, 1, 1), (2, 0)): [2]
(2, (0, 1, 1), (3, 0)): [2]
(2, (1, 0, 0), (0, 0)): [5724, 423, 228, 78, 23, 5, 1, 2, 0, 0, 1]
(2, (1, 0, 0), (0, 1)): [8]
(2, (1, 0, 0), (0, 2)): [2]
(2, (1, 0, 0), (1, 0)): [5, 0, 0, 1]
(2, (1, 0, 0), (1, 1)): [5]
(2, (1, 0, 0), (1, 2)): [3]
(2, (1, 0, 0), (2, 0)): [1, 0, 0, 1]
(2, (1, 0, 0), (2, 1)): [1]
(2, (1, 0, 0), (2, 2)): [3]
(2, (1, 0, 0), (3, 2)): [1]
(2, (1, 0, 1), (0, 0)): [831, 199, 83, 41, 8, 4, 0, 0, 1]
(2, (1, 0, 1), (0, 1)): [1]
(2, (1, 0, 1), (0, 2)): [1]
(2, (1, 0, 1), (1, 2)): [1]
(2, (1, 0, 1), (2, 2)): [1]
(2, (1, 0, 1), (3, 2)): [1]
(2, (1, 1, 0), (0, 0)): [2415, 391, 176, 115, 33, 9, 0, 2, 0, 0, 1]
(2, (1, 1, 0), (0, 1)): [0, 0, 1]
(2, (1, 1, 0), (1, 0)): [1]
(2, (1, 1, 1), (0, 0)): [669, 97, 108, 64, 31, 7, 2, 1, 0, 0, 1]
(2, (1, 1, 1), (0, 1)): [1]
(2, (1, 1, 1), (1, 0)): [0, 1]
(2, (1, 1, 1), (1, 1)): [1]
(2, (1, 1, 1), (2, 0)): [0, 1]
(2, (1, 1, 1), (3, 0)): [0, 1]
