(0, (0, 0, 0)): [2337216, 478823, 220047, 100824, 45309, 19351, 8061, 3236, 1332, 578, 251, 121, 43, 23, 6, 1, 1, 1]
(0, (0, 0, 1)): [8276, 25875, 7087, 3473, 1672, 728, 316, 125, 54, 32, 18, 4, 4, 3]
(0, (0, 1, 0)): [86994, 81402, 32183, 16010, 7585, 3297, 1422, 580, 245, 126, 44, 19, 9, 6, 3, 0, 1]
(0, (0, 1, 1)): [6861, 12094, 14291, 6689, 3513, 1705, 726, 317, 157, 67, 21, 15, 4, 4, 2, 0, 1, 1]
(0, (1, 0, 0)): [486383, 159943, 104881, 52305, 25128, 11201, 4694, 1994, 847, 368, 173, 71, 26, 17, 4, 1, 1, 1]
(0, (1, 0, 1)): [11325, 34759, 14040, 10127, 5301, 2474, 1159, 474, 232, 99, 50, 20, 11, 3, 2, 0, 0, 1]
(0, (1, 1, 0)): [69975, 43919, 32256, 23741, 12636, 5897, 2539, 1170, 495, 220, 102, 43, 13, 6, 1, 0, 1]
(0, (1, 1, 1)): [6681, 13186, 10515, 7592, 6257, 3119, 1452, 682, 330, 134, 66, 26, 7, 4, 1, 0, 1]
(1, (0, 0, 0)): [1913349, 214742, 87665, 34858, 13683, 5201, 2026, 708, 257, 104, 37, 23, 8, 3, 0, 1]
(1, (0, 0, 1)): [50918, 72942, 14599, 6455, 2611, 1078, 414, 145, 70, 25, 15, 9, 4, 2]
(1, (0, 1, 0)): [256615, 110379, 41159, 17924, 7252, 2902, 1026, 444, 135, 67, 34, 10, 10, 2, 1]
(1, (0, 1, 1)): [39730, 33605, 28780, 11772, 6091, 2428, 981, 396, 165, 55, 19, 10, 3, 2, 0, 1]
(1, (1, 0, 0)): [708889, 123964, 82701, 35291, 14425, 5729, 2267, 809, 319, 138, 49, 32, 7, 3, 0, 2]
(1, (1, 0, 1)): [57725, 65145, 20842, 14346, 6215, 2579, 1009, 391, 139, 77, 22, 10, 2, 1]
(1, (1, 1, 0)): [200204, 60014, 39850, 29467, 12358, 5157, 2005, 797, 311, 129, 49, 25, 10, 5, 1]
(1, (1, 1, 1)): [40955, 32786, 20394, 13222, 10215, 4368, 1778, 667, 274, 100, 34, 22, 9, 4, 1, 1]
(2, (0, 0, 0)): [1672028, 79775, 26452, 8469, 2834, 889, 306, 102, 21, 8, 5, 0, 1]
(2, (0, 0, 1)): [156126, 45018, 9626, 3329, 1170, 412, 115, 40, 9, 6, 0, 2]
(2, (0, 1, 0)): [411771, 84197, 23904, 8567, 2892, 924, 287, 83, 22, 13, 7, 0, 1]
(2, (0, 1, 1)): [95578, 7939, 19665, 5781, 2271, 763, 250, 80, 25, 7, 5, 1, 0, 1]
(2, (1, 0, 0)): [857557, 61874, 42182, 13477, 4446, 1403, 535, 156, 38, 15, 7, 1, 1]
(2, (1, 0, 1)): [152044, 35081, 13830, 8960, 2959, 964, 327, 94, 32, 11, 2, 4, 2]
(2, (1, 1, 0)): [339469, 50696, 25602, 18286, 5932, 1890, 640, 217, 67, 28, 10, 3, 2, 1]
(2, (1, 1, 1)): [100721, 14620, 16624, 8297, 6346, 1983, 670, 229, 78, 18, 10, 4, 1, 1]
