(0, (0, 0, 0)): [925104, 184154, 85752, 39098, 17524, 7574, 3140, 1317, 535, 245, 102, 53, 24, 8, 3, 1, 0, 1]
(0, (0, 0, 1)): [3835, 11601, 3114, 1516, 742, 321, 136, 70, 31, 17, 4, 1, 2, 1]
(0, (0, 1, 0)): [30818, 28672, 11230, 5327, 2604, 1152, 480, 207, 88, 49, 16, 5, 3, 2, 1]
(0, (0, 1, 1)): [2742, 4559, 5600, 2604, 1409, 636, 282, 137, 64, 28, 9, 6, 1, 2, 1, 0, 0, 1]
(0, (1, 0, 0)): [199887, 65914, 42298, 20901, 10042, 4544, 1927, 837, 350, 159, 70, 34, 15, 4, 2, 1, 0, 1]
(0, (1, 0, 1)): [4692, 14508, 5857, 4054, 2169, 994, 493, 200, 96, 45, 20, 11, 5, 1, 1, 0, 0, 1]
(0, (1, 1, 0)): [27265, 17365, 13311, 9504, 5052, 2414, 1054, 511, 203, 88, 43, 21, 6, 1]
(0, (1, 1, 1)): [2727, 5096, 4208, 3208, 2528, 1276, 613, 303, 130, 55, 31, 12, 2, 1, 1]
(1, (0, 0, 0)): [745514, 80997, 33424, 13290, 5198, 1961, 771, 297, 114, 44, 20, 13, 6, 2, 0, 1]
(1, (0, 0, 1)): [20012, 28909, 5703, 2410, 1010, 434, 156, 67, 33, 8, 6, 4, 3, 1]
(1, (0, 1, 0)): [97967, 44548, 15985, 6746, 2767, 1085, 369, 184, 46, 29, 17, 7, 7, 2, 1]
(1, (0, 1, 1)): [16510, 13247, 12300, 4884, 2547, 997, 409, 166, 80, 18, 7, 5, 1, 2, 0, 1]
(1, (1, 0, 0)): [290323, 51342, 32977, 14146, 5726, 2270, 905, 328, 148, 61, 24, 18, 4, 2, 0, 2]
(1, (1, 0, 1)): [23017, 27434, 8830, 5824, 2496, 1051, 398, 163, 56, 41, 12, 4, 0, 1]
(1, (1, 1, 0)): [78991, 24619, 16715, 11760, 5003, 2109, 825, 339, 133, 54, 20, 12, 6, 4, 1]
(1, (1, 1, 1)): [16447, 12924, 8361, 5515, 3990, 1706, 699, 264, 108, 39, 16, 14, 6, 2, 1, 1]
(2, (0, 0, 0)): [643975, 29014, 9871, 3139, 1078, 350, 129, 39, 8, 3, 3, 0, 1]
(2, (0, 0, 1)): [58552, 18292, 3608, 1231, 447, 158, 43, 12, 3, 2, 0, 1]
(2, (0, 1, 0)): [156480, 34261, 9036, 3177, 1054, 356, 107, 27, 7, 4, 4, 0, 1]
(2, (0, 1, 1)): [36653, 3185, 8222, 2217, 873, 280, 106, 36, 15, 4, 3, 1, 0, 1]
(2, (1, 0, 0)): [353559, 25610, 16498, 5233, 1723, 540, 225, 58, 16, 8, 4, 0, 1]
(2, (1, 0, 1)): [58671, 14449, 5762, 3440, 1105, 374, 141, 43, 19, 6, 0, 2, 1]
(2, (1, 1, 0)): [137382, 21435, 10796, 7144, 2314, 773, 240, 79, 33, 13, 5, 1, 2, 1]
(2, (1, 1, 1)): [40025, 5878, 6688, 3355, 2405, 784, 255, 90, 37, 5, 4, 0, 1, 1]
