(0, (0, 0, 0), (0, 0)): [417334, 86247, 40901, 18985, 8631, 3829, 1620, 680, 284, 141, 56, 25, 14, 3, 2]
(0, (0, 0, 1), (0, 0)): [1906, 6467, 1807, 860, 437, 182, 86, 46, 20, 7, 2, 1, 3]
(0, (0, 1, 0), (0, 0)): [13559, 14210, 5524, 2615, 1340, 621, 257, 112, 52, 32, 9, 4, 2]
(0, (0, 1, 1), (0, 0)): [1219, 2249, 2946, 1353, 715, 345, 149, 66, 35, 11, 5, 2, 0, 1, 1]
(0, (1, 0, 0), (0, 0)): [92946, 33087, 20763, 10452, 5024, 2304, 983, 429, 178, 93, 40, 16, 8, 3, 2]
(0, (1, 0, 0), (1, 0)): [175, 69, 41, 12, 6, 4, 2, 3, 1]
(0, (1, 0, 0), (2, 0)): [70, 32, 15, 7, 3, 1, 2, 3, 1]
(0, (1, 0, 0), (3, 0)): [32, 17, 6, 3, 1, 1, 0, 1]
(0, (1, 0, 0), (3, 1)): [30, 11, 4, 1, 1, 1]
(0, (1, 0, 0), (3, 2)): [29, 11, 7, 1, 1, 1]
(0, (1, 0, 1), (0, 0)): [2186, 7113, 3112, 2111, 1153, 548, 287, 115, 53, 25, 9, 8, 2, 0, 1]
(0, (1, 1, 0), (0, 0)): [12337, 8371, 6918, 4696, 2560, 1199, 530, 264, 106, 50, 27, 8, 4, 1]
(0, (1, 1, 0), (1, 0)): [16, 13, 14, 14, 5, 3, 3, 1]
(0, (1, 1, 0), (2, 0)): [6, 4, 7, 6, 4, 1, 1, 1]
(0, (1, 1, 0), (3, 0)): [3, 2, 5, 4, 1, 0, 0, 1]
(0, (1, 1, 1), (0, 0)): [1242, 2347, 2058, 1673, 1325, 664, 311, 151, 66, 33, 19, 5, 0, 1, 1]
(1, (0, 0, 0), (0, 0)): [330689, 36564, 15372, 6165, 2473, 987, 398, 155, 62, 22, 9, 6, 2]
(1, (0, 0, 1), (0, 0)): [10480, 16666, 3306, 1379, 594, 246, 103, 51, 19, 8, 6, 3, 2]
(1, (0, 1, 0), (0, 0)): [47798, 23915, 8196, 3412, 1416, 592, 215, 99, 27, 21, 5, 5, 3]
(1, (0, 1, 1), (0, 0)): [8210, 7246, 7246, 2819, 1335, 546, 208, 89, 46, 14, 6, 4, 1, 1]
(1, (1, 0, 0), (0, 0)): [136305, 26005, 15915, 7012, 2814, 1191, 458, 169, 76, 33, 12, 10, 2, 2]
(1, (1, 0, 0), (1, 0)): [274, 64, 40, 12, 3, 4, 0, 1]
(1, (1, 0, 0), (2, 0)): [97, 24, 21, 7, 2, 1]
(1, (1, 0, 0), (3, 0)): [41, 13, 8, 3, 2]
(1, (1, 0, 1), (0, 0)): [10877, 14200, 4906, 3108, 1309, 586, 222, 80, 30, 26, 9, 2]
(1, (1, 1, 0), (0, 0)): [35585, 11477, 8392, 5579, 2441, 1076, 414, 164, 64, 27, 8, 6, 1, 3]
(1, (1, 1, 1), (0, 0)): [7099, 5941, 3877, 2749, 1886, 853, 344, 134, 56, 22, 8, 4, 1, 1]
(2, (0, 0, 0), (0, 0)): [283455, 12382, 4292, 1344, 482, 184, 64, 26, 6, 1, 2]
(2, (0, 0, 1), (0, 0)): [32373, 10735, 1971, 661, 231, 93, 35, 9, 1, 1, 0, 1]
(2, (0, 1, 0), (0, 0)): [78206, 18456, 4533, 1545, 510, 183, 59, 15, 5, 1]
(2, (0, 1, 1), (0, 0)): [19624, 1723, 4758, 1261, 469, 167, 56, 19, 10, 3, 1]
(2, (0, 1, 1), (1, 0)): [62, 4, 19, 5, 1, 1]
(2, (0, 1, 1), (2, 0)): [38, 1, 9, 4, 0, 1]
(2, (0, 1, 1), (3, 0)): [32, 0, 7, 2, 0, 1]
(2, (1, 0, 0), (0, 0)): [167337, 13110, 7412, 2449, 832, 267, 108, 37, 11, 2, 3]
(2, (1, 0, 1), (0, 0)): [28897, 7777, 3343, 1766, 545, 215, 72, 29, 11, 1, 0, 1]
(2, (1, 0, 1), (0, 1)): [51, 11, 5, 5, 0, 1]
(2, (1, 0, 1), (0, 2)): [22, 3, 2, 2]
(2, (1, 0, 1), (1, 2)): [17, 3, 0, 2]
(2, (1, 0, 1), (2, 2)): [12, 1, 0, 1]
(2, (1, 0, 1), (3, 2)): [7, 0, 2]
(2, (1, 1, 0), (0, 0)): [59444, 9516, 5203, 3088, 1020, 362, 113, 37, 16, 5, 4, 0, 0, 1]
(2, (1, 1, 1), (0, 0)): [17647, 2658, 3094, 1655, 1109, 386, 126, 45, 20, 3, 4, 0, 0, 1]
(2, (1, 1, 1), (1, 0)): [36, 13, 6, 12, 0, 1]
(2, (1, 1, 1), (2, 0)): [16, 12, 1, 8, 0, 1]
(2, (1, 1, 1), (3, 0)): [5, 10, 0, 5, 0, 1]
