(0, (0, 0, 0)): [31095, 5757, 2496, 1128, 522, 183, 87, 24, 14, 5, 3, 1]
(0, (0, 0, 1)): [78, 295, 83, 28, 20, 9, 2, 2, 1]
(0, (0, 1, 0)): [1143, 1099, 399, 207, 77, 31, 17, 5, 3, 2, 2, 1]
(0, (0, 1, 1)): [76, 156, 158, 87, 35, 20, 11, 3, 2, 1]
(0, (1, 0, 0)): [5974, 1987, 1197, 584, 306, 104, 56, 13, 8, 4, 3]
(0, (1, 0, 1)): [138, 442, 173, 136, 65, 25, 18, 4, 4, 0, 1]
(0, (1, 1, 0)): [865, 552, 383, 276, 163, 52, 31, 7, 5, 1, 2]
(0, (1, 1, 1)): [72, 155, 121, 92, 79, 31, 17, 4, 4, 1, 2]
(1, (0, 0, 0)): [23988, 2532, 978, 405, 149, 46, 19, 4, 2, 1]
(1, (0, 0, 1)): [654, 928, 174, 87, 23, 8, 2, 3, 2, 2, 1]
(1, (0, 1, 0)): [3349, 1365, 488, 206, 77, 26, 11, 4, 2]
(1, (0, 1, 1)): [463, 415, 310, 152, 65, 20, 9, 3]
(1, (1, 0, 0)): [8652, 1535, 947, 397, 159, 53, 18, 6, 3, 2]
(1, (1, 0, 1)): [759, 833, 249, 160, 65, 24, 11, 4, 1]
(1, (1, 1, 0)): [2453, 728, 498, 309, 150, 50, 16, 8, 3]
(1, (1, 1, 1)): [516, 430, 254, 149, 123, 41, 14, 8, 4]
(2, (0, 0, 0)): [20920, 924, 302, 91, 29, 6, 3]
(2, (0, 0, 1)): [2114, 520, 111, 38, 13, 6, 1, 1]
(2, (0, 1, 0)): [5316, 988, 254, 97, 28, 7, 2, 1, 1]
(2, (0, 1, 1)): [1194, 92, 205, 60, 25, 9, 2, 1, 1]
(2, (1, 0, 0)): [10243, 769, 458, 135, 39, 11, 7, 0, 0, 1]
(2, (1, 0, 1)): [2002, 407, 138, 112, 24, 9, 2]
(2, (1, 1, 0)): [4065, 603, 303, 179, 61, 6, 9, 1, 0, 1]
(2, (1, 1, 1)): [1210, 181, 177, 100, 66, 13, 7, 1]
