(0, (0, 0, 0)): [33800, 7207, 3565, 1662, 783, 346, 148, 55, 30, 7, 5, 4, 1]
(0, (0, 0, 1)): [70, 330, 97, 52, 19, 7, 2, 2, 2, 0, 1]
(0, (0, 1, 0)): [1331, 1317, 544, 301, 137, 66, 31, 8, 6, 1, 0, 3, 1]
(0, (0, 1, 1)): [106, 170, 225, 123, 63, 34, 10, 6, 1, 3, 1]
(0, (1, 0, 0)): [6583, 2249, 1648, 815, 411, 204, 78, 36, 19, 4, 6, 1, 1]
(0, (1, 0, 1)): [139, 493, 208, 175, 83, 49, 21, 12, 3, 1, 1, 2, 1]
(0, (1, 1, 0)): [1065, 679, 533, 370, 220, 101, 38, 14, 13, 2, 2, 1]
(0, (1, 1, 1)): [115, 196, 180, 113, 100, 44, 17, 12, 8, 3, 0, 2]
(1, (0, 0, 0)): [26178, 3237, 1411, 601, 251, 83, 39, 14, 6, 2]
(1, (0, 0, 1)): [666, 991, 222, 99, 37, 20, 5, 1, 2, 0, 1]
(1, (0, 1, 0)): [3628, 1439, 647, 307, 116, 40, 26, 5, 1, 1]
(1, (0, 1, 1)): [505, 507, 389, 206, 98, 38, 26, 3, 3, 1]
(1, (1, 0, 0)): [9760, 1782, 1270, 556, 271, 93, 40, 14, 7, 3, 1]
(1, (1, 0, 1)): [803, 945, 281, 224, 98, 34, 19, 7, 5, 1, 2]
(1, (1, 1, 0)): [3065, 907, 617, 463, 217, 85, 38, 15, 2, 3, 1]
(1, (1, 1, 1)): [600, 475, 290, 203, 179, 78, 30, 10, 5, 2, 1]
(2, (0, 0, 0)): [23100, 1290, 461, 153, 51, 15, 4, 6]
(2, (0, 0, 1)): [2355, 611, 164, 59, 16, 11, 2, 1]
(2, (0, 1, 0)): [5973, 1162, 419, 143, 55, 19, 6, 2]
(2, (0, 1, 1)): [1449, 107, 301, 106, 44, 14, 3]
(2, (1, 0, 0)): [11790, 881, 695, 204, 93, 21, 8, 6, 1]
(2, (1, 0, 1)): [2257, 516, 218, 173, 43, 17, 5, 1, 1, 0, 1]
(2, (1, 1, 0)): [4956, 717, 386, 271, 105, 28, 16, 5, 0, 1]
(2, (1, 1, 1)): [1554, 227, 245, 117, 109, 35, 19, 5, 1, 1]
