(0, (0, 0, 0), (0, 0)): [28896, 5666, 2472, 1110, 461, 198, 72, 31, 9, 7, 0, 1, 0, 1]
(0, (0, 0, 0), (0, 1)): [156, 34, 15, 14, 3]
(0, (0, 0, 0), (0, 2)): [60, 19, 6, 8, 1]
(0, (0, 0, 0), (1, 0)): [242, 51, 28, 5, 4, 2, 0, 1, 0, 1]
(0, (0, 0, 0), (1, 1)): [141, 27, 20, 5, 2, 2]
(0, (0, 0, 0), (1, 2)): [110, 24, 17, 7, 1, 2]
(0, (0, 0, 0), (2, 0)): [153, 30, 14, 4, 3, 0, 0, 1, 0, 1]
(0, (0, 0, 0), (2, 1)): [167, 28, 17, 6, 3, 0, 0, 1, 0, 1]
(0, (0, 0, 0), (2, 2)): [192, 35, 21, 7, 3, 0, 0, 1, 0, 1]
(0, (0, 0, 0), (3, 0)): [11, 5, 2, 0, 1]
(0, (0, 0, 0), (3, 1)): [11, 5, 2, 0, 1]
(0, (0, 0, 0), (3, 2)): [24, 7, 3, 1, 1]
(0, (0, 0, 1), (0, 0)): [132, 377, 82, 41, 19, 6, 4, 3]
(0, (0, 0, 1), (0, 1)): [0, 2, 1]
(0, (0, 0, 1), (0, 2)): [0, 2, 1]
(0, (0, 0, 1), (1, 0)): [3, 4, 1]
(0, (0, 0, 1), (1, 1)): [1, 1, 1]
(0, (0, 0, 1), (1, 2)): [1, 1, 1]
(0, (0, 0, 1), (2, 0)): [2, 3]
(0, (0, 0, 1), (2, 1)): [2, 3]
(0, (0, 0, 1), (2, 2)): [3, 3]
(0, (0, 1, 0), (0, 0)): [1245, 1014, 440, 214, 69, 36, 18, 10, 1, 2]
(0, (0, 1, 0), (0, 1)): [6, 3, 3, 1]
(0, (0, 1, 0), (0, 2)): [4, 1, 2, 1]
(0, (0, 1, 0), (1, 0)): [9, 10, 4, 4, 1, 0, 0, 0, 0, 1]
(0, (0, 1, 0), (1, 1)): [3, 4, 2, 1, 1]
(0, (0, 1, 0), (1, 2)): [4, 4, 2, 1, 1]
(0, (0, 1, 0), (2, 0)): [6, 8, 3, 3, 0, 0, 0, 0, 0, 1]
(0, (0, 1, 0), (2, 1)): [7, 7, 3, 3, 0, 0, 0, 0, 0, 1]
(0, (0, 1, 0), (2, 2)): [8, 7, 4, 3, 0, 0, 0, 0, 0, 1]
(0, (0, 1, 0), (3, 0)): [0, 2]
(0, (0, 1, 0), (3, 1)): [0, 2]
(0, (0, 1, 0), (3, 2)): [0, 2]
(0, (0, 1, 1), (0, 0)): [88, 148, 149, 76, 33, 20, 5, 0, 3, 1]
(0, (0, 1, 1), (0, 1)): [0, 2, 0, 1]
(0, (0, 1, 1), (0, 2)): [0, 1]
(0, (0, 1, 1), (1, 0)): [0, 2, 1]
(0, (0, 1, 1), (1, 1)): [0, 1, 0, 1]
(0, (0, 1, 1), (1, 2)): [0, 1]
(0, (0, 1, 1), (2, 0)): [0, 2, 1]
(0, (0, 1, 1), (2, 1)): [0, 1, 1, 1]
(0, (0, 1, 1), (2, 2)): [0, 2, 1, 1]
(0, (0, 1, 1), (3, 0)): [0, 1]
(0, (0, 1, 1), (3, 1)): [0, 1]
(0, (0, 1, 1), (3, 2)): [0, 2]
(0, (1, 0, 0), (0, 0)): [5859, 2005, 1181, 578, 252, 125, 41, 17, 4, 6]
(0, (1, 0, 0), (0, 1)): [33, 15, 9, 7, 1]
(0, (1, 0, 0), (0, 2)): [11, 5, 4, 5]
(0, (1, 0, 0), (1, 0)): [48, 15, 11, 4, 1, 1, 0, 1, 0, 1]
(0, (1, 0, 0), (1, 1)): [31, 11, 10, 4, 1, 1]
(0, (1, 0, 0), (1, 2)): [25, 9, 7, 6, 0, 1]
(0, (1, 0, 0), (2, 0)): [28, 12, 6, 2, 1, 0, 0, 1, 0, 1]
(0, (1, 0, 0), (2, 1)): [29, 14, 10, 2, 1, 0, 0, 1, 0, 1]
(0, (1, 0, 0), (2, 2)): [33, 17, 10, 3, 1, 0, 0, 1, 0, 1]
(0, (1, 0, 0), (3, 0)): [3, 0, 1, 0, 1]
(0, (1, 0, 0), (3, 1)): [3, 0, 1, 0, 1]
(0, (1, 0, 0), (3, 2)): [6, 2, 1, 1, 1]
(0, (1, 0, 1), (0, 0)): [163, 424, 159, 111, 44, 26, 11, 6, 2]
(0, (1, 0, 1), (0, 1)): [2, 1, 1]
(0, (1, 0, 1), (0, 2)): [0, 1, 1]
(0, (1, 0, 1), (1, 0)): [3, 3, 6, 5, 1, 0, 0, 1]
(0, (1, 0, 1), (1, 1)): [2, 1, 2, 2]
(0, (1, 0, 1), (1, 2)): [0, 2, 2, 2]
(0, (1, 0, 1), (2, 0)): [3, 2, 4, 3, 1, 0, 0, 1]
(0, (1, 0, 1), (2, 1)): [4, 2, 4, 2, 0, 0, 0, 1]
(0, (1, 0, 1), (2, 2)): [4, 2, 4, 2, 0, 0, 0, 1]
(0, (1, 0, 1), (3, 0)): [0, 0, 0, 1, 1]
(0, (1, 0, 1), (3, 1)): [0, 0, 0, 1, 1]
(0, (1, 0, 1), (3, 2)): [0, 0, 0, 1, 1]
(0, (1, 1, 0), (0, 0)): [834, 520, 370, 245, 132, 70, 30, 10, 2, 6]
(0, (1, 1, 0), (0, 1)): [1, 6, 5, 1, 1]
(0, (1, 1, 0), (0, 2)): [1, 3, 3]
(0, (1, 1, 0), (1, 0)): [5, 3, 5, 0, 0, 1]
(0, (1, 1, 0), (1, 1)): [1, 4, 5, 1, 1, 1]
(0, (1, 1, 0), (1, 2)): [1, 3, 4, 1, 0, 1]
(0, (1, 1, 0), (2, 0)): [3, 1, 2]
(0, (1, 1, 0), (2, 1)): [2, 2, 3, 0, 1]
(0, (1, 1, 0), (2, 2)): [2, 2, 3, 0, 1]
(0, (1, 1, 0), (3, 0)): [1, 0, 1]
(0, (1, 1, 0), (3, 1)): [1, 0, 1]
(0, (1, 1, 0), (3, 2)): [1, 0, 1]
(0, (1, 1, 1), (0, 0)): [98, 158, 102, 78, 65, 42, 19, 5, 4, 1]
(0, (1, 1, 1), (0, 1)): [0, 0, 1]
(0, (1, 1, 1), (0, 2)): [0, 0, 1]
(0, (1, 1, 1), (1, 0)): [1, 2, 2]
(0, (1, 1, 1), (1, 1)): [0, 1, 2]
(0, (1, 1, 1), (1, 2)): [0, 1, 2]
(0, (1, 1, 1), (2, 0)): [0, 1]
(0, (1, 1, 1), (3, 0)): [0, 1]
(0, (1, 1, 1), (3, 1)): [0, 1]
(0, (1, 1, 1), (3, 2)): [0, 1]
(1, (0, 0, 0), (0, 0)): [23837, 2469, 960, 384, 150, 51, 15, 5, 3, 0, 0, 1, 0, 1]
(1, (0, 0, 0), (0, 1)): [131, 12, 3, 5, 2]
(1, (0, 0, 0), (0, 2)): [55, 9, 0, 1, 1]
(1, (0, 0, 0), (1, 0)): [198, 26, 13, 0, 2, 1]
(1, (0, 0, 0), (1, 1)): [113, 11, 8, 2, 1, 1]
(1, (0, 0, 0), (1, 2)): [89, 11, 8, 0, 1, 1]
(1, (0, 0, 0), (2, 0)): [124, 12, 5, 0, 1]
(1, (0, 0, 0), (2, 1)): [137, 9, 5, 2, 1]
(1, (0, 0, 0), (2, 2)): [158, 11, 8, 2, 1]
(1, (0, 0, 0), (3, 0)): [8, 3]
(1, (0, 0, 0), (3, 1)): [8, 3]
(1, (0, 0, 0), (3, 2)): [18, 3, 1]
(1, (0, 0, 1), (0, 0)): [697, 934, 193, 74, 35, 8, 2, 3, 1, 0, 1]
(1, (0, 0, 1), (0, 1)): [1, 4, 3]
(1, (0, 0, 1), (0, 2)): [1, 2, 1]
(1, (0, 0, 1), (1, 0)): [12, 9, 0, 0, 0, 1]
(1, (0, 0, 1), (1, 1)): [5, 4, 2]
(1, (0, 0, 1), (1, 2)): [6, 3]
(1, (0, 0, 1), (2, 0)): [6, 7, 0, 0, 0, 1]
(1, (0, 0, 1), (2, 1)): [5, 7, 1, 0, 0, 1]
(1, (0, 0, 1), (2, 2)): [8, 7, 1, 0, 0, 1]
(1, (0, 0, 1), (3, 0)): [1, 1]
(1, (0, 0, 1), (3, 1)): [1, 1]
(1, (0, 0, 1), (3, 2)): [1, 1]
(1, (0, 1, 0), (0, 0)): [3485, 1343, 527, 227, 82, 38, 10, 2, 1, 1]
(1, (0, 1, 0), (0, 1)): [17, 5, 1, 3, 1]
(1, (0, 1, 0), (0, 2)): [6, 2, 0, 1, 1]
(1, (0, 1, 0), (1, 0)): [27, 15, 6, 1, 0, 0, 0, 0, 0, 1]
(1, (0, 1, 0), (1, 1)): [13, 4, 5, 1]
(1, (0, 1, 0), (1, 2)): [10, 3, 4]
(1, (0, 1, 0), (2, 0)): [18, 12, 2, 1, 0, 0, 0, 0, 0, 1]
(1, (0, 1, 0), (2, 1)): [16, 11, 3, 2, 0, 0, 0, 0, 0, 1]
(1, (0, 1, 0), (2, 2)): [18, 11, 4, 2, 0, 0, 0, 0, 0, 1]
(1, (0, 1, 0), (3, 0)): [4, 2]
(1, (0, 1, 0), (3, 1)): [4, 2]
(1, (0, 1, 0), (3, 2)): [5, 2]
(1, (0, 1, 1), (0, 0)): [533, 383, 324, 134, 67, 24, 9, 3, 2, 1, 0, 1]
(1, (0, 1, 1), (0, 1)): [5, 4, 2, 2]
(1, (0, 1, 1), (0, 2)): [4, 1, 0, 2]
(1, (0, 1, 1), (1, 0)): [3, 1, 3, 0, 1, 0, 1]
(1, (0, 1, 1), (1, 1)): [2, 3, 3]
(1, (0, 1, 1), (1, 2)): [2, 2, 1, 1]
(1, (0, 1, 1), (2, 0)): [1, 0, 2, 0, 1, 0, 1]
(1, (0, 1, 1), (2, 1)): [1, 1, 4, 0, 1, 0, 1]
(1, (0, 1, 1), (2, 2)): [1, 2, 4, 0, 1, 0, 1]
(1, (0, 1, 1), (3, 2)): [0, 1]
(1, (1, 0, 0), (0, 0)): [8366, 1430, 910, 395, 154, 45, 20, 6, 4, 1, 0, 1, 0, 1]
(1, (1, 0, 0), (0, 1)): [54, 11, 6, 7]
(1, (1, 0, 0), (0, 2)): [26, 4, 2, 5]
(1, (1, 0, 0), (1, 0)): [68, 16, 9, 1, 2, 1, 1]
(1, (1, 0, 0), (1, 1)): [41, 15, 6, 2, 1, 1]
(1, (1, 0, 0), (1, 2)): [35, 10, 6, 3, 1, 1]
(1, (1, 0, 0), (2, 0)): [44, 7, 5, 1, 1, 0, 1]
(1, (1, 0, 0), (2, 1)): [50, 8, 6, 2, 1, 0, 1]
(1, (1, 0, 0), (2, 2)): [55, 12, 8, 3, 1, 0, 1]
(1, (1, 0, 0), (3, 0)): [3, 2, 1]
(1, (1, 0, 0), (3, 1)): [3, 2, 1]
(1, (1, 0, 0), (3, 2)): [6, 3, 2, 1]
(1, (1, 0, 1), (0, 0)): [730, 763, 256, 158, 55, 23, 16, 4, 2, 1]
(1, (1, 0, 1), (0, 1)): [7, 7, 2, 3]
(1, (1, 0, 1), (0, 2)): [3, 3, 2, 1]
(1, (1, 0, 1), (1, 0)): [8, 8, 0, 1, 0, 0, 2]
(1, (1, 0, 1), (1, 1)): [4, 7, 0, 2]
(1, (1, 0, 1), (1, 2)): [0, 5, 1, 3]
(1, (1, 0, 1), (2, 0)): [8, 5, 0, 1, 0, 0, 2]
(1, (1, 0, 1), (2, 1)): [10, 6, 0, 1, 0, 0, 2]
(1, (1, 0, 1), (2, 2)): [10, 8, 0, 2, 0, 0, 2]
(1, (1, 0, 1), (3, 0)): [1, 1]
(1, (1, 0, 1), (3, 1)): [1, 1]
(1, (1, 0, 1), (3, 2)): [1, 1, 0, 1]
(1, (1, 1, 0), (0, 0)): [2447, 680, 431, 318, 117, 46, 17, 4, 2, 2, 0, 0, 0, 1]
(1, (1, 1, 0), (0, 1)): [17, 9, 3, 5, 1]
(1, (1, 1, 0), (0, 2)): [7, 5, 1, 3, 1]
(1, (1, 1, 0), (1, 0)): [21, 5, 5, 0, 0, 0, 0, 1, 0, 1]
(1, (1, 1, 0), (1, 1)): [7, 4, 3, 1]
(1, (1, 1, 0), (1, 2)): [6, 3, 4]
(1, (1, 1, 0), (2, 0)): [18, 3, 3, 0, 0, 0, 0, 1, 0, 1]
(1, (1, 1, 0), (2, 1)): [17, 4, 2, 1, 0, 0, 0, 1, 0, 1]
(1, (1, 1, 0), (2, 2)): [19, 5, 2, 1, 0, 0, 0, 1, 0, 1]
(1, (1, 1, 0), (3, 0)): [2, 0, 1]
(1, (1, 1, 0), (3, 1)): [2, 0, 1]
(1, (1, 1, 0), (3, 2)): [4, 1, 1]
(1, (1, 1, 1), (0, 0)): [535, 374, 228, 123, 98, 40, 16, 5, 4, 3, 0, 1, 0, 1]
(1, (1, 1, 1), (0, 1)): [1, 2, 0, 2]
(1, (1, 1, 1), (0, 2)): [1, 1, 0, 2]
(1, (1, 1, 1), (1, 0)): [6, 3, 3, 0, 1, 0, 0, 0, 0, 1]
(1, (1, 1, 1), (1, 1)): [0, 1, 1]
(1, (1, 1, 1), (1, 2)): [0, 1, 1]
(1, (1, 1, 1), (2, 0)): [5, 2, 2, 0, 1, 0, 0, 0, 0, 1]
(1, (1, 1, 1), (2, 1)): [5, 2, 2, 0, 1, 0, 0, 0, 0, 1]
(1, (1, 1, 1), (2, 2)): [5, 2, 2, 0, 1, 0, 0, 0, 0, 1]
(2, (0, 0, 0), (0, 0)): [20788, 934, 267, 78, 24, 7, 2, 1]
(2, (0, 0, 0), (0, 1)): [118, 1, 1, 1, 1]
(2, (0, 0, 0), (0, 2)): [47, 1]
(2, (0, 0, 0), (1, 0)): [173, 7, 4]
(2, (0, 0, 0), (1, 1)): [103, 3, 2]
(2, (0, 0, 0), (1, 2)): [79, 3, 2]
(2, (0, 0, 0), (2, 0)): [107, 3, 2]
(2, (0, 0, 0), (2, 1)): [123, 3, 2]
(2, (0, 0, 0), (2, 2)): [144, 3, 2]
(2, (0, 0, 0), (3, 0)): [5]
(2, (0, 0, 0), (3, 1)): [5]
(2, (0, 0, 0), (3, 2)): [16]
(2, (0, 0, 1), (0, 0)): [1935, 548, 119, 31, 18, 4]
(2, (0, 0, 1), (0, 1)): [7, 3, 2]
(2, (0, 0, 1), (0, 2)): [1, 0, 2]
(2, (0, 0, 1), (1, 0)): [31, 5, 1, 0, 0, 1]
(2, (0, 0, 1), (1, 1)): [14, 5]
(2, (0, 0, 1), (1, 2)): [12, 4, 1]
(2, (0, 0, 1), (2, 0)): [20, 2, 1, 0, 0, 1]
(2, (0, 0, 1), (2, 1)): [20, 3, 1, 0, 0, 1]
(2, (0, 0, 1), (2, 2)): [23, 3, 1, 0, 0, 1]
(2, (0, 0, 1), (3, 0)): [1]
(2, (0, 0, 1), (3, 1)): [1]
(2, (0, 0, 1), (3, 2)): [2]
(2, (0, 1, 0), (0, 0)): [5239, 1000, 294, 87, 35, 13, 2, 2]
(2, (0, 1, 0), (0, 1)): [20, 7, 2, 0, 1]
(2, (0, 1, 0), (0, 2)): [8, 3]
(2, (0, 1, 0), (1, 0)): [43, 9, 3, 0, 0, 1]
(2, (0, 1, 0), (1, 1)): [26, 7, 3, 0, 0, 1]
(2, (0, 1, 0), (1, 2)): [26, 5, 2, 0, 0, 1]
(2, (0, 1, 0), (2, 0)): [24, 5, 2]
(2, (0, 1, 0), (2, 1)): [23, 4, 3]
(2, (0, 1, 0), (2, 2)): [27, 4, 4]
(2, (0, 1, 0), (3, 0)): [3, 2]
(2, (0, 1, 0), (3, 1)): [3, 2]
(2, (0, 1, 0), (3, 2)): [6, 2, 1]
(2, (0, 1, 1), (0, 0)): [1087, 83, 196, 51, 24, 6, 3]
(2, (0, 1, 1), (0, 1)): [8, 0, 2]
(2, (0, 1, 1), (0, 2)): [6, 0, 2]
(2, (0, 1, 1), (1, 0)): [7, 1, 5, 0, 1]
(2, (0, 1, 1), (1, 1)): [4, 0, 2, 0, 1]
(2, (0, 1, 1), (1, 2)): [4, 0, 3, 0, 1]
(2, (0, 1, 1), (2, 0)): [3, 1, 3]
(2, (0, 1, 1), (2, 1)): [3, 1, 3]
(2, (0, 1, 1), (2, 2)): [4, 1, 3]
(2, (1, 0, 0), (0, 0)): [10106, 713, 440, 141, 47, 12, 5]
(2, (1, 0, 0), (0, 1)): [56, 0, 3, 1]
(2, (1, 0, 0), (0, 2)): [22]
(2, (1, 0, 0), (1, 0)): [95, 6, 4, 0, 2, 1]
(2, (1, 0, 0), (1, 1)): [62, 3, 3, 0, 1, 1]
(2, (1, 0, 0), (1, 2)): [54, 3, 2, 0, 1, 1]
(2, (1, 0, 0), (2, 0)): [55, 3, 2, 0, 1]
(2, (1, 0, 0), (2, 1)): [59, 3, 3, 0, 1]
(2, (1, 0, 0), (2, 2)): [67, 3, 4, 0, 1]
(2, (1, 0, 0), (3, 0)): [7]
(2, (1, 0, 0), (3, 1)): [7]
(2, (1, 0, 0), (3, 2)): [11, 0, 1]
(2, (1, 0, 1), (0, 0)): [1919, 415, 163, 103, 28, 11, 4]
(2, (1, 0, 1), (0, 1)): [9, 1, 0, 1]
(2, (1, 0, 1), (0, 2)): [5]
(2, (1, 0, 1), (1, 0)): [24, 5, 2, 1, 1]
(2, (1, 0, 1), (1, 1)): [14, 4, 0, 1]
(2, (1, 0, 1), (1, 2)): [13, 3, 0, 1]
(2, (1, 0, 1), (2, 0)): [13, 2, 2, 1, 1]
(2, (1, 0, 1), (2, 1)): [13, 3, 2, 1, 1]
(2, (1, 0, 1), (2, 2)): [14, 3, 2, 2, 1]
(2, (1, 0, 1), (3, 0)): [2]
(2, (1, 0, 1), (3, 1)): [2]
(2, (1, 0, 1), (3, 2)): [2, 0, 0, 1]
(2, (1, 1, 0), (0, 0)): [4085, 590, 293, 188, 74, 13, 5, 1]
(2, (1, 1, 0), (0, 1)): [25, 3, 1, 3, 1]
(2, (1, 1, 0), (0, 2)): [12, 2]
(2, (1, 1, 0), (1, 0)): [29, 1, 2, 0, 1, 2, 1]
(2, (1, 1, 0), (1, 1)): [19, 2, 3, 0, 1, 1]
(2, (1, 1, 0), (1, 2)): [15, 1, 3, 0, 1, 1]
(2, (1, 1, 0), (2, 0)): [14, 0, 0, 0, 0, 1, 1]
(2, (1, 1, 0), (2, 1)): [18, 1, 0, 0, 0, 1, 1]
(2, (1, 1, 0), (2, 2)): [20, 1, 1, 0, 0, 1, 1]
(2, (1, 1, 0), (3, 2)): [2, 0, 1]
(2, (1, 1, 1), (0, 0)): [1167, 148, 188, 84, 73, 21, 9]
(2, (1, 1, 1), (0, 1)): [5]
(2, (1, 1, 1), (0, 2)): [2]
(2, (1, 1, 1), (1, 0)): [14, 1, 3, 1, 4, 1]
(2, (1, 1, 1), (1, 1)): [9, 1, 2, 0, 1]
(2, (1, 1, 1), (1, 2)): [9, 1, 2, 0, 1]
(2, (1, 1, 1), (2, 0)): [6, 0, 1, 1, 3, 1]
(2, (1, 1, 1), (2, 1)): [5, 0, 1, 1, 3, 1]
(2, (1, 1, 1), (2, 2)): [6, 0, 1, 1, 3, 1]
(2, (1, 1, 1), (3, 0)): [1]
(2, (1, 1, 1), (3, 1)): [1]
(2, (1, 1, 1), (3, 2)): [1]
