(0, (0, 0, 0), (0, 0)): [28272, 5743, 2764, 1355, 597, 263, 115, 47, 19, 8, 4, 2]
(0, (0, 0, 0), (0, 1)): [15050, 2795, 1351, 661, 267, 130, 50, 15, 10, 4, 1, 2]
(0, (0, 0, 0), (0, 2)): [6691, 1060, 480, 223, 99, 41, 22, 4, 1, 2, 1]
(0, (0, 0, 0), (1, 0)): [10435, 2300, 1110, 536, 259, 111, 48, 26, 9, 4, 3]
(0, (0, 0, 0), (1, 1)): [11518, 2286, 1111, 540, 241, 115, 40, 20, 10, 3, 2]
(0, (0, 0, 0), (1, 2)): [9189, 1594, 716, 319, 147, 61, 28, 10, 7, 5]
(0, (0, 0, 0), (2, 0)): [3275, 774, 425, 204, 99, 42, 22, 13, 3, 2, 1]
(0, (0, 0, 0), (2, 1)): [5573, 1214, 639, 317, 142, 71, 19, 14, 3, 1, 2]
(0, (0, 0, 0), (2, 2)): [7114, 1308, 621, 330, 136, 70, 24, 16, 6, 4]
(0, (0, 0, 0), (3, 0)): [926, 210, 148, 84, 42, 13, 9, 6, 2]
(0, (0, 0, 0), (3, 1)): [2161, 507, 311, 149, 74, 32, 7, 6, 1, 0, 2]
(0, (0, 0, 0), (3, 2)): [3878, 781, 439, 231, 113, 47, 19, 13, 5, 4, 1]
(0, (0, 0, 1), (0, 0)): [53, 207, 69, 33, 16, 5, 1, 4]
(0, (0, 0, 1), (0, 1)): [23, 92, 36, 14, 4, 1, 1, 3]
(0, (0, 0, 1), (0, 2)): [8, 35, 15, 9, 2, 1, 0, 1]
(0, (0, 0, 1), (1, 0)): [26, 89, 26, 18, 9, 2, 0, 1]
(0, (0, 0, 1), (1, 1)): [27, 73, 26, 10, 6, 2, 0, 3]
(0, (0, 0, 1), (1, 2)): [24, 62, 22, 13, 4, 1, 0, 2]
(0, (0, 0, 1), (2, 0)): [8, 44, 11, 8, 3]
(0, (0, 0, 1), (2, 1)): [15, 55, 11, 6, 3, 2]
(0, (0, 0, 1), (2, 2)): [24, 78, 17, 10, 3, 1]
(0, (0, 0, 1), (3, 0)): [1, 13, 6, 4, 3]
(0, (0, 0, 1), (3, 1)): [4, 19, 3, 4, 2, 2]
(0, (0, 0, 1), (3, 2)): [13, 40, 4, 8, 2, 1]
(0, (0, 1, 0), (0, 0)): [1037, 875, 402, 212, 102, 42, 15, 8, 5, 3, 0, 1]
(0, (0, 1, 0), (0, 1)): [491, 426, 171, 95, 49, 18, 9, 7, 2, 1]
(0, (0, 1, 0), (0, 2)): [242, 171, 74, 41, 17, 11, 3, 2, 1]
(0, (0, 1, 0), (1, 0)): [427, 335, 181, 98, 41, 20, 5, 1, 3, 2, 0, 1]
(0, (0, 1, 0), (1, 1)): [394, 325, 152, 85, 42, 12, 7, 3, 2, 2]
(0, (0, 1, 0), (1, 2)): [333, 239, 98, 66, 23, 12, 3, 1, 1, 1]
(0, (0, 1, 0), (2, 0)): [149, 117, 65, 36, 21, 12, 2, 1, 1, 0, 0, 1]
(0, (0, 1, 0), (2, 1)): [216, 170, 82, 41, 31, 13, 2, 2, 2, 1, 0, 1]
(0, (0, 1, 0), (2, 2)): [273, 206, 76, 53, 27, 12, 2, 1]
(0, (0, 1, 0), (3, 0)): [43, 42, 24, 13, 7, 6, 2]
(0, (0, 1, 0), (3, 1)): [95, 65, 44, 24, 13, 13, 1, 1, 1, 1, 0, 1]
(0, (0, 1, 0), (3, 2)): [169, 117, 51, 29, 21, 10, 1, 1]
(0, (0, 1, 1), (0, 0)): [75, 142, 189, 87, 50, 18, 13, 9, 5, 0, 2]
(0, (0, 1, 1), (0, 1)): [44, 69, 80, 32, 21, 8, 3, 3, 3]
(0, (0, 1, 1), (0, 2)): [22, 26, 26, 9, 9, 3, 3, 1, 2]
(0, (0, 1, 1), (1, 0)): [28, 56, 82, 37, 25, 8, 9, 5, 2]
(0, (0, 1, 1), (1, 1)): [32, 59, 75, 30, 18, 4, 2, 1, 1]
(0, (0, 1, 1), (1, 2)): [25, 33, 47, 20, 15, 1, 4, 1, 2]
(0, (0, 1, 1), (2, 0)): [5, 20, 27, 18, 13, 6, 3, 4, 2]
(0, (0, 1, 1), (2, 1)): [15, 29, 39, 23, 15, 4, 3, 3, 1]
(0, (0, 1, 1), (2, 2)): [18, 37, 44, 19, 11, 4, 3, 3, 1]
(0, (0, 1, 1), (3, 0)): [3, 6, 5, 7, 7, 3, 1, 1, 1]
(0, (0, 1, 1), (3, 1)): [4, 11, 13, 10, 3, 2, 1, 1, 2]
(0, (0, 1, 1), (3, 2)): [10, 22, 22, 14, 8, 1, 2, 2, 1]
(0, (1, 0, 0), (0, 0)): [5424, 1482, 1244, 689, 311, 151, 69, 26, 15, 6, 2, 1]
(0, (1, 0, 0), (0, 1)): [2729, 665, 574, 304, 141, 63, 31, 14, 6, 2, 1]
(0, (1, 0, 0), (0, 2)): [1177, 262, 219, 118, 53, 25, 14, 3, 2, 1, 1]
(0, (1, 0, 0), (1, 0)): [2050, 653, 492, 309, 131, 68, 33, 8, 9, 4, 1, 1]
(0, (1, 0, 0), (1, 1)): [2059, 537, 423, 268, 123, 53, 26, 15, 5, 3, 1, 1]
(0, (1, 0, 0), (1, 2)): [1532, 346, 295, 174, 69, 35, 14, 5, 2, 1, 1, 1]
(0, (1, 0, 0), (2, 0)): [627, 234, 167, 121, 47, 33, 12, 2, 6, 2]
(0, (1, 0, 0), (2, 1)): [978, 295, 206, 137, 74, 31, 18, 8, 4, 4, 1]
(0, (1, 0, 0), (2, 2)): [1146, 316, 229, 157, 66, 31, 14, 5, 4, 2, 1]
(0, (1, 0, 0), (3, 0)): [176, 75, 58, 56, 15, 12, 3, 2, 3]
(0, (1, 0, 0), (3, 1)): [350, 124, 101, 71, 34, 18, 9, 6, 4, 3, 1]
(0, (1, 0, 0), (3, 2)): [567, 181, 126, 91, 41, 20, 10, 4, 4, 0, 1]
(0, (1, 0, 1), (0, 0)): [115, 313, 131, 115, 48, 22, 16, 3, 2, 2]
(0, (1, 0, 1), (0, 1)): [60, 140, 62, 52, 21, 8, 2, 2, 2]
(0, (1, 0, 1), (0, 2)): [35, 58, 31, 23, 4, 3]
(0, (1, 0, 1), (1, 0)): [39, 130, 47, 38, 20, 10, 12, 1]
(0, (1, 0, 1), (1, 1)): [43, 111, 41, 31, 16, 12, 9, 2, 2]
(0, (1, 0, 1), (1, 2)): [38, 76, 32, 24, 9, 9, 3, 0, 2]
(0, (1, 0, 1), (2, 0)): [9, 36, 16, 15, 9, 2, 3]
(0, (1, 0, 1), (2, 1)): [19, 54, 24, 13, 11, 2, 7, 1]
(0, (1, 0, 1), (2, 2)): [30, 64, 26, 20, 14, 4, 4, 0, 1]
(0, (1, 0, 1), (3, 0)): [2, 6, 5, 3, 5, 1, 1]
(0, (1, 0, 1), (3, 1)): [5, 15, 10, 4, 2, 1, 3, 1]
(0, (1, 0, 1), (3, 2)): [12, 22, 12, 10, 10, 1, 7, 0, 1]
(0, (1, 1, 0), (0, 0)): [887, 505, 354, 332, 147, 84, 41, 16, 7, 5, 1, 2]
(0, (1, 1, 0), (0, 1)): [435, 236, 162, 148, 64, 32, 18, 5, 5, 1, 1, 1]
(0, (1, 1, 0), (0, 2)): [203, 86, 70, 60, 28, 6, 6, 1, 2]
(0, (1, 1, 0), (1, 0)): [347, 199, 152, 136, 55, 40, 19, 10, 1, 2, 0, 1]
(0, (1, 1, 0), (1, 1)): [340, 188, 139, 113, 42, 34, 16, 6, 1, 0, 1, 2]
(0, (1, 1, 0), (1, 2)): [263, 126, 87, 79, 34, 11, 9, 2, 1, 0, 1]
(0, (1, 1, 0), (2, 0)): [101, 64, 54, 59, 23, 17, 5, 5, 0, 2]
(0, (1, 1, 0), (2, 1)): [169, 88, 79, 58, 25, 18, 9, 2, 0, 1, 0, 1]
(0, (1, 1, 0), (2, 2)): [204, 105, 59, 64, 28, 12, 13, 2, 0, 0, 0, 1]
(0, (1, 1, 0), (3, 0)): [21, 22, 17, 25, 10, 8, 4, 3, 0, 1]
(0, (1, 1, 0), (3, 1)): [58, 36, 38, 36, 16, 15, 7, 5]
(0, (1, 1, 0), (3, 2)): [93, 57, 46, 48, 15, 9, 13, 2, 0, 0, 0, 1]
(0, (1, 1, 1), (0, 0)): [89, 147, 147, 103, 84, 51, 29, 13, 6, 2, 0, 1]
(0, (1, 1, 1), (0, 1)): [57, 73, 60, 40, 42, 23, 16, 4, 4]
(0, (1, 1, 1), (0, 2)): [27, 35, 23, 17, 16, 11, 8, 2, 2]
(0, (1, 1, 1), (1, 0)): [32, 63, 67, 49, 30, 23, 10, 8, 0, 1, 0, 1]
(0, (1, 1, 1), (1, 1)): [46, 61, 60, 40, 29, 23, 7, 6, 2]
(0, (1, 1, 1), (1, 2)): [35, 43, 38, 32, 21, 13, 7, 4, 1]
(0, (1, 1, 1), (2, 0)): [9, 15, 21, 14, 9, 8, 5, 4, 0, 0, 0, 1]
(0, (1, 1, 1), (2, 1)): [15, 22, 27, 17, 20, 15, 5, 3, 1, 0, 0, 1]
(0, (1, 1, 1), (2, 2)): [24, 33, 28, 17, 21, 11, 6, 3, 2]
(0, (1, 1, 1), (3, 0)): [3, 4, 8, 4, 0, 4, 3, 1]
(0, (1, 1, 1), (3, 1)): [3, 5, 12, 9, 6, 8, 3, 1, 0, 0, 0, 1]
(0, (1, 1, 1), (3, 2)): [9, 12, 14, 10, 8, 12, 5, 1, 1, 0, 0, 1]
(1, (0, 0, 0), (0, 0)): [23836, 2800, 1128, 451, 177, 64, 30, 14, 1, 0, 2]
(1, (0, 0, 0), (0, 1)): [12526, 1313, 496, 209, 89, 20, 15, 7, 0, 0, 2]
(1, (0, 0, 0), (0, 2)): [5533, 506, 179, 72, 40, 8, 8, 1]
(1, (0, 0, 0), (1, 0)): [9058, 1128, 503, 201, 69, 40, 12, 6, 1]
(1, (0, 0, 0), (1, 1)): [9597, 1070, 448, 190, 61, 27, 12, 7, 0, 0, 2]
(1, (0, 0, 0), (1, 2)): [7570, 723, 304, 99, 53, 14, 9, 1, 0, 0, 1]
(1, (0, 0, 0), (2, 0)): [3056, 431, 195, 82, 27, 17, 5, 2, 1]
(1, (0, 0, 0), (2, 1)): [4954, 610, 270, 128, 34, 25, 6, 4, 1, 0, 1]
(1, (0, 0, 0), (2, 2)): [6184, 627, 285, 103, 40, 16, 7, 2, 0, 0, 2]
(1, (0, 0, 0), (3, 0)): [880, 129, 71, 32, 14, 5, 1, 1]
(1, (0, 0, 0), (3, 1)): [1972, 262, 146, 71, 28, 13, 3, 1, 1]
(1, (0, 0, 0), (3, 2)): [3392, 404, 221, 77, 33, 15, 7, 2, 0, 0, 1]
(1, (0, 0, 1), (0, 0)): [426, 625, 147, 54, 27, 8, 2, 2, 0, 1]
(1, (0, 0, 1), (0, 1)): [220, 263, 67, 25, 12, 5]
(1, (0, 0, 1), (0, 2)): [118, 97, 28, 6, 3, 1]
(1, (0, 0, 1), (1, 0)): [169, 272, 62, 23, 11, 2, 2, 2, 0, 1]
(1, (0, 0, 1), (1, 1)): [169, 236, 57, 23, 11, 3, 1, 1, 0, 1]
(1, (0, 0, 1), (1, 2)): [158, 157, 45, 14, 6, 3, 1, 1, 0, 1]
(1, (0, 0, 1), (2, 0)): [63, 105, 22, 11, 4, 2, 1, 1]
(1, (0, 0, 1), (2, 1)): [80, 137, 27, 17, 6, 2]
(1, (0, 0, 1), (2, 2)): [137, 154, 40, 22, 7, 4, 0, 0, 0, 1]
(1, (0, 0, 1), (3, 0)): [29, 35, 8, 4, 3, 0, 0, 1]
(1, (0, 0, 1), (3, 1)): [32, 52, 12, 8, 5]
(1, (0, 0, 1), (3, 2)): [81, 84, 22, 16, 6, 2]
(1, (0, 1, 0), (0, 0)): [2619, 1013, 460, 215, 84, 26, 13, 6]
(1, (0, 1, 0), (0, 1)): [1298, 482, 215, 94, 36, 10, 7, 1]
(1, (0, 1, 0), (0, 2)): [535, 195, 75, 38, 13, 0, 3, 1]
(1, (0, 1, 0), (1, 0)): [1093, 422, 189, 96, 39, 15, 6, 4]
(1, (0, 1, 0), (1, 1)): [1081, 375, 168, 80, 25, 13, 5, 1]
(1, (0, 1, 0), (1, 2)): [801, 263, 121, 51, 20, 5, 5, 1]
(1, (0, 1, 0), (2, 0)): [425, 151, 77, 43, 20, 7, 2, 3]
(1, (0, 1, 0), (2, 1)): [561, 212, 94, 64, 19, 8, 3, 2]
(1, (0, 1, 0), (2, 2)): [697, 228, 96, 59, 19, 6, 1, 1]
(1, (0, 1, 0), (3, 0)): [154, 53, 31, 16, 11, 5, 0, 2]
(1, (0, 1, 0), (3, 1)): [246, 75, 43, 32, 14, 5, 3, 1]
(1, (0, 1, 0), (3, 2)): [443, 130, 57, 36, 18, 6, 1, 1]
(1, (0, 1, 1), (0, 0)): [428, 387, 297, 141, 69, 28, 10, 5, 3, 1]
(1, (0, 1, 1), (0, 1)): [201, 163, 122, 68, 24, 8, 6, 0, 2, 1]
(1, (0, 1, 1), (0, 2)): [110, 62, 52, 25, 7, 4, 3, 0, 1]
(1, (0, 1, 1), (1, 0)): [196, 176, 136, 52, 38, 14, 3, 5, 1]
(1, (0, 1, 1), (1, 1)): [162, 148, 110, 53, 31, 6, 3, 3, 1]
(1, (0, 1, 1), (1, 2)): [152, 98, 79, 40, 19, 7, 3, 1]
(1, (0, 1, 1), (2, 0)): [86, 64, 61, 24, 18, 10, 2, 1]
(1, (0, 1, 1), (2, 1)): [91, 71, 65, 27, 11, 4, 4, 2, 1]
(1, (0, 1, 1), (2, 2)): [135, 85, 76, 33, 14, 8, 1, 1, 1]
(1, (0, 1, 1), (3, 0)): [40, 30, 30, 10, 11, 8, 1, 1]
(1, (0, 1, 1), (3, 1)): [31, 28, 24, 9, 9, 3, 3, 1]
(1, (0, 1, 1), (3, 2)): [73, 45, 40, 20, 10, 6, 2, 2]
(1, (1, 0, 0), (0, 0)): [8337, 1276, 1029, 466, 210, 76, 31, 13, 4, 0, 2]
(1, (1, 0, 0), (0, 1)): [4105, 598, 473, 204, 103, 36, 15, 7, 2, 0, 1]
(1, (1, 0, 0), (0, 2)): [1846, 221, 176, 78, 40, 15, 3, 2]
(1, (1, 0, 0), (1, 0)): [3131, 518, 399, 207, 81, 33, 13, 5, 1, 0, 1]
(1, (1, 0, 0), (1, 1)): [3024, 485, 351, 171, 83, 33, 12, 3, 2, 0, 2]
(1, (1, 0, 0), (1, 2)): [2317, 302, 234, 103, 52, 19, 6, 3, 0, 0, 2]
(1, (1, 0, 0), (2, 0)): [1012, 159, 144, 81, 24, 12, 4, 3, 1]
(1, (1, 0, 0), (2, 1)): [1479, 250, 206, 110, 41, 13, 5, 1, 1]
(1, (1, 0, 0), (2, 2)): [1732, 244, 198, 85, 37, 15, 6, 2, 0, 0, 1]
(1, (1, 0, 0), (3, 0)): [284, 58, 40, 29, 10, 7, 2, 3, 1]
(1, (1, 0, 0), (3, 1)): [584, 133, 95, 69, 23, 7, 3, 1, 1]
(1, (1, 0, 0), (3, 2)): [891, 171, 123, 70, 20, 10, 1, 2, 1, 0, 1]
(1, (1, 0, 1), (0, 0)): [615, 607, 191, 137, 68, 26, 14, 6, 1]
(1, (1, 0, 1), (0, 1)): [293, 253, 81, 65, 27, 9, 7, 3, 1]
(1, (1, 0, 1), (0, 2)): [145, 92, 29, 15, 10, 1, 1, 3]
(1, (1, 0, 1), (1, 0)): [233, 235, 83, 54, 30, 12, 3, 3]
(1, (1, 0, 1), (1, 1)): [222, 191, 70, 47, 24, 10, 5, 0, 1]
(1, (1, 0, 1), (1, 2)): [184, 109, 35, 29, 8, 4, 4, 1, 1]
(1, (1, 0, 1), (2, 0)): [81, 67, 24, 18, 10, 3, 0, 2]
(1, (1, 0, 1), (2, 1)): [106, 98, 30, 19, 16, 5, 2, 1]
(1, (1, 0, 1), (2, 2)): [128, 88, 33, 22, 10, 4, 4]
(1, (1, 0, 1), (3, 0)): [32, 20, 7, 6, 4, 2]
(1, (1, 0, 1), (3, 1)): [41, 44, 11, 11, 7, 2, 1, 1]
(1, (1, 0, 1), (3, 2)): [59, 53, 25, 13, 7, 1, 4]
(1, (1, 1, 0), (0, 0)): [2322, 629, 411, 366, 151, 62, 29, 12, 3, 0, 2]
(1, (1, 1, 0), (0, 1)): [1098, 276, 175, 172, 64, 18, 10, 3, 0, 0, 2]
(1, (1, 1, 0), (0, 2)): [527, 110, 63, 59, 20, 4, 5, 0, 0, 0, 1]
(1, (1, 1, 0), (1, 0)): [920, 281, 182, 150, 67, 38, 15, 7, 3]
(1, (1, 1, 0), (1, 1)): [855, 235, 142, 137, 62, 21, 12, 6, 0, 0, 1]
(1, (1, 1, 0), (1, 2)): [677, 174, 81, 79, 36, 9, 8, 3, 0, 0, 1]
(1, (1, 1, 0), (2, 0)): [310, 96, 76, 51, 23, 19, 6, 3, 2]
(1, (1, 1, 0), (2, 1)): [432, 119, 87, 82, 38, 18, 7, 5, 0, 0, 1]
(1, (1, 1, 0), (2, 2)): [541, 127, 76, 70, 34, 12, 5, 6, 0, 0, 1]
(1, (1, 1, 0), (3, 0)): [88, 44, 27, 15, 8, 8, 3, 1, 2]
(1, (1, 1, 0), (3, 1)): [167, 64, 50, 42, 13, 12, 5, 1, 1]
(1, (1, 1, 0), (3, 2)): [278, 75, 54, 47, 19, 13, 3, 5, 0, 0, 1]
(1, (1, 1, 1), (0, 0)): [468, 362, 235, 130, 138, 77, 34, 15, 3, 0, 1]
(1, (1, 1, 1), (0, 1)): [274, 169, 118, 53, 56, 29, 16, 6, 1]
(1, (1, 1, 1), (0, 2)): [138, 68, 59, 23, 18, 10, 7, 1]
(1, (1, 1, 1), (1, 0)): [150, 132, 88, 54, 58, 35, 12, 7, 2, 0, 1]
(1, (1, 1, 1), (1, 1)): [173, 132, 81, 45, 55, 24, 12, 5, 2]
(1, (1, 1, 1), (1, 2)): [172, 90, 59, 31, 30, 15, 9, 3]
(1, (1, 1, 1), (2, 0)): [48, 40, 38, 13, 22, 16, 4, 3, 1]
(1, (1, 1, 1), (2, 1)): [70, 76, 49, 25, 28, 14, 3, 4, 1]
(1, (1, 1, 1), (2, 2)): [110, 74, 66, 18, 23, 13, 8, 3, 1]
(1, (1, 1, 1), (3, 0)): [10, 18, 10, 4, 9, 5, 4]
(1, (1, 1, 1), (3, 1)): [25, 28, 18, 7, 18, 8, 3, 1]
(1, (1, 1, 1), (3, 2)): [54, 45, 43, 7, 14, 10, 7, 1, 1]
(2, (0, 0, 0), (0, 0)): [21258, 1105, 362, 109, 36, 5, 3, 1]
(2, (0, 0, 0), (0, 1)): [11073, 467, 159, 51, 13, 1, 3]
(2, (0, 0, 0), (0, 2)): [4802, 146, 46, 13, 8, 0, 1]
(2, (0, 0, 0), (1, 0)): [8179, 466, 159, 44, 20, 4]
(2, (0, 0, 0), (1, 1)): [8823, 413, 160, 48, 10, 3, 1]
(2, (0, 0, 0), (1, 2)): [6672, 238, 87, 32, 11, 1, 1]
(2, (0, 0, 0), (2, 0)): [2731, 156, 62, 20, 11, 1]
(2, (0, 0, 0), (2, 1)): [4681, 229, 106, 31, 6, 1]
(2, (0, 0, 0), (2, 2)): [5759, 240, 102, 30, 9, 2, 1]
(2, (0, 0, 0), (3, 0)): [841, 49, 35, 5, 7]
(2, (0, 0, 0), (3, 1)): [1853, 109, 66, 20, 5]
(2, (0, 0, 0), (3, 2)): [3247, 170, 94, 27, 7, 0, 1]
(2, (0, 0, 1), (0, 0)): [1639, 428, 119, 44, 8, 2, 3, 1]
(2, (0, 0, 1), (0, 1)): [774, 189, 49, 15, 2, 0, 1, 1]
(2, (0, 0, 1), (0, 2)): [364, 71, 13, 9, 0, 0, 1]
(2, (0, 0, 1), (1, 0)): [718, 182, 50, 25, 4, 1, 2]
(2, (0, 0, 1), (1, 1)): [640, 157, 38, 14, 2, 0, 1]
(2, (0, 0, 1), (1, 2)): [520, 99, 21, 11, 2]
(2, (0, 0, 1), (2, 0)): [297, 74, 24, 14, 3, 1, 1]
(2, (0, 0, 1), (2, 1)): [368, 87, 27, 8, 0, 1, 2]
(2, (0, 0, 1), (2, 2)): [448, 78, 23, 8, 1, 0, 1]
(2, (0, 0, 1), (3, 0)): [121, 25, 6, 13, 3]
(2, (0, 0, 1), (3, 1)): [158, 40, 15, 9, 1, 1]
(2, (0, 0, 1), (3, 2)): [258, 54, 17, 8, 1, 1, 1]
(2, (0, 1, 0), (0, 0)): [4590, 830, 287, 106, 33, 9, 3, 2, 1]
(2, (0, 1, 0), (0, 1)): [2283, 335, 112, 41, 13, 7, 1]
(2, (0, 1, 0), (0, 2)): [1086, 110, 32, 7, 4, 2]
(2, (0, 1, 0), (1, 0)): [1937, 389, 146, 54, 17, 2, 1, 2]
(2, (0, 1, 0), (1, 1)): [1786, 299, 99, 39, 12, 3, 2]
(2, (0, 1, 0), (1, 2)): [1494, 188, 58, 18, 9, 1]
(2, (0, 1, 0), (2, 0)): [758, 131, 70, 33, 10, 2, 0, 2]
(2, (0, 1, 0), (2, 1)): [964, 176, 61, 30, 6, 2, 2]
(2, (0, 1, 0), (2, 2)): [1242, 175, 52, 24, 12, 1]
(2, (0, 1, 0), (3, 0)): [342, 57, 30, 19, 8, 2, 0, 2]
(2, (0, 1, 0), (3, 1)): [411, 74, 32, 24, 5, 3, 2]
(2, (0, 1, 0), (3, 2)): [736, 119, 37, 20, 13, 2]
(2, (0, 1, 1), (0, 0)): [1172, 90, 230, 72, 40, 8, 2]
(2, (0, 1, 1), (0, 1)): [566, 28, 98, 22, 12, 3]
(2, (0, 1, 1), (0, 2)): [288, 8, 35, 10, 2, 2]
(2, (0, 1, 1), (1, 0)): [534, 55, 99, 39, 26, 5, 2]
(2, (0, 1, 1), (1, 1)): [467, 36, 89, 24, 16, 1, 2]
(2, (0, 1, 1), (1, 2)): [389, 22, 55, 12, 7, 1, 1]
(2, (0, 1, 1), (2, 0)): [236, 28, 40, 18, 16, 4]
(2, (0, 1, 1), (2, 1)): [278, 16, 48, 20, 14, 1, 1]
(2, (0, 1, 1), (2, 2)): [349, 20, 47, 16, 7, 1, 2]
(2, (0, 1, 1), (3, 0)): [122, 15, 16, 9, 6, 3]
(2, (0, 1, 1), (3, 1)): [120, 11, 30, 6, 12, 1]
(2, (0, 1, 1), (3, 2)): [222, 20, 33, 10, 9, 2, 2]
(2, (1, 0, 0), (0, 0)): [10163, 651, 578, 168, 70, 20, 5, 2]
(2, (1, 0, 0), (0, 1)): [5065, 266, 235, 66, 24, 13, 2, 2]
(2, (1, 0, 0), (0, 2)): [2176, 97, 70, 21, 9, 3, 0, 1]
(2, (1, 0, 0), (1, 0)): [3947, 285, 262, 77, 35, 6, 3]
(2, (1, 0, 0), (1, 1)): [3839, 210, 194, 68, 23, 7, 3, 1]
(2, (1, 0, 0), (1, 2)): [2886, 141, 97, 34, 8, 3, 2]
(2, (1, 0, 0), (2, 0)): [1250, 113, 108, 26, 13, 4, 1]
(2, (1, 0, 0), (2, 1)): [1915, 118, 109, 32, 13, 5, 2, 1]
(2, (1, 0, 0), (2, 2)): [2276, 115, 91, 30, 11, 4, 2, 1]
(2, (1, 0, 0), (3, 0)): [389, 44, 34, 15, 6, 3]
(2, (1, 0, 0), (3, 1)): [734, 73, 54, 25, 7, 2]
(2, (1, 0, 0), (3, 2)): [1195, 88, 59, 24, 9, 3, 1]
(2, (1, 0, 1), (0, 0)): [1724, 316, 132, 123, 39, 8, 4, 1]
(2, (1, 0, 1), (0, 1)): [806, 143, 61, 48, 11, 4, 1, 1]
(2, (1, 0, 1), (0, 2)): [383, 43, 23, 11, 4, 3, 0, 1]
(2, (1, 0, 1), (1, 0)): [715, 127, 58, 52, 25, 1, 2]
(2, (1, 0, 1), (1, 1)): [614, 109, 38, 51, 15, 1, 1]
(2, (1, 0, 1), (1, 2)): [485, 55, 29, 23, 8, 2, 1, 1]
(2, (1, 0, 1), (2, 0)): [260, 38, 31, 17, 12, 1, 2]
(2, (1, 0, 1), (2, 1)): [315, 45, 26, 31, 11, 0, 1]
(2, (1, 0, 1), (2, 2)): [340, 48, 18, 19, 8, 2, 0, 1]
(2, (1, 0, 1), (3, 0)): [99, 12, 15, 3, 5, 1, 1]
(2, (1, 0, 1), (3, 1)): [146, 18, 17, 17, 7, 0, 1]
(2, (1, 0, 1), (3, 2)): [192, 26, 15, 7, 8, 0, 1]
(2, (1, 1, 0), (0, 0)): [3733, 504, 262, 223, 81, 24, 9, 5]
(2, (1, 1, 0), (0, 1)): [1897, 208, 88, 88, 28, 6, 4, 5]
(2, (1, 1, 0), (0, 2)): [882, 77, 36, 27, 8, 0, 1, 1]
(2, (1, 1, 0), (1, 0)): [1476, 205, 135, 103, 46, 16, 5]
(2, (1, 1, 0), (1, 1)): [1468, 171, 81, 75, 27, 12, 3, 1]
(2, (1, 1, 0), (1, 2)): [1169, 99, 45, 38, 15, 4, 0, 1]
(2, (1, 1, 0), (2, 0)): [495, 74, 59, 41, 29, 6, 2]
(2, (1, 1, 0), (2, 1)): [758, 97, 69, 51, 25, 10, 2]
(2, (1, 1, 0), (2, 2)): [885, 90, 49, 39, 18, 6, 2, 1]
(2, (1, 1, 0), (3, 0)): [143, 24, 24, 15, 13, 3, 2]
(2, (1, 1, 0), (3, 1)): [313, 36, 36, 30, 18, 6, 1]
(2, (1, 1, 0), (3, 2)): [483, 53, 43, 23, 19, 4, 2]
(2, (1, 1, 1), (0, 0)): [1223, 187, 205, 96, 109, 30, 13, 1]
(2, (1, 1, 1), (0, 1)): [654, 61, 96, 40, 39, 15, 1]
(2, (1, 1, 1), (0, 2)): [319, 18, 26, 13, 12, 7, 1]
(2, (1, 1, 1), (1, 0)): [432, 108, 76, 41, 48, 12, 10]
(2, (1, 1, 1), (1, 1)): [513, 62, 69, 33, 36, 11, 4]
(2, (1, 1, 1), (1, 2)): [419, 34, 37, 22, 19, 8, 1]
(2, (1, 1, 1), (2, 0)): [108, 63, 31, 20, 21, 7, 5]
(2, (1, 1, 1), (2, 1)): [224, 52, 33, 24, 21, 7, 5]
(2, (1, 1, 1), (2, 2)): [324, 44, 29, 26, 14, 6, 3]
(2, (1, 1, 1), (3, 0)): [23, 40, 15, 9, 8, 3, 2]
(2, (1, 1, 1), (3, 1)): [65, 46, 22, 9, 13, 5, 4]
(2, (1, 1, 1), (3, 2)): [132, 59, 19, 20, 11, 8, 5]
