(0, (0, 0, 0)): [35568, 7026, 3238, 1532, 737, 301, 129, 59, 28, 14, 3, 2, 1]
(0, (0, 0, 1)): [67, 279, 64, 35, 20, 8, 5, 0, 1]
(0, (0, 1, 0)): [1302, 1107, 513, 268, 121, 58, 26, 7, 3, 4, 0, 1, 1]
(0, (0, 1, 1)): [98, 184, 207, 110, 52, 24, 11, 6, 6, 0, 1, 0, 1]
(0, (1, 0, 0)): [6515, 1883, 1418, 749, 399, 167, 75, 37, 16, 9, 2, 1]
(0, (1, 0, 1)): [129, 404, 158, 132, 65, 25, 17, 8, 3, 3, 1, 0, 1]
(0, (1, 1, 0)): [1044, 615, 381, 343, 206, 78, 42, 22, 8, 5, 0, 1]
(0, (1, 1, 1)): [109, 208, 141, 99, 91, 33, 21, 7, 6, 3, 1, 0, 1]
(1, (0, 0, 0)): [27988, 3329, 1350, 545, 213, 77, 29, 9, 7, 0, 1]
(1, (0, 0, 1)): [606, 836, 186, 85, 33, 17, 5, 1, 0, 0, 0, 1]
(1, (0, 1, 0)): [3275, 1213, 581, 246, 91, 50, 21, 6, 2, 3, 2]
(1, (0, 1, 1)): [519, 388, 343, 148, 94, 34, 23, 12, 4, 0, 2]
(1, (1, 0, 0)): [9914, 1493, 1233, 522, 206, 90, 32, 12, 9, 1, 1]
(1, (1, 0, 1)): [741, 713, 235, 196, 77, 44, 12, 10, 2, 1, 0, 1]
(1, (1, 1, 0)): [2835, 775, 501, 421, 176, 96, 32, 10, 11, 2, 2]
(1, (1, 1, 1)): [571, 455, 289, 160, 144, 81, 29, 7, 8, 3, 3]
(2, (0, 0, 0)): [24867, 1330, 409, 143, 55, 17, 5, 1, 1]
(2, (0, 0, 1)): [2127, 565, 136, 44, 19, 7, 3, 2]
(2, (0, 1, 0)): [5517, 950, 355, 140, 45, 7, 3, 2, 1]
(2, (0, 1, 1)): [1408, 123, 242, 96, 30, 12, 4, 2, 1]
(2, (1, 0, 0)): [11872, 765, 608, 224, 71, 25, 5, 3]
(2, (1, 0, 1)): [2042, 425, 146, 135, 49, 12, 4, 2]
(2, (1, 1, 0)): [4556, 595, 315, 282, 85, 32, 7, 6, 1]
(2, (1, 1, 1)): [1397, 209, 215, 92, 94, 31, 17, 11, 3]
