(0, (0, 0, 0), (0, 0)): [14763, 3261, 1616, 736, 313, 143, 79, 28, 10, 4, 2, 1]
(0, (0, 0, 0), (0, 1)): [19, 5, 6, 1, 1]
(0, (0, 0, 0), (0, 2)): [9, 0, 2]
(0, (0, 0, 0), (1, 0)): [19, 5, 2, 2, 0, 2]
(0, (0, 0, 0), (1, 1)): [15, 4, 5, 2]
(0, (0, 0, 0), (1, 2)): [13, 1, 4]
(0, (0, 0, 0), (2, 0)): [7, 3, 0, 1, 0, 2]
(0, (0, 0, 0), (2, 1)): [10, 3, 1, 3]
(0, (0, 0, 0), (2, 2)): [11, 1, 1, 1]
(0, (0, 0, 0), (3, 0)): [3, 1, 0, 0, 0, 2]
(0, (0, 0, 0), (3, 1)): [1, 3, 0, 2]
(0, (0, 0, 0), (3, 2)): [3, 2, 1]
(0, (0, 0, 1), (0, 0)): [61, 231, 62, 30, 9, 4, 2, 0, 0, 1]
(0, (0, 0, 1), (0, 1)): [0, 1]
(0, (0, 0, 1), (0, 2)): [0, 1]
(0, (0, 0, 1), (1, 0)): [0, 2]
(0, (0, 0, 1), (1, 1)): [0, 1]
(0, (0, 0, 1), (1, 2)): [0, 2]
(0, (0, 0, 1), (2, 0)): [0, 1]
(0, (0, 0, 1), (2, 2)): [0, 1]
(0, (0, 0, 1), (3, 0)): [0, 1]
(0, (0, 0, 1), (3, 1)): [0, 1]
(0, (0, 0, 1), (3, 2)): [0, 1]
(0, (0, 1, 0), (0, 0)): [541, 570, 231, 111, 55, 24, 10, 8, 1, 0, 0, 1]
(0, (0, 1, 0), (0, 1)): [0, 1, 1]
(0, (0, 1, 0), (1, 0)): [0, 2, 0, 1]
(0, (0, 1, 0), (1, 1)): [0, 0, 1, 1]
(0, (0, 1, 0), (2, 0)): [0, 2]
(0, (0, 1, 0), (2, 1)): [0, 1, 1, 1]
(0, (0, 1, 0), (2, 2)): [0, 1]
(0, (0, 1, 0), (3, 0)): [0, 1]
(0, (0, 1, 0), (3, 1)): [0, 1, 0, 1]
(0, (0, 1, 0), (3, 2)): [0, 1]
(0, (0, 1, 1), (0, 0)): [53, 82, 105, 50, 21, 17, 6, 1, 2, 0, 1]
(0, (0, 1, 1), (1, 0)): [0, 0, 0, 1]
(0, (0, 1, 1), (1, 1)): [0, 0, 0, 1]
(0, (1, 0, 0), (0, 0)): [3164, 1181, 791, 381, 172, 91, 46, 16, 4, 3, 3]
(0, (1, 0, 0), (0, 1)): [5, 1, 0, 1, 1]
(0, (1, 0, 0), (0, 2)): [2]
(0, (1, 0, 0), (1, 0)): [5, 2, 2, 0, 0, 1]
(0, (1, 0, 0), (1, 1)): [3, 0, 0, 1, 1]
(0, (1, 0, 0), (1, 2)): [2, 0, 0, 0, 1]
(0, (1, 0, 0), (2, 0)): [3, 2, 2, 0, 0, 1]
(0, (1, 0, 0), (2, 1)): [3, 0, 1]
(0, (1, 0, 0), (2, 2)): [0, 0, 1]
(0, (1, 0, 0), (3, 0)): [1, 2, 1, 0, 0, 1]
(0, (1, 0, 0), (3, 1)): [3, 2, 1, 0, 0, 1]
(0, (1, 0, 0), (3, 2)): [0, 1, 1, 0, 0, 1]
(0, (1, 0, 1), (0, 0)): [83, 277, 121, 78, 43, 23, 15, 7, 3, 3, 1]
(0, (1, 0, 1), (1, 0)): [0, 0, 1]
(0, (1, 0, 1), (1, 1)): [0, 0, 1]
(0, (1, 1, 0), (0, 0)): [418, 310, 253, 140, 77, 48, 23, 11, 0, 1, 1]
(0, (1, 1, 0), (0, 1)): [2, 1, 1]
(0, (1, 1, 0), (0, 2)): [0, 0, 1]
(0, (1, 1, 0), (1, 0)): [1, 0, 0, 1, 0, 1]
(0, (1, 1, 0), (1, 1)): [1]
(0, (1, 1, 0), (1, 2)): [1, 0, 1]
(0, (1, 1, 0), (2, 0)): [0, 0, 0, 1, 0, 1]
(0, (1, 1, 0), (2, 1)): [0, 0, 0, 0, 0, 1]
(0, (1, 1, 0), (3, 1)): [0, 0, 0, 0, 0, 1]
(0, (1, 1, 0), (3, 2)): [0, 0, 0, 0, 0, 1]
(0, (1, 1, 1), (0, 0)): [33, 83, 83, 43, 39, 28, 13, 5, 1, 1]
(0, (1, 1, 1), (1, 0)): [0, 1, 0, 0, 0, 1]
(1, (0, 0, 0), (0, 0)): [11757, 1385, 630, 247, 96, 34, 21, 5, 5]
(1, (0, 0, 0), (0, 1)): [25, 2, 4, 0, 1]
(1, (0, 0, 0), (0, 2)): [13, 0, 0, 0, 1]
(1, (0, 0, 0), (1, 0)): [12, 3, 2]
(1, (0, 0, 0), (1, 1)): [17, 1, 5]
(1, (0, 0, 0), (1, 2)): [12, 0, 3, 0, 1]
(1, (0, 0, 0), (2, 0)): [4, 1, 1]
(1, (0, 0, 0), (2, 1)): [8, 1, 3]
(1, (0, 0, 0), (2, 2)): [11, 0, 4, 0, 1]
(1, (0, 0, 0), (3, 0)): [2]
(1, (0, 0, 0), (3, 1)): [1]
(1, (0, 0, 0), (3, 2)): [4, 0, 2]
(1, (0, 0, 1), (0, 0)): [384, 583, 124, 58, 26, 5, 5, 3]
(1, (0, 0, 1), (0, 1)): [0, 2]
(1, (0, 0, 1), (0, 2)): [0, 2]
(1, (0, 0, 1), (1, 2)): [0, 2]
(1, (0, 1, 0), (0, 0)): [1666, 847, 318, 128, 55, 19, 10, 1, 1, 1]
(1, (0, 1, 0), (0, 1)): [2, 2]
(1, (0, 1, 0), (1, 0)): [0, 2, 0, 1]
(1, (0, 1, 0), (1, 1)): [1, 1]
(1, (0, 1, 0), (1, 2)): [1]
(1, (0, 1, 0), (2, 0)): [0, 1, 0, 1]
(1, (0, 1, 0), (2, 1)): [0, 1]
(1, (0, 1, 1), (0, 0)): [304, 276, 252, 96, 48, 26, 15, 5]
(1, (0, 1, 1), (0, 1)): [2, 0, 1]
(1, (0, 1, 1), (0, 2)): [0, 0, 1]
(1, (0, 1, 1), (1, 0)): [1, 1, 0, 0, 1]
(1, (0, 1, 1), (1, 1)): [1]
(1, (0, 1, 1), (2, 0)): [1, 1, 0, 0, 1]
(1, (0, 1, 1), (2, 1)): [2]
(1, (0, 1, 1), (2, 2)): [2]
(1, (0, 1, 1), (3, 0)): [0, 1, 0, 0, 1]
(1, (0, 1, 1), (3, 2)): [1]
(1, (1, 0, 0), (0, 0)): [4802, 923, 617, 286, 101, 45, 21, 7, 7, 1]
(1, (1, 0, 0), (0, 1)): [3, 0, 2, 0, 1]
(1, (1, 0, 0), (0, 2)): [1, 0, 1]
(1, (1, 0, 0), (1, 0)): [9, 2, 2, 0, 1]
(1, (1, 0, 0), (1, 1)): [6, 1, 1, 0, 2]
(1, (1, 0, 0), (1, 2)): [4, 0, 1, 0, 1]
(1, (1, 0, 0), (2, 0)): [4, 0, 1]
(1, (1, 0, 0), (2, 1)): [1, 1, 2, 0, 1]
(1, (1, 0, 0), (2, 2)): [1, 1, 1, 0, 2]
(1, (1, 0, 0), (3, 0)): [2]
(1, (1, 0, 0), (3, 1)): [2]
(1, (1, 0, 0), (3, 2)): [2]
(1, (1, 0, 1), (0, 0)): [419, 578, 200, 124, 55, 27, 12, 2, 1]
(1, (1, 0, 1), (0, 1)): [0, 0, 0, 1]
(1, (1, 0, 1), (0, 2)): [0, 0, 0, 1]
(1, (1, 0, 1), (1, 0)): [0, 2]
(1, (1, 0, 1), (1, 1)): [0, 2]
(1, (1, 0, 1), (1, 2)): [0, 1, 0, 1]
(1, (1, 0, 1), (2, 2)): [0, 0, 0, 1]
(1, (1, 1, 0), (0, 0)): [1262, 388, 321, 214, 85, 44, 14, 5, 4, 1]
(1, (1, 1, 0), (0, 1)): [3, 3, 1]
(1, (1, 1, 0), (0, 2)): [2, 2]
(1, (1, 1, 0), (1, 0)): [4, 0, 2]
(1, (1, 1, 0), (1, 1)): [4, 0, 2]
(1, (1, 1, 0), (1, 2)): [2, 1]
(1, (1, 1, 0), (2, 0)): [0, 0, 1]
(1, (1, 1, 0), (2, 1)): [1, 0, 2]
(1, (1, 1, 0), (3, 0)): [0, 0, 1]
(1, (1, 1, 0), (3, 1)): [0, 0, 2]
(1, (1, 1, 0), (3, 2)): [0, 0, 1]
(1, (1, 1, 1), (0, 0)): [248, 199, 135, 95, 65, 36, 18, 5]
(1, (1, 1, 1), (0, 1)): [1]
(1, (1, 1, 1), (1, 0)): [2, 0, 1, 1, 1]
(1, (1, 1, 1), (1, 1)): [1]
(1, (1, 1, 1), (2, 0)): [0, 0, 1, 1]
(1, (1, 1, 1), (2, 1)): [1]
(1, (1, 1, 1), (2, 2)): [1]
(1, (1, 1, 1), (3, 2)): [1]
(2, (0, 0, 0), (0, 0)): [10181, 518, 187, 44, 23, 6, 6, 1]
(2, (0, 0, 0), (0, 1)): [16, 2]
(2, (0, 0, 0), (0, 2)): [3]
(2, (0, 0, 0), (1, 0)): [12, 1, 1, 1]
(2, (0, 0, 0), (1, 1)): [16, 2, 1, 1]
(2, (0, 0, 0), (1, 2)): [11]
(2, (0, 0, 0), (2, 0)): [5, 1]
(2, (0, 0, 0), (2, 1)): [7, 0, 0, 1]
(2, (0, 0, 0), (2, 2)): [6, 0, 0, 1]
(2, (0, 0, 0), (3, 0)): [2]
(2, (0, 0, 0), (3, 1)): [3]
(2, (0, 0, 0), (3, 2)): [1, 0, 0, 1]
(2, (0, 0, 1), (0, 0)): [1117, 344, 81, 20, 8, 3, 1, 1]
(2, (0, 0, 1), (0, 1)): [2]
(2, (0, 0, 1), (0, 2)): [1]
(2, (0, 0, 1), (1, 1)): [1]
(2, (0, 0, 1), (1, 2)): [1]
(2, (0, 0, 1), (2, 1)): [1]
(2, (0, 0, 1), (2, 2)): [1]
(2, (0, 0, 1), (3, 1)): [1]
(2, (0, 1, 0), (0, 0)): [2633, 689, 166, 64, 18, 3, 3]
(2, (0, 1, 0), (0, 1)): [3, 1, 1]
(2, (0, 1, 0), (1, 0)): [5, 2]
(2, (0, 1, 0), (1, 1)): [4, 1, 1]
(2, (0, 1, 0), (1, 2)): [0, 1]
(2, (0, 1, 0), (2, 0)): [2, 1]
(2, (0, 1, 0), (2, 1)): [1, 0, 1]
(2, (0, 1, 0), (2, 2)): [1, 1]
(2, (0, 1, 0), (3, 0)): [2, 1]
(2, (0, 1, 0), (3, 1)): [0, 1, 1]
(2, (0, 1, 0), (3, 2)): [0, 2]
(2, (0, 1, 1), (0, 0)): [663, 54, 177, 53, 10, 10, 1, 1, 2]
(2, (0, 1, 1), (0, 1)): [1, 0, 1]
(2, (0, 1, 1), (0, 2)): [1, 0, 1]
(2, (0, 1, 1), (1, 0)): [2, 0, 2]
(2, (0, 1, 1), (1, 1)): [1]
(2, (0, 1, 1), (1, 2)): [1]
(2, (0, 1, 1), (2, 0)): [1, 0, 1]
(2, (0, 1, 1), (3, 0)): [1, 0, 1]
(2, (1, 0, 0), (0, 0)): [6057, 492, 279, 107, 36, 8, 6, 1, 1]
(2, (1, 0, 0), (0, 1)): [9, 1, 0, 1, 1]
(2, (1, 0, 0), (0, 2)): [6, 1]
(2, (1, 0, 0), (1, 0)): [8, 1, 1]
(2, (1, 0, 0), (1, 1)): [9, 0, 0, 1]
(2, (1, 0, 0), (1, 2)): [7, 1, 0, 1]
(2, (1, 0, 0), (2, 0)): [2]
(2, (1, 0, 0), (2, 1)): [4]
(2, (1, 0, 0), (2, 2)): [4, 1]
(2, (1, 0, 0), (3, 0)): [1]
(2, (1, 0, 0), (3, 1)): [4]
(2, (1, 0, 0), (3, 2)): [3]
(2, (1, 0, 1), (0, 0)): [1119, 278, 116, 80, 25, 7, 2]
(2, (1, 0, 1), (0, 1)): [0, 1]
(2, (1, 0, 1), (1, 0)): [2]
(2, (1, 0, 1), (1, 1)): [2, 1]
(2, (1, 0, 1), (2, 1)): [2]
(2, (1, 0, 1), (2, 2)): [1]
(2, (1, 1, 0), (0, 0)): [2115, 340, 192, 122, 43, 12, 4, 1]
(2, (1, 1, 0), (0, 1)): [4]
(2, (1, 1, 0), (0, 2)): [3]
(2, (1, 1, 0), (1, 0)): [4, 1]
(2, (1, 1, 0), (1, 1)): [2, 1]
(2, (1, 1, 0), (1, 2)): [2, 1]
(2, (1, 1, 0), (2, 0)): [2]
(2, (1, 1, 0), (2, 1)): [1]
(2, (1, 1, 0), (2, 2)): [1, 1]
(2, (1, 1, 0), (3, 0)): [1]
(2, (1, 1, 0), (3, 1)): [1]
(2, (1, 1, 0), (3, 2)): [1]
(2, (1, 1, 1), (0, 0)): [614, 92, 149, 63, 45, 20, 7, 3, 2]
(2, (1, 1, 1), (0, 1)): [3, 0, 1]
(2, (1, 1, 1), (0, 2)): [3]
(2, (1, 1, 1), (1, 0)): [1]
(2, (1, 1, 1), (1, 1)): [1, 0, 1]
(2, (1, 1, 1), (1, 2)): [3]
(2, (1, 1, 1), (2, 1)): [0, 0, 1]
(2, (1, 1, 1), (2, 2)): [2]
(2, (1, 1, 1), (3, 1)): [0, 0, 1]
(2, (1, 1, 1), (3, 2)): [0, 0, 1]
