(0, (0, 0, 0), (0, 0)): [29123, 5618, 2537, 1109, 472, 210, 75, 27, 17, 2, 4, 0, 0, 0, 1]
(0, (0, 0, 0), (0, 1)): [12730, 2296, 997, 421, 166, 79, 29, 11, 5, 0, 1]
(0, (0, 0, 0), (0, 2)): [4701, 800, 313, 116, 55, 29, 7, 4, 3, 0, 1]
(0, (0, 0, 0), (1, 0)): [11462, 2347, 1108, 519, 232, 90, 34, 11, 10, 1, 1, 0, 0, 0, 1]
(0, (0, 0, 0), (1, 1)): [10816, 2026, 938, 438, 153, 73, 27, 12, 7]
(0, (0, 0, 0), (1, 2)): [7269, 1238, 553, 211, 87, 41, 13, 6, 4]
(0, (0, 0, 0), (2, 0)): [3730, 863, 414, 191, 101, 32, 12, 3, 3, 1, 1, 0, 0, 0, 1]
(0, (0, 0, 0), (2, 1)): [5643, 1149, 548, 262, 104, 47, 19, 10, 4, 0, 1]
(0, (0, 0, 0), (2, 2)): [5736, 1039, 484, 201, 68, 34, 13, 4, 5]
(0, (0, 0, 0), (3, 0)): [1120, 320, 169, 82, 40, 14, 5, 1, 1, 1, 0, 0, 0, 0, 1]
(0, (0, 0, 0), (3, 1)): [2128, 546, 269, 140, 63, 22, 8, 4, 2, 0, 1, 0, 0, 0, 1]
(0, (0, 0, 0), (3, 2)): [2877, 651, 344, 132, 52, 29, 12, 4, 3, 0, 1, 0, 0, 0, 1]
(0, (0, 0, 1), (0, 0)): [94, 297, 93, 29, 14, 5, 2, 2, 0, 0, 1]
(0, (0, 0, 1), (0, 1)): [47, 118, 36, 14, 3, 2]
(0, (0, 0, 1), (0, 2)): [22, 50, 10, 6, 1, 2]
(0, (0, 0, 1), (1, 0)): [39, 139, 37, 9, 8, 3, 2, 1, 0, 0, 1]
(0, (0, 0, 1), (1, 1)): [40, 107, 30, 12, 5, 1, 1, 0, 0, 0, 1]
(0, (0, 0, 1), (1, 2)): [28, 83, 17, 10, 3, 1]
(0, (0, 0, 1), (2, 0)): [18, 52, 19, 2, 3, 0, 0, 1]
(0, (0, 0, 1), (2, 1)): [25, 54, 24, 4, 3, 1, 1, 0, 0, 0, 1]
(0, (0, 0, 1), (2, 2)): [27, 65, 22, 7, 4, 2]
(0, (0, 0, 1), (3, 0)): [9, 19, 5, 1, 1]
(0, (0, 0, 1), (3, 1)): [9, 27, 9, 1, 2]
(0, (0, 0, 1), (3, 2)): [12, 46, 8, 3, 3]
(0, (0, 1, 0), (0, 0)): [1110, 1095, 397, 164, 95, 35, 14, 6, 1, 1, 0, 0, 0, 0, 1]
(0, (0, 1, 0), (0, 1)): [465, 449, 139, 57, 37, 9, 7, 3, 0, 1]
(0, (0, 1, 0), (0, 2)): [177, 150, 45, 17, 13, 2, 4]
(0, (0, 1, 0), (1, 0)): [452, 430, 185, 69, 43, 22, 6, 3, 0, 0, 0, 0, 0, 0, 1]
(0, (0, 1, 0), (1, 1)): [403, 371, 133, 60, 33, 12, 5, 3, 0, 1]
(0, (0, 1, 0), (1, 2)): [284, 216, 74, 28, 17, 4, 5, 3]
(0, (0, 1, 0), (2, 0)): [168, 147, 62, 26, 11, 8, 4, 1]
(0, (0, 1, 0), (2, 1)): [208, 209, 76, 36, 23, 9, 3, 0, 0, 1]
(0, (0, 1, 0), (2, 2)): [234, 172, 70, 31, 13, 4, 3, 2]
(0, (0, 1, 0), (3, 0)): [59, 36, 18, 12, 5, 3, 2, 1]
(0, (0, 1, 0), (3, 1)): [92, 84, 28, 21, 16, 4, 4, 1]
(0, (0, 1, 0), (3, 2)): [127, 110, 42, 20, 8, 4, 5, 1]
(0, (0, 1, 1), (0, 0)): [94, 136, 191, 69, 42, 15, 5, 3, 1]
(0, (0, 1, 1), (0, 1)): [48, 58, 69, 30, 17, 9, 2, 1]
(0, (0, 1, 1), (0, 2)): [24, 22, 30, 10, 4, 2, 2]
(0, (0, 1, 1), (1, 0)): [38, 56, 87, 33, 20, 4, 2, 0, 1]
(0, (0, 1, 1), (1, 1)): [41, 50, 54, 25, 13, 6, 1, 1]
(0, (0, 1, 1), (1, 2)): [32, 30, 31, 17, 14, 4, 2]
(0, (0, 1, 1), (2, 0)): [14, 20, 33, 16, 9, 2, 1]
(0, (0, 1, 1), (2, 1)): [15, 27, 36, 12, 3, 2, 0, 1]
(0, (0, 1, 1), (2, 2)): [21, 27, 26, 11, 7, 2, 2]
(0, (0, 1, 1), (3, 0)): [12, 5, 16, 8, 6]
(0, (0, 1, 1), (3, 1)): [8, 12, 12, 5, 4, 1]
(0, (0, 1, 1), (3, 2)): [11, 13, 16, 5, 3, 2, 1]
(0, (1, 0, 0), (0, 0)): [5859, 1915, 1215, 574, 284, 125, 49, 17, 11, 2, 4, 0, 0, 0, 1]
(0, (1, 0, 0), (0, 1)): [2338, 725, 437, 201, 105, 46, 16, 6, 5]
(0, (1, 0, 0), (0, 2)): [827, 213, 137, 53, 38, 14, 5, 0, 2]
(0, (1, 0, 0), (1, 0)): [2242, 784, 499, 251, 119, 47, 24, 9, 6, 2, 2, 0, 0, 0, 1]
(0, (1, 0, 0), (1, 1)): [1848, 612, 360, 187, 91, 37, 15, 4, 2, 1, 1]
(0, (1, 0, 0), (1, 2)): [1159, 335, 181, 88, 55, 15, 7, 0, 3, 1]
(0, (1, 0, 0), (2, 0)): [671, 245, 172, 91, 42, 19, 10, 6, 4, 0, 1]
(0, (1, 0, 0), (2, 1)): [876, 291, 210, 117, 47, 24, 8, 3, 1, 0, 2]
(0, (1, 0, 0), (2, 2)): [810, 244, 146, 69, 35, 14, 7, 3, 2, 0, 1]
(0, (1, 0, 0), (3, 0)): [155, 76, 57, 38, 16, 6, 5, 3, 3]
(0, (1, 0, 0), (3, 1)): [302, 109, 78, 56, 25, 10, 5, 2, 2]
(0, (1, 0, 0), (3, 2)): [380, 133, 86, 45, 30, 9, 4, 1, 2]
(0, (1, 0, 1), (0, 0)): [133, 447, 183, 115, 69, 28, 6, 3, 2, 1, 1, 0, 0, 0, 1]
(0, (1, 0, 1), (0, 1)): [64, 185, 75, 46, 28, 13, 3, 1, 1]
(0, (1, 0, 1), (0, 2)): [36, 53, 26, 19, 7, 2, 1]
(0, (1, 0, 1), (1, 0)): [51, 171, 71, 46, 28, 10, 1, 1, 1, 1, 0, 0, 0, 0, 1]
(0, (1, 0, 1), (1, 1)): [36, 139, 59, 32, 23, 9, 1, 2, 1]
(0, (1, 0, 1), (1, 2)): [36, 71, 36, 17, 14, 1, 2]
(0, (1, 0, 1), (2, 0)): [22, 59, 20, 13, 15, 7, 0, 0, 1, 1]
(0, (1, 0, 1), (2, 1)): [15, 67, 30, 14, 9, 6, 0, 2, 2]
(0, (1, 0, 1), (2, 2)): [25, 49, 22, 14, 9, 3, 2]
(0, (1, 0, 1), (3, 0)): [13, 12, 5, 1, 8, 4, 0, 0, 0, 1]
(0, (1, 0, 1), (3, 1)): [2, 22, 10, 6, 10, 4, 0, 2, 1, 1]
(0, (1, 0, 1), (3, 2)): [7, 24, 10, 7, 10, 4, 1, 1, 1, 1]
(0, (1, 1, 0), (0, 0)): [844, 471, 346, 268, 134, 58, 31, 9, 6, 1, 1, 0, 0, 1]
(0, (1, 1, 0), (0, 1)): [361, 189, 142, 102, 57, 21, 10, 5, 3, 1]
(0, (1, 1, 0), (0, 2)): [151, 59, 54, 32, 14, 5, 2, 1, 1, 1]
(0, (1, 1, 0), (1, 0)): [297, 173, 126, 98, 49, 24, 16, 3, 2, 0, 0, 0, 0, 1]
(0, (1, 1, 0), (1, 1)): [260, 139, 90, 85, 47, 18, 10, 4, 0, 0, 0, 0, 0, 1]
(0, (1, 1, 0), (1, 2)): [181, 94, 57, 54, 25, 8, 3, 1, 1, 1, 0, 0, 0, 1]
(0, (1, 1, 0), (2, 0)): [81, 49, 58, 34, 15, 11, 7, 1, 1]
(0, (1, 1, 0), (2, 1)): [119, 69, 56, 41, 20, 12, 6, 3]
(0, (1, 1, 0), (2, 2)): [118, 73, 39, 35, 19, 12, 6, 2, 1, 1]
(0, (1, 1, 0), (3, 0)): [15, 17, 19, 8, 6, 6, 2]
(0, (1, 1, 0), (3, 1)): [38, 25, 23, 12, 7, 9, 2]
(0, (1, 1, 0), (3, 2)): [47, 31, 24, 15, 11, 8, 3, 1]
(0, (1, 1, 1), (0, 0)): [99, 121, 114, 72, 62, 37, 14, 2, 4, 1]
(0, (1, 1, 1), (0, 1)): [34, 53, 52, 26, 34, 12, 6, 1, 1]
(0, (1, 1, 1), (0, 2)): [17, 19, 21, 6, 9, 7, 4, 0, 1]
(0, (1, 1, 1), (1, 0)): [43, 41, 41, 29, 17, 11, 5, 1, 1]
(0, (1, 1, 1), (1, 1)): [36, 41, 34, 24, 24, 6, 3, 1]
(0, (1, 1, 1), (1, 2)): [29, 28, 23, 13, 15, 4, 2, 1]
(0, (1, 1, 1), (2, 0)): [10, 8, 14, 11, 6, 6, 2, 1, 1]
(0, (1, 1, 1), (2, 1)): [14, 9, 16, 12, 7, 5, 1, 0, 1]
(0, (1, 1, 1), (2, 2)): [20, 18, 19, 13, 9, 3, 2]
(0, (1, 1, 1), (3, 0)): [1, 4, 3, 4, 1, 2, 1]
(0, (1, 1, 1), (3, 1)): [3, 7, 8, 6, 3, 4]
(0, (1, 1, 1), (3, 2)): [4, 6, 11, 11, 5, 4, 2]
(1, (0, 0, 0), (0, 0)): [24004, 2509, 1003, 388, 122, 61, 15, 9, 3]
(1, (0, 0, 0), (0, 1)): [10332, 1015, 369, 146, 42, 28, 7, 3, 1]
(1, (0, 0, 0), (0, 2)): [3929, 298, 110, 53, 14, 9, 2, 1]
(1, (0, 0, 0), (1, 0)): [9935, 1098, 464, 174, 65, 24, 6, 5, 2]
(1, (0, 0, 0), (1, 1)): [9209, 964, 383, 140, 48, 24, 6, 5]
(1, (0, 0, 0), (1, 2)): [6163, 532, 217, 86, 33, 13, 1, 2]
(1, (0, 0, 0), (2, 0)): [3214, 437, 188, 65, 25, 6, 2, 1]
(1, (0, 0, 0), (2, 1)): [4831, 579, 226, 82, 22, 15, 5, 1]
(1, (0, 0, 0), (2, 2)): [4911, 463, 193, 81, 30, 13, 3, 1]
(1, (0, 0, 0), (3, 0)): [963, 143, 92, 21, 11, 1, 1]
(1, (0, 0, 0), (3, 1)): [1938, 276, 134, 38, 18, 9, 4]
(1, (0, 0, 0), (3, 2)): [2660, 314, 131, 55, 20, 10, 2]
(1, (0, 0, 1), (0, 0)): [668, 978, 186, 93, 35, 12, 1, 2]
(1, (0, 0, 1), (0, 1)): [288, 356, 63, 23, 9, 3, 1, 1]
(1, (0, 0, 1), (0, 2)): [122, 102, 18, 8, 4]
(1, (0, 0, 1), (1, 0)): [296, 454, 97, 54, 23, 5, 0, 1]
(1, (0, 0, 1), (1, 1)): [265, 343, 71, 33, 8, 3, 0, 1]
(1, (0, 0, 1), (1, 2)): [192, 191, 37, 11, 4]
(1, (0, 0, 1), (2, 0)): [125, 188, 41, 20, 14, 3]
(1, (0, 0, 1), (2, 1)): [149, 192, 41, 25, 9, 3]
(1, (0, 0, 1), (2, 2)): [167, 156, 34, 17, 9, 1]
(1, (0, 0, 1), (3, 0)): [65, 85, 20, 8, 7, 2]
(1, (0, 0, 1), (3, 1)): [61, 79, 19, 8, 4]
(1, (0, 0, 1), (3, 2)): [107, 86, 18, 15, 9]
(1, (0, 1, 0), (0, 0)): [3269, 1391, 461, 211, 85, 37, 12, 4, 4, 1, 1]
(1, (0, 1, 0), (0, 1)): [1283, 542, 185, 76, 32, 9, 5, 1, 0, 1]
(1, (0, 1, 0), (0, 2)): [475, 189, 68, 29, 10, 1, 1]
(1, (0, 1, 0), (1, 0)): [1540, 640, 215, 112, 42, 21, 5, 3, 4]
(1, (0, 1, 0), (1, 1)): [1213, 492, 146, 77, 26, 15, 4, 1, 2]
(1, (0, 1, 0), (1, 2)): [782, 302, 111, 49, 9, 5, 2, 0, 1]
(1, (0, 1, 0), (2, 0)): [676, 265, 107, 60, 31, 10, 4, 2, 2]
(1, (0, 1, 0), (2, 1)): [680, 286, 90, 49, 26, 8, 2, 0, 1]
(1, (0, 1, 0), (2, 2)): [645, 284, 93, 41, 12, 4, 2, 0, 2]
(1, (0, 1, 0), (3, 0)): [314, 101, 48, 39, 15, 6, 1, 2, 2]
(1, (0, 1, 0), (3, 1)): [326, 117, 40, 29, 19, 4, 1, 1, 2]
(1, (0, 1, 0), (3, 2)): [406, 162, 56, 32, 16, 2, 2, 1, 1]
(1, (0, 1, 1), (0, 0)): [507, 423, 357, 115, 75, 20, 14, 3, 1]
(1, (0, 1, 1), (0, 1)): [198, 135, 119, 37, 16, 2, 6, 1]
(1, (0, 1, 1), (0, 2)): [89, 39, 43, 13, 6, 1, 2]
(1, (0, 1, 1), (1, 0)): [270, 223, 173, 60, 51, 14, 7, 1]
(1, (0, 1, 1), (1, 1)): [170, 125, 117, 41, 17, 1, 4, 1]
(1, (0, 1, 1), (1, 2)): [132, 68, 75, 24, 9, 0, 3, 1]
(1, (0, 1, 1), (2, 0)): [164, 123, 88, 33, 37, 11, 5]
(1, (0, 1, 1), (2, 1)): [99, 74, 59, 20, 14, 0, 3]
(1, (0, 1, 1), (2, 2)): [116, 61, 62, 21, 9, 0, 1]
(1, (0, 1, 1), (3, 0)): [109, 95, 51, 26, 32, 11, 4]
(1, (0, 1, 1), (3, 1)): [51, 33, 21, 8, 8, 1, 1]
(1, (0, 1, 1), (3, 2)): [66, 34, 25, 13, 9]
(1, (1, 0, 0), (0, 0)): [8466, 1468, 973, 387, 134, 70, 23, 9, 3, 2]
(1, (1, 0, 0), (0, 1)): [3371, 530, 324, 134, 52, 26, 11, 2, 2]
(1, (1, 0, 0), (0, 2)): [1197, 171, 117, 42, 18, 9, 6, 1, 1]
(1, (1, 0, 0), (1, 0)): [3392, 656, 457, 168, 55, 29, 7, 5, 1, 1]
(1, (1, 0, 0), (1, 1)): [2816, 491, 307, 128, 35, 25, 8, 2, 1]
(1, (1, 0, 0), (1, 2)): [1762, 242, 185, 68, 17, 10, 4]
(1, (1, 0, 0), (2, 0)): [1069, 230, 161, 66, 23, 10, 3, 1, 1, 1]
(1, (1, 0, 0), (2, 1)): [1390, 265, 170, 82, 21, 16, 6, 2]
(1, (1, 0, 0), (2, 2)): [1280, 200, 144, 58, 17, 9, 2, 1]
(1, (1, 0, 0), (3, 0)): [297, 76, 52, 24, 9, 5, 0, 0, 1, 1]
(1, (1, 0, 0), (3, 1)): [533, 128, 71, 40, 11, 8, 3, 1, 0, 1]
(1, (1, 0, 0), (3, 2)): [646, 132, 82, 41, 10, 6, 1, 0, 0, 1]
(1, (1, 0, 1), (0, 0)): [733, 770, 263, 166, 69, 24, 9, 3, 2]
(1, (1, 0, 1), (0, 1)): [314, 278, 99, 60, 26, 9, 3, 0, 1]
(1, (1, 0, 1), (0, 2)): [143, 84, 27, 19, 10, 0, 1, 0, 1]
(1, (1, 0, 1), (1, 0)): [296, 323, 116, 69, 28, 10, 5, 1, 1]
(1, (1, 0, 1), (1, 1)): [246, 232, 85, 53, 19, 9, 3]
(1, (1, 0, 1), (1, 2)): [190, 120, 41, 25, 10, 3, 0, 0, 1]
(1, (1, 0, 1), (2, 0)): [114, 104, 32, 24, 8, 4, 2, 0, 1]
(1, (1, 0, 1), (2, 1)): [116, 109, 41, 33, 11, 6, 0, 0, 1]
(1, (1, 0, 1), (2, 2)): [118, 82, 32, 26, 10, 3, 0, 0, 2]
(1, (1, 0, 1), (3, 0)): [50, 25, 7, 6, 5, 1, 2]
(1, (1, 0, 1), (3, 1)): [45, 45, 21, 10, 5, 2]
(1, (1, 0, 1), (3, 2)): [66, 48, 20, 15, 6, 2, 0, 0, 1]
(1, (1, 1, 0), (0, 0)): [2407, 665, 448, 350, 129, 59, 21, 13, 4, 2]
(1, (1, 1, 0), (0, 1)): [1060, 265, 184, 141, 51, 26, 9, 6, 1, 1]
(1, (1, 1, 0), (0, 2)): [426, 95, 58, 40, 18, 7, 4, 3, 1]
(1, (1, 1, 0), (1, 0)): [899, 277, 197, 141, 55, 23, 9, 5, 2]
(1, (1, 1, 0), (1, 1)): [809, 224, 160, 126, 41, 17, 6, 4, 1, 1]
(1, (1, 1, 0), (1, 2)): [618, 129, 80, 69, 28, 6, 7, 4, 1]
(1, (1, 1, 0), (2, 0)): [277, 105, 63, 51, 20, 13, 5, 3, 1]
(1, (1, 1, 0), (2, 1)): [356, 128, 96, 54, 18, 11, 4, 1, 2]
(1, (1, 1, 0), (2, 2)): [424, 111, 76, 53, 17, 10, 4]
(1, (1, 1, 0), (3, 0)): [74, 38, 24, 12, 10, 6, 0, 1]
(1, (1, 1, 0), (3, 1)): [133, 63, 44, 19, 12, 3, 1, 1, 2]
(1, (1, 1, 0), (3, 2)): [190, 69, 48, 18, 11, 6, 2, 1, 1]
(1, (1, 1, 1), (0, 0)): [508, 322, 232, 126, 118, 48, 23, 6, 6, 1]
(1, (1, 1, 1), (0, 1)): [229, 121, 88, 45, 44, 16, 6, 3, 2]
(1, (1, 1, 1), (0, 2)): [98, 43, 35, 17, 16, 6, 4, 1]
(1, (1, 1, 1), (1, 0)): [175, 136, 89, 45, 43, 17, 11, 2, 2]
(1, (1, 1, 1), (1, 1)): [167, 106, 77, 41, 35, 12, 5, 3, 2]
(1, (1, 1, 1), (1, 2)): [113, 58, 44, 27, 24, 6, 4, 1]
(1, (1, 1, 1), (2, 0)): [41, 35, 30, 20, 17, 6, 3, 1]
(1, (1, 1, 1), (2, 1)): [76, 58, 41, 19, 12, 11, 2, 0, 1]
(1, (1, 1, 1), (2, 2)): [94, 43, 40, 16, 15, 6, 4, 0, 1]
(1, (1, 1, 1), (3, 0)): [7, 7, 7, 9, 5, 1, 1, 1]
(1, (1, 1, 1), (3, 1)): [17, 20, 13, 12, 7, 2, 2, 1]
(1, (1, 1, 1), (3, 2)): [28, 21, 22, 10, 7, 3, 4, 0, 1]
(2, (0, 0, 0), (0, 0)): [21064, 917, 294, 90, 29, 5, 1]
(2, (0, 0, 0), (0, 1)): [8899, 310, 82, 22, 10, 1]
(2, (0, 0, 0), (0, 2)): [3232, 75, 16, 7, 3]
(2, (0, 0, 0), (1, 0)): [8904, 447, 158, 56, 17, 2, 1]
(2, (0, 0, 0), (1, 1)): [8089, 318, 108, 30, 13]
(2, (0, 0, 0), (1, 2)): [5190, 147, 40, 16, 6]
(2, (0, 0, 0), (2, 0)): [3121, 184, 70, 26, 7, 1, 1]
(2, (0, 0, 0), (2, 1)): [4384, 208, 89, 23, 12]
(2, (0, 0, 0), (2, 2)): [4304, 153, 58, 18, 9]
(2, (0, 0, 0), (3, 0)): [997, 68, 32, 10, 2, 0, 1]
(2, (0, 0, 0), (3, 1)): [1805, 114, 51, 16, 6]
(2, (0, 0, 0), (3, 2)): [2482, 114, 51, 15, 5]
(2, (0, 0, 1), (0, 0)): [2027, 558, 106, 38, 10, 5, 2]
(2, (0, 0, 1), (0, 1)): [822, 201, 34, 15, 0, 1]
(2, (0, 0, 1), (0, 2)): [322, 58, 6, 5]
(2, (0, 0, 1), (1, 0)): [939, 258, 56, 20, 6, 1, 2]
(2, (0, 0, 1), (1, 1)): [747, 202, 40, 17, 1, 2, 2]
(2, (0, 0, 1), (1, 2)): [494, 97, 15, 9, 0, 0, 1]
(2, (0, 0, 1), (2, 0)): [438, 110, 27, 11, 3]
(2, (0, 0, 1), (2, 1)): [479, 128, 27, 13, 1, 2, 1]
(2, (0, 0, 1), (2, 2)): [486, 89, 23, 12, 0, 1, 1]
(2, (0, 0, 1), (3, 0)): [220, 42, 15, 7, 1]
(2, (0, 0, 1), (3, 1)): [203, 71, 14, 4, 0, 1, 1]
(2, (0, 0, 1), (3, 2)): [291, 64, 12, 11, 0, 2, 1]
(2, (0, 1, 0), (0, 0)): [5075, 968, 284, 90, 32, 6, 3, 0, 1]
(2, (0, 1, 0), (0, 1)): [1959, 385, 93, 26, 8, 1, 1]
(2, (0, 1, 0), (0, 2)): [717, 113, 28, 8, 1]
(2, (0, 1, 0), (1, 0)): [2527, 454, 144, 49, 20, 3, 2]
(2, (0, 1, 0), (1, 1)): [1984, 351, 100, 35, 13, 1, 3]
(2, (0, 1, 0), (1, 2)): [1281, 182, 46, 25, 4, 0, 2]
(2, (0, 1, 0), (2, 0)): [1166, 198, 70, 24, 8, 2]
(2, (0, 1, 0), (2, 1)): [1184, 227, 70, 16, 8, 1]
(2, (0, 1, 0), (2, 2)): [1165, 174, 56, 21, 7, 1, 1]
(2, (0, 1, 0), (3, 0)): [625, 89, 41, 19, 7, 2]
(2, (0, 1, 0), (3, 1)): [533, 91, 38, 11, 5]
(2, (0, 1, 0), (3, 2)): [693, 111, 44, 20, 3, 1]
(2, (0, 1, 1), (0, 0)): [1191, 98, 204, 51, 24, 11, 4]
(2, (0, 1, 1), (0, 1)): [484, 34, 72, 12, 6, 3]
(2, (0, 1, 1), (0, 2)): [209, 14, 24, 5, 4]
(2, (0, 1, 1), (1, 0)): [590, 52, 103, 32, 17, 6, 3]
(2, (0, 1, 1), (1, 1)): [404, 35, 68, 16, 3, 6]
(2, (0, 1, 1), (1, 2)): [314, 22, 46, 7, 4, 1]
(2, (0, 1, 1), (2, 0)): [321, 20, 44, 16, 13, 3, 3]
(2, (0, 1, 1), (2, 1)): [240, 21, 39, 9, 4, 3]
(2, (0, 1, 1), (2, 2)): [271, 19, 31, 5, 4, 4]
(2, (0, 1, 1), (3, 0)): [201, 12, 24, 11, 8, 2, 3]
(2, (0, 1, 1), (3, 1)): [115, 8, 25, 6, 2, 0, 1]
(2, (0, 1, 1), (3, 2)): [163, 15, 23, 3, 4, 3, 1]
(2, (1, 0, 0), (0, 0)): [10301, 731, 447, 138, 44, 17, 4, 1]
(2, (1, 0, 0), (0, 1)): [4122, 256, 141, 44, 16, 5, 0, 1]
(2, (1, 0, 0), (0, 2)): [1486, 69, 31, 14, 2, 1]
(2, (1, 0, 0), (1, 0)): [4368, 342, 216, 74, 25, 5, 3]
(2, (1, 0, 0), (1, 1)): [3507, 221, 124, 40, 14, 4, 2, 1]
(2, (1, 0, 0), (1, 2)): [2136, 101, 60, 23, 6, 2]
(2, (1, 0, 0), (2, 0)): [1452, 141, 80, 41, 14, 2, 1]
(2, (1, 0, 0), (2, 1)): [1857, 145, 82, 29, 11, 2, 2, 1]
(2, (1, 0, 0), (2, 2)): [1676, 96, 57, 26, 7, 1]
(2, (1, 0, 0), (3, 0)): [434, 44, 28, 22, 6]
(2, (1, 0, 0), (3, 1)): [737, 72, 37, 22, 3, 0, 1]
(2, (1, 0, 0), (3, 2)): [859, 73, 34, 21, 3, 0, 1]
(2, (1, 0, 1), (0, 0)): [1963, 404, 167, 87, 35, 13, 2]
(2, (1, 0, 1), (0, 1)): [850, 155, 62, 31, 9, 5, 1]
(2, (1, 0, 1), (0, 2)): [338, 45, 23, 9, 3, 2]
(2, (1, 0, 1), (1, 0)): [815, 165, 81, 35, 18, 6, 1]
(2, (1, 0, 1), (1, 1)): [699, 129, 49, 26, 10, 5, 1]
(2, (1, 0, 1), (1, 2)): [471, 72, 19, 16, 8, 1]
(2, (1, 0, 1), (2, 0)): [297, 60, 34, 11, 10, 3]
(2, (1, 0, 1), (2, 1)): [363, 59, 36, 13, 6, 4]
(2, (1, 0, 1), (2, 2)): [354, 52, 25, 8, 4, 4]
(2, (1, 0, 1), (3, 0)): [92, 24, 10, 2, 4, 1]
(2, (1, 0, 1), (3, 1)): [155, 26, 13, 5, 4, 1]
(2, (1, 0, 1), (3, 2)): [183, 29, 14, 5, 6, 2]
(2, (1, 1, 0), (0, 0)): [4115, 595, 274, 191, 56, 14, 4, 1]
(2, (1, 1, 0), (0, 1)): [1764, 242, 92, 58, 13, 3, 1]
(2, (1, 1, 0), (0, 2)): [750, 72, 29, 23, 5]
(2, (1, 1, 0), (1, 0)): [1662, 250, 128, 98, 32, 6, 3, 1]
(2, (1, 1, 0), (1, 1)): [1406, 192, 87, 59, 18, 4, 2, 1]
(2, (1, 1, 0), (1, 2)): [1029, 99, 55, 29, 12, 2, 1, 1]
(2, (1, 1, 0), (2, 0)): [560, 80, 47, 37, 15, 1, 1]
(2, (1, 1, 0), (2, 1)): [731, 107, 55, 38, 10, 0, 1]
(2, (1, 1, 0), (2, 2)): [814, 73, 59, 24, 13, 2, 2]
(2, (1, 1, 0), (3, 0)): [182, 19, 18, 10, 10, 0, 1]
(2, (1, 1, 0), (3, 1)): [286, 38, 32, 21, 10, 0, 1]
(2, (1, 1, 0), (3, 2)): [409, 50, 49, 20, 15, 2, 1]
(2, (1, 1, 1), (0, 0)): [1166, 136, 188, 86, 71, 19, 4]
(2, (1, 1, 1), (0, 1)): [543, 48, 78, 28, 30, 5, 3]
(2, (1, 1, 1), (0, 2)): [253, 15, 22, 9, 6, 2, 1]
(2, (1, 1, 1), (1, 0)): [418, 75, 80, 40, 28, 10, 1]
(2, (1, 1, 1), (1, 1)): [399, 49, 66, 30, 29, 8]
(2, (1, 1, 1), (1, 2)): [312, 27, 39, 14, 16, 1]
(2, (1, 1, 1), (2, 0)): [119, 47, 27, 17, 11, 3]
(2, (1, 1, 1), (2, 1)): [183, 49, 31, 16, 12, 5]
(2, (1, 1, 1), (2, 2)): [214, 33, 24, 14, 14, 1]
(2, (1, 1, 1), (3, 0)): [27, 24, 6, 9, 6, 1]
(2, (1, 1, 1), (3, 1)): [63, 38, 14, 12, 8, 3]
(2, (1, 1, 1), (3, 2)): [90, 32, 15, 12, 9, 1]
