(0, (0, 0, 0)): [651717, 124045, 56183, 25016, 10709, 4483, 1785, 750, 274, 113, 46, 22, 7, 3]
(0, (0, 0, 1)): [2814, 7122, 1855, 898, 410, 168, 69, 21, 7, 7, 2, 0, 0, 1]
(0, (0, 1, 0)): [24866, 20671, 8095, 3921, 1800, 733, 313, 139, 49, 28, 9, 1, 1, 1]
(0, (0, 1, 1)): [2096, 3033, 3452, 1663, 855, 395, 161, 77, 33, 21, 3, 1, 1]
(0, (1, 0, 0)): [136343, 42367, 27044, 13065, 5998, 2645, 1051, 463, 182, 76, 30, 14, 6]
(0, (1, 0, 1)): [3648, 9296, 3717, 2573, 1295, 575, 275, 105, 54, 20, 11, 3, 1, 1]
(0, (1, 1, 0)): [18983, 11025, 7956, 5764, 2934, 1400, 547, 264, 104, 48, 18, 10, 3]
(0, (1, 1, 1)): [2124, 2977, 2550, 1831, 1433, 736, 321, 159, 63, 30, 9, 3, 2]
(1, (0, 0, 0)): [533811, 55818, 22585, 8756, 3239, 1222, 477, 164, 60, 22, 11, 5, 1, 1]
(1, (0, 0, 1)): [14182, 18078, 3507, 1499, 600, 238, 86, 27, 10, 4, 3, 0, 1]
(1, (0, 1, 0)): [71663, 28187, 10571, 4476, 1773, 662, 213, 103, 28, 8, 8, 1, 2]
(1, (0, 1, 1)): [11195, 7994, 6826, 2726, 1439, 562, 206, 87, 31, 12, 2, 3, 1]
(1, (1, 0, 0)): [194051, 31912, 21169, 8641, 3442, 1289, 534, 183, 72, 24, 8, 5, 1, 1]
(1, (1, 0, 1)): [16438, 16775, 5194, 3602, 1504, 571, 260, 93, 24, 12, 0, 2]
(1, (1, 1, 0)): [54345, 15363, 10004, 7277, 2916, 1148, 449, 181, 83, 19, 6, 4, 3, 1]
(1, (1, 1, 1)): [11675, 7652, 5150, 3228, 2303, 966, 377, 148, 52, 19, 5, 4, 2, 1]
(2, (0, 0, 0)): [465127, 20748, 6807, 2193, 646, 215, 70, 17, 2, 3, 3]
(2, (0, 0, 1)): [39217, 11072, 2305, 773, 275, 80, 19, 7, 2]
(2, (0, 1, 0)): [109214, 21277, 6091, 2101, 696, 238, 61, 22, 4, 6, 4]
(2, (0, 1, 1)): [23465, 1809, 4676, 1287, 507, 145, 53, 14, 6, 0, 1]
(2, (1, 0, 0)): [232565, 15591, 10872, 3406, 989, 334, 127, 33, 4, 4, 3]
(2, (1, 0, 1)): [40823, 8936, 3304, 2118, 689, 226, 80, 23, 9, 4]
(2, (1, 1, 0)): [92647, 13197, 6478, 4691, 1465, 472, 158, 53, 15, 8, 2, 1]
(2, (1, 1, 1)): [26565, 3260, 4314, 1990, 1482, 455, 161, 51, 12, 2, 1]
