(0, (0, 0, 0)): [65683, 11664, 4989, 2161, 926, 350, 136, 45, 18, 5, 6]
(0, (0, 0, 1)): [390, 1023, 290, 117, 53, 19, 9, 3, 1]
(0, (0, 1, 0)): [1955, 1914, 671, 307, 140, 45, 20, 4, 4, 2, 2]
(0, (0, 1, 1)): [182, 289, 351, 164, 66, 32, 12, 4]
(0, (1, 0, 0)): [14685, 5004, 2635, 1278, 546, 222, 78, 27, 12, 3, 5]
(0, (1, 0, 1)): [343, 787, 368, 210, 108, 34, 18, 7, 3]
(0, (1, 1, 0)): [1812, 1193, 914, 590, 315, 119, 47, 16, 9, 4, 4]
(0, (1, 1, 1)): [216, 340, 280, 233, 169, 73, 36, 18, 10, 5, 3]
(1, (0, 0, 0)): [51602, 4714, 1799, 626, 260, 95, 33, 15, 4, 1, 1]
(1, (0, 0, 1)): [2073, 2843, 510, 190, 76, 27, 10, 3, 1]
(1, (0, 1, 0)): [8346, 3786, 1169, 458, 155, 53, 20, 10, 1]
(1, (0, 1, 1)): [1363, 1105, 1065, 402, 149, 60, 18, 6, 1]
(1, (1, 0, 0)): [20141, 3667, 1881, 753, 279, 118, 33, 13, 4, 1]
(1, (1, 0, 1)): [1362, 1765, 642, 343, 143, 47, 12, 6, 2, 1]
(1, (1, 1, 0)): [4976, 1517, 1044, 652, 253, 95, 28, 9, 4]
(1, (1, 1, 1)): [972, 791, 466, 353, 204, 89, 34, 15, 3]
(2, (0, 0, 0)): [44644, 1482, 463, 118, 41, 14, 5, 3, 1, 0, 1]
(2, (0, 0, 1)): [5685, 1816, 268, 80, 21, 6, 4]
(2, (0, 1, 0)): [13751, 2877, 628, 195, 47, 17, 3, 3]
(2, (0, 1, 1)): [3413, 335, 715, 176, 51, 17, 5, 1]
(2, (1, 0, 0)): [24177, 1747, 759, 213, 73, 22, 10, 4, 1, 0, 1]
(2, (1, 0, 1)): [3559, 1004, 469, 167, 48, 15, 5]
(2, (1, 1, 0)): [7306, 1077, 604, 294, 77, 22, 8, 5, 1, 0, 1]
(2, (1, 1, 1)): [2297, 379, 331, 168, 97, 27, 10, 3, 1, 1, 1]
