(0, (0, 0, 0)): [33763, 6812, 2933, 1387, 641, 233, 102, 40, 20, 8, 7, 2]
(0, (0, 0, 1)): [96, 265, 92, 41, 24, 9, 2, 2]
(0, (0, 1, 0)): [1259, 1190, 464, 229, 109, 38, 21, 11, 3, 0, 2, 1]
(0, (0, 1, 1)): [99, 146, 169, 105, 50, 18, 9, 9, 3, 2]
(0, (1, 0, 0)): [6454, 1867, 1304, 711, 360, 123, 57, 27, 14, 5, 5, 1]
(0, (1, 0, 1)): [140, 426, 147, 131, 64, 27, 9, 9, 1]
(0, (1, 1, 0)): [989, 575, 391, 322, 174, 62, 33, 19, 8, 4, 5, 1]
(0, (1, 1, 1)): [83, 193, 153, 115, 94, 32, 22, 11, 2, 0, 1, 1]
(1, (0, 0, 0)): [28270, 3225, 1210, 480, 169, 68, 24, 10, 5, 4, 1]
(1, (0, 0, 1)): [658, 913, 177, 92, 42, 14, 5, 3, 0, 0, 1]
(1, (0, 1, 0)): [3399, 1350, 547, 198, 81, 42, 19, 6, 4]
(1, (0, 1, 1)): [488, 378, 318, 126, 64, 34, 10, 7, 0, 1, 1]
(1, (1, 0, 0)): [9577, 1515, 1075, 484, 177, 72, 33, 9, 4, 6]
(1, (1, 0, 1)): [804, 826, 231, 156, 70, 40, 17, 8, 3]
(1, (1, 1, 0)): [2744, 709, 480, 384, 163, 59, 28, 9, 4, 3, 1]
(1, (1, 1, 1)): [524, 421, 238, 147, 134, 59, 27, 14, 4, 3, 1]
(2, (0, 0, 0)): [25130, 1277, 380, 134, 39, 9, 2]
(2, (0, 0, 1)): [2172, 594, 126, 42, 14, 6, 1, 1]
(2, (0, 1, 0)): [5744, 1053, 305, 129, 30, 6, 0, 1]
(2, (0, 1, 1)): [1374, 103, 240, 90, 20, 14, 3, 2]
(2, (1, 0, 0)): [11538, 822, 594, 201, 59, 19, 4, 2]
(2, (1, 0, 1)): [2191, 429, 155, 119, 37, 11, 4, 1]
(2, (1, 1, 0)): [4448, 588, 302, 265, 79, 20, 6, 3]
(2, (1, 1, 1)): [1280, 176, 210, 99, 83, 31, 12, 5, 2]
