(0, (0, 0, 0)): [1146783, 228560, 105655, 48094, 21371, 9171, 3771, 1605, 637, 295, 120, 58, 26, 10, 3, 1, 0, 1]
(0, (0, 0, 1)): [4795, 14224, 3846, 1840, 896, 381, 160, 81, 34, 18, 6, 1, 2, 2]
(0, (0, 1, 0)): [39743, 36582, 14336, 6895, 3299, 1441, 608, 268, 107, 61, 19, 5, 3, 2, 1]
(0, (0, 1, 1)): [3433, 5711, 6866, 3205, 1706, 790, 338, 163, 77, 32, 9, 6, 1, 2, 1, 0, 0, 1]
(0, (1, 0, 0)): [246361, 81791, 51890, 25633, 12186, 5488, 2302, 1002, 416, 193, 81, 37, 18, 4, 2, 1, 0, 1]
(0, (1, 0, 1)): [5888, 17846, 7217, 4997, 2624, 1199, 588, 246, 115, 49, 23, 11, 5, 1, 1, 0, 0, 1]
(0, (1, 1, 0)): [33635, 21541, 16243, 11583, 6126, 2920, 1256, 597, 243, 113, 50, 24, 8, 1]
(0, (1, 1, 1)): [3319, 6249, 5142, 3870, 3048, 1536, 717, 354, 154, 66, 34, 13, 3, 1, 1]
(1, (0, 0, 0)): [927461, 100725, 41425, 16408, 6367, 2425, 934, 362, 135, 56, 24, 14, 6, 3, 0, 1]
(1, (0, 0, 1)): [25141, 35729, 7036, 3004, 1250, 513, 195, 83, 38, 11, 8, 4, 3, 1]
(1, (0, 1, 0)): [124082, 55436, 19929, 8468, 3458, 1363, 467, 226, 57, 33, 19, 7, 8, 2, 1]
(1, (0, 1, 1)): [20370, 16352, 14827, 5901, 3074, 1205, 485, 200, 97, 26, 8, 6, 1, 2, 0, 1]
(1, (1, 0, 0)): [356403, 63012, 40451, 17200, 6943, 2742, 1090, 395, 176, 73, 28, 19, 4, 3, 0, 2]
(1, (1, 0, 1)): [28557, 33629, 10799, 7119, 3016, 1256, 497, 197, 70, 46, 12, 5, 0, 1]
(1, (1, 1, 0)): [97772, 30333, 20323, 14364, 6067, 2524, 994, 404, 161, 65, 23, 13, 8, 5, 1]
(1, (1, 1, 1)): [20201, 15916, 10256, 6689, 4858, 2067, 844, 315, 132, 50, 19, 15, 6, 3, 1, 1]
(2, (0, 0, 0)): [802654, 36223, 12198, 3915, 1299, 431, 149, 46, 9, 5, 4, 0, 1]
(2, (0, 0, 1)): [73088, 22438, 4458, 1520, 559, 196, 52, 17, 3, 2, 0, 1]
(2, (0, 1, 0)): [196093, 42169, 11252, 3955, 1306, 451, 132, 37, 8, 7, 5, 0, 1]
(2, (0, 1, 1)): [45037, 3865, 9934, 2697, 1056, 332, 126, 42, 17, 4, 3, 1, 0, 1]
(2, (1, 0, 0)): [432507, 31270, 20237, 6456, 2078, 656, 264, 71, 17, 10, 5, 0, 1]
(2, (1, 0, 1)): [72993, 17739, 6991, 4215, 1340, 462, 163, 54, 21, 7, 0, 2, 1]
(2, (1, 1, 0)): [169440, 26275, 13116, 8825, 2878, 931, 301, 98, 37, 17, 6, 1, 2, 1]
(2, (1, 1, 1)): [48955, 7115, 8276, 4104, 2954, 937, 313, 108, 38, 6, 5, 0, 1, 1]
