(0, (0, 0, 0), (0, 0)): [74714, 13317, 5683, 2458, 1035, 415, 158, 47, 21, 5, 7]
(0, (0, 0, 0), (0, 1)): [411, 60, 23, 11, 4, 0, 1, 1]
(0, (0, 0, 0), (0, 2)): [162, 29, 6, 4, 2, 0, 1, 1]
(0, (0, 0, 0), (1, 0)): [330, 57, 22, 5, 3, 4, 2]
(0, (0, 0, 0), (1, 1)): [302, 44, 21, 7, 2, 1]
(0, (0, 0, 0), (1, 2)): [207, 29, 8, 5, 1, 0, 0, 1]
(0, (0, 0, 0), (2, 0)): [109, 26, 9, 2, 2, 3, 1]
(0, (0, 0, 0), (2, 1)): [154, 31, 10, 5, 0, 2]
(0, (0, 0, 0), (2, 2)): [164, 27, 2, 3, 1, 1]
(0, (0, 0, 0), (3, 0)): [41, 12, 6, 0, 2, 2, 1]
(0, (0, 0, 0), (3, 1)): [54, 12, 10, 1, 0, 0, 1]
(0, (0, 0, 0), (3, 2)): [72, 20, 7, 3, 1, 1, 1]
(0, (0, 0, 1), (0, 0)): [437, 1118, 329, 134, 58, 23, 11, 4, 1]
(0, (0, 0, 1), (1, 0)): [2, 6, 1, 0, 1]
(0, (0, 0, 1), (1, 1)): [3, 2, 1, 0, 1]
(0, (0, 0, 1), (1, 2)): [1, 1, 1, 0, 1]
(0, (0, 0, 1), (2, 2)): [0, 0, 1, 0, 1]
(0, (0, 1, 0), (0, 0)): [2235, 2185, 754, 348, 154, 52, 26, 5, 5, 2, 2]
(0, (0, 1, 0), (0, 1)): [13, 10, 1, 2]
(0, (0, 1, 0), (1, 0)): [13, 8, 1, 1]
(0, (0, 1, 0), (1, 1)): [12, 8, 1]
(0, (0, 1, 0), (1, 2)): [5, 4, 1, 2]
(0, (0, 1, 0), (2, 1)): [3, 2, 0, 1]
(0, (0, 1, 0), (2, 2)): [7, 2, 0, 2]
(0, (0, 1, 0), (3, 2)): [3, 0, 0, 1]
(0, (0, 1, 1), (0, 0)): [202, 327, 387, 188, 76, 39, 15, 5]
(0, (0, 1, 1), (1, 0)): [2, 1, 0, 1, 0, 0, 1]
(0, (0, 1, 1), (1, 1)): [1, 0, 1]
(0, (0, 1, 1), (1, 2)): [1, 0, 1]
(0, (1, 0, 0), (0, 0)): [16639, 5729, 2985, 1458, 608, 264, 92, 29, 13, 3, 6]
(0, (1, 0, 0), (0, 1)): [79, 10, 7, 4, 0, 1, 1]
(0, (1, 0, 0), (0, 2)): [25, 3, 1, 2, 0, 1, 1]
(0, (1, 0, 0), (1, 0)): [52, 23, 11, 4, 1, 2]
(0, (1, 0, 0), (1, 1)): [41, 10, 9, 1, 1, 1]
(0, (1, 0, 0), (1, 2)): [25, 3, 5, 0, 1, 2]
(0, (1, 0, 0), (2, 0)): [14, 9, 2, 3]
(0, (1, 0, 0), (2, 1)): [16, 13, 3, 3]
(0, (1, 0, 0), (2, 2)): [16, 4, 4, 1, 1, 1]
(0, (1, 0, 0), (3, 0)): [5, 2, 1, 1]
(0, (1, 0, 0), (3, 1)): [4, 3, 0, 1]
(0, (1, 0, 0), (3, 2)): [3, 3, 1, 1]
(0, (1, 0, 1), (0, 0)): [386, 899, 417, 246, 119, 41, 23, 7, 3]
(0, (1, 0, 1), (0, 1)): [2, 2, 0, 3, 0, 0, 1]
(0, (1, 0, 1), (1, 0)): [2, 6, 1, 0, 1]
(0, (1, 0, 1), (1, 1)): [1, 3, 0, 0, 1]
(0, (1, 0, 1), (1, 2)): [1, 1]
(0, (1, 0, 1), (2, 0)): [0, 2]
(0, (1, 0, 1), (2, 2)): [0, 1, 0, 0, 1]
(0, (1, 1, 0), (0, 0)): [2049, 1361, 1037, 667, 352, 143, 52, 18, 10, 4, 5]
(0, (1, 1, 0), (0, 1)): [8, 5, 3, 2, 0, 1]
(0, (1, 1, 0), (0, 2)): [3, 1, 1, 1, 0, 1]
(0, (1, 1, 0), (1, 0)): [5, 3, 1, 2, 0, 1, 1]
(0, (1, 1, 0), (1, 1)): [2, 3, 2, 2]
(0, (1, 1, 0), (2, 1)): [2, 1]
(0, (1, 1, 1), (0, 0)): [239, 392, 318, 277, 186, 85, 39, 21, 11, 5, 4]
(0, (1, 1, 1), (0, 1)): [0, 0, 1, 2, 1]
(0, (1, 1, 1), (0, 2)): [0, 0, 0, 2]
(1, (0, 0, 0), (0, 0)): [58737, 5372, 2063, 711, 293, 113, 35, 15, 4, 1, 1]
(1, (0, 0, 0), (0, 1)): [320, 23, 7, 4, 2]
(1, (0, 0, 0), (0, 2)): [114, 6, 1, 3]
(1, (0, 0, 0), (1, 0)): [256, 25, 13, 2, 0, 2, 0, 1]
(1, (0, 0, 0), (1, 1)): [245, 19, 6, 1, 0, 1]
(1, (0, 0, 0), (1, 2)): [140, 10, 2, 3, 0, 1]
(1, (0, 0, 0), (2, 0)): [78, 8, 7, 2]
(1, (0, 0, 0), (2, 1)): [119, 9, 7, 2]
(1, (0, 0, 0), (2, 2)): [109, 3, 2, 2, 0, 1]
(1, (0, 0, 0), (3, 0)): [25, 3, 3]
(1, (0, 0, 0), (3, 1)): [41, 7, 6]
(1, (0, 0, 0), (3, 2)): [60, 4, 6, 1, 0, 1]
(1, (0, 0, 1), (0, 0)): [2348, 3220, 581, 212, 84, 32, 12, 4, 1]
(1, (0, 0, 1), (0, 1)): [12, 13]
(1, (0, 0, 1), (0, 2)): [6, 5]
(1, (0, 0, 1), (1, 0)): [11, 14, 3, 1, 1]
(1, (0, 0, 1), (1, 1)): [10, 11, 1, 1, 1]
(1, (0, 0, 1), (2, 0)): [2, 1, 1]
(1, (0, 0, 1), (3, 0)): [0, 1, 1]
(1, (0, 1, 0), (0, 0)): [9455, 4327, 1339, 512, 173, 60, 21, 10, 1]
(1, (0, 1, 0), (0, 1)): [44, 17, 4, 2, 0, 1]
(1, (0, 1, 0), (0, 2)): [14, 5, 0, 0, 0, 1]
(1, (0, 1, 0), (1, 0)): [44, 22, 4, 4, 1, 1]
(1, (0, 1, 0), (1, 1)): [40, 17, 2, 3, 1, 1]
(1, (0, 1, 0), (1, 2)): [28, 9, 2, 1, 1]
(1, (0, 1, 0), (2, 0)): [18, 6, 3, 1]
(1, (0, 1, 0), (2, 1)): [13, 6, 0, 2, 0, 1]
(1, (0, 1, 0), (2, 2)): [17, 8, 2, 3, 1, 1]
(1, (0, 1, 0), (3, 0)): [8, 4, 2, 1]
(1, (0, 1, 0), (3, 2)): [11, 0, 1, 1, 0, 1]
(1, (0, 1, 1), (0, 0)): [1566, 1248, 1222, 464, 166, 76, 20, 6, 1]
(1, (0, 1, 1), (0, 1)): [5, 1, 7, 1, 0, 0, 0, 1]
(1, (0, 1, 1), (1, 0)): [9, 2, 2, 2, 1]
(1, (0, 1, 1), (1, 1)): [5, 0, 6, 2]
(1, (0, 1, 1), (2, 0)): [5, 2]
(1, (0, 1, 1), (2, 1)): [2, 1, 3]
(1, (0, 1, 1), (2, 2)): [4, 1, 1, 1]
(1, (0, 1, 1), (3, 2)): [2, 1, 1]
(1, (1, 0, 0), (0, 0)): [22936, 4164, 2142, 865, 315, 144, 36, 13, 4, 1]
(1, (1, 0, 0), (0, 1)): [115, 10, 8, 5, 2, 1, 1]
(1, (1, 0, 0), (0, 2)): [41, 6, 3, 2]
(1, (1, 0, 0), (1, 0)): [83, 17, 11, 3, 0, 2]
(1, (1, 0, 0), (1, 1)): [75, 7, 3, 3, 1, 1]
(1, (1, 0, 0), (1, 2)): [58, 5, 3, 2, 1]
(1, (1, 0, 0), (2, 0)): [22, 4, 5]
(1, (1, 0, 0), (2, 1)): [24, 4, 3, 1, 0, 1]
(1, (1, 0, 0), (2, 2)): [32, 4, 3, 3, 0, 1]
(1, (1, 0, 0), (3, 0)): [6, 2, 2]
(1, (1, 0, 0), (3, 2)): [11, 4, 2, 1, 0, 1]
(1, (1, 0, 1), (0, 0)): [1585, 2021, 740, 386, 163, 59, 15, 6, 2, 1]
(1, (1, 0, 1), (0, 1)): [9, 7, 1, 2, 1]
(1, (1, 0, 1), (0, 2)): [6, 2, 1, 1]
(1, (1, 0, 1), (1, 0)): [8, 9, 0, 0, 1, 1]
(1, (1, 0, 1), (1, 1)): [3, 7, 0, 1, 1]
(1, (1, 0, 1), (1, 2)): [4, 4, 1, 0, 1]
(1, (1, 0, 1), (2, 0)): [5, 4, 0, 0, 1]
(1, (1, 0, 1), (2, 2)): [1, 2, 1]
(1, (1, 0, 1), (3, 2)): [0, 2, 1]
(1, (1, 1, 0), (0, 0)): [5616, 1719, 1192, 737, 283, 114, 31, 9, 4]
(1, (1, 1, 0), (0, 1)): [26, 3, 7, 4, 1]
(1, (1, 1, 0), (0, 2)): [7, 2, 2, 2]
(1, (1, 1, 0), (1, 0)): [21, 9, 5, 4, 1, 1]
(1, (1, 1, 0), (1, 1)): [29, 5, 3, 1, 1]
(1, (1, 1, 0), (1, 2)): [16, 1, 3, 1]
(1, (1, 1, 0), (2, 0)): [3, 1, 1, 1]
(1, (1, 1, 0), (2, 1)): [11, 4, 2, 2]
(1, (1, 1, 0), (2, 2)): [12, 1, 2, 1]
(1, (1, 1, 0), (3, 0)): [1]
(1, (1, 1, 0), (3, 2)): [5, 2, 1, 1]
(1, (1, 1, 1), (0, 0)): [1093, 891, 537, 395, 228, 106, 35, 16, 3]
(1, (1, 1, 1), (0, 1)): [4, 0, 1, 0, 0, 1]
(1, (1, 1, 1), (1, 0)): [3, 3, 3, 2, 1]
(1, (1, 1, 1), (1, 1)): [4, 2, 2, 2, 1]
(1, (1, 1, 1), (1, 2)): [3, 1, 0, 2, 1, 1]
(1, (1, 1, 1), (2, 0)): [0, 1, 1]
(1, (1, 1, 1), (2, 1)): [0, 2]
(1, (1, 1, 1), (2, 2)): [0, 1, 0, 0, 0, 1]
(2, (0, 0, 0), (0, 0)): [50728, 1690, 528, 137, 47, 16, 6, 3, 1, 0, 1]
(2, (0, 0, 0), (0, 1)): [270, 5, 1]
(2, (0, 0, 0), (0, 2)): [96, 1]
(2, (0, 0, 0), (1, 0)): [241, 12, 4, 0, 1]
(2, (0, 0, 0), (1, 1)): [217, 8, 1]
(2, (0, 0, 0), (1, 2)): [122, 2, 1]
(2, (0, 0, 0), (2, 0)): [80, 2, 3]
(2, (0, 0, 0), (2, 1)): [121, 6]
(2, (0, 0, 0), (2, 2)): [100, 4, 1]
(2, (0, 0, 0), (3, 0)): [27, 2, 3]
(2, (0, 0, 0), (3, 1)): [56, 3, 1]
(2, (0, 0, 0), (3, 2)): [71, 4]
(2, (0, 0, 1), (0, 0)): [6433, 2110, 308, 87, 24, 7, 6]
(2, (0, 0, 1), (0, 1)): [27, 12, 2]
(2, (0, 0, 1), (0, 2)): [13, 6, 2]
(2, (0, 0, 1), (1, 0)): [25, 12, 1]
(2, (0, 0, 1), (1, 1)): [18, 5]
(2, (0, 0, 1), (1, 2)): [17, 8, 2]
(2, (0, 0, 1), (2, 0)): [12, 3, 1]
(2, (0, 0, 1), (2, 1)): [9, 1]
(2, (0, 0, 1), (2, 2)): [12, 3, 2]
(2, (0, 0, 1), (3, 0)): [5, 2]
(2, (0, 0, 1), (3, 1)): [8, 2]
(2, (0, 0, 1), (3, 2)): [8, 1, 2]
(2, (0, 1, 0), (0, 0)): [15558, 3272, 727, 224, 53, 20, 3, 3]
(2, (0, 1, 0), (0, 1)): [63, 10, 2, 1, 1]
(2, (0, 1, 0), (0, 2)): [24, 1]
(2, (0, 1, 0), (1, 0)): [82, 15, 6, 0, 0, 1]
(2, (0, 1, 0), (1, 1)): [60, 12, 2, 0, 1]
(2, (0, 1, 0), (1, 2)): [39, 4, 0, 0, 1]
(2, (0, 1, 0), (2, 0)): [36, 6, 3, 0, 0, 1]
(2, (0, 1, 0), (2, 1)): [36, 10, 2, 0, 0, 1]
(2, (0, 1, 0), (2, 2)): [35, 2]
(2, (0, 1, 0), (3, 1)): [19, 7, 1, 0, 0, 1]
(2, (0, 1, 0), (3, 2)): [20, 5, 1, 0, 0, 1]
(2, (0, 1, 1), (0, 0)): [3850, 376, 823, 197, 57, 20, 5, 1]
(2, (0, 1, 1), (0, 1)): [21, 1, 2]
(2, (0, 1, 1), (0, 2)): [7]
(2, (0, 1, 1), (1, 0)): [16, 1, 11, 1, 1]
(2, (0, 1, 1), (1, 1)): [16, 1, 6, 1]
(2, (0, 1, 1), (1, 2)): [9, 1, 3, 1]
(2, (0, 1, 1), (2, 0)): [7, 1, 5]
(2, (0, 1, 1), (2, 1)): [9, 0, 2]
(2, (0, 1, 1), (2, 2)): [9, 1, 1]
(2, (0, 1, 1), (3, 0)): [5, 0, 4]
(2, (0, 1, 1), (3, 1)): [4, 0, 3]
(2, (0, 1, 1), (3, 2)): [8, 0, 3]
(2, (1, 0, 0), (0, 0)): [27561, 2000, 858, 241, 82, 27, 11, 4, 1, 0, 1]
(2, (1, 0, 0), (0, 1)): [122, 2, 3]
(2, (1, 0, 0), (0, 2)): [29]
(2, (1, 0, 0), (1, 0)): [136, 4, 5, 1, 1]
(2, (1, 0, 0), (1, 1)): [92, 2, 2, 0, 1]
(2, (1, 0, 0), (1, 2)): [42]
(2, (1, 0, 0), (2, 0)): [43, 3, 2, 1]
(2, (1, 0, 0), (2, 1)): [40, 2, 0, 0, 1]
(2, (1, 0, 0), (2, 2)): [17]
(2, (1, 0, 0), (3, 0)): [13, 1, 1, 1]
(2, (1, 0, 0), (3, 1)): [16, 1]
(2, (1, 0, 0), (3, 2)): [10]
(2, (1, 0, 1), (0, 0)): [4062, 1161, 534, 185, 53, 16, 5]
(2, (1, 0, 1), (0, 1)): [8, 2, 1, 1, 0, 1]
(2, (1, 0, 1), (0, 2)): [3, 1, 0, 1]
(2, (1, 0, 1), (1, 0)): [18, 1, 5]
(2, (1, 0, 1), (1, 1)): [4, 1]
(2, (1, 0, 1), (2, 0)): [7, 0, 3]
(2, (1, 0, 1), (3, 0)): [2, 0, 1]
(2, (1, 0, 1), (3, 1)): [2, 0, 2]
(2, (1, 1, 0), (0, 0)): [8338, 1222, 668, 329, 91, 29, 8, 5, 1, 0, 1]
(2, (1, 1, 0), (0, 1)): [36, 3, 2]
(2, (1, 1, 0), (0, 2)): [11, 1]
(2, (1, 1, 0), (1, 0)): [24, 4, 2, 1]
(2, (1, 1, 0), (1, 1)): [19, 1]
(2, (1, 1, 0), (1, 2)): [11, 1]
(2, (1, 1, 0), (2, 2)): [9, 1]
(2, (1, 1, 1), (0, 0)): [2578, 419, 368, 197, 110, 34, 10, 3, 1, 1, 1]
(2, (1, 1, 1), (0, 1)): [11, 1, 2, 0, 1]
(2, (1, 1, 1), (1, 0)): [6, 0, 1]
(2, (1, 1, 1), (1, 1)): [7, 0, 2]
(2, (1, 1, 1), (2, 1)): [6, 0, 2]
(2, (1, 1, 1), (2, 2)): [4, 0, 1]
(2, (1, 1, 1), (3, 2)): [4, 0, 1]
