(0, (0, 0, 0), (0, 0)): [2182352, 447447, 205928, 94252, 42319, 18108, 7573, 3028, 1244, 541, 233, 115, 39, 22, 6, 1, 1, 1]
(0, (0, 0, 0), (0, 1)): [422346, 82080, 37417, 17331, 7645, 3294, 1363, 467, 218, 90, 42, 23, 6, 4, 1, 1]
(0, (0, 0, 0), (0, 2)): [163371, 28022, 12622, 5727, 2459, 1045, 429, 144, 67, 30, 8, 4, 4, 0, 1]
(0, (0, 0, 0), (1, 0)): [346963, 78084, 37036, 17251, 8084, 3414, 1497, 613, 238, 92, 49, 17, 4, 6, 2, 0, 1]
(0, (0, 0, 0), (1, 1)): [349284, 71339, 33095, 15355, 6940, 2958, 1259, 463, 211, 73, 44, 19, 3, 6, 0, 1, 1]
(0, (0, 0, 0), (1, 2)): [244371, 43525, 19965, 8960, 3980, 1662, 722, 261, 118, 41, 14, 8, 5, 1, 1]
(0, (0, 0, 0), (2, 0)): [110474, 27471, 14040, 6612, 3231, 1335, 580, 266, 91, 43, 21, 8, 2, 3, 1]
(0, (0, 0, 0), (2, 1)): [176797, 39719, 19422, 9039, 4269, 1807, 723, 322, 130, 53, 28, 12, 2, 4, 0, 0, 1]
(0, (0, 0, 0), (2, 2)): [192304, 37548, 17745, 8141, 3668, 1511, 655, 249, 120, 39, 17, 5, 5, 2, 1, 0, 1]
(0, (0, 0, 0), (3, 0)): [31837, 8968, 5302, 2660, 1310, 542, 245, 109, 38, 21, 12, 3, 0, 2, 1]
(0, (0, 0, 0), (3, 1)): [66861, 17573, 9472, 4602, 2252, 975, 378, 197, 77, 32, 12, 10, 1, 4, 1]
(0, (0, 0, 0), (3, 2)): [100540, 22988, 12088, 5633, 2685, 1124, 463, 204, 93, 36, 12, 10, 4, 2, 1, 0, 1]
(0, (0, 0, 1), (0, 0)): [7683, 24159, 6597, 3248, 1556, 681, 296, 119, 52, 30, 18, 4, 3, 3]
(0, (0, 0, 1), (0, 1)): [1081, 3396, 917, 435, 199, 96, 36, 15, 9, 5, 4, 1, 0, 1]
(0, (0, 0, 1), (0, 2)): [489, 1259, 317, 152, 66, 35, 14, 6, 6, 0, 1]
(0, (0, 0, 1), (1, 0)): [1047, 3643, 1042, 575, 288, 128, 53, 19, 8, 4, 6]
(0, (0, 0, 1), (1, 1)): [980, 3115, 841, 429, 216, 101, 33, 13, 5, 8, 2, 1, 0, 1]
(0, (0, 0, 1), (1, 2)): [781, 1989, 506, 251, 112, 60, 17, 9, 4, 4, 1]
(0, (0, 0, 1), (2, 0)): [383, 1321, 419, 259, 116, 55, 23, 12, 4, 1, 5]
(0, (0, 0, 1), (2, 1)): [522, 1752, 524, 303, 141, 65, 31, 11, 6, 4, 2, 1]
(0, (0, 0, 1), (2, 2)): [700, 1805, 494, 246, 121, 58, 18, 7, 3, 4, 1]
(0, (0, 0, 1), (3, 0)): [128, 447, 137, 107, 44, 23, 9, 3, 1, 0, 3]
(0, (0, 0, 1), (3, 1)): [216, 772, 233, 187, 80, 35, 19, 4, 3, 2, 0, 1]
(0, (0, 0, 1), (3, 2)): [388, 1089, 308, 208, 108, 41, 16, 4, 3, 3]
(0, (0, 1, 0), (0, 0)): [81390, 76157, 30085, 14929, 7063, 3091, 1338, 553, 235, 117, 40, 17, 7, 6, 3, 0, 1]
(0, (0, 1, 0), (0, 1)): [15396, 13541, 5401, 2582, 1199, 517, 240, 91, 38, 18, 5, 4, 1, 1, 1]
(0, (0, 1, 0), (0, 2)): [6320, 4730, 1898, 862, 413, 181, 87, 29, 15, 4, 0, 1, 1]
(0, (0, 1, 0), (1, 0)): [14598, 13964, 5837, 3125, 1453, 681, 281, 118, 53, 18, 10, 3, 2, 2, 1, 0, 1]
(0, (0, 1, 0), (1, 1)): [13241, 11641, 4772, 2432, 1131, 486, 214, 92, 30, 21, 8, 3, 0, 2, 1]
(0, (0, 1, 0), (1, 2)): [9332, 7206, 2997, 1432, 646, 281, 121, 62, 19, 7, 2, 3, 1, 0, 1]
(0, (0, 1, 0), (2, 0)): [5316, 5012, 2243, 1279, 579, 309, 112, 51, 22, 5, 2, 3, 2, 1, 0, 0, 1]
(0, (0, 1, 0), (2, 1)): [7188, 6501, 2780, 1441, 696, 322, 147, 52, 21, 16, 4, 1, 1, 1, 0, 0, 1]
(0, (0, 1, 0), (2, 2)): [7885, 6096, 2695, 1266, 598, 259, 118, 50, 19, 8, 3, 2, 1, 0, 1, 0, 1]
(0, (0, 1, 0), (3, 0)): [1852, 1501, 776, 532, 238, 137, 53, 26, 10, 2, 0, 1, 1]
(0, (0, 1, 0), (3, 1)): [3191, 2702, 1287, 846, 376, 186, 76, 35, 7, 5, 1, 1, 0, 1]
(0, (0, 1, 0), (3, 2)): [4647, 3537, 1709, 936, 440, 217, 106, 39, 9, 8, 2, 0, 0, 0, 1, 0, 1]
(0, (0, 1, 1), (0, 0)): [6379, 11336, 13381, 6218, 3294, 1599, 685, 293, 143, 64, 20, 13, 3, 4, 2, 0, 1, 1]
(0, (0, 1, 1), (0, 1)): [1168, 2034, 2266, 1002, 543, 255, 122, 44, 16, 11, 3, 2, 1, 0, 0, 0, 1]
(0, (0, 1, 1), (0, 2)): [555, 772, 828, 371, 196, 97, 47, 22, 2, 4, 0, 1]
(0, (0, 1, 1), (1, 0)): [1108, 2086, 2524, 1236, 652, 355, 133, 55, 35, 10, 6, 5, 0, 1, 1]
(0, (0, 1, 1), (1, 1)): [957, 1758, 2057, 893, 492, 232, 97, 32, 17, 7, 6, 1, 1, 0, 0, 0, 1]
(0, (0, 1, 1), (1, 2)): [784, 1136, 1259, 540, 323, 153, 59, 23, 9, 2, 1, 1, 0, 0, 0, 0, 1]
(0, (0, 1, 1), (2, 0)): [454, 888, 943, 517, 303, 185, 62, 26, 23, 6, 2, 2, 0, 1, 1]
(0, (0, 1, 1), (2, 1)): [492, 946, 1113, 535, 252, 140, 55, 24, 10, 9, 4, 1, 1, 0, 1]
(0, (0, 1, 1), (2, 2)): [614, 980, 1077, 483, 266, 130, 47, 19, 8, 7, 2, 1, 0, 0, 0, 0, 1]
(0, (0, 1, 1), (3, 0)): [241, 419, 408, 254, 173, 94, 33, 9, 16, 1, 1, 2, 0, 1]
(0, (0, 1, 1), (3, 1)): [207, 384, 445, 234, 156, 81, 30, 13, 12, 4, 1, 1, 0, 0, 1]
(0, (0, 1, 1), (3, 2)): [355, 547, 616, 327, 168, 101, 42, 18, 11, 4, 3, 0, 0, 0, 0, 0, 1]
(0, (1, 0, 0), (0, 0)): [454506, 149991, 98257, 48903, 23483, 10517, 4428, 1861, 792, 347, 160, 67, 25, 17, 4, 1, 1, 1]
(0, (1, 0, 0), (0, 1)): [79061, 23310, 16094, 7853, 3724, 1651, 694, 267, 131, 48, 23, 11, 1, 3]
(0, (1, 0, 0), (0, 2)): [30561, 7783, 5487, 2506, 1158, 510, 237, 88, 38, 16, 8, 2]
(0, (1, 0, 0), (1, 0)): [67513, 23663, 16645, 8720, 4310, 1917, 817, 342, 139, 67, 38, 11, 2, 6, 2, 0, 1]
(0, (1, 0, 0), (1, 1)): [59867, 18801, 13108, 6685, 3115, 1458, 599, 240, 106, 45, 21, 10, 1, 4, 1]
(0, (1, 0, 0), (1, 2)): [39952, 10894, 7650, 3741, 1708, 772, 337, 128, 62, 21, 4, 4, 0, 0, 1]
(0, (1, 0, 0), (2, 0)): [21003, 8038, 5934, 3271, 1700, 754, 315, 135, 45, 34, 20, 3, 2, 3, 0, 0, 1]
(0, (1, 0, 0), (2, 1)): [28866, 9851, 7032, 3725, 1799, 845, 343, 147, 62, 35, 20, 6, 0, 6, 0, 0, 1]
(0, (1, 0, 0), (2, 2)): [28916, 8562, 6073, 2988, 1443, 611, 297, 112, 55, 25, 11, 3, 0, 3]
(0, (1, 0, 0), (3, 0)): [5403, 2527, 1932, 1287, 676, 301, 130, 50, 21, 14, 7, 1, 1]
(0, (1, 0, 0), (3, 1)): [10347, 4200, 3064, 1908, 941, 460, 187, 84, 31, 16, 11, 2, 1, 2]
(0, (1, 0, 0), (3, 2)): [13651, 5060, 3515, 1980, 971, 423, 204, 88, 41, 17, 8, 3, 0, 1]
(0, (1, 0, 1), (0, 0)): [10627, 32782, 13217, 9546, 4990, 2336, 1101, 447, 225, 96, 49, 19, 9, 3, 2, 0, 0, 1]
(0, (1, 0, 1), (0, 1)): [1873, 5000, 2044, 1529, 746, 366, 168, 57, 34, 14, 6, 1, 4, 1]
(0, (1, 0, 1), (0, 2)): [876, 1799, 732, 531, 246, 121, 53, 15, 10, 1, 2, 1, 2, 1]
(0, (1, 0, 1), (1, 0)): [1547, 5153, 2103, 1575, 871, 427, 181, 83, 47, 23, 15, 2, 0, 1, 1]
(0, (1, 0, 1), (1, 1)): [1437, 3965, 1689, 1217, 629, 279, 130, 60, 37, 15, 8, 1]
(0, (1, 0, 1), (1, 2)): [1169, 2379, 1015, 704, 360, 157, 69, 29, 18, 5, 2, 1, 2]
(0, (1, 0, 1), (2, 0)): [512, 1738, 709, 555, 325, 186, 71, 30, 17, 12, 5, 1]
(0, (1, 0, 1), (2, 1)): [679, 2015, 879, 648, 335, 180, 75, 30, 22, 14, 6]
(0, (1, 0, 1), (2, 2)): [870, 1825, 812, 570, 287, 143, 64, 30, 10, 9, 3]
(0, (1, 0, 1), (3, 0)): [167, 538, 249, 156, 122, 79, 27, 10, 7, 2, 1, 1]
(0, (1, 0, 1), (3, 1)): [267, 705, 368, 271, 183, 94, 35, 16, 14, 8, 3]
(0, (1, 0, 1), (3, 2)): [417, 924, 488, 324, 210, 105, 44, 20, 14, 11, 5]
(0, (1, 1, 0), (0, 0)): [65317, 41079, 30221, 22185, 11784, 5557, 2393, 1083, 463, 205, 94, 39, 12, 6, 1, 0, 1]
(0, (1, 1, 0), (0, 1)): [12616, 6919, 4746, 3612, 1977, 868, 416, 168, 66, 25, 15, 6, 0, 1, 1, 0, 1]
(0, (1, 1, 0), (0, 2)): [5275, 2437, 1620, 1237, 668, 306, 133, 67, 26, 12, 4]
(0, (1, 1, 0), (1, 0)): [9914, 6402, 4817, 3782, 1994, 978, 416, 180, 80, 33, 17, 6, 3, 3]
(0, (1, 1, 0), (1, 1)): [9288, 5354, 3853, 3034, 1553, 711, 324, 131, 40, 18, 15, 2, 2, 2, 1, 0, 1]
(0, (1, 1, 0), (1, 2)): [6840, 3261, 2251, 1837, 923, 398, 184, 77, 30, 17, 5, 1, 0, 1, 0, 0, 1]
(0, (1, 1, 0), (2, 0)): [2911, 2143, 1646, 1274, 770, 400, 175, 73, 38, 13, 6, 4, 0, 1]
(0, (1, 1, 0), (2, 1)): [4302, 2708, 2045, 1573, 879, 408, 192, 78, 36, 10, 10, 3, 2, 0, 1]
(0, (1, 1, 0), (2, 2)): [4816, 2546, 1833, 1436, 762, 344, 157, 72, 27, 15, 6, 1, 0, 0, 0, 0, 1]
(0, (1, 1, 0), (3, 0)): [654, 689, 572, 430, 301, 160, 68, 28, 14, 6, 2, 2, 0, 1]
(0, (1, 1, 0), (3, 1)): [1470, 1141, 913, 719, 478, 257, 111, 38, 21, 8, 5, 1, 2, 0, 1]
(0, (1, 1, 0), (3, 2)): [2221, 1437, 1131, 905, 534, 266, 113, 55, 20, 9, 6, 0, 0, 0, 0, 0, 1]
(0, (1, 1, 1), (0, 0)): [6188, 12293, 9836, 7071, 5840, 2943, 1361, 633, 313, 126, 62, 23, 6, 4, 1, 0, 1]
(0, (1, 1, 1), (0, 1)): [1314, 2304, 1805, 1183, 1007, 523, 226, 108, 61, 22, 8, 5, 2, 1]
(0, (1, 1, 1), (0, 2)): [701, 903, 651, 418, 361, 178, 71, 35, 20, 7, 5, 2, 1]
(0, (1, 1, 1), (1, 0)): [879, 2021, 1641, 1160, 1005, 545, 235, 89, 57, 24, 10, 3, 0, 1, 0, 0, 1]
(0, (1, 1, 1), (1, 1)): [876, 1792, 1412, 936, 811, 449, 199, 95, 48, 18, 6, 3, 1, 1, 0, 0, 1]
(0, (1, 1, 1), (1, 2)): [814, 1239, 924, 586, 520, 246, 110, 52, 26, 10, 4, 3, 0, 1, 0, 0, 1]
(0, (1, 1, 1), (2, 0)): [248, 589, 557, 417, 378, 206, 79, 29, 17, 12, 4, 2, 0, 1]
(0, (1, 1, 1), (2, 1)): [399, 826, 719, 494, 414, 254, 96, 49, 33, 12, 3, 0, 1]
(0, (1, 1, 1), (2, 2)): [533, 903, 721, 467, 399, 219, 92, 50, 26, 13, 2, 1, 1]
(0, (1, 1, 1), (3, 0)): [47, 158, 150, 145, 113, 77, 38, 15, 4, 5, 3, 1, 0, 1]
(0, (1, 1, 1), (3, 1)): [113, 292, 290, 214, 185, 113, 55, 20, 10, 6, 2, 1, 0, 1]
(0, (1, 1, 1), (3, 2)): [198, 436, 402, 284, 260, 137, 78, 27, 17, 7, 2, 1, 1, 1]
(1, (0, 0, 0), (0, 0)): [1786407, 200558, 82063, 32651, 12833, 4849, 1898, 665, 236, 97, 34, 23, 8, 3, 0, 1]
(1, (0, 0, 0), (0, 1)): [347390, 36297, 14698, 5802, 2317, 853, 333, 120, 35, 11, 4, 5, 1, 1]
(1, (0, 0, 0), (0, 2)): [135759, 12018, 4865, 1790, 710, 261, 85, 30, 3, 4, 1, 3]
(1, (0, 0, 0), (1, 0)): [297047, 37797, 15836, 6426, 2628, 988, 383, 116, 46, 20, 5, 3, 0, 0, 0, 1]
(1, (0, 0, 0), (1, 1)): [293708, 33084, 13467, 5397, 2211, 776, 343, 112, 39, 11, 5, 2, 1, 1]
(1, (0, 0, 0), (1, 2)): [203584, 19252, 7754, 2999, 1231, 424, 170, 46, 15, 7, 1, 2, 1]
(1, (0, 0, 0), (2, 0)): [98450, 14065, 6333, 2685, 1098, 434, 158, 51, 17, 12, 2, 2, 0, 0, 0, 1]
(1, (0, 0, 0), (2, 1)): [153258, 19332, 8293, 3341, 1408, 524, 184, 79, 18, 14, 5, 2]
(1, (0, 0, 0), (2, 2)): [164826, 17322, 7279, 2951, 1183, 415, 151, 58, 20, 8, 1, 1]
(1, (0, 0, 0), (3, 0)): [28874, 4664, 2583, 1149, 441, 191, 85, 19, 12, 5, 1, 1, 0, 0, 0, 1]
(1, (0, 0, 0), (3, 1)): [60653, 9120, 4539, 1935, 821, 312, 111, 41, 12, 5, 3]
(1, (0, 0, 0), (3, 2)): [89721, 11400, 5501, 2275, 963, 342, 119, 50, 12, 7, 3]
(1, (0, 0, 1), (0, 0)): [47336, 67823, 13615, 5994, 2423, 1008, 385, 135, 70, 22, 14, 8, 3, 2]
(1, (0, 0, 1), (0, 1)): [8227, 10097, 2052, 835, 294, 139, 66, 16, 4, 1, 3, 1]
(1, (0, 0, 1), (0, 2)): [3634, 3345, 644, 251, 98, 42, 18, 2, 3, 0, 1, 1]
(1, (0, 0, 1), (1, 0)): [8545, 12626, 2674, 1345, 538, 232, 80, 27, 22, 5, 1, 1]
(1, (0, 0, 1), (1, 1)): [7489, 9541, 1963, 890, 329, 138, 57, 16, 7, 3, 1, 1]
(1, (0, 0, 1), (1, 2)): [5688, 5400, 1077, 468, 180, 77, 35, 5, 5, 1, 1, 2]
(1, (0, 0, 1), (2, 0)): [3537, 5157, 1192, 682, 276, 119, 47, 16, 12, 3, 1]
(1, (0, 0, 1), (2, 1)): [4252, 5650, 1223, 612, 233, 99, 31, 15, 7, 2, 1]
(1, (0, 0, 1), (2, 2)): [4965, 4931, 1054, 493, 174, 72, 37, 8, 3, 1, 2, 2]
(1, (0, 0, 1), (3, 0)): [1655, 2080, 544, 377, 151, 69, 25, 8, 4, 1, 1]
(1, (0, 0, 1), (3, 1)): [1864, 2468, 622, 339, 137, 65, 19, 11, 4, 2]
(1, (0, 0, 1), (3, 2)): [2985, 3059, 750, 397, 146, 69, 33, 10, 3, 0, 1]
(1, (0, 1, 0), (0, 0)): [239771, 103272, 38443, 16779, 6832, 2705, 952, 419, 124, 63, 31, 10, 10, 2, 1]
(1, (0, 1, 0), (0, 1)): [42494, 16535, 6175, 2568, 1062, 439, 147, 66, 17, 11, 6, 1, 1]
(1, (0, 1, 0), (0, 2)): [16830, 5769, 2083, 795, 324, 143, 44, 19, 6, 4, 1, 1, 1]
(1, (0, 1, 0), (1, 0)): [44780, 18848, 7548, 3776, 1519, 605, 224, 92, 36, 15, 6, 0, 0, 1]
(1, (0, 1, 0), (1, 1)): [38213, 15081, 5839, 2622, 1078, 417, 157, 54, 21, 6, 5, 0, 0, 1]
(1, (0, 1, 0), (1, 2)): [25974, 9122, 3352, 1398, 539, 217, 79, 37, 12, 7, 1, 1]
(1, (0, 1, 0), (2, 0)): [18642, 7594, 3277, 1917, 799, 317, 112, 57, 18, 10, 5]
(1, (0, 1, 0), (2, 1)): [22066, 8757, 3687, 1805, 776, 290, 112, 40, 15, 6, 3, 0, 0, 1]
(1, (0, 1, 0), (2, 2)): [22615, 7982, 3160, 1388, 559, 231, 79, 29, 10, 6, 2]
(1, (0, 1, 0), (3, 0)): [8291, 3071, 1435, 1041, 452, 178, 65, 31, 10, 6, 2]
(1, (0, 1, 0), (3, 1)): [10244, 3826, 1849, 1123, 489, 167, 76, 37, 14, 5, 2, 0, 0, 1]
(1, (0, 1, 0), (3, 2)): [13867, 4883, 2216, 1164, 515, 174, 72, 28, 6, 7, 2, 0, 0, 1]
(1, (0, 1, 1), (0, 0)): [37071, 31389, 26799, 10975, 5725, 2258, 924, 359, 159, 50, 15, 8, 3, 2, 0, 1]
(1, (0, 1, 1), (0, 1)): [5822, 4460, 3768, 1527, 696, 243, 123, 48, 13, 1, 3]
(1, (0, 1, 1), (0, 2)): [2763, 1431, 1330, 539, 254, 75, 41, 19, 2, 0, 3]
(1, (0, 1, 1), (1, 0)): [7282, 6673, 5045, 2256, 1363, 559, 227, 83, 34, 15, 1, 2, 1]
(1, (0, 1, 1), (1, 1)): [4957, 4078, 3343, 1361, 673, 234, 105, 38, 15, 6, 0, 1]
(1, (0, 1, 1), (1, 2)): [4053, 2313, 2068, 804, 412, 128, 62, 28, 5, 3, 2, 1]
(1, (0, 1, 1), (2, 0)): [4042, 3523, 2552, 1264, 898, 385, 158, 58, 25, 9, 1, 1]
(1, (0, 1, 1), (2, 1)): [2711, 2305, 1886, 846, 420, 173, 75, 18, 9, 3]
(1, (0, 1, 1), (2, 2)): [3396, 2039, 1807, 738, 374, 117, 56, 17, 5, 1, 1, 1]
(1, (0, 1, 1), (3, 0)): [2887, 2333, 1539, 867, 737, 307, 123, 51, 21, 7, 1, 1]
(1, (0, 1, 1), (3, 1)): [1161, 1018, 823, 387, 236, 120, 42, 17, 8, 3]
(1, (0, 1, 1), (3, 2)): [1910, 1299, 1031, 502, 302, 106, 42, 17, 7, 2, 0, 1]
(1, (1, 0, 0), (0, 0)): [662351, 116150, 77428, 33029, 13529, 5338, 2129, 763, 295, 128, 48, 31, 7, 3, 0, 2]
(1, (1, 0, 0), (0, 1)): [115589, 18099, 12431, 5258, 2106, 826, 338, 122, 35, 16, 9, 4, 1]
(1, (1, 0, 0), (0, 2)): [44197, 5963, 4021, 1634, 635, 283, 115, 34, 8, 4, 4]
(1, (1, 0, 0), (1, 0)): [105899, 19924, 14151, 6368, 2668, 1056, 437, 154, 47, 25, 8, 4, 2, 0, 0, 1]
(1, (1, 0, 0), (1, 1)): [92434, 15504, 10828, 4717, 1912, 733, 305, 112, 38, 16, 6, 6, 1, 0, 0, 1]
(1, (1, 0, 0), (1, 2)): [61014, 8881, 6108, 2563, 1000, 379, 160, 60, 18, 5, 5, 1]
(1, (1, 0, 0), (2, 0)): [34479, 7099, 5228, 2607, 1121, 430, 188, 63, 23, 9, 3, 0, 1]
(1, (1, 0, 0), (2, 1)): [46237, 8468, 6044, 2910, 1169, 467, 190, 65, 22, 9, 5, 4, 1, 0, 0, 1]
(1, (1, 0, 0), (2, 2)): [46016, 7291, 4983, 2267, 894, 352, 146, 55, 13, 5, 3, 1, 1]
(1, (1, 0, 0), (3, 0)): [9706, 2337, 1657, 1019, 470, 174, 87, 22, 8, 4, 1, 0, 1]
(1, (1, 0, 0), (3, 1)): [17733, 3937, 2711, 1571, 652, 246, 123, 29, 15, 5, 3, 1, 0, 0, 0, 1]
(1, (1, 0, 0), (3, 2)): [22985, 4631, 3010, 1622, 638, 254, 115, 32, 16, 6, 4, 2, 1, 0, 0, 1]
(1, (1, 0, 1), (0, 0)): [54171, 61205, 19533, 13472, 5823, 2398, 951, 364, 129, 74, 21, 9, 2, 1]
(1, (1, 0, 1), (0, 1)): [10005, 9058, 2887, 2028, 866, 359, 126, 38, 23, 8, 3, 1, 2]
(1, (1, 0, 1), (0, 2)): [4436, 2985, 979, 697, 299, 113, 48, 20, 9, 3, 2, 0, 1]
(1, (1, 0, 1), (1, 0)): [8697, 9705, 3294, 2387, 1115, 452, 178, 73, 24, 17, 0, 2]
(1, (1, 0, 1), (1, 1)): [7762, 7456, 2485, 1730, 709, 319, 113, 27, 13, 6, 0, 2, 1]
(1, (1, 0, 1), (1, 2)): [5772, 4211, 1455, 1006, 402, 173, 59, 27, 9, 3, 2]
(1, (1, 0, 1), (2, 0)): [2983, 3194, 1177, 880, 465, 188, 74, 36, 8, 8, 0, 1]
(1, (1, 0, 1), (2, 1)): [3855, 3765, 1297, 939, 450, 179, 70, 21, 12, 6, 0, 3]
(1, (1, 0, 1), (2, 2)): [4252, 3209, 1191, 811, 379, 138, 59, 19, 10, 3, 1]
(1, (1, 0, 1), (3, 0)): [986, 1039, 416, 310, 187, 88, 28, 9, 1, 4]
(1, (1, 0, 1), (3, 1)): [1426, 1437, 598, 426, 224, 110, 31, 14, 2, 3, 0, 2]
(1, (1, 0, 1), (3, 2)): [2101, 1806, 749, 503, 289, 108, 39, 12, 7, 2, 0, 2]
(1, (1, 1, 0), (0, 0)): [187489, 56439, 37391, 27602, 11584, 4800, 1880, 755, 284, 120, 44, 25, 10, 5, 1]
(1, (1, 1, 0), (0, 1)): [35560, 9317, 5874, 4528, 1912, 774, 280, 120, 50, 17, 8, 4, 1]
(1, (1, 1, 0), (0, 2)): [14500, 3332, 1982, 1543, 639, 247, 75, 38, 14, 2, 2]
(1, (1, 1, 0), (1, 0)): [30103, 9701, 6500, 5070, 2183, 897, 403, 145, 37, 25, 11, 4, 2, 1]
(1, (1, 1, 0), (1, 1)): [27917, 7855, 5225, 3999, 1697, 681, 270, 116, 39, 23, 9, 4, 1]
(1, (1, 1, 0), (1, 2)): [19885, 4821, 2969, 2309, 973, 337, 119, 60, 22, 5, 6, 2, 1]
(1, (1, 1, 0), (2, 0)): [9579, 3614, 2300, 1813, 907, 392, 183, 60, 16, 11, 6, 2, 2, 1]
(1, (1, 1, 0), (2, 1)): [13739, 4332, 2947, 2253, 1032, 458, 193, 63, 25, 11, 7, 2, 1]
(1, (1, 1, 0), (2, 2)): [14960, 3989, 2531, 1955, 905, 352, 135, 56, 22, 7, 3, 2, 1]
(1, (1, 1, 0), (3, 0)): [2449, 1311, 834, 561, 365, 155, 73, 31, 4, 6, 1, 2, 1]
(1, (1, 1, 0), (3, 1)): [4993, 2124, 1437, 1051, 579, 258, 102, 38, 12, 8, 4, 2, 1]
(1, (1, 1, 0), (3, 2)): [7360, 2513, 1699, 1252, 679, 253, 99, 38, 17, 8, 2, 1, 1]
(1, (1, 1, 1), (0, 0)): [38397, 30738, 19179, 12422, 9570, 4061, 1662, 618, 253, 90, 29, 22, 9, 4, 1, 1]
(1, (1, 1, 1), (0, 1)): [7810, 5279, 3226, 2077, 1639, 668, 272, 97, 47, 11, 3, 1, 0, 1]
(1, (1, 1, 1), (0, 2)): [3756, 1838, 1155, 749, 566, 204, 94, 25, 10, 6, 2, 0, 0, 1]
(1, (1, 1, 1), (1, 0)): [5702, 5239, 3157, 2048, 1748, 754, 351, 122, 43, 15, 5, 7, 2]
(1, (1, 1, 1), (1, 1)): [5657, 4319, 2660, 1733, 1376, 571, 260, 94, 39, 8, 3, 3]
(1, (1, 1, 1), (1, 2)): [4620, 2532, 1657, 1070, 805, 344, 145, 48, 22, 7, 1, 3, 0, 1]
(1, (1, 1, 1), (2, 0)): [1502, 1766, 1101, 698, 636, 301, 140, 53, 16, 7, 2, 3, 1]
(1, (1, 1, 1), (2, 1)): [2444, 2303, 1388, 896, 736, 328, 153, 54, 21, 6, 3, 2]
(1, (1, 1, 1), (2, 2)): [3125, 2090, 1336, 871, 680, 291, 134, 45, 20, 10, 1, 3, 0, 1]
(1, (1, 1, 1), (3, 0)): [256, 547, 386, 237, 194, 106, 51, 22, 5, 3, 0, 1, 1]
(1, (1, 1, 1), (3, 1)): [639, 982, 640, 403, 340, 172, 66, 29, 13, 2, 2, 1, 1]
(1, (1, 1, 1), (3, 2)): [1204, 1236, 806, 516, 415, 210, 93, 34, 14, 4, 2, 1, 0, 1]
(2, (0, 0, 0), (0, 0)): [1560231, 74390, 24768, 7917, 2652, 836, 290, 97, 19, 8, 4, 0, 1]
(2, (0, 0, 0), (0, 1)): [300567, 12460, 4167, 1330, 487, 138, 49, 16, 3]
(2, (0, 0, 0), (0, 2)): [116343, 3409, 1176, 361, 140, 35, 3, 7]
(2, (0, 0, 0), (1, 0)): [268853, 15703, 5393, 1686, 580, 162, 67, 17, 7, 0, 0, 0, 1]
(2, (0, 0, 0), (1, 1)): [260589, 12390, 4230, 1332, 480, 145, 60, 12, 5]
(2, (0, 0, 0), (1, 2)): [176812, 5974, 2095, 684, 233, 68, 23, 8, 1]
(2, (0, 0, 0), (2, 0)): [93674, 6194, 2533, 753, 263, 71, 28, 7, 3, 0, 0, 0, 1]
(2, (0, 0, 0), (2, 1)): [141954, 7950, 3029, 875, 316, 91, 40, 10, 5]
(2, (0, 0, 0), (2, 2)): [149290, 6112, 2322, 704, 242, 73, 26, 7, 1]
(2, (0, 0, 0), (3, 0)): [29130, 2077, 1151, 351, 120, 36, 11, 4, 0, 0, 0, 0, 1]
(2, (0, 0, 0), (3, 1)): [59353, 3988, 1909, 596, 189, 55, 20, 7, 3]
(2, (0, 0, 0), (3, 2)): [86425, 4564, 2133, 638, 214, 71, 23, 7, 2]
(2, (0, 0, 1), (0, 0)): [145147, 41699, 9017, 3107, 1099, 386, 104, 34, 9, 6, 0, 2]
(2, (0, 0, 1), (0, 1)): [26301, 6150, 1352, 466, 148, 62, 13, 4, 1, 3]
(2, (0, 0, 1), (0, 2)): [10594, 1845, 402, 139, 44, 19, 4, 0, 0, 1]
(2, (0, 0, 1), (1, 0)): [29047, 7920, 2009, 772, 292, 90, 30, 10, 3, 1, 0, 1]
(2, (0, 0, 1), (1, 1)): [24412, 5986, 1353, 517, 173, 61, 13, 5, 1, 2]
(2, (0, 0, 1), (1, 2)): [16881, 3147, 658, 237, 90, 35, 8, 2, 0, 2]
(2, (0, 0, 1), (2, 0)): [12676, 3336, 977, 436, 170, 50, 18, 6, 2, 1, 0, 1]
(2, (0, 0, 1), (2, 1)): [14643, 3729, 994, 403, 144, 37, 12, 6, 0, 2]
(2, (0, 0, 1), (2, 2)): [15329, 3103, 758, 283, 103, 37, 8, 3]
(2, (0, 0, 1), (3, 0)): [6028, 1361, 478, 277, 97, 33, 12, 1, 2, 0, 0, 1]
(2, (0, 0, 1), (3, 1)): [6920, 1747, 559, 297, 95, 27, 11, 3, 0, 1]
(2, (0, 0, 1), (3, 2)): [9733, 2152, 620, 299, 105, 28, 11, 3, 0, 1]
(2, (0, 1, 0), (0, 0)): [383679, 78686, 22336, 8002, 2731, 882, 273, 78, 20, 13, 7, 0, 1]
(2, (0, 1, 0), (0, 1)): [68305, 11843, 3330, 1075, 410, 114, 36, 9, 6, 3, 1]
(2, (0, 1, 0), (0, 2)): [27416, 3542, 1001, 302, 110, 22, 9, 2, 3, 1]
(2, (0, 1, 0), (1, 0)): [76139, 15007, 5012, 2125, 691, 219, 81, 24, 1, 2, 0, 0, 1]
(2, (0, 1, 0), (1, 1)): [62860, 11399, 3380, 1196, 440, 122, 51, 13, 3, 2, 1]
(2, (0, 1, 0), (1, 2)): [43119, 6003, 1663, 593, 208, 44, 26, 7, 1, 1]
(2, (0, 1, 0), (2, 0)): [34026, 6368, 2408, 1265, 423, 133, 40, 14, 1, 2, 0, 0, 1]
(2, (0, 1, 0), (2, 1)): [37197, 7017, 2329, 907, 324, 93, 30, 6, 2, 2, 1, 0, 1]
(2, (0, 1, 0), (2, 2)): [38587, 5810, 1745, 686, 240, 61, 32, 8, 0, 2]
(2, (0, 1, 0), (3, 0)): [17256, 2744, 1202, 845, 275, 86, 28, 13, 1, 2]
(2, (0, 1, 0), (3, 1)): [17284, 3257, 1276, 650, 233, 65, 22, 6, 2, 1, 1, 0, 1]
(2, (0, 1, 0), (3, 2)): [24234, 3864, 1380, 714, 236, 60, 39, 8, 0, 1, 0, 0, 1]
(2, (0, 1, 1), (0, 0)): [88633, 7344, 18294, 5363, 2135, 698, 235, 73, 24, 7, 5, 1, 0, 1]
(2, (0, 1, 1), (0, 1)): [16065, 1022, 2735, 795, 280, 100, 24, 9, 1, 2]
(2, (0, 1, 1), (0, 2)): [6897, 349, 840, 248, 95, 28, 7, 2, 0, 2]
(2, (0, 1, 1), (1, 0)): [18327, 1717, 3484, 1266, 583, 200, 67, 20, 5, 0, 3]
(2, (0, 1, 1), (1, 1)): [14479, 988, 2587, 809, 304, 116, 28, 11, 4, 0, 1]
(2, (0, 1, 1), (1, 2)): [10864, 587, 1454, 430, 169, 57, 10, 4, 1, 2, 1]
(2, (0, 1, 1), (2, 0)): [8801, 977, 1586, 660, 384, 122, 43, 14, 1, 0, 2]
(2, (0, 1, 1), (2, 1)): [8538, 659, 1607, 536, 254, 80, 22, 8, 3, 0, 1]
(2, (0, 1, 1), (2, 2)): [9730, 621, 1370, 470, 180, 70, 12, 4, 3, 1]
(2, (0, 1, 1), (3, 0)): [5097, 666, 806, 390, 259, 95, 27, 11, 0, 0, 1]
(2, (0, 1, 1), (3, 1)): [4002, 370, 739, 280, 167, 54, 18, 8, 1, 0, 1]
(2, (0, 1, 1), (3, 2)): [6114, 489, 942, 353, 173, 71, 12, 7, 4, 1]
(2, (1, 0, 0), (0, 0)): [801297, 57952, 39549, 12601, 4185, 1318, 511, 145, 37, 15, 6, 1, 1]
(2, (1, 0, 0), (0, 1)): [139205, 8569, 5858, 1882, 642, 207, 86, 32, 10, 1, 0, 1]
(2, (1, 0, 0), (0, 2)): [53089, 2345, 1559, 530, 172, 46, 24, 9, 4]
(2, (1, 0, 0), (1, 0)): [131134, 10937, 7801, 2682, 924, 265, 111, 28, 8, 2, 0, 0, 1]
(2, (1, 0, 0), (1, 1)): [114771, 7804, 5451, 1831, 618, 186, 78, 23, 7, 1]
(2, (1, 0, 0), (1, 2)): [75464, 3808, 2491, 904, 287, 76, 31, 10, 4]
(2, (1, 0, 0), (2, 0)): [43994, 4242, 2923, 1184, 420, 128, 49, 18, 6, 2, 0, 0, 1]
(2, (1, 0, 0), (2, 1)): [59553, 4711, 3336, 1234, 413, 127, 54, 13, 5, 0, 0, 0, 1]
(2, (1, 0, 0), (2, 2)): [58851, 3647, 2334, 891, 296, 86, 40, 9, 4]
(2, (1, 0, 0), (3, 0)): [12973, 1579, 931, 536, 187, 57, 20, 10, 3, 2]
(2, (1, 0, 0), (3, 1)): [24007, 2488, 1625, 787, 234, 74, 30, 8, 3, 1, 0, 0, 1]
(2, (1, 0, 0), (3, 2)): [31205, 2700, 1651, 784, 252, 84, 30, 13, 1, 1, 0, 0, 1]
(2, (1, 0, 1), (0, 0)): [142421, 32847, 12968, 8417, 2784, 911, 307, 88, 32, 11, 2, 4, 2]
(2, (1, 0, 1), (0, 1)): [26550, 5071, 1885, 1284, 443, 149, 53, 8, 4, 2, 1, 1, 1]
(2, (1, 0, 1), (0, 2)): [10804, 1506, 552, 348, 131, 38, 12, 2, 1, 1]
(2, (1, 0, 1), (1, 0)): [25106, 5559, 2567, 1776, 649, 184, 64, 16, 3, 2, 0, 1]
(2, (1, 0, 1), (1, 1)): [22104, 4378, 1858, 1235, 467, 141, 51, 11, 3, 2, 1, 2, 1]
(2, (1, 0, 1), (1, 2)): [15317, 2285, 945, 578, 229, 74, 28, 5, 3, 1, 0, 1]
(2, (1, 0, 1), (2, 0)): [8998, 1943, 1048, 701, 284, 87, 29, 9, 3]
(2, (1, 0, 1), (2, 1)): [11843, 2395, 1156, 739, 327, 98, 29, 9, 0, 1, 0, 1]
(2, (1, 0, 1), (2, 2)): [11966, 1835, 884, 542, 212, 82, 30, 6, 3, 0, 0, 1]
(2, (1, 0, 1), (3, 0)): [3034, 593, 431, 264, 122, 37, 18, 3, 3]
(2, (1, 0, 1), (3, 1)): [5095, 968, 602, 366, 210, 44, 24, 4, 3, 1]
(2, (1, 0, 1), (3, 2)): [6700, 985, 686, 392, 202, 65, 21, 6, 5]
(2, (1, 1, 0), (0, 0)): [319085, 47872, 24088, 17141, 5617, 1782, 606, 201, 64, 28, 9, 3, 2, 1]
(2, (1, 1, 0), (0, 1)): [59299, 7391, 3612, 2663, 817, 257, 91, 34, 5, 4, 2, 1, 1]
(2, (1, 1, 0), (0, 2)): [24570, 2174, 1088, 754, 254, 70, 24, 13, 2, 1]
(2, (1, 1, 0), (1, 0)): [52715, 8044, 4492, 3391, 1249, 358, 134, 40, 17, 5, 1, 1]
(2, (1, 1, 0), (1, 1)): [49180, 6585, 3427, 2546, 784, 261, 81, 32, 9, 5, 2, 2, 1]
(2, (1, 1, 0), (1, 2)): [35366, 3437, 1810, 1232, 389, 132, 33, 17, 6, 1, 1, 1]
(2, (1, 1, 0), (2, 0)): [18050, 2831, 1809, 1311, 631, 168, 66, 17, 8, 3]
(2, (1, 1, 0), (2, 1)): [25759, 3598, 2125, 1572, 604, 157, 65, 23, 6, 4, 0, 0, 1]
(2, (1, 1, 0), (2, 2)): [28115, 2985, 1746, 1187, 446, 123, 45, 18, 10, 1, 1, 1]
(2, (1, 1, 0), (3, 0)): [5752, 878, 731, 439, 305, 91, 28, 7, 5, 2]
(2, (1, 1, 0), (3, 1)): [10864, 1551, 1186, 787, 421, 111, 41, 9, 4, 2, 0, 0, 1]
(2, (1, 1, 0), (3, 2)): [15541, 1839, 1424, 876, 445, 103, 40, 14, 7, 1, 1]
(2, (1, 1, 1), (0, 0)): [94564, 13708, 15644, 7839, 5992, 1854, 619, 207, 72, 16, 9, 4, 1, 1]
(2, (1, 1, 1), (0, 1)): [19626, 2049, 2529, 1285, 981, 306, 104, 31, 16, 3, 3, 0, 1]
(2, (1, 1, 1), (0, 2)): [8681, 660, 752, 394, 265, 84, 34, 6, 4, 1, 2]
(2, (1, 1, 1), (1, 0)): [14882, 3290, 2791, 1551, 1257, 396, 131, 45, 14, 4, 1, 2]
(2, (1, 1, 1), (1, 1)): [15394, 2153, 2299, 1240, 951, 296, 95, 29, 13, 3, 1, 0, 1]
(2, (1, 1, 1), (1, 2)): [11998, 1137, 1224, 615, 466, 158, 50, 13, 4, 2, 2]
(2, (1, 1, 1), (2, 0)): [4151, 1879, 967, 617, 503, 168, 55, 20, 5, 3, 0, 2]
(2, (1, 1, 1), (2, 1)): [6960, 1763, 1296, 803, 615, 209, 64, 15, 8, 2, 0, 0, 1]
(2, (1, 1, 1), (2, 2)): [8548, 1327, 1089, 636, 466, 172, 53, 12, 5, 4, 2]
(2, (1, 1, 1), (3, 0)): [692, 1147, 273, 259, 154, 80, 30, 13, 2, 3, 0, 1]
(2, (1, 1, 1), (3, 1)): [1983, 1463, 508, 438, 325, 120, 43, 10, 4, 3, 0, 1]
(2, (1, 1, 1), (3, 2)): [3628, 1494, 667, 562, 355, 150, 48, 11, 4, 3, 2]
