(0, (0, 0, 0), (0, 0)): [14981, 3200, 1471, 663, 329, 155, 37, 34, 7, 5, 4, 1]
(0, (0, 0, 0), (1, 0)): [1, 1]
(0, (0, 0, 0), (2, 0)): [1, 1]
(0, (0, 0, 0), (3, 0)): [1, 1]
(0, (0, 0, 1), (0, 0)): [62, 221, 46, 22, 18, 9, 2, 1]
(0, (0, 1, 0), (0, 0)): [522, 488, 209, 114, 45, 28, 9, 3, 1, 0, 1]
(0, (0, 1, 1), (0, 0)): [41, 78, 87, 46, 26, 15, 5, 1, 2, 0, 0, 1]
(0, (1, 0, 0), (0, 0)): [3167, 1135, 745, 340, 195, 91, 23, 22, 3, 4, 2, 1]
(0, (1, 0, 1), (0, 0)): [72, 276, 101, 77, 44, 16, 9, 5, 2, 1, 1]
(0, (1, 1, 0), (0, 0)): [426, 334, 266, 160, 97, 52, 9, 13, 3, 3, 2]
(0, (1, 1, 1), (0, 0)): [42, 101, 81, 63, 54, 28, 4, 8, 3, 1, 3]
(1, (0, 0, 0), (0, 0)): [12154, 1429, 548, 225, 99, 30, 8, 10, 2, 1, 1]
(1, (0, 0, 1), (0, 0)): [326, 494, 103, 37, 20, 10, 2, 1]
(1, (0, 1, 0), (0, 0)): [1620, 808, 266, 103, 50, 14, 5, 6, 0, 1, 2]
(1, (0, 1, 0), (1, 0)): [0, 1]
(1, (0, 1, 1), (0, 0)): [264, 232, 192, 70, 45, 23, 5, 4, 2, 1]
(1, (1, 0, 0), (0, 0)): [4820, 880, 557, 254, 91, 45, 15, 8, 3]
(1, (1, 0, 0), (1, 0)): [0, 1]
(1, (1, 0, 1), (0, 0)): [360, 455, 154, 95, 42, 15, 5, 2, 1, 1]
(1, (1, 1, 0), (0, 0)): [1309, 450, 296, 216, 86, 37, 15, 13, 3, 0, 2]
(1, (1, 1, 1), (0, 0)): [280, 248, 169, 89, 72, 35, 12, 7, 2, 1, 1]
(2, (0, 0, 0), (0, 0)): [10453, 503, 166, 59, 22, 10, 1, 1]
(2, (0, 0, 1), (0, 0)): [905, 286, 45, 24, 4]
(2, (0, 1, 0), (0, 0)): [2569, 607, 164, 45, 22, 7]
(2, (0, 1, 0), (1, 0)): [1]
(2, (0, 1, 0), (2, 0)): [1]
(2, (0, 1, 1), (0, 0)): [605, 44, 139, 32, 16, 5, 0, 2]
(2, (1, 0, 0), (0, 0)): [5908, 436, 288, 87, 33, 11, 0, 1]
(2, (1, 0, 0), (1, 0)): [1]
(2, (1, 0, 0), (2, 0)): [1]
(2, (1, 0, 1), (0, 0)): [856, 227, 77, 57, 9, 0, 1]
(2, (1, 0, 1), (1, 0)): [0, 1]
(2, (1, 1, 0), (0, 0)): [2479, 389, 182, 118, 44, 13, 2, 2]
(2, (1, 1, 1), (0, 0)): [730, 101, 116, 56, 41, 14, 4, 3]
(2, (1, 1, 1), (0, 1)): [0, 1]
(2, (1, 1, 1), (1, 1)): [0, 1]
