(0, (0, 0, 0), (0, 0)): [487754, 91513, 41510, 18479, 7972, 3292, 1317, 550, 195, 84, 32, 15, 6, 2]
(0, (0, 0, 0), (0, 1)): [9914, 1667, 763, 358, 136, 56, 22, 13, 2]
(0, (0, 0, 0), (0, 2)): [3864, 537, 252, 119, 44, 18, 8, 2, 2]
(0, (0, 0, 0), (1, 0)): [9374, 1871, 876, 396, 177, 87, 31, 14, 9, 3, 1]
(0, (0, 0, 0), (1, 1)): [8417, 1520, 680, 324, 147, 54, 21, 11, 1, 1, 1]
(0, (0, 0, 0), (1, 2)): [5774, 882, 388, 188, 90, 40, 9, 3, 2, 1]
(0, (0, 0, 0), (2, 0)): [3132, 677, 361, 174, 60, 43, 12, 7, 5, 1]
(0, (0, 0, 0), (2, 1)): [4436, 883, 455, 201, 87, 35, 12, 10, 4, 1]
(0, (0, 0, 0), (2, 2)): [4515, 759, 387, 177, 80, 41, 9, 2, 4, 2]
(0, (0, 0, 0), (3, 0)): [1014, 248, 135, 78, 24, 19, 7, 4, 2]
(0, (0, 0, 0), (3, 1)): [1784, 439, 241, 122, 44, 24, 7, 9, 2]
(0, (0, 0, 0), (3, 2)): [2450, 509, 281, 133, 62, 29, 5, 4, 3, 1]
(0, (0, 0, 1), (0, 0)): [2138, 5129, 1296, 663, 291, 122, 43, 15, 6, 6, 1, 0, 0, 1]
(0, (0, 0, 1), (1, 0)): [38, 99, 27, 13, 9, 3, 0, 1]
(0, (0, 0, 1), (1, 1)): [40, 85, 25, 8, 8, 2, 0, 1, 0, 1]
(0, (0, 0, 1), (1, 2)): [29, 63, 12, 6, 4, 0, 0, 1, 0, 1]
(0, (0, 0, 1), (2, 0)): [12, 43, 9, 7, 2, 2]
(0, (0, 0, 1), (2, 1)): [18, 53, 13, 6, 3, 2]
(0, (0, 0, 1), (2, 2)): [28, 52, 12, 4, 4]
(0, (0, 0, 1), (3, 0)): [7, 13, 4, 2, 1, 1]
(0, (0, 0, 1), (3, 1)): [11, 22, 7, 4, 3, 1]
(0, (0, 0, 1), (3, 2)): [15, 26, 10, 4, 4, 1]
(0, (0, 1, 0), (0, 0)): [17811, 14533, 5675, 2710, 1267, 500, 215, 89, 32, 17, 4, 0, 1, 1]
(0, (0, 1, 0), (0, 1)): [334, 277, 88, 46, 18, 7, 4, 3, 1]
(0, (0, 1, 0), (0, 2)): [138, 90, 33, 14, 6, 3, 2, 0, 1]
(0, (0, 1, 0), (1, 0)): [323, 244, 118, 53, 21, 11, 4, 2]
(0, (0, 1, 0), (1, 1)): [262, 237, 91, 44, 15, 5, 2, 3]
(0, (0, 1, 0), (1, 2)): [182, 152, 53, 26, 10, 1, 1, 2, 1]
(0, (0, 1, 0), (2, 0)): [128, 86, 37, 19, 7, 6, 2]
(0, (0, 1, 0), (2, 1)): [151, 127, 46, 24, 7, 4, 1, 1]
(0, (0, 1, 0), (2, 2)): [154, 109, 44, 22, 9, 1, 2, 0, 1]
(0, (0, 1, 0), (3, 0)): [47, 23, 17, 10, 4, 3, 1]
(0, (0, 1, 0), (3, 1)): [62, 50, 25, 14, 5, 3]
(0, (0, 1, 0), (3, 2)): [100, 68, 31, 17, 9, 2, 2]
(0, (0, 1, 1), (0, 0)): [1612, 2212, 2534, 1233, 628, 281, 117, 63, 23, 14, 3, 1, 1]
(0, (0, 1, 1), (1, 0)): [34, 51, 67, 33, 19, 10, 1, 2, 2]
(0, (0, 1, 1), (1, 1)): [18, 34, 49, 20, 10, 2, 0, 2, 1]
(0, (0, 1, 1), (1, 2)): [17, 24, 23, 10, 7, 3, 1, 1, 1]
(0, (0, 1, 1), (2, 0)): [22, 24, 31, 15, 11, 8, 1, 1, 1]
(0, (0, 1, 1), (2, 1)): [13, 21, 33, 10, 6, 1, 0, 2, 1]
(0, (0, 1, 1), (2, 2)): [15, 20, 22, 4, 4, 2, 1, 0, 2]
(0, (0, 1, 1), (3, 0)): [14, 15, 16, 8, 7, 7, 1]
(0, (0, 1, 1), (3, 1)): [6, 13, 16, 5, 3, 0, 0, 1]
(0, (0, 1, 1), (3, 2)): [6, 14, 16, 4, 3, 1, 1, 1, 2]
(0, (1, 0, 0), (0, 0)): [102419, 31075, 20023, 9598, 4443, 1947, 792, 343, 132, 55, 20, 10, 5]
(0, (1, 0, 0), (0, 1)): [2183, 567, 359, 171, 83, 38, 16, 6, 4]
(0, (1, 0, 0), (0, 2)): [877, 182, 120, 48, 19, 12, 6, 1, 4]
(0, (1, 0, 0), (1, 0)): [1789, 557, 429, 192, 81, 39, 13, 8, 6, 2]
(0, (1, 0, 0), (1, 1)): [1512, 431, 335, 143, 72, 29, 7, 7, 3, 2]
(0, (1, 0, 0), (1, 2)): [1072, 255, 188, 82, 31, 10, 6, 6, 2, 2]
(0, (1, 0, 0), (2, 0)): [572, 182, 139, 75, 29, 15, 6, 1, 3]
(0, (1, 0, 0), (2, 1)): [695, 209, 174, 78, 35, 20, 7, 1, 3]
(0, (1, 0, 0), (2, 2)): [718, 180, 136, 64, 27, 14, 8, 4, 2, 1]
(0, (1, 0, 0), (3, 0)): [156, 68, 54, 33, 15, 3, 2]
(0, (1, 0, 0), (3, 1)): [260, 94, 83, 50, 21, 7, 1, 0, 2]
(0, (1, 0, 0), (3, 2)): [339, 111, 90, 47, 26, 8, 3, 4, 2, 1]
(0, (1, 0, 1), (0, 0)): [2772, 6761, 2727, 1859, 977, 414, 202, 75, 32, 15, 8, 2, 1, 1]
(0, (1, 0, 1), (0, 1)): [52, 120, 46, 31, 17, 4, 4, 1]
(0, (1, 0, 1), (0, 2)): [17, 43, 15, 12, 5, 1, 1]
(0, (1, 0, 1), (1, 0)): [54, 116, 39, 39, 18, 6, 1, 2, 2]
(0, (1, 0, 1), (1, 1)): [43, 84, 31, 21, 17, 4, 2]
(0, (1, 0, 1), (1, 2)): [38, 52, 18, 15, 4, 3, 2]
(0, (1, 0, 1), (2, 0)): [25, 36, 17, 14, 7, 4, 0, 2, 1]
(0, (1, 0, 1), (2, 1)): [11, 48, 18, 12, 12, 3, 1, 0, 1]
(0, (1, 0, 1), (2, 2)): [25, 42, 12, 11, 8, 2, 2]
(0, (1, 0, 1), (3, 0)): [17, 12, 6, 6, 2, 2, 0, 2]
(0, (1, 0, 1), (3, 1)): [7, 22, 8, 9, 4, 1]
(0, (1, 0, 1), (3, 2)): [11, 17, 11, 5, 4, 2, 1]
(0, (1, 1, 0), (0, 0)): [14095, 8125, 5896, 4269, 2142, 1044, 415, 192, 72, 31, 8, 8, 2]
(0, (1, 1, 0), (0, 1)): [285, 151, 115, 75, 37, 16, 8, 5, 3]
(0, (1, 1, 0), (0, 2)): [125, 54, 37, 24, 11, 8, 5, 2, 1]
(0, (1, 1, 0), (1, 0)): [242, 129, 99, 80, 34, 20, 8, 4]
(0, (1, 1, 0), (1, 1)): [190, 107, 87, 61, 21, 12, 8, 6, 2]
(0, (1, 1, 0), (1, 2)): [144, 60, 44, 34, 15, 8, 1, 7, 1]
(0, (1, 1, 0), (2, 0)): [82, 44, 25, 26, 12, 7, 2]
(0, (1, 1, 0), (2, 1)): [98, 57, 23, 38, 14, 8, 7, 1, 1]
(0, (1, 1, 0), (2, 2)): [108, 44, 23, 28, 15, 8, 2, 4, 1]
(0, (1, 1, 0), (3, 0)): [19, 13, 9, 8, 4, 3, 1]
(0, (1, 1, 0), (3, 1)): [37, 24, 11, 16, 7, 4, 5, 1, 1]
(0, (1, 1, 0), (3, 2)): [57, 25, 11, 20, 8, 6, 2, 2]
(0, (1, 1, 1), (0, 0)): [1591, 2220, 1938, 1359, 1057, 541, 247, 117, 46, 22, 5, 3, 2]
(0, (1, 1, 1), (1, 0)): [30, 42, 40, 33, 24, 11, 3, 4, 1]
(0, (1, 1, 1), (1, 1)): [34, 37, 38, 29, 15, 14, 5, 3]
(0, (1, 1, 1), (1, 2)): [27, 32, 23, 11, 6, 8, 0, 1, 2]
(0, (1, 1, 1), (2, 0)): [7, 12, 11, 11, 10, 3, 1, 2]
(0, (1, 1, 1), (2, 1)): [18, 12, 14, 18, 7, 7, 3]
(0, (1, 1, 1), (2, 2)): [19, 13, 19, 14, 5, 7, 1]
(1, (0, 0, 0), (0, 0)): [398631, 41284, 16712, 6508, 2453, 898, 348, 126, 47, 17, 9, 3, 1]
(1, (0, 0, 0), (0, 1)): [8115, 751, 315, 122, 31, 10, 6, 3]
(1, (0, 0, 0), (0, 2)): [3163, 230, 94, 30, 12, 3, 1]
(1, (0, 0, 0), (1, 0)): [7795, 910, 374, 150, 58, 25, 7, 4]
(1, (0, 0, 0), (1, 1)): [6983, 698, 277, 108, 40, 20, 6, 4]
(1, (0, 0, 0), (1, 2)): [4645, 362, 134, 60, 31, 15, 4]
(1, (0, 0, 0), (2, 0)): [2694, 354, 166, 66, 20, 8, 3, 2]
(1, (0, 0, 0), (2, 1)): [3834, 431, 180, 70, 19, 6, 3, 4]
(1, (0, 0, 0), (2, 2)): [3818, 340, 156, 54, 27, 15, 5, 1]
(1, (0, 0, 0), (3, 0)): [855, 129, 78, 30, 12, 5, 2, 1]
(1, (0, 0, 0), (3, 1)): [1598, 225, 114, 44, 18, 2, 1, 3]
(1, (0, 0, 0), (3, 2)): [2124, 233, 118, 39, 20, 7, 5, 1]
(1, (0, 0, 1), (0, 0)): [10342, 12707, 2452, 1049, 423, 171, 62, 14, 6, 2, 0, 0, 1]
(1, (0, 0, 1), (0, 1)): [215, 205, 45, 17, 7, 4, 2]
(1, (0, 0, 1), (0, 2)): [92, 68, 17, 3, 0, 1, 2]
(1, (0, 0, 1), (1, 0)): [213, 274, 53, 28, 13, 4, 1, 2]
(1, (0, 0, 1), (1, 1)): [201, 195, 41, 21, 12, 2, 0, 1]
(1, (0, 0, 1), (1, 2)): [155, 121, 16, 6, 7, 1, 1]
(1, (0, 0, 1), (2, 0)): [88, 111, 15, 9, 6, 1, 1, 1]
(1, (0, 0, 1), (2, 1)): [84, 120, 22, 11, 7, 3, 1, 1]
(1, (0, 0, 1), (2, 2)): [105, 88, 19, 7, 5, 1, 1]
(1, (0, 0, 1), (3, 0)): [44, 33, 11, 6, 2, 0, 0, 1]
(1, (0, 0, 1), (3, 1)): [45, 61, 10, 3, 2, 2, 1, 1]
(1, (0, 0, 1), (3, 2)): [66, 49, 14, 3, 4, 1, 2]
(1, (0, 1, 0), (0, 0)): [51849, 20414, 7620, 3194, 1281, 458, 147, 75, 21, 5, 7, 0, 2]
(1, (0, 1, 0), (0, 1)): [1027, 374, 138, 54, 12, 8, 1, 1]
(1, (0, 1, 0), (0, 2)): [430, 129, 42, 10, 4, 4, 1]
(1, (0, 1, 0), (1, 0)): [1114, 460, 168, 84, 32, 9, 8, 1]
(1, (0, 1, 0), (1, 1)): [855, 311, 139, 50, 15, 5, 2, 1]
(1, (0, 1, 0), (1, 2)): [598, 198, 89, 21, 6, 3, 2, 1]
(1, (0, 1, 0), (2, 0)): [505, 216, 72, 36, 17, 5, 6, 1]
(1, (0, 1, 0), (2, 1)): [433, 205, 67, 31, 11, 3, 2]
(1, (0, 1, 0), (2, 2)): [444, 185, 73, 10, 9, 2, 2]
(1, (0, 1, 0), (3, 0)): [308, 79, 27, 23, 11, 4, 5, 1]
(1, (0, 1, 0), (3, 1)): [240, 87, 24, 19, 7, 4, 2]
(1, (0, 1, 0), (3, 2)): [275, 106, 41, 12, 8, 0, 4]
(1, (0, 1, 1), (0, 0)): [8400, 5757, 5010, 1966, 1054, 405, 152, 69, 19, 9, 0, 2]
(1, (0, 1, 1), (0, 1)): [138, 78, 73, 37, 11, 8, 1, 1]
(1, (0, 1, 1), (0, 2)): [74, 33, 23, 13, 2, 4, 1]
(1, (0, 1, 1), (1, 0)): [236, 168, 132, 54, 32, 17, 7, 4, 1]
(1, (0, 1, 1), (1, 1)): [106, 66, 75, 26, 15, 2, 0, 2]
(1, (0, 1, 1), (1, 2)): [91, 44, 46, 18, 10, 4, 1]
(1, (0, 1, 1), (2, 0)): [154, 107, 78, 40, 23, 16, 6, 3, 1]
(1, (0, 1, 1), (2, 1)): [61, 44, 41, 14, 7, 1, 2, 1]
(1, (0, 1, 1), (2, 2)): [64, 38, 42, 16, 9, 2, 2, 1]
(1, (0, 1, 1), (3, 0)): [125, 79, 58, 31, 19, 15, 3, 3, 1]
(1, (0, 1, 1), (3, 1)): [29, 20, 19, 10, 3, 1]
(1, (0, 1, 1), (3, 2)): [40, 25, 20, 13, 5, 1, 0, 1]
(1, (1, 0, 0), (0, 0)): [146053, 23487, 15699, 6433, 2604, 965, 384, 139, 59, 17, 7, 3, 1]
(1, (1, 0, 0), (0, 1)): [3063, 388, 288, 126, 43, 16, 4, 2, 1]
(1, (1, 0, 0), (0, 2)): [1177, 124, 104, 38, 12, 5, 1, 1]
(1, (1, 0, 0), (1, 0)): [2833, 464, 325, 149, 65, 19, 12, 3, 0, 1]
(1, (1, 0, 0), (1, 1)): [2390, 317, 238, 108, 36, 14, 6, 3, 1]
(1, (1, 0, 0), (1, 2)): [1575, 170, 154, 62, 19, 7, 0, 3]
(1, (1, 0, 0), (2, 0)): [934, 162, 132, 64, 26, 8, 4, 0, 0, 1]
(1, (1, 0, 0), (2, 1)): [1223, 195, 145, 59, 27, 5, 7, 1, 1]
(1, (1, 0, 0), (2, 2)): [1172, 143, 141, 37, 13, 3, 3, 3, 1]
(1, (1, 0, 0), (3, 0)): [268, 48, 45, 30, 10, 4, 1, 0, 0, 1]
(1, (1, 0, 0), (3, 1)): [455, 105, 75, 39, 15, 6, 2, 0, 0, 1]
(1, (1, 0, 0), (3, 2)): [604, 98, 93, 39, 11, 3, 2, 1, 1, 1]
(1, (1, 0, 1), (0, 0)): [12395, 12337, 3874, 2604, 1116, 415, 177, 68, 15, 6, 0, 2]
(1, (1, 0, 1), (0, 1)): [238, 221, 55, 50, 20, 7, 4, 2]
(1, (1, 0, 1), (0, 2)): [109, 71, 24, 16, 3, 1, 3, 1]
(1, (1, 0, 1), (1, 0)): [263, 220, 90, 66, 32, 5, 2, 1]
(1, (1, 0, 1), (1, 1)): [188, 173, 52, 45, 19, 3, 3, 1]
(1, (1, 0, 1), (1, 2)): [150, 90, 24, 23, 5, 2, 4, 1]
(1, (1, 0, 1), (2, 0)): [107, 67, 33, 22, 12, 3, 0, 1]
(1, (1, 0, 1), (2, 1)): [86, 91, 36, 24, 16, 2, 1]
(1, (1, 0, 1), (2, 2)): [107, 73, 26, 15, 11, 1, 3]
(1, (1, 0, 1), (3, 0)): [48, 19, 10, 10, 3, 1]
(1, (1, 0, 1), (3, 1)): [41, 40, 14, 8, 9]
(1, (1, 0, 1), (3, 2)): [51, 39, 15, 6, 7, 0, 1]
(1, (1, 1, 0), (0, 0)): [40560, 11463, 7375, 5451, 2179, 858, 333, 140, 59, 12, 6, 3, 3]
(1, (1, 1, 0), (0, 1)): [891, 225, 119, 97, 40, 16, 7, 2, 2]
(1, (1, 1, 0), (0, 2)): [380, 93, 36, 35, 11, 5, 3, 0, 1]
(1, (1, 1, 0), (1, 0)): [766, 242, 167, 121, 44, 21, 16, 6, 0, 1]
(1, (1, 1, 0), (1, 1)): [627, 176, 119, 80, 34, 17, 8, 5, 0, 1]
(1, (1, 1, 0), (1, 2)): [486, 117, 67, 47, 17, 8, 4, 1]
(1, (1, 1, 0), (2, 0)): [271, 84, 53, 49, 14, 7, 6, 1]
(1, (1, 1, 0), (2, 1)): [318, 103, 76, 45, 18, 9, 6, 2]
(1, (1, 1, 0), (2, 2)): [348, 89, 45, 41, 13, 7, 2]
(1, (1, 1, 0), (3, 0)): [71, 36, 13, 18, 8, 5, 3, 1]
(1, (1, 1, 0), (3, 1)): [139, 46, 35, 29, 11, 8, 5, 1]
(1, (1, 1, 0), (3, 2)): [183, 49, 35, 25, 9, 9, 4, 1]
(1, (1, 1, 1), (0, 0)): [8881, 5706, 3874, 2423, 1700, 719, 275, 111, 32, 11, 3, 3, 1]
(1, (1, 1, 1), (0, 1)): [215, 105, 75, 47, 29, 16, 8, 1, 1]
(1, (1, 1, 1), (0, 2)): [113, 33, 29, 17, 13, 5, 3]
(1, (1, 1, 1), (1, 0)): [184, 113, 84, 61, 36, 17, 5, 5]
(1, (1, 1, 1), (1, 1)): [155, 89, 65, 46, 27, 16, 4, 3]
(1, (1, 1, 1), (1, 2)): [124, 45, 47, 28, 12, 12, 3, 1]
(1, (1, 1, 1), (2, 0)): [57, 40, 30, 24, 10, 6, 4, 1]
(1, (1, 1, 1), (2, 1)): [78, 56, 33, 29, 13, 9, 5, 2]
(1, (1, 1, 1), (2, 2)): [89, 36, 32, 33, 9, 10, 2]
(1, (1, 1, 1), (3, 0)): [11, 13, 12, 9, 4, 3, 1]
(1, (1, 1, 1), (3, 1)): [18, 33, 17, 12, 8, 4, 2, 2]
(1, (1, 1, 1), (3, 2)): [34, 22, 13, 17, 8, 6, 1, 1]
(2, (0, 0, 0), (0, 0)): [346903, 15427, 5033, 1638, 500, 152, 55, 10, 1, 2, 3]
(2, (0, 0, 0), (0, 1)): [6895, 270, 96, 21, 12, 2, 3, 1]
(2, (0, 0, 0), (0, 2)): [2668, 80, 20, 6, 4, 0, 1, 1]
(2, (0, 0, 0), (1, 0)): [6958, 389, 121, 35, 15, 2]
(2, (0, 0, 0), (1, 1)): [6039, 291, 100, 19, 11, 1, 1]
(2, (0, 0, 0), (1, 2)): [4012, 130, 44, 12, 5, 0, 2]
(2, (0, 0, 0), (2, 0)): [2579, 151, 55, 22, 7, 1]
(2, (0, 0, 0), (2, 1)): [3516, 192, 58, 18, 2, 1]
(2, (0, 0, 0), (2, 2)): [3421, 134, 51, 12, 2, 0, 1]
(2, (0, 0, 0), (3, 0)): [869, 54, 31, 12, 6, 1]
(2, (0, 0, 0), (3, 1)): [1622, 93, 41, 14, 6, 2]
(2, (0, 0, 0), (3, 2)): [2111, 103, 46, 10, 4, 1]
(2, (0, 0, 1), (0, 0)): [28091, 7939, 1628, 570, 200, 60, 11, 4, 2]
(2, (0, 0, 1), (0, 1)): [584, 144, 31, 10, 3]
(2, (0, 0, 1), (0, 2)): [234, 34, 10, 3, 1]
(2, (0, 0, 1), (1, 0)): [707, 198, 33, 24, 3, 2]
(2, (0, 0, 1), (1, 1)): [575, 135, 27, 11, 1]
(2, (0, 0, 1), (1, 2)): [399, 62, 11, 4]
(2, (0, 0, 1), (2, 0)): [288, 85, 15, 15, 2, 2]
(2, (0, 0, 1), (2, 1)): [313, 71, 21, 11, 2, 1]
(2, (0, 0, 1), (2, 2)): [319, 53, 17, 4, 0, 1]
(2, (0, 0, 1), (3, 0)): [151, 38, 8, 9, 1, 1]
(2, (0, 0, 1), (3, 1)): [153, 38, 6, 10, 1, 1]
(2, (0, 0, 1), (3, 2)): [189, 33, 12, 7]
(2, (0, 1, 0), (0, 0)): [79429, 15416, 4400, 1557, 518, 157, 42, 15, 2, 5, 4]
(2, (0, 1, 0), (0, 1)): [1501, 272, 65, 25, 6]
(2, (0, 1, 0), (0, 2)): [588, 88, 17, 4, 1]
(2, (0, 1, 0), (1, 0)): [1906, 327, 125, 50, 11, 7, 2]
(2, (0, 1, 0), (1, 1)): [1413, 228, 73, 27, 6, 0, 1]
(2, (0, 1, 0), (1, 2)): [961, 125, 26, 14, 1]
(2, (0, 1, 0), (2, 0)): [881, 148, 66, 31, 8, 7, 1]
(2, (0, 1, 0), (2, 1)): [795, 165, 49, 17, 3, 3, 1]
(2, (0, 1, 0), (2, 2)): [794, 125, 26, 15, 1, 2]
(2, (0, 1, 0), (3, 0)): [515, 67, 41, 25, 7, 4, 1]
(2, (0, 1, 0), (3, 1)): [359, 75, 34, 9, 2, 2, 1]
(2, (0, 1, 0), (3, 2)): [485, 92, 31, 13, 1, 2]
(2, (0, 1, 1), (0, 0)): [17336, 1357, 3453, 954, 383, 111, 39, 10, 6, 0, 1]
(2, (0, 1, 1), (0, 1)): [318, 25, 52, 10, 2, 1]
(2, (0, 1, 1), (0, 2)): [144, 14, 15, 3, 1]
(2, (0, 1, 1), (1, 0)): [431, 35, 88, 32, 9, 4, 1]
(2, (0, 1, 1), (1, 1)): [294, 16, 54, 15, 2, 2]
(2, (0, 1, 1), (1, 2)): [198, 12, 24, 4, 1]
(2, (0, 1, 1), (2, 0)): [212, 15, 44, 17, 6, 3]
(2, (0, 1, 1), (2, 1)): [178, 9, 43, 8, 3, 3]
(2, (0, 1, 1), (2, 2)): [192, 11, 29, 8, 2, 3]
(2, (0, 1, 1), (3, 0)): [135, 14, 24, 11, 5, 2]
(2, (0, 1, 1), (3, 1)): [87, 5, 16, 6, 2]
(2, (0, 1, 1), (3, 2)): [121, 8, 24, 6, 3, 2]
(2, (1, 0, 0), (0, 0)): [175017, 11459, 8089, 2553, 762, 247, 99, 22, 3, 4, 3]
(2, (1, 0, 0), (0, 1)): [3481, 191, 135, 35, 13, 2, 4]
(2, (1, 0, 0), (0, 2)): [1328, 52, 39, 6, 4]
(2, (1, 0, 0), (1, 0)): [3509, 258, 186, 67, 12, 5, 3, 2]
(2, (1, 0, 0), (1, 1)): [2867, 161, 117, 37, 10, 1, 3, 1]
(2, (1, 0, 0), (1, 2)): [1888, 79, 52, 16, 5]
(2, (1, 0, 0), (2, 0)): [1147, 99, 55, 29, 3, 3, 2]
(2, (1, 0, 0), (2, 1)): [1414, 75, 57, 24, 5, 3, 1, 1]
(2, (1, 0, 0), (2, 2)): [1447, 68, 54, 15, 5, 1, 0, 1]
(2, (1, 0, 0), (3, 0)): [377, 48, 17, 19, 0, 1, 1]
(2, (1, 0, 0), (3, 1)): [623, 66, 24, 18, 1, 3]
(2, (1, 0, 0), (3, 2)): [799, 61, 36, 16, 3, 3, 0, 1]
(2, (1, 0, 1), (0, 0)): [30361, 6614, 2375, 1566, 516, 160, 59, 17, 8, 4]
(2, (1, 0, 1), (0, 1)): [598, 115, 49, 27, 3, 1, 2]
(2, (1, 0, 1), (0, 2)): [244, 38, 13, 5, 1]
(2, (1, 0, 1), (1, 0)): [555, 114, 48, 41, 10, 3, 2]
(2, (1, 0, 1), (1, 1)): [449, 87, 34, 32, 2, 4, 2]
(2, (1, 0, 1), (1, 2)): [318, 46, 20, 16, 3, 1, 1]
(2, (1, 0, 1), (2, 0)): [207, 38, 26, 10, 8, 0, 2]
(2, (1, 0, 1), (2, 1)): [245, 50, 21, 15, 4, 2]
(2, (1, 0, 1), (2, 2)): [224, 32, 14, 11, 2, 1, 1]
(2, (1, 0, 1), (3, 0)): [71, 6, 12, 3, 4, 0, 2]
(2, (1, 0, 1), (3, 1)): [115, 21, 17, 4, 1, 1, 2]
(2, (1, 0, 1), (3, 2)): [129, 22, 18, 8, 2, 1, 2]
(2, (1, 1, 0), (0, 0)): [69502, 9862, 4810, 3530, 1118, 354, 118, 41, 11, 8, 2, 1]
(2, (1, 1, 0), (0, 1)): [1461, 183, 78, 60, 13, 2, 1, 3]
(2, (1, 1, 0), (0, 2)): [640, 53, 25, 15, 3, 1, 0, 1]
(2, (1, 1, 0), (1, 0)): [1384, 211, 110, 85, 23, 6, 3]
(2, (1, 1, 0), (1, 1)): [1161, 157, 64, 66, 10, 2, 2, 1]
(2, (1, 1, 0), (1, 2)): [872, 92, 31, 26, 7, 1, 0, 2]
(2, (1, 1, 0), (2, 0)): [464, 79, 50, 30, 11, 4, 2]
(2, (1, 1, 0), (2, 1)): [593, 79, 53, 42, 5, 4, 3]
(2, (1, 1, 0), (2, 2)): [636, 66, 30, 37, 4, 1, 2, 2]
(2, (1, 1, 0), (3, 0)): [163, 22, 22, 10, 4, 2]
(2, (1, 1, 0), (3, 1)): [258, 37, 36, 16, 4, 2, 1]
(2, (1, 1, 0), (3, 2)): [326, 42, 27, 18, 5, 0, 2, 2]
(2, (1, 1, 1), (0, 0)): [20111, 2493, 3167, 1491, 1134, 330, 117, 42, 10, 1, 1]
(2, (1, 1, 1), (0, 1)): [491, 41, 66, 27, 15, 4, 1, 1]
(2, (1, 1, 1), (0, 2)): [231, 14, 13, 14, 6, 1, 0, 1]
(2, (1, 1, 1), (1, 0)): [350, 87, 76, 29, 27, 9, 2, 0, 1]
(2, (1, 1, 1), (1, 1)): [346, 50, 57, 23, 16, 3, 1]
(2, (1, 1, 1), (1, 2)): [283, 23, 24, 15, 4, 2, 0, 1]
(2, (1, 1, 1), (2, 0)): [99, 49, 23, 12, 13, 7, 1, 0, 1]
(2, (1, 1, 1), (2, 1)): [144, 46, 38, 12, 14, 5, 1]
(2, (1, 1, 1), (2, 2)): [181, 29, 23, 16, 7, 3]
(2, (1, 1, 1), (3, 0)): [21, 27, 7, 8, 5, 3, 1, 0, 1]
(2, (1, 1, 1), (3, 1)): [41, 41, 15, 8, 12, 2, 2]
(2, (1, 1, 1), (3, 2)): [68, 38, 17, 15, 8, 2, 2]
