(0, (0, 0, 0)): [372422, 77240, 36734, 17114, 7793, 3431, 1479, 613, 257, 132, 50, 22, 13, 3, 2]
(0, (0, 0, 1)): [1746, 5889, 1661, 798, 407, 168, 79, 42, 20, 7, 2, 1, 3]
(0, (0, 1, 0)): [12120, 12803, 4974, 2329, 1215, 557, 232, 102, 49, 31, 7, 3, 1]
(0, (0, 1, 1)): [1086, 2013, 2668, 1226, 637, 308, 136, 60, 31, 10, 5, 1, 0, 1, 1]
(0, (1, 0, 0)): [83109, 29753, 18651, 9472, 4529, 2065, 898, 389, 162, 86, 37, 14, 8, 3, 2]
(0, (1, 0, 1)): [1987, 6354, 2837, 1914, 1057, 499, 261, 104, 48, 24, 8, 8, 2, 0, 1]
(0, (1, 1, 0)): [10930, 7449, 6168, 4234, 2295, 1059, 485, 238, 96, 45, 25, 7, 4, 1]
(0, (1, 1, 1)): [1115, 2079, 1816, 1503, 1183, 591, 288, 134, 60, 30, 15, 4, 0, 1, 1]
(1, (0, 0, 0)): [294669, 32673, 13784, 5526, 2227, 888, 370, 138, 54, 20, 8, 5, 2]
(1, (0, 0, 1)): [9567, 15261, 3034, 1288, 549, 220, 94, 45, 17, 8, 5, 3, 2]
(1, (0, 1, 0)): [43107, 21644, 7425, 3111, 1305, 549, 197, 88, 26, 20, 3, 4, 3]
(1, (0, 1, 1)): [7383, 6558, 6636, 2576, 1215, 493, 195, 82, 43, 13, 6, 3, 1, 1]
(1, (1, 0, 0)): [121984, 23432, 14266, 6323, 2546, 1079, 421, 153, 70, 33, 11, 9, 2, 2]
(1, (1, 0, 1)): [9871, 12816, 4461, 2846, 1207, 541, 205, 75, 28, 24, 7, 2]
(1, (1, 1, 0)): [31574, 10217, 7491, 4997, 2184, 971, 375, 145, 57, 27, 6, 6, 1, 3]
(1, (1, 1, 1)): [6238, 5234, 3386, 2458, 1677, 754, 306, 122, 53, 21, 7, 3, 1, 1]
(2, (0, 0, 0)): [252571, 11042, 3858, 1197, 430, 160, 58, 24, 4, 1, 2]
(2, (0, 0, 1)): [29760, 9919, 1835, 609, 217, 88, 33, 9, 0, 1]
(2, (0, 1, 0)): [70729, 16754, 4098, 1402, 456, 165, 53, 15, 4, 1]
(2, (0, 1, 1)): [17896, 1585, 4355, 1166, 425, 156, 53, 16, 10, 3, 1]
(2, (1, 0, 0)): [149934, 11825, 6650, 2211, 750, 239, 104, 32, 10, 2, 2]
(2, (1, 0, 1)): [26336, 7107, 3109, 1620, 516, 205, 68, 27, 9, 1, 0, 1]
(2, (1, 1, 0)): [52015, 8341, 4633, 2750, 899, 320, 106, 32, 15, 5, 3, 0, 0, 1]
(2, (1, 1, 1)): [15503, 2354, 2732, 1469, 1000, 350, 117, 40, 19, 3, 3, 0, 0, 1]
