(0, (0, 0, 0), (0, 0)): [28293, 5948, 2670, 1260, 514, 257, 84, 40, 19, 8, 6, 2]
(0, (0, 0, 0), (0, 1)): [585, 104, 45, 28, 8, 3, 3]
(0, (0, 0, 0), (0, 2)): [219, 46, 14, 5, 1, 1, 2]
(0, (0, 0, 0), (1, 0)): [524, 118, 48, 23, 12, 3, 2, 1, 1]
(0, (0, 0, 0), (1, 1)): [494, 94, 41, 20, 8, 1, 2, 0, 1]
(0, (0, 0, 0), (1, 2)): [338, 56, 21, 12, 6, 1, 2]
(0, (0, 0, 0), (2, 0)): [163, 44, 19, 10, 5, 1, 1, 1]
(0, (0, 0, 0), (2, 1)): [253, 50, 27, 8, 5, 1, 1]
(0, (0, 0, 0), (2, 2)): [251, 46, 24, 9, 7, 1]
(0, (0, 0, 0), (3, 0)): [55, 21, 6, 5, 2, 1, 0, 1]
(0, (0, 0, 0), (3, 1)): [101, 29, 8, 5, 2, 1, 1, 1]
(0, (0, 0, 0), (3, 2)): [146, 28, 12, 4, 4, 1, 1]
(0, (0, 0, 1), (0, 0)): [116, 334, 107, 34, 23, 11, 3, 0, 1]
(0, (0, 0, 1), (0, 1)): [1, 6, 4, 1]
(0, (0, 0, 1), (0, 2)): [0, 3, 2]
(0, (0, 0, 1), (1, 0)): [3, 6, 4, 2, 2, 1]
(0, (0, 0, 1), (1, 1)): [2, 5, 3, 2, 0, 1]
(0, (0, 0, 1), (1, 2)): [1, 6, 3, 1, 0, 1]
(0, (0, 0, 1), (2, 0)): [0, 2, 1, 0, 1]
(0, (0, 0, 1), (2, 1)): [1, 2, 3, 1]
(0, (0, 0, 1), (2, 2)): [0, 3, 4]
(0, (0, 0, 1), (3, 0)): [0, 1, 0, 0, 1]
(0, (0, 0, 1), (3, 1)): [1, 1, 2, 1]
(0, (0, 0, 1), (3, 2)): [0, 1, 2]
(0, (0, 1, 0), (0, 0)): [1167, 1071, 400, 232, 98, 45, 16, 11, 5, 2, 2]
(0, (0, 1, 0), (0, 1)): [22, 11, 10, 2, 3, 1, 0, 1, 1]
(0, (0, 1, 0), (0, 2)): [10, 2, 6, 0, 1, 1, 0, 1]
(0, (0, 1, 0), (1, 0)): [22, 19, 6, 4, 2]
(0, (0, 1, 0), (1, 1)): [21, 16, 4, 3, 1]
(0, (0, 1, 0), (1, 2)): [9, 9, 7, 0, 1, 1, 0, 1]
(0, (0, 1, 0), (2, 0)): [7, 5, 2, 0, 2]
(0, (0, 1, 0), (2, 1)): [14, 5, 2, 1, 2]
(0, (0, 1, 0), (2, 2)): [15, 7, 4, 1, 1, 1]
(0, (0, 1, 0), (3, 0)): [2, 2, 0, 0, 1]
(0, (0, 1, 0), (3, 1)): [3, 4, 0, 0, 1]
(0, (0, 1, 0), (3, 2)): [7, 3, 0, 1]
(0, (0, 1, 1), (0, 0)): [82, 143, 175, 78, 42, 26, 7, 4, 2, 1]
(0, (0, 1, 1), (0, 1)): [3, 1, 3, 0, 0, 1]
(0, (0, 1, 1), (0, 2)): [2, 0, 1]
(0, (0, 1, 1), (1, 0)): [3, 4, 4, 3]
(0, (0, 1, 1), (1, 1)): [3, 2, 2, 2, 0, 1]
(0, (0, 1, 1), (1, 2)): [1, 0, 1, 0, 0, 1]
(0, (0, 1, 1), (2, 0)): [1, 2, 2]
(0, (0, 1, 1), (2, 1)): [2, 2, 1, 2]
(0, (0, 1, 1), (2, 2)): [2, 2, 1]
(0, (0, 1, 1), (3, 0)): [1, 2, 1]
(0, (0, 1, 1), (3, 1)): [2, 0, 1]
(0, (0, 1, 1), (3, 2)): [1, 1]
(0, (1, 0, 0), (0, 0)): [5983, 2050, 1244, 644, 295, 155, 42, 24, 12, 5, 3, 2]
(0, (1, 0, 0), (0, 1)): [102, 35, 20, 12, 2, 1, 1, 1]
(0, (1, 0, 0), (0, 2)): [36, 11, 6, 6, 2, 0, 1]
(0, (1, 0, 0), (1, 0)): [92, 45, 26, 11, 3, 4, 1]
(0, (1, 0, 0), (1, 1)): [76, 35, 17, 10, 0, 1, 1, 1]
(0, (1, 0, 0), (1, 2)): [35, 19, 11, 11, 2, 0, 1, 1]
(0, (1, 0, 0), (2, 0)): [23, 11, 11, 3, 1, 3]
(0, (1, 0, 0), (2, 1)): [43, 17, 10, 2, 0, 2, 1]
(0, (1, 0, 0), (2, 2)): [28, 14, 7, 4, 1, 1, 1, 1]
(0, (1, 0, 0), (3, 0)): [5, 6, 3, 1, 0, 1]
(0, (1, 0, 0), (3, 1)): [17, 6, 4, 1]
(0, (1, 0, 0), (3, 2)): [11, 6, 7, 3, 0, 0, 0, 1]
(0, (1, 0, 1), (0, 0)): [140, 456, 153, 132, 48, 30, 13, 9, 6, 1, 1]
(0, (1, 0, 1), (0, 1)): [3, 12, 5, 0, 2, 2]
(0, (1, 0, 1), (0, 2)): [2, 6, 2, 0, 1]
(0, (1, 0, 1), (1, 0)): [0, 9, 4, 1, 1, 1]
(0, (1, 0, 1), (1, 1)): [0, 8, 3, 1, 0, 1]
(0, (1, 0, 1), (1, 2)): [0, 6, 1, 0, 1, 1]
(0, (1, 0, 1), (2, 0)): [0, 4, 0, 0, 1]
(0, (1, 0, 1), (2, 1)): [0, 6, 3, 1]
(0, (1, 0, 1), (2, 2)): [0, 3, 2, 1, 0, 1]
(0, (1, 0, 1), (3, 0)): [0, 1]
(0, (1, 0, 1), (3, 1)): [0, 1, 1]
(0, (1, 0, 1), (3, 2)): [0, 1, 1, 1, 0, 1]
(0, (1, 1, 0), (0, 0)): [835, 512, 370, 288, 140, 67, 20, 11, 9, 5, 5, 2]
(0, (1, 1, 0), (0, 1)): [11, 7, 3, 5, 2, 0, 1]
(0, (1, 1, 0), (0, 2)): [4, 2, 2, 1]
(0, (1, 1, 0), (1, 0)): [8, 5, 6, 4, 1, 1, 2, 1]
(0, (1, 1, 0), (1, 1)): [10, 4, 3, 5, 2, 1, 3]
(0, (1, 1, 0), (1, 2)): [8, 2, 1, 3, 1, 1, 2]
(0, (1, 1, 0), (2, 0)): [1, 2, 2, 1]
(0, (1, 1, 0), (2, 1)): [3, 0, 3, 2, 1]
(0, (1, 1, 0), (2, 2)): [5, 1, 1, 1, 1, 1]
(0, (1, 1, 0), (3, 0)): [0, 1, 1]
(0, (1, 1, 0), (3, 1)): [1, 1]
(0, (1, 1, 0), (3, 2)): [2, 2, 1, 0, 1]
(0, (1, 1, 1), (0, 0)): [84, 143, 111, 86, 64, 36, 10, 10, 6, 4, 1]
(0, (1, 1, 1), (0, 1)): [1, 3, 2, 0, 0, 2]
(0, (1, 1, 1), (0, 2)): [0, 1, 0, 0, 0, 1]
(0, (1, 1, 1), (1, 0)): [1, 2, 2, 1, 0, 0, 0, 1]
(0, (1, 1, 1), (1, 1)): [1, 2, 1]
(0, (1, 1, 1), (1, 2)): [1, 3, 1, 0, 0, 1]
(0, (1, 1, 1), (2, 0)): [1, 1, 2, 1, 0, 0, 0, 1]
(0, (1, 1, 1), (2, 1)): [0, 1, 0, 0, 0, 0, 0, 1]
(0, (1, 1, 1), (2, 2)): [1, 3, 0, 0, 0, 0, 0, 1]
(0, (1, 1, 1), (3, 0)): [0, 0, 0, 1]
(0, (1, 1, 1), (3, 1)): [0, 0, 0, 1]
(0, (1, 1, 1), (3, 2)): [0, 0, 0, 0, 0, 0, 0, 1]
(1, (0, 0, 0), (0, 0)): [23231, 2691, 1074, 440, 145, 74, 24, 10, 1, 3, 2]
(1, (0, 0, 0), (0, 1)): [481, 42, 14, 9, 2, 2, 1]
(1, (0, 0, 0), (0, 2)): [159, 12, 4, 4, 1, 1]
(1, (0, 0, 0), (1, 0)): [425, 59, 20, 7, 3, 0, 2]
(1, (0, 0, 0), (1, 1)): [399, 41, 19, 8, 1, 0, 2]
(1, (0, 0, 0), (1, 2)): [249, 16, 9, 3, 1, 0, 2]
(1, (0, 0, 0), (2, 0)): [150, 31, 4, 1, 2, 0, 1]
(1, (0, 0, 0), (2, 1)): [222, 31, 12, 3, 0, 0, 1]
(1, (0, 0, 0), (2, 2)): [186, 22, 12, 3, 1, 0, 1]
(1, (0, 0, 0), (3, 0)): [43, 8, 3, 1, 1]
(1, (0, 0, 0), (3, 1)): [100, 16, 7, 1, 0, 0, 1]
(1, (0, 0, 0), (3, 2)): [114, 18, 9, 2, 1, 0, 1]
(1, (0, 0, 1), (0, 0)): [667, 911, 179, 93, 32, 14, 3, 5, 0, 1]
(1, (0, 0, 1), (0, 1)): [14, 6, 7, 1]
(1, (0, 0, 1), (0, 2)): [8, 5, 4]
(1, (0, 0, 1), (1, 0)): [14, 25, 5, 4]
(1, (0, 0, 1), (1, 1)): [11, 9, 1, 1]
(1, (0, 0, 1), (1, 2)): [8, 4, 3]
(1, (0, 0, 1), (2, 0)): [6, 10, 3, 3]
(1, (0, 0, 1), (2, 1)): [7, 9, 1, 1]
(1, (0, 0, 1), (2, 2)): [8, 7, 2]
(1, (0, 0, 1), (3, 0)): [4, 6, 2, 2]
(1, (0, 0, 1), (3, 1)): [3, 4, 1, 1]
(1, (0, 0, 1), (3, 2)): [6, 3, 2]
(1, (0, 1, 0), (0, 0)): [3433, 1462, 514, 240, 106, 54, 12, 7, 0, 1, 1]
(1, (0, 1, 0), (0, 1)): [79, 21, 8, 3, 2]
(1, (0, 1, 0), (0, 2)): [23, 11, 3]
(1, (0, 1, 0), (1, 0)): [74, 36, 11, 7, 2]
(1, (0, 1, 0), (1, 1)): [67, 15, 6, 5, 2]
(1, (0, 1, 0), (1, 2)): [45, 15, 3, 1]
(1, (0, 1, 0), (2, 0)): [30, 20, 7, 2, 1]
(1, (0, 1, 0), (2, 1)): [39, 10, 5, 4, 2]
(1, (0, 1, 0), (2, 2)): [35, 6, 7, 1, 2]
(1, (0, 1, 0), (3, 0)): [16, 8, 3, 0, 1]
(1, (0, 1, 0), (3, 1)): [22, 7, 2, 3, 1]
(1, (0, 1, 0), (3, 2)): [18, 4, 3, 2, 1]
(1, (0, 1, 1), (0, 0)): [498, 389, 325, 153, 75, 34, 14, 5, 2, 1, 1]
(1, (0, 1, 1), (0, 1)): [11, 3, 1, 5, 1, 0, 1]
(1, (0, 1, 1), (0, 2)): [4, 2, 0, 2, 0, 0, 1]
(1, (0, 1, 1), (1, 0)): [10, 14, 7, 5, 2, 2, 1]
(1, (0, 1, 1), (1, 1)): [8, 1, 3, 0, 1]
(1, (0, 1, 1), (1, 2)): [8, 1, 0, 0, 0, 0, 1]
(1, (0, 1, 1), (2, 0)): [8, 12, 5, 4, 2, 2, 1]
(1, (0, 1, 1), (2, 1)): [2, 1, 3]
(1, (0, 1, 1), (2, 2)): [3, 0, 2]
(1, (0, 1, 1), (3, 0)): [8, 11, 4, 4, 2, 2, 1]
(1, (0, 1, 1), (3, 1)): [1, 0, 2, 0, 0, 1]
(1, (0, 1, 1), (3, 2)): [2, 0, 2]
(1, (1, 0, 0), (0, 0)): [8529, 1547, 1031, 432, 149, 73, 25, 8, 1, 3, 1]
(1, (1, 0, 0), (0, 1)): [160, 25, 11, 4, 1, 2, 1]
(1, (1, 0, 0), (0, 2)): [63, 8, 5, 1]
(1, (1, 0, 0), (1, 0)): [145, 34, 19, 11, 3, 1, 1]
(1, (1, 0, 0), (1, 1)): [111, 12, 14, 8, 2, 1, 2]
(1, (1, 0, 0), (1, 2)): [89, 11, 6, 4]
(1, (1, 0, 0), (2, 0)): [41, 15, 6, 1, 0, 1]
(1, (1, 0, 0), (2, 1)): [47, 3, 9, 3, 2, 0, 2]
(1, (1, 0, 0), (2, 2)): [46, 4, 6, 5, 1, 0, 1]
(1, (1, 0, 0), (3, 0)): [12, 7, 2, 0, 0, 1]
(1, (1, 0, 0), (3, 1)): [21, 4, 3, 1, 1, 1]
(1, (1, 0, 0), (3, 2)): [23, 3, 2, 1, 1, 1]
(1, (1, 0, 1), (0, 0)): [721, 824, 246, 175, 73, 33, 12, 8, 3, 2]
(1, (1, 0, 1), (0, 1)): [20, 14, 2, 2, 1]
(1, (1, 0, 1), (0, 2)): [6, 6, 2, 1]
(1, (1, 0, 1), (1, 0)): [11, 17, 2, 1, 2, 1, 2]
(1, (1, 0, 1), (1, 1)): [15, 15, 1, 0, 2, 1, 1]
(1, (1, 0, 1), (1, 2)): [4, 12, 2, 1, 1, 1]
(1, (1, 0, 1), (2, 0)): [3, 4, 0, 1]
(1, (1, 0, 1), (2, 1)): [5, 4, 0, 0, 0, 0, 1]
(1, (1, 0, 1), (2, 2)): [3, 4, 0, 0, 0, 0, 1]
(1, (1, 0, 1), (3, 0)): [2, 2, 0, 1]
(1, (1, 0, 1), (3, 1)): [0, 3]
(1, (1, 0, 1), (3, 2)): [1, 3, 0, 0, 0, 0, 1]
(1, (1, 1, 0), (0, 0)): [2372, 719, 498, 371, 150, 70, 24, 11, 3, 3]
(1, (1, 1, 0), (0, 1)): [51, 15, 5, 7, 1]
(1, (1, 1, 0), (0, 2)): [22, 3, 1, 3]
(1, (1, 1, 0), (1, 0)): [30, 10, 9, 4, 2, 1, 2]
(1, (1, 1, 0), (1, 1)): [28, 11, 7, 3, 2]
(1, (1, 1, 0), (1, 2)): [16, 2, 3, 5]
(1, (1, 1, 0), (2, 0)): [13, 2, 2, 3, 0, 0, 1]
(1, (1, 1, 0), (2, 1)): [14, 8, 4, 3, 1, 0, 1]
(1, (1, 1, 0), (2, 2)): [8, 3, 4, 2, 1, 0, 1]
(1, (1, 1, 0), (3, 0)): [1, 1]
(1, (1, 1, 0), (3, 1)): [5, 2, 1, 2]
(1, (1, 1, 0), (3, 2)): [3, 4, 2, 2]
(1, (1, 1, 1), (0, 0)): [445, 377, 241, 161, 140, 59, 19, 9, 3, 3, 1]
(1, (1, 1, 1), (0, 1)): [8, 8, 3, 2, 0, 1, 2]
(1, (1, 1, 1), (0, 2)): [5, 4, 2, 0, 0, 0, 1]
(1, (1, 1, 1), (1, 0)): [5, 2, 4, 2, 2, 1]
(1, (1, 1, 1), (1, 1)): [5, 3, 2, 4, 1, 0, 1]
(1, (1, 1, 1), (1, 2)): [3, 2, 1, 1, 1]
(1, (1, 1, 1), (2, 0)): [2, 1, 3, 0, 1]
(1, (1, 1, 1), (2, 1)): [2, 1, 2, 1, 0, 0, 1]
(1, (1, 1, 1), (2, 2)): [2, 1, 1, 0, 1, 0, 1]
(1, (1, 1, 1), (3, 0)): [1, 0, 1, 0, 1]
(1, (1, 1, 1), (3, 1)): [0, 0, 2, 0, 1]
(1, (1, 1, 1), (3, 2)): [0, 1, 2]
(2, (0, 0, 0), (0, 0)): [20422, 994, 306, 107, 29, 14, 3, 3, 0, 1]
(2, (0, 0, 0), (0, 1)): [386, 12, 3, 1]
(2, (0, 0, 0), (0, 2)): [138, 4, 1]
(2, (0, 0, 0), (1, 0)): [395, 18, 10, 2, 0, 1]
(2, (0, 0, 0), (1, 1)): [352, 10, 2, 2, 0, 1]
(2, (0, 0, 0), (1, 2)): [220, 7, 1, 1, 0, 1]
(2, (0, 0, 0), (2, 0)): [146, 9, 6]
(2, (0, 0, 0), (2, 1)): [204, 5, 3, 1]
(2, (0, 0, 0), (2, 2)): [179, 5, 1, 1, 0, 1]
(2, (0, 0, 0), (3, 0)): [44, 4, 5]
(2, (0, 0, 0), (3, 1)): [94, 4, 5, 1]
(2, (0, 0, 0), (3, 2)): [99, 3, 1, 0, 0, 1]
(2, (0, 0, 1), (0, 0)): [1953, 555, 139, 42, 12, 3, 2, 1]
(2, (0, 0, 1), (0, 1)): [29, 10]
(2, (0, 0, 1), (0, 2)): [9, 3]
(2, (0, 0, 1), (1, 0)): [53, 13, 8, 1, 1, 1]
(2, (0, 0, 1), (1, 1)): [39, 12, 2, 1, 0, 1]
(2, (0, 0, 1), (1, 2)): [19, 6, 1, 1]
(2, (0, 0, 1), (2, 0)): [20, 5, 5]
(2, (0, 0, 1), (2, 1)): [18, 6, 2, 0, 0, 1]
(2, (0, 0, 1), (2, 2)): [16, 4, 2]
(2, (0, 0, 1), (3, 0)): [15, 4, 3]
(2, (0, 0, 1), (3, 1)): [12, 3, 0, 0, 0, 1]
(2, (0, 0, 1), (3, 2)): [11, 2, 1]
(2, (0, 1, 0), (0, 0)): [5239, 1070, 283, 95, 26, 20, 6, 2, 1, 1]
(2, (0, 1, 0), (0, 1)): [106, 25, 5, 1]
(2, (0, 1, 0), (0, 2)): [42, 10, 3]
(2, (0, 1, 0), (1, 0)): [131, 22, 7, 3, 1, 1]
(2, (0, 1, 0), (1, 1)): [81, 18, 4, 1, 0, 1]
(2, (0, 1, 0), (1, 2)): [63, 13]
(2, (0, 1, 0), (2, 0)): [77, 8, 4, 3, 1]
(2, (0, 1, 0), (2, 1)): [50, 6, 5, 0, 0, 1]
(2, (0, 1, 0), (2, 2)): [53, 15, 1]
(2, (0, 1, 0), (3, 0)): [52, 6, 0, 3, 1]
(2, (0, 1, 0), (3, 1)): [26, 2, 4]
(2, (0, 1, 0), (3, 2)): [34, 3, 3]
(2, (0, 1, 1), (0, 0)): [1094, 79, 230, 77, 25, 7, 1, 1]
(2, (0, 1, 1), (0, 1)): [16, 1, 1]
(2, (0, 1, 1), (0, 2)): [6, 1]
(2, (0, 1, 1), (1, 0)): [26, 2, 9, 3, 1]
(2, (0, 1, 1), (1, 1)): [16, 0, 4, 1]
(2, (0, 1, 1), (1, 2)): [10, 0, 1, 1]
(2, (0, 1, 1), (2, 0)): [16, 2, 4, 2, 1]
(2, (0, 1, 1), (2, 1)): [11, 0, 2]
(2, (0, 1, 1), (2, 2)): [12, 0, 3]
(2, (0, 1, 1), (3, 0)): [15, 2, 4, 2, 1]
(2, (0, 1, 1), (3, 1)): [5, 0, 1]
(2, (0, 1, 1), (3, 2)): [2, 0, 4]
(2, (1, 0, 0), (0, 0)): [9928, 748, 505, 171, 47, 17, 4, 2]
(2, (1, 0, 0), (0, 1)): [165, 7, 11, 2, 0, 1]
(2, (1, 0, 0), (0, 2)): [54, 1, 2]
(2, (1, 0, 0), (1, 0)): [172, 14, 7, 5]
(2, (1, 0, 0), (1, 1)): [124, 4, 6, 5]
(2, (1, 0, 0), (1, 2)): [63, 0, 2]
(2, (1, 0, 0), (2, 0)): [62, 7, 4, 2]
(2, (1, 0, 0), (2, 1)): [74, 4, 1, 4]
(2, (1, 0, 0), (2, 2)): [58, 2, 1, 1]
(2, (1, 0, 0), (3, 0)): [15, 4, 3, 2]
(2, (1, 0, 0), (3, 1)): [31, 4, 2, 4]
(2, (1, 0, 0), (3, 2)): [35, 3, 0, 3]
(2, (1, 0, 1), (0, 0)): [1792, 422, 190, 95, 31, 12, 3, 2]
(2, (1, 0, 1), (0, 1)): [45, 7, 3, 0, 0, 1]
(2, (1, 0, 1), (0, 2)): [16, 1, 1]
(2, (1, 0, 1), (1, 0)): [27, 11, 7, 1]
(2, (1, 0, 1), (1, 1)): [32, 7, 3, 0, 0, 1]
(2, (1, 0, 1), (1, 2)): [25, 5, 3, 0, 0, 1]
(2, (1, 0, 1), (2, 0)): [12, 4, 1, 1]
(2, (1, 0, 1), (2, 1)): [12, 1, 1]
(2, (1, 0, 1), (2, 2)): [11, 3, 3]
(2, (1, 0, 1), (3, 0)): [4, 2]
(2, (1, 0, 1), (3, 1)): [6, 1]
(2, (1, 0, 1), (3, 2)): [5, 1, 1]
(2, (1, 1, 0), (0, 0)): [4013, 632, 286, 240, 63, 25, 8, 1, 1]
(2, (1, 1, 0), (0, 1)): [81, 7, 4, 4]
(2, (1, 1, 0), (0, 2)): [29, 2, 1, 3]
(2, (1, 1, 0), (1, 0)): [74, 11, 6, 6, 0, 0, 1]
(2, (1, 1, 0), (1, 1)): [65, 5, 1, 1, 0, 0, 1]
(2, (1, 1, 0), (1, 2)): [43, 4, 1, 1]
(2, (1, 1, 0), (2, 0)): [28, 5, 3, 3]
(2, (1, 1, 0), (2, 1)): [28, 3, 2, 3, 0, 0, 1]
(2, (1, 1, 0), (2, 2)): [34, 3, 0, 2]
(2, (1, 1, 0), (3, 0)): [9, 3, 1]
(2, (1, 1, 0), (3, 1)): [16, 3, 2]
(2, (1, 1, 0), (3, 2)): [19, 2, 2, 1]
(2, (1, 1, 1), (0, 0)): [1109, 148, 220, 96, 68, 23, 11, 1]
(2, (1, 1, 1), (0, 1)): [26, 2, 6, 2]
(2, (1, 1, 1), (0, 2)): [14, 1, 3]
(2, (1, 1, 1), (1, 0)): [19, 1, 4, 1]
(2, (1, 1, 1), (1, 1)): [17, 1, 2, 1]
(2, (1, 1, 1), (1, 2)): [11, 0, 2, 1]
(2, (1, 1, 1), (2, 0)): [4, 0, 1, 1]
(2, (1, 1, 1), (2, 1)): [7, 1, 2]
(2, (1, 1, 1), (2, 2)): [7, 0, 2, 1]
(2, (1, 1, 1), (3, 0)): [1, 0, 0, 1]
(2, (1, 1, 1), (3, 1)): [5, 0, 1]
(2, (1, 1, 1), (3, 2)): [5, 0, 1]
