(0, (0, 0, 0), (0, 0)): [15044, 3207, 1561, 708, 335, 146, 70, 31, 21, 4, 0, 1]
(0, (0, 0, 1), (0, 0)): [65, 229, 65, 27, 19, 10, 5, 4, 2]
(0, (0, 1, 0), (0, 0)): [495, 562, 218, 98, 54, 29, 19, 5, 4]
(0, (0, 1, 1), (0, 0)): [59, 85, 117, 56, 27, 8, 8, 4]
(0, (1, 0, 0), (0, 0)): [3321, 1196, 769, 373, 200, 86, 42, 24, 12, 3]
(0, (1, 0, 1), (0, 0)): [83, 284, 116, 78, 40, 32, 17, 6, 2]
(0, (1, 1, 0), (0, 0)): [435, 321, 255, 175, 102, 52, 22, 12, 4, 1]
(0, (1, 1, 1), (0, 0)): [40, 95, 87, 65, 49, 22, 12, 6, 4, 1]
(1, (0, 0, 0), (0, 0)): [11915, 1399, 588, 249, 96, 37, 13, 5, 6, 1, 0, 1]
(1, (0, 0, 1), (0, 0)): [365, 556, 128, 49, 26, 9, 1, 3]
(1, (0, 1, 0), (0, 0)): [1583, 852, 299, 127, 61, 29, 10, 5, 0, 0, 1, 1]
(1, (0, 1, 1), (0, 0)): [316, 271, 255, 96, 42, 22, 10, 2, 5, 1]
(1, (1, 0, 0), (0, 0)): [4930, 1016, 600, 283, 113, 38, 16, 4, 8, 2]
(1, (1, 0, 1), (0, 0)): [410, 580, 178, 124, 50, 21, 8, 5, 1, 1]
(1, (1, 1, 0), (0, 0)): [1302, 440, 338, 219, 98, 36, 17, 7, 2]
(1, (1, 1, 1), (0, 0)): [275, 253, 135, 96, 63, 28, 16, 3, 1, 1]
(2, (0, 0, 0), (0, 0)): [10201, 490, 167, 54, 24, 9, 2]
(2, (0, 0, 1), (0, 0)): [1077, 345, 75, 22, 11, 8, 0, 1]
(2, (0, 1, 0), (0, 0)): [2826, 721, 142, 69, 25, 6, 1]
(2, (0, 1, 1), (0, 0)): [630, 55, 185, 44, 14, 8, 3, 0, 2]
(2, (1, 0, 0), (0, 0)): [6170, 518, 320, 97, 44, 12, 7]
(2, (1, 0, 1), (0, 0)): [1117, 306, 129, 75, 24, 10, 1, 1, 1]
(2, (1, 1, 0), (0, 0)): [2306, 352, 205, 135, 51, 13, 4, 0, 1]
(2, (1, 1, 1), (0, 0)): [682, 93, 126, 63, 45, 12, 3, 1, 2]
