"H",1,0,1,-2,0,0,1,0
"H",1,0,1,-4,0,0,1,0
"H",1,0,1,0,0,0,6,3
"H",1,0,1,1,0,0,1,1
"H",1,0,2,-2,0,0,1,0
"H",1,0,2,0,0,0,1,1
"H",1,0,4,-2,0,0,1,0
"H",1,1,1,-4,0,0,1,0
"H",1,1,1,0,0,0,4,1
"H",1,1,1,1,0,0,1,1
"H",1,1,2,0,0,0,3,2
"H",1,1,2,2,0,0,1,1
"H",1,1,3,1,0,0,1,1
"H",1,2,1,-4,0,0,1,0
"H",1,2,1,0,0,0,2,0
"H",1,2,2,-4,0,0,1,0
"H",1,2,2,0,0,0,4,2
"H",1,2,2,2,0,0,1,1
"H",1,2,4,0,0,0,1,1
"H",1,2,4,2,0,0,1,1
"H",1,2,5,-2,0,0,1,0
"H",1,2,5,0,0,0,1,0
"H",2,0,1,-1,0,0,1,0
"H",2,0,1,-2,0,0,1,0
"H",2,0,1,-4,0,0,1,0
"H",2,0,1,0,0,0,3,1
"H",2,0,1,1,0,0,1,1
"H",2,0,1,2,0,0,1,1
"H",2,1,1,-1,0,0,1,0
"H",2,1,1,-2,0,0,1,0
"H",2,1,1,-4,0,0,1,0
"H",2,1,1,0,0,0,3,1
"H",2,1,1,1,0,0,1,1
"H",2,1,1,2,0,0,1,1
"H",2,1,2,0,0,0,1,0
"H",2,1,2,2,0,0,1,1
"H",2,1,4,2,0,0,1,1
"H",2,2,1,-1,0,0,1,0
"H",2,2,1,-2,0,0,1,0
"H",2,2,1,-4,0,0,1,0
"H",2,2,1,0,0,0,2,1
"H",2,2,1,1,0,0,1,1
"H",2,2,2,-2,0,0,1,0
"H",2,2,2,0,0,0,2,1
"H",2,2,2,1,0,0,1,1
"H",2,2,3,-1,0,0,1,0
"H",2,2,3,0,0,0,1,0
"H",2,2,4,0,0,0,1,1
"H",2,2,4,2,0,0,1,1
"H",3,0,1,-2,0,0,1,0
"H",3,0,1,-3,0,0,2,0
"H",3,0,1,-5,0,0,1,0
"H",3,0,1,0,0,0,2,1
"H",3,0,1,1,0,0,1,1
"H",3,0,1,2,0,0,1,1
"H",3,0,3,0,0,0,1,0
"H",3,1,1,-2,0,0,1,0
"H",3,1,1,-3,0,0,2,0
"H",3,1,1,-5,0,0,1,0
"H",3,1,1,0,0,0,1,1
"H",3,1,1,1,0,0,1,1
"H",3,1,1,2,0,0,1,1
"H",3,1,2,-2,0,0,1,0
"H",3,1,2,-3,0,0,1,0
"H",3,1,2,1,0,0,1,1
"H",3,1,2,2,0,0,1,1
"H",3,1,3,0,0,0,1,0
"H",3,2,1,-3,0,0,1,0
"H",3,2,1,-5,0,0,1,0
"H",3,2,1,0,0,0,1,1
"H",3,2,2,-3,0,0,1,0
"H",3,2,2,1,0,0,1,1
"H",3,2,2,2,0,0,1,1
"H",3,2,3,-2,0,0,1,0
"H",3,2,3,-3,0,0,1,0
"H",3,2,3,0,0,0,1,0
"H",3,2,6,-2,0,0,1,0
"H",3,2,6,1,0,0,1,1
"H",3,2,7,1,0,0,1,1
"H",4,0,1,-3,0,0,2,0
"H",4,0,1,-4,0,0,1,0
"H",4,0,1,-6,0,0,1,0
"H",4,0,1,0,0,0,2,1
"H",4,0,1,1,0,0,1,1
"H",4,0,1,2,0,0,1,1
"H",4,0,2,-3,0,0,1,0
"H",4,0,4,-3,0,0,1,0
"H",4,0,5,0,0,0,1,1
"H",4,0,6,0,0,0,1,1
"H",4,1,1,-3,0,0,1,0
"H",4,1,1,-4,0,0,1,0
"H",4,1,1,-6,0,0,1,0
"H",4,1,1,0,0,0,1,0
"H",4,1,1,1,0,0,1,1
"H",4,1,1,2,0,0,1,1
"H",4,1,2,-3,0,0,1,0
"H",4,1,2,2,0,0,2,2
"H",4,1,4,-3,0,0,1,0
"H",4,1,5,-4,0,0,1,0
"H",4,1,7,-3,0,0,1,0
"H",4,1,7,0,0,0,1,1
"H",4,2,1,-3,0,0,1,0
"H",4,2,1,-6,0,0,1,0
"H",4,2,1,0,0,0,1,0
"H",4,2,1,1,0,0,1,1
"H",4,2,2,-6,0,0,1,0
"H",4,2,2,2,0,0,1,1
"H",4,2,3,-2,0,0,1,0
"H",4,2,3,2,0,0,1,1
"H",4,2,4,-2,0,0,1,0
"H",4,2,4,-6,0,0,1,0
"H",4,2,6,-3,0,0,1,0
"H",4,2,6,2,0,0,1,1
"H",4,2,7,2,0,0,1,1
"H",5,0,1,-2,0,0,1,0
"H",5,0,1,-3,0,0,1,0
"H",5,0,1,-5,0,0,1,0
"H",5,0,1,-6,0,0,1,0
"H",5,0,1,0,0,0,2,1
"H",5,0,1,2,0,0,2,2
"H",5,0,2,-3,0,0,1,0
"H",5,0,2,2,0,0,1,1
"H",5,0,3,0,0,0,1,0
"H",5,0,4,2,0,0,1,1
"H",5,0,8,2,0,0,1,1
"H",5,1,1,-2,0,0,1,0
"H",5,1,1,-5,0,0,1,0
"H",5,1,1,-6,0,0,1,0
"H",5,1,1,0,0,0,1,1
"H",5,1,1,2,0,0,1,1
"H",5,1,2,-3,0,0,1,0
"H",5,1,2,-5,0,0,1,0
"H",5,1,3,-5,0,0,1,0
"H",5,1,5,0,0,0,2,1
"H",5,1,8,2,0,0,1,1
"H",5,2,1,-2,0,0,1,0
"H",5,2,1,-6,0,0,1,0
"H",5,2,1,2,0,0,1,1
"H",5,2,2,-3,0,0,1,0
"H",5,2,2,1,0,0,1,1
"H",5,2,3,-5,0,0,1,0
"H",5,2,5,0,0,0,2,1
"H",6,0,1,-2,0,0,1,0
"H",6,0,1,-5,0,0,2,0
"H",6,0,1,-6,0,0,2,0
"H",6,0,1,1,0,0,1,1
"H",6,0,1,2,0,0,2,2
"H",6,0,5,-5,0,0,1,0
"H",6,1,1,-2,0,0,1,0
"H",6,1,1,-5,0,0,1,0
"H",6,1,1,-6,0,0,2,0
"H",6,1,1,1,0,0,1,1
"H",6,1,1,2,0,0,2,2
"H",6,1,1,3,0,0,1,1
"H",6,1,2,1,0,0,1,1
"H",6,1,2,3,0,0,1,1
"H",6,1,5,-5,0,0,1,0
"H",6,1,5,3,0,0,1,1
"H",6,2,1,-2,0,0,1,0
"H",6,2,1,-4,0,0,1,0
"H",6,2,1,-5,0,0,1,0
"H",6,2,1,-6,0,0,2,0
"H",6,2,1,2,0,0,1,1
"H",6,2,2,-2,0,0,1,0
"H",6,2,2,-4,0,0,1,0
"H",6,2,2,1,0,0,1,1
"H",6,2,2,3,0,0,1,1
"H",6,2,4,3,0,0,1,1
"H",6,2,5,2,0,0,1,1
"H",6,2,5,3,0,0,1,1
"H",7,0,1,-10,0,0,1,0
"H",7,0,1,-2,0,0,1,0
"H",7,0,1,-4,0,0,1,0
"H",7,0,1,-6,0,0,1,0
"H",7,0,1,-7,0,0,1,0
"H",7,0,1,1,0,0,1,1
"H",7,0,1,3,0,0,2,2
"H",7,0,2,-6,0,0,1,0
"H",7,0,3,1,0,0,1,1
"H",7,0,4,-6,0,0,1,0
"H",7,0,5,-6,0,0,1,0
"H",7,0,5,-7,0,0,1,0
"H",7,0,7,1,0,0,1,1
"H",7,1,1,-10,0,0,1,0
"H",7,1,1,-2,0,0,1,0
"H",7,1,1,-4,0,0,1,0
"H",7,1,1,-5,0,0,1,0
"H",7,1,1,3,0,0,2,2
"H",7,1,2,-4,0,0,1,0
"H",7,1,2,-5,0,0,1,0
"H",7,1,2,4,0,0,1,1
"H",7,1,3,-3,0,0,1,0
"H",7,1,5,3,0,0,1,1
"H",7,1,6,-5,0,0,1,0
"H",7,1,7,-6,0,0,1,0
"H",7,1,7,1,0,0,1,1
"H",7,2,1,-10,0,0,1,0
"H",7,2,1,-2,0,0,1,0
"H",7,2,1,3,0,0,2,2
"H",7,2,2,-4,0,0,1,0
"H",7,2,2,-5,0,0,1,0
"H",7,2,2,3,0,0,1,1
"H",7,2,3,-3,0,0,1,0
"H",7,2,5,-3,0,0,1,0
"H",7,2,6,-3,0,0,1,0
"H",7,2,8,-3,0,0,1,0
"H",8,0,1,-11,0,0,1,0
"H",8,0,1,-3,0,0,2,0
"H",8,0,1,-5,0,0,2,0
"H",8,0,1,3,0,0,2,2
"H",8,0,1,4,0,0,1,1
"H",8,0,2,-5,0,0,1,0
"H",8,0,2,3,0,0,1,1
"H",8,1,1,-11,0,0,1,0
"H",8,1,1,-3,0,0,2,0
"H",8,1,1,-5,0,0,1,0
"H",8,1,1,3,0,0,1,1
"H",8,1,1,4,0,0,1,1
"H",8,1,2,-5,0,0,1,0
"H",8,1,3,3,0,0,1,1
"H",8,1,4,3,0,0,1,1
"H",8,2,1,-11,0,0,1,0
"H",8,2,1,-3,0,0,2,0
"H",8,2,1,-5,0,0,1,0
"H",8,2,1,3,0,0,1,1
"H",8,2,1,4,0,0,1,1
"H",8,2,2,-11,0,0,1,0
"H",8,2,2,-2,0,0,1,0
"H",8,2,2,-5,0,0,1,0
"H",8,2,3,-3,0,0,1,0
"H",8,2,4,-11,0,0,1,0
"H",8,2,4,-5,0,0,1,0
"H",8,2,5,-9,0,0,1,0
"H",9,0,1,-2,0,0,1,0
"H",9,0,1,-3,0,0,1,0
"H",9,0,1,-5,0,0,2,0
"H",9,0,1,-9,0,0,1,0
"H",9,0,2,-3,0,0,1,0
"H",9,0,2,-5,0,0,2,0
"H",9,0,4,-4,0,0,1,0
"H",9,0,4,-5,0,0,1,0
"H",9,0,6,-5,0,0,1,0
"H",9,1,1,-2,0,0,1,0
"H",9,1,1,-9,0,0,1,0
"H",9,1,2,-4,0,0,1,0
"H",9,1,4,-4,0,0,2,0
"H",9,2,1,-2,0,0,1,0
"H",9,2,1,-3,0,0,1,0
"H",9,2,1,-9,0,0,1,0
"H",9,2,2,-9,0,0,1,0
"H",9,2,4,-4,0,0,2,0
"V",1,0,1,0,0,0,8,5
"V",1,1,1,0,0,0,8,5
"V",1,1,2,0,0,0,1,0
"V",1,1,2,2,0,0,1,1
"V",1,1,5,0,0,0,2,2
"V",1,1,5,1,0,0,1,1
"V",1,2,1,0,0,0,6,3
"V",1,2,1,2,0,0,1,1
"V",1,2,2,0,0,0,1,1
"V",1,2,2,1,0,0,1,1
"V",1,2,2,4,0,0,1,1
"V",1,2,3,0,0,0,1,1
"V",1,2,3,1,0,0,1,1
"V",1,2,4,0,0,0,1,1
"V",1,2,5,0,0,0,1,1
"V",1,2,5,2,0,0,1,1
"V",1,2,6,1,0,0,1,1
"V",1,2,6,2,0,0,1,1
"V",1,2,6,4,0,0,1,1
"V",1,2,7,2,0,0,1,1
"V",1,2,8,0,0,0,1,1
"V",2,0,1,-1,0,0,1,0
"V",2,0,1,-2,0,0,1,0
"V",2,0,1,0,0,0,4,3
"V",2,0,1,2,0,0,1,1
"V",2,0,1,4,0,0,1,1
"V",2,1,1,-1,0,0,1,0
"V",2,1,1,-2,0,0,1,0
"V",2,1,1,0,0,0,4,3
"V",2,1,1,2,0,0,1,1
"V",2,1,1,4,0,0,1,1
"V",2,1,2,-1,0,0,1,0
"V",2,1,2,0,0,0,1,1
"V",2,1,2,2,0,0,1,1
"V",2,2,1,-2,0,0,1,0
"V",2,2,1,0,0,0,3,2
"V",2,2,1,4,0,0,1,1
"V",2,2,2,-1,0,0,1,0
"V",2,2,2,2,0,0,1,1
"V",2,2,3,0,0,0,1,1
"V",2,2,4,0,0,0,1,1
"V",2,2,7,1,0,0,1,1
"V",3,0,1,-1,0,0,1,0
"V",3,0,1,-2,0,0,1,0
"V",3,0,1,0,0,0,3,2
"V",3,0,1,1,0,0,1,1
"V",3,0,1,2,0,0,1,1
"V",3,0,1,4,0,0,1,1
"V",3,0,2,1,0,0,1,1
"V",3,0,6,2,0,0,1,1
"V",3,0,7,1,0,0,1,1
"V",3,0,8,2,0,0,1,1
"V",3,1,1,-1,0,0,1,0
"V",3,1,1,-2,0,0,1,0
"V",3,1,1,0,0,0,3,2
"V",3,1,1,2,0,0,1,1
"V",3,1,1,4,0,0,1,1
"V",3,1,2,0,0,0,1,1
"V",3,1,5,4,0,0,1,1
"V",3,1,8,2,0,0,1,1
"V",3,2,1,-1,0,0,1,0
"V",3,2,1,-2,0,0,1,0
"V",3,2,1,0,0,0,2,1
"V",3,2,1,2,0,0,1,1
"V",3,2,2,0,0,0,2,2
"V",3,2,2,5,0,0,1,1
"V",3,2,3,0,0,0,1,1
"V",3,2,4,0,0,0,1,1
"V",3,2,4,1,0,0,1,1
"V",3,2,5,4,0,0,1,1
"V",3,2,6,2,0,0,1,1
"V",3,2,6,3,0,0,1,1
"V",3,2,7,2,0,0,1,1
"V",3,2,8,2,0,0,1,1
"V",4,0,1,-1,0,0,1,0
"V",4,0,1,-2,0,0,1,0
"V",4,0,1,0,0,0,2,1
"V",4,0,1,2,0,0,1,1
"V",4,0,1,3,0,0,2,2
"V",4,0,1,5,0,0,1,1
"V",4,0,2,-2,0,0,1,0
"V",4,0,3,3,0,0,1,1
"V",4,0,4,-2,0,0,1,0
"V",4,0,5,2,0,0,1,1
"V",4,1,1,-1,0,0,1,0
"V",4,1,1,0,0,0,2,1
"V",4,1,1,3,0,0,2,2
"V",4,1,1,5,0,0,1,1
"V",4,1,2,3,0,0,2,2
"V",4,1,2,5,0,0,1,1
"V",4,1,4,3,0,0,1,1
"V",4,1,4,5,0,0,1,1
"V",4,1,4,6,0,0,1,1
"V",4,1,7,-2,0,0,1,0
"V",4,2,1,-1,0,0,1,0
"V",4,2,1,0,0,0,2,1
"V",4,2,1,3,0,0,1,1
"V",4,2,2,0,0,0,1,0
"V",4,2,2,3,0,0,1,1
"V",4,2,2,4,0,0,1,1
"V",4,2,4,3,0,0,1,1
"V",4,2,4,6,0,0,1,1
"V",4,2,5,3,0,0,1,1
"V",4,2,6,0,0,0,1,0
"V",4,2,8,3,0,0,1,1
"V",5,0,1,-1,0,0,1,0
"V",5,0,1,-2,0,0,2,0
"V",5,0,1,0,0,0,1,1
"V",5,0,1,2,0,0,1,1
"V",5,0,1,3,0,0,2,2
"V",5,0,1,6,0,0,1,1
"V",5,0,2,3,0,0,1,1
"V",5,0,5,3,0,0,1,1
"V",5,1,1,-1,0,0,1,0
"V",5,1,1,-2,0,0,2,0
"V",5,1,1,0,0,0,1,1
"V",5,1,1,2,0,0,1,1
"V",5,1,1,4,0,0,1,1
"V",5,1,1,6,0,0,1,1
"V",5,1,2,-1,0,0,1,0
"V",5,1,2,4,0,0,1,1
"V",5,1,3,0,0,0,1,1
"V",5,1,3,3,0,0,1,1
"V",5,2,1,-2,0,0,2,0
"V",5,2,1,2,0,0,1,1
"V",5,2,1,6,0,0,1,1
"V",5,2,2,-2,0,0,1,0
"V",5,2,2,4,0,0,1,1
"V",5,2,2,6,0,0,1,1
"V",5,2,3,-1,0,0,1,0
"V",5,2,3,0,0,0,1,0
"V",5,2,3,5,0,0,1,1
"V",5,2,5,-2,0,0,1,0
"V",5,2,5,0,0,0,1,1
"V",5,2,5,3,0,0,1,1
"V",6,0,1,-1,0,0,1,0
"V",6,0,1,-2,0,0,2,0
"V",6,0,1,0,0,0,1,1
"V",6,0,1,2,0,0,1,1
"V",6,0,1,3,0,0,1,1
"V",6,0,1,5,0,0,1,1
"V",6,0,1,6,0,0,1,1
"V",6,0,2,-2,0,0,1,0
"V",6,0,2,0,0,0,1,1
"V",6,0,2,3,0,0,1,1
"V",6,0,4,0,0,0,1,1
"V",6,0,4,3,0,0,2,2
"V",6,0,8,0,0,0,1,1
"V",6,0,8,1,0,0,1,1
"V",6,1,1,-1,0,0,1,0
"V",6,1,1,-2,0,0,1,0
"V",6,1,1,2,0,0,1,1
"V",6,1,1,5,0,0,1,1
"V",6,1,1,6,0,0,1,1
"V",6,1,2,5,0,0,2,2
"V",6,1,5,5,0,0,1,1
"V",6,1,5,6,0,0,1,1
"V",6,1,7,3,0,0,2,2
"V",6,2,1,-1,0,0,1,0
"V",6,2,1,-2,0,0,2,0
"V",6,2,1,2,0,0,1,1
"V",6,2,1,6,0,0,1,1
"V",6,2,2,-1,0,0,1,0
"V",6,2,2,-2,0,0,1,0
"V",6,2,2,5,0,0,1,1
"V",6,2,2,6,0,0,1,1
"V",6,2,4,6,0,0,1,1
"V",6,2,5,6,0,0,1,1
"V",7,0,1,-1,0,0,1,0
"V",7,0,1,-3,0,0,2,0
"V",7,0,1,2,0,0,1,1
"V",7,0,1,4,0,0,1,1
"V",7,0,1,5,0,0,1,1
"V",7,0,1,6,0,0,2,2
"V",7,0,2,-1,0,0,1,0
"V",7,0,2,6,0,0,1,1
"V",7,0,4,6,0,0,1,1
"V",7,1,1,-3,0,0,2,0
"V",7,1,1,2,0,0,1,1
"V",7,1,1,4,0,0,1,1
"V",7,1,1,5,0,0,1,1
"V",7,1,1,6,0,0,1,1
"V",7,1,1,7,0,0,1,1
"V",7,1,3,6,0,0,1,1
"V",7,1,4,7,0,0,1,1
"V",7,1,5,5,0,0,1,1
"V",7,1,6,6,0,0,1,1
"V",7,1,8,7,0,0,1,1
"V",7,2,1,-1,0,0,1,0
"V",7,2,1,-3,0,0,2,0
"V",7,2,1,2,0,0,1,1
"V",7,2,1,4,0,0,1,1
"V",7,2,1,7,0,0,1,1
"V",7,2,2,-3,0,0,1,0
"V",7,2,2,4,0,0,1,1
"V",7,2,3,6,0,0,1,1
"V",7,2,5,10,0,0,1,1
"V",7,2,7,8,0,0,1,1
"V",8,0,1,-3,0,0,2,0
"V",8,0,1,-4,0,0,1,0
"V",8,0,1,10,0,0,1,1
"V",8,0,1,2,0,0,1,1
"V",8,0,1,3,0,0,1,1
"V",8,0,1,4,0,0,1,1
"V",8,0,1,5,0,0,1,1
"V",8,0,5,10,0,0,1,1
"V",8,1,1,-3,0,0,2,0
"V",8,1,1,-4,0,0,1,0
"V",8,1,1,11,0,0,1,1
"V",8,1,1,2,0,0,1,1
"V",8,1,1,3,0,0,1,1
"V",8,1,1,4,0,0,1,1
"V",8,1,1,5,0,0,2,2
"V",8,1,3,2,0,0,1,1
"V",8,1,4,3,0,0,1,1
"V",8,1,5,4,0,0,1,1
"V",8,1,6,2,0,0,1,1
"V",8,2,1,-3,0,0,2,0
"V",8,2,1,-4,0,0,1,0
"V",8,2,1,11,0,0,1,1
"V",8,2,1,3,0,0,1,1
"V",8,2,1,5,0,0,2,2
"V",8,2,2,11,0,0,1,1
"V",8,2,5,5,0,0,1,1
"V",8,2,6,5,0,0,1,1
"V",9,0,1,-3,0,0,2,0
"V",9,0,1,-4,0,0,1,0
"V",9,0,1,2,0,0,1,1
"V",9,0,1,3,0,0,1,1
"V",9,0,1,5,0,0,2,2
"V",9,0,1,9,0,0,1,1
"V",9,0,2,-4,0,0,1,0
"V",9,0,6,-3,0,0,1,0
"V",9,0,6,-4,0,0,1,0
"V",9,1,1,-3,0,0,2,0
"V",9,1,1,2,0,0,1,1
"V",9,1,1,3,0,0,1,1
"V",9,1,1,5,0,0,2,2
"V",9,1,1,9,0,0,1,1
"V",9,1,2,-2,0,0,1,0
"V",9,1,2,5,0,0,1,1
"V",9,1,4,-2,0,0,1,0
"V",9,1,8,-2,0,0,1,0
"V",9,2,1,-3,0,0,2,0
"V",9,2,1,2,0,0,1,1
"V",9,2,1,3,0,0,1,1
"V",9,2,1,5,0,0,1,1
"V",9,2,1,9,0,0,1,1
"V",9,2,2,5,0,0,1,1
"V",9,2,2,9,0,0,1,1
"V",9,2,4,-1,0,0,1,0
