"H",1,0,1,-1,0,0,14,6
"H",1,0,1,-2,0,0,3,1
"H",1,0,1,-3,0,0,2,1
"H",1,0,1,-4,0,0,1,0
"H",1,0,1,-5,0,0,1,0
"H",1,0,1,-6,0,0,1,0
"H",1,0,1,0,0,0,45,22
"H",1,0,1,1,0,0,1,1
"H",1,0,2,-1,0,0,6,2
"H",1,0,2,-2,0,0,2,0
"H",1,0,2,0,0,0,13,5
"H",1,0,3,-2,0,0,1,0
"H",1,0,3,0,0,0,2,1
"H",1,0,3,1,0,0,1,0
"H",1,0,4,-1,0,0,1,1
"H",1,0,4,-2,0,0,1,0
"H",1,0,4,0,0,0,2,0
"H",1,0,5,0,0,0,1,1
"H",1,0,7,-1,0,0,1,0
"H",1,0,8,0,0,0,1,0
"H",1,1,1,-1,0,0,8,4
"H",1,1,1,-2,0,0,1,1
"H",1,1,1,-3,0,0,2,1
"H",1,1,1,-4,0,0,1,0
"H",1,1,1,-5,0,0,1,0
"H",1,1,1,-6,0,0,1,0
"H",1,1,1,0,0,0,30,15
"H",1,1,1,1,0,0,2,2
"H",1,1,2,-1,0,0,4,2
"H",1,1,2,-3,0,0,2,1
"H",1,1,2,-5,0,0,1,0
"H",1,1,2,-6,0,0,1,0
"H",1,1,2,0,0,0,11,6
"H",1,1,2,1,0,0,2,2
"H",1,1,2,2,0,0,1,1
"H",1,1,3,-1,0,0,1,0
"H",1,1,3,-2,0,0,1,0
"H",1,1,3,0,0,0,5,2
"H",1,1,3,1,0,0,1,1
"H",1,1,4,-1,0,0,3,1
"H",1,1,4,-3,0,0,1,0
"H",1,1,4,0,0,0,2,1
"H",1,1,5,0,0,0,4,3
"H",1,1,5,1,0,0,1,0
"H",1,1,7,-1,0,0,1,1
"H",1,1,7,0,0,0,2,1
"H",1,1,8,-1,0,0,2,1
"H",1,2,1,-1,0,0,7,3
"H",1,2,1,-2,0,0,1,1
"H",1,2,1,-4,0,0,1,0
"H",1,2,1,0,0,0,25,12
"H",1,2,2,-1,0,0,3,2
"H",1,2,2,-2,0,0,2,1
"H",1,2,2,-3,0,0,1,1
"H",1,2,2,-4,0,0,1,0
"H",1,2,2,-5,0,0,1,0
"H",1,2,2,-6,0,0,1,0
"H",1,2,2,0,0,0,15,8
"H",1,2,2,1,0,0,1,1
"H",1,2,2,2,0,0,1,1
"H",1,2,2,5,0,0,1,1
"H",1,2,3,-1,0,0,3,2
"H",1,2,3,0,0,0,12,7
"H",1,2,3,1,0,0,2,1
"H",1,2,3,2,0,0,4,2
"H",1,2,3,3,0,0,1,1
"H",1,2,4,-1,0,0,1,0
"H",1,2,4,0,0,0,3,2
"H",1,2,4,2,0,0,1,1
"H",1,2,5,-2,0,0,2,1
"H",1,2,5,0,0,0,4,1
"H",1,2,5,1,0,0,1,0
"H",1,2,5,4,0,0,1,1
"H",1,2,6,0,0,0,2,2
"H",1,2,6,3,0,0,1,1
"H",1,2,7,0,0,0,3,1
"H",1,2,8,-1,0,0,2,1
"H",1,2,8,0,0,0,1,1
"H",2,0,1,-1,0,0,14,6
"H",2,0,1,-2,0,0,8,2
"H",2,0,1,-3,0,0,1,0
"H",2,0,1,-4,0,0,1,0
"H",2,0,1,-5,0,0,1,0
"H",2,0,1,-6,0,0,2,0
"H",2,0,1,-7,0,0,1,0
"H",2,0,1,0,0,0,32,17
"H",2,0,1,1,0,0,4,2
"H",2,0,1,2,0,0,3,2
"H",2,0,1,3,0,0,1,1
"H",2,0,2,-1,0,0,2,1
"H",2,0,2,-2,0,0,2,0
"H",2,0,2,0,0,0,5,5
"H",2,0,3,-1,0,0,1,0
"H",2,0,3,-2,0,0,1,1
"H",2,0,3,-6,0,0,1,0
"H",2,0,3,0,0,0,2,2
"H",2,0,4,-1,0,0,1,1
"H",2,0,5,-1,0,0,1,0
"H",2,0,5,-2,0,0,1,1
"H",2,0,6,0,0,0,1,1
"H",2,0,8,-1,0,0,1,1
"H",2,0,8,0,0,0,1,1
"H",2,1,1,-1,0,0,11,5
"H",2,1,1,-2,0,0,5,1
"H",2,1,1,-3,0,0,1,0
"H",2,1,1,-4,0,0,1,0
"H",2,1,1,-5,0,0,1,0
"H",2,1,1,-6,0,0,1,0
"H",2,1,1,0,0,0,25,10
"H",2,1,1,1,0,0,4,2
"H",2,1,1,2,0,0,3,2
"H",2,1,1,3,0,0,1,1
"H",2,1,2,-1,0,0,3,2
"H",2,1,2,-2,0,0,3,0
"H",2,1,2,0,0,0,11,5
"H",2,1,2,1,0,0,1,1
"H",2,1,2,2,0,0,3,2
"H",2,1,3,-1,0,0,2,0
"H",2,1,3,-2,0,0,1,0
"H",2,1,3,-6,0,0,1,0
"H",2,1,3,0,0,0,4,3
"H",2,1,3,1,0,0,3,3
"H",2,1,4,0,0,0,2,1
"H",2,1,4,1,0,0,1,1
"H",2,1,4,2,0,0,1,1
"H",2,1,5,-1,0,0,2,0
"H",2,1,5,-2,0,0,1,1
"H",2,1,5,0,0,0,2,2
"H",2,1,7,-2,0,0,1,0
"H",2,1,7,0,0,0,1,1
"H",2,1,8,0,0,0,1,1
"H",2,2,1,-1,0,0,8,3
"H",2,2,1,-2,0,0,4,2
"H",2,2,1,-3,0,0,1,0
"H",2,2,1,-4,0,0,1,0
"H",2,2,1,-5,0,0,1,0
"H",2,2,1,-6,0,0,1,0
"H",2,2,1,0,0,0,20,9
"H",2,2,1,1,0,0,5,3
"H",2,2,1,2,0,0,1,1
"H",2,2,1,3,0,0,1,1
"H",2,2,2,-1,0,0,4,2
"H",2,2,2,-2,0,0,3,1
"H",2,2,2,-3,0,0,1,0
"H",2,2,2,0,0,0,8,4
"H",2,2,2,1,0,0,2,2
"H",2,2,2,2,0,0,1,1
"H",2,2,3,-1,0,0,5,2
"H",2,2,3,-6,0,0,1,0
"H",2,2,3,0,0,0,8,5
"H",2,2,3,2,0,0,2,1
"H",2,2,4,0,0,0,2,2
"H",2,2,4,1,0,0,1,1
"H",2,2,4,2,0,0,3,3
"H",2,2,4,4,0,0,1,1
"H",2,2,5,-1,0,0,1,0
"H",2,2,5,-2,0,0,1,0
"H",2,2,5,0,0,0,1,1
"H",2,2,5,1,0,0,2,2
"H",2,2,6,-2,0,0,1,0
"H",2,2,6,1,0,0,1,1
"H",2,2,7,-2,0,0,1,0
"H",2,2,7,0,0,0,1,0
"H",2,2,8,-2,0,0,1,0
"H",2,2,8,0,0,0,1,1
"H",2,2,8,2,0,0,1,1
"H",2,2,8,4,0,0,1,1
"H",2,2,8,5,0,0,1,1
"H",2,2,8,6,0,0,1,1
"H",3,0,1,-1,0,0,13,6
"H",3,0,1,-2,0,0,7,2
"H",3,0,1,-3,0,0,6,1
"H",3,0,1,-4,0,0,1,0
"H",3,0,1,-5,0,0,3,0
"H",3,0,1,-6,0,0,2,0
"H",3,0,1,0,0,0,26,12
"H",3,0,1,1,0,0,4,4
"H",3,0,1,2,0,0,3,3
"H",3,0,1,3,0,0,1,1
"H",3,0,1,6,0,0,1,1
"H",3,0,2,-1,0,0,3,2
"H",3,0,2,-2,0,0,1,1
"H",3,0,2,-3,0,0,1,1
"H",3,0,2,0,0,0,3,2
"H",3,0,2,1,0,0,1,1
"H",3,0,3,-3,0,0,1,0
"H",3,0,3,-6,0,0,1,0
"H",3,0,3,0,0,0,1,0
"H",3,0,3,2,0,0,1,1
"H",3,0,4,0,0,0,2,2
"H",3,0,5,0,0,0,1,1
"H",3,0,5,1,0,0,1,1
"H",3,0,6,-6,0,0,1,0
"H",3,0,6,1,0,0,1,1
"H",3,1,1,-1,0,0,11,4
"H",3,1,1,-2,0,0,6,1
"H",3,1,1,-3,0,0,4,0
"H",3,1,1,-4,0,0,1,0
"H",3,1,1,-5,0,0,3,0
"H",3,1,1,-6,0,0,1,0
"H",3,1,1,0,0,0,21,9
"H",3,1,1,1,0,0,3,3
"H",3,1,1,2,0,0,3,3
"H",3,1,1,3,0,0,1,1
"H",3,1,1,6,0,0,1,1
"H",3,1,2,-1,0,0,2,2
"H",3,1,2,-2,0,0,3,1
"H",3,1,2,-3,0,0,2,1
"H",3,1,2,0,0,0,6,3
"H",3,1,2,1,0,0,1,1
"H",3,1,2,2,0,0,1,1
"H",3,1,2,3,0,0,1,1
"H",3,1,3,-1,0,0,1,1
"H",3,1,3,-3,0,0,1,0
"H",3,1,3,0,0,0,4,1
"H",3,1,3,2,0,0,1,1
"H",3,1,4,-1,0,0,1,1
"H",3,1,4,0,0,0,1,1
"H",3,1,5,2,0,0,1,1
"H",3,1,6,-6,0,0,1,0
"H",3,1,6,0,0,0,1,0
"H",3,1,6,1,0,0,1,1
"H",3,1,7,0,0,0,2,1
"H",3,2,1,-1,0,0,10,3
"H",3,2,1,-2,0,0,4,1
"H",3,2,1,-3,0,0,3,0
"H",3,2,1,-4,0,0,1,0
"H",3,2,1,-5,0,0,3,0
"H",3,2,1,-6,0,0,1,0
"H",3,2,1,0,0,0,14,6
"H",3,2,1,1,0,0,2,2
"H",3,2,1,2,0,0,2,2
"H",3,2,1,3,0,0,2,2
"H",3,2,1,6,0,0,1,1
"H",3,2,2,-1,0,0,2,2
"H",3,2,2,-2,0,0,2,2
"H",3,2,2,-3,0,0,1,0
"H",3,2,2,0,0,0,5,3
"H",3,2,2,1,0,0,3,1
"H",3,2,2,2,0,0,2,2
"H",3,2,2,3,0,0,1,1
"H",3,2,3,-2,0,0,3,1
"H",3,2,3,-3,0,0,2,0
"H",3,2,3,0,0,0,3,1
"H",3,2,3,1,0,0,2,2
"H",3,2,4,0,0,0,1,1
"H",3,2,4,2,0,0,1,1
"H",3,2,5,0,0,0,2,1
"H",3,2,5,2,0,0,1,1
"H",3,2,6,-1,0,0,1,1
"H",3,2,6,-2,0,0,1,0
"H",3,2,6,0,0,0,1,1
"H",3,2,6,1,0,0,2,2
"H",3,2,7,0,0,0,2,1
"H",3,2,7,1,0,0,1,1
"H",4,0,1,-1,0,0,11,5
"H",4,0,1,-2,0,0,8,3
"H",4,0,1,-3,0,0,6,1
"H",4,0,1,-4,0,0,4,0
"H",4,0,1,-5,0,0,2,0
"H",4,0,1,-6,0,0,3,0
"H",4,0,1,0,0,0,19,9
"H",4,0,1,1,0,0,6,5
"H",4,0,1,2,0,0,5,4
"H",4,0,1,3,0,0,2,2
"H",4,0,1,4,0,0,1,1
"H",4,0,1,6,0,0,1,1
"H",4,0,2,-1,0,0,2,1
"H",4,0,2,-2,0,0,3,2
"H",4,0,2,-3,0,0,2,0
"H",4,0,2,-5,0,0,1,0
"H",4,0,2,0,0,0,7,5
"H",4,0,2,1,0,0,1,1
"H",4,0,2,2,0,0,1,1
"H",4,0,3,-1,0,0,1,1
"H",4,0,3,-2,0,0,3,1
"H",4,0,3,-3,0,0,1,1
"H",4,0,3,-4,0,0,2,0
"H",4,0,3,0,0,0,1,1
"H",4,0,4,-1,0,0,1,1
"H",4,0,4,-2,0,0,1,0
"H",4,0,4,-3,0,0,1,0
"H",4,0,4,-4,0,0,1,0
"H",4,0,4,1,0,0,1,1
"H",4,0,5,0,0,0,1,1
"H",4,0,6,-2,0,0,2,2
"H",4,0,6,0,0,0,2,2
"H",4,1,1,-1,0,0,9,4
"H",4,1,1,-2,0,0,2,0
"H",4,1,1,-3,0,0,3,0
"H",4,1,1,-4,0,0,2,0
"H",4,1,1,-5,0,0,1,0
"H",4,1,1,-6,0,0,3,0
"H",4,1,1,0,0,0,11,3
"H",4,1,1,1,0,0,6,4
"H",4,1,1,2,0,0,4,3
"H",4,1,1,3,0,0,2,2
"H",4,1,1,4,0,0,1,1
"H",4,1,1,6,0,0,1,1
"H",4,1,2,-1,0,0,5,1
"H",4,1,2,-2,0,0,1,0
"H",4,1,2,-3,0,0,2,0
"H",4,1,2,-4,0,0,1,0
"H",4,1,2,-5,0,0,1,0
"H",4,1,2,-6,0,0,1,0
"H",4,1,2,0,0,0,4,1
"H",4,1,2,1,0,0,3,3
"H",4,1,2,2,0,0,3,2
"H",4,1,2,4,0,0,1,1
"H",4,1,3,-1,0,0,3,2
"H",4,1,3,-2,0,0,1,0
"H",4,1,3,-3,0,0,1,1
"H",4,1,3,0,0,0,4,4
"H",4,1,3,1,0,0,2,2
"H",4,1,3,2,0,0,1,1
"H",4,1,3,3,0,0,1,1
"H",4,1,4,-2,0,0,1,0
"H",4,1,4,-3,0,0,1,0
"H",4,1,4,-4,0,0,1,0
"H",4,1,4,-6,0,0,1,0
"H",4,1,4,0,0,0,2,1
"H",4,1,4,1,0,0,1,1
"H",4,1,5,-1,0,0,1,1
"H",4,1,5,-4,0,0,2,0
"H",4,1,5,0,0,0,1,1
"H",4,1,5,3,0,0,2,2
"H",4,1,6,-2,0,0,1,0
"H",4,1,6,0,0,0,1,1
"H",4,1,7,-2,0,0,1,0
"H",4,1,7,-3,0,0,1,0
"H",4,1,7,-4,0,0,1,0
"H",4,1,7,0,0,0,1,1
"H",4,1,7,1,0,0,1,1
"H",4,1,8,0,0,0,1,0
"H",4,2,1,-1,0,0,4,2
"H",4,2,1,-2,0,0,2,0
"H",4,2,1,-3,0,0,3,0
"H",4,2,1,-5,0,0,1,0
"H",4,2,1,-6,0,0,2,0
"H",4,2,1,0,0,0,11,5
"H",4,2,1,1,0,0,5,3
"H",4,2,1,2,0,0,4,4
"H",4,2,1,3,0,0,1,1
"H",4,2,1,4,0,0,1,1
"H",4,2,1,6,0,0,1,1
"H",4,2,2,-1,0,0,3,0
"H",4,2,2,-2,0,0,2,0
"H",4,2,2,-3,0,0,1,0
"H",4,2,2,-4,0,0,1,0
"H",4,2,2,-5,0,0,1,0
"H",4,2,2,-6,0,0,2,0
"H",4,2,2,0,0,0,6,2
"H",4,2,2,1,0,0,4,2
"H",4,2,2,2,0,0,4,3
"H",4,2,2,4,0,0,2,2
"H",4,2,2,6,0,0,1,1
"H",4,2,3,-1,0,0,4,3
"H",4,2,3,-2,0,0,1,0
"H",4,2,3,-3,0,0,1,1
"H",4,2,3,-5,0,0,1,0
"H",4,2,3,0,0,0,5,2
"H",4,2,3,1,0,0,5,4
"H",4,2,3,2,0,0,2,1
"H",4,2,3,5,0,0,1,1
"H",4,2,4,-2,0,0,1,0
"H",4,2,4,-3,0,0,1,1
"H",4,2,4,-4,0,0,1,0
"H",4,2,4,-6,0,0,1,0
"H",4,2,4,0,0,0,2,1
"H",4,2,4,1,0,0,1,0
"H",4,2,4,2,0,0,1,1
"H",4,2,4,4,0,0,1,1
"H",4,2,5,-3,0,0,1,0
"H",4,2,5,0,0,0,3,2
"H",4,2,5,2,0,0,1,0
"H",4,2,5,3,0,0,2,2
"H",4,2,6,-3,0,0,2,0
"H",4,2,6,-6,0,0,1,0
"H",4,2,6,0,0,0,1,1
"H",4,2,6,1,0,0,1,1
"H",4,2,6,2,0,0,1,1
"H",4,2,7,-2,0,0,1,0
"H",4,2,7,-4,0,0,1,0
"H",4,2,7,2,0,0,1,1
"H",4,2,7,3,0,0,1,1
"H",4,2,8,0,0,0,1,0
"H",4,2,8,1,0,0,1,0
"H",5,0,1,-1,0,0,7,2
"H",5,0,1,-2,0,0,8,0
"H",5,0,1,-3,0,0,5,1
"H",5,0,1,-4,0,0,3,0
"H",5,0,1,-5,0,0,4,0
"H",5,0,1,-6,0,0,3,0
"H",5,0,1,-7,0,0,1,0
"H",5,0,1,0,0,0,15,10
"H",5,0,1,1,0,0,6,5
"H",5,0,1,2,0,0,8,5
"H",5,0,1,3,0,0,2,2
"H",5,0,1,4,0,0,3,3
"H",5,0,1,5,0,0,2,2
"H",5,0,2,-2,0,0,2,0
"H",5,0,2,-3,0,0,1,0
"H",5,0,2,-4,0,0,3,0
"H",5,0,2,-5,0,0,2,0
"H",5,0,2,0,0,0,3,2
"H",5,0,2,1,0,0,1,1
"H",5,0,2,2,0,0,2,1
"H",5,0,2,3,0,0,1,1
"H",5,0,3,-1,0,0,1,0
"H",5,0,3,-6,0,0,1,0
"H",5,0,3,0,0,0,2,0
"H",5,0,4,-4,0,0,1,0
"H",5,0,4,-6,0,0,1,0
"H",5,0,4,0,0,0,1,1
"H",5,0,4,2,0,0,1,1
"H",5,0,5,-5,0,0,1,0
"H",5,0,5,0,0,0,1,1
"H",5,0,8,2,0,0,1,1
"H",5,1,1,-1,0,0,6,2
"H",5,1,1,-2,0,0,7,0
"H",5,1,1,-3,0,0,4,1
"H",5,1,1,-4,0,0,1,0
"H",5,1,1,-5,0,0,2,0
"H",5,1,1,-6,0,0,2,0
"H",5,1,1,-7,0,0,1,0
"H",5,1,1,0,0,0,10,7
"H",5,1,1,1,0,0,5,4
"H",5,1,1,2,0,0,6,4
"H",5,1,1,3,0,0,1,1
"H",5,1,1,4,0,0,3,3
"H",5,1,1,5,0,0,2,2
"H",5,1,2,-1,0,0,1,0
"H",5,1,2,-2,0,0,2,0
"H",5,1,2,-3,0,0,2,0
"H",5,1,2,-4,0,0,2,0
"H",5,1,2,-5,0,0,2,0
"H",5,1,2,0,0,0,2,1
"H",5,1,2,1,0,0,3,2
"H",5,1,2,2,0,0,3,1
"H",5,1,2,3,0,0,2,2
"H",5,1,2,5,0,0,1,1
"H",5,1,3,-3,0,0,1,0
"H",5,1,3,-4,0,0,2,0
"H",5,1,3,-5,0,0,1,0
"H",5,1,3,0,0,0,2,1
"H",5,1,3,1,0,0,1,1
"H",5,1,3,2,0,0,1,1
"H",5,1,3,4,0,0,1,1
"H",5,1,4,-2,0,0,1,0
"H",5,1,4,-3,0,0,1,0
"H",5,1,5,0,0,0,4,2
"H",5,1,6,-2,0,0,1,0
"H",5,1,6,-3,0,0,1,0
"H",5,1,6,-6,0,0,1,0
"H",5,1,6,1,0,0,1,1
"H",5,1,7,-2,0,0,1,0
"H",5,1,7,-4,0,0,1,0
"H",5,1,7,0,0,0,1,1
"H",5,1,8,-6,0,0,1,0
"H",5,1,8,1,0,0,1,1
"H",5,1,8,2,0,0,1,1
"H",5,2,1,-1,0,0,5,2
"H",5,2,1,-2,0,0,6,0
"H",5,2,1,-3,0,0,2,1
"H",5,2,1,-4,0,0,1,0
"H",5,2,1,-5,0,0,1,0
"H",5,2,1,-6,0,0,2,0
"H",5,2,1,-7,0,0,1,0
"H",5,2,1,0,0,0,7,5
"H",5,2,1,1,0,0,4,3
"H",5,2,1,2,0,0,4,3
"H",5,2,1,3,0,0,1,1
"H",5,2,1,4,0,0,2,2
"H",5,2,1,5,0,0,2,2
"H",5,2,2,-1,0,0,2,0
"H",5,2,2,-2,0,0,3,0
"H",5,2,2,-3,0,0,2,0
"H",5,2,2,-7,0,0,1,0
"H",5,2,2,0,0,0,4,3
"H",5,2,2,1,0,0,5,5
"H",5,2,2,2,0,0,2,1
"H",5,2,2,4,0,0,1,1
"H",5,2,2,5,0,0,2,2
"H",5,2,2,6,0,0,1,1
"H",5,2,3,-2,0,0,1,0
"H",5,2,3,-3,0,0,1,0
"H",5,2,3,-4,0,0,1,0
"H",5,2,3,-5,0,0,1,0
"H",5,2,3,1,0,0,2,2
"H",5,2,4,1,0,0,2,2
"H",5,2,4,2,0,0,1,1
"H",5,2,4,5,0,0,1,1
"H",5,2,5,-4,0,0,1,0
"H",5,2,5,0,0,0,5,2
"H",5,2,5,2,0,0,2,2
"H",5,2,7,-2,0,0,1,0
"H",5,2,7,0,0,0,1,1
"H",5,2,7,2,0,0,1,1
"H",5,2,7,4,0,0,1,1
"H",5,2,7,5,0,0,1,1
"H",5,2,8,-6,0,0,1,0
"H",6,0,1,-1,0,0,6,2
"H",6,0,1,-2,0,0,9,0
"H",6,0,1,-3,0,0,4,1
"H",6,0,1,-4,0,0,3,0
"H",6,0,1,-5,0,0,5,0
"H",6,0,1,-6,0,0,3,0
"H",6,0,1,-7,0,0,2,0
"H",6,0,1,-8,0,0,1,0
"H",6,0,1,0,0,0,10,6
"H",6,0,1,1,0,0,8,6
"H",6,0,1,2,0,0,9,8
"H",6,0,1,3,0,0,2,2
"H",6,0,1,4,0,0,2,2
"H",6,0,1,5,0,0,2,2
"H",6,0,1,6,0,0,1,1
"H",6,0,2,-2,0,0,4,0
"H",6,0,2,-4,0,0,1,0
"H",6,0,2,-5,0,0,1,0
"H",6,0,2,0,0,0,1,1
"H",6,0,2,1,0,0,1,0
"H",6,0,3,-2,0,0,1,0
"H",6,0,3,1,0,0,1,1
"H",6,0,3,2,0,0,1,1
"H",6,0,3,4,0,0,1,1
"H",6,0,4,-2,0,0,2,0
"H",6,0,5,-5,0,0,1,0
"H",6,0,5,2,0,0,1,1
"H",6,1,1,-1,0,0,6,2
"H",6,1,1,-2,0,0,4,0
"H",6,1,1,-3,0,0,4,1
"H",6,1,1,-4,0,0,3,0
"H",6,1,1,-5,0,0,3,0
"H",6,1,1,-6,0,0,3,0
"H",6,1,1,-7,0,0,2,0
"H",6,1,1,-8,0,0,1,0
"H",6,1,1,0,0,0,9,5
"H",6,1,1,1,0,0,6,5
"H",6,1,1,2,0,0,8,7
"H",6,1,1,3,0,0,3,3
"H",6,1,1,4,0,0,1,1
"H",6,1,1,5,0,0,2,2
"H",6,1,1,6,0,0,1,1
"H",6,1,2,-1,0,0,2,2
"H",6,1,2,-2,0,0,2,0
"H",6,1,2,-3,0,0,1,1
"H",6,1,2,-4,0,0,1,0
"H",6,1,2,-6,0,0,1,0
"H",6,1,2,-8,0,0,1,0
"H",6,1,2,0,0,0,1,1
"H",6,1,2,1,0,0,4,4
"H",6,1,2,2,0,0,3,2
"H",6,1,2,3,0,0,1,1
"H",6,1,2,5,0,0,1,1
"H",6,1,3,-2,0,0,1,0
"H",6,1,3,-3,0,0,1,1
"H",6,1,3,-5,0,0,1,0
"H",6,1,3,0,0,0,2,1
"H",6,1,3,2,0,0,2,2
"H",6,1,4,-1,0,0,1,1
"H",6,1,4,-2,0,0,1,0
"H",6,1,4,1,0,0,1,1
"H",6,1,5,-1,0,0,1,0
"H",6,1,5,-2,0,0,1,0
"H",6,1,5,-5,0,0,1,0
"H",6,1,5,-8,0,0,1,0
"H",6,1,5,2,0,0,1,1
"H",6,1,5,3,0,0,1,1
"H",6,1,5,4,0,0,1,1
"H",6,1,6,2,0,0,2,2
"H",6,1,7,-2,0,0,1,0
"H",6,2,1,-1,0,0,4,0
"H",6,2,1,-2,0,0,4,0
"H",6,2,1,-3,0,0,3,0
"H",6,2,1,-4,0,0,3,0
"H",6,2,1,-5,0,0,3,0
"H",6,2,1,-6,0,0,2,0
"H",6,2,1,-7,0,0,2,0
"H",6,2,1,0,0,0,8,4
"H",6,2,1,1,0,0,4,2
"H",6,2,1,2,0,0,5,4
"H",6,2,1,3,0,0,3,3
"H",6,2,1,4,0,0,1,1
"H",6,2,1,5,0,0,2,2
"H",6,2,1,6,0,0,1,1
"H",6,2,2,-1,0,0,2,1
"H",6,2,2,-2,0,0,4,0
"H",6,2,2,-3,0,0,2,0
"H",6,2,2,-4,0,0,2,0
"H",6,2,2,-6,0,0,1,0
"H",6,2,2,0,0,0,2,0
"H",6,2,2,1,0,0,2,2
"H",6,2,2,3,0,0,2,2
"H",6,2,2,5,0,0,1,1
"H",6,2,3,-1,0,0,1,0
"H",6,2,3,-3,0,0,2,1
"H",6,2,3,-5,0,0,1,0
"H",6,2,3,0,0,0,3,3
"H",6,2,3,1,0,0,1,1
"H",6,2,3,2,0,0,1,1
"H",6,2,3,3,0,0,1,1
"H",6,2,4,-3,0,0,1,0
"H",6,2,4,-4,0,0,1,0
"H",6,2,4,1,0,0,2,2
"H",6,2,4,3,0,0,1,1
"H",6,2,5,-1,0,0,1,0
"H",6,2,5,-8,0,0,1,0
"H",6,2,5,0,0,0,1,1
"H",6,2,5,2,0,0,2,2
"H",6,2,5,3,0,0,1,1
"H",6,2,6,-1,0,0,1,1
"H",6,2,6,-2,0,0,1,0
"H",6,2,6,-8,0,0,1,0
"H",6,2,6,0,0,0,1,1
"H",6,2,6,2,0,0,2,2
"H",6,2,7,-2,0,0,1,0
"H",6,2,7,2,0,0,1,1
"H",6,2,8,-4,0,0,1,0
"H",7,0,1,-1,0,0,7,2
"H",7,0,1,-10,0,0,1,0
"H",7,0,1,-2,0,0,10,0
"H",7,0,1,-3,0,0,3,1
"H",7,0,1,-4,0,0,4,0
"H",7,0,1,-5,0,0,2,0
"H",7,0,1,-6,0,0,3,0
"H",7,0,1,-7,0,0,3,0
"H",7,0,1,-9,0,0,2,0
"H",7,0,1,0,0,0,8,5
"H",7,0,1,1,0,0,7,6
"H",7,0,1,2,0,0,7,6
"H",7,0,1,3,0,0,6,6
"H",7,0,1,4,0,0,1,1
"H",7,0,1,5,0,0,3,3
"H",7,0,2,-2,0,0,1,0
"H",7,0,2,-3,0,0,2,1
"H",7,0,2,-4,0,0,2,0
"H",7,0,2,-5,0,0,3,0
"H",7,0,2,-6,0,0,1,0
"H",7,0,2,-7,0,0,1,0
"H",7,0,2,0,0,0,1,1
"H",7,0,2,1,0,0,1,1
"H",7,0,2,2,0,0,2,2
"H",7,0,3,-1,0,0,1,0
"H",7,0,3,-2,0,0,2,0
"H",7,0,3,-6,0,0,2,0
"H",7,0,3,1,0,0,1,1
"H",7,0,3,4,0,0,1,1
"H",7,0,4,-3,0,0,1,1
"H",7,0,4,-4,0,0,1,0
"H",7,0,4,-5,0,0,2,0
"H",7,0,4,-6,0,0,1,0
"H",7,0,5,-6,0,0,1,0
"H",7,0,5,-7,0,0,1,0
"H",7,0,6,-6,0,0,1,0
"H",7,0,6,1,0,0,1,1
"H",7,0,7,-4,0,0,1,0
"H",7,0,7,1,0,0,1,1
"H",7,0,7,2,0,0,1,1
"H",7,1,1,-1,0,0,6,2
"H",7,1,1,-10,0,0,1,0
"H",7,1,1,-2,0,0,8,0
"H",7,1,1,-3,0,0,1,0
"H",7,1,1,-4,0,0,2,0
"H",7,1,1,-5,0,0,1,0
"H",7,1,1,-7,0,0,1,0
"H",7,1,1,-9,0,0,2,0
"H",7,1,1,0,0,0,7,4
"H",7,1,1,1,0,0,5,4
"H",7,1,1,12,0,0,1,1
"H",7,1,1,2,0,0,5,4
"H",7,1,1,3,0,0,7,7
"H",7,1,1,4,0,0,1,1
"H",7,1,1,5,0,0,3,3
"H",7,1,2,-1,0,0,3,2
"H",7,1,2,-2,0,0,2,0
"H",7,1,2,-3,0,0,1,0
"H",7,1,2,-4,0,0,1,0
"H",7,1,2,-5,0,0,1,0
"H",7,1,2,-9,0,0,1,0
"H",7,1,2,0,0,0,1,1
"H",7,1,2,12,0,0,1,1
"H",7,1,2,3,0,0,1,1
"H",7,1,2,4,0,0,1,1
"H",7,1,2,5,0,0,3,3
"H",7,1,3,-1,0,0,1,0
"H",7,1,3,-2,0,0,2,0
"H",7,1,3,-3,0,0,1,0
"H",7,1,3,0,0,0,1,1
"H",7,1,3,2,0,0,2,2
"H",7,1,4,-1,0,0,1,1
"H",7,1,4,-4,0,0,1,0
"H",7,1,4,-5,0,0,1,0
"H",7,1,4,6,0,0,1,1
"H",7,1,4,9,0,0,1,1
"H",7,1,5,3,0,0,1,1
"H",7,1,5,4,0,0,1,1
"H",7,1,6,-1,0,0,1,0
"H",7,1,6,-3,0,0,1,1
"H",7,1,6,-5,0,0,1,0
"H",7,1,6,0,0,0,1,1
"H",7,1,6,5,0,0,1,1
"H",7,1,6,7,0,0,1,1
"H",7,1,6,8,0,0,1,1
"H",7,1,7,-4,0,0,1,0
"H",7,1,7,-5,0,0,1,0
"H",7,1,7,-6,0,0,1,0
"H",7,1,7,-9,0,0,1,0
"H",7,1,7,1,0,0,1,1
"H",7,1,7,10,0,0,1,1
"H",7,2,1,-1,0,0,3,0
"H",7,2,1,-10,0,0,1,0
"H",7,2,1,-2,0,0,6,0
"H",7,2,1,-3,0,0,1,0
"H",7,2,1,-4,0,0,1,0
"H",7,2,1,-5,0,0,2,0
"H",7,2,1,-7,0,0,2,0
"H",7,2,1,-9,0,0,1,0
"H",7,2,1,0,0,0,6,3
"H",7,2,1,1,0,0,5,4
"H",7,2,1,12,0,0,1,1
"H",7,2,1,2,0,0,5,4
"H",7,2,1,3,0,0,6,6
"H",7,2,1,4,0,0,2,2
"H",7,2,1,5,0,0,1,1
"H",7,2,2,-1,0,0,2,1
"H",7,2,2,-2,0,0,3,1
"H",7,2,2,-4,0,0,1,0
"H",7,2,2,-5,0,0,2,0
"H",7,2,2,-7,0,0,2,0
"H",7,2,2,0,0,0,3,1
"H",7,2,2,1,0,0,1,0
"H",7,2,2,2,0,0,2,1
"H",7,2,2,3,0,0,3,3
"H",7,2,2,4,0,0,1,1
"H",7,2,2,5,0,0,2,2
"H",7,2,2,7,0,0,1,1
"H",7,2,3,-1,0,0,1,0
"H",7,2,3,-2,0,0,3,0
"H",7,2,3,-3,0,0,2,0
"H",7,2,3,-7,0,0,1,0
"H",7,2,3,0,0,0,1,1
"H",7,2,3,1,0,0,1,1
"H",7,2,3,3,0,0,1,1
"H",7,2,3,5,0,0,1,1
"H",7,2,3,6,0,0,1,1
"H",7,2,4,-1,0,0,2,1
"H",7,2,4,-2,0,0,2,1
"H",7,2,4,-3,0,0,1,0
"H",7,2,4,-4,0,0,1,0
"H",7,2,4,-5,0,0,1,0
"H",7,2,4,1,0,0,1,1
"H",7,2,5,-1,0,0,1,0
"H",7,2,5,-2,0,0,1,0
"H",7,2,5,-3,0,0,1,0
"H",7,2,5,-8,0,0,1,0
"H",7,2,5,2,0,0,2,2
"H",7,2,6,-3,0,0,1,0
"H",7,2,6,2,0,0,1,1
"H",7,2,7,-5,0,0,1,0
"H",7,2,7,0,0,0,1,1
"H",7,2,8,-3,0,0,1,0
"H",7,2,8,-5,0,0,1,0
"H",8,0,1,-1,0,0,5,1
"H",8,0,1,-11,0,0,1,0
"H",8,0,1,-2,0,0,11,1
"H",8,0,1,-3,0,0,4,0
"H",8,0,1,-4,0,0,1,0
"H",8,0,1,-5,0,0,4,0
"H",8,0,1,-6,0,0,4,0
"H",8,0,1,-7,0,0,2,0
"H",8,0,1,-8,0,0,1,0
"H",8,0,1,-9,0,0,1,0
"H",8,0,1,0,0,0,9,5
"H",8,0,1,1,0,0,7,6
"H",8,0,1,12,0,0,1,1
"H",8,0,1,2,0,0,5,5
"H",8,0,1,3,0,0,6,6
"H",8,0,1,4,0,0,2,2
"H",8,0,1,5,0,0,2,2
"H",8,0,1,7,0,0,1,1
"H",8,0,2,-1,0,0,2,0
"H",8,0,2,-2,0,0,1,1
"H",8,0,2,-3,0,0,1,0
"H",8,0,2,-4,0,0,1,0
"H",8,0,2,-5,0,0,1,0
"H",8,0,2,-7,0,0,1,0
"H",8,0,2,-9,0,0,1,0
"H",8,0,2,1,0,0,1,1
"H",8,0,2,3,0,0,1,1
"H",8,0,2,4,0,0,1,1
"H",8,0,2,5,0,0,2,2
"H",8,0,3,-2,0,0,1,0
"H",8,0,3,-6,0,0,2,0
"H",8,0,3,1,0,0,1,0
"H",8,0,3,12,0,0,1,1
"H",8,0,3,3,0,0,1,1
"H",8,0,3,7,0,0,1,1
"H",8,0,4,1,0,0,1,1
"H",8,0,4,5,0,0,1,1
"H",8,0,6,-1,0,0,1,0
"H",8,0,6,-7,0,0,1,0
"H",8,1,1,-1,0,0,3,1
"H",8,1,1,-11,0,0,1,0
"H",8,1,1,-2,0,0,9,0
"H",8,1,1,-3,0,0,3,0
"H",8,1,1,-5,0,0,3,0
"H",8,1,1,-6,0,0,2,0
"H",8,1,1,-7,0,0,1,0
"H",8,1,1,-8,0,0,1,0
"H",8,1,1,0,0,0,9,5
"H",8,1,1,1,0,0,6,5
"H",8,1,1,2,0,0,6,6
"H",8,1,1,3,0,0,4,4
"H",8,1,1,4,0,0,2,2
"H",8,1,2,-1,0,0,2,0
"H",8,1,2,-2,0,0,1,0
"H",8,1,2,-3,0,0,1,0
"H",8,1,2,-5,0,0,1,0
"H",8,1,2,-6,0,0,1,0
"H",8,1,2,-9,0,0,1,0
"H",8,1,2,0,0,0,2,2
"H",8,1,2,1,0,0,4,4
"H",8,1,2,4,0,0,1,1
"H",8,1,3,-2,0,0,2,1
"H",8,1,3,-4,0,0,1,0
"H",8,1,3,12,0,0,1,1
"H",8,1,3,2,0,0,2,2
"H",8,1,3,3,0,0,1,1
"H",8,1,3,4,0,0,1,1
"H",8,1,3,5,0,0,1,1
"H",8,1,3,6,0,0,1,1
"H",8,1,4,0,0,0,1,1
"H",8,1,4,1,0,0,1,1
"H",8,1,4,3,0,0,1,1
"H",8,1,5,-6,0,0,2,0
"H",8,1,5,1,0,0,1,0
"H",8,1,5,2,0,0,1,1
"H",8,1,5,7,0,0,1,1
"H",8,1,6,1,0,0,1,1
"H",8,1,7,-9,0,0,1,0
"H",8,1,7,1,0,0,1,1
"H",8,1,7,5,0,0,1,1
"H",8,1,8,0,0,0,1,1
"H",8,1,8,1,0,0,1,1
"H",8,2,1,-1,0,0,2,1
"H",8,2,1,-11,0,0,1,0
"H",8,2,1,-2,0,0,9,0
"H",8,2,1,-3,0,0,3,0
"H",8,2,1,-5,0,0,3,0
"H",8,2,1,-6,0,0,2,0
"H",8,2,1,-7,0,0,2,0
"H",8,2,1,-8,0,0,1,0
"H",8,2,1,0,0,0,7,3
"H",8,2,1,1,0,0,2,1
"H",8,2,1,2,0,0,3,3
"H",8,2,1,3,0,0,4,4
"H",8,2,1,4,0,0,2,2
"H",8,2,1,6,0,0,1,1
"H",8,2,2,-1,0,0,2,1
"H",8,2,2,-11,0,0,1,0
"H",8,2,2,-2,0,0,5,0
"H",8,2,2,-3,0,0,1,0
"H",8,2,2,-5,0,0,2,0
"H",8,2,2,-6,0,0,2,0
"H",8,2,2,-7,0,0,1,0
"H",8,2,2,0,0,0,2,0
"H",8,2,2,1,0,0,2,2
"H",8,2,2,2,0,0,1,1
"H",8,2,2,3,0,0,4,4
"H",8,2,2,4,0,0,1,1
"H",8,2,2,6,0,0,1,1
"H",8,2,3,-1,0,0,1,0
"H",8,2,3,-2,0,0,2,1
"H",8,2,3,-3,0,0,1,0
"H",8,2,3,-4,0,0,1,0
"H",8,2,3,-6,0,0,1,0
"H",8,2,3,2,0,0,2,2
"H",8,2,3,3,0,0,2,2
"H",8,2,3,4,0,0,3,3
"H",8,2,3,6,0,0,1,1
"H",8,2,4,-11,0,0,1,0
"H",8,2,4,-3,0,0,1,0
"H",8,2,4,-5,0,0,1,0
"H",8,2,4,0,0,0,2,0
"H",8,2,5,-6,0,0,2,0
"H",8,2,5,-9,0,0,1,0
"H",8,2,5,1,0,0,1,0
"H",8,2,5,12,0,0,1,1
"H",8,2,5,2,0,0,4,4
"H",8,2,5,3,0,0,1,1
"H",8,2,5,5,0,0,1,1
"H",8,2,5,6,0,0,1,1
"H",8,2,5,7,0,0,1,1
"H",8,2,6,-1,0,0,1,0
"H",8,2,6,2,0,0,1,1
"H",8,2,7,-9,0,0,1,0
"H",8,2,7,1,0,0,2,2
"H",8,2,7,5,0,0,1,1
"H",8,2,8,5,0,0,1,1
"H",9,0,1,-1,0,0,6,1
"H",9,0,1,-2,0,0,10,1
"H",9,0,1,-3,0,0,5,0
"H",9,0,1,-4,0,0,2,0
"H",9,0,1,-5,0,0,6,0
"H",9,0,1,-6,0,0,3,0
"H",9,0,1,-7,0,0,2,0
"H",9,0,1,-8,0,0,1,0
"H",9,0,1,-9,0,0,2,0
"H",9,0,1,0,0,0,5,3
"H",9,0,2,-1,0,0,1,0
"H",9,0,2,-3,0,0,3,0
"H",9,0,2,-5,0,0,3,0
"H",9,0,2,-6,0,0,1,0
"H",9,0,2,-7,0,0,1,0
"H",9,0,2,0,0,0,2,1
"H",9,0,3,-1,0,0,1,1
"H",9,0,3,-5,0,0,1,0
"H",9,0,3,-6,0,0,1,0
"H",9,0,4,-3,0,0,1,0
"H",9,0,4,-4,0,0,1,0
"H",9,0,4,-5,0,0,1,0
"H",9,0,6,-5,0,0,1,0
"H",9,0,7,0,0,0,1,0
"H",9,1,1,-1,0,0,4,0
"H",9,1,1,-2,0,0,10,1
"H",9,1,1,-3,0,0,2,0
"H",9,1,1,-4,0,0,2,0
"H",9,1,1,-5,0,0,3,0
"H",9,1,1,-6,0,0,1,0
"H",9,1,1,-7,0,0,1,0
"H",9,1,1,-8,0,0,1,0
"H",9,1,1,-9,0,0,2,0
"H",9,1,1,0,0,0,3,2
"H",9,1,2,-2,0,0,3,0
"H",9,1,2,-4,0,0,3,0
"H",9,1,2,-5,0,0,1,0
"H",9,1,2,-6,0,0,1,0
"H",9,1,2,-7,0,0,2,0
"H",9,1,3,-1,0,0,2,0
"H",9,1,3,-2,0,0,1,1
"H",9,1,3,-3,0,0,1,0
"H",9,1,3,-6,0,0,1,0
"H",9,1,3,-8,0,0,1,0
"H",9,1,3,0,0,0,2,2
"H",9,1,4,-1,0,0,1,0
"H",9,1,4,-2,0,0,1,0
"H",9,1,4,-3,0,0,1,0
"H",9,1,4,-4,0,0,4,0
"H",9,1,4,-5,0,0,1,0
"H",9,1,4,0,0,0,1,1
"H",9,1,5,-1,0,0,1,1
"H",9,1,5,-3,0,0,1,0
"H",9,1,5,-5,0,0,1,0
"H",9,1,5,0,0,0,1,1
"H",9,1,6,0,0,0,1,0
"H",9,1,7,-1,0,0,1,0
"H",9,1,7,-3,0,0,1,0
"H",9,2,1,-1,0,0,4,0
"H",9,2,1,-2,0,0,6,0
"H",9,2,1,-3,0,0,3,0
"H",9,2,1,-5,0,0,2,0
"H",9,2,1,-6,0,0,1,0
"H",9,2,1,-9,0,0,2,0
"H",9,2,1,0,0,0,2,1
"H",9,2,2,-1,0,0,3,0
"H",9,2,2,-2,0,0,2,0
"H",9,2,2,-5,0,0,2,0
"H",9,2,2,-6,0,0,2,0
"H",9,2,2,-7,0,0,2,0
"H",9,2,2,-9,0,0,2,0
"H",9,2,2,0,0,0,1,1
"H",9,2,3,-1,0,0,2,1
"H",9,2,3,-2,0,0,1,0
"H",9,2,3,-3,0,0,1,0
"H",9,2,3,-5,0,0,1,0
"H",9,2,3,-6,0,0,1,0
"H",9,2,3,-7,0,0,1,0
"H",9,2,3,-8,0,0,1,0
"H",9,2,3,0,0,0,1,1
"H",9,2,4,-4,0,0,2,0
"H",9,2,4,-5,0,0,1,0
"H",9,2,5,-2,0,0,1,1
"H",9,2,5,-3,0,0,1,0
"H",9,2,5,-5,0,0,1,0
"H",9,2,5,0,0,0,1,1
"H",9,2,6,-1,0,0,1,0
"H",9,2,6,-4,0,0,1,0
"H",9,2,7,-1,0,0,2,0
"H",9,2,7,-3,0,0,1,0
"H",9,2,7,0,0,0,2,1
"H",10,0,1,-1,0,0,2,2
"H",10,0,1,-2,0,0,1,1
"H",10,0,1,-3,0,0,1,0
"H",10,0,1,0,0,0,3,2
"H",10,0,2,0,0,0,1,0
"H",10,0,3,-1,0,0,1,1
"H",10,0,3,0,0,0,1,1
"H",10,0,6,0,0,0,1,1
"H",10,1,1,-1,0,0,1,1
"H",10,1,1,-3,0,0,1,0
"H",10,1,1,0,0,0,1,1
"H",10,1,2,-1,0,0,1,1
"H",10,1,3,-1,0,0,1,1
"H",10,1,3,0,0,0,2,1
"H",10,1,4,-1,0,0,1,1
"H",10,1,6,-1,0,0,1,1
"H",10,1,6,0,0,0,1,1
"H",10,1,7,0,0,0,1,1
"H",10,1,8,0,0,0,1,1
"H",10,2,1,-3,0,0,1,0
"H",10,2,1,0,0,0,1,0
"H",10,2,2,0,0,0,2,1
"H",10,2,5,0,0,0,1,1
"H",11,0,1,-2,0,0,1,0
"H",11,0,1,0,0,0,1,1
"H",11,0,3,-2,0,0,1,0
"H",11,1,1,0,0,0,1,1
"H",11,1,3,-2,0,0,1,0
"H",11,2,1,0,0,0,1,1
"H",11,2,2,-1,0,0,1,0
"H",11,2,5,-2,0,0,1,0
"H",12,0,1,0,0,0,1,1
"H",12,0,3,0,0,0,1,1
"H",12,0,4,0,0,0,1,1
"V",1,0,1,0,0,0,67,37
"V",1,0,1,0,1,0,1,1
"V",1,0,1,0,2,0,1,1
"V",1,0,1,0,3,0,1,1
"V",1,0,1,0,3,1,1,1
"V",1,0,1,0,3,2,1,1
"V",1,0,1,1,0,0,1,0
"V",1,0,2,0,0,0,26,17
"V",1,0,2,1,0,0,1,0
"V",1,0,3,0,0,0,4,1
"V",1,0,3,2,0,0,1,1
"V",1,0,3,3,0,0,1,0
"V",1,0,4,0,0,0,3,2
"V",1,0,5,1,0,0,1,0
"V",1,0,6,0,0,0,2,1
"V",1,0,7,0,0,0,1,1
"V",1,0,7,1,0,0,1,0
"V",1,1,1,0,0,0,37,19
"V",1,1,1,2,0,0,1,0
"V",1,1,1,3,0,0,1,1
"V",1,1,2,0,0,0,23,17
"V",1,1,2,1,0,0,3,1
"V",1,1,2,2,0,0,1,1
"V",1,1,2,3,0,0,1,1
"V",1,1,2,5,0,0,1,1
"V",1,1,3,0,0,0,11,7
"V",1,1,3,1,0,0,2,1
"V",1,1,3,3,0,0,1,1
"V",1,1,4,0,0,0,5,1
"V",1,1,4,1,0,0,2,2
"V",1,1,4,2,0,0,1,1
"V",1,1,5,0,0,0,5,2
"V",1,1,5,1,0,0,1,1
"V",1,1,5,2,0,0,2,2
"V",1,1,5,3,0,0,1,0
"V",1,1,5,4,0,0,1,1
"V",1,1,6,0,0,0,4,4
"V",1,1,6,1,0,0,3,2
"V",1,1,7,0,0,0,1,1
"V",1,1,7,1,0,0,1,1
"V",1,1,8,0,0,0,1,0
"V",1,1,8,2,0,0,1,1
"V",1,2,1,0,0,0,30,14
"V",1,2,1,1,0,0,1,1
"V",1,2,1,2,0,0,2,1
"V",1,2,2,0,0,0,18,12
"V",1,2,2,1,0,0,10,7
"V",1,2,2,4,0,0,2,2
"V",1,2,3,0,0,0,12,8
"V",1,2,3,1,0,0,4,3
"V",1,2,3,3,0,0,2,2
"V",1,2,3,5,0,0,1,1
"V",1,2,4,0,0,0,4,3
"V",1,2,4,1,0,0,4,1
"V",1,2,5,0,0,0,5,4
"V",1,2,5,2,0,0,1,1
"V",1,2,5,3,0,0,1,0
"V",1,2,6,0,0,0,3,2
"V",1,2,6,1,0,0,2,1
"V",1,2,6,2,0,0,1,1
"V",1,2,6,4,0,0,2,2
"V",1,2,6,5,0,0,1,1
"V",1,2,7,0,0,0,3,3
"V",1,2,7,1,0,0,4,2
"V",1,2,7,2,0,0,1,1
"V",1,2,8,0,0,0,1,1
"V",1,2,8,1,0,0,1,1
"V",2,0,1,-1,0,0,4,1
"V",2,0,1,-2,0,0,5,3
"V",2,0,1,-5,0,0,1,0
"V",2,0,1,0,0,0,39,21
"V",2,0,1,1,0,0,11,7
"V",2,0,1,2,0,0,4,2
"V",2,0,1,3,0,0,1,1
"V",2,0,1,4,0,0,1,1
"V",2,0,1,5,0,0,1,1
"V",2,0,1,6,0,0,1,1
"V",2,0,2,-1,0,0,1,0
"V",2,0,2,-2,0,0,1,0
"V",2,0,2,-5,0,0,1,0
"V",2,0,2,0,0,0,13,6
"V",2,0,2,1,0,0,2,1
"V",2,0,2,6,0,0,1,1
"V",2,0,3,0,0,0,2,2
"V",2,0,3,6,0,0,1,1
"V",2,0,4,-5,0,0,1,0
"V",2,0,4,6,0,0,1,1
"V",2,0,5,0,0,0,2,1
"V",2,0,6,0,0,0,1,1
"V",2,1,1,-1,0,0,3,1
"V",2,1,1,-2,0,0,4,3
"V",2,1,1,0,0,0,23,13
"V",2,1,1,1,0,0,9,6
"V",2,1,1,2,0,0,4,2
"V",2,1,1,3,0,0,1,1
"V",2,1,1,4,0,0,1,1
"V",2,1,1,5,0,0,1,1
"V",2,1,2,-1,0,0,2,0
"V",2,1,2,-2,0,0,1,1
"V",2,1,2,0,0,0,8,6
"V",2,1,2,1,0,0,5,2
"V",2,1,2,2,0,0,3,2
"V",2,1,2,5,0,0,1,1
"V",2,1,2,6,0,0,1,1
"V",2,1,3,-1,0,0,1,0
"V",2,1,3,0,0,0,9,3
"V",2,1,3,1,0,0,2,2
"V",2,1,4,-5,0,0,1,0
"V",2,1,4,0,0,0,3,2
"V",2,1,4,1,0,0,1,1
"V",2,1,4,5,0,0,1,1
"V",2,1,4,6,0,0,1,1
"V",2,1,5,0,0,0,3,1
"V",2,1,5,7,0,0,1,1
"V",2,1,6,0,0,0,1,1
"V",2,1,7,0,0,0,1,1
"V",2,1,7,1,0,0,2,2
"V",2,1,8,0,0,0,1,1
"V",2,1,8,1,0,0,2,2
"V",2,2,1,-1,0,0,1,1
"V",2,2,1,-2,0,0,4,2
"V",2,2,1,0,0,0,19,10
"V",2,2,1,1,0,0,9,6
"V",2,2,1,2,0,0,2,1
"V",2,2,1,3,0,0,1,1
"V",2,2,1,4,0,0,1,1
"V",2,2,2,-1,0,0,4,2
"V",2,2,2,-2,0,0,2,2
"V",2,2,2,0,0,0,8,4
"V",2,2,2,1,0,0,5,2
"V",2,2,2,2,0,0,2,1
"V",2,2,2,3,0,0,1,1
"V",2,2,2,5,0,0,1,1
"V",2,2,3,-3,0,0,1,0
"V",2,2,3,0,0,0,8,3
"V",2,2,3,1,0,0,3,1
"V",2,2,3,2,0,0,1,1
"V",2,2,3,6,0,0,1,1
"V",2,2,4,-1,0,0,1,1
"V",2,2,4,-5,0,0,1,0
"V",2,2,4,0,0,0,4,1
"V",2,2,4,1,0,0,1,1
"V",2,2,5,-1,0,0,1,0
"V",2,2,5,-2,0,0,1,1
"V",2,2,5,0,0,0,1,1
"V",2,2,5,7,0,0,1,1
"V",2,2,6,-2,0,0,1,1
"V",2,2,6,0,0,0,1,0
"V",2,2,6,2,0,0,1,1
"V",2,2,6,3,0,0,1,1
"V",2,2,6,5,0,0,1,1
"V",2,2,7,0,0,0,2,1
"V",2,2,7,1,0,0,1,1
"V",2,2,7,2,0,0,1,1
"V",2,2,7,3,0,0,1,1
"V",2,2,8,0,0,0,1,1
"V",2,2,8,1,0,0,1,1
"V",2,2,8,2,0,0,1,1
"V",3,0,1,-1,0,0,7,2
"V",3,0,1,-2,0,0,4,1
"V",3,0,1,-3,0,0,1,0
"V",3,0,1,-6,0,0,1,0
"V",3,0,1,0,0,0,32,18
"V",3,0,1,1,0,0,12,8
"V",3,0,1,2,0,0,6,4
"V",3,0,1,3,0,0,1,1
"V",3,0,1,4,0,0,1,1
"V",3,0,1,5,0,0,1,1
"V",3,0,1,6,0,0,2,2
"V",3,0,2,-3,0,0,1,0
"V",3,0,2,0,0,0,9,4
"V",3,0,2,1,0,0,6,4
"V",3,0,2,2,0,0,2,1
"V",3,0,2,6,0,0,1,1
"V",3,0,3,-1,0,0,2,2
"V",3,0,3,-2,0,0,1,1
"V",3,0,3,0,0,0,1,1
"V",3,0,4,0,0,0,3,2
"V",3,0,4,1,0,0,3,2
"V",3,0,4,6,0,0,1,1
"V",3,0,6,-1,0,0,1,1
"V",3,0,6,2,0,0,1,1
"V",3,0,7,1,0,0,1,1
"V",3,0,7,2,0,0,1,1
"V",3,0,8,0,0,0,1,1
"V",3,0,8,2,0,0,1,1
"V",3,1,1,-1,0,0,5,0
"V",3,1,1,-2,0,0,3,0
"V",3,1,1,-6,0,0,1,0
"V",3,1,1,0,0,0,23,14
"V",3,1,1,1,0,0,6,4
"V",3,1,1,2,0,0,4,3
"V",3,1,1,3,0,0,1,1
"V",3,1,1,4,0,0,2,2
"V",3,1,1,5,0,0,1,1
"V",3,1,1,6,0,0,1,1
"V",3,1,2,-3,0,0,1,0
"V",3,1,2,0,0,0,11,5
"V",3,1,2,1,0,0,1,0
"V",3,1,2,3,0,0,1,1
"V",3,1,2,5,0,0,1,1
"V",3,1,3,-1,0,0,1,1
"V",3,1,3,-2,0,0,1,0
"V",3,1,3,0,0,0,4,2
"V",3,1,3,1,0,0,1,1
"V",3,1,3,2,0,0,1,0
"V",3,1,3,3,0,0,1,1
"V",3,1,3,4,0,0,1,1
"V",3,1,4,-1,0,0,1,1
"V",3,1,4,-2,0,0,1,0
"V",3,1,4,0,0,0,3,1
"V",3,1,4,1,0,0,2,1
"V",3,1,4,3,0,0,1,1
"V",3,1,4,6,0,0,1,1
"V",3,1,5,1,0,0,1,1
"V",3,1,5,2,0,0,1,1
"V",3,1,5,4,0,0,1,1
"V",3,1,6,1,0,0,1,1
"V",3,1,6,2,0,0,1,1
"V",3,1,7,0,0,0,2,1
"V",3,1,7,1,0,0,3,2
"V",3,1,7,2,0,0,1,1
"V",3,1,8,0,0,0,1,1
"V",3,1,8,1,0,0,1,1
"V",3,1,8,2,0,0,1,1
"V",3,2,1,-1,0,0,5,0
"V",3,2,1,-2,0,0,2,0
"V",3,2,1,-6,0,0,1,0
"V",3,2,1,0,0,0,16,10
"V",3,2,1,1,0,0,7,4
"V",3,2,1,2,0,0,3,2
"V",3,2,1,3,0,0,1,0
"V",3,2,1,5,0,0,1,1
"V",3,2,1,6,0,0,1,1
"V",3,2,2,-1,0,0,1,0
"V",3,2,2,-3,0,0,1,0
"V",3,2,2,0,0,0,10,5
"V",3,2,2,1,0,0,2,1
"V",3,2,2,2,0,0,3,3
"V",3,2,2,3,0,0,3,2
"V",3,2,2,4,0,0,1,1
"V",3,2,2,5,0,0,1,1
"V",3,2,3,0,0,0,4,3
"V",3,2,3,1,0,0,3,1
"V",3,2,3,3,0,0,1,0
"V",3,2,4,0,0,0,4,2
"V",3,2,4,1,0,0,4,2
"V",3,2,4,3,0,0,1,1
"V",3,2,5,0,0,0,4,2
"V",3,2,5,2,0,0,1,0
"V",3,2,5,3,0,0,1,1
"V",3,2,5,4,0,0,1,1
"V",3,2,6,-1,0,0,1,1
"V",3,2,6,0,0,0,1,1
"V",3,2,6,2,0,0,4,3
"V",3,2,6,3,0,0,2,2
"V",3,2,7,-2,0,0,1,0
"V",3,2,7,0,0,0,1,1
"V",3,2,7,1,0,0,2,1
"V",3,2,7,2,0,0,2,1
"V",3,2,7,6,0,0,1,1
"V",3,2,8,2,0,0,1,1
"V",4,0,1,-1,0,0,7,2
"V",4,0,1,-2,0,0,5,1
"V",4,0,1,-3,0,0,2,0
"V",4,0,1,-6,0,0,1,0
"V",4,0,1,0,0,0,22,11
"V",4,0,1,1,0,0,11,7
"V",4,0,1,2,0,0,7,5
"V",4,0,1,3,0,0,6,5
"V",4,0,1,4,0,0,1,1
"V",4,0,1,5,0,0,3,3
"V",4,0,1,6,0,0,2,2
"V",4,0,2,-2,0,0,1,0
"V",4,0,2,-3,0,0,1,0
"V",4,0,2,-6,0,0,1,0
"V",4,0,2,0,0,0,4,3
"V",4,0,2,1,0,0,3,3
"V",4,0,2,4,0,0,1,1
"V",4,0,3,1,0,0,1,0
"V",4,0,3,3,0,0,1,1
"V",4,0,4,-2,0,0,1,0
"V",4,0,5,-1,0,0,1,1
"V",4,0,5,2,0,0,1,1
"V",4,1,1,-1,0,0,6,1
"V",4,1,1,-2,0,0,4,1
"V",4,1,1,-3,0,0,1,0
"V",4,1,1,0,0,0,19,9
"V",4,1,1,1,0,0,7,4
"V",4,1,1,2,0,0,6,4
"V",4,1,1,3,0,0,6,5
"V",4,1,1,5,0,0,3,3
"V",4,1,1,6,0,0,2,2
"V",4,1,2,-1,0,0,2,0
"V",4,1,2,-3,0,0,2,0
"V",4,1,2,-6,0,0,1,0
"V",4,1,2,0,0,0,6,4
"V",4,1,2,1,0,0,3,3
"V",4,1,2,2,0,0,1,1
"V",4,1,2,3,0,0,3,3
"V",4,1,2,4,0,0,1,1
"V",4,1,2,5,0,0,3,3
"V",4,1,3,0,0,0,1,1
"V",4,1,3,1,0,0,1,1
"V",4,1,3,3,0,0,1,1
"V",4,1,4,0,0,0,1,1
"V",4,1,4,2,0,0,1,1
"V",4,1,4,3,0,0,2,2
"V",4,1,4,5,0,0,1,1
"V",4,1,4,6,0,0,1,1
"V",4,1,5,0,0,0,1,0
"V",4,1,5,1,0,0,1,0
"V",4,1,6,-3,0,0,1,0
"V",4,1,7,-2,0,0,1,0
"V",4,1,7,0,0,0,1,0
"V",4,1,7,1,0,0,1,1
"V",4,1,7,4,0,0,2,2
"V",4,2,1,-1,0,0,5,1
"V",4,2,1,-2,0,0,4,1
"V",4,2,1,-3,0,0,1,0
"V",4,2,1,0,0,0,16,8
"V",4,2,1,1,0,0,8,5
"V",4,2,1,2,0,0,5,3
"V",4,2,1,3,0,0,4,3
"V",4,2,1,6,0,0,2,2
"V",4,2,2,-1,0,0,2,1
"V",4,2,2,-2,0,0,1,0
"V",4,2,2,-6,0,0,1,0
"V",4,2,2,0,0,0,8,5
"V",4,2,2,1,0,0,3,1
"V",4,2,2,2,0,0,2,2
"V",4,2,2,3,0,0,1,1
"V",4,2,2,4,0,0,1,1
"V",4,2,2,5,0,0,2,2
"V",4,2,3,-1,0,0,2,1
"V",4,2,3,0,0,0,1,0
"V",4,2,3,2,0,0,1,0
"V",4,2,3,3,0,0,1,1
"V",4,2,4,-1,0,0,1,0
"V",4,2,4,0,0,0,2,1
"V",4,2,4,3,0,0,1,1
"V",4,2,4,6,0,0,1,1
"V",4,2,5,0,0,0,2,0
"V",4,2,5,1,0,0,2,1
"V",4,2,5,2,0,0,1,1
"V",4,2,5,3,0,0,1,1
"V",4,2,6,0,0,0,1,0
"V",4,2,6,4,0,0,1,1
"V",4,2,7,0,0,0,2,1
"V",4,2,7,2,0,0,1,1
"V",4,2,7,4,0,0,2,2
"V",4,2,8,2,0,0,1,1
"V",4,2,8,3,0,0,1,1
"V",5,0,1,-1,0,0,9,2
"V",5,0,1,-2,0,0,8,3
"V",5,0,1,-3,0,0,2,0
"V",5,0,1,-4,0,0,3,0
"V",5,0,1,-5,0,0,1,0
"V",5,0,1,-6,0,0,1,0
"V",5,0,1,0,0,0,16,8
"V",5,0,1,1,0,0,7,5
"V",5,0,1,2,0,0,6,6
"V",5,0,1,3,0,0,7,6
"V",5,0,1,4,0,0,2,2
"V",5,0,1,5,0,0,2,2
"V",5,0,1,6,0,0,3,3
"V",5,0,2,-1,0,0,4,2
"V",5,0,2,-2,0,0,3,1
"V",5,0,2,-4,0,0,2,0
"V",5,0,2,-6,0,0,1,0
"V",5,0,2,0,0,0,3,2
"V",5,0,2,1,0,0,1,0
"V",5,0,2,2,0,0,2,2
"V",5,0,2,3,0,0,1,1
"V",5,0,2,6,0,0,1,1
"V",5,0,3,-2,0,0,1,0
"V",5,0,3,1,0,0,1,1
"V",5,0,4,-1,0,0,3,2
"V",5,0,4,-2,0,0,1,1
"V",5,0,4,-4,0,0,1,0
"V",5,0,4,2,0,0,1,1
"V",5,0,4,6,0,0,1,1
"V",5,0,5,0,0,0,1,1
"V",5,0,5,1,0,0,1,1
"V",5,0,5,3,0,0,1,1
"V",5,0,6,-4,0,0,1,0
"V",5,0,7,-6,0,0,1,0
"V",5,1,1,-1,0,0,5,0
"V",5,1,1,-2,0,0,4,2
"V",5,1,1,-3,0,0,2,0
"V",5,1,1,-4,0,0,1,0
"V",5,1,1,-5,0,0,1,0
"V",5,1,1,0,0,0,12,5
"V",5,1,1,1,0,0,5,3
"V",5,1,1,2,0,0,5,5
"V",5,1,1,3,0,0,5,4
"V",5,1,1,4,0,0,3,3
"V",5,1,1,5,0,0,2,2
"V",5,1,1,6,0,0,2,2
"V",5,1,2,-1,0,0,3,0
"V",5,1,2,-2,0,0,2,0
"V",5,1,2,0,0,0,6,3
"V",5,1,2,1,0,0,5,4
"V",5,1,2,2,0,0,3,3
"V",5,1,2,3,0,0,2,1
"V",5,1,2,4,0,0,1,1
"V",5,1,2,5,0,0,1,1
"V",5,1,3,-1,0,0,2,0
"V",5,1,3,-2,0,0,1,0
"V",5,1,3,0,0,0,4,3
"V",5,1,3,1,0,0,1,1
"V",5,1,3,2,0,0,1,1
"V",5,1,3,3,0,0,2,2
"V",5,1,4,-2,0,0,1,1
"V",5,1,4,0,0,0,1,0
"V",5,1,4,1,0,0,1,0
"V",5,1,4,2,0,0,1,1
"V",5,1,4,3,0,0,1,1
"V",5,1,4,6,0,0,1,1
"V",5,1,5,0,0,0,2,2
"V",5,1,5,1,0,0,1,1
"V",5,1,6,-4,0,0,1,0
"V",5,1,7,-1,0,0,3,2
"V",5,1,7,-4,0,0,1,0
"V",5,1,7,-6,0,0,1,0
"V",5,1,7,2,0,0,2,2
"V",5,1,8,-1,0,0,1,0
"V",5,1,8,2,0,0,1,1
"V",5,1,8,3,0,0,1,1
"V",5,1,8,4,0,0,1,1
"V",5,2,1,-1,0,0,2,0
"V",5,2,1,-2,0,0,4,2
"V",5,2,1,-3,0,0,2,0
"V",5,2,1,-4,0,0,1,0
"V",5,2,1,-5,0,0,1,0
"V",5,2,1,0,0,0,6,1
"V",5,2,1,1,0,0,3,2
"V",5,2,1,2,0,0,4,4
"V",5,2,1,3,0,0,2,2
"V",5,2,1,4,0,0,3,3
"V",5,2,1,5,0,0,1,1
"V",5,2,1,6,0,0,2,2
"V",5,2,2,-1,0,0,3,0
"V",5,2,2,-2,0,0,3,0
"V",5,2,2,-4,0,0,1,0
"V",5,2,2,0,0,0,4,2
"V",5,2,2,1,0,0,2,1
"V",5,2,2,2,0,0,3,3
"V",5,2,2,3,0,0,2,1
"V",5,2,2,4,0,0,1,1
"V",5,2,2,5,0,0,1,1
"V",5,2,2,6,0,0,2,2
"V",5,2,3,-1,0,0,2,0
"V",5,2,3,-2,0,0,1,0
"V",5,2,3,0,0,0,5,1
"V",5,2,3,1,0,0,5,5
"V",5,2,3,2,0,0,1,1
"V",5,2,3,5,0,0,1,1
"V",5,2,3,7,0,0,1,1
"V",5,2,4,-1,0,0,1,1
"V",5,2,4,-4,0,0,1,0
"V",5,2,4,0,0,0,2,1
"V",5,2,4,1,0,0,4,3
"V",5,2,4,3,0,0,1,1
"V",5,2,5,-2,0,0,1,0
"V",5,2,5,-5,0,0,1,0
"V",5,2,5,0,0,0,3,2
"V",5,2,5,3,0,0,1,1
"V",5,2,6,-4,0,0,1,0
"V",5,2,6,2,0,0,1,1
"V",5,2,6,5,0,0,1,1
"V",5,2,6,6,0,0,2,2
"V",5,2,7,-2,0,0,1,1
"V",5,2,7,0,0,0,1,0
"V",5,2,7,2,0,0,4,4
"V",5,2,7,5,0,0,1,1
"V",5,2,7,6,0,0,1,1
"V",5,2,8,2,0,0,1,1
"V",5,2,8,3,0,0,1,1
"V",6,0,1,-1,0,0,7,1
"V",6,0,1,-2,0,0,12,3
"V",6,0,1,-3,0,0,2,0
"V",6,0,1,-4,0,0,1,0
"V",6,0,1,-5,0,0,3,0
"V",6,0,1,-6,0,0,1,0
"V",6,0,1,0,0,0,11,6
"V",6,0,1,1,0,0,7,5
"V",6,0,1,2,0,0,9,9
"V",6,0,1,3,0,0,5,4
"V",6,0,1,4,0,0,2,2
"V",6,0,1,5,0,0,3,3
"V",6,0,1,6,0,0,3,3
"V",6,0,1,7,0,0,1,1
"V",6,0,2,-1,0,0,1,0
"V",6,0,2,-2,0,0,4,1
"V",6,0,2,-5,0,0,2,0
"V",6,0,2,0,0,0,4,2
"V",6,0,2,1,0,0,2,1
"V",6,0,2,2,0,0,3,3
"V",6,0,2,3,0,0,2,2
"V",6,0,2,7,0,0,1,1
"V",6,0,4,-2,0,0,1,1
"V",6,0,4,-5,0,0,1,0
"V",6,0,4,0,0,0,2,2
"V",6,0,4,3,0,0,2,2
"V",6,0,6,2,0,0,1,1
"V",6,0,8,-1,0,0,1,1
"V",6,0,8,-2,0,0,1,1
"V",6,0,8,0,0,0,3,3
"V",6,0,8,1,0,0,1,1
"V",6,1,1,-1,0,0,6,1
"V",6,1,1,-2,0,0,8,2
"V",6,1,1,-3,0,0,2,0
"V",6,1,1,-4,0,0,1,0
"V",6,1,1,-5,0,0,1,0
"V",6,1,1,-6,0,0,1,0
"V",6,1,1,0,0,0,7,4
"V",6,1,1,1,0,0,5,4
"V",6,1,1,2,0,0,6,6
"V",6,1,1,3,0,0,3,2
"V",6,1,1,4,0,0,2,2
"V",6,1,1,5,0,0,3,3
"V",6,1,1,6,0,0,3,3
"V",6,1,1,7,0,0,1,1
"V",6,1,1,8,0,0,1,1
"V",6,1,2,-1,0,0,4,0
"V",6,1,2,-2,0,0,2,0
"V",6,1,2,-5,0,0,1,0
"V",6,1,2,0,0,0,2,1
"V",6,1,2,1,0,0,1,1
"V",6,1,2,2,0,0,3,3
"V",6,1,2,3,0,0,1,1
"V",6,1,2,4,0,0,1,1
"V",6,1,2,5,0,0,3,3
"V",6,1,2,6,0,0,1,1
"V",6,1,2,7,0,0,1,1
"V",6,1,3,-1,0,0,1,0
"V",6,1,3,0,0,0,1,0
"V",6,1,3,1,0,0,2,1
"V",6,1,3,2,0,0,2,2
"V",6,1,3,3,0,0,1,1
"V",6,1,3,4,0,0,1,1
"V",6,1,4,-5,0,0,1,0
"V",6,1,4,2,0,0,1,1
"V",6,1,4,3,0,0,1,1
"V",6,1,4,4,0,0,1,1
"V",6,1,4,5,0,0,1,1
"V",6,1,5,-2,0,0,1,1
"V",6,1,5,4,0,0,2,2
"V",6,1,5,5,0,0,1,1
"V",6,1,5,6,0,0,1,1
"V",6,1,6,1,0,0,1,0
"V",6,1,7,3,0,0,2,2
"V",6,1,8,0,0,0,1,1
"V",6,1,8,5,0,0,1,1
"V",6,2,1,-1,0,0,5,2
"V",6,2,1,-2,0,0,8,1
"V",6,2,1,-3,0,0,2,0
"V",6,2,1,-4,0,0,1,0
"V",6,2,1,-5,0,0,1,0
"V",6,2,1,-6,0,0,1,0
"V",6,2,1,0,0,0,8,3
"V",6,2,1,1,0,0,4,3
"V",6,2,1,2,0,0,6,6
"V",6,2,1,3,0,0,2,1
"V",6,2,1,5,0,0,2,2
"V",6,2,1,6,0,0,2,2
"V",6,2,1,7,0,0,1,1
"V",6,2,1,8,0,0,1,1
"V",6,2,2,-1,0,0,3,0
"V",6,2,2,-2,0,0,2,0
"V",6,2,2,-4,0,0,2,0
"V",6,2,2,0,0,0,2,2
"V",6,2,2,1,0,0,2,1
"V",6,2,2,2,0,0,2,2
"V",6,2,2,4,0,0,2,2
"V",6,2,2,5,0,0,2,2
"V",6,2,2,6,0,0,1,1
"V",6,2,3,-1,0,0,1,0
"V",6,2,3,-2,0,0,2,1
"V",6,2,3,0,0,0,1,0
"V",6,2,3,1,0,0,1,1
"V",6,2,3,2,0,0,2,2
"V",6,2,3,3,0,0,1,1
"V",6,2,3,4,0,0,1,1
"V",6,2,4,-2,0,0,1,1
"V",6,2,4,-4,0,0,1,0
"V",6,2,4,-5,0,0,1,0
"V",6,2,4,0,0,0,1,1
"V",6,2,4,1,0,0,1,0
"V",6,2,4,6,0,0,1,1
"V",6,2,5,-5,0,0,1,0
"V",6,2,5,1,0,0,1,1
"V",6,2,5,2,0,0,1,1
"V",6,2,5,3,0,0,2,2
"V",6,2,5,4,0,0,1,1
"V",6,2,5,6,0,0,1,1
"V",6,2,8,0,0,0,1,1
"V",6,2,8,1,0,0,1,0
"V",7,0,1,-1,0,0,6,2
"V",7,0,1,-2,0,0,9,1
"V",7,0,1,-3,0,0,5,0
"V",7,0,1,-4,0,0,1,0
"V",7,0,1,-5,0,0,3,0
"V",7,0,1,-6,0,0,1,0
"V",7,0,1,0,0,0,9,4
"V",7,0,1,1,0,0,7,5
"V",7,0,1,2,0,0,9,9
"V",7,0,1,3,0,0,4,3
"V",7,0,1,4,0,0,3,3
"V",7,0,1,5,0,0,4,4
"V",7,0,1,6,0,0,3,3
"V",7,0,1,7,0,0,2,2
"V",7,0,1,8,0,0,1,1
"V",7,0,2,-1,0,0,2,0
"V",7,0,2,-2,0,0,2,0
"V",7,0,2,-5,0,0,1,0
"V",7,0,2,-6,0,0,1,0
"V",7,0,2,0,0,0,1,1
"V",7,0,2,1,0,0,3,2
"V",7,0,2,3,0,0,2,2
"V",7,0,2,4,0,0,1,1
"V",7,0,2,5,0,0,2,2
"V",7,0,2,6,0,0,1,1
"V",7,0,2,8,0,0,1,1
"V",7,0,3,-2,0,0,2,0
"V",7,0,3,1,0,0,1,1
"V",7,0,4,1,0,0,1,1
"V",7,0,4,6,0,0,1,1
"V",7,1,1,-1,0,0,4,2
"V",7,1,1,-2,0,0,6,1
"V",7,1,1,-3,0,0,5,0
"V",7,1,1,-4,0,0,1,0
"V",7,1,1,-5,0,0,2,0
"V",7,1,1,0,0,0,8,3
"V",7,1,1,1,0,0,4,3
"V",7,1,1,2,0,0,9,9
"V",7,1,1,3,0,0,2,1
"V",7,1,1,4,0,0,2,2
"V",7,1,1,5,0,0,2,2
"V",7,1,1,6,0,0,2,2
"V",7,1,1,7,0,0,3,3
"V",7,1,2,-1,0,0,1,1
"V",7,1,2,-2,0,0,4,0
"V",7,1,2,-4,0,0,1,0
"V",7,1,2,-5,0,0,1,0
"V",7,1,2,-6,0,0,1,0
"V",7,1,2,0,0,0,1,1
"V",7,1,2,1,0,0,2,1
"V",7,1,2,2,0,0,1,1
"V",7,1,2,3,0,0,2,1
"V",7,1,2,4,0,0,1,1
"V",7,1,2,5,0,0,1,1
"V",7,1,2,6,0,0,1,1
"V",7,1,2,7,0,0,1,1
"V",7,1,2,8,0,0,1,1
"V",7,1,3,-1,0,0,1,0
"V",7,1,3,-2,0,0,2,0
"V",7,1,3,0,0,0,1,1
"V",7,1,3,1,0,0,2,2
"V",7,1,3,3,0,0,3,2
"V",7,1,3,6,0,0,1,1
"V",7,1,3,7,0,0,1,1
"V",7,1,4,-1,0,0,1,1
"V",7,1,4,-6,0,0,1,0
"V",7,1,4,3,0,0,1,1
"V",7,1,4,7,0,0,1,1
"V",7,1,4,8,0,0,1,1
"V",7,1,5,5,0,0,2,2
"V",7,1,6,2,0,0,1,1
"V",7,1,6,3,0,0,1,1
"V",7,1,6,6,0,0,1,1
"V",7,1,7,1,0,0,1,1
"V",7,1,7,3,0,0,1,1
"V",7,1,8,7,0,0,1,1
"V",7,2,1,-1,0,0,4,1
"V",7,2,1,-2,0,0,3,1
"V",7,2,1,-3,0,0,6,0
"V",7,2,1,-5,0,0,2,0
"V",7,2,1,0,0,0,7,2
"V",7,2,1,1,0,0,3,2
"V",7,2,1,2,0,0,8,8
"V",7,2,1,4,0,0,2,2
"V",7,2,1,5,0,0,2,2
"V",7,2,1,6,0,0,1,1
"V",7,2,1,7,0,0,2,2
"V",7,2,2,-1,0,0,1,0
"V",7,2,2,-2,0,0,3,0
"V",7,2,2,-3,0,0,2,0
"V",7,2,2,-4,0,0,1,0
"V",7,2,2,-5,0,0,2,0
"V",7,2,2,0,0,0,2,1
"V",7,2,2,1,0,0,2,1
"V",7,2,2,2,0,0,5,5
"V",7,2,2,4,0,0,2,2
"V",7,2,2,5,0,0,1,1
"V",7,2,2,6,0,0,1,1
"V",7,2,2,7,0,0,1,1
"V",7,2,3,-1,0,0,1,0
"V",7,2,3,-2,0,0,2,0
"V",7,2,3,0,0,0,1,0
"V",7,2,3,1,0,0,2,1
"V",7,2,3,2,0,0,1,1
"V",7,2,3,3,0,0,2,1
"V",7,2,3,4,0,0,1,1
"V",7,2,3,5,0,0,1,1
"V",7,2,3,6,0,0,1,1
"V",7,2,4,-1,0,0,1,0
"V",7,2,4,-2,0,0,1,0
"V",7,2,4,-3,0,0,1,0
"V",7,2,4,-4,0,0,1,0
"V",7,2,4,0,0,0,1,1
"V",7,2,4,5,0,0,1,1
"V",7,2,4,8,0,0,1,1
"V",7,2,4,9,0,0,2,2
"V",7,2,5,-2,0,0,1,0
"V",7,2,5,0,0,0,1,1
"V",7,2,5,1,0,0,1,1
"V",7,2,5,10,0,0,1,1
"V",7,2,5,3,0,0,1,1
"V",7,2,5,7,0,0,1,1
"V",7,2,6,-1,0,0,1,1
"V",7,2,6,3,0,0,1,1
"V",7,2,7,-6,0,0,1,0
"V",7,2,7,0,0,0,1,1
"V",7,2,7,7,0,0,1,1
"V",7,2,7,8,0,0,1,1
"V",7,2,8,0,0,0,1,1
"V",7,2,8,5,0,0,1,1
"V",7,2,8,7,0,0,1,1
"V",7,2,8,9,0,0,1,1
"V",8,0,1,-1,0,0,6,1
"V",8,0,1,-12,0,0,1,0
"V",8,0,1,-2,0,0,7,1
"V",8,0,1,-3,0,0,6,0
"V",8,0,1,-4,0,0,3,0
"V",8,0,1,-5,0,0,2,0
"V",8,0,1,-7,0,0,1,0
"V",8,0,1,0,0,0,8,4
"V",8,0,1,1,0,0,8,7
"V",8,0,1,10,0,0,1,1
"V",8,0,1,2,0,0,11,10
"V",8,0,1,3,0,0,3,3
"V",8,0,1,4,0,0,3,3
"V",8,0,1,5,0,0,4,4
"V",8,0,1,7,0,0,3,3
"V",8,0,1,9,0,0,1,1
"V",8,0,2,-1,0,0,1,0
"V",8,0,2,-2,0,0,2,1
"V",8,0,2,-3,0,0,1,0
"V",8,0,2,-5,0,0,1,0
"V",8,0,2,1,0,0,5,4
"V",8,0,2,2,0,0,2,2
"V",8,0,2,4,0,0,1,1
"V",8,0,2,7,0,0,1,1
"V",8,0,3,-1,0,0,1,1
"V",8,0,3,-7,0,0,1,0
"V",8,0,3,1,0,0,1,1
"V",8,0,3,3,0,0,1,1
"V",8,0,4,1,0,0,1,0
"V",8,0,5,10,0,0,1,1
"V",8,0,6,-1,0,0,1,1
"V",8,0,6,1,0,0,1,1
"V",8,0,6,3,0,0,1,1
"V",8,0,7,2,0,0,1,1
"V",8,1,1,-1,0,0,4,0
"V",8,1,1,-12,0,0,1,0
"V",8,1,1,-2,0,0,5,0
"V",8,1,1,-3,0,0,5,0
"V",8,1,1,-4,0,0,3,0
"V",8,1,1,-5,0,0,1,0
"V",8,1,1,0,0,0,8,4
"V",8,1,1,1,0,0,3,3
"V",8,1,1,11,0,0,1,1
"V",8,1,1,2,0,0,9,8
"V",8,1,1,3,0,0,2,2
"V",8,1,1,4,0,0,2,2
"V",8,1,1,5,0,0,5,5
"V",8,1,1,7,0,0,2,2
"V",8,1,1,9,0,0,1,1
"V",8,1,2,-1,0,0,2,0
"V",8,1,2,-2,0,0,1,0
"V",8,1,2,-3,0,0,2,0
"V",8,1,2,0,0,0,1,1
"V",8,1,2,1,0,0,4,4
"V",8,1,2,2,0,0,3,2
"V",8,1,2,5,0,0,2,2
"V",8,1,2,7,0,0,1,1
"V",8,1,3,-2,0,0,1,0
"V",8,1,3,-5,0,0,1,0
"V",8,1,3,-7,0,0,1,0
"V",8,1,3,1,0,0,1,1
"V",8,1,3,2,0,0,6,5
"V",8,1,3,3,0,0,1,1
"V",8,1,3,4,0,0,1,1
"V",8,1,3,5,0,0,1,1
"V",8,1,3,7,0,0,2,2
"V",8,1,4,-1,0,0,1,1
"V",8,1,4,-7,0,0,1,0
"V",8,1,4,2,0,0,1,1
"V",8,1,4,3,0,0,1,1
"V",8,1,5,1,0,0,1,1
"V",8,1,5,3,0,0,1,1
"V",8,1,5,4,0,0,2,2
"V",8,1,6,2,0,0,2,2
"V",8,1,6,5,0,0,1,1
"V",8,1,7,1,0,0,2,1
"V",8,1,7,2,0,0,1,1
"V",8,1,7,3,0,0,1,1
"V",8,1,8,1,0,0,1,0
"V",8,1,8,3,0,0,1,1
"V",8,2,1,-1,0,0,3,0
"V",8,2,1,-12,0,0,1,0
"V",8,2,1,-2,0,0,4,0
"V",8,2,1,-3,0,0,5,0
"V",8,2,1,-4,0,0,3,0
"V",8,2,1,-5,0,0,1,0
"V",8,2,1,0,0,0,7,3
"V",8,2,1,1,0,0,2,2
"V",8,2,1,11,0,0,1,1
"V",8,2,1,2,0,0,5,5
"V",8,2,1,3,0,0,2,2
"V",8,2,1,4,0,0,1,1
"V",8,2,1,5,0,0,4,4
"V",8,2,1,6,0,0,2,2
"V",8,2,1,7,0,0,1,1
"V",8,2,1,9,0,0,1,1
"V",8,2,2,-1,0,0,2,0
"V",8,2,2,-12,0,0,1,0
"V",8,2,2,-2,0,0,1,0
"V",8,2,2,-3,0,0,2,0
"V",8,2,2,0,0,0,2,1
"V",8,2,2,1,0,0,1,1
"V",8,2,2,11,0,0,1,1
"V",8,2,2,3,0,0,2,2
"V",8,2,2,6,0,0,1,1
"V",8,2,3,-1,0,0,2,0
"V",8,2,3,-2,0,0,2,0
"V",8,2,3,0,0,0,1,0
"V",8,2,3,1,0,0,1,1
"V",8,2,3,2,0,0,4,3
"V",8,2,3,6,0,0,1,1
"V",8,2,3,7,0,0,2,2
"V",8,2,3,8,0,0,1,1
"V",8,2,3,9,0,0,1,1
"V",8,2,4,-1,0,0,1,1
"V",8,2,4,-2,0,0,2,0
"V",8,2,4,-7,0,0,1,0
"V",8,2,4,2,0,0,1,1
"V",8,2,4,3,0,0,1,1
"V",8,2,4,4,0,0,1,1
"V",8,2,5,-1,0,0,1,0
"V",8,2,5,-2,0,0,1,0
"V",8,2,5,-5,0,0,1,0
"V",8,2,5,1,0,0,1,1
"V",8,2,5,2,0,0,1,1
"V",8,2,5,5,0,0,3,3
"V",8,2,6,-1,0,0,1,0
"V",8,2,6,5,0,0,2,2
"V",8,2,7,1,0,0,1,1
"V",8,2,8,-7,0,0,1,0
"V",9,0,1,-1,0,0,7,2
"V",9,0,1,-12,0,0,1,0
"V",9,0,1,-2,0,0,7,0
"V",9,0,1,-3,0,0,4,0
"V",9,0,1,-4,0,0,4,0
"V",9,0,1,-5,0,0,1,0
"V",9,0,1,-6,0,0,2,0
"V",9,0,1,-7,0,0,1,0
"V",9,0,1,0,0,0,7,4
"V",9,0,1,1,0,0,4,3
"V",9,0,1,2,0,0,12,11
"V",9,0,1,3,0,0,3,3
"V",9,0,1,4,0,0,1,1
"V",9,0,1,5,0,0,5,5
"V",9,0,1,6,0,0,4,4
"V",9,0,1,7,0,0,2,2
"V",9,0,1,8,0,0,1,1
"V",9,0,1,9,0,0,1,1
"V",9,0,2,-2,0,0,2,0
"V",9,0,2,-3,0,0,1,0
"V",9,0,2,-4,0,0,2,0
"V",9,0,2,-6,0,0,1,0
"V",9,0,2,-7,0,0,1,0
"V",9,0,2,0,0,0,1,1
"V",9,0,2,1,0,0,2,2
"V",9,0,2,2,0,0,3,2
"V",9,0,2,3,0,0,2,2
"V",9,0,2,6,0,0,2,2
"V",9,0,3,-2,0,0,1,0
"V",9,0,3,-4,0,0,1,0
"V",9,0,3,2,0,0,1,1
"V",9,0,3,3,0,0,1,1
"V",9,0,3,7,0,0,1,1
"V",9,0,4,-2,0,0,1,0
"V",9,0,6,-1,0,0,1,0
"V",9,0,6,-3,0,0,1,0
"V",9,0,6,-4,0,0,1,0
"V",9,1,1,-1,0,0,7,2
"V",9,1,1,-12,0,0,1,0
"V",9,1,1,-2,0,0,4,0
"V",9,1,1,-3,0,0,4,0
"V",9,1,1,-4,0,0,1,0
"V",9,1,1,-5,0,0,1,0
"V",9,1,1,-6,0,0,1,0
"V",9,1,1,0,0,0,7,4
"V",9,1,1,1,0,0,3,2
"V",9,1,1,2,0,0,9,9
"V",9,1,1,3,0,0,1,1
"V",9,1,1,4,0,0,1,1
"V",9,1,1,5,0,0,5,5
"V",9,1,1,6,0,0,2,2
"V",9,1,1,7,0,0,2,2
"V",9,1,1,8,0,0,1,1
"V",9,1,1,9,0,0,1,1
"V",9,1,2,-1,0,0,1,1
"V",9,1,2,-2,0,0,2,0
"V",9,1,2,-4,0,0,2,0
"V",9,1,2,-5,0,0,2,0
"V",9,1,2,0,0,0,2,2
"V",9,1,2,1,0,0,1,0
"V",9,1,2,2,0,0,5,4
"V",9,1,2,3,0,0,1,1
"V",9,1,2,4,0,0,2,2
"V",9,1,2,5,0,0,1,1
"V",9,1,2,8,0,0,1,1
"V",9,1,3,-12,0,0,1,0
"V",9,1,3,-3,0,0,1,0
"V",9,1,3,-4,0,0,1,0
"V",9,1,3,-6,0,0,3,0
"V",9,1,3,-7,0,0,1,0
"V",9,1,3,0,0,0,3,2
"V",9,1,3,1,0,0,2,2
"V",9,1,3,2,0,0,1,1
"V",9,1,3,3,0,0,1,1
"V",9,1,3,6,0,0,1,1
"V",9,1,4,-1,0,0,2,1
"V",9,1,4,-2,0,0,1,0
"V",9,1,4,0,0,0,1,1
"V",9,1,4,1,0,0,1,1
"V",9,1,4,2,0,0,1,1
"V",9,1,5,-12,0,0,1,0
"V",9,1,5,-2,0,0,1,0
"V",9,1,5,0,0,0,1,1
"V",9,1,5,2,0,0,1,1
"V",9,1,5,3,0,0,1,1
"V",9,1,5,6,0,0,1,1
"V",9,1,6,1,0,0,1,1
"V",9,1,7,2,0,0,2,2
"V",9,1,7,3,0,0,1,1
"V",9,1,8,-1,0,0,1,1
"V",9,1,8,-2,0,0,1,0
"V",9,2,1,-1,0,0,5,0
"V",9,2,1,-11,0,0,1,0
"V",9,2,1,-2,0,0,4,0
"V",9,2,1,-3,0,0,4,0
"V",9,2,1,0,0,0,2,0
"V",9,2,1,1,0,0,2,2
"V",9,2,1,2,0,0,5,5
"V",9,2,1,3,0,0,1,1
"V",9,2,1,5,0,0,4,4
"V",9,2,1,6,0,0,2,2
"V",9,2,1,7,0,0,3,3
"V",9,2,1,9,0,0,1,1
"V",9,2,2,-4,0,0,1,0
"V",9,2,2,0,0,0,1,0
"V",9,2,2,1,0,0,2,1
"V",9,2,2,2,0,0,4,3
"V",9,2,2,3,0,0,1,1
"V",9,2,2,4,0,0,1,1
"V",9,2,2,5,0,0,3,3
"V",9,2,2,7,0,0,3,3
"V",9,2,2,9,0,0,1,1
"V",9,2,3,-2,0,0,1,0
"V",9,2,3,-3,0,0,1,0
"V",9,2,3,-4,0,0,1,0
"V",9,2,3,-5,0,0,1,0
"V",9,2,3,-6,0,0,1,0
"V",9,2,3,0,0,0,2,1
"V",9,2,3,1,0,0,2,2
"V",9,2,3,2,0,0,2,2
"V",9,2,3,4,0,0,3,3
"V",9,2,3,5,0,0,2,2
"V",9,2,3,7,0,0,1,1
"V",9,2,3,8,0,0,1,1
"V",9,2,3,9,0,0,1,1
"V",9,2,4,-1,0,0,1,0
"V",9,2,4,-3,0,0,1,0
"V",9,2,4,-5,0,0,1,0
"V",9,2,4,-6,0,0,1,0
"V",9,2,4,0,0,0,2,1
"V",9,2,4,1,0,0,1,1
"V",9,2,4,2,0,0,2,2
"V",9,2,4,7,0,0,1,1
"V",9,2,5,-2,0,0,1,0
"V",9,2,5,-6,0,0,1,0
"V",9,2,5,0,0,0,2,2
"V",9,2,5,2,0,0,1,1
"V",9,2,5,3,0,0,2,2
"V",9,2,5,5,0,0,1,1
"V",9,2,5,6,0,0,1,1
"V",9,2,6,-6,0,0,1,0
"V",9,2,6,1,0,0,1,1
"V",9,2,6,2,0,0,1,1
"V",9,2,6,3,0,0,1,1
"V",9,2,6,5,0,0,1,1
"V",9,2,7,3,0,0,1,1
"V",9,2,7,5,0,0,1,1
"V",9,2,7,7,0,0,1,1
"V",9,2,8,-5,0,0,1,0
"V",9,2,8,2,0,0,1,1
"V",10,0,1,0,0,0,6,2
"V",10,0,2,0,0,0,2,1
"V",10,1,1,0,0,0,4,1
"V",10,1,2,0,0,0,2,0
"V",10,1,2,1,0,0,1,1
"V",10,1,3,0,0,0,3,1
"V",10,1,3,1,0,0,1,0
"V",10,1,4,0,0,0,1,0
"V",10,1,6,3,0,0,1,1
"V",10,1,7,1,0,0,1,1
"V",10,1,8,1,0,0,1,1
"V",10,2,1,0,0,0,1,1
"V",10,2,2,0,0,0,2,0
"V",10,2,3,1,0,0,1,0
"V",10,2,4,2,0,0,1,0
"V",10,2,6,3,0,0,1,1
"V",10,2,7,0,0,0,1,0
"V",10,2,8,0,0,0,1,0
"V",11,0,1,0,0,0,2,1
"V",11,1,1,0,0,0,2,1
"V",11,1,2,0,0,0,1,1
"V",11,1,6,1,0,0,1,1
"V",11,1,7,0,0,0,1,1
"V",11,2,1,0,0,0,1,0
"V",11,2,2,0,0,0,1,0
"V",11,2,2,2,0,0,1,1
"V",12,0,1,0,0,0,1,0
"V",12,0,2,0,0,0,1,0
"V",12,1,3,0,0,0,1,0
"V",12,2,3,0,0,0,1,0
"V",12,2,4,0,0,0,1,0
