"H",1,0,1,-1,144,57
"H",1,0,1,-2,54,19
"H",1,0,1,-3,24,8
"H",1,0,1,-4,9,2
"H",1,0,1,-5,6,0
"H",1,0,1,-6,2,0
"H",1,0,1,0,621,368
"H",1,0,1,1,6,5
"H",1,0,2,-1,49,21
"H",1,0,2,-2,24,8
"H",1,0,2,-3,11,3
"H",1,0,2,-4,3,1
"H",1,0,2,-5,3,0
"H",1,0,2,0,171,102
"H",1,0,2,1,7,5
"H",1,0,3,-1,9,6
"H",1,0,3,-2,1,0
"H",1,0,3,-3,1,0
"H",1,0,3,-4,2,2
"H",1,0,3,0,32,19
"H",1,0,3,1,3,2
"H",1,0,3,2,1,1
"H",1,0,3,4,1,1
"H",1,0,3,5,1,1
"H",1,0,4,-1,11,7
"H",1,0,4,-2,2,0
"H",1,0,4,-3,2,1
"H",1,0,4,-5,1,0
"H",1,0,4,0,32,24
"H",1,0,4,1,3,1
"H",1,0,5,-1,1,1
"H",1,0,5,-2,1,0
"H",1,0,5,0,17,13
"H",1,0,5,1,4,2
"H",1,0,5,2,1,0
"H",1,0,6,-1,5,2
"H",1,0,6,-2,1,0
"H",1,0,6,-3,1,1
"H",1,0,6,-4,2,1
"H",1,0,6,0,9,6
"H",1,0,6,1,1,1
"H",1,0,6,2,2,2
"H",1,0,6,3,1,1
"H",1,0,6,5,1,1
"H",1,0,7,-1,5,3
"H",1,0,7,-2,2,2
"H",1,0,7,-3,1,1
"H",1,0,7,0,7,3
"H",1,0,7,1,1,1
"H",1,0,7,2,1,1
"H",1,0,7,3,1,1
"H",1,0,8,-1,3,3
"H",1,0,8,-2,2,1
"H",1,0,8,0,14,10
"H",1,0,8,1,5,4
"H",1,0,8,2,2,2
"H",1,0,8,3,1,1
"H",1,1,1,-1,91,32
"H",1,1,1,-2,30,12
"H",1,1,1,-3,14,6
"H",1,1,1,-4,5,0
"H",1,1,1,-5,3,0
"H",1,1,1,-6,2,0
"H",1,1,1,0,422,240
"H",1,1,1,1,12,9
"H",1,1,1,2,1,0
"H",1,1,1,3,2,1
"H",1,1,2,-1,35,13
"H",1,1,2,-2,25,10
"H",1,1,2,-3,10,4
"H",1,1,2,-4,3,0
"H",1,1,2,-5,3,0
"H",1,1,2,-6,1,0
"H",1,1,2,0,155,99
"H",1,1,2,1,26,23
"H",1,1,2,2,9,7
"H",1,1,2,3,1,1
"H",1,1,2,4,1,1
"H",1,1,2,6,1,1
"H",1,1,3,-1,17,6
"H",1,1,3,-2,9,3
"H",1,1,3,-3,5,1
"H",1,1,3,0,99,66
"H",1,1,3,1,19,15
"H",1,1,3,2,6,5
"H",1,1,3,4,2,2
"H",1,1,4,-1,7,2
"H",1,1,4,-2,9,4
"H",1,1,4,-3,4,2
"H",1,1,4,-5,1,0
"H",1,1,4,0,49,37
"H",1,1,4,1,11,9
"H",1,1,4,2,7,6
"H",1,1,4,3,2,2
"H",1,1,5,-1,14,7
"H",1,1,5,-2,2,0
"H",1,1,5,-3,2,0
"H",1,1,5,-4,1,0
"H",1,1,5,0,43,33
"H",1,1,5,1,13,10
"H",1,1,5,2,4,4
"H",1,1,5,3,5,5
"H",1,1,6,-1,8,4
"H",1,1,6,-2,2,0
"H",1,1,6,-3,2,0
"H",1,1,6,-4,2,1
"H",1,1,6,0,18,12
"H",1,1,6,1,12,10
"H",1,1,6,2,3,1
"H",1,1,6,3,3,3
"H",1,1,7,-1,9,2
"H",1,1,7,-2,3,2
"H",1,1,7,-3,1,0
"H",1,1,7,-5,1,0
"H",1,1,7,0,23,16
"H",1,1,7,1,6,4
"H",1,1,7,2,5,4
"H",1,1,7,4,1,1
"H",1,1,7,6,1,1
"H",1,1,8,-1,5,1
"H",1,1,8,-2,2,2
"H",1,1,8,-3,1,0
"H",1,1,8,0,14,11
"H",1,1,8,1,3,2
"H",1,1,8,2,1,1
"H",1,1,8,3,1,1
"H",1,1,8,4,1,1
"H",1,1,8,5,1,1
"H",1,1,8,6,1,1
"H",1,2,1,-1,75,26
"H",1,2,1,-2,17,6
"H",1,2,1,-3,9,3
"H",1,2,1,-4,3,0
"H",1,2,1,-5,2,0
"H",1,2,1,-6,1,0
"H",1,2,1,0,335,176
"H",1,2,1,1,26,19
"H",1,2,1,2,7,5
"H",1,2,1,3,7,6
"H",1,2,1,4,2,2
"H",1,2,2,-1,46,19
"H",1,2,2,-2,13,6
"H",1,2,2,-3,8,2
"H",1,2,2,-4,4,0
"H",1,2,2,-5,2,0
"H",1,2,2,-6,1,0
"H",1,2,2,0,154,77
"H",1,2,2,1,39,33
"H",1,2,2,2,16,13
"H",1,2,2,3,9,7
"H",1,2,2,4,2,2
"H",1,2,2,5,1,1
"H",1,2,2,9,1,1
"H",1,2,3,-1,29,9
"H",1,2,3,-2,8,2
"H",1,2,3,-3,2,0
"H",1,2,3,-5,2,0
"H",1,2,3,0,97,63
"H",1,2,3,1,30,18
"H",1,2,3,2,17,8
"H",1,2,3,3,5,4
"H",1,2,3,4,3,3
"H",1,2,3,5,2,2
"H",1,2,3,6,1,1
"H",1,2,4,-1,6,3
"H",1,2,4,-2,4,3
"H",1,2,4,-3,2,0
"H",1,2,4,-5,1,0
"H",1,2,4,0,41,26
"H",1,2,4,1,14,11
"H",1,2,4,2,7,6
"H",1,2,4,3,4,3
"H",1,2,4,5,1,1
"H",1,2,5,-1,13,7
"H",1,2,5,-2,8,2
"H",1,2,5,0,36,16
"H",1,2,5,1,14,11
"H",1,2,5,2,11,8
"H",1,2,5,3,6,5
"H",1,2,5,4,4,4
"H",1,2,5,5,1,1
"H",1,2,5,7,1,1
"H",1,2,5,8,1,1
"H",1,2,6,-1,12,4
"H",1,2,6,-2,3,2
"H",1,2,6,-3,3,1
"H",1,2,6,-5,1,0
"H",1,2,6,0,20,17
"H",1,2,6,1,13,10
"H",1,2,6,2,7,7
"H",1,2,6,3,6,5
"H",1,2,6,4,1,1
"H",1,2,7,-1,7,3
"H",1,2,7,-2,2,1
"H",1,2,7,-3,1,0
"H",1,2,7,0,21,12
"H",1,2,7,1,10,8
"H",1,2,7,2,7,7
"H",1,2,7,3,2,2
"H",1,2,7,4,1,1
"H",1,2,8,-1,6,3
"H",1,2,8,-2,3,0
"H",1,2,8,-3,2,0
"H",1,2,8,0,16,13
"H",1,2,8,1,3,3
"H",1,2,8,2,4,4
"H",1,2,8,3,3,3
"H",1,2,8,4,1,1
"H",1,2,8,5,1,1
"H",1,2,8,6,1,1
"H",1,2,8,7,1,1
"H",2,0,1,-1,185,63
"H",2,0,1,-2,69,19
"H",2,0,1,-3,33,5
"H",2,0,1,-4,12,1
"H",2,0,1,-5,4,1
"H",2,0,1,-6,5,0
"H",2,0,1,-7,1,0
"H",2,0,1,-8,2,0
"H",2,0,1,0,387,233
"H",2,0,1,1,90,69
"H",2,0,1,2,45,36
"H",2,0,1,3,21,17
"H",2,0,1,4,6,6
"H",2,0,1,5,3,3
"H",2,0,1,7,2,2
"H",2,0,1,9,1,1
"H",2,0,2,-1,51,17
"H",2,0,2,-2,21,7
"H",2,0,2,-3,8,1
"H",2,0,2,-4,2,0
"H",2,0,2,0,115,80
"H",2,0,2,1,24,21
"H",2,0,2,2,10,10
"H",2,0,2,3,2,1
"H",2,0,2,4,2,2
"H",2,0,2,5,2,2
"H",2,0,2,7,1,1
"H",2,0,3,-1,14,5
"H",2,0,3,-2,5,2
"H",2,0,3,-4,1,0
"H",2,0,3,-6,2,0
"H",2,0,3,0,22,17
"H",2,0,3,1,10,7
"H",2,0,3,2,1,1
"H",2,0,3,3,2,2
"H",2,0,4,-1,10,4
"H",2,0,4,-2,5,3
"H",2,0,4,-3,1,1
"H",2,0,4,-5,1,0
"H",2,0,4,0,25,20
"H",2,0,4,1,8,8
"H",2,0,4,2,3,3
"H",2,0,4,3,1,1
"H",2,0,4,4,1,1
"H",2,0,4,5,1,1
"H",2,0,5,-1,5,2
"H",2,0,5,-2,1,1
"H",2,0,5,-4,2,0
"H",2,0,5,0,9,5
"H",2,0,5,1,4,2
"H",2,0,5,2,2,1
"H",2,0,5,3,2,2
"H",2,0,5,9,1,1
"H",2,0,6,-1,4,1
"H",2,0,6,-6,1,0
"H",2,0,6,0,7,6
"H",2,0,6,1,3,2
"H",2,0,6,2,1,1
"H",2,0,7,-1,2,2
"H",2,0,7,-5,1,0
"H",2,0,7,0,6,4
"H",2,0,7,1,1,1
"H",2,0,7,2,2,2
"H",2,0,8,-1,2,1
"H",2,0,8,-3,1,1
"H",2,0,8,-5,1,0
"H",2,0,8,0,6,6
"H",2,0,8,1,2,2
"H",2,0,8,2,1,1
"H",2,0,8,3,1,1
"H",2,1,1,-1,127,42
"H",2,1,1,-2,46,10
"H",2,1,1,-3,27,4
"H",2,1,1,-4,7,1
"H",2,1,1,-5,4,1
"H",2,1,1,-6,3,0
"H",2,1,1,-8,2,0
"H",2,1,1,0,252,138
"H",2,1,1,1,72,55
"H",2,1,1,2,38,29
"H",2,1,1,3,18,14
"H",2,1,1,4,4,4
"H",2,1,1,5,2,2
"H",2,1,1,7,2,2
"H",2,1,2,-1,51,19
"H",2,1,2,-2,13,4
"H",2,1,2,-3,13,2
"H",2,1,2,-4,3,1
"H",2,1,2,-5,2,1
"H",2,1,2,-6,1,0
"H",2,1,2,-8,2,0
"H",2,1,2,0,103,56
"H",2,1,2,1,31,24
"H",2,1,2,10,1,1
"H",2,1,2,2,15,14
"H",2,1,2,3,6,4
"H",2,1,2,4,2,2
"H",2,1,2,5,1,1
"H",2,1,3,-1,29,6
"H",2,1,3,-2,10,3
"H",2,1,3,-3,5,2
"H",2,1,3,-4,2,0
"H",2,1,3,-6,1,0
"H",2,1,3,0,47,34
"H",2,1,3,1,22,16
"H",2,1,3,10,1,1
"H",2,1,3,2,7,6
"H",2,1,3,3,4,4
"H",2,1,3,4,3,3
"H",2,1,3,7,1,1
"H",2,1,3,8,1,1
"H",2,1,4,-1,15,9
"H",2,1,4,-2,2,0
"H",2,1,4,-3,4,0
"H",2,1,4,-4,1,1
"H",2,1,4,-5,1,1
"H",2,1,4,0,26,16
"H",2,1,4,1,11,9
"H",2,1,4,10,1,1
"H",2,1,4,2,7,7
"H",2,1,4,3,6,5
"H",2,1,4,4,1,1
"H",2,1,5,-1,12,3
"H",2,1,5,-2,4,3
"H",2,1,5,0,24,17
"H",2,1,5,1,15,10
"H",2,1,5,2,6,5
"H",2,1,5,3,3,3
"H",2,1,5,9,1,1
"H",2,1,6,-1,5,2
"H",2,1,6,-2,4,1
"H",2,1,6,-3,1,0
"H",2,1,6,-4,1,0
"H",2,1,6,0,15,10
"H",2,1,6,1,9,8
"H",2,1,6,2,3,3
"H",2,1,6,3,1,1
"H",2,1,7,-1,8,1
"H",2,1,7,-2,6,3
"H",2,1,7,-3,1,0
"H",2,1,7,0,19,14
"H",2,1,7,1,6,5
"H",2,1,7,10,1,1
"H",2,1,7,2,2,2
"H",2,1,7,3,1,1
"H",2,1,7,5,1,1
"H",2,1,8,-1,8,3
"H",2,1,8,-2,1,0
"H",2,1,8,-3,1,0
"H",2,1,8,0,12,9
"H",2,1,8,1,5,4
"H",2,1,8,3,2,2
"H",2,2,1,-1,95,30
"H",2,2,1,-2,38,9
"H",2,2,1,-3,18,1
"H",2,2,1,-4,5,0
"H",2,2,1,-5,2,0
"H",2,2,1,-6,2,0
"H",2,2,1,0,205,110
"H",2,2,1,1,67,51
"H",2,2,1,2,30,23
"H",2,2,1,3,16,12
"H",2,2,1,4,4,4
"H",2,2,1,5,1,1
"H",2,2,1,7,2,2
"H",2,2,2,-1,50,17
"H",2,2,2,-2,16,7
"H",2,2,2,-3,10,1
"H",2,2,2,-4,4,1
"H",2,2,2,-6,1,0
"H",2,2,2,-8,2,0
"H",2,2,2,0,98,47
"H",2,2,2,1,35,22
"H",2,2,2,2,15,12
"H",2,2,2,3,12,7
"H",2,2,2,4,4,4
"H",2,2,2,5,1,1
"H",2,2,2,7,1,1
"H",2,2,3,-1,33,9
"H",2,2,3,-2,6,2
"H",2,2,3,-3,7,2
"H",2,2,3,-4,1,0
"H",2,2,3,-5,1,0
"H",2,2,3,-6,1,0
"H",2,2,3,-8,1,0
"H",2,2,3,0,52,32
"H",2,2,3,1,22,15
"H",2,2,3,2,15,12
"H",2,2,3,3,8,8
"H",2,2,3,4,5,5
"H",2,2,3,7,2,2
"H",2,2,4,-1,13,5
"H",2,2,4,-2,3,1
"H",2,2,4,-3,3,0
"H",2,2,4,-4,1,0
"H",2,2,4,-5,1,0
"H",2,2,4,-6,1,0
"H",2,2,4,0,27,15
"H",2,2,4,1,16,11
"H",2,2,4,2,12,10
"H",2,2,4,3,3,1
"H",2,2,4,4,3,3
"H",2,2,4,5,1,1
"H",2,2,4,7,1,1
"H",2,2,5,-1,8,3
"H",2,2,5,-2,3,0
"H",2,2,5,-4,1,0
"H",2,2,5,-8,1,0
"H",2,2,5,0,23,16
"H",2,2,5,1,21,16
"H",2,2,5,2,8,6
"H",2,2,5,3,4,4
"H",2,2,5,4,5,5
"H",2,2,5,8,1,1
"H",2,2,6,-1,7,2
"H",2,2,6,-2,2,0
"H",2,2,6,0,18,12
"H",2,2,6,1,8,8
"H",2,2,6,11,1,1
"H",2,2,6,2,3,2
"H",2,2,6,3,2,2
"H",2,2,6,4,4,4
"H",2,2,6,6,1,1
"H",2,2,6,8,1,1
"H",2,2,7,-1,5,4
"H",2,2,7,-2,3,1
"H",2,2,7,-3,2,0
"H",2,2,7,-4,1,0
"H",2,2,7,0,20,12
"H",2,2,7,1,5,3
"H",2,2,7,10,1,1
"H",2,2,7,2,6,5
"H",2,2,7,3,1,1
"H",2,2,7,4,3,3
"H",2,2,7,5,1,1
"H",2,2,8,-1,7,3
"H",2,2,8,-2,2,0
"H",2,2,8,-3,1,0
"H",2,2,8,0,13,9
"H",2,2,8,1,3,1
"H",2,2,8,2,4,3
"H",2,2,8,4,2,2
"H",2,2,8,5,1,1
"H",2,2,8,6,1,1
"H",3,0,1,-1,153,56
"H",3,0,1,-2,80,21
"H",3,0,1,-3,56,9
"H",3,0,1,-4,23,0
"H",3,0,1,-5,12,2
"H",3,0,1,-6,6,1
"H",3,0,1,-8,4,0
"H",3,0,1,0,301,179
"H",3,0,1,1,125,97
"H",3,0,1,11,1,1
"H",3,0,1,2,50,43
"H",3,0,1,3,27,22
"H",3,0,1,4,17,17
"H",3,0,1,5,4,4
"H",3,0,1,6,1,1
"H",3,0,1,7,4,4
"H",3,0,2,-1,36,14
"H",3,0,2,-2,20,6
"H",3,0,2,-3,18,3
"H",3,0,2,-4,6,0
"H",3,0,2,-6,2,0
"H",3,0,2,0,53,40
"H",3,0,2,1,30,23
"H",3,0,2,2,19,17
"H",3,0,2,3,4,3
"H",3,0,2,4,5,5
"H",3,0,2,5,2,2
"H",3,0,2,7,1,1
"H",3,0,3,-1,9,4
"H",3,0,3,-2,3,2
"H",3,0,3,-3,2,0
"H",3,0,3,-6,1,0
"H",3,0,3,0,17,11
"H",3,0,3,1,6,6
"H",3,0,3,2,4,4
"H",3,0,3,3,1,1
"H",3,0,3,4,2,2
"H",3,0,4,-1,3,1
"H",3,0,4,-2,5,1
"H",3,0,4,-3,7,2
"H",3,0,4,-6,1,0
"H",3,0,4,0,11,9
"H",3,0,4,1,5,5
"H",3,0,4,2,5,5
"H",3,0,4,3,2,1
"H",3,0,4,5,1,1
"H",3,0,5,-1,5,4
"H",3,0,5,-2,1,0
"H",3,0,5,-3,1,0
"H",3,0,5,0,4,4
"H",3,0,5,1,3,3
"H",3,0,5,2,4,4
"H",3,0,5,3,1,1
"H",3,0,6,-1,2,1
"H",3,0,6,-3,1,0
"H",3,0,6,-4,1,0
"H",3,0,6,-6,1,0
"H",3,0,6,0,5,4
"H",3,0,6,1,7,6
"H",3,0,6,2,5,4
"H",3,0,6,3,1,1
"H",3,0,6,4,1,1
"H",3,0,7,-2,1,0
"H",3,0,7,1,2,2
"H",3,0,7,2,1,1
"H",3,0,7,3,1,1
"H",3,0,7,4,1,1
"H",3,0,7,5,1,1
"H",3,0,8,-1,1,0
"H",3,0,8,-2,4,2
"H",3,0,8,-3,4,1
"H",3,0,8,-6,1,0
"H",3,0,8,0,1,1
"H",3,0,8,1,1,1
"H",3,0,8,2,1,1
"H",3,1,1,-1,109,37
"H",3,1,1,-2,57,13
"H",3,1,1,-3,36,6
"H",3,1,1,-4,17,0
"H",3,1,1,-5,12,2
"H",3,1,1,-6,3,1
"H",3,1,1,-8,4,0
"H",3,1,1,0,231,127
"H",3,1,1,1,93,71
"H",3,1,1,11,1,1
"H",3,1,1,2,34,28
"H",3,1,1,3,25,21
"H",3,1,1,4,12,12
"H",3,1,1,5,3,3
"H",3,1,1,6,1,1
"H",3,1,1,7,3,3
"H",3,1,2,-1,37,12
"H",3,1,2,-2,24,6
"H",3,1,2,-3,17,2
"H",3,1,2,-4,7,0
"H",3,1,2,-5,4,0
"H",3,1,2,-6,2,1
"H",3,1,2,-8,1,0
"H",3,1,2,0,82,56
"H",3,1,2,1,40,32
"H",3,1,2,2,15,13
"H",3,1,2,3,8,5
"H",3,1,2,4,4,4
"H",3,1,2,5,1,1
"H",3,1,2,7,3,3
"H",3,1,3,-1,18,9
"H",3,1,3,-2,9,3
"H",3,1,3,-3,2,0
"H",3,1,3,-4,1,0
"H",3,1,3,0,39,23
"H",3,1,3,1,26,21
"H",3,1,3,2,10,10
"H",3,1,3,3,5,5
"H",3,1,3,4,9,9
"H",3,1,3,7,1,1
"H",3,1,4,-1,9,6
"H",3,1,4,-2,5,2
"H",3,1,4,-3,4,0
"H",3,1,4,-4,2,0
"H",3,1,4,-5,2,0
"H",3,1,4,0,20,15
"H",3,1,4,1,12,11
"H",3,1,4,2,5,4
"H",3,1,4,3,8,7
"H",3,1,4,4,3,3
"H",3,1,5,-1,12,8
"H",3,1,5,-2,5,2
"H",3,1,5,-3,1,0
"H",3,1,5,0,10,8
"H",3,1,5,1,12,11
"H",3,1,5,2,10,10
"H",3,1,5,3,1,1
"H",3,1,5,5,1,1
"H",3,1,6,-1,7,4
"H",3,1,6,-2,2,2
"H",3,1,6,-3,1,1
"H",3,1,6,-6,1,0
"H",3,1,6,0,11,8
"H",3,1,6,1,6,4
"H",3,1,6,2,8,8
"H",3,1,6,3,4,4
"H",3,1,6,4,3,3
"H",3,1,6,5,1,1
"H",3,1,6,7,1,1
"H",3,1,7,-1,1,0
"H",3,1,7,-2,3,0
"H",3,1,7,-3,1,0
"H",3,1,7,0,9,6
"H",3,1,7,1,3,2
"H",3,1,7,2,3,3
"H",3,1,7,4,3,2
"H",3,1,7,5,2,2
"H",3,1,8,-1,3,0
"H",3,1,8,-2,4,2
"H",3,1,8,-3,1,0
"H",3,1,8,-4,2,0
"H",3,1,8,0,6,5
"H",3,1,8,1,6,5
"H",3,1,8,2,2,2
"H",3,1,8,3,3,3
"H",3,1,8,5,1,1
"H",3,2,1,-1,90,29
"H",3,2,1,-2,41,9
"H",3,2,1,-3,28,5
"H",3,2,1,-4,14,0
"H",3,2,1,-5,8,2
"H",3,2,1,-6,2,0
"H",3,2,1,-8,3,0
"H",3,2,1,0,174,96
"H",3,2,1,1,69,50
"H",3,2,1,11,1,1
"H",3,2,1,2,32,26
"H",3,2,1,3,26,24
"H",3,2,1,4,9,9
"H",3,2,1,5,3,3
"H",3,2,1,6,2,2
"H",3,2,1,7,1,1
"H",3,2,2,-1,37,17
"H",3,2,2,-2,22,5
"H",3,2,2,-3,15,1
"H",3,2,2,-4,7,0
"H",3,2,2,-5,2,0
"H",3,2,2,-6,2,1
"H",3,2,2,-8,3,0
"H",3,2,2,0,93,50
"H",3,2,2,1,44,34
"H",3,2,2,2,25,22
"H",3,2,2,3,17,15
"H",3,2,2,4,5,5
"H",3,2,2,5,4,4
"H",3,2,2,7,3,3
"H",3,2,2,8,1,1
"H",3,2,3,-1,21,9
"H",3,2,3,-2,10,1
"H",3,2,3,-3,5,0
"H",3,2,3,-4,1,0
"H",3,2,3,-5,2,0
"H",3,2,3,-8,1,0
"H",3,2,3,0,54,30
"H",3,2,3,1,40,29
"H",3,2,3,2,13,11
"H",3,2,3,3,15,13
"H",3,2,3,4,5,5
"H",3,2,3,5,2,2
"H",3,2,3,7,1,1
"H",3,2,4,-1,12,7
"H",3,2,4,-2,6,2
"H",3,2,4,-3,3,0
"H",3,2,4,-4,2,0
"H",3,2,4,-6,1,0
"H",3,2,4,0,21,15
"H",3,2,4,1,11,11
"H",3,2,4,2,11,7
"H",3,2,4,3,5,5
"H",3,2,4,4,5,5
"H",3,2,4,5,3,3
"H",3,2,4,7,1,1
"H",3,2,5,-1,12,5
"H",3,2,5,-2,5,2
"H",3,2,5,-3,1,0
"H",3,2,5,-4,1,0
"H",3,2,5,-6,1,0
"H",3,2,5,-8,1,0
"H",3,2,5,0,15,10
"H",3,2,5,1,19,14
"H",3,2,5,2,10,10
"H",3,2,5,3,7,7
"H",3,2,5,4,3,3
"H",3,2,5,5,1,1
"H",3,2,6,-1,9,7
"H",3,2,6,-2,5,1
"H",3,2,6,-3,2,0
"H",3,2,6,-5,1,0
"H",3,2,6,-6,1,1
"H",3,2,6,0,11,8
"H",3,2,6,1,9,8
"H",3,2,6,2,3,3
"H",3,2,6,3,10,9
"H",3,2,6,4,3,3
"H",3,2,6,5,1,1
"H",3,2,7,-1,6,4
"H",3,2,7,-2,3,1
"H",3,2,7,-3,2,0
"H",3,2,7,-5,2,0
"H",3,2,7,-6,1,1
"H",3,2,7,0,12,7
"H",3,2,7,1,6,4
"H",3,2,7,2,3,3
"H",3,2,7,3,2,2
"H",3,2,7,4,3,2
"H",3,2,8,-1,5,3
"H",3,2,8,-2,3,0
"H",3,2,8,-3,1,0
"H",3,2,8,-4,3,0
"H",3,2,8,-5,1,0
"H",3,2,8,0,6,5
"H",3,2,8,1,4,3
"H",3,2,8,2,2,2
"H",3,2,8,3,3,3
"H",3,2,8,4,3,2
"H",4,0,1,-1,152,50
"H",4,0,1,-2,91,23
"H",4,0,1,-3,67,12
"H",4,0,1,-4,29,2
"H",4,0,1,-5,14,2
"H",4,0,1,-6,9,1
"H",4,0,1,-7,3,0
"H",4,0,1,-8,4,0
"H",4,0,1,-9,1,0
"H",4,0,1,0,231,143
"H",4,0,1,1,132,101
"H",4,0,1,2,56,49
"H",4,0,1,3,43,37
"H",4,0,1,4,23,23
"H",4,0,1,5,10,10
"H",4,0,1,6,2,2
"H",4,0,1,7,3,3
"H",4,0,1,8,1,1
"H",4,0,1,9,1,1
"H",4,0,2,-1,32,11
"H",4,0,2,-2,28,8
"H",4,0,2,-3,22,5
"H",4,0,2,-4,9,2
"H",4,0,2,-5,7,1
"H",4,0,2,-6,2,1
"H",4,0,2,-8,1,0
"H",4,0,2,-9,1,0
"H",4,0,2,0,67,43
"H",4,0,2,1,37,30
"H",4,0,2,2,15,13
"H",4,0,2,3,15,12
"H",4,0,2,4,8,8
"H",4,0,2,5,3,3
"H",4,0,2,7,2,2
"H",4,0,3,-1,6,5
"H",4,0,3,-2,14,6
"H",4,0,3,-3,3,1
"H",4,0,3,-4,2,0
"H",4,0,3,-5,2,0
"H",4,0,3,-8,1,0
"H",4,0,3,-9,1,0
"H",4,0,3,0,11,8
"H",4,0,3,1,6,5
"H",4,0,3,2,4,3
"H",4,0,3,3,2,2
"H",4,0,3,4,3,3
"H",4,0,4,-1,6,3
"H",4,0,4,-2,10,1
"H",4,0,4,-3,6,0
"H",4,0,4,-4,4,1
"H",4,0,4,-5,2,1
"H",4,0,4,0,7,4
"H",4,0,4,1,7,5
"H",4,0,4,3,1,1
"H",4,0,4,4,2,2
"H",4,0,4,5,2,2
"H",4,0,5,-1,3,0
"H",4,0,5,-2,3,1
"H",4,0,5,-3,1,1
"H",4,0,5,-7,1,0
"H",4,0,5,-8,1,0
"H",4,0,5,-9,1,0
"H",4,0,5,0,3,2
"H",4,0,5,1,5,3
"H",4,0,5,2,4,4
"H",4,0,5,3,1,1
"H",4,0,5,4,2,2
"H",4,0,6,-1,2,2
"H",4,0,6,-2,5,3
"H",4,0,6,-3,2,2
"H",4,0,6,0,6,6
"H",4,0,6,1,4,3
"H",4,0,6,2,3,2
"H",4,0,6,3,1,1
"H",4,0,6,4,1,1
"H",4,0,7,-1,2,1
"H",4,0,7,-2,3,2
"H",4,0,7,0,2,1
"H",4,0,7,1,4,4
"H",4,0,7,2,2,1
"H",4,0,7,3,1,0
"H",4,0,8,-1,1,0
"H",4,0,8,-2,1,1
"H",4,0,8,-3,2,0
"H",4,0,8,-4,2,1
"H",4,0,8,-5,1,0
"H",4,0,8,0,1,1
"H",4,0,8,1,2,2
"H",4,0,8,3,1,0
"H",4,1,1,-1,114,37
"H",4,1,1,-2,49,9
"H",4,1,1,-3,43,6
"H",4,1,1,-4,18,0
"H",4,1,1,-5,6,1
"H",4,1,1,-6,7,0
"H",4,1,1,-7,3,0
"H",4,1,1,-8,3,0
"H",4,1,1,0,163,95
"H",4,1,1,1,91,69
"H",4,1,1,2,43,37
"H",4,1,1,3,32,27
"H",4,1,1,4,14,14
"H",4,1,1,5,8,8
"H",4,1,1,6,2,2
"H",4,1,1,7,2,2
"H",4,1,1,8,1,1
"H",4,1,1,9,1,1
"H",4,1,2,-1,41,11
"H",4,1,2,-2,19,5
"H",4,1,2,-3,22,6
"H",4,1,2,-4,12,1
"H",4,1,2,-5,5,1
"H",4,1,2,-6,3,1
"H",4,1,2,-7,2,0
"H",4,1,2,-8,1,0
"H",4,1,2,0,77,53
"H",4,1,2,1,34,28
"H",4,1,2,2,18,17
"H",4,1,2,3,20,15
"H",4,1,2,4,8,8
"H",4,1,2,5,4,4
"H",4,1,2,7,1,1
"H",4,1,3,-1,20,9
"H",4,1,3,-2,16,7
"H",4,1,3,-3,6,3
"H",4,1,3,-4,2,0
"H",4,1,3,-5,1,0
"H",4,1,3,-7,1,0
"H",4,1,3,0,35,24
"H",4,1,3,1,22,19
"H",4,1,3,2,13,12
"H",4,1,3,3,7,7
"H",4,1,3,4,9,9
"H",4,1,3,5,1,1
"H",4,1,3,6,1,1
"H",4,1,3,7,1,1
"H",4,1,3,8,1,1
"H",4,1,4,-1,10,8
"H",4,1,4,-2,12,1
"H",4,1,4,-3,7,3
"H",4,1,4,-4,7,1
"H",4,1,4,-6,2,0
"H",4,1,4,-7,1,0
"H",4,1,4,0,19,14
"H",4,1,4,1,12,9
"H",4,1,4,2,5,5
"H",4,1,4,3,6,3
"H",4,1,4,4,4,3
"H",4,1,4,5,3,3
"H",4,1,5,-1,7,4
"H",4,1,5,-2,4,0
"H",4,1,5,-3,1,0
"H",4,1,5,-4,2,0
"H",4,1,5,-5,1,0
"H",4,1,5,-7,2,0
"H",4,1,5,-8,1,0
"H",4,1,5,0,12,9
"H",4,1,5,1,6,4
"H",4,1,5,2,5,5
"H",4,1,5,3,6,6
"H",4,1,5,4,6,6
"H",4,1,5,5,1,1
"H",4,1,6,-1,6,1
"H",4,1,6,-2,9,3
"H",4,1,6,-3,3,0
"H",4,1,6,-4,1,0
"H",4,1,6,0,9,8
"H",4,1,6,1,4,4
"H",4,1,6,2,5,5
"H",4,1,6,3,2,2
"H",4,1,6,4,4,4
"H",4,1,6,5,2,2
"H",4,1,7,-1,8,1
"H",4,1,7,-2,11,3
"H",4,1,7,-3,4,2
"H",4,1,7,-4,1,0
"H",4,1,7,-5,1,1
"H",4,1,7,0,7,4
"H",4,1,7,1,14,12
"H",4,1,7,2,3,3
"H",4,1,7,4,1,1
"H",4,1,7,5,2,2
"H",4,1,7,6,2,2
"H",4,1,8,-1,3,1
"H",4,1,8,-2,5,2
"H",4,1,8,-3,1,0
"H",4,1,8,-4,2,1
"H",4,1,8,0,10,8
"H",4,1,8,1,10,8
"H",4,1,8,2,1,1
"H",4,1,8,3,1,0
"H",4,1,8,5,3,3
"H",4,2,1,-1,87,26
"H",4,2,1,-2,40,7
"H",4,2,1,-3,33,2
"H",4,2,1,-4,10,0
"H",4,2,1,-5,4,0
"H",4,2,1,-6,7,0
"H",4,2,1,-7,2,0
"H",4,2,1,-8,2,0
"H",4,2,1,0,127,69
"H",4,2,1,1,74,56
"H",4,2,1,2,35,30
"H",4,2,1,3,29,24
"H",4,2,1,4,16,16
"H",4,2,1,5,5,5
"H",4,2,1,6,4,4
"H",4,2,1,7,2,2
"H",4,2,1,8,2,2
"H",4,2,1,9,1,1
"H",4,2,2,-1,43,9
"H",4,2,2,-2,29,7
"H",4,2,2,-3,10,0
"H",4,2,2,-4,6,0
"H",4,2,2,-5,7,0
"H",4,2,2,-6,3,1
"H",4,2,2,-7,1,0
"H",4,2,2,-8,1,0
"H",4,2,2,0,72,42
"H",4,2,2,1,46,34
"H",4,2,2,2,26,21
"H",4,2,2,3,14,10
"H",4,2,2,4,11,11
"H",4,2,2,5,3,3
"H",4,2,2,6,3,3
"H",4,2,2,7,2,2
"H",4,2,2,8,1,1
"H",4,2,3,-1,30,15
"H",4,2,3,-2,12,3
"H",4,2,3,-3,10,1
"H",4,2,3,-4,3,0
"H",4,2,3,-5,1,0
"H",4,2,3,-7,1,0
"H",4,2,3,0,40,19
"H",4,2,3,1,32,25
"H",4,2,3,2,22,20
"H",4,2,3,3,15,15
"H",4,2,3,4,6,6
"H",4,2,3,5,3,3
"H",4,2,3,6,1,1
"H",4,2,3,7,2,2
"H",4,2,3,8,1,1
"H",4,2,4,-1,14,7
"H",4,2,4,-2,10,0
"H",4,2,4,-3,5,3
"H",4,2,4,-4,3,0
"H",4,2,4,-5,1,0
"H",4,2,4,-6,1,0
"H",4,2,4,-8,1,0
"H",4,2,4,0,17,13
"H",4,2,4,1,12,7
"H",4,2,4,2,10,10
"H",4,2,4,3,9,6
"H",4,2,4,4,6,5
"H",4,2,4,5,2,1
"H",4,2,4,6,2,2
"H",4,2,5,-1,12,5
"H",4,2,5,-2,4,0
"H",4,2,5,-3,4,2
"H",4,2,5,-5,1,0
"H",4,2,5,-7,1,0
"H",4,2,5,0,20,8
"H",4,2,5,1,13,8
"H",4,2,5,2,7,5
"H",4,2,5,3,7,6
"H",4,2,5,4,8,8
"H",4,2,5,5,1,1
"H",4,2,5,6,3,3
"H",4,2,5,7,1,1
"H",4,2,5,8,1,1
"H",4,2,6,-1,6,0
"H",4,2,6,-2,3,2
"H",4,2,6,-3,5,1
"H",4,2,6,-6,1,0
"H",4,2,6,0,11,7
"H",4,2,6,1,11,10
"H",4,2,6,2,7,5
"H",4,2,6,3,4,3
"H",4,2,6,4,4,4
"H",4,2,6,5,1,1
"H",4,2,6,7,2,2
"H",4,2,6,8,1,1
"H",4,2,7,-1,5,1
"H",4,2,7,-2,7,2
"H",4,2,7,-3,4,2
"H",4,2,7,-4,2,0
"H",4,2,7,-6,1,0
"H",4,2,7,-7,1,0
"H",4,2,7,0,9,6
"H",4,2,7,1,6,5
"H",4,2,7,2,3,2
"H",4,2,7,3,1,1
"H",4,2,7,5,1,1
"H",4,2,7,7,2,2
"H",4,2,8,-1,2,1
"H",4,2,8,-2,1,0
"H",4,2,8,-3,1,0
"H",4,2,8,0,10,9
"H",4,2,8,1,10,7
"H",4,2,8,2,2,2
"H",4,2,8,3,2,1
"H",4,2,8,4,1,1
"H",4,2,8,5,1,1
"H",4,2,8,7,1,1
"H",5,0,1,-1,135,40
"H",5,0,1,-2,90,23
"H",5,0,1,-3,67,7
"H",5,0,1,-4,32,1
"H",5,0,1,-5,20,1
"H",5,0,1,-6,10,0
"H",5,0,1,-7,9,1
"H",5,0,1,-8,5,0
"H",5,0,1,0,197,127
"H",5,0,1,1,121,93
"H",5,0,1,2,72,62
"H",5,0,1,3,51,46
"H",5,0,1,4,35,34
"H",5,0,1,5,14,13
"H",5,0,1,6,7,7
"H",5,0,1,7,5,5
"H",5,0,1,8,3,3
"H",5,0,1,9,1,1
"H",5,0,2,-1,31,11
"H",5,0,2,-2,20,6
"H",5,0,2,-3,21,2
"H",5,0,2,-4,13,0
"H",5,0,2,-5,3,0
"H",5,0,2,-6,3,0
"H",5,0,2,-7,4,1
"H",5,0,2,-8,4,0
"H",5,0,2,0,45,29
"H",5,0,2,1,27,26
"H",5,0,2,2,22,19
"H",5,0,2,3,14,13
"H",5,0,2,4,7,7
"H",5,0,2,5,2,2
"H",5,0,2,6,3,3
"H",5,0,2,7,1,1
"H",5,0,2,8,1,1
"H",5,0,3,-1,3,1
"H",5,0,3,-2,4,2
"H",5,0,3,-3,4,2
"H",5,0,3,-4,2,0
"H",5,0,3,-5,1,0
"H",5,0,3,-6,1,0
"H",5,0,3,-7,1,0
"H",5,0,3,0,16,12
"H",5,0,3,1,7,7
"H",5,0,3,2,4,4
"H",5,0,3,3,5,5
"H",5,0,3,4,3,3
"H",5,0,3,5,2,2
"H",5,0,4,-1,4,3
"H",5,0,4,-2,6,2
"H",5,0,4,-3,2,1
"H",5,0,4,-4,2,0
"H",5,0,4,-5,1,0
"H",5,0,4,-6,3,0
"H",5,0,4,-7,2,1
"H",5,0,4,-8,1,0
"H",5,0,4,0,12,8
"H",5,0,4,1,7,7
"H",5,0,4,2,10,9
"H",5,0,4,3,4,4
"H",5,0,4,4,3,3
"H",5,0,4,6,1,1
"H",5,0,5,-5,2,0
"H",5,0,5,0,6,5
"H",5,0,5,1,3,3
"H",5,0,5,2,1,1
"H",5,0,5,3,2,2
"H",5,0,5,4,2,2
"H",5,0,5,5,1,1
"H",5,0,6,-1,2,1
"H",5,0,6,-2,1,1
"H",5,0,6,-4,2,1
"H",5,0,6,-8,1,0
"H",5,0,6,0,3,2
"H",5,0,6,1,2,2
"H",5,0,6,2,1,1
"H",5,0,6,3,2,2
"H",5,0,7,-1,1,1
"H",5,0,7,0,1,0
"H",5,0,7,1,2,2
"H",5,0,7,2,1,1
"H",5,0,7,3,1,1
"H",5,0,7,4,1,1
"H",5,0,7,5,2,2
"H",5,0,8,-1,1,0
"H",5,0,8,-2,1,0
"H",5,0,8,-3,1,1
"H",5,0,8,-5,1,0
"H",5,0,8,-6,2,1
"H",5,0,8,-7,1,1
"H",5,0,8,0,4,3
"H",5,0,8,1,4,4
"H",5,0,8,2,4,4
"H",5,0,8,3,2,2
"H",5,0,8,4,1,1
"H",5,1,1,-1,101,28
"H",5,1,1,-2,67,15
"H",5,1,1,-3,43,3
"H",5,1,1,-4,18,1
"H",5,1,1,-5,15,1
"H",5,1,1,-6,6,0
"H",5,1,1,-7,5,0
"H",5,1,1,-8,1,0
"H",5,1,1,0,133,83
"H",5,1,1,1,87,61
"H",5,1,1,2,52,45
"H",5,1,1,3,35,30
"H",5,1,1,4,29,28
"H",5,1,1,5,11,10
"H",5,1,1,6,6,6
"H",5,1,1,7,4,4
"H",5,1,1,8,3,3
"H",5,1,1,9,1,1
"H",5,1,2,-1,31,6
"H",5,1,2,-2,28,9
"H",5,1,2,-3,30,2
"H",5,1,2,-4,15,1
"H",5,1,2,-5,7,1
"H",5,1,2,-6,2,0
"H",5,1,2,-7,3,0
"H",5,1,2,-8,2,0
"H",5,1,2,0,46,28
"H",5,1,2,1,47,38
"H",5,1,2,2,27,21
"H",5,1,2,3,18,16
"H",5,1,2,4,8,8
"H",5,1,2,5,5,5
"H",5,1,2,6,4,4
"H",5,1,2,7,2,2
"H",5,1,2,8,2,2
"H",5,1,2,9,1,1
"H",5,1,3,-1,21,6
"H",5,1,3,-2,5,3
"H",5,1,3,-3,7,1
"H",5,1,3,-4,6,0
"H",5,1,3,-5,2,0
"H",5,1,3,0,26,19
"H",5,1,3,1,24,22
"H",5,1,3,2,20,20
"H",5,1,3,3,9,8
"H",5,1,3,4,6,6
"H",5,1,3,5,3,3
"H",5,1,3,6,2,2
"H",5,1,3,7,1,1
"H",5,1,4,-1,7,1
"H",5,1,4,-2,12,5
"H",5,1,4,-3,11,1
"H",5,1,4,-4,1,0
"H",5,1,4,-5,1,0
"H",5,1,4,-6,1,0
"H",5,1,4,-7,1,0
"H",5,1,4,-8,1,0
"H",5,1,4,0,14,8
"H",5,1,4,1,11,11
"H",5,1,4,2,16,14
"H",5,1,4,3,6,5
"H",5,1,4,4,3,3
"H",5,1,4,5,1,1
"H",5,1,4,6,1,1
"H",5,1,4,8,1,1
"H",5,1,4,9,1,1
"H",5,1,5,-1,6,2
"H",5,1,5,-4,1,0
"H",5,1,5,-5,1,0
"H",5,1,5,0,20,16
"H",5,1,5,1,11,9
"H",5,1,5,2,3,2
"H",5,1,5,3,6,6
"H",5,1,5,4,4,4
"H",5,1,5,5,3,3
"H",5,1,6,-1,3,1
"H",5,1,6,-2,3,2
"H",5,1,6,-3,2,1
"H",5,1,6,-4,2,0
"H",5,1,6,-6,1,0
"H",5,1,6,-8,2,0
"H",5,1,6,0,9,6
"H",5,1,6,1,4,4
"H",5,1,6,2,2,2
"H",5,1,6,3,2,2
"H",5,1,6,6,1,1
"H",5,1,7,-1,3,2
"H",5,1,7,-2,4,0
"H",5,1,7,-3,3,1
"H",5,1,7,-4,2,0
"H",5,1,7,-5,1,0
"H",5,1,7,0,8,7
"H",5,1,7,1,4,4
"H",5,1,7,2,7,6
"H",5,1,7,3,3,3
"H",5,1,7,4,3,3
"H",5,1,7,5,2,2
"H",5,1,8,-1,3,1
"H",5,1,8,-2,2,2
"H",5,1,8,-3,1,1
"H",5,1,8,-6,1,0
"H",5,1,8,-7,1,0
"H",5,1,8,-8,1,0
"H",5,1,8,0,4,1
"H",5,1,8,1,3,2
"H",5,1,8,2,2,2
"H",5,1,8,4,1,1
"H",5,1,8,6,1,1
"H",5,2,1,-1,82,24
"H",5,2,1,-2,50,7
"H",5,2,1,-3,31,3
"H",5,2,1,-4,13,0
"H",5,2,1,-5,9,0
"H",5,2,1,-6,5,0
"H",5,2,1,-7,4,0
"H",5,2,1,-8,1,0
"H",5,2,1,0,110,64
"H",5,2,1,1,56,36
"H",5,2,1,2,42,35
"H",5,2,1,3,26,22
"H",5,2,1,4,27,26
"H",5,2,1,5,13,12
"H",5,2,1,6,6,6
"H",5,2,1,7,5,5
"H",5,2,1,8,1,1
"H",5,2,2,-1,33,10
"H",5,2,2,-2,28,7
"H",5,2,2,-3,25,2
"H",5,2,2,-4,13,2
"H",5,2,2,-5,5,0
"H",5,2,2,-6,2,0
"H",5,2,2,-7,4,0
"H",5,2,2,-8,2,0
"H",5,2,2,0,41,23
"H",5,2,2,1,39,30
"H",5,2,2,2,23,17
"H",5,2,2,3,14,12
"H",5,2,2,4,12,12
"H",5,2,2,5,6,6
"H",5,2,2,6,7,7
"H",5,2,2,7,2,2
"H",5,2,2,8,1,1
"H",5,2,3,-1,14,5
"H",5,2,3,-2,11,3
"H",5,2,3,-3,10,0
"H",5,2,3,-4,9,0
"H",5,2,3,-5,3,1
"H",5,2,3,-6,1,0
"H",5,2,3,-7,1,0
"H",5,2,3,0,28,18
"H",5,2,3,1,23,18
"H",5,2,3,2,27,25
"H",5,2,3,3,12,9
"H",5,2,3,4,6,6
"H",5,2,3,5,9,9
"H",5,2,3,6,4,4
"H",5,2,3,7,2,2
"H",5,2,4,-1,11,6
"H",5,2,4,-2,12,4
"H",5,2,4,-3,6,1
"H",5,2,4,-4,1,0
"H",5,2,4,-5,4,0
"H",5,2,4,-6,1,0
"H",5,2,4,-7,2,0
"H",5,2,4,0,9,5
"H",5,2,4,1,15,13
"H",5,2,4,2,13,10
"H",5,2,4,3,2,2
"H",5,2,4,4,1,1
"H",5,2,4,5,2,2
"H",5,2,4,6,3,3
"H",5,2,4,7,1,1
"H",5,2,4,8,2,2
"H",5,2,4,9,1,1
"H",5,2,5,-1,11,3
"H",5,2,5,-3,2,0
"H",5,2,5,-4,3,0
"H",5,2,5,-6,1,0
"H",5,2,5,0,20,11
"H",5,2,5,1,14,12
"H",5,2,5,2,8,8
"H",5,2,5,3,8,8
"H",5,2,5,4,5,5
"H",5,2,5,5,4,4
"H",5,2,5,6,1,1
"H",5,2,6,-1,8,0
"H",5,2,6,-2,3,0
"H",5,2,6,-3,1,0
"H",5,2,6,-4,2,0
"H",5,2,6,-6,1,0
"H",5,2,6,-7,1,0
"H",5,2,6,-8,1,0
"H",5,2,6,0,7,5
"H",5,2,6,1,8,8
"H",5,2,6,2,6,6
"H",5,2,6,3,4,4
"H",5,2,6,4,1,1
"H",5,2,6,5,1,1
"H",5,2,7,-1,4,2
"H",5,2,7,-2,5,0
"H",5,2,7,-3,3,0
"H",5,2,7,-4,2,1
"H",5,2,7,-6,1,0
"H",5,2,7,0,10,6
"H",5,2,7,1,6,5
"H",5,2,7,2,7,6
"H",5,2,7,3,3,2
"H",5,2,7,4,3,3
"H",5,2,7,5,1,1
"H",5,2,7,6,2,2
"H",5,2,8,-1,5,2
"H",5,2,8,-2,1,0
"H",5,2,8,-3,1,1
"H",5,2,8,-6,1,0
"H",5,2,8,0,5,3
"H",5,2,8,1,3,3
"H",5,2,8,2,4,3
"H",5,2,8,3,2,2
"H",5,2,8,6,1,1
"H",6,0,1,-1,131,44
"H",6,0,1,-2,88,21
"H",6,0,1,-3,68,4
"H",6,0,1,-4,44,2
"H",6,0,1,-5,27,0
"H",6,0,1,-6,9,0
"H",6,0,1,-7,8,0
"H",6,0,1,-8,6,0
"H",6,0,1,0,147,87
"H",6,0,1,1,105,89
"H",6,0,1,2,92,83
"H",6,0,1,3,57,51
"H",6,0,1,4,32,31
"H",6,0,1,5,21,21
"H",6,0,1,6,18,18
"H",6,0,1,7,4,4
"H",6,0,1,8,3,3
"H",6,0,1,9,1,1
"H",6,0,2,-1,32,15
"H",6,0,2,-2,28,8
"H",6,0,2,-3,12,2
"H",6,0,2,-4,9,2
"H",6,0,2,-5,8,0
"H",6,0,2,-6,2,0
"H",6,0,2,-7,3,0
"H",6,0,2,-8,2,0
"H",6,0,2,0,44,28
"H",6,0,2,1,29,27
"H",6,0,2,2,29,27
"H",6,0,2,3,19,17
"H",6,0,2,4,8,8
"H",6,0,2,5,6,6
"H",6,0,2,6,4,4
"H",6,0,2,7,1,1
"H",6,0,2,8,1,1
"H",6,0,3,-1,2,1
"H",6,0,3,-2,7,2
"H",6,0,3,-3,5,1
"H",6,0,3,-4,3,0
"H",6,0,3,-5,1,0
"H",6,0,3,-8,1,0
"H",6,0,3,0,10,7
"H",6,0,3,1,4,4
"H",6,0,3,2,9,9
"H",6,0,3,3,2,1
"H",6,0,3,4,3,3
"H",6,0,3,6,4,4
"H",6,0,3,7,2,2
"H",6,0,3,9,1,1
"H",6,0,4,-1,7,3
"H",6,0,4,-2,7,2
"H",6,0,4,-4,2,0
"H",6,0,4,-5,2,0
"H",6,0,4,-8,1,0
"H",6,0,4,0,7,5
"H",6,0,4,1,5,5
"H",6,0,4,2,5,5
"H",6,0,4,3,3,3
"H",6,0,4,7,2,2
"H",6,0,5,-1,4,4
"H",6,0,5,-2,1,1
"H",6,0,5,-3,1,0
"H",6,0,5,-4,1,0
"H",6,0,5,-5,1,0
"H",6,0,5,-6,1,0
"H",6,0,5,0,3,1
"H",6,0,5,1,2,2
"H",6,0,5,2,5,5
"H",6,0,5,3,5,5
"H",6,0,5,4,2,2
"H",6,0,5,5,1,1
"H",6,0,5,6,2,2
"H",6,0,5,9,1,1
"H",6,0,6,-1,3,2
"H",6,0,6,-2,1,0
"H",6,0,6,0,3,3
"H",6,0,6,1,3,3
"H",6,0,6,2,1,1
"H",6,0,6,3,1,1
"H",6,0,6,6,1,1
"H",6,0,7,-1,2,1
"H",6,0,7,-2,3,1
"H",6,0,7,0,2,2
"H",6,0,7,1,2,2
"H",6,0,7,2,3,3
"H",6,0,7,3,1,1
"H",6,0,8,-2,1,1
"H",6,0,8,-5,1,0
"H",6,0,8,-8,1,0
"H",6,0,8,0,5,3
"H",6,0,8,1,5,5
"H",6,0,8,2,1,1
"H",6,1,1,-1,98,27
"H",6,1,1,-2,55,11
"H",6,1,1,-3,53,1
"H",6,1,1,-4,35,0
"H",6,1,1,-5,19,0
"H",6,1,1,-6,6,0
"H",6,1,1,-7,5,0
"H",6,1,1,-8,3,0
"H",6,1,1,0,96,55
"H",6,1,1,1,75,60
"H",6,1,1,2,60,53
"H",6,1,1,3,38,34
"H",6,1,1,4,23,22
"H",6,1,1,5,17,17
"H",6,1,1,6,12,12
"H",6,1,1,7,4,4
"H",6,1,1,8,2,2
"H",6,1,2,-1,32,13
"H",6,1,2,-2,26,5
"H",6,1,2,-3,17,2
"H",6,1,2,-4,13,1
"H",6,1,2,-5,9,0
"H",6,1,2,-6,3,0
"H",6,1,2,-7,3,0
"H",6,1,2,-8,3,0
"H",6,1,2,0,38,24
"H",6,1,2,1,34,27
"H",6,1,2,10,1,1
"H",6,1,2,2,31,27
"H",6,1,2,3,15,15
"H",6,1,2,4,14,14
"H",6,1,2,5,6,6
"H",6,1,2,6,6,6
"H",6,1,2,7,7,7
"H",6,1,2,8,1,1
"H",6,1,3,-1,21,9
"H",6,1,3,-2,10,2
"H",6,1,3,-3,8,1
"H",6,1,3,-4,3,1
"H",6,1,3,-5,2,0
"H",6,1,3,-7,1,0
"H",6,1,3,-8,1,0
"H",6,1,3,0,33,19
"H",6,1,3,1,17,15
"H",6,1,3,2,16,16
"H",6,1,3,3,18,16
"H",6,1,3,4,5,5
"H",6,1,3,5,6,6
"H",6,1,3,6,6,6
"H",6,1,3,7,3,3
"H",6,1,3,8,2,2
"H",6,1,4,-1,10,4
"H",6,1,4,-2,9,2
"H",6,1,4,-3,4,1
"H",6,1,4,-4,6,2
"H",6,1,4,-5,6,0
"H",6,1,4,-6,1,0
"H",6,1,4,-7,1,0
"H",6,1,4,0,9,8
"H",6,1,4,1,13,11
"H",6,1,4,2,8,7
"H",6,1,4,3,6,6
"H",6,1,4,4,5,5
"H",6,1,4,5,2,2
"H",6,1,4,6,1,1
"H",6,1,4,7,1,1
"H",6,1,5,-1,6,3
"H",6,1,5,-2,4,2
"H",6,1,5,-3,5,1
"H",6,1,5,-4,1,0
"H",6,1,5,-5,1,0
"H",6,1,5,-6,1,0
"H",6,1,5,-8,1,0
"H",6,1,5,0,4,2
"H",6,1,5,1,7,6
"H",6,1,5,10,1,1
"H",6,1,5,2,7,7
"H",6,1,5,3,10,10
"H",6,1,5,4,7,7
"H",6,1,5,5,2,2
"H",6,1,5,6,1,1
"H",6,1,5,7,1,1
"H",6,1,5,9,1,1
"H",6,1,6,-1,6,4
"H",6,1,6,-2,5,0
"H",6,1,6,-3,2,0
"H",6,1,6,-4,1,0
"H",6,1,6,-5,2,0
"H",6,1,6,-7,1,0
"H",6,1,6,0,8,7
"H",6,1,6,1,9,8
"H",6,1,6,2,6,6
"H",6,1,6,3,4,4
"H",6,1,6,4,1,1
"H",6,1,6,5,1,1
"H",6,1,6,6,2,2
"H",6,1,6,7,1,1
"H",6,1,7,-1,6,2
"H",6,1,7,-2,5,1
"H",6,1,7,-3,4,0
"H",6,1,7,0,5,4
"H",6,1,7,1,2,2
"H",6,1,7,2,5,5
"H",6,1,7,3,3,3
"H",6,1,7,5,2,2
"H",6,1,7,6,1,1
"H",6,1,7,7,2,2
"H",6,1,8,-1,2,0
"H",6,1,8,-2,1,0
"H",6,1,8,-3,1,0
"H",6,1,8,-4,4,2
"H",6,1,8,-5,3,0
"H",6,1,8,0,9,6
"H",6,1,8,1,5,5
"H",6,1,8,2,5,5
"H",6,1,8,3,1,1
"H",6,1,8,4,1,1
"H",6,1,8,5,2,2
"H",6,1,8,7,1,1
"H",6,2,1,-1,79,18
"H",6,2,1,-2,43,8
"H",6,2,1,-3,44,1
"H",6,2,1,-4,25,0
"H",6,2,1,-5,13,0
"H",6,2,1,-6,4,0
"H",6,2,1,-7,4,0
"H",6,2,1,-8,1,0
"H",6,2,1,0,75,40
"H",6,2,1,1,50,38
"H",6,2,1,11,1,1
"H",6,2,1,2,52,43
"H",6,2,1,3,30,25
"H",6,2,1,4,24,23
"H",6,2,1,5,15,15
"H",6,2,1,6,10,10
"H",6,2,1,7,2,2
"H",6,2,1,8,1,1
"H",6,2,2,-1,32,9
"H",6,2,2,-2,37,5
"H",6,2,2,-3,15,1
"H",6,2,2,-4,18,0
"H",6,2,2,-5,5,0
"H",6,2,2,-6,3,0
"H",6,2,2,-7,2,0
"H",6,2,2,-8,2,0
"H",6,2,2,0,35,18
"H",6,2,2,1,31,23
"H",6,2,2,2,30,26
"H",6,2,2,3,14,13
"H",6,2,2,4,15,15
"H",6,2,2,5,8,8
"H",6,2,2,6,4,4
"H",6,2,2,7,4,4
"H",6,2,2,8,4,4
"H",6,2,3,-1,25,8
"H",6,2,3,-2,9,2
"H",6,2,3,-3,12,1
"H",6,2,3,-4,1,0
"H",6,2,3,-5,3,0
"H",6,2,3,-7,1,0
"H",6,2,3,-8,1,0
"H",6,2,3,0,35,26
"H",6,2,3,1,19,12
"H",6,2,3,2,25,23
"H",6,2,3,3,17,16
"H",6,2,3,4,5,5
"H",6,2,3,5,8,8
"H",6,2,3,6,4,4
"H",6,2,3,7,2,2
"H",6,2,3,8,1,1
"H",6,2,4,-1,10,5
"H",6,2,4,-2,10,1
"H",6,2,4,-3,8,1
"H",6,2,4,-4,5,0
"H",6,2,4,-5,4,0
"H",6,2,4,-6,1,0
"H",6,2,4,-7,2,0
"H",6,2,4,-8,1,0
"H",6,2,4,0,9,7
"H",6,2,4,1,11,9
"H",6,2,4,2,10,8
"H",6,2,4,3,10,9
"H",6,2,4,4,8,8
"H",6,2,4,5,4,4
"H",6,2,4,6,1,1
"H",6,2,4,7,1,1
"H",6,2,5,-1,14,0
"H",6,2,5,-2,6,3
"H",6,2,5,-3,7,0
"H",6,2,5,-4,2,0
"H",6,2,5,-8,1,0
"H",6,2,5,0,14,6
"H",6,2,5,1,13,12
"H",6,2,5,10,1,1
"H",6,2,5,2,11,11
"H",6,2,5,3,9,9
"H",6,2,5,4,7,7
"H",6,2,5,5,4,4
"H",6,2,5,6,3,3
"H",6,2,5,7,4,4
"H",6,2,5,8,1,1
"H",6,2,6,-1,9,7
"H",6,2,6,-2,5,1
"H",6,2,6,-3,1,0
"H",6,2,6,-4,3,0
"H",6,2,6,-7,1,0
"H",6,2,6,-8,1,0
"H",6,2,6,0,8,6
"H",6,2,6,1,9,8
"H",6,2,6,2,7,7
"H",6,2,6,3,6,6
"H",6,2,6,4,2,2
"H",6,2,6,5,2,2
"H",6,2,6,7,3,3
"H",6,2,6,8,1,1
"H",6,2,7,-1,7,1
"H",6,2,7,-2,5,0
"H",6,2,7,-3,1,0
"H",6,2,7,-4,2,0
"H",6,2,7,-5,2,0
"H",6,2,7,-7,1,0
"H",6,2,7,0,2,2
"H",6,2,7,1,6,5
"H",6,2,7,2,8,8
"H",6,2,7,3,3,3
"H",6,2,7,4,3,3
"H",6,2,8,-1,7,1
"H",6,2,8,-2,1,0
"H",6,2,8,-3,2,1
"H",6,2,8,-4,2,0
"H",6,2,8,-5,1,0
"H",6,2,8,-7,1,0
"H",6,2,8,0,10,7
"H",6,2,8,1,6,5
"H",6,2,8,2,4,3
"H",6,2,8,3,1,1
"H",6,2,8,4,4,4
"H",6,2,8,5,3,3
"H",6,2,8,7,1,1
"H",7,0,1,-1,126,38
"H",7,0,1,-10,1,0
"H",7,0,1,-2,81,10
"H",7,0,1,-3,68,7
"H",7,0,1,-4,49,0
"H",7,0,1,-5,22,0
"H",7,0,1,-6,14,0
"H",7,0,1,-7,14,0
"H",7,0,1,-8,6,0
"H",7,0,1,-9,4,0
"H",7,0,1,0,110,70
"H",7,0,1,1,107,88
"H",7,0,1,10,1,1
"H",7,0,1,11,1,1
"H",7,0,1,2,93,82
"H",7,0,1,3,64,62
"H",7,0,1,4,39,39
"H",7,0,1,5,24,24
"H",7,0,1,6,15,15
"H",7,0,1,7,9,9
"H",7,0,1,8,6,6
"H",7,0,2,-1,30,13
"H",7,0,2,-2,28,6
"H",7,0,2,-3,20,3
"H",7,0,2,-4,8,0
"H",7,0,2,-5,8,0
"H",7,0,2,-6,6,0
"H",7,0,2,-7,4,0
"H",7,0,2,-8,1,0
"H",7,0,2,0,40,31
"H",7,0,2,1,27,23
"H",7,0,2,2,25,23
"H",7,0,2,3,23,22
"H",7,0,2,4,12,12
"H",7,0,2,5,6,6
"H",7,0,2,6,5,5
"H",7,0,2,7,3,3
"H",7,0,2,8,2,2
"H",7,0,3,-1,11,4
"H",7,0,3,-2,6,0
"H",7,0,3,-3,2,0
"H",7,0,3,-5,1,0
"H",7,0,3,-6,2,0
"H",7,0,3,-8,1,0
"H",7,0,3,0,4,3
"H",7,0,3,1,5,5
"H",7,0,3,2,8,8
"H",7,0,3,3,4,3
"H",7,0,3,4,9,9
"H",7,0,3,5,1,1
"H",7,0,3,6,3,3
"H",7,0,3,7,2,2
"H",7,0,3,8,1,1
"H",7,0,4,-1,6,1
"H",7,0,4,-2,5,0
"H",7,0,4,-3,3,1
"H",7,0,4,-4,2,0
"H",7,0,4,-5,3,0
"H",7,0,4,-6,3,0
"H",7,0,4,-7,2,0
"H",7,0,4,0,6,4
"H",7,0,4,1,2,2
"H",7,0,4,2,4,4
"H",7,0,4,3,7,7
"H",7,0,4,4,1,1
"H",7,0,4,5,1,1
"H",7,0,4,6,1,1
"H",7,0,4,7,1,1
"H",7,0,5,-1,1,0
"H",7,0,5,-2,3,1
"H",7,0,5,-4,1,0
"H",7,0,5,-5,3,0
"H",7,0,5,-6,1,0
"H",7,0,5,-7,1,0
"H",7,0,5,0,2,1
"H",7,0,5,1,6,6
"H",7,0,5,2,4,3
"H",7,0,5,3,3,3
"H",7,0,5,5,2,2
"H",7,0,6,-1,5,2
"H",7,0,6,-2,3,0
"H",7,0,6,-4,1,0
"H",7,0,6,-5,1,0
"H",7,0,6,-6,1,0
"H",7,0,6,-8,1,0
"H",7,0,6,0,2,2
"H",7,0,6,1,2,2
"H",7,0,6,2,1,1
"H",7,0,6,3,2,1
"H",7,0,6,4,1,0
"H",7,0,6,6,2,2
"H",7,0,7,-1,1,0
"H",7,0,7,-2,1,1
"H",7,0,7,-3,3,0
"H",7,0,7,-4,1,0
"H",7,0,7,1,2,2
"H",7,0,7,2,1,1
"H",7,0,7,5,1,1
"H",7,0,7,6,1,1
"H",7,0,8,-1,2,0
"H",7,0,8,-7,1,0
"H",7,0,8,0,1,1
"H",7,0,8,1,2,2
"H",7,0,8,2,1,1
"H",7,0,8,6,1,1
"H",7,1,1,-1,90,22
"H",7,1,1,-10,1,0
"H",7,1,1,-2,47,3
"H",7,1,1,-3,48,4
"H",7,1,1,-4,41,0
"H",7,1,1,-5,13,0
"H",7,1,1,-6,7,0
"H",7,1,1,-7,9,0
"H",7,1,1,-8,4,0
"H",7,1,1,-9,4,0
"H",7,1,1,0,68,37
"H",7,1,1,1,78,63
"H",7,1,1,10,1,1
"H",7,1,1,11,1,1
"H",7,1,1,12,1,1
"H",7,1,1,2,67,58
"H",7,1,1,3,42,42
"H",7,1,1,4,32,32
"H",7,1,1,5,17,17
"H",7,1,1,6,8,8
"H",7,1,1,7,7,7
"H",7,1,1,8,4,4
"H",7,1,2,-1,32,8
"H",7,1,2,-2,20,6
"H",7,1,2,-3,18,3
"H",7,1,2,-4,14,0
"H",7,1,2,-5,8,0
"H",7,1,2,-6,3,0
"H",7,1,2,-7,4,0
"H",7,1,2,-8,1,0
"H",7,1,2,-9,2,0
"H",7,1,2,0,34,23
"H",7,1,2,1,34,30
"H",7,1,2,12,1,1
"H",7,1,2,2,19,16
"H",7,1,2,3,15,15
"H",7,1,2,4,15,15
"H",7,1,2,5,10,9
"H",7,1,2,6,3,3
"H",7,1,2,7,3,3
"H",7,1,2,8,2,2
"H",7,1,3,-1,19,9
"H",7,1,3,-2,5,0
"H",7,1,3,-3,2,0
"H",7,1,3,-4,2,0
"H",7,1,3,-5,1,0
"H",7,1,3,-6,2,0
"H",7,1,3,0,24,19
"H",7,1,3,1,24,20
"H",7,1,3,2,18,16
"H",7,1,3,3,16,15
"H",7,1,3,4,11,10
"H",7,1,3,5,5,5
"H",7,1,3,6,3,3
"H",7,1,3,7,1,1
"H",7,1,4,-1,9,2
"H",7,1,4,-2,5,1
"H",7,1,4,-3,6,2
"H",7,1,4,-4,7,0
"H",7,1,4,-5,6,0
"H",7,1,4,-6,1,0
"H",7,1,4,-7,3,0
"H",7,1,4,0,12,10
"H",7,1,4,1,9,8
"H",7,1,4,2,5,4
"H",7,1,4,3,7,7
"H",7,1,4,4,3,3
"H",7,1,4,5,3,3
"H",7,1,4,6,1,1
"H",7,1,4,8,1,1
"H",7,1,4,9,1,1
"H",7,1,5,-1,10,6
"H",7,1,5,-2,4,1
"H",7,1,5,-3,3,0
"H",7,1,5,-4,1,0
"H",7,1,5,-5,2,0
"H",7,1,5,-8,1,0
"H",7,1,5,0,7,5
"H",7,1,5,1,12,12
"H",7,1,5,2,10,8
"H",7,1,5,3,5,5
"H",7,1,5,4,9,9
"H",7,1,5,5,2,2
"H",7,1,5,6,2,2
"H",7,1,6,-1,5,3
"H",7,1,6,-2,1,0
"H",7,1,6,-3,4,1
"H",7,1,6,-5,3,0
"H",7,1,6,-6,1,0
"H",7,1,6,0,6,5
"H",7,1,6,1,9,8
"H",7,1,6,2,7,5
"H",7,1,6,3,5,5
"H",7,1,6,4,2,2
"H",7,1,6,5,2,2
"H",7,1,6,6,1,1
"H",7,1,6,7,2,2
"H",7,1,6,8,1,1
"H",7,1,7,-1,6,0
"H",7,1,7,-2,3,1
"H",7,1,7,-3,3,0
"H",7,1,7,-4,2,0
"H",7,1,7,-5,1,0
"H",7,1,7,-6,1,0
"H",7,1,7,-9,1,0
"H",7,1,7,0,2,1
"H",7,1,7,1,3,2
"H",7,1,7,10,1,1
"H",7,1,7,2,3,3
"H",7,1,7,3,3,3
"H",7,1,7,4,2,2
"H",7,1,7,5,1,1
"H",7,1,7,6,1,1
"H",7,1,8,-1,2,1
"H",7,1,8,-2,3,1
"H",7,1,8,-3,4,1
"H",7,1,8,-4,3,0
"H",7,1,8,-5,1,0
"H",7,1,8,-6,1,0
"H",7,1,8,-7,2,0
"H",7,1,8,0,1,1
"H",7,1,8,1,3,3
"H",7,1,8,3,1,1
"H",7,1,8,4,2,2
"H",7,1,8,5,2,2
"H",7,1,8,6,1,1
"H",7,2,1,-1,66,12
"H",7,2,1,-10,1,0
"H",7,2,1,-2,45,3
"H",7,2,1,-3,46,3
"H",7,2,1,-4,32,0
"H",7,2,1,-5,11,0
"H",7,2,1,-6,4,0
"H",7,2,1,-7,8,0
"H",7,2,1,-8,3,0
"H",7,2,1,-9,2,0
"H",7,2,1,0,53,29
"H",7,2,1,1,59,43
"H",7,2,1,10,1,1
"H",7,2,1,11,1,1
"H",7,2,1,12,1,1
"H",7,2,1,2,51,45
"H",7,2,1,3,37,37
"H",7,2,1,4,27,27
"H",7,2,1,5,15,15
"H",7,2,1,6,7,7
"H",7,2,1,7,11,11
"H",7,2,1,8,4,4
"H",7,2,2,-1,37,10
"H",7,2,2,-2,18,3
"H",7,2,2,-3,26,3
"H",7,2,2,-4,10,0
"H",7,2,2,-5,7,0
"H",7,2,2,-6,3,0
"H",7,2,2,-7,6,0
"H",7,2,2,-8,2,0
"H",7,2,2,-9,1,0
"H",7,2,2,0,38,23
"H",7,2,2,1,23,19
"H",7,2,2,11,1,1
"H",7,2,2,2,26,20
"H",7,2,2,3,19,19
"H",7,2,2,4,14,14
"H",7,2,2,5,13,13
"H",7,2,2,6,7,7
"H",7,2,2,7,9,9
"H",7,2,2,8,2,2
"H",7,2,3,-1,25,7
"H",7,2,3,-2,12,1
"H",7,2,3,-3,9,0
"H",7,2,3,-4,3,0
"H",7,2,3,-5,2,0
"H",7,2,3,-6,1,0
"H",7,2,3,-7,2,0
"H",7,2,3,0,27,17
"H",7,2,3,1,16,16
"H",7,2,3,2,20,18
"H",7,2,3,3,20,20
"H",7,2,3,4,13,12
"H",7,2,3,5,6,6
"H",7,2,3,6,6,6
"H",7,2,3,7,2,2
"H",7,2,3,8,3,3
"H",7,2,3,9,1,1
"H",7,2,4,-1,10,2
"H",7,2,4,-2,11,3
"H",7,2,4,-3,14,1
"H",7,2,4,-4,4,0
"H",7,2,4,-5,4,0
"H",7,2,4,-6,2,0
"H",7,2,4,0,14,9
"H",7,2,4,1,10,9
"H",7,2,4,2,8,6
"H",7,2,4,3,8,8
"H",7,2,4,4,5,5
"H",7,2,4,5,3,3
"H",7,2,4,7,3,3
"H",7,2,4,8,1,1
"H",7,2,4,9,1,1
"H",7,2,5,-1,8,3
"H",7,2,5,-2,6,0
"H",7,2,5,-3,3,0
"H",7,2,5,-4,4,0
"H",7,2,5,-7,1,0
"H",7,2,5,-8,2,0
"H",7,2,5,0,11,4
"H",7,2,5,1,10,9
"H",7,2,5,13,1,1
"H",7,2,5,2,10,10
"H",7,2,5,3,7,7
"H",7,2,5,4,8,8
"H",7,2,5,5,3,3
"H",7,2,5,7,3,3
"H",7,2,6,-1,5,0
"H",7,2,6,-2,2,0
"H",7,2,6,-3,4,1
"H",7,2,6,-4,2,0
"H",7,2,6,-5,3,0
"H",7,2,6,-7,1,0
"H",7,2,6,0,7,5
"H",7,2,6,1,9,8
"H",7,2,6,2,6,6
"H",7,2,6,3,2,2
"H",7,2,6,4,2,2
"H",7,2,6,6,1,1
"H",7,2,6,8,3,3
"H",7,2,7,-1,6,0
"H",7,2,7,-2,4,1
"H",7,2,7,-3,5,0
"H",7,2,7,-4,1,0
"H",7,2,7,-5,2,0
"H",7,2,7,-7,1,0
"H",7,2,7,0,11,10
"H",7,2,7,1,8,6
"H",7,2,7,11,1,1
"H",7,2,7,2,4,3
"H",7,2,7,3,4,4
"H",7,2,7,4,3,3
"H",7,2,7,5,1,1
"H",7,2,7,8,1,1
"H",7,2,8,-1,3,1
"H",7,2,8,-2,2,1
"H",7,2,8,-3,3,0
"H",7,2,8,-4,1,0
"H",7,2,8,-5,1,0
"H",7,2,8,0,4,3
"H",7,2,8,1,4,3
"H",7,2,8,2,1,0
"H",7,2,8,3,2,2
"H",7,2,8,4,3,3
"H",7,2,8,5,4,4
"H",7,2,8,9,1,1
"H",8,0,1,-1,104,22
"H",8,0,1,-10,1,0
"H",8,0,1,-11,1,0
"H",8,0,1,-2,72,9
"H",8,0,1,-3,76,7
"H",8,0,1,-4,49,0
"H",8,0,1,-5,31,0
"H",8,0,1,-6,18,0
"H",8,0,1,-7,14,0
"H",8,0,1,-8,6,0
"H",8,0,1,-9,4,0
"H",8,0,1,0,116,73
"H",8,0,1,1,100,89
"H",8,0,1,11,1,1
"H",8,0,1,12,2,2
"H",8,0,1,2,89,83
"H",8,0,1,3,70,70
"H",8,0,1,4,37,37
"H",8,0,1,5,25,24
"H",8,0,1,6,14,14
"H",8,0,1,7,19,19
"H",8,0,1,8,4,4
"H",8,0,1,9,3,3
"H",8,0,2,-1,30,10
"H",8,0,2,-10,1,0
"H",8,0,2,-2,20,6
"H",8,0,2,-3,17,2
"H",8,0,2,-4,15,0
"H",8,0,2,-5,5,0
"H",8,0,2,-6,3,0
"H",8,0,2,-7,4,0
"H",8,0,2,-8,2,0
"H",8,0,2,-9,1,0
"H",8,0,2,0,28,21
"H",8,0,2,1,24,22
"H",8,0,2,11,1,1
"H",8,0,2,12,1,1
"H",8,0,2,2,29,28
"H",8,0,2,3,15,15
"H",8,0,2,4,13,13
"H",8,0,2,5,9,9
"H",8,0,2,6,3,3
"H",8,0,2,7,4,4
"H",8,0,2,8,2,2
"H",8,0,2,9,1,1
"H",8,0,3,-1,6,2
"H",8,0,3,-2,5,0
"H",8,0,3,-3,4,1
"H",8,0,3,-4,3,0
"H",8,0,3,-5,1,0
"H",8,0,3,-6,3,0
"H",8,0,3,-9,1,0
"H",8,0,3,0,6,6
"H",8,0,3,1,6,5
"H",8,0,3,12,1,1
"H",8,0,3,2,5,5
"H",8,0,3,3,4,4
"H",8,0,3,4,1,1
"H",8,0,3,5,1,1
"H",8,0,3,6,2,2
"H",8,0,3,7,2,2
"H",8,0,3,9,1,1
"H",8,0,4,-1,5,3
"H",8,0,4,-2,8,1
"H",8,0,4,-3,7,1
"H",8,0,4,-4,1,0
"H",8,0,4,-6,1,0
"H",8,0,4,-8,1,0
"H",8,0,4,0,4,4
"H",8,0,4,1,11,11
"H",8,0,4,11,1,1
"H",8,0,4,2,6,6
"H",8,0,4,3,2,2
"H",8,0,4,4,2,2
"H",8,0,4,5,3,3
"H",8,0,4,7,1,1
"H",8,0,4,8,1,1
"H",8,0,4,9,1,1
"H",8,0,5,-1,2,2
"H",8,0,5,-3,1,0
"H",8,0,5,-4,3,0
"H",8,0,5,-5,1,0
"H",8,0,5,-7,1,0
"H",8,0,5,0,4,4
"H",8,0,5,1,3,3
"H",8,0,5,2,1,1
"H",8,0,5,3,5,5
"H",8,0,5,5,1,1
"H",8,0,5,7,1,1
"H",8,0,5,8,2,2
"H",8,0,5,9,1,1
"H",8,0,6,-1,3,1
"H",8,0,6,-3,2,0
"H",8,0,6,-4,2,0
"H",8,0,6,-7,1,0
"H",8,0,6,0,4,3
"H",8,0,6,1,1,1
"H",8,0,6,2,1,1
"H",8,0,6,3,1,1
"H",8,0,6,4,1,1
"H",8,0,6,5,1,1
"H",8,0,6,7,1,1
"H",8,0,6,8,2,2
"H",8,0,6,9,1,1
"H",8,0,7,-1,2,0
"H",8,0,7,-2,1,1
"H",8,0,7,1,3,3
"H",8,0,7,4,2,2
"H",8,0,8,-1,2,2
"H",8,0,8,-2,3,1
"H",8,0,8,-3,1,0
"H",8,0,8,0,1,1
"H",8,0,8,1,2,2
"H",8,0,8,2,2,2
"H",8,0,8,3,1,1
"H",8,1,1,-1,69,8
"H",8,1,1,-11,1,0
"H",8,1,1,-2,49,4
"H",8,1,1,-3,57,4
"H",8,1,1,-4,32,0
"H",8,1,1,-5,24,0
"H",8,1,1,-6,13,0
"H",8,1,1,-7,9,0
"H",8,1,1,-8,4,0
"H",8,1,1,-9,2,0
"H",8,1,1,0,82,45
"H",8,1,1,1,74,64
"H",8,1,1,2,62,57
"H",8,1,1,3,52,52
"H",8,1,1,4,27,27
"H",8,1,1,5,18,17
"H",8,1,1,6,12,12
"H",8,1,1,7,14,14
"H",8,1,1,8,2,2
"H",8,1,1,9,2,2
"H",8,1,2,-1,29,6
"H",8,1,2,-2,19,4
"H",8,1,2,-3,22,2
"H",8,1,2,-4,19,0
"H",8,1,2,-5,8,0
"H",8,1,2,-6,6,0
"H",8,1,2,-7,5,0
"H",8,1,2,-8,1,0
"H",8,1,2,-9,1,0
"H",8,1,2,0,31,19
"H",8,1,2,1,35,32
"H",8,1,2,12,1,1
"H",8,1,2,2,29,27
"H",8,1,2,3,20,20
"H",8,1,2,4,10,10
"H",8,1,2,5,7,6
"H",8,1,2,6,6,6
"H",8,1,2,7,6,6
"H",8,1,2,8,1,1
"H",8,1,2,9,1,1
"H",8,1,3,-1,13,4
"H",8,1,3,-10,1,0
"H",8,1,3,-2,11,3
"H",8,1,3,-3,4,0
"H",8,1,3,-4,5,0
"H",8,1,3,-6,2,0
"H",8,1,3,0,18,14
"H",8,1,3,1,13,11
"H",8,1,3,10,1,1
"H",8,1,3,12,1,1
"H",8,1,3,2,24,23
"H",8,1,3,3,15,15
"H",8,1,3,4,8,8
"H",8,1,3,5,3,3
"H",8,1,3,6,5,5
"H",8,1,3,7,1,1
"H",8,1,3,9,1,1
"H",8,1,4,-1,7,2
"H",8,1,4,-2,9,1
"H",8,1,4,-3,9,1
"H",8,1,4,-4,5,0
"H",8,1,4,-5,4,0
"H",8,1,4,-6,4,0
"H",8,1,4,-7,1,0
"H",8,1,4,-8,2,0
"H",8,1,4,0,9,8
"H",8,1,4,1,11,9
"H",8,1,4,2,5,5
"H",8,1,4,3,11,11
"H",8,1,4,4,2,2
"H",8,1,4,5,3,3
"H",8,1,4,6,2,2
"H",8,1,4,7,1,1
"H",8,1,4,9,2,2
"H",8,1,5,-1,5,4
"H",8,1,5,-2,1,0
"H",8,1,5,-4,1,0
"H",8,1,5,-5,2,0
"H",8,1,5,-6,3,0
"H",8,1,5,-7,1,0
"H",8,1,5,-9,1,0
"H",8,1,5,0,7,6
"H",8,1,5,1,8,6
"H",8,1,5,2,7,7
"H",8,1,5,3,5,5
"H",8,1,5,4,2,2
"H",8,1,5,5,3,3
"H",8,1,5,7,4,4
"H",8,1,6,-1,5,0
"H",8,1,6,-2,1,0
"H",8,1,6,-3,2,0
"H",8,1,6,-4,1,0
"H",8,1,6,-7,1,0
"H",8,1,6,0,5,4
"H",8,1,6,1,5,5
"H",8,1,6,2,7,6
"H",8,1,6,3,2,2
"H",8,1,6,4,4,4
"H",8,1,7,-1,4,2
"H",8,1,7,-2,5,0
"H",8,1,7,-3,1,1
"H",8,1,7,-4,1,0
"H",8,1,7,-5,1,0
"H",8,1,7,-9,1,0
"H",8,1,7,0,7,6
"H",8,1,7,1,6,5
"H",8,1,7,2,5,5
"H",8,1,7,3,1,1
"H",8,1,7,4,2,2
"H",8,1,7,5,1,1
"H",8,1,7,7,1,1
"H",8,1,7,8,1,1
"H",8,1,7,9,1,1
"H",8,1,8,-1,2,0
"H",8,1,8,-2,3,0
"H",8,1,8,-4,1,0
"H",8,1,8,0,4,4
"H",8,1,8,1,3,3
"H",8,1,8,2,2,2
"H",8,1,8,3,1,1
"H",8,1,8,5,1,1
"H",8,2,1,-1,53,4
"H",8,2,1,-11,1,0
"H",8,2,1,-2,40,3
"H",8,2,1,-3,46,3
"H",8,2,1,-4,20,0
"H",8,2,1,-5,21,0
"H",8,2,1,-6,8,0
"H",8,2,1,-7,7,0
"H",8,2,1,-8,6,0
"H",8,2,1,-9,2,0
"H",8,2,1,0,66,33
"H",8,2,1,1,54,46
"H",8,2,1,2,47,44
"H",8,2,1,3,45,45
"H",8,2,1,4,26,26
"H",8,2,1,5,14,14
"H",8,2,1,6,9,9
"H",8,2,1,7,10,10
"H",8,2,1,8,5,5
"H",8,2,1,9,1,1
"H",8,2,2,-1,28,6
"H",8,2,2,-11,1,0
"H",8,2,2,-2,23,5
"H",8,2,2,-3,26,3
"H",8,2,2,-4,17,0
"H",8,2,2,-5,8,0
"H",8,2,2,-6,7,0
"H",8,2,2,-7,4,0
"H",8,2,2,-8,2,0
"H",8,2,2,-9,1,0
"H",8,2,2,0,25,15
"H",8,2,2,1,38,31
"H",8,2,2,10,1,1
"H",8,2,2,12,1,1
"H",8,2,2,2,31,28
"H",8,2,2,3,26,25
"H",8,2,2,4,13,13
"H",8,2,2,5,11,11
"H",8,2,2,6,4,4
"H",8,2,2,7,5,5
"H",8,2,2,8,2,2
"H",8,2,3,-1,18,4
"H",8,2,3,-10,1,0
"H",8,2,3,-2,11,3
"H",8,2,3,-3,8,0
"H",8,2,3,-4,6,0
"H",8,2,3,-6,3,0
"H",8,2,3,-7,1,0
"H",8,2,3,0,24,15
"H",8,2,3,1,27,25
"H",8,2,3,10,1,1
"H",8,2,3,2,30,26
"H",8,2,3,3,29,29
"H",8,2,3,4,17,17
"H",8,2,3,5,10,9
"H",8,2,3,6,7,7
"H",8,2,3,7,2,2
"H",8,2,3,9,1,1
"H",8,2,4,-1,8,2
"H",8,2,4,-11,1,0
"H",8,2,4,-2,13,2
"H",8,2,4,-3,11,2
"H",8,2,4,-4,4,0
"H",8,2,4,-5,2,0
"H",8,2,4,-6,1,0
"H",8,2,4,-8,1,0
"H",8,2,4,0,10,4
"H",8,2,4,1,13,11
"H",8,2,4,2,10,9
"H",8,2,4,3,11,11
"H",8,2,4,4,4,4
"H",8,2,4,5,8,8
"H",8,2,4,6,1,1
"H",8,2,4,7,1,1
"H",8,2,4,9,1,1
"H",8,2,5,-1,7,2
"H",8,2,5,-2,7,2
"H",8,2,5,-3,1,0
"H",8,2,5,-4,2,0
"H",8,2,5,-5,2,0
"H",8,2,5,-6,3,0
"H",8,2,5,-7,2,0
"H",8,2,5,-9,1,0
"H",8,2,5,0,9,4
"H",8,2,5,1,11,7
"H",8,2,5,11,1,1
"H",8,2,5,12,1,1
"H",8,2,5,2,13,13
"H",8,2,5,3,7,7
"H",8,2,5,4,10,10
"H",8,2,5,5,2,2
"H",8,2,5,6,2,2
"H",8,2,5,7,3,3
"H",8,2,5,9,1,1
"H",8,2,6,-1,5,0
"H",8,2,6,-2,3,2
"H",8,2,6,-3,3,0
"H",8,2,6,-5,1,0
"H",8,2,6,-6,1,0
"H",8,2,6,-7,2,0
"H",8,2,6,0,12,8
"H",8,2,6,1,8,5
"H",8,2,6,2,5,5
"H",8,2,6,3,4,4
"H",8,2,6,4,4,4
"H",8,2,6,5,1,1
"H",8,2,7,-1,4,0
"H",8,2,7,-2,6,4
"H",8,2,7,-3,3,0
"H",8,2,7,-4,1,0
"H",8,2,7,-6,1,0
"H",8,2,7,-8,1,0
"H",8,2,7,-9,1,0
"H",8,2,7,0,3,2
"H",8,2,7,1,12,11
"H",8,2,7,2,4,4
"H",8,2,7,3,7,7
"H",8,2,7,4,3,3
"H",8,2,7,5,2,2
"H",8,2,7,7,2,2
"H",8,2,7,9,1,1
"H",8,2,8,-1,3,0
"H",8,2,8,-2,7,3
"H",8,2,8,-3,3,2
"H",8,2,8,-6,1,0
"H",8,2,8,-8,1,0
"H",8,2,8,0,1,0
"H",8,2,8,1,5,4
"H",8,2,8,2,2,2
"H",8,2,8,3,2,2
"H",8,2,8,4,1,1
"H",8,2,8,5,1,1
"H",8,2,8,6,1,1
"H",9,0,1,-1,106,15
"H",9,0,1,-10,1,0
"H",9,0,1,-11,3,0
"H",9,0,1,-2,67,4
"H",9,0,1,-3,67,1
"H",9,0,1,-4,40,0
"H",9,0,1,-5,41,0
"H",9,0,1,-6,25,0
"H",9,0,1,-7,15,0
"H",9,0,1,-8,9,0
"H",9,0,1,-9,4,0
"H",9,0,1,0,101,59
"H",9,0,2,-1,33,8
"H",9,0,2,-10,1,0
"H",9,0,2,-11,1,0
"H",9,0,2,-2,13,1
"H",9,0,2,-3,13,1
"H",9,0,2,-4,8,0
"H",9,0,2,-5,15,0
"H",9,0,2,-6,9,0
"H",9,0,2,-7,6,0
"H",9,0,2,-8,3,0
"H",9,0,2,0,35,24
"H",9,0,3,-1,6,4
"H",9,0,3,-11,1,0
"H",9,0,3,-2,5,1
"H",9,0,3,-3,4,0
"H",9,0,3,-4,1,0
"H",9,0,3,-5,6,0
"H",9,0,3,-6,2,0
"H",9,0,3,-7,2,0
"H",9,0,3,-8,1,0
"H",9,0,3,0,7,6
"H",9,0,4,-1,6,3
"H",9,0,4,-10,1,0
"H",9,0,4,-11,2,0
"H",9,0,4,-2,3,1
"H",9,0,4,-3,3,0
"H",9,0,4,-4,4,0
"H",9,0,4,-5,4,0
"H",9,0,4,-6,5,0
"H",9,0,4,-8,1,0
"H",9,0,4,0,6,5
"H",9,0,5,-1,2,0
"H",9,0,5,-3,1,0
"H",9,0,5,-4,1,0
"H",9,0,5,-5,4,0
"H",9,0,5,-6,2,0
"H",9,0,5,-7,1,0
"H",9,0,5,-8,2,0
"H",9,0,5,0,3,3
"H",9,0,6,-2,2,0
"H",9,0,6,-4,1,0
"H",9,0,6,-5,1,0
"H",9,0,6,0,4,4
"H",9,0,7,-1,1,0
"H",9,0,7,-3,1,0
"H",9,0,7,-6,1,0
"H",9,0,7,0,3,2
"H",9,0,8,-1,3,2
"H",9,0,8,-6,2,0
"H",9,0,8,0,4,4
"H",9,1,1,-1,68,4
"H",9,1,1,-11,1,0
"H",9,1,1,-2,52,2
"H",9,1,1,-3,50,0
"H",9,1,1,-4,32,0
"H",9,1,1,-5,26,0
"H",9,1,1,-6,13,0
"H",9,1,1,-7,9,0
"H",9,1,1,-8,6,0
"H",9,1,1,-9,4,0
"H",9,1,1,0,61,31
"H",9,1,2,-1,37,5
"H",9,1,2,-2,19,1
"H",9,1,2,-3,16,1
"H",9,1,2,-4,8,0
"H",9,1,2,-5,12,0
"H",9,1,2,-6,5,0
"H",9,1,2,-7,4,0
"H",9,1,2,-8,1,0
"H",9,1,2,0,24,11
"H",9,1,3,-1,17,6
"H",9,1,3,-2,11,1
"H",9,1,3,-3,7,0
"H",9,1,3,-4,4,0
"H",9,1,3,-5,3,0
"H",9,1,3,-6,5,0
"H",9,1,3,-7,2,0
"H",9,1,3,-8,1,0
"H",9,1,3,0,29,19
"H",9,1,4,-1,10,2
"H",9,1,4,-10,1,0
"H",9,1,4,-11,1,0
"H",9,1,4,-2,6,0
"H",9,1,4,-3,9,1
"H",9,1,4,-4,6,0
"H",9,1,4,-5,7,0
"H",9,1,4,-6,2,0
"H",9,1,4,-8,1,0
"H",9,1,4,0,13,11
"H",9,1,5,-1,6,2
"H",9,1,5,-2,3,0
"H",9,1,5,-3,2,0
"H",9,1,5,-4,2,0
"H",9,1,5,-5,5,0
"H",9,1,5,-7,1,0
"H",9,1,5,-8,2,0
"H",9,1,5,-9,1,0
"H",9,1,5,0,7,7
"H",9,1,6,-1,4,2
"H",9,1,6,-2,3,0
"H",9,1,6,-3,1,0
"H",9,1,6,-4,1,0
"H",9,1,6,-5,1,0
"H",9,1,6,-7,1,0
"H",9,1,6,-8,1,0
"H",9,1,6,-9,1,0
"H",9,1,6,0,5,3
"H",9,1,7,-1,4,1
"H",9,1,7,-11,1,0
"H",9,1,7,-2,2,1
"H",9,1,7,-3,3,0
"H",9,1,7,-5,2,0
"H",9,1,7,-6,2,0
"H",9,1,7,-8,1,0
"H",9,1,7,-9,1,0
"H",9,1,7,0,3,2
"H",9,1,8,-1,5,2
"H",9,1,8,-2,3,2
"H",9,1,8,-3,3,1
"H",9,1,8,-6,1,0
"H",9,1,8,0,7,7
"H",9,2,1,-1,51,0
"H",9,2,1,-11,1,0
"H",9,2,1,-2,38,0
"H",9,2,1,-3,38,0
"H",9,2,1,-4,31,0
"H",9,2,1,-5,18,0
"H",9,2,1,-6,11,0
"H",9,2,1,-7,10,0
"H",9,2,1,-8,4,0
"H",9,2,1,-9,3,0
"H",9,2,1,0,45,22
"H",9,2,2,-1,32,1
"H",9,2,2,-11,1,0
"H",9,2,2,-2,21,1
"H",9,2,2,-3,14,0
"H",9,2,2,-4,12,0
"H",9,2,2,-5,12,0
"H",9,2,2,-6,7,0
"H",9,2,2,-7,5,0
"H",9,2,2,-8,2,0
"H",9,2,2,-9,2,0
"H",9,2,2,0,28,14
"H",9,2,3,-1,25,2
"H",9,2,3,-11,1,0
"H",9,2,3,-2,12,0
"H",9,2,3,-3,12,0
"H",9,2,3,-4,8,0
"H",9,2,3,-5,6,0
"H",9,2,3,-6,8,0
"H",9,2,3,-7,3,0
"H",9,2,3,-8,3,0
"H",9,2,3,0,25,16
"H",9,2,4,-1,13,0
"H",9,2,4,-2,6,1
"H",9,2,4,-3,7,0
"H",9,2,4,-4,3,0
"H",9,2,4,-5,7,0
"H",9,2,4,-6,3,0
"H",9,2,4,-8,1,0
"H",9,2,4,0,16,8
"H",9,2,5,-1,5,0
"H",9,2,5,-2,6,1
"H",9,2,5,-3,4,0
"H",9,2,5,-4,6,0
"H",9,2,5,-5,6,0
"H",9,2,5,-6,2,0
"H",9,2,5,-7,3,0
"H",9,2,5,-8,1,0
"H",9,2,5,0,12,7
"H",9,2,6,-1,9,1
"H",9,2,6,-10,1,0
"H",9,2,6,-11,1,0
"H",9,2,6,-2,3,0
"H",9,2,6,-3,3,0
"H",9,2,6,-4,3,0
"H",9,2,6,-5,4,0
"H",9,2,6,-6,2,0
"H",9,2,6,-7,2,0
"H",9,2,6,0,11,8
"H",9,2,7,-1,9,2
"H",9,2,7,-10,1,0
"H",9,2,7,-2,4,0
"H",9,2,7,-3,1,0
"H",9,2,7,-4,1,0
"H",9,2,7,-5,3,0
"H",9,2,7,-8,1,0
"H",9,2,7,-9,1,0
"H",9,2,7,0,12,8
"H",9,2,8,-1,7,3
"H",9,2,8,-2,2,0
"H",9,2,8,-6,1,0
"H",9,2,8,0,4,3
"H",10,0,1,-1,12,2
"H",10,0,1,-2,6,1
"H",10,0,1,-3,1,0
"H",10,0,1,-4,3,0
"H",10,0,1,-5,1,0
"H",10,0,1,0,76,45
"H",10,0,2,-4,2,0
"H",10,0,2,0,29,22
"H",10,0,3,-1,1,1
"H",10,0,3,0,5,4
"H",10,0,4,0,5,5
"H",10,0,6,0,3,3
"H",10,0,7,0,1,1
"H",10,0,8,0,2,2
"H",10,1,1,-1,11,1
"H",10,1,1,-2,5,0
"H",10,1,1,-3,1,0
"H",10,1,1,-4,1,0
"H",10,1,1,-5,1,0
"H",10,1,1,0,42,19
"H",10,1,2,-1,2,1
"H",10,1,2,-2,1,0
"H",10,1,2,-4,2,0
"H",10,1,2,-5,1,0
"H",10,1,2,0,8,5
"H",10,1,3,-1,1,1
"H",10,1,3,0,18,13
"H",10,1,4,-1,1,1
"H",10,1,4,-4,2,0
"H",10,1,4,0,4,2
"H",10,1,5,0,3,2
"H",10,1,6,-1,2,1
"H",10,1,6,-5,1,0
"H",10,1,6,0,3,2
"H",10,1,7,0,3,2
"H",10,1,8,0,5,4
"H",10,2,1,-1,9,0
"H",10,2,1,-2,4,0
"H",10,2,1,-3,1,0
"H",10,2,1,-4,1,0
"H",10,2,1,0,38,15
"H",10,2,2,-1,3,0
"H",10,2,2,-2,3,0
"H",10,2,2,0,8,6
"H",10,2,3,-2,1,0
"H",10,2,3,0,12,9
"H",10,2,4,-4,1,0
"H",10,2,4,0,4,2
"H",10,2,5,-1,1,0
"H",10,2,5,0,6,4
"H",10,2,6,-1,1,0
"H",10,2,6,-4,2,0
"H",10,2,6,-5,1,0
"H",10,2,6,0,1,0
"H",10,2,7,0,2,1
"H",10,2,8,-3,1,0
"H",10,2,8,-4,2,0
"H",10,2,8,0,3,1
"H",11,0,1,-1,8,1
"H",11,0,1,-2,5,0
"H",11,0,1,-4,2,0
"H",11,0,1,0,42,25
"H",11,0,2,-1,2,1
"H",11,0,2,-2,2,0
"H",11,0,2,-4,1,0
"H",11,0,2,0,9,6
"H",11,0,3,-2,1,0
"H",11,0,4,-2,1,0
"H",11,0,4,0,1,1
"H",11,0,5,0,1,1
"H",11,0,6,0,2,1
"H",11,0,7,0,1,1
"H",11,0,8,0,2,1
"H",11,1,1,-1,6,0
"H",11,1,1,-2,2,0
"H",11,1,1,-4,1,0
"H",11,1,1,0,31,17
"H",11,1,2,-1,1,1
"H",11,1,2,-2,2,0
"H",11,1,2,-4,2,0
"H",11,1,2,0,11,5
"H",11,1,3,-1,2,1
"H",11,1,3,-2,1,0
"H",11,1,3,0,8,7
"H",11,1,4,-4,1,0
"H",11,1,4,0,6,4
"H",11,1,5,-3,1,0
"H",11,1,6,0,1,1
"H",11,1,7,-2,1,0
"H",11,1,7,0,2,1
"H",11,1,8,0,3,1
"H",11,2,1,-1,6,0
"H",11,2,1,-2,2,0
"H",11,2,1,0,21,11
"H",11,2,2,-1,5,0
"H",11,2,2,-2,1,0
"H",11,2,2,0,11,6
"H",11,2,3,-1,1,0
"H",11,2,3,-2,1,0
"H",11,2,3,0,2,1
"H",11,2,4,-1,2,0
"H",11,2,4,-4,1,0
"H",11,2,4,0,6,3
"H",11,2,5,-2,1,0
"H",11,2,5,0,1,0
"H",11,2,6,0,2,1
"H",11,2,7,0,2,1
"H",11,2,8,0,2,0
"H",12,0,1,-1,4,1
"H",12,0,1,-2,2,0
"H",12,0,1,-4,3,0
"H",12,0,1,-5,1,0
"H",12,0,1,0,21,12
"H",12,0,2,-1,1,1
"H",12,0,2,-2,1,0
"H",12,0,2,-4,2,0
"H",12,0,2,0,4,3
"H",12,0,3,0,1,1
"H",12,0,4,-2,1,0
"H",12,0,4,0,1,1
"H",12,0,5,0,1,1
"H",12,0,7,0,1,1
"H",12,1,1,-1,3,0
"H",12,1,1,-2,1,0
"H",12,1,1,-4,1,0
"H",12,1,1,-5,1,0
"H",12,1,1,0,16,8
"H",12,1,2,-1,1,0
"H",12,1,2,-4,2,0
"H",12,1,2,0,10,6
"H",12,1,3,-1,1,1
"H",12,1,3,-4,1,0
"H",12,1,4,-1,1,1
"H",12,1,4,-2,1,0
"H",12,1,4,0,1,1
"H",12,1,5,0,1,1
"H",12,1,6,0,1,0
"H",12,1,7,0,1,1
"H",12,1,8,0,3,2
"H",12,2,1,-1,2,0
"H",12,2,1,-2,1,0
"H",12,2,1,-4,1,0
"H",12,2,1,-5,1,0
"H",12,2,1,0,10,3
"H",12,2,2,-4,1,0
"H",12,2,2,0,5,2
"H",12,2,3,-4,1,0
"H",12,2,3,0,4,2
"H",12,2,4,0,2,1
"H",12,2,5,0,1,1
"H",12,2,7,-2,1,0
"H",12,2,8,-2,1,0
"H",12,2,8,0,2,1
"H",13,0,1,-1,1,0
"H",13,0,1,-2,2,0
"H",13,0,1,-4,1,0
"H",13,0,1,0,12,7
"H",13,0,2,-1,1,0
"H",13,0,2,0,2,1
"H",13,1,1,-2,2,0
"H",13,1,1,-4,1,0
"H",13,1,1,0,10,6
"H",13,1,2,-1,1,0
"H",13,1,2,-4,1,0
"H",13,1,2,0,5,3
"H",13,1,3,0,1,1
"H",13,1,4,0,2,1
"H",13,2,1,-2,2,0
"H",13,2,1,-4,1,0
"H",13,2,1,0,7,4
"H",13,2,2,-1,1,0
"H",13,2,2,0,4,2
"H",13,2,3,0,4,3
"H",13,2,4,0,2,2
"H",13,2,6,0,1,1
"H",13,2,7,0,2,1
"H",14,0,1,-1,1,0
"H",14,0,1,-2,1,0
"H",14,0,1,-5,1,0
"H",14,0,1,0,7,5
"H",14,0,2,-2,1,0
"H",14,0,2,0,3,2
"H",14,1,1,-1,1,0
"H",14,1,1,-5,1,0
"H",14,1,1,0,4,3
"H",14,1,2,-2,1,0
"H",14,1,2,0,3,1
"H",14,1,3,-1,1,0
"H",14,1,3,0,2,2
"H",14,1,5,-1,1,0
"H",14,1,5,0,1,1
"H",14,1,6,-1,1,0
"H",14,2,1,-5,1,0
"H",14,2,1,0,2,1
"H",14,2,2,0,3,1
"H",14,2,3,0,2,2
"H",14,2,4,0,2,2
"H",14,2,5,0,1,1
"H",15,0,1,-1,1,0
"H",15,0,1,0,4,2
"H",15,0,2,0,1,1
"H",15,1,1,-1,1,0
"H",15,1,1,0,3,1
"H",15,1,2,-1,1,0
"H",15,1,2,0,1,1
"H",15,2,1,0,3,1
"H",15,2,2,-1,1,0
"H",15,2,3,0,1,1
"H",15,2,5,0,1,1
"H",16,0,1,-3,1,0
"H",16,0,1,0,3,2
"H",16,0,2,-3,1,0
"H",16,0,2,0,1,1
"H",16,1,1,0,2,1
"H",16,1,2,-3,1,0
"H",16,1,3,0,1,1
"H",16,2,1,0,2,1
"H",16,2,2,0,1,1
"H",16,2,3,-3,1,0
"H",16,2,3,0,1,1
"H",16,2,4,-3,1,0
"H",16,2,5,0,1,1
"H",17,0,1,0,1,0
"H",17,1,1,0,1,0
"H",17,2,1,0,1,0
"H",18,0,1,-1,1,0
"H",18,0,2,-1,1,0
"H",18,1,2,-1,1,0
"H",18,2,2,-1,1,0
"H",18,2,3,-1,1,0
"V",1,0,1,0,860,406
"V",1,0,1,1,6,1
"V",1,0,1,2,1,1
"V",1,0,2,0,250,130
"V",1,0,2,1,6,2
"V",1,0,2,2,1,1
"V",1,0,3,0,45,22
"V",1,0,3,1,5,3
"V",1,0,3,2,3,1
"V",1,0,3,3,1,0
"V",1,0,4,0,32,20
"V",1,0,4,1,5,4
"V",1,0,5,0,17,11
"V",1,0,5,1,6,5
"V",1,0,5,2,2,1
"V",1,0,5,3,2,2
"V",1,0,6,0,17,11
"V",1,0,6,1,4,3
"V",1,0,6,2,1,0
"V",1,0,7,0,8,4
"V",1,0,7,1,2,1
"V",1,0,8,0,10,5
"V",1,0,8,1,5,3
"V",1,0,8,2,2,1
"V",1,0,8,3,1,0
"V",1,1,1,0,568,252
"V",1,1,1,1,10,7
"V",1,1,1,2,3,2
"V",1,1,1,3,3,3
"V",1,1,1,4,1,1
"V",1,1,2,0,238,125
"V",1,1,2,1,22,12
"V",1,1,2,2,9,7
"V",1,1,2,3,2,1
"V",1,1,2,4,4,4
"V",1,1,2,5,1,1
"V",1,1,3,0,125,63
"V",1,1,3,1,17,11
"V",1,1,3,2,4,3
"V",1,1,3,3,2,1
"V",1,1,3,4,2,2
"V",1,1,4,0,47,26
"V",1,1,4,1,10,6
"V",1,1,4,2,5,4
"V",1,1,4,4,1,1
"V",1,1,5,0,42,21
"V",1,1,5,1,16,12
"V",1,1,5,2,12,10
"V",1,1,5,3,4,3
"V",1,1,5,4,2,2
"V",1,1,6,0,35,22
"V",1,1,6,1,17,13
"V",1,1,6,2,5,3
"V",1,1,6,3,1,1
"V",1,1,7,0,26,19
"V",1,1,7,1,8,7
"V",1,1,7,2,4,3
"V",1,1,7,3,1,1
"V",1,1,8,0,13,6
"V",1,1,8,1,7,6
"V",1,1,8,2,3,2
"V",1,1,8,3,2,0
"V",1,1,8,4,1,0
"V",1,2,1,0,426,174
"V",1,2,1,1,24,12
"V",1,2,1,2,10,5
"V",1,2,1,3,9,7
"V",1,2,2,0,219,105
"V",1,2,2,1,58,29
"V",1,2,2,2,17,13
"V",1,2,2,3,7,6
"V",1,2,2,4,2,2
"V",1,2,2,5,2,2
"V",1,2,3,0,130,68
"V",1,2,3,1,46,29
"V",1,2,3,2,14,10
"V",1,2,3,3,10,8
"V",1,2,3,4,4,4
"V",1,2,3,5,3,3
"V",1,2,4,0,51,30
"V",1,2,4,1,18,10
"V",1,2,4,2,12,7
"V",1,2,4,3,3,2
"V",1,2,4,4,1,1
"V",1,2,5,0,55,22
"V",1,2,5,1,27,19
"V",1,2,5,2,7,6
"V",1,2,5,3,4,1
"V",1,2,5,4,1,1
"V",1,2,6,0,42,21
"V",1,2,6,1,17,11
"V",1,2,6,2,3,2
"V",1,2,6,3,2,2
"V",1,2,6,4,3,3
"V",1,2,6,5,1,1
"V",1,2,7,0,25,17
"V",1,2,7,1,23,15
"V",1,2,7,2,5,5
"V",1,2,7,3,3,3
"V",1,2,7,4,1,1
"V",1,2,7,6,1,1
"V",1,2,8,0,18,9
"V",1,2,8,1,15,10
"V",1,2,8,2,5,3
"V",1,2,8,3,2,1
"V",1,2,8,4,3,1
"V",2,0,1,-1,100,25
"V",2,0,1,-2,52,15
"V",2,0,1,-3,23,6
"V",2,0,1,-4,10,0
"V",2,0,1,-5,4,0
"V",2,0,1,-7,2,0
"V",2,0,1,-9,1,0
"V",2,0,1,0,478,227
"V",2,0,1,1,131,92
"V",2,0,1,2,40,25
"V",2,0,1,3,20,15
"V",2,0,1,4,6,6
"V",2,0,1,5,4,4
"V",2,0,1,6,2,2
"V",2,0,2,-1,30,7
"V",2,0,2,-2,19,6
"V",2,0,2,-3,9,1
"V",2,0,2,-4,2,0
"V",2,0,2,-5,1,0
"V",2,0,2,-7,1,0
"V",2,0,2,0,128,66
"V",2,0,2,1,42,27
"V",2,0,2,2,10,7
"V",2,0,2,3,4,2
"V",2,0,2,4,2,2
"V",2,0,2,5,1,1
"V",2,0,2,6,1,1
"V",2,0,3,-1,4,1
"V",2,0,3,-2,3,1
"V",2,0,3,-3,1,1
"V",2,0,3,-4,1,0
"V",2,0,3,-5,1,0
"V",2,0,3,0,23,15
"V",2,0,3,1,11,10
"V",2,0,3,2,3,3
"V",2,0,3,4,1,1
"V",2,0,3,6,1,1
"V",2,0,4,-1,9,3
"V",2,0,4,-3,2,1
"V",2,0,4,-4,1,0
"V",2,0,4,-5,1,0
"V",2,0,4,0,13,10
"V",2,0,4,1,7,5
"V",2,0,4,2,1,0
"V",2,0,4,6,2,2
"V",2,0,5,-1,3,0
"V",2,0,5,-2,1,1
"V",2,0,5,0,12,9
"V",2,0,5,1,3,2
"V",2,0,6,0,13,6
"V",2,0,6,1,5,4
"V",2,0,6,5,1,1
"V",2,0,7,-2,1,1
"V",2,0,7,0,4,2
"V",2,0,7,1,2,1
"V",2,0,7,2,1,1
"V",2,0,8,-1,1,0
"V",2,0,8,0,5,3
"V",2,0,8,1,2,2
"V",2,0,8,2,1,0
"V",2,1,1,-1,65,15
"V",2,1,1,-2,36,10
"V",2,1,1,-3,13,4
"V",2,1,1,-4,7,0
"V",2,1,1,-5,2,0
"V",2,1,1,-7,1,0
"V",2,1,1,-9,1,0
"V",2,1,1,0,327,140
"V",2,1,1,1,94,64
"V",2,1,1,2,30,18
"V",2,1,1,3,16,13
"V",2,1,1,4,4,4
"V",2,1,1,5,3,3
"V",2,1,1,6,1,1
"V",2,1,1,8,1,1
"V",2,1,2,-1,39,10
"V",2,1,2,-2,18,8
"V",2,1,2,-3,8,0
"V",2,1,2,-4,3,0
"V",2,1,2,-7,1,0
"V",2,1,2,0,146,71
"V",2,1,2,1,53,35
"V",2,1,2,2,16,13
"V",2,1,2,3,6,5
"V",2,1,2,4,2,2
"V",2,1,2,5,3,3
"V",2,1,2,6,2,2
"V",2,1,3,-1,9,0
"V",2,1,3,-2,4,3
"V",2,1,3,-4,2,0
"V",2,1,3,-5,1,0
"V",2,1,3,0,57,30
"V",2,1,3,1,30,22
"V",2,1,3,2,10,8
"V",2,1,3,3,2,1
"V",2,1,3,4,3,3
"V",2,1,4,-1,9,3
"V",2,1,4,-2,8,5
"V",2,1,4,-3,4,0
"V",2,1,4,-4,1,0
"V",2,1,4,-5,1,0
"V",2,1,4,0,26,11
"V",2,1,4,1,21,14
"V",2,1,4,2,3,2
"V",2,1,4,3,2,2
"V",2,1,4,5,2,2
"V",2,1,4,6,2,2
"V",2,1,5,-1,2,1
"V",2,1,5,-3,1,1
"V",2,1,5,0,23,15
"V",2,1,5,1,13,12
"V",2,1,5,2,6,6
"V",2,1,5,3,2,2
"V",2,1,5,7,1,1
"V",2,1,6,-1,2,0
"V",2,1,6,-2,1,0
"V",2,1,6,0,14,10
"V",2,1,6,1,9,7
"V",2,1,6,2,3,3
"V",2,1,6,4,1,1
"V",2,1,6,5,1,1
"V",2,1,7,-1,4,2
"V",2,1,7,-2,1,0
"V",2,1,7,-3,4,1
"V",2,1,7,-4,1,0
"V",2,1,7,0,18,9
"V",2,1,7,1,8,7
"V",2,1,7,2,2,2
"V",2,1,7,3,2,1
"V",2,1,7,6,1,1
"V",2,1,8,-1,2,2
"V",2,1,8,-2,2,2
"V",2,1,8,-3,1,0
"V",2,1,8,-4,1,0
"V",2,1,8,0,10,4
"V",2,1,8,1,2,2
"V",2,1,8,2,1,1
"V",2,1,8,3,1,1
"V",2,2,1,-1,44,10
"V",2,2,1,-2,30,6
"V",2,2,1,-3,12,4
"V",2,2,1,-4,4,0
"V",2,2,1,-5,2,0
"V",2,2,1,-7,1,0
"V",2,2,1,-9,1,0
"V",2,2,1,0,250,102
"V",2,2,1,1,84,56
"V",2,2,1,2,30,19
"V",2,2,1,3,15,12
"V",2,2,1,4,3,3
"V",2,2,1,5,1,1
"V",2,2,1,6,1,1
"V",2,2,1,8,2,2
"V",2,2,2,-1,31,10
"V",2,2,2,-2,14,4
"V",2,2,2,-3,6,1
"V",2,2,2,-4,2,0
"V",2,2,2,-7,2,0
"V",2,2,2,0,118,55
"V",2,2,2,1,56,37
"V",2,2,2,2,15,11
"V",2,2,2,3,12,10
"V",2,2,2,4,2,2
"V",2,2,2,5,2,2
"V",2,2,3,-1,12,1
"V",2,2,3,-2,3,0
"V",2,2,3,-3,2,0
"V",2,2,3,-4,1,0
"V",2,2,3,-5,2,0
"V",2,2,3,0,69,34
"V",2,2,3,1,35,23
"V",2,2,3,2,11,10
"V",2,2,3,3,4,4
"V",2,2,3,4,6,5
"V",2,2,3,5,1,1
"V",2,2,3,6,3,3
"V",2,2,4,-1,11,2
"V",2,2,4,-2,4,1
"V",2,2,4,-3,2,0
"V",2,2,4,-4,1,0
"V",2,2,4,-5,2,0
"V",2,2,4,0,31,17
"V",2,2,4,1,22,13
"V",2,2,4,2,5,4
"V",2,2,4,3,2,1
"V",2,2,5,-1,6,0
"V",2,2,5,-2,5,2
"V",2,2,5,0,24,14
"V",2,2,5,1,22,16
"V",2,2,5,2,8,7
"V",2,2,5,3,6,5
"V",2,2,5,4,1,1
"V",2,2,5,5,1,0
"V",2,2,5,7,2,2
"V",2,2,6,-1,6,3
"V",2,2,6,-2,3,1
"V",2,2,6,-3,1,0
"V",2,2,6,0,22,11
"V",2,2,6,1,12,10
"V",2,2,6,2,2,2
"V",2,2,6,3,3,3
"V",2,2,6,4,2,2
"V",2,2,6,5,1,1
"V",2,2,7,-1,9,4
"V",2,2,7,-2,3,1
"V",2,2,7,-3,2,0
"V",2,2,7,0,18,8
"V",2,2,7,1,16,10
"V",2,2,7,2,7,7
"V",2,2,7,3,2,1
"V",2,2,8,-1,3,3
"V",2,2,8,-2,1,0
"V",2,2,8,-3,1,0
"V",2,2,8,-4,1,0
"V",2,2,8,0,13,7
"V",2,2,8,1,8,6
"V",2,2,8,2,3,2
"V",2,2,8,3,3,2
"V",3,0,1,-1,144,37
"V",3,0,1,-11,1,0
"V",3,0,1,-2,55,11
"V",3,0,1,-3,32,7
"V",3,0,1,-4,21,0
"V",3,0,1,-5,3,0
"V",3,0,1,-6,1,0
"V",3,0,1,-7,3,0
"V",3,0,1,-8,1,0
"V",3,0,1,0,340,157
"V",3,0,1,1,156,110
"V",3,0,1,2,59,42
"V",3,0,1,3,29,26
"V",3,0,1,4,11,10
"V",3,0,1,5,3,3
"V",3,0,1,6,3,3
"V",3,0,1,8,2,2
"V",3,0,2,-1,34,7
"V",3,0,2,-2,11,5
"V",3,0,2,-3,10,3
"V",3,0,2,-4,6,0
"V",3,0,2,0,94,43
"V",3,0,2,1,34,29
"V",3,0,2,2,15,10
"V",3,0,2,3,8,7
"V",3,0,2,4,2,2
"V",3,0,2,5,1,1
"V",3,0,2,6,1,1
"V",3,0,3,-1,10,5
"V",3,0,3,-2,3,1
"V",3,0,3,-3,1,0
"V",3,0,3,-4,1,0
"V",3,0,3,0,12,10
"V",3,0,3,1,11,9
"V",3,0,3,2,2,1
"V",3,0,3,4,1,0
"V",3,0,4,-1,2,0
"V",3,0,4,-2,4,3
"V",3,0,4,-3,1,0
"V",3,0,4,-4,1,0
"V",3,0,4,0,17,9
"V",3,0,4,1,9,8
"V",3,0,4,2,4,4
"V",3,0,4,3,2,2
"V",3,0,4,6,1,1
"V",3,0,5,-1,1,0
"V",3,0,5,0,3,1
"V",3,0,5,1,3,3
"V",3,0,5,2,1,1
"V",3,0,6,-1,2,1
"V",3,0,6,-3,1,1
"V",3,0,6,-4,1,0
"V",3,0,6,0,3,3
"V",3,0,6,1,6,6
"V",3,0,6,2,5,3
"V",3,0,7,-1,1,1
"V",3,0,7,-3,1,0
"V",3,0,7,0,2,0
"V",3,0,7,1,4,4
"V",3,0,7,2,4,3
"V",3,0,8,-1,1,1
"V",3,0,8,0,6,5
"V",3,0,8,1,5,4
"V",3,0,8,2,4,2
"V",3,1,1,-1,100,26
"V",3,1,1,-11,1,0
"V",3,1,1,-2,42,5
"V",3,1,1,-3,22,4
"V",3,1,1,-4,14,0
"V",3,1,1,-5,3,0
"V",3,1,1,-6,1,0
"V",3,1,1,-7,3,0
"V",3,1,1,-8,1,0
"V",3,1,1,0,237,105
"V",3,1,1,1,115,73
"V",3,1,1,2,45,33
"V",3,1,1,3,24,22
"V",3,1,1,4,9,9
"V",3,1,1,5,3,3
"V",3,1,1,6,2,2
"V",3,1,1,8,2,2
"V",3,1,2,-1,42,13
"V",3,1,2,-11,1,0
"V",3,1,2,-2,11,3
"V",3,1,2,-3,16,2
"V",3,1,2,-4,4,0
"V",3,1,2,-5,1,0
"V",3,1,2,-7,2,0
"V",3,1,2,-8,1,0
"V",3,1,2,0,98,40
"V",3,1,2,1,50,31
"V",3,1,2,2,12,10
"V",3,1,2,3,12,11
"V",3,1,2,4,4,4
"V",3,1,2,5,3,2
"V",3,1,3,-1,15,5
"V",3,1,3,-2,7,0
"V",3,1,3,-3,5,2
"V",3,1,3,-4,1,0
"V",3,1,3,0,47,28
"V",3,1,3,1,24,19
"V",3,1,3,2,9,7
"V",3,1,3,3,7,5
"V",3,1,3,4,2,2
"V",3,1,3,5,1,0
"V",3,1,4,-1,7,2
"V",3,1,4,-2,4,1
"V",3,1,4,-3,1,0
"V",3,1,4,-4,2,0
"V",3,1,4,-5,1,0
"V",3,1,4,-8,1,0
"V",3,1,4,0,20,9
"V",3,1,4,1,15,11
"V",3,1,4,2,10,9
"V",3,1,4,3,6,4
"V",3,1,4,4,2,2
"V",3,1,4,6,1,1
"V",3,1,5,-1,7,2
"V",3,1,5,-2,1,1
"V",3,1,5,-3,1,0
"V",3,1,5,0,9,4
"V",3,1,5,1,7,7
"V",3,1,5,2,5,4
"V",3,1,5,3,5,4
"V",3,1,5,4,3,2
"V",3,1,5,5,2,2
"V",3,1,6,-1,6,4
"V",3,1,6,-2,1,0
"V",3,1,6,-3,1,0
"V",3,1,6,-4,1,0
"V",3,1,6,0,9,5
"V",3,1,6,1,9,9
"V",3,1,6,2,8,5
"V",3,1,6,3,4,4
"V",3,1,6,5,1,1
"V",3,1,7,-1,4,1
"V",3,1,7,-2,4,2
"V",3,1,7,-3,2,0
"V",3,1,7,0,11,5
"V",3,1,7,1,11,8
"V",3,1,7,2,5,4
"V",3,1,7,3,3,3
"V",3,1,7,4,1,1
"V",3,1,8,-1,1,1
"V",3,1,8,-2,1,0
"V",3,1,8,-8,1,0
"V",3,1,8,0,10,5
"V",3,1,8,1,6,6
"V",3,1,8,2,10,9
"V",3,1,8,3,1,1
"V",3,2,1,-1,85,19
"V",3,2,1,-2,33,4
"V",3,2,1,-3,10,2
"V",3,2,1,-4,14,0
"V",3,2,1,-5,2,0
"V",3,2,1,-6,1,0
"V",3,2,1,-7,1,0
"V",3,2,1,0,184,84
"V",3,2,1,1,94,61
"V",3,2,1,2,41,31
"V",3,2,1,3,25,22
"V",3,2,1,4,8,8
"V",3,2,1,5,3,3
"V",3,2,1,6,4,3
"V",3,2,1,8,2,2
"V",3,2,2,-1,40,11
"V",3,2,2,-11,1,0
"V",3,2,2,-2,20,3
"V",3,2,2,-3,12,1
"V",3,2,2,-4,5,0
"V",3,2,2,-5,1,0
"V",3,2,2,-7,1,0
"V",3,2,2,0,88,30
"V",3,2,2,1,47,32
"V",3,2,2,2,20,17
"V",3,2,2,3,21,17
"V",3,2,2,4,6,6
"V",3,2,2,5,5,5
"V",3,2,2,6,2,2
"V",3,2,3,-1,25,8
"V",3,2,3,-2,14,2
"V",3,2,3,-3,5,1
"V",3,2,3,-4,2,0
"V",3,2,3,-7,1,0
"V",3,2,3,0,50,25
"V",3,2,3,1,30,16
"V",3,2,3,2,14,12
"V",3,2,3,3,12,11
"V",3,2,3,4,7,7
"V",3,2,3,5,5,3
"V",3,2,3,6,1,1
"V",3,2,3,8,2,2
"V",3,2,4,-1,14,3
"V",3,2,4,-2,6,3
"V",3,2,4,-3,4,0
"V",3,2,4,-4,6,0
"V",3,2,4,-5,1,0
"V",3,2,4,0,25,11
"V",3,2,4,1,15,9
"V",3,2,4,2,8,8
"V",3,2,4,3,8,6
"V",3,2,4,4,3,3
"V",3,2,4,5,1,1
"V",3,2,4,6,2,2
"V",3,2,5,-1,8,3
"V",3,2,5,-2,3,0
"V",3,2,5,-3,3,2
"V",3,2,5,0,18,9
"V",3,2,5,1,11,9
"V",3,2,5,2,11,7
"V",3,2,5,3,9,6
"V",3,2,5,4,4,4
"V",3,2,5,5,1,1
"V",3,2,6,-1,7,3
"V",3,2,6,-2,3,0
"V",3,2,6,-3,1,0
"V",3,2,6,-7,1,0
"V",3,2,6,0,11,5
"V",3,2,6,1,14,10
"V",3,2,6,2,10,7
"V",3,2,6,3,8,7
"V",3,2,6,4,2,2
"V",3,2,6,7,1,1
"V",3,2,7,-1,3,1
"V",3,2,7,-2,5,1
"V",3,2,7,-4,1,0
"V",3,2,7,0,9,2
"V",3,2,7,1,11,10
"V",3,2,7,2,5,4
"V",3,2,7,3,4,4
"V",3,2,7,4,3,3
"V",3,2,7,5,2,2
"V",3,2,7,6,3,3
"V",3,2,8,-1,4,2
"V",3,2,8,-2,1,0
"V",3,2,8,-4,1,0
"V",3,2,8,-5,1,0
"V",3,2,8,0,10,4
"V",3,2,8,1,3,1
"V",3,2,8,2,6,5
"V",3,2,8,3,1,1
"V",3,2,8,4,1,1
"V",4,0,1,-1,139,36
"V",4,0,1,-11,1,0
"V",4,0,1,-2,73,12
"V",4,0,1,-3,46,6
"V",4,0,1,-4,26,1
"V",4,0,1,-5,12,0
"V",4,0,1,-6,2,0
"V",4,0,1,-7,4,0
"V",4,0,1,-8,1,0
"V",4,0,1,0,265,119
"V",4,0,1,1,139,99
"V",4,0,1,2,71,59
"V",4,0,1,3,46,39
"V",4,0,1,4,21,21
"V",4,0,1,5,13,11
"V",4,0,1,6,4,3
"V",4,0,1,8,4,4
"V",4,0,2,-1,31,10
"V",4,0,2,-10,1,0
"V",4,0,2,-2,26,6
"V",4,0,2,-3,10,2
"V",4,0,2,-4,10,0
"V",4,0,2,-5,6,0
"V",4,0,2,-6,1,0
"V",4,0,2,-7,2,0
"V",4,0,2,0,82,42
"V",4,0,2,1,47,32
"V",4,0,2,2,18,17
"V",4,0,2,3,8,6
"V",4,0,2,4,5,5
"V",4,0,2,5,3,2
"V",4,0,2,8,1,1
"V",4,0,3,-1,8,2
"V",4,0,3,-11,1,0
"V",4,0,3,-2,3,0
"V",4,0,3,-3,1,0
"V",4,0,3,-4,1,0
"V",4,0,3,-5,2,0
"V",4,0,3,0,14,7
"V",4,0,3,1,8,6
"V",4,0,3,2,8,7
"V",4,0,3,3,2,2
"V",4,0,3,8,1,1
"V",4,0,4,-1,6,3
"V",4,0,4,-2,5,2
"V",4,0,4,-3,1,0
"V",4,0,4,-4,4,0
"V",4,0,4,-5,3,0
"V",4,0,4,0,14,8
"V",4,0,4,1,13,10
"V",4,0,4,2,4,3
"V",4,0,4,3,2,2
"V",4,0,5,-1,8,3
"V",4,0,5,-2,4,0
"V",4,0,5,-3,2,0
"V",4,0,5,-6,1,0
"V",4,0,5,0,2,1
"V",4,0,5,1,1,1
"V",4,0,5,2,2,2
"V",4,0,5,5,1,1
"V",4,0,6,-1,3,1
"V",4,0,6,-2,2,1
"V",4,0,6,-3,2,0
"V",4,0,6,-4,1,0
"V",4,0,6,-6,1,0
"V",4,0,6,0,6,2
"V",4,0,6,1,1,0
"V",4,0,6,2,2,2
"V",4,0,6,3,1,1
"V",4,0,6,5,1,1
"V",4,0,7,-1,2,0
"V",4,0,7,-2,1,0
"V",4,0,7,-4,1,0
"V",4,0,7,0,6,4
"V",4,0,8,-2,1,1
"V",4,0,8,-4,1,0
"V",4,0,8,-5,1,0
"V",4,0,8,0,5,3
"V",4,0,8,1,2,1
"V",4,0,8,2,1,0
"V",4,0,8,3,2,1
"V",4,1,1,-1,98,22
"V",4,1,1,-2,45,6
"V",4,1,1,-3,34,5
"V",4,1,1,-4,15,1
"V",4,1,1,-5,5,0
"V",4,1,1,-6,1,0
"V",4,1,1,-7,3,0
"V",4,1,1,-8,1,0
"V",4,1,1,0,174,70
"V",4,1,1,1,90,64
"V",4,1,1,2,48,38
"V",4,1,1,3,39,34
"V",4,1,1,4,15,15
"V",4,1,1,5,10,9
"V",4,1,1,6,4,3
"V",4,1,1,8,3,3
"V",4,1,1,9,1,1
"V",4,1,2,-1,45,9
"V",4,1,2,-2,22,3
"V",4,1,2,-3,15,1
"V",4,1,2,-4,7,1
"V",4,1,2,-5,7,0
"V",4,1,2,-6,1,0
"V",4,1,2,-8,1,0
"V",4,1,2,0,78,34
"V",4,1,2,1,40,29
"V",4,1,2,2,25,22
"V",4,1,2,3,20,18
"V",4,1,2,4,7,7
"V",4,1,2,5,7,7
"V",4,1,2,6,2,2
"V",4,1,2,7,1,1
"V",4,1,3,-1,20,3
"V",4,1,3,-10,1,0
"V",4,1,3,-2,11,2
"V",4,1,3,-3,3,1
"V",4,1,3,-4,1,0
"V",4,1,3,0,46,23
"V",4,1,3,1,38,25
"V",4,1,3,2,15,12
"V",4,1,3,3,8,7
"V",4,1,3,4,3,3
"V",4,1,3,5,4,3
"V",4,1,3,6,2,2
"V",4,1,3,7,1,1
"V",4,1,4,-1,9,2
"V",4,1,4,-2,6,0
"V",4,1,4,-3,6,1
"V",4,1,4,-4,2,0
"V",4,1,4,-5,1,0
"V",4,1,4,-8,1,0
"V",4,1,4,0,25,9
"V",4,1,4,1,14,10
"V",4,1,4,2,6,5
"V",4,1,4,3,5,5
"V",4,1,4,4,3,3
"V",4,1,4,5,3,3
"V",4,1,4,6,1,1
"V",4,1,5,-1,8,3
"V",4,1,5,-2,2,0
"V",4,1,5,-3,2,0
"V",4,1,5,-4,1,0
"V",4,1,5,0,18,6
"V",4,1,5,1,10,5
"V",4,1,5,2,9,7
"V",4,1,5,3,2,1
"V",4,1,5,4,4,3
"V",4,1,5,5,4,3
"V",4,1,5,6,2,2
"V",4,1,5,7,1,1
"V",4,1,5,8,1,1
"V",4,1,6,-1,6,1
"V",4,1,6,-2,7,1
"V",4,1,6,-3,1,0
"V",4,1,6,-4,2,0
"V",4,1,6,-5,1,0
"V",4,1,6,0,15,11
"V",4,1,6,1,7,4
"V",4,1,6,2,7,6
"V",4,1,6,3,2,2
"V",4,1,6,4,3,3
"V",4,1,6,5,3,3
"V",4,1,7,-1,8,4
"V",4,1,7,-2,3,1
"V",4,1,7,-3,1,1
"V",4,1,7,-4,2,1
"V",4,1,7,0,6,3
"V",4,1,7,1,12,11
"V",4,1,7,2,3,2
"V",4,1,7,3,3,2
"V",4,1,7,4,2,2
"V",4,1,7,5,1,1
"V",4,1,7,6,1,1
"V",4,1,8,-1,3,2
"V",4,1,8,-2,4,1
"V",4,1,8,-3,1,0
"V",4,1,8,-4,1,0
"V",4,1,8,0,7,3
"V",4,1,8,1,6,6
"V",4,1,8,2,3,2
"V",4,1,8,3,1,1
"V",4,2,1,-1,71,18
"V",4,2,1,-2,34,4
"V",4,2,1,-3,23,4
"V",4,2,1,-4,13,0
"V",4,2,1,-5,3,0
"V",4,2,1,-6,1,0
"V",4,2,1,-7,3,0
"V",4,2,1,0,132,51
"V",4,2,1,1,78,55
"V",4,2,1,2,41,31
"V",4,2,1,3,31,25
"V",4,2,1,4,13,12
"V",4,2,1,5,4,3
"V",4,2,1,6,4,3
"V",4,2,1,8,4,4
"V",4,2,1,9,1,1
"V",4,2,2,-1,37,12
"V",4,2,2,-2,15,1
"V",4,2,2,-3,11,2
"V",4,2,2,-4,6,0
"V",4,2,2,-5,3,0
"V",4,2,2,-6,1,0
"V",4,2,2,-7,1,0
"V",4,2,2,-9,1,0
"V",4,2,2,0,68,26
"V",4,2,2,1,50,32
"V",4,2,2,2,31,23
"V",4,2,2,3,18,14
"V",4,2,2,4,6,6
"V",4,2,2,5,6,6
"V",4,2,2,6,1,1
"V",4,2,2,7,2,2
"V",4,2,2,8,1,1
"V",4,2,2,9,1,1
"V",4,2,3,-1,20,5
"V",4,2,3,-10,1,0
"V",4,2,3,-2,10,3
"V",4,2,3,-3,2,1
"V",4,2,3,-4,2,0
"V",4,2,3,-5,2,0
"V",4,2,3,0,38,14
"V",4,2,3,1,30,17
"V",4,2,3,2,22,15
"V",4,2,3,3,9,9
"V",4,2,3,4,4,4
"V",4,2,3,5,2,2
"V",4,2,3,6,1,1
"V",4,2,3,7,1,1
"V",4,2,4,-1,10,1
"V",4,2,4,-2,4,1
"V",4,2,4,-3,3,1
"V",4,2,4,-4,3,0
"V",4,2,4,-5,1,0
"V",4,2,4,0,18,9
"V",4,2,4,1,14,11
"V",4,2,4,2,12,11
"V",4,2,4,3,6,6
"V",4,2,4,5,1,1
"V",4,2,4,6,2,2
"V",4,2,5,-1,13,1
"V",4,2,5,-2,4,1
"V",4,2,5,-3,2,0
"V",4,2,5,-4,1,0
"V",4,2,5,0,21,6
"V",4,2,5,1,15,9
"V",4,2,5,2,12,10
"V",4,2,5,3,3,3
"V",4,2,5,4,4,4
"V",4,2,5,5,1,0
"V",4,2,5,6,1,1
"V",4,2,6,-1,7,3
"V",4,2,6,-2,2,0
"V",4,2,6,-3,2,0
"V",4,2,6,-4,1,0
"V",4,2,6,-5,1,0
"V",4,2,6,-8,1,0
"V",4,2,6,0,10,3
"V",4,2,6,1,6,4
"V",4,2,6,2,4,3
"V",4,2,6,3,1,1
"V",4,2,6,4,1,1
"V",4,2,6,5,2,1
"V",4,2,7,-1,4,1
"V",4,2,7,-2,3,1
"V",4,2,7,-3,1,0
"V",4,2,7,-4,2,0
"V",4,2,7,-5,1,0
"V",4,2,7,0,9,6
"V",4,2,7,1,7,5
"V",4,2,7,2,7,6
"V",4,2,7,3,3,1
"V",4,2,7,4,5,5
"V",4,2,7,5,2,1
"V",4,2,7,6,1,1
"V",4,2,8,-1,4,2
"V",4,2,8,-2,1,0
"V",4,2,8,-3,1,0
"V",4,2,8,0,6,3
"V",4,2,8,1,7,6
"V",4,2,8,2,3,2
"V",4,2,8,3,6,4
"V",4,2,8,6,1,1
"V",5,0,1,-1,133,37
"V",5,0,1,-2,75,12
"V",5,0,1,-3,58,8
"V",5,0,1,-4,37,1
"V",5,0,1,-5,13,1
"V",5,0,1,-6,6,0
"V",5,0,1,-7,6,0
"V",5,0,1,-8,4,0
"V",5,0,1,-9,1,0
"V",5,0,1,0,214,93
"V",5,0,1,1,135,99
"V",5,0,1,2,81,65
"V",5,0,1,3,56,50
"V",5,0,1,4,16,16
"V",5,0,1,5,12,11
"V",5,0,1,6,10,9
"V",5,0,1,7,3,3
"V",5,0,1,8,3,3
"V",5,0,2,-1,45,15
"V",5,0,2,-2,21,6
"V",5,0,2,-3,11,1
"V",5,0,2,-4,9,0
"V",5,0,2,-5,6,0
"V",5,0,2,-6,2,0
"V",5,0,2,0,56,29
"V",5,0,2,1,39,30
"V",5,0,2,2,21,17
"V",5,0,2,3,9,7
"V",5,0,2,4,3,3
"V",5,0,2,5,1,1
"V",5,0,2,6,2,2
"V",5,0,3,-1,4,2
"V",5,0,3,-2,4,2
"V",5,0,3,-3,1,1
"V",5,0,3,-7,1,0
"V",5,0,3,-8,1,0
"V",5,0,3,0,16,10
"V",5,0,3,1,6,6
"V",5,0,3,2,5,4
"V",5,0,3,4,1,1
"V",5,0,3,5,2,2
"V",5,0,3,6,1,0
"V",5,0,4,-1,8,3
"V",5,0,4,-2,5,2
"V",5,0,4,-3,3,1
"V",5,0,4,-4,2,0
"V",5,0,4,-5,3,0
"V",5,0,4,-8,1,0
"V",5,0,4,0,6,1
"V",5,0,4,1,4,4
"V",5,0,4,2,4,4
"V",5,0,4,3,3,3
"V",5,0,4,5,1,1
"V",5,0,4,6,1,1
"V",5,0,5,-3,1,1
"V",5,0,5,-6,1,0
"V",5,0,5,0,3,3
"V",5,0,5,1,4,4
"V",5,0,5,2,3,3
"V",5,0,5,3,2,2
"V",5,0,5,7,1,1
"V",5,0,6,-1,1,1
"V",5,0,6,-2,2,1
"V",5,0,6,-3,2,1
"V",5,0,6,-4,1,0
"V",5,0,6,-7,1,0
"V",5,0,6,0,7,5
"V",5,0,6,1,4,4
"V",5,0,6,2,2,2
"V",5,0,6,3,1,1
"V",5,0,7,-1,2,1
"V",5,0,7,-2,1,1
"V",5,0,7,-3,1,0
"V",5,0,7,-6,1,0
"V",5,0,7,0,2,1
"V",5,0,7,1,4,3
"V",5,0,7,2,1,1
"V",5,0,7,3,1,1
"V",5,0,8,-1,1,0
"V",5,0,8,-2,1,0
"V",5,0,8,-3,1,1
"V",5,0,8,-5,1,0
"V",5,0,8,0,1,0
"V",5,0,8,1,1,1
"V",5,0,8,2,1,1
"V",5,1,1,-1,86,21
"V",5,1,1,-2,50,4
"V",5,1,1,-3,45,5
"V",5,1,1,-4,29,1
"V",5,1,1,-5,8,1
"V",5,1,1,-6,3,0
"V",5,1,1,-7,5,0
"V",5,1,1,-8,3,0
"V",5,1,1,-9,1,0
"V",5,1,1,0,144,55
"V",5,1,1,1,91,61
"V",5,1,1,2,59,47
"V",5,1,1,3,46,42
"V",5,1,1,4,16,16
"V",5,1,1,5,11,10
"V",5,1,1,6,7,7
"V",5,1,1,7,2,2
"V",5,1,1,8,3,3
"V",5,1,2,-1,37,12
"V",5,1,2,-2,23,4
"V",5,1,2,-3,12,2
"V",5,1,2,-4,14,1
"V",5,1,2,-5,5,1
"V",5,1,2,0,64,31
"V",5,1,2,1,41,29
"V",5,1,2,2,32,28
"V",5,1,2,3,23,21
"V",5,1,2,4,7,7
"V",5,1,2,5,6,6
"V",5,1,2,6,4,4
"V",5,1,2,7,2,1
"V",5,1,2,8,2,2
"V",5,1,3,-1,23,7
"V",5,1,3,-2,8,3
"V",5,1,3,-3,2,0
"V",5,1,3,-4,2,0
"V",5,1,3,0,35,20
"V",5,1,3,1,23,18
"V",5,1,3,2,19,15
"V",5,1,3,3,11,9
"V",5,1,3,4,7,7
"V",5,1,3,5,1,1
"V",5,1,3,6,1,1
"V",5,1,3,7,2,2
"V",5,1,3,8,1,1
"V",5,1,4,-1,8,4
"V",5,1,4,-2,10,4
"V",5,1,4,-3,4,0
"V",5,1,4,-4,3,0
"V",5,1,4,-5,4,0
"V",5,1,4,0,11,6
"V",5,1,4,1,12,7
"V",5,1,4,2,8,8
"V",5,1,4,3,7,7
"V",5,1,4,4,1,1
"V",5,1,4,5,1,1
"V",5,1,4,6,1,1
"V",5,1,4,7,1,1
"V",5,1,5,-1,4,1
"V",5,1,5,-3,2,1
"V",5,1,5,0,13,10
"V",5,1,5,1,11,9
"V",5,1,5,2,6,5
"V",5,1,5,3,3,3
"V",5,1,5,4,2,2
"V",5,1,5,5,3,3
"V",5,1,5,6,2,1
"V",5,1,5,7,1,1
"V",5,1,6,-1,7,5
"V",5,1,6,-2,4,0
"V",5,1,6,-3,4,1
"V",5,1,6,-4,2,0
"V",5,1,6,-5,1,0
"V",5,1,6,-7,1,0
"V",5,1,6,0,10,7
"V",5,1,6,1,6,6
"V",5,1,6,2,11,10
"V",5,1,7,-1,10,5
"V",5,1,7,-2,3,2
"V",5,1,7,-3,1,0
"V",5,1,7,-4,1,0
"V",5,1,7,-5,1,0
"V",5,1,7,-6,1,0
"V",5,1,7,-8,1,0
"V",5,1,7,0,7,3
"V",5,1,7,1,10,10
"V",5,1,7,2,5,5
"V",5,1,7,3,1,1
"V",5,1,7,4,1,1
"V",5,1,8,-1,5,2
"V",5,1,8,-2,2,0
"V",5,1,8,-3,1,0
"V",5,1,8,0,3,2
"V",5,1,8,1,1,1
"V",5,1,8,2,4,4
"V",5,1,8,3,2,2
"V",5,1,8,4,3,3
"V",5,1,8,5,1,1
"V",5,1,8,7,1,1
"V",5,2,1,-1,67,16
"V",5,2,1,-2,41,3
"V",5,2,1,-3,39,3
"V",5,2,1,-4,19,0
"V",5,2,1,-5,6,0
"V",5,2,1,-6,4,0
"V",5,2,1,-7,5,0
"V",5,2,1,-8,3,0
"V",5,2,1,-9,1,0
"V",5,2,1,0,107,37
"V",5,2,1,1,79,57
"V",5,2,1,2,42,31
"V",5,2,1,3,31,29
"V",5,2,1,4,13,13
"V",5,2,1,5,7,6
"V",5,2,1,6,7,7
"V",5,2,1,7,3,3
"V",5,2,1,8,1,1
"V",5,2,2,-1,30,7
"V",5,2,2,-2,23,2
"V",5,2,2,-3,12,2
"V",5,2,2,-4,14,0
"V",5,2,2,-5,2,1
"V",5,2,2,-6,3,0
"V",5,2,2,-7,1,0
"V",5,2,2,-9,1,0
"V",5,2,2,0,55,18
"V",5,2,2,1,39,26
"V",5,2,2,2,31,22
"V",5,2,2,3,22,20
"V",5,2,2,4,12,12
"V",5,2,2,5,6,6
"V",5,2,2,6,6,6
"V",5,2,2,7,4,3
"V",5,2,2,8,2,2
"V",5,2,3,-1,28,4
"V",5,2,3,-2,7,0
"V",5,2,3,-3,4,0
"V",5,2,3,-4,2,1
"V",5,2,3,-8,1,0
"V",5,2,3,0,31,11
"V",5,2,3,1,27,17
"V",5,2,3,2,20,15
"V",5,2,3,3,15,12
"V",5,2,3,4,13,12
"V",5,2,3,5,5,5
"V",5,2,3,6,4,4
"V",5,2,3,7,3,3
"V",5,2,4,-1,9,4
"V",5,2,4,-2,4,1
"V",5,2,4,-3,3,0
"V",5,2,4,-4,7,1
"V",5,2,4,-5,1,1
"V",5,2,4,-6,1,0
"V",5,2,4,0,16,10
"V",5,2,4,1,21,16
"V",5,2,4,2,4,3
"V",5,2,4,3,7,7
"V",5,2,4,4,1,1
"V",5,2,4,5,2,2
"V",5,2,4,6,1,1
"V",5,2,4,8,2,2
"V",5,2,5,-1,9,3
"V",5,2,5,-2,6,2
"V",5,2,5,-3,2,0
"V",5,2,5,-4,1,0
"V",5,2,5,-5,1,0
"V",5,2,5,0,21,10
"V",5,2,5,1,13,10
"V",5,2,5,2,7,4
"V",5,2,5,3,5,4
"V",5,2,5,4,4,4
"V",5,2,5,5,1,1
"V",5,2,5,6,2,2
"V",5,2,5,7,1,1
"V",5,2,5,8,1,1
"V",5,2,6,-1,3,1
"V",5,2,6,-2,2,0
"V",5,2,6,-3,3,0
"V",5,2,6,-4,3,0
"V",5,2,6,-5,4,0
"V",5,2,6,0,6,1
"V",5,2,6,1,7,4
"V",5,2,6,2,7,6
"V",5,2,6,3,1,1
"V",5,2,6,4,1,1
"V",5,2,6,5,1,1
"V",5,2,6,6,2,2
"V",5,2,6,7,1,1
"V",5,2,7,-1,1,1
"V",5,2,7,-2,4,4
"V",5,2,7,-4,1,0
"V",5,2,7,-5,1,0
"V",5,2,7,-8,1,0
"V",5,2,7,0,8,1
"V",5,2,7,1,5,4
"V",5,2,7,2,10,9
"V",5,2,7,3,4,4
"V",5,2,7,4,2,2
"V",5,2,7,5,2,2
"V",5,2,7,6,2,2
"V",5,2,7,7,1,1
"V",5,2,7,8,1,1
"V",5,2,8,-1,2,0
"V",5,2,8,-2,2,1
"V",5,2,8,-3,1,0
"V",5,2,8,0,5,2
"V",5,2,8,1,4,2
"V",5,2,8,2,4,3
"V",5,2,8,3,1,1
"V",5,2,8,4,2,2
"V",6,0,1,-1,115,28
"V",6,0,1,-2,97,15
"V",6,0,1,-3,55,10
"V",6,0,1,-4,41,1
"V",6,0,1,-5,25,1
"V",6,0,1,-6,18,0
"V",6,0,1,-7,6,0
"V",6,0,1,-8,3,0
"V",6,0,1,-9,1,0
"V",6,0,1,0,166,76
"V",6,0,1,1,126,91
"V",6,0,1,2,85,65
"V",6,0,1,3,63,60
"V",6,0,1,4,28,27
"V",6,0,1,5,15,15
"V",6,0,1,6,8,8
"V",6,0,1,7,7,7
"V",6,0,1,8,3,3
"V",6,0,2,-1,25,11
"V",6,0,2,-2,29,6
"V",6,0,2,-3,14,2
"V",6,0,2,-4,11,0
"V",6,0,2,-5,5,1
"V",6,0,2,-6,2,0
"V",6,0,2,-7,1,0
"V",6,0,2,-8,1,0
"V",6,0,2,-9,1,0
"V",6,0,2,0,43,20
"V",6,0,2,1,38,31
"V",6,0,2,2,20,16
"V",6,0,2,3,19,19
"V",6,0,2,4,9,9
"V",6,0,2,5,3,3
"V",6,0,2,6,2,2
"V",6,0,2,7,3,3
"V",6,0,2,8,1,1
"V",6,0,3,-1,4,3
"V",6,0,3,-3,5,2
"V",6,0,3,-4,3,0
"V",6,0,3,-5,1,0
"V",6,0,3,0,6,4
"V",6,0,3,1,5,2
"V",6,0,3,2,5,5
"V",6,0,3,3,5,5
"V",6,0,3,4,2,2
"V",6,0,4,-1,6,2
"V",6,0,4,-2,5,1
"V",6,0,4,-3,2,0
"V",6,0,4,-4,2,0
"V",6,0,4,-5,3,0
"V",6,0,4,-6,1,0
"V",6,0,4,0,7,4
"V",6,0,4,1,4,2
"V",6,0,4,2,2,2
"V",6,0,4,3,4,4
"V",6,0,4,4,1,1
"V",6,0,4,5,1,1
"V",6,0,4,7,2,2
"V",6,0,4,8,1,1
"V",6,0,5,-1,1,0
"V",6,0,5,-3,1,0
"V",6,0,5,-4,1,0
"V",6,0,5,-5,1,0
"V",6,0,5,0,5,3
"V",6,0,5,1,5,4
"V",6,0,5,2,1,1
"V",6,0,5,3,3,3
"V",6,0,6,-3,1,0
"V",6,0,6,-4,1,0
"V",6,0,6,0,2,2
"V",6,0,6,1,1,1
"V",6,0,6,2,3,3
"V",6,0,7,-2,1,0
"V",6,0,7,-3,1,0
"V",6,0,7,-4,1,0
"V",6,0,7,0,2,2
"V",6,0,7,3,1,1
"V",6,0,8,-1,1,1
"V",6,0,8,-2,1,1
"V",6,0,8,-4,1,0
"V",6,0,8,0,5,4
"V",6,0,8,1,2,2
"V",6,1,1,-1,90,16
"V",6,1,1,-2,69,9
"V",6,1,1,-3,39,6
"V",6,1,1,-4,28,1
"V",6,1,1,-5,18,0
"V",6,1,1,-6,16,0
"V",6,1,1,-7,5,0
"V",6,1,1,-8,2,0
"V",6,1,1,0,115,52
"V",6,1,1,1,87,61
"V",6,1,1,2,63,46
"V",6,1,1,3,40,37
"V",6,1,1,4,23,22
"V",6,1,1,5,13,13
"V",6,1,1,6,6,6
"V",6,1,1,7,5,5
"V",6,1,1,8,3,3
"V",6,1,2,-1,35,8
"V",6,1,2,-2,30,7
"V",6,1,2,-3,16,6
"V",6,1,2,-4,12,0
"V",6,1,2,-5,7,0
"V",6,1,2,-6,7,0
"V",6,1,2,-7,1,0
"V",6,1,2,-8,2,0
"V",6,1,2,-9,1,0
"V",6,1,2,0,51,30
"V",6,1,2,1,38,28
"V",6,1,2,2,31,24
"V",6,1,2,3,20,20
"V",6,1,2,4,8,8
"V",6,1,2,5,12,12
"V",6,1,2,6,1,1
"V",6,1,2,7,3,3
"V",6,1,2,8,3,3
"V",6,1,3,-1,13,6
"V",6,1,3,-2,8,2
"V",6,1,3,-3,13,3
"V",6,1,3,-4,2,0
"V",6,1,3,-7,1,0
"V",6,1,3,0,23,7
"V",6,1,3,1,29,23
"V",6,1,3,2,18,15
"V",6,1,3,3,16,16
"V",6,1,3,4,7,6
"V",6,1,3,5,5,5
"V",6,1,3,6,2,2
"V",6,1,3,8,1,1
"V",6,1,4,-1,13,4
"V",6,1,4,-2,12,4
"V",6,1,4,-3,3,2
"V",6,1,4,-4,2,0
"V",6,1,4,-5,5,0
"V",6,1,4,-6,2,0
"V",6,1,4,-9,1,0
"V",6,1,4,0,14,6
"V",6,1,4,1,6,5
"V",6,1,4,2,9,8
"V",6,1,4,3,9,9
"V",6,1,4,4,4,3
"V",6,1,4,5,5,5
"V",6,1,4,8,1,1
"V",6,1,5,-1,7,2
"V",6,1,5,-2,1,1
"V",6,1,5,-3,5,2
"V",6,1,5,-4,1,0
"V",6,1,5,-5,1,0
"V",6,1,5,0,9,7
"V",6,1,5,1,7,4
"V",6,1,5,2,4,4
"V",6,1,5,3,5,5
"V",6,1,5,4,4,4
"V",6,1,5,5,1,1
"V",6,1,5,6,2,2
"V",6,1,6,-1,8,3
"V",6,1,6,-2,3,2
"V",6,1,6,-3,4,1
"V",6,1,6,0,5,1
"V",6,1,6,1,8,5
"V",6,1,6,2,7,7
"V",6,1,6,3,3,2
"V",6,1,6,4,2,2
"V",6,1,6,6,1,1
"V",6,1,7,-1,6,3
"V",6,1,7,-2,1,0
"V",6,1,7,-3,4,1
"V",6,1,7,-4,2,0
"V",6,1,7,-5,1,0
"V",6,1,7,-7,1,0
"V",6,1,7,0,6,5
"V",6,1,7,1,1,1
"V",6,1,7,2,2,2
"V",6,1,7,3,7,7
"V",6,1,7,4,2,2
"V",6,1,7,6,1,1
"V",6,1,7,7,1,1
"V",6,1,8,-1,2,2
"V",6,1,8,-2,1,0
"V",6,1,8,-3,1,1
"V",6,1,8,-4,1,0
"V",6,1,8,0,6,4
"V",6,1,8,1,2,2
"V",6,1,8,2,2,2
"V",6,1,8,3,4,4
"V",6,1,8,4,3,3
"V",6,1,8,5,2,2
"V",6,2,1,-1,67,12
"V",6,2,1,-2,61,5
"V",6,2,1,-3,29,1
"V",6,2,1,-4,20,1
"V",6,2,1,-5,13,0
"V",6,2,1,-6,10,0
"V",6,2,1,-7,4,0
"V",6,2,1,-8,1,0
"V",6,2,1,0,92,36
"V",6,2,1,1,71,47
"V",6,2,1,2,48,35
"V",6,2,1,3,34,31
"V",6,2,1,4,24,24
"V",6,2,1,5,11,11
"V",6,2,1,6,5,5
"V",6,2,1,7,3,3
"V",6,2,1,8,2,2
"V",6,2,2,-1,26,5
"V",6,2,2,-2,29,3
"V",6,2,2,-3,13,2
"V",6,2,2,-4,15,1
"V",6,2,2,-5,4,0
"V",6,2,2,-6,4,0
"V",6,2,2,-8,2,0
"V",6,2,2,0,55,26
"V",6,2,2,1,47,35
"V",6,2,2,2,31,21
"V",6,2,2,3,18,17
"V",6,2,2,4,11,11
"V",6,2,2,5,9,9
"V",6,2,2,6,4,4
"V",6,2,2,7,1,1
"V",6,2,2,8,2,2
"V",6,2,3,-1,19,5
"V",6,2,3,-2,12,4
"V",6,2,3,-3,10,1
"V",6,2,3,-4,3,0
"V",6,2,3,-5,2,0
"V",6,2,3,-6,2,0
"V",6,2,3,-7,1,0
"V",6,2,3,-8,1,0
"V",6,2,3,0,30,15
"V",6,2,3,1,28,23
"V",6,2,3,2,14,11
"V",6,2,3,3,16,15
"V",6,2,3,4,10,9
"V",6,2,3,5,9,9
"V",6,2,3,6,2,2
"V",6,2,3,7,1,1
"V",6,2,3,8,1,1
"V",6,2,4,-1,8,3
"V",6,2,4,-2,10,3
"V",6,2,4,-3,1,0
"V",6,2,4,-4,3,1
"V",6,2,4,-5,3,0
"V",6,2,4,-6,1,0
"V",6,2,4,-8,1,0
"V",6,2,4,-9,1,0
"V",6,2,4,0,21,9
"V",6,2,4,1,6,5
"V",6,2,4,2,7,6
"V",6,2,4,3,10,9
"V",6,2,4,4,4,3
"V",6,2,4,5,3,3
"V",6,2,4,6,2,2
"V",6,2,5,-1,7,3
"V",6,2,5,-2,5,0
"V",6,2,5,-3,5,1
"V",6,2,5,-4,1,0
"V",6,2,5,-5,2,0
"V",6,2,5,-6,2,0
"V",6,2,5,0,9,6
"V",6,2,5,1,12,8
"V",6,2,5,2,8,6
"V",6,2,5,3,9,9
"V",6,2,5,4,1,1
"V",6,2,5,5,1,1
"V",6,2,5,6,1,1
"V",6,2,5,7,1,1
"V",6,2,5,8,1,1
"V",6,2,6,-1,7,3
"V",6,2,6,-2,1,0
"V",6,2,6,-3,4,0
"V",6,2,6,-4,2,0
"V",6,2,6,-5,1,0
"V",6,2,6,-6,1,0
"V",6,2,6,0,7,3
"V",6,2,6,1,3,3
"V",6,2,6,2,5,2
"V",6,2,6,3,7,6
"V",6,2,6,4,1,1
"V",6,2,6,5,4,4
"V",6,2,6,6,1,1
"V",6,2,6,7,1,1
"V",6,2,7,-1,8,3
"V",6,2,7,-2,4,1
"V",6,2,7,-3,2,0
"V",6,2,7,-4,1,0
"V",6,2,7,-6,1,0
"V",6,2,7,0,7,4
"V",6,2,7,1,5,2
"V",6,2,7,2,2,2
"V",6,2,7,4,1,1
"V",6,2,7,7,1,1
"V",6,2,8,-1,1,1
"V",6,2,8,-2,1,0
"V",6,2,8,0,6,3
"V",6,2,8,1,6,4
"V",6,2,8,2,3,3
"V",6,2,8,3,2,2
"V",6,2,8,4,5,5
"V",6,2,8,5,1,1
"V",7,0,1,-1,99,21
"V",7,0,1,-10,1,0
"V",7,0,1,-11,1,0
"V",7,0,1,-2,102,13
"V",7,0,1,-3,64,6
"V",7,0,1,-4,45,1
"V",7,0,1,-5,28,0
"V",7,0,1,-6,19,0
"V",7,0,1,-7,12,0
"V",7,0,1,-8,6,0
"V",7,0,1,0,133,63
"V",7,0,1,1,124,93
"V",7,0,1,2,79,67
"V",7,0,1,3,63,60
"V",7,0,1,4,40,40
"V",7,0,1,5,20,20
"V",7,0,1,6,8,8
"V",7,0,1,7,10,10
"V",7,0,1,8,4,4
"V",7,0,2,-1,23,6
"V",7,0,2,-11,1,0
"V",7,0,2,-2,28,4
"V",7,0,2,-3,14,4
"V",7,0,2,-4,10,0
"V",7,0,2,-5,9,0
"V",7,0,2,-6,5,0
"V",7,0,2,-7,3,0
"V",7,0,2,-8,2,0
"V",7,0,2,0,42,26
"V",7,0,2,1,36,25
"V",7,0,2,2,22,19
"V",7,0,2,3,16,16
"V",7,0,2,4,8,8
"V",7,0,2,5,11,11
"V",7,0,2,6,2,2
"V",7,0,2,7,3,3
"V",7,0,2,8,3,3
"V",7,0,3,-1,4,0
"V",7,0,3,-2,4,0
"V",7,0,3,-3,3,0
"V",7,0,3,-4,4,0
"V",7,0,3,-7,1,0
"V",7,0,3,0,8,5
"V",7,0,3,1,5,5
"V",7,0,3,2,2,2
"V",7,0,3,3,4,4
"V",7,0,3,4,1,1
"V",7,0,3,5,1,1
"V",7,0,3,6,1,1
"V",7,0,3,8,1,1
"V",7,0,4,-1,4,1
"V",7,0,4,-2,7,2
"V",7,0,4,-3,6,3
"V",7,0,4,-4,1,0
"V",7,0,4,-6,1,0
"V",7,0,4,-8,1,0
"V",7,0,4,0,10,7
"V",7,0,4,1,6,3
"V",7,0,4,2,4,4
"V",7,0,4,3,2,2
"V",7,0,4,5,1,1
"V",7,0,4,6,3,3
"V",7,0,5,-1,2,0
"V",7,0,5,-3,2,0
"V",7,0,5,-4,2,0
"V",7,0,5,-5,1,0
"V",7,0,5,0,2,1
"V",7,0,5,1,2,2
"V",7,0,5,3,1,1
"V",7,0,5,5,4,4
"V",7,0,5,6,1,1
"V",7,0,5,8,1,1
"V",7,0,6,-1,2,0
"V",7,0,6,-5,1,0
"V",7,0,6,0,1,0
"V",7,0,6,1,2,1
"V",7,0,6,3,1,1
"V",7,0,6,4,2,2
"V",7,0,6,5,2,2
"V",7,0,6,6,1,1
"V",7,0,6,8,1,1
"V",7,0,7,-2,1,0
"V",7,0,7,-6,1,0
"V",7,0,7,0,2,2
"V",7,0,7,1,1,1
"V",7,0,7,3,1,1
"V",7,0,7,6,1,1
"V",7,0,8,-2,1,0
"V",7,0,8,-6,1,0
"V",7,0,8,-8,1,0
"V",7,0,8,0,2,1
"V",7,0,8,1,1,1
"V",7,0,8,3,1,1
"V",7,1,1,-1,72,15
"V",7,1,1,-10,1,0
"V",7,1,1,-2,75,9
"V",7,1,1,-3,48,2
"V",7,1,1,-4,31,1
"V",7,1,1,-5,19,0
"V",7,1,1,-6,14,0
"V",7,1,1,-7,9,0
"V",7,1,1,-8,4,0
"V",7,1,1,0,83,33
"V",7,1,1,1,85,65
"V",7,1,1,2,57,48
"V",7,1,1,3,43,40
"V",7,1,1,4,33,33
"V",7,1,1,5,10,10
"V",7,1,1,6,8,8
"V",7,1,1,7,8,8
"V",7,1,1,8,1,1
"V",7,1,2,-1,33,7
"V",7,1,2,-11,1,0
"V",7,1,2,-2,29,3
"V",7,1,2,-3,23,2
"V",7,1,2,-4,14,1
"V",7,1,2,-5,8,0
"V",7,1,2,-6,6,0
"V",7,1,2,-7,4,0
"V",7,1,2,-8,4,0
"V",7,1,2,0,35,16
"V",7,1,2,1,39,31
"V",7,1,2,2,21,18
"V",7,1,2,3,18,17
"V",7,1,2,4,16,16
"V",7,1,2,5,8,8
"V",7,1,2,6,3,3
"V",7,1,2,7,5,5
"V",7,1,2,8,1,1
"V",7,1,3,-1,10,3
"V",7,1,3,-2,8,1
"V",7,1,3,-3,3,1
"V",7,1,3,-4,6,0
"V",7,1,3,-5,1,0
"V",7,1,3,-6,1,0
"V",7,1,3,-7,3,0
"V",7,1,3,0,19,8
"V",7,1,3,1,27,21
"V",7,1,3,2,12,11
"V",7,1,3,3,17,15
"V",7,1,3,4,7,7
"V",7,1,3,5,7,7
"V",7,1,3,6,2,2
"V",7,1,3,7,2,2
"V",7,1,3,8,1,1
"V",7,1,4,-1,13,6
"V",7,1,4,-2,7,1
"V",7,1,4,-3,5,0
"V",7,1,4,-4,1,0
"V",7,1,4,-6,3,0
"V",7,1,4,-7,1,0
"V",7,1,4,-8,2,0
"V",7,1,4,0,7,2
"V",7,1,4,1,11,10
"V",7,1,4,2,7,6
"V",7,1,4,3,8,8
"V",7,1,4,4,4,4
"V",7,1,4,5,2,2
"V",7,1,4,6,2,2
"V",7,1,4,7,3,3
"V",7,1,4,8,1,1
"V",7,1,5,-1,9,1
"V",7,1,5,-2,2,1
"V",7,1,5,-3,2,1
"V",7,1,5,-4,1,0
"V",7,1,5,0,4,2
"V",7,1,5,1,7,7
"V",7,1,5,2,6,5
"V",7,1,5,3,11,11
"V",7,1,5,4,5,5
"V",7,1,5,5,4,4
"V",7,1,5,6,2,2
"V",7,1,5,8,2,2
"V",7,1,6,-1,4,2
"V",7,1,6,-2,4,2
"V",7,1,6,-3,4,2
"V",7,1,6,-7,1,0
"V",7,1,6,0,9,4
"V",7,1,6,1,6,4
"V",7,1,6,2,6,6
"V",7,1,6,3,6,6
"V",7,1,6,4,1,1
"V",7,1,6,6,2,2
"V",7,1,7,-1,2,0
"V",7,1,7,-2,5,2
"V",7,1,7,-3,4,0
"V",7,1,7,-4,2,1
"V",7,1,7,-5,1,0
"V",7,1,7,-6,1,0
"V",7,1,7,0,8,6
"V",7,1,7,1,8,7
"V",7,1,7,2,5,5
"V",7,1,7,3,5,5
"V",7,1,7,4,3,3
"V",7,1,7,5,1,1
"V",7,1,7,6,1,1
"V",7,1,7,8,1,1
"V",7,1,8,-1,1,1
"V",7,1,8,-2,3,2
"V",7,1,8,-4,1,1
"V",7,1,8,-5,3,0
"V",7,1,8,-6,2,0
"V",7,1,8,0,2,1
"V",7,1,8,1,7,6
"V",7,1,8,2,1,1
"V",7,1,8,3,3,3
"V",7,1,8,4,4,4
"V",7,1,8,6,1,1
"V",7,1,8,7,1,1
"V",7,2,1,-1,51,9
"V",7,2,1,-10,1,0
"V",7,2,1,-2,60,9
"V",7,2,1,-3,36,0
"V",7,2,1,-4,24,0
"V",7,2,1,-5,18,0
"V",7,2,1,-6,10,0
"V",7,2,1,-7,5,0
"V",7,2,1,-8,1,0
"V",7,2,1,0,70,26
"V",7,2,1,1,63,47
"V",7,2,1,2,50,42
"V",7,2,1,3,34,30
"V",7,2,1,4,21,21
"V",7,2,1,5,8,8
"V",7,2,1,6,7,7
"V",7,2,1,7,7,7
"V",7,2,1,8,3,3
"V",7,2,2,-1,30,6
"V",7,2,2,-11,1,0
"V",7,2,2,-2,28,4
"V",7,2,2,-3,17,2
"V",7,2,2,-4,17,0
"V",7,2,2,-5,11,0
"V",7,2,2,-6,5,0
"V",7,2,2,-7,3,0
"V",7,2,2,-8,2,0
"V",7,2,2,0,28,14
"V",7,2,2,1,31,21
"V",7,2,2,2,26,25
"V",7,2,2,3,18,15
"V",7,2,2,4,14,14
"V",7,2,2,5,9,9
"V",7,2,2,6,2,2
"V",7,2,2,7,4,4
"V",7,2,2,8,1,1
"V",7,2,2,9,1,1
"V",7,2,3,-1,13,4
"V",7,2,3,-2,10,3
"V",7,2,3,-3,13,1
"V",7,2,3,-4,8,0
"V",7,2,3,-5,6,0
"V",7,2,3,-7,1,0
"V",7,2,3,0,20,7
"V",7,2,3,1,28,19
"V",7,2,3,2,24,20
"V",7,2,3,3,21,19
"V",7,2,3,4,14,14
"V",7,2,3,5,6,6
"V",7,2,3,6,4,4
"V",7,2,3,7,2,2
"V",7,2,3,8,1,1
"V",7,2,3,9,1,1
"V",7,2,4,-1,10,2
"V",7,2,4,-2,7,1
"V",7,2,4,-3,4,0
"V",7,2,4,-4,7,0
"V",7,2,4,-5,4,0
"V",7,2,4,-8,2,0
"V",7,2,4,0,10,6
"V",7,2,4,1,11,10
"V",7,2,4,2,3,2
"V",7,2,4,3,10,9
"V",7,2,4,4,3,3
"V",7,2,4,5,5,5
"V",7,2,4,6,1,1
"V",7,2,4,7,2,2
"V",7,2,4,8,2,2
"V",7,2,4,9,3,3
"V",7,2,5,-1,11,2
"V",7,2,5,-2,7,1
"V",7,2,5,-3,2,0
"V",7,2,5,-4,2,0
"V",7,2,5,-5,1,0
"V",7,2,5,-6,1,0
"V",7,2,5,-7,2,0
"V",7,2,5,0,7,3
"V",7,2,5,1,9,7
"V",7,2,5,10,1,1
"V",7,2,5,2,6,4
"V",7,2,5,3,11,10
"V",7,2,5,4,3,3
"V",7,2,5,5,4,4
"V",7,2,5,6,2,2
"V",7,2,5,7,3,3
"V",7,2,5,8,2,2
"V",7,2,5,9,1,1
"V",7,2,6,-1,6,3
"V",7,2,6,-2,4,1
"V",7,2,6,-3,3,1
"V",7,2,6,-4,3,0
"V",7,2,6,-6,2,0
"V",7,2,6,-7,1,0
"V",7,2,6,0,5,0
"V",7,2,6,1,4,4
"V",7,2,6,2,2,2
"V",7,2,6,3,4,4
"V",7,2,6,4,3,3
"V",7,2,6,5,3,3
"V",7,2,6,6,1,1
"V",7,2,6,7,1,1
"V",7,2,7,-1,3,1
"V",7,2,7,-2,3,1
"V",7,2,7,-3,8,0
"V",7,2,7,-4,3,0
"V",7,2,7,-5,1,0
"V",7,2,7,-6,1,0
"V",7,2,7,-8,2,0
"V",7,2,7,0,6,4
"V",7,2,7,1,4,2
"V",7,2,7,2,4,3
"V",7,2,7,4,1,1
"V",7,2,7,5,4,4
"V",7,2,7,6,1,1
"V",7,2,7,7,1,1
"V",7,2,7,8,2,2
"V",7,2,7,9,1,1
"V",7,2,8,-1,4,1
"V",7,2,8,-2,3,1
"V",7,2,8,-3,3,0
"V",7,2,8,0,2,1
"V",7,2,8,1,5,4
"V",7,2,8,2,2,1
"V",7,2,8,3,3,3
"V",7,2,8,4,2,2
"V",7,2,8,5,2,2
"V",7,2,8,6,1,1
"V",7,2,8,7,1,1
"V",7,2,8,9,1,1
"V",8,0,1,-1,107,21
"V",8,0,1,-10,1,0
"V",8,0,1,-12,1,0
"V",8,0,1,-13,1,0
"V",8,0,1,-2,90,13
"V",8,0,1,-3,68,0
"V",8,0,1,-4,55,1
"V",8,0,1,-5,28,1
"V",8,0,1,-6,12,0
"V",8,0,1,-7,18,0
"V",8,0,1,-8,8,0
"V",8,0,1,-9,2,0
"V",8,0,1,0,117,53
"V",8,0,1,1,112,94
"V",8,0,1,10,1,1
"V",8,0,1,2,77,67
"V",8,0,1,3,67,63
"V",8,0,1,4,40,40
"V",8,0,1,5,22,22
"V",8,0,1,6,7,7
"V",8,0,1,7,14,14
"V",8,0,1,8,3,3
"V",8,0,1,9,3,3
"V",8,0,2,-1,28,5
"V",8,0,2,-10,1,0
"V",8,0,2,-13,1,0
"V",8,0,2,-2,21,5
"V",8,0,2,-3,17,0
"V",8,0,2,-4,14,1
"V",8,0,2,-5,6,1
"V",8,0,2,-6,4,0
"V",8,0,2,-7,5,0
"V",8,0,2,-8,5,0
"V",8,0,2,-9,1,0
"V",8,0,2,0,29,14
"V",8,0,2,1,37,32
"V",8,0,2,2,23,21
"V",8,0,2,3,23,21
"V",8,0,2,4,13,13
"V",8,0,2,5,3,3
"V",8,0,2,6,4,4
"V",8,0,2,7,7,7
"V",8,0,2,8,1,1
"V",8,0,3,-1,6,2
"V",8,0,3,-2,2,0
"V",8,0,3,-3,4,0
"V",8,0,3,-4,2,0
"V",8,0,3,-7,1,0
"V",8,0,3,0,5,3
"V",8,0,3,1,3,3
"V",8,0,3,2,6,5
"V",8,0,3,3,6,6
"V",8,0,3,4,1,1
"V",8,0,3,5,3,3
"V",8,0,3,6,1,1
"V",8,0,3,8,1,1
"V",8,0,4,-1,5,2
"V",8,0,4,-2,5,2
"V",8,0,4,-3,2,0
"V",8,0,4,-4,1,0
"V",8,0,4,-5,3,0
"V",8,0,4,-7,2,0
"V",8,0,4,-8,1,0
"V",8,0,4,0,3,2
"V",8,0,4,1,10,8
"V",8,0,4,2,3,3
"V",8,0,4,3,4,4
"V",8,0,4,4,5,5
"V",8,0,4,7,2,2
"V",8,0,5,-1,2,0
"V",8,0,5,-4,1,0
"V",8,0,5,0,1,0
"V",8,0,5,1,1,1
"V",8,0,5,10,1,1
"V",8,0,5,2,3,3
"V",8,0,5,3,1,1
"V",8,0,5,4,1,1
"V",8,0,5,8,1,1
"V",8,0,6,-1,3,1
"V",8,0,6,-10,1,0
"V",8,0,6,-2,1,0
"V",8,0,6,-8,1,0
"V",8,0,6,0,3,1
"V",8,0,6,1,3,3
"V",8,0,6,2,1,1
"V",8,0,6,3,3,3
"V",8,0,6,4,1,1
"V",8,0,6,5,2,2
"V",8,0,6,6,2,2
"V",8,0,7,-1,1,1
"V",8,0,7,-2,1,1
"V",8,0,7,-3,1,0
"V",8,0,7,-4,1,1
"V",8,0,7,0,3,3
"V",8,0,7,2,3,3
"V",8,0,7,3,1,1
"V",8,0,7,4,1,1
"V",8,0,7,6,2,2
"V",8,0,7,7,1,1
"V",8,0,8,-1,1,1
"V",8,0,8,-2,2,0
"V",8,0,8,-3,1,0
"V",8,0,8,-5,1,0
"V",8,0,8,-7,1,0
"V",8,0,8,0,1,0
"V",8,0,8,1,4,3
"V",8,0,8,2,2,2
"V",8,0,8,3,1,1
"V",8,0,8,4,2,2
"V",8,0,8,5,1,1
"V",8,1,1,-1,74,15
"V",8,1,1,-12,1,0
"V",8,1,1,-2,67,7
"V",8,1,1,-3,49,0
"V",8,1,1,-4,38,0
"V",8,1,1,-5,22,0
"V",8,1,1,-6,8,0
"V",8,1,1,-7,12,0
"V",8,1,1,-8,3,0
"V",8,1,1,-9,1,0
"V",8,1,1,0,84,35
"V",8,1,1,1,75,62
"V",8,1,1,11,1,1
"V",8,1,1,2,50,43
"V",8,1,1,3,43,41
"V",8,1,1,4,28,28
"V",8,1,1,5,17,17
"V",8,1,1,6,6,6
"V",8,1,1,7,8,8
"V",8,1,1,8,2,2
"V",8,1,1,9,3,3
"V",8,1,2,-1,31,6
"V",8,1,2,-13,1,0
"V",8,1,2,-2,31,3
"V",8,1,2,-3,24,0
"V",8,1,2,-4,25,0
"V",8,1,2,-5,5,0
"V",8,1,2,-6,9,0
"V",8,1,2,-7,7,0
"V",8,1,2,-8,4,0
"V",8,1,2,-9,1,0
"V",8,1,2,0,25,10
"V",8,1,2,1,41,35
"V",8,1,2,2,23,18
"V",8,1,2,3,23,21
"V",8,1,2,4,6,6
"V",8,1,2,5,9,9
"V",8,1,2,6,3,3
"V",8,1,2,7,4,4
"V",8,1,2,8,3,3
"V",8,1,3,-1,11,5
"V",8,1,3,-13,1,0
"V",8,1,3,-2,12,1
"V",8,1,3,-3,8,0
"V",8,1,3,-4,4,0
"V",8,1,3,-5,3,0
"V",8,1,3,-6,1,0
"V",8,1,3,-7,3,0
"V",8,1,3,-8,1,0
"V",8,1,3,0,19,8
"V",8,1,3,1,20,20
"V",8,1,3,2,17,15
"V",8,1,3,3,17,17
"V",8,1,3,4,12,12
"V",8,1,3,5,3,3
"V",8,1,3,6,1,1
"V",8,1,3,7,2,2
"V",8,1,3,8,1,1
"V",8,1,4,-1,9,2
"V",8,1,4,-2,5,0
"V",8,1,4,-3,9,0
"V",8,1,4,-4,5,0
"V",8,1,4,-5,4,0
"V",8,1,4,-6,1,0
"V",8,1,4,-7,2,0
"V",8,1,4,-8,2,0
"V",8,1,4,0,5,3
"V",8,1,4,1,9,9
"V",8,1,4,2,7,6
"V",8,1,4,3,9,9
"V",8,1,4,4,5,5
"V",8,1,4,6,2,2
"V",8,1,4,7,1,1
"V",8,1,4,8,1,1
"V",8,1,4,9,1,1
"V",8,1,5,-1,6,2
"V",8,1,5,-2,1,0
"V",8,1,5,-3,1,0
"V",8,1,5,-4,1,0
"V",8,1,5,-7,1,0
"V",8,1,5,0,6,6
"V",8,1,5,1,8,8
"V",8,1,5,2,8,7
"V",8,1,5,3,8,7
"V",8,1,5,4,7,7
"V",8,1,5,5,1,1
"V",8,1,5,6,1,1
"V",8,1,5,8,1,1
"V",8,1,6,-1,3,3
"V",8,1,6,-10,1,0
"V",8,1,6,-2,2,1
"V",8,1,6,-3,3,0
"V",8,1,6,-4,7,0
"V",8,1,6,-6,1,0
"V",8,1,6,0,7,3
"V",8,1,6,1,4,4
"V",8,1,6,2,6,5
"V",8,1,6,3,5,5
"V",8,1,6,5,2,2
"V",8,1,6,6,2,2
"V",8,1,6,8,2,2
"V",8,1,7,-1,7,2
"V",8,1,7,-2,5,2
"V",8,1,7,-3,1,0
"V",8,1,7,-4,3,1
"V",8,1,7,-6,3,0
"V",8,1,7,0,6,3
"V",8,1,7,1,11,9
"V",8,1,7,2,5,5
"V",8,1,7,3,6,6
"V",8,1,7,4,2,2
"V",8,1,7,5,1,1
"V",8,1,7,6,1,1
"V",8,1,7,7,2,2
"V",8,1,8,-1,3,1
"V",8,1,8,-2,1,0
"V",8,1,8,-3,1,0
"V",8,1,8,-4,1,1
"V",8,1,8,-5,1,0
"V",8,1,8,-8,1,0
"V",8,1,8,0,2,1
"V",8,1,8,1,3,1
"V",8,1,8,2,1,0
"V",8,1,8,3,1,1
"V",8,1,8,4,1,1
"V",8,2,1,-1,58,7
"V",8,2,1,-12,1,0
"V",8,2,1,-2,41,4
"V",8,2,1,-3,35,0
"V",8,2,1,-4,23,0
"V",8,2,1,-5,17,1
"V",8,2,1,-6,3,0
"V",8,2,1,-7,9,0
"V",8,2,1,-8,1,0
"V",8,2,1,-9,1,0
"V",8,2,1,0,66,27
"V",8,2,1,1,51,39
"V",8,2,1,11,1,1
"V",8,2,1,2,38,34
"V",8,2,1,3,38,37
"V",8,2,1,4,22,22
"V",8,2,1,5,16,16
"V",8,2,1,6,7,7
"V",8,2,1,7,8,8
"V",8,2,1,8,1,1
"V",8,2,1,9,3,3
"V",8,2,2,-1,30,5
"V",8,2,2,-12,2,0
"V",8,2,2,-2,30,5
"V",8,2,2,-3,25,0
"V",8,2,2,-4,24,0
"V",8,2,2,-5,7,0
"V",8,2,2,-6,5,0
"V",8,2,2,-7,6,0
"V",8,2,2,-8,1,0
"V",8,2,2,0,31,13
"V",8,2,2,1,33,27
"V",8,2,2,11,1,1
"V",8,2,2,2,16,13
"V",8,2,2,3,22,19
"V",8,2,2,4,17,17
"V",8,2,2,5,8,8
"V",8,2,2,6,3,3
"V",8,2,2,7,3,3
"V",8,2,2,8,1,1
"V",8,2,2,9,1,1
"V",8,2,3,-1,21,5
"V",8,2,3,-2,18,2
"V",8,2,3,-3,12,0
"V",8,2,3,-4,3,0
"V",8,2,3,-5,5,1
"V",8,2,3,-7,3,0
"V",8,2,3,-8,1,0
"V",8,2,3,-9,2,0
"V",8,2,3,0,22,10
"V",8,2,3,1,22,19
"V",8,2,3,2,17,14
"V",8,2,3,3,18,16
"V",8,2,3,4,13,13
"V",8,2,3,5,7,7
"V",8,2,3,6,4,4
"V",8,2,3,7,3,3
"V",8,2,3,8,3,3
"V",8,2,3,9,2,2
"V",8,2,4,-1,9,4
"V",8,2,4,-12,1,0
"V",8,2,4,-2,14,1
"V",8,2,4,-3,14,0
"V",8,2,4,-4,9,0
"V",8,2,4,-5,4,0
"V",8,2,4,-6,2,0
"V",8,2,4,-7,3,0
"V",8,2,4,0,11,5
"V",8,2,4,1,9,7
"V",8,2,4,2,4,4
"V",8,2,4,3,7,7
"V",8,2,4,4,9,9
"V",8,2,4,5,4,4
"V",8,2,4,6,2,2
"V",8,2,4,7,1,1
"V",8,2,4,8,1,1
"V",8,2,4,9,1,1
"V",8,2,5,-1,7,1
"V",8,2,5,-13,1,0
"V",8,2,5,-2,7,0
"V",8,2,5,-3,2,0
"V",8,2,5,-4,2,0
"V",8,2,5,-5,2,0
"V",8,2,5,-7,1,0
"V",8,2,5,0,11,6
"V",8,2,5,1,13,12
"V",8,2,5,2,9,8
"V",8,2,5,3,12,11
"V",8,2,5,4,10,10
"V",8,2,5,5,4,4
"V",8,2,5,6,3,3
"V",8,2,6,-1,8,1
"V",8,2,6,-2,3,0
"V",8,2,6,-3,3,0
"V",8,2,6,-4,4,0
"V",8,2,6,-5,1,0
"V",8,2,6,-7,2,0
"V",8,2,6,-8,1,0
"V",8,2,6,0,7,3
"V",8,2,6,1,5,5
"V",8,2,6,2,4,4
"V",8,2,6,3,7,6
"V",8,2,6,5,4,4
"V",8,2,6,6,1,1
"V",8,2,7,-1,9,1
"V",8,2,7,-2,5,0
"V",8,2,7,-3,5,1
"V",8,2,7,-4,3,0
"V",8,2,7,-6,2,0
"V",8,2,7,0,6,2
"V",8,2,7,1,8,7
"V",8,2,7,2,2,2
"V",8,2,7,3,6,5
"V",8,2,7,4,2,2
"V",8,2,7,5,2,2
"V",8,2,7,7,1,1
"V",8,2,8,-1,3,0
"V",8,2,8,-3,2,1
"V",8,2,8,-4,3,0
"V",8,2,8,-5,2,0
"V",8,2,8,-6,1,0
"V",8,2,8,-7,1,0
"V",8,2,8,0,4,2
"V",8,2,8,1,3,3
"V",8,2,8,3,4,4
"V",8,2,8,4,1,1
"V",8,2,8,5,1,1
"V",8,2,8,6,1,1
"V",9,0,1,-1,98,15
"V",9,0,1,-10,2,0
"V",9,0,1,-11,1,0
"V",9,0,1,-12,2,0
"V",9,0,1,-2,95,6
"V",9,0,1,-3,73,1
"V",9,0,1,-4,53,0
"V",9,0,1,-5,38,1
"V",9,0,1,-6,18,0
"V",9,0,1,-7,19,0
"V",9,0,1,-8,7,0
"V",9,0,1,-9,3,0
"V",9,0,1,0,101,51
"V",9,0,1,1,96,85
"V",9,0,1,10,1,1
"V",9,0,1,2,65,62
"V",9,0,1,3,68,68
"V",9,0,1,4,39,39
"V",9,0,1,5,32,32
"V",9,0,1,6,19,19
"V",9,0,1,7,11,11
"V",9,0,1,8,8,8
"V",9,0,1,9,3,3
"V",9,0,2,-1,28,6
"V",9,0,2,-11,1,0
"V",9,0,2,-12,1,0
"V",9,0,2,-2,29,4
"V",9,0,2,-3,21,0
"V",9,0,2,-4,17,0
"V",9,0,2,-5,9,0
"V",9,0,2,-6,4,0
"V",9,0,2,-7,6,0
"V",9,0,2,-8,3,0
"V",9,0,2,-9,1,0
"V",9,0,2,0,28,17
"V",9,0,2,1,30,29
"V",9,0,2,2,18,16
"V",9,0,2,3,16,16
"V",9,0,2,4,12,12
"V",9,0,2,5,10,10
"V",9,0,2,6,7,7
"V",9,0,2,7,3,3
"V",9,0,2,8,2,2
"V",9,0,2,9,1,1
"V",9,0,3,-1,3,2
"V",9,0,3,-11,1,0
"V",9,0,3,-2,7,1
"V",9,0,3,-3,6,0
"V",9,0,3,-4,4,0
"V",9,0,3,-5,3,0
"V",9,0,3,-6,1,0
"V",9,0,3,-7,2,0
"V",9,0,3,-8,1,0
"V",9,0,3,0,5,2
"V",9,0,3,1,5,5
"V",9,0,3,2,4,4
"V",9,0,3,3,6,6
"V",9,0,3,4,1,1
"V",9,0,3,5,1,1
"V",9,0,3,6,1,1
"V",9,0,3,7,3,3
"V",9,0,4,-1,4,3
"V",9,0,4,-2,11,4
"V",9,0,4,-3,5,0
"V",9,0,4,-4,7,0
"V",9,0,4,-5,2,0
"V",9,0,4,-9,1,0
"V",9,0,4,0,1,0
"V",9,0,4,1,5,5
"V",9,0,4,2,3,3
"V",9,0,4,3,5,5
"V",9,0,4,4,4,4
"V",9,0,4,5,1,1
"V",9,0,4,7,1,1
"V",9,0,4,8,1,1
"V",9,0,5,-1,1,1
"V",9,0,5,-11,1,0
"V",9,0,5,-2,2,0
"V",9,0,5,-3,1,0
"V",9,0,5,-5,1,1
"V",9,0,5,-7,2,0
"V",9,0,5,0,1,1
"V",9,0,5,2,1,1
"V",9,0,5,3,1,1
"V",9,0,5,4,1,1
"V",9,0,5,5,2,2
"V",9,0,6,-1,1,0
"V",9,0,6,-2,1,0
"V",9,0,6,-3,2,0
"V",9,0,6,-4,1,0
"V",9,0,6,-5,1,0
"V",9,0,6,0,2,2
"V",9,0,6,1,1,1
"V",9,0,6,2,2,2
"V",9,0,6,3,1,1
"V",9,0,6,4,1,1
"V",9,0,7,-1,1,0
"V",9,0,7,-4,1,0
"V",9,0,7,-7,1,0
"V",9,0,7,0,1,1
"V",9,0,7,1,2,2
"V",9,0,7,3,2,2
"V",9,0,7,4,2,2
"V",9,0,7,5,1,1
"V",9,0,8,-2,2,0
"V",9,0,8,-3,1,0
"V",9,0,8,-4,1,0
"V",9,0,8,0,1,1
"V",9,0,8,1,1,1
"V",9,1,1,-1,69,6
"V",9,1,1,-10,2,0
"V",9,1,1,-12,1,0
"V",9,1,1,-2,62,1
"V",9,1,1,-3,48,1
"V",9,1,1,-4,35,0
"V",9,1,1,-5,24,0
"V",9,1,1,-6,14,0
"V",9,1,1,-7,10,0
"V",9,1,1,-8,3,0
"V",9,1,1,-9,2,0
"V",9,1,1,0,70,33
"V",9,1,1,1,68,57
"V",9,1,1,10,1,1
"V",9,1,1,2,48,47
"V",9,1,1,3,47,47
"V",9,1,1,4,27,27
"V",9,1,1,5,22,22
"V",9,1,1,6,13,13
"V",9,1,1,7,7,7
"V",9,1,1,8,5,5
"V",9,1,1,9,2,2
"V",9,1,2,-1,35,4
"V",9,1,2,-10,2,0
"V",9,1,2,-12,1,0
"V",9,1,2,-2,22,2
"V",9,1,2,-3,23,1
"V",9,1,2,-4,15,1
"V",9,1,2,-5,15,0
"V",9,1,2,-6,3,0
"V",9,1,2,-7,4,0
"V",9,1,2,-8,3,0
"V",9,1,2,-9,1,0
"V",9,1,2,0,29,19
"V",9,1,2,1,29,21
"V",9,1,2,2,16,14
"V",9,1,2,3,18,18
"V",9,1,2,4,12,12
"V",9,1,2,5,8,8
"V",9,1,2,6,5,5
"V",9,1,2,7,3,3
"V",9,1,2,8,4,4
"V",9,1,2,9,2,2
"V",9,1,3,-1,9,2
"V",9,1,3,-10,2,0
"V",9,1,3,-12,1,0
"V",9,1,3,-2,8,0
"V",9,1,3,-3,14,0
"V",9,1,3,-4,8,0
"V",9,1,3,-5,2,0
"V",9,1,3,-6,6,0
"V",9,1,3,-7,2,0
"V",9,1,3,-8,1,0
"V",9,1,3,-9,1,0
"V",9,1,3,0,21,13
"V",9,1,3,1,19,17
"V",9,1,3,2,10,10
"V",9,1,3,3,7,6
"V",9,1,3,4,10,10
"V",9,1,3,5,8,8
"V",9,1,3,6,2,2
"V",9,1,3,7,2,2
"V",9,1,3,8,1,1
"V",9,1,4,-1,7,1
"V",9,1,4,-2,8,2
"V",9,1,4,-3,11,0
"V",9,1,4,-4,11,1
"V",9,1,4,-5,6,0
"V",9,1,4,-7,1,0
"V",9,1,4,-8,1,0
"V",9,1,4,-9,1,0
"V",9,1,4,0,11,7
"V",9,1,4,1,12,11
"V",9,1,4,10,2,2
"V",9,1,4,11,1,1
"V",9,1,4,2,4,4
"V",9,1,4,3,7,7
"V",9,1,4,4,8,8
"V",9,1,4,5,1,1
"V",9,1,4,6,2,2
"V",9,1,4,7,1,1
"V",9,1,4,8,2,2
"V",9,1,4,9,3,3
"V",9,1,5,-1,4,3
"V",9,1,5,-10,1,0
"V",9,1,5,-11,1,0
"V",9,1,5,-12,1,0
"V",9,1,5,-2,3,0
"V",9,1,5,-3,4,0
"V",9,1,5,-4,5,0
"V",9,1,5,-5,3,1
"V",9,1,5,-6,1,0
"V",9,1,5,-7,2,0
"V",9,1,5,-8,1,0
"V",9,1,5,0,6,4
"V",9,1,5,1,4,4
"V",9,1,5,2,7,6
"V",9,1,5,3,6,6
"V",9,1,5,4,2,2
"V",9,1,5,5,4,4
"V",9,1,5,6,3,3
"V",9,1,5,7,2,2
"V",9,1,5,8,1,1
"V",9,1,6,-1,4,3
"V",9,1,6,-2,2,0
"V",9,1,6,-3,6,1
"V",9,1,6,-5,1,0
"V",9,1,6,-7,2,0
"V",9,1,6,0,3,3
"V",9,1,6,1,4,4
"V",9,1,6,2,6,5
"V",9,1,6,3,4,4
"V",9,1,6,4,3,3
"V",9,1,6,5,2,2
"V",9,1,6,6,1,1
"V",9,1,6,8,1,1
"V",9,1,7,-1,4,2
"V",9,1,7,-2,5,3
"V",9,1,7,-3,3,0
"V",9,1,7,0,3,3
"V",9,1,7,1,8,7
"V",9,1,7,2,4,4
"V",9,1,7,3,2,2
"V",9,1,7,4,5,5
"V",9,1,7,5,2,2
"V",9,1,7,6,1,1
"V",9,1,8,-1,2,1
"V",9,1,8,-2,3,2
"V",9,1,8,-3,3,0
"V",9,1,8,-4,3,1
"V",9,1,8,-5,3,0
"V",9,1,8,0,2,2
"V",9,1,8,1,4,3
"V",9,1,8,2,1,1
"V",9,1,8,3,1,1
"V",9,1,8,4,4,4
"V",9,1,8,5,1,1
"V",9,1,8,6,1,1
"V",9,1,8,8,1,1
"V",9,2,1,-1,51,2
"V",9,2,1,-10,1,0
"V",9,2,1,-11,1,0
"V",9,2,1,-2,56,0
"V",9,2,1,-3,37,0
"V",9,2,1,-4,29,0
"V",9,2,1,-5,17,0
"V",9,2,1,-6,13,0
"V",9,2,1,-7,9,0
"V",9,2,1,-8,4,0
"V",9,2,1,0,50,18
"V",9,2,1,1,49,45
"V",9,2,1,10,1,1
"V",9,2,1,2,40,39
"V",9,2,1,3,42,42
"V",9,2,1,4,18,18
"V",9,2,1,5,21,21
"V",9,2,1,6,13,13
"V",9,2,1,7,10,10
"V",9,2,1,8,5,5
"V",9,2,1,9,1,1
"V",9,2,2,-1,38,4
"V",9,2,2,-12,1,0
"V",9,2,2,-2,30,1
"V",9,2,2,-3,18,0
"V",9,2,2,-4,14,0
"V",9,2,2,-5,14,0
"V",9,2,2,-6,6,0
"V",9,2,2,-7,2,0
"V",9,2,2,-8,2,0
"V",9,2,2,-9,1,0
"V",9,2,2,0,37,16
"V",9,2,2,1,26,23
"V",9,2,2,11,1,1
"V",9,2,2,2,22,21
"V",9,2,2,3,17,17
"V",9,2,2,4,14,14
"V",9,2,2,5,13,13
"V",9,2,2,6,7,7
"V",9,2,2,7,9,9
"V",9,2,2,8,3,3
"V",9,2,2,9,2,2
"V",9,2,3,-1,17,2
"V",9,2,3,-10,1,0
"V",9,2,3,-2,13,0
"V",9,2,3,-3,11,0
"V",9,2,3,-4,6,0
"V",9,2,3,-5,6,0
"V",9,2,3,-6,6,0
"V",9,2,3,-7,2,0
"V",9,2,3,-9,1,0
"V",9,2,3,0,21,13
"V",9,2,3,1,26,22
"V",9,2,3,2,13,12
"V",9,2,3,3,12,11
"V",9,2,3,4,12,12
"V",9,2,3,5,8,8
"V",9,2,3,6,4,4
"V",9,2,3,7,1,1
"V",9,2,3,8,2,2
"V",9,2,3,9,1,1
"V",9,2,4,-1,12,3
"V",9,2,4,-10,1,0
"V",9,2,4,-2,9,1
"V",9,2,4,-3,9,0
"V",9,2,4,-4,6,0
"V",9,2,4,-5,6,0
"V",9,2,4,-6,4,0
"V",9,2,4,-7,1,0
"V",9,2,4,-9,2,0
"V",9,2,4,0,19,12
"V",9,2,4,1,16,14
"V",9,2,4,10,1,1
"V",9,2,4,11,2,2
"V",9,2,4,2,8,8
"V",9,2,4,3,4,4
"V",9,2,4,4,6,6
"V",9,2,4,5,4,4
"V",9,2,4,6,1,1
"V",9,2,4,7,4,4
"V",9,2,4,8,2,2
"V",9,2,4,9,2,2
"V",9,2,5,-1,7,2
"V",9,2,5,-10,1,0
"V",9,2,5,-2,9,0
"V",9,2,5,-3,6,0
"V",9,2,5,-4,4,0
"V",9,2,5,-5,1,0
"V",9,2,5,-6,1,0
"V",9,2,5,-8,1,0
"V",9,2,5,-9,1,0
"V",9,2,5,0,14,10
"V",9,2,5,1,12,10
"V",9,2,5,10,1,1
"V",9,2,5,2,4,4
"V",9,2,5,3,12,12
"V",9,2,5,4,5,5
"V",9,2,5,5,8,8
"V",9,2,5,6,5,5
"V",9,2,6,-1,8,4
"V",9,2,6,-2,3,0
"V",9,2,6,-3,6,0
"V",9,2,6,-4,1,0
"V",9,2,6,-5,1,0
"V",9,2,6,-6,3,0
"V",9,2,6,-7,1,0
"V",9,2,6,-8,1,0
"V",9,2,6,0,3,3
"V",9,2,6,1,6,5
"V",9,2,6,2,4,4
"V",9,2,6,3,4,4
"V",9,2,6,4,1,1
"V",9,2,6,5,5,5
"V",9,2,6,6,2,2
"V",9,2,7,-1,5,1
"V",9,2,7,-2,3,1
"V",9,2,7,-3,6,1
"V",9,2,7,-4,2,0
"V",9,2,7,-5,2,0
"V",9,2,7,-6,2,0
"V",9,2,7,-7,1,0
"V",9,2,7,-8,1,0
"V",9,2,7,0,1,0
"V",9,2,7,1,10,8
"V",9,2,7,2,8,7
"V",9,2,7,3,2,2
"V",9,2,7,4,8,8
"V",9,2,7,5,1,1
"V",9,2,7,6,2,2
"V",9,2,7,7,2,2
"V",9,2,7,8,1,1
"V",9,2,8,-1,5,2
"V",9,2,8,-2,4,0
"V",9,2,8,-3,2,0
"V",9,2,8,-4,2,1
"V",9,2,8,-5,4,0
"V",9,2,8,-6,1,0
"V",9,2,8,0,4,3
"V",9,2,8,1,9,8
"V",9,2,8,2,3,3
"V",9,2,8,3,1,1
"V",9,2,8,5,3,3
"V",9,2,8,6,2,2
"V",9,2,8,7,1,1
"V",10,0,1,0,98,51
"V",10,0,1,1,1,1
"V",10,0,2,0,22,10
"V",10,0,2,1,1,1
"V",10,0,2,2,1,1
"V",10,0,3,0,4,4
"V",10,0,3,1,2,2
"V",10,0,4,0,2,1
"V",10,0,5,0,4,3
"V",10,0,5,2,1,1
"V",10,0,6,0,3,3
"V",10,0,8,0,1,1
"V",10,1,1,0,70,36
"V",10,1,1,1,1,1
"V",10,1,2,0,18,9
"V",10,1,2,1,4,4
"V",10,1,2,2,1,1
"V",10,1,3,0,15,6
"V",10,1,3,1,5,4
"V",10,1,3,2,1,1
"V",10,1,4,0,7,4
"V",10,1,4,1,2,2
"V",10,1,5,0,4,3
"V",10,1,5,1,1,1
"V",10,1,5,2,1,1
"V",10,1,6,0,7,6
"V",10,1,6,3,2,2
"V",10,1,7,1,1,1
"V",10,1,8,0,3,2
"V",10,1,8,1,4,4
"V",10,1,8,2,1,1
"V",10,2,1,0,54,27
"V",10,2,1,2,1,1
"V",10,2,1,3,1,1
"V",10,2,2,0,21,6
"V",10,2,2,1,6,6
"V",10,2,2,2,2,2
"V",10,2,2,4,1,1
"V",10,2,3,0,8,2
"V",10,2,3,1,4,3
"V",10,2,3,2,3,3
"V",10,2,3,3,1,1
"V",10,2,3,4,1,1
"V",10,2,3,5,1,1
"V",10,2,4,0,9,5
"V",10,2,4,1,2,2
"V",10,2,4,2,1,0
"V",10,2,4,3,1,1
"V",10,2,4,4,1,1
"V",10,2,5,0,2,1
"V",10,2,5,1,1,1
"V",10,2,5,2,1,1
"V",10,2,5,3,1,1
"V",10,2,5,4,1,1
"V",10,2,6,0,2,1
"V",10,2,6,3,1,1
"V",10,2,7,0,5,2
"V",10,2,7,2,1,1
"V",10,2,7,3,1,1
"V",10,2,8,0,3,0
"V",11,0,1,0,57,31
"V",11,0,1,1,1,1
"V",11,0,2,0,16,12
"V",11,0,2,1,1,1
"V",11,0,3,0,1,1
"V",11,0,4,0,3,3
"V",11,0,5,0,1,1
"V",11,1,1,0,41,19
"V",11,1,1,1,1,1
"V",11,1,1,4,1,1
"V",11,1,2,0,23,16
"V",11,1,2,1,1,1
"V",11,1,3,0,5,2
"V",11,1,3,1,2,2
"V",11,1,3,2,1,1
"V",11,1,4,0,6,6
"V",11,1,4,1,1,1
"V",11,1,6,0,1,1
"V",11,1,6,1,2,2
"V",11,1,7,0,4,4
"V",11,1,7,2,1,1
"V",11,1,8,0,2,2
"V",11,1,8,1,1,1
"V",11,2,1,0,28,8
"V",11,2,1,1,1,1
"V",11,2,1,4,1,1
"V",11,2,2,0,18,7
"V",11,2,2,2,1,1
"V",11,2,2,3,1,1
"V",11,2,3,0,9,5
"V",11,2,3,1,1,1
"V",11,2,3,2,2,2
"V",11,2,3,3,1,1
"V",11,2,3,4,1,1
"V",11,2,4,0,8,5
"V",11,2,4,1,2,2
"V",11,2,5,0,1,0
"V",11,2,5,1,3,3
"V",11,2,5,2,1,1
"V",11,2,5,4,1,1
"V",11,2,6,0,3,3
"V",11,2,6,1,2,2
"V",11,2,7,0,5,4
"V",11,2,7,2,2,2
"V",11,2,8,0,3,1
"V",12,0,1,0,31,18
"V",12,0,1,4,1,1
"V",12,0,2,0,14,9
"V",12,0,2,1,1,1
"V",12,0,3,0,3,2
"V",12,0,4,0,1,1
"V",12,0,6,0,1,1
"V",12,0,7,1,1,1
"V",12,0,8,0,1,1
"V",12,1,1,0,15,8
"V",12,1,1,4,2,2
"V",12,1,1,5,1,1
"V",12,1,2,0,11,8
"V",12,1,2,1,1,1
"V",12,1,2,4,1,1
"V",12,1,3,0,8,4
"V",12,1,3,1,1,1
"V",12,1,4,0,4,3
"V",12,1,4,1,3,3
"V",12,1,4,2,2,2
"V",12,1,5,0,1,1
"V",12,1,5,4,1,1
"V",12,1,6,0,2,2
"V",12,1,6,1,1,1
"V",12,1,7,0,1,0
"V",12,1,7,1,1,1
"V",12,1,7,2,1,1
"V",12,1,8,0,2,2
"V",12,1,8,1,1,1
"V",12,2,1,0,9,3
"V",12,2,1,4,2,2
"V",12,2,1,5,1,1
"V",12,2,2,0,5,3
"V",12,2,2,1,1,0
"V",12,2,2,4,1,1
"V",12,2,3,0,5,2
"V",12,2,3,1,1,1
"V",12,2,4,0,1,0
"V",12,2,4,1,1,1
"V",12,2,4,2,2,2
"V",12,2,5,0,3,2
"V",12,2,6,1,1,1
"V",12,2,7,0,2,0
"V",12,2,8,0,1,0
"V",12,2,8,1,1,1
"V",13,0,1,0,16,9
"V",13,0,2,0,6,4
"V",13,0,3,0,1,1
"V",13,0,4,0,2,2
"V",13,1,1,0,9,4
"V",13,1,2,0,3,2
"V",13,1,3,0,4,1
"V",13,1,6,0,1,1
"V",13,1,7,0,2,2
"V",13,1,7,2,1,1
"V",13,1,8,0,2,2
"V",13,2,1,0,8,4
"V",13,2,1,4,1,1
"V",13,2,2,0,4,3
"V",13,2,2,2,1,1
"V",13,2,3,0,4,2
"V",13,2,3,2,1,1
"V",13,2,4,0,3,3
"V",13,2,4,1,1,1
"V",13,2,6,0,1,1
"V",13,2,7,0,1,1
"V",14,0,1,0,10,5
"V",14,0,2,0,1,1
"V",14,0,4,0,1,1
"V",14,0,8,0,1,1
"V",14,1,1,0,9,4
"V",14,1,2,0,2,1
"V",14,1,3,0,1,1
"V",14,1,4,1,1,1
"V",14,1,6,0,2,2
"V",14,1,6,4,1,1
"V",14,1,7,1,1,1
"V",14,1,7,2,1,1
"V",14,1,7,3,1,1
"V",14,1,8,0,1,1
"V",14,2,1,0,6,2
"V",14,2,2,0,2,1
"V",14,2,2,5,1,1
"V",14,2,3,0,2,1
"V",14,2,3,2,1,1
"V",14,2,4,0,1,1
"V",14,2,7,1,1,1
"V",15,0,1,0,5,3
"V",15,0,2,0,3,2
"V",15,0,4,0,2,2
"V",15,0,8,0,1,1
"V",15,1,1,0,2,1
"V",15,1,2,0,1,0
"V",15,1,4,0,1,1
"V",15,2,1,0,2,1
"V",15,2,2,0,1,0
"V",15,2,2,1,1,1
"V",15,2,4,0,1,0
"V",16,0,1,0,4,2
"V",16,0,2,0,1,0
"V",16,1,1,0,3,2
"V",16,1,2,0,1,1
"V",16,1,3,0,2,0
"V",16,1,5,0,2,1
"V",16,1,5,2,1,1
"V",16,1,6,0,1,1
"V",16,2,1,3,1,1
"V",16,2,2,0,2,1
"V",16,2,2,3,1,1
"V",17,0,1,0,1,1
"V",17,1,1,0,1,1
"V",17,2,1,0,1,1
"V",18,0,1,0,1,1
"V",18,0,1,1,1,1
"V",18,1,1,1,1,1
"V",18,2,1,1,1,1
