(1, 0, 0, (0, 0, 0), 0): (2, 4)
(1, 0, 0, (1, 0, 0), 0): (1, 2)
(1, 0, 0, (1, 1, 0), 0): (0, 1)
(1, 0, 1, (0, 0, 0), 0): (1, 2)
(1, 0, 1, (1, 0, 0), 0): (2, 2)
(1, 0, 1, (1, 1, 0), 0): (0, 1)
(1, 0, 2, (0, 0, 0), 0): (1, 2)
(1, 0, 2, (0, 1, 0), 0): (2, 2)
(1, 0, 2, (1, 0, 0), 0): (2, 2)
(1, 0, 2, (1, 0, 0), 1): (1, 1)
(1, 1, 0, (0, 0, 0), -1): (0, 1)
(1, 1, 0, (0, 0, 0), 0): (2, 3)
(1, 1, 0, (0, 0, 1), 0): (1, 1)
(1, 1, 0, (1, 0, 0), -1): (0, 1)
(1, 1, 0, (1, 0, 0), 0): (1, 2)
(1, 1, 1, (0, 0, 0), 0): (1, 1)
(1, 1, 1, (0, 0, 1), 0): (1, 1)
(1, 1, 1, (0, 1, 0), 0): (0, 1)
(1, 1, 1, (1, 0, 0), -1): (0, 1)
(1, 1, 2, (0, 0, 0), 0): (2, 2)
(1, 1, 2, (0, 1, 0), -1): (0, 1)
(1, 1, 2, (0, 1, 0), 0): (1, 2)
(1, 1, 2, (1, 0, 0), 0): (1, 1)
(2, 0, 0, (0, 0, 0), 0): (1, 3)
(2, 0, 0, (0, 0, 0), 1): (1, 1)
(2, 0, 0, (0, 0, 1), 0): (0, 1)
(2, 0, 0, (1, 0, 0), 1): (1, 1)
(2, 0, 1, (0, 0, 0), 0): (1, 2)
(2, 0, 1, (0, 0, 1), 0): (0, 1)
(2, 0, 1, (0, 1, 1), 1): (1, 1)
(2, 0, 1, (1, 0, 0), 1): (1, 2)
(2, 0, 1, (1, 1, 0), 1): (1, 1)
(2, 0, 1, (1, 1, 1), 1): (1, 1)
(2, 0, 2, (0, 0, 0), 0): (1, 2)
(2, 0, 2, (0, 1, 0), 1): (0, 1)
(2, 0, 2, (1, 0, 0), 1): (0, 1)
(2, 0, 2, (1, 0, 1), 2): (1, 1)
(2, 1, 0, (0, 0, 0), -2): (0, 1)
(2, 1, 0, (0, 0, 0), -1): (1, 1)
(2, 1, 0, (0, 0, 0), 0): (1, 2)
(2, 1, 0, (0, 1, 0), 0): (1, 1)
(2, 1, 0, (1, 0, 0), -1): (1, 1)
(2, 1, 0, (1, 1, 0), -1): (1, 1)
(2, 1, 0, (1, 1, 1), -1): (1, 1)
(2, 1, 0, (1, 1, 1), 0): (1, 1)
(2, 1, 1, (0, 0, 0), -2): (0, 1)
(2, 1, 1, (0, 0, 0), 0): (0, 1)
(2, 1, 1, (0, 0, 1), 0): (1, 1)
(2, 1, 1, (0, 1, 0), 1): (1, 1)
(2, 1, 1, (1, 0, 0), -2): (0, 1)
(2, 1, 1, (1, 0, 0), 0): (0, 1)
(2, 1, 1, (1, 1, 1), 0): (1, 1)
(2, 1, 2, (0, 0, 1), 1): (1, 1)
(2, 1, 2, (1, 0, 0), -2): (0, 1)
(2, 1, 2, (1, 1, 1), 0): (1, 1)
(3, 0, 0, (0, 0, 0), -1): (0, 1)
(3, 0, 0, (0, 0, 0), 0): (1, 2)
(3, 0, 0, (0, 0, 0), 2): (1, 1)
(3, 0, 0, (1, 0, 0), 0): (0, 1)
(3, 0, 1, (0, 0, 0), -1): (0, 1)
(3, 0, 1, (0, 0, 0), 0): (1, 1)
(3, 0, 1, (0, 0, 0), 2): (1, 1)
(3, 0, 1, (0, 0, 1), 2): (1, 1)
(3, 0, 1, (1, 0, 0), 0): (0, 1)
(3, 0, 2, (0, 0, 0), -1): (0, 1)
(3, 0, 2, (0, 0, 0), 0): (1, 2)
(3, 0, 2, (1, 0, 0), 2): (1, 1)
(3, 1, 0, (0, 0, 0), -2): (0, 1)
(3, 1, 0, (0, 0, 0), 0): (1, 2)
(3, 1, 0, (0, 0, 0), 1): (1, 1)
(3, 1, 0, (1, 0, 0), 0): (1, 1)
(3, 1, 0, (1, 1, 0), 0): (1, 1)
(3, 1, 1, (0, 0, 0), -2): (0, 1)
(3, 1, 1, (0, 0, 0), 0): (0, 1)
(3, 1, 1, (0, 0, 0), 1): (1, 1)
(3, 1, 2, (0, 0, 0), -2): (0, 1)
(3, 1, 2, (0, 0, 0), 0): (0, 1)
(3, 1, 2, (0, 0, 0), 1): (1, 1)
(3, 1, 2, (0, 1, 0), 1): (1, 1)
(3, 1, 2, (0, 1, 1), 0): (1, 1)
(3, 1, 2, (1, 0, 0), 0): (1, 1)
(3, 1, 2, (1, 0, 1), 0): (1, 1)
(4, 0, 0, (0, 0, 0), -1): (0, 1)
(4, 0, 0, (0, 0, 0), 0): (1, 2)
(4, 0, 0, (0, 0, 0), 2): (1, 1)
(4, 0, 0, (1, 0, 0), 0): (0, 1)
(4, 0, 1, (0, 0, 0), -1): (0, 1)
(4, 0, 1, (0, 0, 0), 0): (1, 1)
(4, 0, 1, (0, 0, 0), 2): (1, 1)
(4, 0, 1, (0, 0, 1), 0): (0, 1)
(4, 0, 1, (1, 0, 0), -1): (0, 1)
(4, 0, 2, (0, 0, 0), 0): (1, 1)
(4, 0, 2, (0, 0, 0), 2): (1, 1)
(4, 0, 2, (0, 0, 1), 0): (0, 1)
(4, 0, 2, (0, 1, 0), -1): (0, 1)
(4, 0, 2, (1, 0, 0), 0): (1, 1)
(4, 1, 0, (0, 0, 0), -2): (0, 1)
(4, 1, 0, (0, 0, 0), 0): (1, 2)
(4, 1, 0, (0, 0, 0), 1): (1, 1)
(4, 1, 0, (0, 1, 0), -2): (0, 1)
(4, 1, 0, (1, 0, 0), 0): (1, 1)
(4, 1, 1, (0, 0, 0), 0): (0, 1)
(4, 1, 1, (0, 0, 0), 1): (1, 1)
(4, 1, 1, (0, 1, 0), -2): (0, 1)
(4, 1, 1, (0, 1, 0), 0): (1, 1)
(4, 1, 1, (0, 1, 0), 1): (1, 1)
(4, 1, 1, (0, 1, 0), 2): (1, 1)
(4, 1, 1, (0, 1, 1), -2): (0, 1)
(4, 1, 1, (1, 0, 0), 1): (2, 2)
(4, 1, 1, (1, 0, 1), -2): (0, 1)
(4, 1, 1, (1, 1, 0), 1): (1, 1)
(4, 1, 2, (0, 0, 0), 0): (0, 1)
(4, 1, 2, (0, 0, 0), 2): (1, 1)
(4, 1, 2, (0, 0, 1), 0): (0, 1)
(4, 1, 2, (0, 0, 1), 3): (1, 1)
(4, 1, 2, (0, 1, 1), -2): (0, 1)
(4, 1, 2, (1, 0, 0), 1): (0, 1)
(4, 1, 2, (1, 0, 0), 2): (1, 1)
(4, 1, 2, (1, 0, 0), 4): (1, 1)
(4, 1, 2, (1, 1, 0), 1): (0, 1)
(4, 1, 2, (1, 1, 1), 1): (0, 1)
(5, 0, 0, (0, 0, 0), -4): (0, 1)
(5, 0, 0, (0, 0, 0), -2): (0, 1)
(5, 0, 0, (0, 0, 0), -1): (1, 1)
(5, 0, 0, (0, 0, 0), 2): (1, 1)
(5, 0, 0, (1, 0, 0), -4): (0, 1)
(5, 0, 0, (1, 0, 0), -2): (0, 1)
(5, 0, 0, (1, 0, 0), -1): (1, 1)
(5, 0, 0, (1, 1, 0), -4): (0, 1)
(5, 0, 0, (1, 1, 0), -1): (1, 1)
(5, 0, 1, (0, 0, 0), 2): (1, 1)
(5, 0, 1, (0, 1, 1), -4): (0, 1)
(5, 0, 1, (0, 1, 1), -1): (1, 1)
(5, 0, 1, (1, 0, 0), -2): (0, 1)
(5, 0, 1, (1, 0, 0), 1): (1, 1)
(5, 0, 2, (0, 0, 0), 2): (1, 1)
(5, 0, 2, (1, 0, 0), -2): (0, 1)
(5, 0, 2, (1, 0, 0), 1): (1, 1)
(5, 0, 2, (1, 0, 0), 2): (1, 1)
(5, 1, 0, (0, 0, 0), -2): (0, 1)
(5, 1, 0, (0, 0, 0), -1): (0, 1)
(5, 1, 0, (0, 0, 0), 2): (1, 1)
(5, 1, 0, (0, 0, 0), 4): (1, 1)
(5, 1, 1, (0, 0, 0), -2): (0, 1)
(5, 1, 1, (0, 0, 0), -1): (0, 1)
(5, 1, 1, (0, 0, 0), 2): (1, 1)
(5, 1, 1, (0, 0, 0), 4): (1, 1)
(5, 1, 1, (0, 1, 0), 4): (1, 1)
(5, 1, 1, (1, 0, 0), 5): (1, 1)
(5, 1, 2, (0, 0, 0), -2): (0, 1)
(5, 1, 2, (0, 0, 0), -1): (0, 1)
(5, 1, 2, (0, 0, 0), 2): (1, 1)
(5, 1, 2, (0, 1, 0), -2): (0, 1)
(5, 1, 2, (0, 1, 1), 5): (1, 1)
(5, 1, 2, (1, 0, 0), -2): (0, 1)
(5, 1, 2, (1, 0, 0), 5): (1, 1)
(6, 0, 0, (0, 0, 0), -5): (0, 1)
(6, 0, 0, (0, 0, 0), -2): (0, 1)
(6, 0, 0, (0, 0, 0), 1): (1, 1)
(6, 0, 0, (0, 0, 0), 2): (1, 1)
(6, 0, 0, (1, 0, 0), -5): (0, 1)
(6, 0, 0, (1, 1, 0), -5): (0, 1)
(6, 0, 1, (0, 0, 0), -2): (0, 1)
(6, 0, 1, (0, 0, 0), 1): (1, 1)
(6, 0, 1, (0, 0, 0), 2): (1, 1)
(6, 0, 1, (1, 0, 0), 1): (1, 1)
(6, 0, 2, (0, 0, 0), -2): (0, 1)
(6, 0, 2, (0, 0, 0), 2): (1, 1)
(6, 0, 2, (0, 0, 1), -5): (0, 1)
(6, 0, 2, (1, 0, 0), -4): (0, 1)
(6, 0, 2, (1, 0, 0), -2): (0, 1)
(6, 0, 2, (1, 0, 0), 1): (1, 1)
(6, 0, 2, (1, 1, 0), -4): (0, 1)
(6, 1, 0, (0, 0, 0), -2): (0, 1)
(6, 1, 0, (0, 0, 0), -1): (0, 1)
(6, 1, 0, (0, 0, 0), 2): (1, 1)
(6, 1, 0, (0, 0, 0), 4): (1, 1)
(6, 1, 1, (0, 0, 0), -2): (0, 1)
(6, 1, 1, (0, 0, 0), -1): (0, 1)
(6, 1, 1, (0, 0, 0), 2): (1, 1)
(6, 1, 1, (0, 0, 0), 4): (1, 1)
(6, 1, 1, (0, 1, 0), -2): (0, 1)
(6, 1, 2, (0, 0, 0), -2): (0, 1)
(6, 1, 2, (0, 0, 0), -1): (0, 1)
(6, 1, 2, (0, 0, 0), 2): (1, 1)
(6, 1, 2, (0, 0, 0), 4): (1, 1)
(7, 0, 0, (0, 0, 0), -4): (0, 1)
(7, 0, 0, (0, 0, 0), -2): (0, 1)
(7, 0, 0, (0, 0, 0), 1): (1, 1)
(7, 0, 0, (0, 0, 0), 2): (1, 1)
(7, 0, 0, (1, 0, 0), 1): (1, 1)
(7, 0, 0, (1, 1, 0), 1): (1, 1)
(7, 0, 1, (0, 0, 0), -4): (0, 1)
(7, 0, 1, (0, 0, 0), -2): (0, 1)
(7, 0, 1, (0, 0, 0), 2): (1, 1)
(7, 0, 1, (0, 1, 1), 1): (1, 1)
(7, 0, 1, (1, 0, 0), -4): (0, 1)
(7, 0, 1, (1, 0, 0), -2): (0, 1)
(7, 0, 1, (1, 0, 1), 2): (1, 1)
(7, 0, 1, (1, 1, 0), 3): (1, 1)
(7, 0, 2, (0, 0, 0), 2): (1, 1)
(7, 0, 2, (1, 0, 0), -4): (0, 1)
(7, 0, 2, (1, 0, 0), -2): (0, 1)
(7, 0, 2, (1, 0, 0), 2): (1, 1)
(7, 0, 2, (1, 0, 1), 3): (1, 1)
(7, 0, 2, (1, 1, 0), -4): (0, 1)
(7, 1, 0, (0, 0, 0), -4): (0, 1)
(7, 1, 0, (0, 0, 0), -2): (0, 1)
(7, 1, 0, (0, 0, 0), 2): (1, 1)
(7, 1, 0, (0, 0, 0), 4): (1, 1)
(7, 1, 0, (0, 1, 0), -2): (0, 1)
(7, 1, 0, (1, 0, 0), -2): (0, 1)
(7, 1, 0, (1, 0, 0), 2): (1, 1)
(7, 1, 1, (0, 0, 0), -4): (0, 1)
(7, 1, 1, (0, 0, 0), 4): (1, 1)
(7, 1, 1, (0, 1, 0), -2): (0, 1)
(7, 1, 1, (0, 1, 0), 2): (1, 1)
(7, 1, 2, (0, 0, 0), -4): (0, 1)
(7, 1, 2, (0, 0, 0), 4): (1, 1)
(7, 1, 2, (0, 0, 1), -2): (0, 1)
(7, 1, 2, (0, 0, 1), 2): (1, 1)
(7, 1, 2, (1, 0, 0), 4): (1, 1)
(8, 0, 0, (0, 0, 0), -4): (0, 1)
(8, 0, 0, (0, 0, 0), -2): (0, 1)
(8, 0, 0, (0, 0, 0), 2): (1, 1)
(8, 0, 0, (0, 0, 0), 4): (1, 1)
(8, 0, 0, (1, 0, 0), -2): (0, 1)
(8, 0, 1, (0, 0, 0), -4): (0, 1)
(8, 0, 1, (0, 0, 0), 2): (1, 1)
(8, 0, 1, (0, 0, 0), 4): (1, 1)
(8, 0, 1, (0, 1, 0), -2): (0, 1)
(8, 0, 2, (0, 0, 0), -4): (0, 1)
(8, 0, 2, (0, 0, 0), 2): (1, 1)
(8, 0, 2, (0, 0, 0), 4): (1, 1)
(8, 0, 2, (0, 1, 0), -2): (0, 1)
(8, 0, 2, (1, 1, 0), -2): (0, 1)
(8, 1, 0, (0, 0, 0), -4): (0, 1)
(8, 1, 0, (0, 0, 0), -2): (0, 1)
(8, 1, 0, (0, 0, 0), 2): (1, 1)
(8, 1, 0, (0, 0, 0), 4): (1, 1)
(8, 1, 0, (1, 0, 0), -4): (0, 1)
(8, 1, 1, (0, 0, 0), -2): (0, 1)
(8, 1, 1, (0, 0, 0), 2): (1, 1)
(8, 1, 1, (0, 0, 0), 4): (1, 1)
(8, 1, 1, (0, 1, 0), -4): (0, 1)
(8, 1, 2, (0, 0, 0), -2): (0, 1)
(8, 1, 2, (0, 0, 0), 2): (1, 1)
(8, 1, 2, (0, 0, 0), 4): (1, 1)
(8, 1, 2, (0, 1, 0), -4): (0, 1)
(9, 0, 0, (0, 0, 0), -4): (0, 1)
(9, 0, 0, (0, 0, 0), -2): (0, 1)
(9, 0, 0, (0, 0, 0), 2): (1, 1)
(9, 0, 0, (0, 0, 0), 4): (1, 1)
(9, 0, 0, (1, 0, 0), -4): (0, 1)
(9, 0, 0, (1, 0, 0), -2): (0, 1)
(9, 0, 1, (0, 0, 0), 2): (1, 1)
(9, 0, 1, (0, 0, 0), 4): (1, 1)
(9, 0, 1, (1, 0, 0), -4): (0, 1)
(9, 0, 1, (1, 0, 0), 4): (1, 1)
(9, 0, 2, (0, 0, 0), -2): (0, 1)
(9, 0, 2, (0, 0, 0), 2): (1, 1)
(9, 0, 2, (0, 1, 0), 4): (1, 1)
(9, 0, 2, (0, 1, 0), 5): (1, 1)
(9, 0, 2, (1, 0, 0), -4): (0, 1)
(9, 0, 2, (1, 0, 0), 2): (1, 1)
(9, 0, 2, (1, 1, 0), 2): (1, 1)
(9, 0, 2, (1, 1, 1), 2): (1, 1)
(9, 1, 0, (0, 0, 0), -5): (0, 1)
(9, 1, 0, (0, 0, 0), -2): (0, 1)
(9, 1, 1, (0, 0, 0), -5): (0, 1)
(9, 1, 1, (0, 0, 0), -2): (0, 1)
(9, 1, 1, (1, 0, 0), -5): (0, 1)
(9, 1, 1, (1, 0, 0), -2): (0, 1)
(9, 1, 1, (1, 1, 0), -5): (0, 1)
(9, 1, 2, (1, 0, 0), -2): (0, 1)
(9, 1, 2, (1, 1, 0), -5): (0, 1)
