"H",1,0,1,-1,13,6
"H",1,0,1,-2,3,1
"H",1,0,1,-3,2,1
"H",1,0,1,-4,1,0
"H",1,0,1,-5,1,0
"H",1,0,1,-6,1,0
"H",1,0,1,0,41,19
"H",1,0,1,1,1,1
"H",1,0,2,-1,6,2
"H",1,0,2,-2,2,0
"H",1,0,2,0,12,5
"H",1,0,3,-2,1,0
"H",1,0,3,0,2,1
"H",1,0,3,1,1,0
"H",1,0,4,-1,1,1
"H",1,0,4,-2,1,0
"H",1,0,4,0,1,0
"H",1,0,5,0,1,1
"H",1,0,7,-1,1,0
"H",1,1,1,-1,7,4
"H",1,1,1,-2,1,1
"H",1,1,1,-3,2,1
"H",1,1,1,-4,1,0
"H",1,1,1,-5,1,0
"H",1,1,1,-6,1,0
"H",1,1,1,0,27,12
"H",1,1,1,1,2,2
"H",1,1,2,-1,4,2
"H",1,1,2,-3,2,1
"H",1,1,2,-5,1,0
"H",1,1,2,-6,1,0
"H",1,1,2,0,11,6
"H",1,1,2,1,2,2
"H",1,1,2,2,1,1
"H",1,1,3,-1,1,0
"H",1,1,3,-2,1,0
"H",1,1,3,0,5,2
"H",1,1,3,1,1,1
"H",1,1,4,-1,3,1
"H",1,1,4,-3,1,0
"H",1,1,4,0,2,1
"H",1,1,5,0,4,3
"H",1,1,5,1,1,0
"H",1,1,7,-1,1,1
"H",1,1,7,0,2,1
"H",1,1,8,-1,2,1
"H",1,2,1,-1,6,3
"H",1,2,1,-2,1,1
"H",1,2,1,-4,1,0
"H",1,2,1,0,22,9
"H",1,2,2,-1,3,2
"H",1,2,2,-2,2,1
"H",1,2,2,-3,1,1
"H",1,2,2,-4,1,0
"H",1,2,2,-5,1,0
"H",1,2,2,-6,1,0
"H",1,2,2,0,14,7
"H",1,2,2,1,1,1
"H",1,2,2,2,1,1
"H",1,2,2,5,1,1
"H",1,2,3,-1,3,2
"H",1,2,3,0,12,7
"H",1,2,3,1,2,1
"H",1,2,3,2,3,2
"H",1,2,3,3,1,1
"H",1,2,4,-1,1,0
"H",1,2,4,0,3,2
"H",1,2,4,2,1,1
"H",1,2,5,-2,2,1
"H",1,2,5,0,4,1
"H",1,2,5,1,1,0
"H",1,2,5,4,1,1
"H",1,2,6,0,2,2
"H",1,2,6,3,1,1
"H",1,2,7,0,2,1
"H",1,2,8,-1,2,1
"H",1,2,8,0,1,1
"H",2,0,1,-1,13,6
"H",2,0,1,-2,8,2
"H",2,0,1,-3,1,0
"H",2,0,1,-4,1,0
"H",2,0,1,-5,1,0
"H",2,0,1,-6,2,0
"H",2,0,1,-7,1,0
"H",2,0,1,0,29,14
"H",2,0,1,1,3,2
"H",2,0,1,2,3,2
"H",2,0,1,3,1,1
"H",2,0,2,-1,2,1
"H",2,0,2,-2,2,0
"H",2,0,2,0,4,4
"H",2,0,3,-1,1,0
"H",2,0,3,-2,1,1
"H",2,0,3,-6,1,0
"H",2,0,3,0,2,2
"H",2,0,4,-1,1,1
"H",2,0,5,-1,1,0
"H",2,0,5,-2,1,1
"H",2,0,6,0,1,1
"H",2,0,8,-1,1,1
"H",2,0,8,0,1,1
"H",2,1,1,-1,10,5
"H",2,1,1,-2,5,1
"H",2,1,1,-3,1,0
"H",2,1,1,-4,1,0
"H",2,1,1,-5,1,0
"H",2,1,1,-6,1,0
"H",2,1,1,0,23,8
"H",2,1,1,1,3,2
"H",2,1,1,2,3,2
"H",2,1,1,3,1,1
"H",2,1,2,-1,3,2
"H",2,1,2,-2,3,0
"H",2,1,2,0,9,3
"H",2,1,2,1,1,1
"H",2,1,2,2,3,2
"H",2,1,3,-1,2,0
"H",2,1,3,-2,1,0
"H",2,1,3,-6,1,0
"H",2,1,3,0,4,3
"H",2,1,3,1,3,3
"H",2,1,4,0,2,1
"H",2,1,4,1,1,1
"H",2,1,4,2,1,1
"H",2,1,5,-1,2,0
"H",2,1,5,-2,1,1
"H",2,1,5,0,2,2
"H",2,1,7,-2,1,0
"H",2,1,7,0,1,1
"H",2,1,8,0,1,1
"H",2,2,1,-1,7,3
"H",2,2,1,-2,4,2
"H",2,2,1,-3,1,0
"H",2,2,1,-4,1,0
"H",2,2,1,-5,1,0
"H",2,2,1,-6,1,0
"H",2,2,1,0,17,6
"H",2,2,1,1,4,3
"H",2,2,1,2,1,1
"H",2,2,1,3,1,1
"H",2,2,2,-1,4,2
"H",2,2,2,-2,3,1
"H",2,2,2,-3,1,0
"H",2,2,2,0,7,3
"H",2,2,2,1,2,2
"H",2,2,2,2,1,1
"H",2,2,3,-1,5,2
"H",2,2,3,-6,1,0
"H",2,2,3,0,8,5
"H",2,2,3,2,2,1
"H",2,2,4,0,2,2
"H",2,2,4,1,1,1
"H",2,2,4,2,3,3
"H",2,2,4,4,1,1
"H",2,2,5,-1,1,0
"H",2,2,5,-2,1,0
"H",2,2,5,0,1,1
"H",2,2,5,1,2,2
"H",2,2,6,-2,1,0
"H",2,2,6,1,1,1
"H",2,2,7,-2,1,0
"H",2,2,7,0,1,0
"H",2,2,8,-2,1,0
"H",2,2,8,0,1,1
"H",2,2,8,2,1,1
"H",2,2,8,4,1,1
"H",2,2,8,5,1,1
"H",2,2,8,6,1,1
"H",3,0,1,-1,11,5
"H",3,0,1,-2,7,2
"H",3,0,1,-3,6,1
"H",3,0,1,-4,1,0
"H",3,0,1,-5,3,0
"H",3,0,1,-6,2,0
"H",3,0,1,0,23,10
"H",3,0,1,1,4,4
"H",3,0,1,2,3,3
"H",3,0,1,3,1,1
"H",3,0,1,6,1,1
"H",3,0,2,-1,3,2
"H",3,0,2,-2,1,1
"H",3,0,2,-3,1,1
"H",3,0,2,0,2,1
"H",3,0,2,1,1,1
"H",3,0,3,-3,1,0
"H",3,0,3,-6,1,0
"H",3,0,3,0,1,0
"H",3,0,3,2,1,1
"H",3,0,4,0,1,1
"H",3,0,5,0,1,1
"H",3,0,5,1,1,1
"H",3,0,6,-6,1,0
"H",3,0,6,1,1,1
"H",3,1,1,-1,9,3
"H",3,1,1,-2,6,1
"H",3,1,1,-3,4,0
"H",3,1,1,-4,1,0
"H",3,1,1,-5,3,0
"H",3,1,1,-6,1,0
"H",3,1,1,0,19,8
"H",3,1,1,1,3,3
"H",3,1,1,2,3,3
"H",3,1,1,3,1,1
"H",3,1,1,6,1,1
"H",3,1,2,-1,1,1
"H",3,1,2,-2,3,1
"H",3,1,2,-3,2,1
"H",3,1,2,0,5,2
"H",3,1,2,1,1,1
"H",3,1,2,2,1,1
"H",3,1,2,3,1,1
"H",3,1,3,-1,1,1
"H",3,1,3,-3,1,0
"H",3,1,3,0,4,1
"H",3,1,3,2,1,1
"H",3,1,4,-1,1,1
"H",3,1,4,0,1,1
"H",3,1,5,2,1,1
"H",3,1,6,-6,1,0
"H",3,1,6,0,1,0
"H",3,1,7,0,1,0
"H",3,2,1,-1,9,3
"H",3,2,1,-2,4,1
"H",3,2,1,-3,3,0
"H",3,2,1,-4,1,0
"H",3,2,1,-5,3,0
"H",3,2,1,-6,1,0
"H",3,2,1,0,13,6
"H",3,2,1,1,2,2
"H",3,2,1,2,2,2
"H",3,2,1,3,2,2
"H",3,2,1,6,1,1
"H",3,2,2,-1,1,1
"H",3,2,2,-2,2,2
"H",3,2,2,-3,1,0
"H",3,2,2,0,3,2
"H",3,2,2,1,3,1
"H",3,2,2,2,2,2
"H",3,2,2,3,1,1
"H",3,2,3,-2,3,1
"H",3,2,3,-3,2,0
"H",3,2,3,0,3,1
"H",3,2,3,1,2,2
"H",3,2,4,0,1,1
"H",3,2,4,2,1,1
"H",3,2,5,0,2,1
"H",3,2,5,2,1,1
"H",3,2,6,-1,1,1
"H",3,2,6,-2,1,0
"H",3,2,6,0,1,1
"H",3,2,6,1,1,1
"H",3,2,7,0,2,1
"H",3,2,7,1,1,1
"H",4,0,1,-1,9,4
"H",4,0,1,-2,8,3
"H",4,0,1,-3,6,1
"H",4,0,1,-4,4,0
"H",4,0,1,-5,2,0
"H",4,0,1,-6,3,0
"H",4,0,1,0,17,8
"H",4,0,1,1,5,4
"H",4,0,1,2,5,4
"H",4,0,1,3,2,2
"H",4,0,1,4,1,1
"H",4,0,1,6,1,1
"H",4,0,2,-1,2,1
"H",4,0,2,-2,3,2
"H",4,0,2,-3,2,0
"H",4,0,2,-5,1,0
"H",4,0,2,0,6,4
"H",4,0,2,2,1,1
"H",4,0,3,-1,1,1
"H",4,0,3,-2,3,1
"H",4,0,3,-3,1,1
"H",4,0,3,-4,2,0
"H",4,0,3,0,1,1
"H",4,0,4,-1,1,1
"H",4,0,4,-2,1,0
"H",4,0,4,-3,1,0
"H",4,0,4,-4,1,0
"H",4,0,4,1,1,1
"H",4,0,5,0,1,1
"H",4,0,6,-2,2,2
"H",4,0,6,0,2,2
"H",4,1,1,-1,7,3
"H",4,1,1,-2,2,0
"H",4,1,1,-3,3,0
"H",4,1,1,-4,2,0
"H",4,1,1,-5,1,0
"H",4,1,1,-6,3,0
"H",4,1,1,0,10,3
"H",4,1,1,1,5,4
"H",4,1,1,2,4,3
"H",4,1,1,3,2,2
"H",4,1,1,4,1,1
"H",4,1,1,6,1,1
"H",4,1,2,-1,5,1
"H",4,1,2,-2,1,0
"H",4,1,2,-3,2,0
"H",4,1,2,-4,1,0
"H",4,1,2,-5,1,0
"H",4,1,2,-6,1,0
"H",4,1,2,0,4,1
"H",4,1,2,1,3,3
"H",4,1,2,2,3,2
"H",4,1,2,4,1,1
"H",4,1,3,-1,3,2
"H",4,1,3,-2,1,0
"H",4,1,3,-3,1,1
"H",4,1,3,0,3,3
"H",4,1,3,1,1,1
"H",4,1,3,2,1,1
"H",4,1,3,3,1,1
"H",4,1,4,-2,1,0
"H",4,1,4,-3,1,0
"H",4,1,4,-4,1,0
"H",4,1,4,-6,1,0
"H",4,1,4,0,2,1
"H",4,1,4,1,1,1
"H",4,1,5,-4,2,0
"H",4,1,5,0,1,1
"H",4,1,5,3,2,2
"H",4,1,6,-2,1,0
"H",4,1,6,0,1,1
"H",4,1,7,-2,1,0
"H",4,1,7,-3,1,0
"H",4,1,7,-4,1,0
"H",4,1,7,0,1,1
"H",4,1,7,1,1,1
"H",4,1,8,0,1,0
"H",4,2,1,-1,3,2
"H",4,2,1,-2,2,0
"H",4,2,1,-3,3,0
"H",4,2,1,-5,1,0
"H",4,2,1,-6,2,0
"H",4,2,1,0,10,4
"H",4,2,1,1,4,3
"H",4,2,1,2,4,4
"H",4,2,1,3,1,1
"H",4,2,1,4,1,1
"H",4,2,1,6,1,1
"H",4,2,2,-1,3,0
"H",4,2,2,-2,2,0
"H",4,2,2,-3,1,0
"H",4,2,2,-4,1,0
"H",4,2,2,-5,1,0
"H",4,2,2,-6,2,0
"H",4,2,2,0,6,2
"H",4,2,2,1,2,1
"H",4,2,2,2,3,3
"H",4,2,2,4,2,2
"H",4,2,2,6,1,1
"H",4,2,3,-1,4,3
"H",4,2,3,-2,1,0
"H",4,2,3,-3,1,1
"H",4,2,3,-5,1,0
"H",4,2,3,0,5,2
"H",4,2,3,1,3,2
"H",4,2,3,2,2,1
"H",4,2,3,5,1,1
"H",4,2,4,-2,1,0
"H",4,2,4,-3,1,1
"H",4,2,4,-4,1,0
"H",4,2,4,-6,1,0
"H",4,2,4,0,2,1
"H",4,2,4,1,1,0
"H",4,2,4,2,1,1
"H",4,2,4,4,1,1
"H",4,2,5,-3,1,0
"H",4,2,5,0,2,1
"H",4,2,5,2,1,0
"H",4,2,5,3,2,2
"H",4,2,6,-3,2,0
"H",4,2,6,-6,1,0
"H",4,2,6,0,1,1
"H",4,2,6,1,1,1
"H",4,2,6,2,1,1
"H",4,2,7,-2,1,0
"H",4,2,7,-4,1,0
"H",4,2,7,2,1,1
"H",4,2,7,3,1,1
"H",4,2,8,0,1,0
"H",4,2,8,1,1,0
"H",5,0,1,-1,6,2
"H",5,0,1,-2,8,0
"H",5,0,1,-3,5,1
"H",5,0,1,-4,3,0
"H",5,0,1,-5,4,0
"H",5,0,1,-6,3,0
"H",5,0,1,-7,1,0
"H",5,0,1,0,14,9
"H",5,0,1,1,4,3
"H",5,0,1,2,7,5
"H",5,0,1,3,2,2
"H",5,0,1,4,3,3
"H",5,0,1,5,2,2
"H",5,0,2,-2,2,0
"H",5,0,2,-3,1,0
"H",5,0,2,-4,3,0
"H",5,0,2,-5,2,0
"H",5,0,2,0,3,2
"H",5,0,2,2,2,1
"H",5,0,2,3,1,1
"H",5,0,3,-6,1,0
"H",5,0,3,0,1,0
"H",5,0,4,-4,1,0
"H",5,0,4,-6,1,0
"H",5,0,4,0,1,1
"H",5,0,4,2,1,1
"H",5,0,5,-5,1,0
"H",5,0,5,0,1,1
"H",5,0,8,2,1,1
"H",5,1,1,-1,6,2
"H",5,1,1,-2,7,0
"H",5,1,1,-3,4,1
"H",5,1,1,-4,1,0
"H",5,1,1,-5,2,0
"H",5,1,1,-6,2,0
"H",5,1,1,-7,1,0
"H",5,1,1,0,9,6
"H",5,1,1,1,4,3
"H",5,1,1,2,5,4
"H",5,1,1,3,1,1
"H",5,1,1,4,3,3
"H",5,1,1,5,2,2
"H",5,1,2,-1,1,0
"H",5,1,2,-2,2,0
"H",5,1,2,-3,2,0
"H",5,1,2,-4,2,0
"H",5,1,2,-5,2,0
"H",5,1,2,0,2,1
"H",5,1,2,1,2,1
"H",5,1,2,2,2,1
"H",5,1,2,3,2,2
"H",5,1,2,5,1,1
"H",5,1,3,-3,1,0
"H",5,1,3,-4,2,0
"H",5,1,3,-5,1,0
"H",5,1,3,0,2,1
"H",5,1,3,1,1,1
"H",5,1,3,2,1,1
"H",5,1,3,4,1,1
"H",5,1,4,-2,1,0
"H",5,1,4,-3,1,0
"H",5,1,5,0,3,2
"H",5,1,6,-2,1,0
"H",5,1,6,-3,1,0
"H",5,1,6,-6,1,0
"H",5,1,6,1,1,1
"H",5,1,7,-2,1,0
"H",5,1,7,-4,1,0
"H",5,1,7,0,1,1
"H",5,1,8,-6,1,0
"H",5,1,8,1,1,1
"H",5,1,8,2,1,1
"H",5,2,1,-1,5,2
"H",5,2,1,-2,6,0
"H",5,2,1,-3,2,1
"H",5,2,1,-4,1,0
"H",5,2,1,-5,1,0
"H",5,2,1,-6,2,0
"H",5,2,1,-7,1,0
"H",5,2,1,0,6,4
"H",5,2,1,1,3,2
"H",5,2,1,2,4,3
"H",5,2,1,3,1,1
"H",5,2,1,4,2,2
"H",5,2,1,5,2,2
"H",5,2,2,-1,2,0
"H",5,2,2,-2,3,0
"H",5,2,2,-3,2,0
"H",5,2,2,-7,1,0
"H",5,2,2,0,4,3
"H",5,2,2,1,3,3
"H",5,2,2,2,1,1
"H",5,2,2,4,1,1
"H",5,2,2,5,2,2
"H",5,2,2,6,1,1
"H",5,2,3,-2,1,0
"H",5,2,3,-3,1,0
"H",5,2,3,-4,1,0
"H",5,2,3,-5,1,0
"H",5,2,3,1,2,2
"H",5,2,4,1,2,2
"H",5,2,4,2,1,1
"H",5,2,4,5,1,1
"H",5,2,5,-4,1,0
"H",5,2,5,0,4,2
"H",5,2,5,2,2,2
"H",5,2,7,-2,1,0
"H",5,2,7,0,1,1
"H",5,2,7,2,1,1
"H",5,2,7,4,1,1
"H",5,2,7,5,1,1
"H",5,2,8,-6,1,0
"H",6,0,1,-1,6,2
"H",6,0,1,-2,9,0
"H",6,0,1,-3,4,1
"H",6,0,1,-4,3,0
"H",6,0,1,-5,5,0
"H",6,0,1,-6,3,0
"H",6,0,1,-7,2,0
"H",6,0,1,-8,1,0
"H",6,0,1,0,8,5
"H",6,0,1,1,6,4
"H",6,0,1,2,8,8
"H",6,0,1,3,2,2
"H",6,0,1,4,2,2
"H",6,0,1,5,2,2
"H",6,0,1,6,1,1
"H",6,0,2,-2,4,0
"H",6,0,2,-4,1,0
"H",6,0,2,-5,1,0
"H",6,0,2,0,1,1
"H",6,0,2,1,1,0
"H",6,0,3,-2,1,0
"H",6,0,3,1,1,1
"H",6,0,3,2,1,1
"H",6,0,3,4,1,1
"H",6,0,4,-2,2,0
"H",6,0,5,-5,1,0
"H",6,0,5,2,1,1
"H",6,1,1,-1,6,2
"H",6,1,1,-2,4,0
"H",6,1,1,-3,4,1
"H",6,1,1,-4,3,0
"H",6,1,1,-5,3,0
"H",6,1,1,-6,3,0
"H",6,1,1,-7,2,0
"H",6,1,1,-8,1,0
"H",6,1,1,0,7,4
"H",6,1,1,1,4,3
"H",6,1,1,2,7,7
"H",6,1,1,3,3,3
"H",6,1,1,4,1,1
"H",6,1,1,5,2,2
"H",6,1,1,6,1,1
"H",6,1,2,-1,2,2
"H",6,1,2,-2,2,0
"H",6,1,2,-3,1,1
"H",6,1,2,-4,1,0
"H",6,1,2,-6,1,0
"H",6,1,2,-8,1,0
"H",6,1,2,0,1,1
"H",6,1,2,1,3,3
"H",6,1,2,2,2,2
"H",6,1,2,3,1,1
"H",6,1,2,5,1,1
"H",6,1,3,-2,1,0
"H",6,1,3,-3,1,1
"H",6,1,3,-5,1,0
"H",6,1,3,0,2,1
"H",6,1,3,2,1,1
"H",6,1,4,-1,1,1
"H",6,1,4,-2,1,0
"H",6,1,4,1,1,1
"H",6,1,5,-1,1,0
"H",6,1,5,-2,1,0
"H",6,1,5,-5,1,0
"H",6,1,5,-8,1,0
"H",6,1,5,2,1,1
"H",6,1,5,3,1,1
"H",6,1,5,4,1,1
"H",6,1,6,2,2,2
"H",6,1,7,-2,1,0
"H",6,2,1,-1,4,0
"H",6,2,1,-2,4,0
"H",6,2,1,-3,3,0
"H",6,2,1,-4,3,0
"H",6,2,1,-5,3,0
"H",6,2,1,-6,2,0
"H",6,2,1,-7,2,0
"H",6,2,1,0,6,3
"H",6,2,1,1,3,1
"H",6,2,1,2,4,4
"H",6,2,1,3,3,3
"H",6,2,1,4,1,1
"H",6,2,1,5,2,2
"H",6,2,1,6,1,1
"H",6,2,2,-1,2,1
"H",6,2,2,-2,4,0
"H",6,2,2,-3,2,0
"H",6,2,2,-4,2,0
"H",6,2,2,-6,1,0
"H",6,2,2,0,1,0
"H",6,2,2,1,2,2
"H",6,2,2,3,2,2
"H",6,2,2,5,1,1
"H",6,2,3,-1,1,0
"H",6,2,3,-3,2,1
"H",6,2,3,-5,1,0
"H",6,2,3,0,3,3
"H",6,2,3,1,1,1
"H",6,2,3,3,1,1
"H",6,2,4,-3,1,0
"H",6,2,4,-4,1,0
"H",6,2,4,1,2,2
"H",6,2,4,3,1,1
"H",6,2,5,-1,1,0
"H",6,2,5,-8,1,0
"H",6,2,5,0,1,1
"H",6,2,5,2,2,2
"H",6,2,5,3,1,1
"H",6,2,6,-1,1,1
"H",6,2,6,-2,1,0
"H",6,2,6,-8,1,0
"H",6,2,6,0,1,1
"H",6,2,6,2,2,2
"H",6,2,7,-2,1,0
"H",6,2,7,2,1,1
"H",6,2,8,-4,1,0
"H",7,0,1,-1,7,2
"H",7,0,1,-10,1,0
"H",7,0,1,-2,10,0
"H",7,0,1,-3,3,1
"H",7,0,1,-4,4,0
"H",7,0,1,-5,2,0
"H",7,0,1,-6,3,0
"H",7,0,1,-7,3,0
"H",7,0,1,-9,2,0
"H",7,0,1,0,6,4
"H",7,0,1,1,6,5
"H",7,0,1,2,5,5
"H",7,0,1,3,6,6
"H",7,0,1,4,1,1
"H",7,0,1,5,3,3
"H",7,0,2,-2,1,0
"H",7,0,2,-3,2,1
"H",7,0,2,-4,2,0
"H",7,0,2,-5,3,0
"H",7,0,2,-6,1,0
"H",7,0,2,-7,1,0
"H",7,0,2,1,1,1
"H",7,0,2,2,2,2
"H",7,0,3,-1,1,0
"H",7,0,3,-2,2,0
"H",7,0,3,-6,2,0
"H",7,0,3,1,1,1
"H",7,0,3,4,1,1
"H",7,0,4,-3,1,1
"H",7,0,4,-4,1,0
"H",7,0,4,-5,2,0
"H",7,0,4,-6,1,0
"H",7,0,5,-6,1,0
"H",7,0,5,-7,1,0
"H",7,0,6,-6,1,0
"H",7,0,6,1,1,1
"H",7,0,7,-4,1,0
"H",7,0,7,1,1,1
"H",7,0,7,2,1,1
"H",7,1,1,-1,6,2
"H",7,1,1,-10,1,0
"H",7,1,1,-2,8,0
"H",7,1,1,-3,1,0
"H",7,1,1,-4,2,0
"H",7,1,1,-5,1,0
"H",7,1,1,-7,1,0
"H",7,1,1,-9,2,0
"H",7,1,1,0,6,4
"H",7,1,1,1,4,3
"H",7,1,1,12,1,1
"H",7,1,1,2,3,3
"H",7,1,1,3,7,7
"H",7,1,1,4,1,1
"H",7,1,1,5,3,3
"H",7,1,2,-1,3,2
"H",7,1,2,-2,2,0
"H",7,1,2,-3,1,0
"H",7,1,2,-4,1,0
"H",7,1,2,-5,1,0
"H",7,1,2,-9,1,0
"H",7,1,2,0,1,1
"H",7,1,2,12,1,1
"H",7,1,2,3,1,1
"H",7,1,2,4,1,1
"H",7,1,2,5,3,3
"H",7,1,3,-1,1,0
"H",7,1,3,-2,2,0
"H",7,1,3,-3,1,0
"H",7,1,3,0,1,1
"H",7,1,3,2,2,2
"H",7,1,4,-1,1,1
"H",7,1,4,-4,1,0
"H",7,1,4,-5,1,0
"H",7,1,4,6,1,1
"H",7,1,4,9,1,1
"H",7,1,5,3,1,1
"H",7,1,5,4,1,1
"H",7,1,6,-1,1,0
"H",7,1,6,-3,1,1
"H",7,1,6,-5,1,0
"H",7,1,6,0,1,1
"H",7,1,6,5,1,1
"H",7,1,6,7,1,1
"H",7,1,6,8,1,1
"H",7,1,7,-4,1,0
"H",7,1,7,-5,1,0
"H",7,1,7,-6,1,0
"H",7,1,7,-9,1,0
"H",7,1,7,1,1,1
"H",7,1,7,10,1,1
"H",7,2,1,-1,3,0
"H",7,2,1,-10,1,0
"H",7,2,1,-2,6,0
"H",7,2,1,-3,1,0
"H",7,2,1,-4,1,0
"H",7,2,1,-5,2,0
"H",7,2,1,-7,2,0
"H",7,2,1,-9,1,0
"H",7,2,1,0,4,2
"H",7,2,1,1,4,3
"H",7,2,1,12,1,1
"H",7,2,1,2,3,3
"H",7,2,1,3,6,6
"H",7,2,1,4,2,2
"H",7,2,1,5,1,1
"H",7,2,2,-1,2,1
"H",7,2,2,-2,3,1
"H",7,2,2,-4,1,0
"H",7,2,2,-5,2,0
"H",7,2,2,-7,2,0
"H",7,2,2,0,2,0
"H",7,2,2,1,1,0
"H",7,2,2,2,1,1
"H",7,2,2,3,3,3
"H",7,2,2,4,1,1
"H",7,2,2,5,2,2
"H",7,2,2,7,1,1
"H",7,2,3,-1,1,0
"H",7,2,3,-2,3,0
"H",7,2,3,-3,2,0
"H",7,2,3,-7,1,0
"H",7,2,3,0,1,1
"H",7,2,3,1,1,1
"H",7,2,3,3,1,1
"H",7,2,3,5,1,1
"H",7,2,3,6,1,1
"H",7,2,4,-1,2,1
"H",7,2,4,-2,2,1
"H",7,2,4,-3,1,0
"H",7,2,4,-4,1,0
"H",7,2,4,-5,1,0
"H",7,2,4,1,1,1
"H",7,2,5,-1,1,0
"H",7,2,5,-2,1,0
"H",7,2,5,-3,1,0
"H",7,2,5,-8,1,0
"H",7,2,5,2,2,2
"H",7,2,6,-3,1,0
"H",7,2,6,2,1,1
"H",7,2,7,-5,1,0
"H",7,2,7,0,1,1
"H",7,2,8,-3,1,0
"H",7,2,8,-5,1,0
"H",8,0,1,-1,5,1
"H",8,0,1,-11,1,0
"H",8,0,1,-2,11,1
"H",8,0,1,-3,4,0
"H",8,0,1,-4,1,0
"H",8,0,1,-5,4,0
"H",8,0,1,-6,4,0
"H",8,0,1,-7,2,0
"H",8,0,1,-8,1,0
"H",8,0,1,-9,1,0
"H",8,0,1,0,5,3
"H",8,0,1,1,6,5
"H",8,0,1,12,1,1
"H",8,0,1,2,5,5
"H",8,0,1,3,6,6
"H",8,0,1,4,2,2
"H",8,0,1,5,2,2
"H",8,0,1,7,1,1
"H",8,0,2,-1,2,0
"H",8,0,2,-2,1,1
"H",8,0,2,-3,1,0
"H",8,0,2,-4,1,0
"H",8,0,2,-5,1,0
"H",8,0,2,-7,1,0
"H",8,0,2,-9,1,0
"H",8,0,2,1,1,1
"H",8,0,2,3,1,1
"H",8,0,2,4,1,1
"H",8,0,2,5,2,2
"H",8,0,3,-2,1,0
"H",8,0,3,-6,2,0
"H",8,0,3,1,1,0
"H",8,0,3,12,1,1
"H",8,0,3,3,1,1
"H",8,0,3,7,1,1
"H",8,0,4,1,1,1
"H",8,0,4,5,1,1
"H",8,0,6,-1,1,0
"H",8,0,6,-7,1,0
"H",8,1,1,-1,3,1
"H",8,1,1,-11,1,0
"H",8,1,1,-2,9,0
"H",8,1,1,-3,3,0
"H",8,1,1,-5,3,0
"H",8,1,1,-6,2,0
"H",8,1,1,-7,1,0
"H",8,1,1,-8,1,0
"H",8,1,1,0,5,3
"H",8,1,1,1,5,4
"H",8,1,1,2,6,6
"H",8,1,1,3,4,4
"H",8,1,1,4,2,2
"H",8,1,2,-1,2,0
"H",8,1,2,-2,1,0
"H",8,1,2,-3,1,0
"H",8,1,2,-5,1,0
"H",8,1,2,-6,1,0
"H",8,1,2,-9,1,0
"H",8,1,2,0,1,1
"H",8,1,2,1,3,3
"H",8,1,2,4,1,1
"H",8,1,3,-2,2,1
"H",8,1,3,-4,1,0
"H",8,1,3,12,1,1
"H",8,1,3,2,2,2
"H",8,1,3,3,1,1
"H",8,1,3,4,1,1
"H",8,1,3,5,1,1
"H",8,1,3,6,1,1
"H",8,1,4,1,1,1
"H",8,1,4,3,1,1
"H",8,1,5,-6,2,0
"H",8,1,5,1,1,0
"H",8,1,5,2,1,1
"H",8,1,5,7,1,1
"H",8,1,7,-9,1,0
"H",8,1,7,1,1,1
"H",8,1,7,5,1,1
"H",8,2,1,-1,2,1
"H",8,2,1,-11,1,0
"H",8,2,1,-2,9,0
"H",8,2,1,-3,3,0
"H",8,2,1,-5,3,0
"H",8,2,1,-6,2,0
"H",8,2,1,-7,2,0
"H",8,2,1,-8,1,0
"H",8,2,1,0,4,2
"H",8,2,1,1,2,1
"H",8,2,1,2,3,3
"H",8,2,1,3,4,4
"H",8,2,1,4,2,2
"H",8,2,1,6,1,1
"H",8,2,2,-1,2,1
"H",8,2,2,-11,1,0
"H",8,2,2,-2,5,0
"H",8,2,2,-3,1,0
"H",8,2,2,-5,2,0
"H",8,2,2,-6,2,0
"H",8,2,2,-7,1,0
"H",8,2,2,0,1,0
"H",8,2,2,1,2,2
"H",8,2,2,2,1,1
"H",8,2,2,3,4,4
"H",8,2,2,4,1,1
"H",8,2,2,6,1,1
"H",8,2,3,-1,1,0
"H",8,2,3,-2,2,1
"H",8,2,3,-3,1,0
"H",8,2,3,-4,1,0
"H",8,2,3,-6,1,0
"H",8,2,3,2,2,2
"H",8,2,3,3,2,2
"H",8,2,3,4,3,3
"H",8,2,3,6,1,1
"H",8,2,4,-11,1,0
"H",8,2,4,-3,1,0
"H",8,2,4,-5,1,0
"H",8,2,4,0,1,0
"H",8,2,5,-6,2,0
"H",8,2,5,-9,1,0
"H",8,2,5,1,1,0
"H",8,2,5,12,1,1
"H",8,2,5,2,4,4
"H",8,2,5,3,1,1
"H",8,2,5,5,1,1
"H",8,2,5,6,1,1
"H",8,2,5,7,1,1
"H",8,2,6,-1,1,0
"H",8,2,7,-9,1,0
"H",8,2,7,1,1,1
"H",8,2,7,5,1,1
"H",8,2,8,5,1,1
"H",9,0,1,-1,4,1
"H",9,0,1,-2,10,1
"H",9,0,1,-3,5,0
"H",9,0,1,-4,2,0
"H",9,0,1,-5,6,0
"H",9,0,1,-6,3,0
"H",9,0,1,-7,2,0
"H",9,0,1,-8,1,0
"H",9,0,1,-9,2,0
"H",9,0,1,0,4,2
"H",9,0,2,-1,1,0
"H",9,0,2,-3,3,0
"H",9,0,2,-5,3,0
"H",9,0,2,-6,1,0
"H",9,0,2,-7,1,0
"H",9,0,2,0,1,0
"H",9,0,3,-1,1,1
"H",9,0,3,-5,1,0
"H",9,0,3,-6,1,0
"H",9,0,4,-3,1,0
"H",9,0,4,-4,1,0
"H",9,0,4,-5,1,0
"H",9,0,6,-5,1,0
"H",9,0,7,0,1,0
"H",9,1,1,-1,2,0
"H",9,1,1,-2,10,1
"H",9,1,1,-3,2,0
"H",9,1,1,-4,2,0
"H",9,1,1,-5,3,0
"H",9,1,1,-6,1,0
"H",9,1,1,-7,1,0
"H",9,1,1,-8,1,0
"H",9,1,1,-9,2,0
"H",9,1,1,0,3,2
"H",9,1,2,-2,3,0
"H",9,1,2,-4,3,0
"H",9,1,2,-5,1,0
"H",9,1,2,-6,1,0
"H",9,1,2,-7,2,0
"H",9,1,3,-1,2,0
"H",9,1,3,-2,1,1
"H",9,1,3,-3,1,0
"H",9,1,3,-6,1,0
"H",9,1,3,-8,1,0
"H",9,1,3,0,1,1
"H",9,1,4,-1,1,0
"H",9,1,4,-2,1,0
"H",9,1,4,-3,1,0
"H",9,1,4,-4,4,0
"H",9,1,4,-5,1,0
"H",9,1,5,-1,1,1
"H",9,1,5,-3,1,0
"H",9,1,5,-5,1,0
"H",9,1,5,0,1,1
"H",9,1,6,0,1,0
"H",9,1,7,-1,1,0
"H",9,1,7,-3,1,0
"H",9,2,1,-1,2,0
"H",9,2,1,-2,6,0
"H",9,2,1,-3,3,0
"H",9,2,1,-5,2,0
"H",9,2,1,-6,1,0
"H",9,2,1,-9,2,0
"H",9,2,1,0,2,1
"H",9,2,2,-1,3,0
"H",9,2,2,-2,2,0
"H",9,2,2,-5,2,0
"H",9,2,2,-6,2,0
"H",9,2,2,-7,2,0
"H",9,2,2,-9,2,0
"H",9,2,2,0,1,1
"H",9,2,3,-1,2,1
"H",9,2,3,-2,1,0
"H",9,2,3,-3,1,0
"H",9,2,3,-5,1,0
"H",9,2,3,-6,1,0
"H",9,2,3,-7,1,0
"H",9,2,3,-8,1,0
"H",9,2,3,0,1,1
"H",9,2,4,-4,2,0
"H",9,2,4,-5,1,0
"H",9,2,5,-2,1,1
"H",9,2,5,-3,1,0
"H",9,2,5,-5,1,0
"H",9,2,5,0,1,1
"H",9,2,6,-1,1,0
"H",9,2,6,-4,1,0
"H",9,2,7,-1,2,0
"H",9,2,7,-3,1,0
"H",9,2,7,0,1,0
"H",10,0,1,-1,2,2
"H",10,0,1,-2,1,1
"H",10,0,1,-3,1,0
"H",10,0,1,0,3,2
"H",10,0,2,0,1,0
"H",10,0,3,-1,1,1
"H",10,0,3,0,1,1
"H",10,0,6,0,1,1
"H",10,1,1,-1,1,1
"H",10,1,1,-3,1,0
"H",10,1,1,0,1,1
"H",10,1,2,-1,1,1
"H",10,1,3,-1,1,1
"H",10,1,3,0,2,1
"H",10,1,4,-1,1,1
"H",10,1,6,-1,1,1
"H",10,1,6,0,1,1
"H",10,1,7,0,1,1
"H",10,1,8,0,1,1
"H",10,2,1,-3,1,0
"H",10,2,1,0,1,0
"H",10,2,2,0,2,1
"H",10,2,5,0,1,1
"H",11,0,1,-2,1,0
"H",11,0,1,0,1,1
"H",11,0,3,-2,1,0
"H",11,1,1,0,1,1
"H",11,1,3,-2,1,0
"H",11,2,1,0,1,1
"H",11,2,2,-1,1,0
"H",11,2,5,-2,1,0
"H",12,0,1,0,1,1
"H",12,0,3,0,1,1
"H",12,0,4,0,1,1
"V",1,0,1,0,62,35
"V",1,0,1,1,1,0
"V",1,0,2,0,23,15
"V",1,0,2,1,1,0
"V",1,0,3,0,3,1
"V",1,0,3,2,1,1
"V",1,0,3,3,1,0
"V",1,0,4,0,3,2
"V",1,0,5,1,1,0
"V",1,0,6,0,2,1
"V",1,0,7,0,1,1
"V",1,0,7,1,1,0
"V",1,1,1,0,36,19
"V",1,1,1,2,1,0
"V",1,1,1,3,1,1
"V",1,1,2,0,20,15
"V",1,1,2,1,3,1
"V",1,1,2,2,1,1
"V",1,1,2,3,1,1
"V",1,1,2,5,1,1
"V",1,1,3,0,9,7
"V",1,1,3,1,2,1
"V",1,1,3,3,1,1
"V",1,1,4,0,4,1
"V",1,1,4,1,2,2
"V",1,1,4,2,1,1
"V",1,1,5,0,4,2
"V",1,1,5,1,1,1
"V",1,1,5,2,2,2
"V",1,1,5,3,1,0
"V",1,1,5,4,1,1
"V",1,1,6,0,3,3
"V",1,1,6,1,3,2
"V",1,1,7,0,1,1
"V",1,1,7,1,1,1
"V",1,1,8,0,1,0
"V",1,1,8,2,1,1
"V",1,2,1,0,30,14
"V",1,2,1,2,2,1
"V",1,2,2,0,17,11
"V",1,2,2,1,9,6
"V",1,2,2,4,2,2
"V",1,2,3,0,11,8
"V",1,2,3,1,4,3
"V",1,2,3,3,2,2
"V",1,2,3,5,1,1
"V",1,2,4,0,4,3
"V",1,2,4,1,4,1
"V",1,2,5,0,4,4
"V",1,2,5,2,1,1
"V",1,2,5,3,1,0
"V",1,2,6,0,2,2
"V",1,2,6,1,2,1
"V",1,2,6,2,1,1
"V",1,2,6,4,2,2
"V",1,2,6,5,1,1
"V",1,2,7,0,3,3
"V",1,2,7,1,4,2
"V",1,2,7,2,1,1
"V",1,2,8,0,1,1
"V",1,2,8,1,1,1
"V",2,0,1,-1,4,1
"V",2,0,1,-2,4,2
"V",2,0,1,-5,1,0
"V",2,0,1,0,36,21
"V",2,0,1,1,10,6
"V",2,0,1,2,4,2
"V",2,0,1,3,1,1
"V",2,0,1,4,1,1
"V",2,0,1,5,1,1
"V",2,0,1,6,1,1
"V",2,0,2,-1,1,0
"V",2,0,2,-2,1,0
"V",2,0,2,-5,1,0
"V",2,0,2,0,11,6
"V",2,0,2,1,2,1
"V",2,0,2,6,1,1
"V",2,0,3,0,2,2
"V",2,0,3,6,1,1
"V",2,0,4,-5,1,0
"V",2,0,4,6,1,1
"V",2,0,5,0,2,1
"V",2,0,6,0,1,1
"V",2,1,1,-1,3,1
"V",2,1,1,-2,3,2
"V",2,1,1,0,22,13
"V",2,1,1,1,8,5
"V",2,1,1,2,4,2
"V",2,1,1,3,1,1
"V",2,1,1,4,1,1
"V",2,1,1,5,1,1
"V",2,1,2,-1,2,0
"V",2,1,2,-2,1,1
"V",2,1,2,0,8,6
"V",2,1,2,1,4,1
"V",2,1,2,2,3,2
"V",2,1,2,5,1,1
"V",2,1,2,6,1,1
"V",2,1,3,-1,1,0
"V",2,1,3,0,7,3
"V",2,1,3,1,2,2
"V",2,1,4,-5,1,0
"V",2,1,4,0,3,2
"V",2,1,4,1,1,1
"V",2,1,4,5,1,1
"V",2,1,4,6,1,1
"V",2,1,5,0,3,1
"V",2,1,5,7,1,1
"V",2,1,6,0,1,1
"V",2,1,7,0,1,1
"V",2,1,7,1,2,2
"V",2,1,8,0,1,1
"V",2,1,8,1,2,2
"V",2,2,1,-1,1,1
"V",2,2,1,-2,3,1
"V",2,2,1,0,18,10
"V",2,2,1,1,9,6
"V",2,2,1,2,2,1
"V",2,2,1,3,1,1
"V",2,2,1,4,1,1
"V",2,2,2,-1,3,1
"V",2,2,2,-2,2,2
"V",2,2,2,0,8,4
"V",2,2,2,1,4,1
"V",2,2,2,2,2,1
"V",2,2,2,3,1,1
"V",2,2,2,5,1,1
"V",2,2,3,-3,1,0
"V",2,2,3,0,6,3
"V",2,2,3,1,3,1
"V",2,2,3,2,1,1
"V",2,2,3,6,1,1
"V",2,2,4,-5,1,0
"V",2,2,4,0,3,1
"V",2,2,4,1,1,1
"V",2,2,5,-1,1,0
"V",2,2,5,0,1,1
"V",2,2,5,7,1,1
"V",2,2,6,-2,1,1
"V",2,2,6,0,1,0
"V",2,2,6,2,1,1
"V",2,2,6,3,1,1
"V",2,2,6,5,1,1
"V",2,2,7,0,2,1
"V",2,2,7,1,1,1
"V",2,2,7,2,1,1
"V",2,2,7,3,1,1
"V",2,2,8,0,1,1
"V",2,2,8,1,1,1
"V",2,2,8,2,1,1
"V",3,0,1,-1,6,1
"V",3,0,1,-2,4,1
"V",3,0,1,-3,1,0
"V",3,0,1,-6,1,0
"V",3,0,1,0,28,17
"V",3,0,1,1,11,7
"V",3,0,1,2,6,4
"V",3,0,1,3,1,1
"V",3,0,1,4,1,1
"V",3,0,1,5,1,1
"V",3,0,1,6,2,2
"V",3,0,2,-3,1,0
"V",3,0,2,0,8,4
"V",3,0,2,1,6,4
"V",3,0,2,2,2,1
"V",3,0,2,6,1,1
"V",3,0,3,-1,2,2
"V",3,0,3,-2,1,1
"V",3,0,3,0,1,1
"V",3,0,4,0,2,2
"V",3,0,4,1,3,2
"V",3,0,4,6,1,1
"V",3,0,6,-1,1,1
"V",3,0,6,2,1,1
"V",3,0,7,1,1,1
"V",3,0,7,2,1,1
"V",3,0,8,0,1,1
"V",3,0,8,2,1,1
"V",3,1,1,-1,5,0
"V",3,1,1,-2,3,0
"V",3,1,1,-6,1,0
"V",3,1,1,0,20,13
"V",3,1,1,1,5,3
"V",3,1,1,2,4,3
"V",3,1,1,3,1,1
"V",3,1,1,4,2,2
"V",3,1,1,5,1,1
"V",3,1,1,6,1,1
"V",3,1,2,-3,1,0
"V",3,1,2,0,9,4
"V",3,1,2,1,1,0
"V",3,1,2,3,1,1
"V",3,1,2,5,1,1
"V",3,1,3,-1,1,1
"V",3,1,3,-2,1,0
"V",3,1,3,0,4,2
"V",3,1,3,1,1,1
"V",3,1,3,2,1,0
"V",3,1,3,3,1,1
"V",3,1,3,4,1,1
"V",3,1,4,-1,1,1
"V",3,1,4,-2,1,0
"V",3,1,4,0,3,1
"V",3,1,4,1,2,1
"V",3,1,4,3,1,1
"V",3,1,4,6,1,1
"V",3,1,5,1,1,1
"V",3,1,5,2,1,1
"V",3,1,5,4,1,1
"V",3,1,6,1,1,1
"V",3,1,6,2,1,1
"V",3,1,7,0,1,1
"V",3,1,7,1,2,2
"V",3,1,7,2,1,1
"V",3,1,8,0,1,1
"V",3,1,8,1,1,1
"V",3,1,8,2,1,1
"V",3,2,1,-1,5,0
"V",3,2,1,-2,2,0
"V",3,2,1,-6,1,0
"V",3,2,1,0,15,10
"V",3,2,1,1,6,3
"V",3,2,1,2,3,2
"V",3,2,1,3,1,0
"V",3,2,1,5,1,1
"V",3,2,1,6,1,1
"V",3,2,2,-1,1,0
"V",3,2,2,-3,1,0
"V",3,2,2,0,8,5
"V",3,2,2,1,2,1
"V",3,2,2,2,3,3
"V",3,2,2,3,3,2
"V",3,2,2,4,1,1
"V",3,2,2,5,1,1
"V",3,2,3,0,4,3
"V",3,2,3,1,3,1
"V",3,2,3,3,1,0
"V",3,2,4,0,4,2
"V",3,2,4,1,4,2
"V",3,2,4,3,1,1
"V",3,2,5,0,4,2
"V",3,2,5,2,1,0
"V",3,2,5,3,1,1
"V",3,2,5,4,1,1
"V",3,2,6,-1,1,1
"V",3,2,6,0,1,1
"V",3,2,6,2,4,3
"V",3,2,6,3,2,2
"V",3,2,7,-2,1,0
"V",3,2,7,0,1,1
"V",3,2,7,1,1,1
"V",3,2,7,2,2,1
"V",3,2,7,6,1,1
"V",3,2,8,2,1,1
"V",4,0,1,-1,6,2
"V",4,0,1,-2,5,1
"V",4,0,1,-3,2,0
"V",4,0,1,-6,1,0
"V",4,0,1,0,20,10
"V",4,0,1,1,9,6
"V",4,0,1,2,7,5
"V",4,0,1,3,6,5
"V",4,0,1,4,1,1
"V",4,0,1,5,3,3
"V",4,0,1,6,2,2
"V",4,0,2,-2,1,0
"V",4,0,2,-3,1,0
"V",4,0,2,-6,1,0
"V",4,0,2,0,4,3
"V",4,0,2,1,3,3
"V",4,0,2,4,1,1
"V",4,0,3,1,1,0
"V",4,0,3,3,1,1
"V",4,0,4,-2,1,0
"V",4,0,5,-1,1,1
"V",4,0,5,2,1,1
"V",4,1,1,-1,5,1
"V",4,1,1,-2,4,1
"V",4,1,1,-3,1,0
"V",4,1,1,0,17,8
"V",4,1,1,1,5,3
"V",4,1,1,2,6,4
"V",4,1,1,3,6,5
"V",4,1,1,5,3,3
"V",4,1,1,6,2,2
"V",4,1,2,-1,2,0
"V",4,1,2,-3,2,0
"V",4,1,2,-6,1,0
"V",4,1,2,0,5,3
"V",4,1,2,1,3,3
"V",4,1,2,2,1,1
"V",4,1,2,3,3,3
"V",4,1,2,4,1,1
"V",4,1,2,5,3,3
"V",4,1,3,0,1,1
"V",4,1,3,1,1,1
"V",4,1,3,3,1,1
"V",4,1,4,0,1,1
"V",4,1,4,2,1,1
"V",4,1,4,3,2,2
"V",4,1,4,5,1,1
"V",4,1,4,6,1,1
"V",4,1,5,0,1,0
"V",4,1,5,1,1,0
"V",4,1,6,-3,1,0
"V",4,1,7,-2,1,0
"V",4,1,7,0,1,0
"V",4,1,7,1,1,1
"V",4,1,7,4,2,2
"V",4,2,1,-1,4,1
"V",4,2,1,-2,4,1
"V",4,2,1,-3,1,0
"V",4,2,1,0,15,8
"V",4,2,1,1,6,4
"V",4,2,1,2,5,3
"V",4,2,1,3,4,3
"V",4,2,1,6,2,2
"V",4,2,2,-1,1,1
"V",4,2,2,-2,1,0
"V",4,2,2,-6,1,0
"V",4,2,2,0,6,4
"V",4,2,2,1,2,0
"V",4,2,2,2,2,2
"V",4,2,2,3,1,1
"V",4,2,2,4,1,1
"V",4,2,2,5,2,2
"V",4,2,3,-1,2,1
"V",4,2,3,0,1,0
"V",4,2,3,2,1,0
"V",4,2,3,3,1,1
"V",4,2,4,0,2,1
"V",4,2,4,3,1,1
"V",4,2,4,6,1,1
"V",4,2,5,0,2,0
"V",4,2,5,1,2,1
"V",4,2,5,2,1,1
"V",4,2,5,3,1,1
"V",4,2,6,0,1,0
"V",4,2,6,4,1,1
"V",4,2,7,0,2,1
"V",4,2,7,2,1,1
"V",4,2,7,4,2,2
"V",4,2,8,2,1,1
"V",4,2,8,3,1,1
"V",5,0,1,-1,7,2
"V",5,0,1,-2,7,2
"V",5,0,1,-3,2,0
"V",5,0,1,-4,3,0
"V",5,0,1,-5,1,0
"V",5,0,1,-6,1,0
"V",5,0,1,0,15,8
"V",5,0,1,1,6,4
"V",5,0,1,2,6,6
"V",5,0,1,3,7,6
"V",5,0,1,4,2,2
"V",5,0,1,5,2,2
"V",5,0,1,6,3,3
"V",5,0,2,-1,4,2
"V",5,0,2,-2,2,0
"V",5,0,2,-4,2,0
"V",5,0,2,-6,1,0
"V",5,0,2,0,3,2
"V",5,0,2,1,1,0
"V",5,0,2,2,2,2
"V",5,0,2,3,1,1
"V",5,0,2,6,1,1
"V",5,0,3,-2,1,0
"V",5,0,3,1,1,1
"V",5,0,4,-1,3,2
"V",5,0,4,-4,1,0
"V",5,0,4,2,1,1
"V",5,0,4,6,1,1
"V",5,0,5,0,1,1
"V",5,0,5,1,1,1
"V",5,0,5,3,1,1
"V",5,0,6,-4,1,0
"V",5,0,7,-6,1,0
"V",5,1,1,-1,3,0
"V",5,1,1,-2,4,2
"V",5,1,1,-3,2,0
"V",5,1,1,-4,1,0
"V",5,1,1,-5,1,0
"V",5,1,1,0,11,5
"V",5,1,1,1,4,2
"V",5,1,1,2,5,5
"V",5,1,1,3,5,4
"V",5,1,1,4,3,3
"V",5,1,1,5,2,2
"V",5,1,1,6,2,2
"V",5,1,2,-1,2,0
"V",5,1,2,-2,2,0
"V",5,1,2,0,6,3
"V",5,1,2,1,5,4
"V",5,1,2,2,3,3
"V",5,1,2,3,2,1
"V",5,1,2,4,1,1
"V",5,1,2,5,1,1
"V",5,1,3,-1,2,0
"V",5,1,3,-2,1,0
"V",5,1,3,0,4,3
"V",5,1,3,1,1,1
"V",5,1,3,2,1,1
"V",5,1,3,3,2,2
"V",5,1,4,0,1,0
"V",5,1,4,1,1,0
"V",5,1,4,2,1,1
"V",5,1,4,3,1,1
"V",5,1,4,6,1,1
"V",5,1,5,0,2,2
"V",5,1,5,1,1,1
"V",5,1,6,-4,1,0
"V",5,1,7,-1,3,2
"V",5,1,7,-4,1,0
"V",5,1,7,-6,1,0
"V",5,1,7,2,2,2
"V",5,1,8,-1,1,0
"V",5,1,8,2,1,1
"V",5,1,8,3,1,1
"V",5,1,8,4,1,1
"V",5,2,1,-1,1,0
"V",5,2,1,-2,4,2
"V",5,2,1,-3,2,0
"V",5,2,1,-4,1,0
"V",5,2,1,-5,1,0
"V",5,2,1,0,5,1
"V",5,2,1,1,2,1
"V",5,2,1,2,4,4
"V",5,2,1,3,2,2
"V",5,2,1,4,3,3
"V",5,2,1,5,1,1
"V",5,2,1,6,2,2
"V",5,2,2,-1,2,0
"V",5,2,2,-2,3,0
"V",5,2,2,-4,1,0
"V",5,2,2,0,4,2
"V",5,2,2,1,2,1
"V",5,2,2,2,3,3
"V",5,2,2,3,2,1
"V",5,2,2,4,1,1
"V",5,2,2,5,1,1
"V",5,2,2,6,2,2
"V",5,2,3,-1,2,0
"V",5,2,3,-2,1,0
"V",5,2,3,0,5,1
"V",5,2,3,1,4,4
"V",5,2,3,2,1,1
"V",5,2,3,5,1,1
"V",5,2,3,7,1,1
"V",5,2,4,-1,1,1
"V",5,2,4,-4,1,0
"V",5,2,4,0,2,1
"V",5,2,4,1,3,2
"V",5,2,4,3,1,1
"V",5,2,5,-2,1,0
"V",5,2,5,-5,1,0
"V",5,2,5,0,3,2
"V",5,2,5,3,1,1
"V",5,2,6,-4,1,0
"V",5,2,6,2,1,1
"V",5,2,6,5,1,1
"V",5,2,6,6,2,2
"V",5,2,7,0,1,0
"V",5,2,7,2,4,4
"V",5,2,7,5,1,1
"V",5,2,7,6,1,1
"V",5,2,8,2,1,1
"V",5,2,8,3,1,1
"V",6,0,1,-1,5,1
"V",6,0,1,-2,11,2
"V",6,0,1,-3,2,0
"V",6,0,1,-4,1,0
"V",6,0,1,-5,3,0
"V",6,0,1,-6,1,0
"V",6,0,1,0,9,5
"V",6,0,1,1,7,5
"V",6,0,1,2,9,9
"V",6,0,1,3,5,4
"V",6,0,1,4,2,2
"V",6,0,1,5,3,3
"V",6,0,1,6,3,3
"V",6,0,1,7,1,1
"V",6,0,2,-1,1,0
"V",6,0,2,-2,4,1
"V",6,0,2,-5,2,0
"V",6,0,2,0,4,2
"V",6,0,2,1,2,1
"V",6,0,2,2,3,3
"V",6,0,2,3,2,2
"V",6,0,2,7,1,1
"V",6,0,4,-2,1,1
"V",6,0,4,-5,1,0
"V",6,0,4,0,2,2
"V",6,0,4,3,2,2
"V",6,0,6,2,1,1
"V",6,0,8,-1,1,1
"V",6,0,8,-2,1,1
"V",6,0,8,0,3,3
"V",6,0,8,1,1,1
"V",6,1,1,-1,4,1
"V",6,1,1,-2,7,1
"V",6,1,1,-3,2,0
"V",6,1,1,-4,1,0
"V",6,1,1,-5,1,0
"V",6,1,1,-6,1,0
"V",6,1,1,0,5,3
"V",6,1,1,1,5,4
"V",6,1,1,2,6,6
"V",6,1,1,3,3,2
"V",6,1,1,4,2,2
"V",6,1,1,5,3,3
"V",6,1,1,6,3,3
"V",6,1,1,7,1,1
"V",6,1,1,8,1,1
"V",6,1,2,-1,2,0
"V",6,1,2,-2,2,0
"V",6,1,2,-5,1,0
"V",6,1,2,0,2,1
"V",6,1,2,1,1,1
"V",6,1,2,2,3,3
"V",6,1,2,3,1,1
"V",6,1,2,4,1,1
"V",6,1,2,5,3,3
"V",6,1,2,6,1,1
"V",6,1,2,7,1,1
"V",6,1,3,-1,1,0
"V",6,1,3,0,1,0
"V",6,1,3,1,2,1
"V",6,1,3,2,2,2
"V",6,1,3,3,1,1
"V",6,1,3,4,1,1
"V",6,1,4,-5,1,0
"V",6,1,4,2,1,1
"V",6,1,4,3,1,1
"V",6,1,4,4,1,1
"V",6,1,4,5,1,1
"V",6,1,5,-2,1,1
"V",6,1,5,4,2,2
"V",6,1,5,5,1,1
"V",6,1,5,6,1,1
"V",6,1,6,1,1,0
"V",6,1,7,3,2,2
"V",6,1,8,0,1,1
"V",6,1,8,5,1,1
"V",6,2,1,-1,5,2
"V",6,2,1,-2,7,0
"V",6,2,1,-3,2,0
"V",6,2,1,-4,1,0
"V",6,2,1,-5,1,0
"V",6,2,1,-6,1,0
"V",6,2,1,0,6,2
"V",6,2,1,1,4,3
"V",6,2,1,2,6,6
"V",6,2,1,3,2,1
"V",6,2,1,5,2,2
"V",6,2,1,6,2,2
"V",6,2,1,7,1,1
"V",6,2,1,8,1,1
"V",6,2,2,-1,2,0
"V",6,2,2,-2,2,0
"V",6,2,2,-4,2,0
"V",6,2,2,0,2,2
"V",6,2,2,1,2,1
"V",6,2,2,2,2,2
"V",6,2,2,4,2,2
"V",6,2,2,5,2,2
"V",6,2,2,6,1,1
"V",6,2,3,-2,1,0
"V",6,2,3,0,1,0
"V",6,2,3,1,1,1
"V",6,2,3,2,2,2
"V",6,2,3,3,1,1
"V",6,2,3,4,1,1
"V",6,2,4,-4,1,0
"V",6,2,4,-5,1,0
"V",6,2,4,0,1,1
"V",6,2,4,1,1,0
"V",6,2,4,6,1,1
"V",6,2,5,-5,1,0
"V",6,2,5,1,1,1
"V",6,2,5,2,1,1
"V",6,2,5,3,2,2
"V",6,2,5,4,1,1
"V",6,2,5,6,1,1
"V",6,2,8,0,1,1
"V",6,2,8,1,1,0
"V",7,0,1,-1,5,2
"V",7,0,1,-2,7,0
"V",7,0,1,-3,5,0
"V",7,0,1,-4,1,0
"V",7,0,1,-5,3,0
"V",7,0,1,-6,1,0
"V",7,0,1,0,7,3
"V",7,0,1,1,7,5
"V",7,0,1,2,9,9
"V",7,0,1,3,4,3
"V",7,0,1,4,3,3
"V",7,0,1,5,4,4
"V",7,0,1,6,3,3
"V",7,0,1,7,2,2
"V",7,0,1,8,1,1
"V",7,0,2,-1,1,0
"V",7,0,2,-2,2,0
"V",7,0,2,-5,1,0
"V",7,0,2,-6,1,0
"V",7,0,2,0,1,1
"V",7,0,2,1,3,2
"V",7,0,2,3,2,2
"V",7,0,2,4,1,1
"V",7,0,2,5,2,2
"V",7,0,2,6,1,1
"V",7,0,2,8,1,1
"V",7,0,3,-2,2,0
"V",7,0,3,1,1,1
"V",7,0,4,1,1,1
"V",7,0,4,6,1,1
"V",7,1,1,-1,4,2
"V",7,1,1,-2,4,0
"V",7,1,1,-3,5,0
"V",7,1,1,-4,1,0
"V",7,1,1,-5,2,0
"V",7,1,1,0,6,2
"V",7,1,1,1,4,3
"V",7,1,1,2,9,9
"V",7,1,1,3,2,1
"V",7,1,1,4,2,2
"V",7,1,1,5,2,2
"V",7,1,1,6,2,2
"V",7,1,1,7,3,3
"V",7,1,2,-1,1,1
"V",7,1,2,-2,3,0
"V",7,1,2,-4,1,0
"V",7,1,2,-5,1,0
"V",7,1,2,-6,1,0
"V",7,1,2,1,2,1
"V",7,1,2,2,1,1
"V",7,1,2,3,2,1
"V",7,1,2,4,1,1
"V",7,1,2,5,1,1
"V",7,1,2,6,1,1
"V",7,1,2,7,1,1
"V",7,1,2,8,1,1
"V",7,1,3,-2,2,0
"V",7,1,3,0,1,1
"V",7,1,3,1,2,2
"V",7,1,3,3,3,2
"V",7,1,3,6,1,1
"V",7,1,3,7,1,1
"V",7,1,4,-1,1,1
"V",7,1,4,-6,1,0
"V",7,1,4,3,1,1
"V",7,1,4,7,1,1
"V",7,1,4,8,1,1
"V",7,1,5,5,2,2
"V",7,1,6,2,1,1
"V",7,1,6,3,1,1
"V",7,1,6,6,1,1
"V",7,1,7,1,1,1
"V",7,1,7,3,1,1
"V",7,1,8,7,1,1
"V",7,2,1,-1,4,1
"V",7,2,1,-2,2,0
"V",7,2,1,-3,6,0
"V",7,2,1,-5,2,0
"V",7,2,1,0,6,2
"V",7,2,1,1,3,2
"V",7,2,1,2,8,8
"V",7,2,1,4,2,2
"V",7,2,1,5,2,2
"V",7,2,1,6,1,1
"V",7,2,1,7,2,2
"V",7,2,2,-1,1,0
"V",7,2,2,-2,3,0
"V",7,2,2,-3,2,0
"V",7,2,2,-4,1,0
"V",7,2,2,-5,2,0
"V",7,2,2,0,1,0
"V",7,2,2,1,2,1
"V",7,2,2,2,5,5
"V",7,2,2,4,2,2
"V",7,2,2,5,1,1
"V",7,2,2,6,1,1
"V",7,2,2,7,1,1
"V",7,2,3,-2,2,0
"V",7,2,3,0,1,0
"V",7,2,3,1,2,1
"V",7,2,3,2,1,1
"V",7,2,3,3,2,1
"V",7,2,3,4,1,1
"V",7,2,3,5,1,1
"V",7,2,3,6,1,1
"V",7,2,4,-1,1,0
"V",7,2,4,-2,1,0
"V",7,2,4,-3,1,0
"V",7,2,4,-4,1,0
"V",7,2,4,5,1,1
"V",7,2,4,8,1,1
"V",7,2,4,9,2,2
"V",7,2,5,-2,1,0
"V",7,2,5,0,1,1
"V",7,2,5,1,1,1
"V",7,2,5,10,1,1
"V",7,2,5,3,1,1
"V",7,2,5,7,1,1
"V",7,2,6,-1,1,1
"V",7,2,6,3,1,1
"V",7,2,7,-6,1,0
"V",7,2,7,0,1,1
"V",7,2,7,7,1,1
"V",7,2,7,8,1,1
"V",7,2,8,5,1,1
"V",7,2,8,7,1,1
"V",7,2,8,9,1,1
"V",8,0,1,-1,5,1
"V",8,0,1,-12,1,0
"V",8,0,1,-2,5,0
"V",8,0,1,-3,6,0
"V",8,0,1,-4,3,0
"V",8,0,1,-5,2,0
"V",8,0,1,-7,1,0
"V",8,0,1,0,5,2
"V",8,0,1,1,8,7
"V",8,0,1,10,1,1
"V",8,0,1,2,11,10
"V",8,0,1,3,3,3
"V",8,0,1,4,3,3
"V",8,0,1,5,4,4
"V",8,0,1,7,3,3
"V",8,0,1,9,1,1
"V",8,0,2,-1,1,0
"V",8,0,2,-2,1,0
"V",8,0,2,-3,1,0
"V",8,0,2,-5,1,0
"V",8,0,2,1,5,4
"V",8,0,2,2,2,2
"V",8,0,2,4,1,1
"V",8,0,2,7,1,1
"V",8,0,3,-1,1,1
"V",8,0,3,-7,1,0
"V",8,0,3,1,1,1
"V",8,0,3,3,1,1
"V",8,0,4,1,1,0
"V",8,0,5,10,1,1
"V",8,0,6,-1,1,1
"V",8,0,6,1,1,1
"V",8,0,6,3,1,1
"V",8,0,7,2,1,1
"V",8,1,1,-1,3,0
"V",8,1,1,-12,1,0
"V",8,1,1,-2,4,0
"V",8,1,1,-3,5,0
"V",8,1,1,-4,3,0
"V",8,1,1,-5,1,0
"V",8,1,1,0,5,2
"V",8,1,1,1,3,3
"V",8,1,1,11,1,1
"V",8,1,1,2,9,8
"V",8,1,1,3,2,2
"V",8,1,1,4,2,2
"V",8,1,1,5,5,5
"V",8,1,1,7,2,2
"V",8,1,1,9,1,1
"V",8,1,2,-1,1,0
"V",8,1,2,-2,1,0
"V",8,1,2,-3,2,0
"V",8,1,2,0,1,1
"V",8,1,2,1,4,4
"V",8,1,2,2,3,2
"V",8,1,2,5,2,2
"V",8,1,2,7,1,1
"V",8,1,3,-2,1,0
"V",8,1,3,-5,1,0
"V",8,1,3,-7,1,0
"V",8,1,3,1,1,1
"V",8,1,3,2,6,5
"V",8,1,3,3,1,1
"V",8,1,3,4,1,1
"V",8,1,3,5,1,1
"V",8,1,3,7,2,2
"V",8,1,4,-1,1,1
"V",8,1,4,-7,1,0
"V",8,1,4,2,1,1
"V",8,1,4,3,1,1
"V",8,1,5,1,1,1
"V",8,1,5,3,1,1
"V",8,1,5,4,2,2
"V",8,1,6,2,2,2
"V",8,1,6,5,1,1
"V",8,1,7,1,2,1
"V",8,1,7,2,1,1
"V",8,1,7,3,1,1
"V",8,1,8,1,1,0
"V",8,1,8,3,1,1
"V",8,2,1,-1,3,0
"V",8,2,1,-12,1,0
"V",8,2,1,-2,3,0
"V",8,2,1,-3,5,0
"V",8,2,1,-4,3,0
"V",8,2,1,-5,1,0
"V",8,2,1,0,4,1
"V",8,2,1,1,2,2
"V",8,2,1,11,1,1
"V",8,2,1,2,5,5
"V",8,2,1,3,2,2
"V",8,2,1,4,1,1
"V",8,2,1,5,4,4
"V",8,2,1,6,2,2
"V",8,2,1,7,1,1
"V",8,2,1,9,1,1
"V",8,2,2,-1,1,0
"V",8,2,2,-12,1,0
"V",8,2,2,-2,1,0
"V",8,2,2,-3,2,0
"V",8,2,2,0,2,1
"V",8,2,2,1,1,1
"V",8,2,2,11,1,1
"V",8,2,2,3,2,2
"V",8,2,2,6,1,1
"V",8,2,3,-2,2,0
"V",8,2,3,1,1,1
"V",8,2,3,2,4,3
"V",8,2,3,6,1,1
"V",8,2,3,7,2,2
"V",8,2,3,8,1,1
"V",8,2,3,9,1,1
"V",8,2,4,-1,1,1
"V",8,2,4,-2,2,0
"V",8,2,4,-7,1,0
"V",8,2,4,2,1,1
"V",8,2,4,3,1,1
"V",8,2,4,4,1,1
"V",8,2,5,-1,1,0
"V",8,2,5,-5,1,0
"V",8,2,5,1,1,1
"V",8,2,5,2,1,1
"V",8,2,5,5,3,3
"V",8,2,6,-1,1,0
"V",8,2,6,5,2,2
"V",8,2,7,1,1,1
"V",8,2,8,-7,1,0
"V",9,0,1,-1,6,2
"V",9,0,1,-12,1,0
"V",9,0,1,-2,6,0
"V",9,0,1,-3,4,0
"V",9,0,1,-4,4,0
"V",9,0,1,-5,1,0
"V",9,0,1,-6,2,0
"V",9,0,1,-7,1,0
"V",9,0,1,0,4,2
"V",9,0,1,1,4,3
"V",9,0,1,2,12,11
"V",9,0,1,3,3,3
"V",9,0,1,4,1,1
"V",9,0,1,5,5,5
"V",9,0,1,6,4,4
"V",9,0,1,7,2,2
"V",9,0,1,8,1,1
"V",9,0,1,9,1,1
"V",9,0,2,-2,2,0
"V",9,0,2,-3,1,0
"V",9,0,2,-4,2,0
"V",9,0,2,-6,1,0
"V",9,0,2,-7,1,0
"V",9,0,2,1,2,2
"V",9,0,2,2,3,2
"V",9,0,2,3,2,2
"V",9,0,2,6,2,2
"V",9,0,3,-2,1,0
"V",9,0,3,-4,1,0
"V",9,0,3,2,1,1
"V",9,0,3,3,1,1
"V",9,0,3,7,1,1
"V",9,0,4,-2,1,0
"V",9,0,6,-1,1,0
"V",9,0,6,-3,1,0
"V",9,0,6,-4,1,0
"V",9,1,1,-1,6,2
"V",9,1,1,-12,1,0
"V",9,1,1,-2,3,0
"V",9,1,1,-3,4,0
"V",9,1,1,-4,1,0
"V",9,1,1,-5,1,0
"V",9,1,1,-6,1,0
"V",9,1,1,0,5,3
"V",9,1,1,1,2,1
"V",9,1,1,2,9,9
"V",9,1,1,3,1,1
"V",9,1,1,4,1,1
"V",9,1,1,5,5,5
"V",9,1,1,6,2,2
"V",9,1,1,7,2,2
"V",9,1,1,8,1,1
"V",9,1,1,9,1,1
"V",9,1,2,-1,1,1
"V",9,1,2,-2,1,0
"V",9,1,2,-4,2,0
"V",9,1,2,-5,2,0
"V",9,1,2,0,1,1
"V",9,1,2,1,1,0
"V",9,1,2,2,5,4
"V",9,1,2,3,1,1
"V",9,1,2,4,2,2
"V",9,1,2,5,1,1
"V",9,1,2,8,1,1
"V",9,1,3,-12,1,0
"V",9,1,3,-3,1,0
"V",9,1,3,-4,1,0
"V",9,1,3,-6,3,0
"V",9,1,3,-7,1,0
"V",9,1,3,0,3,2
"V",9,1,3,1,2,2
"V",9,1,3,2,1,1
"V",9,1,3,3,1,1
"V",9,1,3,6,1,1
"V",9,1,4,-1,2,1
"V",9,1,4,-2,1,0
"V",9,1,4,0,1,1
"V",9,1,4,1,1,1
"V",9,1,4,2,1,1
"V",9,1,5,-12,1,0
"V",9,1,5,-2,1,0
"V",9,1,5,0,1,1
"V",9,1,5,2,1,1
"V",9,1,5,3,1,1
"V",9,1,5,6,1,1
"V",9,1,6,1,1,1
"V",9,1,7,2,2,2
"V",9,1,7,3,1,1
"V",9,1,8,-1,1,1
"V",9,1,8,-2,1,0
"V",9,2,1,-1,4,0
"V",9,2,1,-11,1,0
"V",9,2,1,-2,4,0
"V",9,2,1,-3,4,0
"V",9,2,1,0,1,0
"V",9,2,1,1,1,1
"V",9,2,1,2,5,5
"V",9,2,1,3,1,1
"V",9,2,1,5,4,4
"V",9,2,1,6,2,2
"V",9,2,1,7,3,3
"V",9,2,1,9,1,1
"V",9,2,2,-4,1,0
"V",9,2,2,0,1,0
"V",9,2,2,1,2,1
"V",9,2,2,2,4,3
"V",9,2,2,3,1,1
"V",9,2,2,4,1,1
"V",9,2,2,5,3,3
"V",9,2,2,7,3,3
"V",9,2,2,9,1,1
"V",9,2,3,-3,1,0
"V",9,2,3,-4,1,0
"V",9,2,3,-5,1,0
"V",9,2,3,-6,1,0
"V",9,2,3,0,1,0
"V",9,2,3,1,1,1
"V",9,2,3,2,2,2
"V",9,2,3,4,3,3
"V",9,2,3,5,2,2
"V",9,2,3,7,1,1
"V",9,2,3,8,1,1
"V",9,2,3,9,1,1
"V",9,2,4,-1,1,0
"V",9,2,4,-3,1,0
"V",9,2,4,-5,1,0
"V",9,2,4,-6,1,0
"V",9,2,4,0,2,1
"V",9,2,4,1,1,1
"V",9,2,4,2,2,2
"V",9,2,4,7,1,1
"V",9,2,5,-2,1,0
"V",9,2,5,-6,1,0
"V",9,2,5,0,2,2
"V",9,2,5,2,1,1
"V",9,2,5,3,2,2
"V",9,2,5,5,1,1
"V",9,2,5,6,1,1
"V",9,2,6,-6,1,0
"V",9,2,6,1,1,1
"V",9,2,6,2,1,1
"V",9,2,6,3,1,1
"V",9,2,6,5,1,1
"V",9,2,7,3,1,1
"V",9,2,7,5,1,1
"V",9,2,7,7,1,1
"V",9,2,8,-5,1,0
"V",9,2,8,2,1,1
"V",10,0,1,0,6,2
"V",10,0,2,0,2,1
"V",10,1,1,0,4,1
"V",10,1,2,0,2,0
"V",10,1,2,1,1,1
"V",10,1,3,0,3,1
"V",10,1,3,1,1,0
"V",10,1,4,0,1,0
"V",10,1,6,3,1,1
"V",10,1,7,1,1,1
"V",10,1,8,1,1,1
"V",10,2,1,0,1,1
"V",10,2,2,0,2,0
"V",10,2,3,1,1,0
"V",10,2,4,2,1,0
"V",10,2,6,3,1,1
"V",10,2,7,0,1,0
"V",10,2,8,0,1,0
"V",11,0,1,0,2,1
"V",11,1,1,0,2,1
"V",11,1,2,0,1,1
"V",11,1,6,1,1,1
"V",11,1,7,0,1,1
"V",11,2,1,0,1,0
"V",11,2,2,0,1,0
"V",11,2,2,2,1,1
"V",12,0,1,0,1,0
"V",12,0,2,0,1,0
"V",12,1,3,0,1,0
"V",12,2,3,0,1,0
"V",12,2,4,0,1,0
