0-5: [225, 53, 23, 18, 10, 5, 1]
total: 335
expected value: 0.6686567

6-11: [9926, 2377, 1222, 596, 271, 114, 35, 10, 4, 1, 0, 0, 0, 1, 1]
total: 14558
expected value: 0.5914961

12-17: [17054, 4260, 2149, 1079, 482, 208, 74, 33, 9, 7, 3, 2, 0, 0, 1]
total: 25361
expected value: 0.61665547

18-23: [11327, 2771, 1436, 709, 332, 136, 54, 17, 4, 5, 4, 1]
total: 16796
expected value: 0.6161586

24-29: [6302, 1541, 807, 417, 183, 73, 34, 5, 7, 2, 3, 0, 0, 1]
total: 9375
expected value: 0.62496

30-35: [3228, 833, 411, 193, 95, 47, 16, 6, 1, 1, 0, 1, 1]
total: 4833
expected value: 0.62631905

36-41: [1414, 332, 179, 84, 36, 17, 9, 1, 0, 1, 0, 0, 1]
total: 2074
expected value: 0.6041466

42-47: [570, 155, 79, 30, 23, 7, 3, 1, 0, 1]
total: 869
expected value: 0.64902186

48-53: [242, 44, 34, 8, 7, 1, 4]
total: 340
expected value: 0.56764704

54-59: [63, 19, 5, 5, 3]
total: 95
expected value: 0.58947366

60-65: [26, 8, 5, 0, 0, 1]
total: 40
expected value: 0.575

66-71: [11, 2, 1, 1]
total: 15
expected value: 0.46666667

72-77: [1, 1]
total: 2
expected value: 0.5

78-83: [2, 0, 1]
total: 3
expected value: 0.6666667

84-89: [1]
total: 1
expected value: 0

