0-14: [19320, 4730, 2401, 1186, 550, 226, 84, 30, 10, 7, 3, 2, 0, 1, 1]
total: 28551
expected value: 0.60789466

15-29: [25514, 6272, 3236, 1633, 728, 310, 114, 35, 14, 8, 7, 1, 0, 1, 1]
total: 37874
expected value: 0.61588424

30-44: [4985, 1262, 645, 293, 149, 67, 26, 8, 1, 2, 0, 1, 2]
total: 7441
expected value: 0.6229001

45-59: [532, 121, 63, 27, 15, 5, 6, 0, 0, 1]
total: 770
expected value: 0.5948052

60-74: [38, 10, 6, 1, 0, 1]
total: 56
expected value: 0.53571427

75-89: [3, 1, 1]
total: 5
expected value: 0.6

