0-9: [4780, 1126, 589, 298, 129, 67, 23, 3, 2, 1, 0, 0, 0, 0, 1]
total: 7019
expected value: 0.60507196

10-19: [26918, 6658, 3371, 1665, 770, 321, 108, 51, 13, 10, 4, 2, 0, 1, 1]
total: 39893
expected value: 0.610834

20-29: [13136, 3218, 1677, 856, 379, 148, 67, 11, 9, 4, 6, 1, 0, 1]
total: 19513
expected value: 0.61840826

30-39: [4292, 1078, 547, 263, 121, 58, 22, 7, 1, 1, 0, 1, 2]
total: 6393
expected value: 0.62067884

40-49: [1022, 262, 132, 48, 37, 13, 7, 1, 0, 2]
total: 1524
expected value: 0.62335956

50-59: [203, 43, 29, 9, 6, 1, 3]
total: 294
expected value: 0.5952381

60-69: [36, 10, 5, 0, 0, 1]
total: 52
expected value: 0.48076922

70-79: [2, 1, 1, 1]
total: 5
expected value: 1.2

80-89: [3, 0, 1]
total: 4
expected value: 0.5

