0-11: [10151, 2430, 1245, 614, 281, 119, 36, 10, 4, 1, 0, 0, 0, 1, 1]
total: 14893
expected value: 0.59323174

12-23: [28381, 7031, 3585, 1788, 814, 344, 128, 50, 13, 12, 7, 3, 0, 0, 1]
total: 42157
expected value: 0.6164575

24-35: [9530, 2374, 1218, 610, 278, 120, 50, 11, 8, 3, 3, 1, 1, 1]
total: 14208
expected value: 0.6254223

36-47: [1984, 487, 258, 114, 59, 24, 12, 2, 0, 2, 0, 0, 1]
total: 2943
expected value: 0.6173972

48-59: [305, 63, 39, 13, 10, 1, 4]
total: 435
expected value: 0.5724138

60-71: [37, 10, 6, 1, 0, 1]
total: 55
expected value: 0.54545456

72-83: [3, 1, 1]
total: 5
expected value: 0.6

84-95: [1]
total: 1
expected value: 0

