0-3: [11, 6, 2, 2]
total: 21
expected value: 0.7619048

4-7: [1486, 309, 171, 88, 36, 22, 9, 0, 1, 0, 0, 0, 0, 0, 1]
total: 2123
expected value: 0.5864343

8-11: [8654, 2115, 1072, 524, 245, 97, 27, 10, 3, 1, 0, 0, 0, 1]
total: 12749
expected value: 0.5940858

12-15: [12017, 3023, 1504, 748, 343, 141, 54, 27, 7, 6, 3, 2]
total: 17875
expected value: 0.6168951

16-19: [9530, 2331, 1211, 601, 275, 128, 41, 17, 4, 4, 1, 0, 0, 0, 1]
total: 14144
expected value: 0.618849

20-23: [6834, 1677, 870, 439, 196, 75, 33, 6, 2, 2, 3, 1]
total: 10138
expected value: 0.61234957

24-27: [4659, 1126, 607, 314, 129, 56, 21, 4, 6, 0, 2, 0, 0, 1]
total: 6925
expected value: 0.6228159

28-31: [3027, 770, 362, 186, 91, 36, 18, 6, 1, 3, 1, 0, 1]
total: 4502
expected value: 0.6226122

32-35: [1844, 478, 249, 110, 58, 28, 11, 1, 1, 0, 0, 1]
total: 2781
expected value: 0.6364617

36-39: [1064, 245, 136, 70, 26, 11, 6, 1, 0, 0, 0, 0, 1]
total: 1560
expected value: 0.60320514

40-43: [591, 158, 84, 25, 20, 9, 4, 1, 0, 1]
total: 893
expected value: 0.63381857

44-47: [329, 84, 38, 19, 13, 4, 2, 0, 0, 1]
total: 490
expected value: 0.63265306

48-51: [184, 33, 20, 7, 5, 1, 2]
total: 252
expected value: 0.51984125

52-55: [90, 21, 18, 2, 4, 0, 2]
total: 137
expected value: 0.66423357

56-59: [31, 9, 1, 4, 1]
total: 46
expected value: 0.5869565

60-63: [20, 6, 5, 0, 0, 1]
total: 32
expected value: 0.65625

64-67: [11, 3]
total: 14
expected value: 0.21428572

68-71: [6, 1, 1, 1]
total: 9
expected value: 0.6666667

72-75: [1, 1]
total: 2
expected value: 0.5

80-83: [2, 0, 1]
total: 3
expected value: 0.6666667

88-91: [1]
total: 1
expected value: 0

