0-7: [1497, 315, 173, 90, 36, 22, 9, 0, 1, 0, 0, 0, 0, 0, 1]
total: 2144
expected value: 0.588153

8-15: [20671, 5138, 2576, 1272, 588, 238, 81, 37, 10, 7, 3, 2, 0, 1]
total: 30624
expected value: 0.6073994

16-23: [16364, 4008, 2081, 1040, 471, 203, 74, 23, 6, 6, 4, 1, 0, 0, 1]
total: 24282
expected value: 0.6161354

24-31: [7686, 1896, 969, 500, 220, 92, 39, 10, 7, 3, 3, 0, 1, 1]
total: 11427
expected value: 0.6227356

32-39: [2908, 723, 385, 180, 84, 39, 17, 2, 1, 0, 0, 1, 1]
total: 4341
expected value: 0.62451047

40-47: [920, 242, 122, 44, 33, 13, 6, 1, 0, 2]
total: 1383
expected value: 0.6334056

48-55: [274, 54, 38, 9, 9, 1, 4]
total: 389
expected value: 0.5706941

56-63: [51, 15, 6, 4, 1, 1]
total: 78
expected value: 0.61538464

64-71: [17, 4, 1, 1]
total: 23
expected value: 0.39130434

72-79: [1, 1]
total: 2
expected value: 0.5

80-87: [2, 0, 1]
total: 3
expected value: 0.6666667

88-95: [1]
total: 1
expected value: 0

